0.182497
0.345576
0.507999
0.684862
0.889676
1.135904
1.438172
1.813300
2.281242
2.865900
3.595731
4.503802
5.626644
7.000642
8.653804
10.589810
12.761255
15.033022
17.149183
18.737658
19.395516
18.852929
17.120330
14.494852
11.417211
8.297464
5.416546
2.916086
0.833891
-0.853701
-2.199496
-3.265406
-4.111663
-4.791817
-5.350969
-5.825653
-6.244468
-6.628970
-6.994580
-7.351375
-7.704744
-8.055914
-8.402393
-8.738408
-9.055424
-9.342824
-9.588807
-9.781530
-9.910411
-9.967470
-9.948501
-9.853864
-9.688723
-9.462674
-9.188837
-8.882585
-8.560140
-8.237295
-7.928385
-7.645628
-7.398812
-7.195268
-7.040065
-6.936312
-6.885490
-6.887766
-6.942236
-7.047075
-7.199578
-7.396115
-7.631982
-7.901204
-8.196294
-8.508060
-8.825491
-9.135840
-9.424957
-9.677955
-9.880219
-10.018678
-10.083207
-10.067904
-9.971996
-9.800148
-9.562095
-9.271638
-8.945216
-8.600327
-8.254050
-7.921895
-7.617037
-7.349978
-7.128529
-6.958035
-6.841733
-6.781141
-6.776419
-6.826655
-6.930038
-7.083928
-7.284798
-7.528081
-7.807941
-8.116990
-8.446025
-8.783853
-9.117280
-9.431399
-9.710213
-9.937674
-10.099060
-10.182542
-10.180688
-10.091597
-9.919383
-9.673886
-9.369630
-9.024260
-8.656756
-8.285751
-7.928198
-7.598494
-7.308075
-7.065405
-6.876235
-6.744019
-6.670364
-6.655461
-6.698411
-6.797448
-6.950027
-7.152780
-7.401361
-7.690186
-8.012105
-8.358078
-8.716904
-9.075115
-9.417163
-9.725974
-9.983978
-10.174557
-10.283789
-10.302213
-10.226255
-10.058973
-9.809927
-9.494151
-9.130462
-8.739450
-8.341543
-7.955432
-7.597033
-7.278986
-7.010624
-6.798264
-6.645681
-6.554636
-6.525378
-6.557037
-6.647904
-6.795550
-6.996816
-7.247648
-7.542834
-7.875629
-8.237364
-8.617072
-9.001263
-9.373965
-9.717165
-10.011757
-10.239026
-10.382540
-10.430205
-10.376053
-10.221367
-9.974821
-9.651560
-9.271425
-8.856705
-8.429885
-8.011767
-7.620185
-7.269356
-6.969795
-6.728617
-6.550074
-6.436175
-6.387270
-6.402535
-6.480314
-6.618304
-6.813577
-7.062441
-7.360168
-7.700599
-8.075679
-8.474987
-8.885364
-9.290769
-9.672535
-10.010165
-10.282753
-10.470978
-10.559428
-10.538835
-10.407700
-10.172883
-9.848942
-9.456370
-9.019127
-8.562017
-8.108399
-7.678556
-7.288804
-6.951288
-6.674270
-6.462729
-6.319064
-6.243800
-6.236172
-6.294570
-6.416795
-6.600148
-6.841333
-7.136197
-7.479338
-7.863582
-8.279424
-8.714492
-9.153198
-9.576727
-9.963577
-10.290792
-10.535932
-10.679606
-10.708173
-10.616013
-10.406788
-10.093296
-9.695907
-9.239961
-8.752742
-8.260666
-7.787148
-7.351328
-6.967643
-6.646042
-6.392612
-6.210396
-6.100217
-6.061409
-6.092383
-6.190997
-6.354730
-6.580658
-6.865249
-7.203980
-7.590810
-8.017538
-8.473132
-8.943146
-9.409393
-9.850107
-10.240826
-10.556126
-10.772199
-10.869938
-10.837951
-10.674751
-10.389480
-10.000904
-9.534902
-9.021094
-8.489396
-7.967180
-7.477401
-7.037764
-6.660738
-6.354159
-6.122142
-5.966054
-5.885423
-5.878666
-5.943614
-6.077816
-6.278621
-6.543058
-6.867521
-7.247261
-7.675729
-8.143805
-8.639000
-9.144800
-9.640364
-10.100855
-10.498679
-10.805771
-10.996820
-11.052934
-10.964959
-10.735523
-10.379156
-9.920370
-9.390208
-8.822162
-8.248403
-7.696986
-7.190296
-6.744631
-6.370647
-6.074303
-5.857998
-5.721690
-5.663851
-5.682194
-5.774164
-5.937174
-6.168622
-6.465684
-6.824899
-7.241552
-7.708884
-8.217171
-8.752778
-9.297383
-9.827630
-10.315573
-10.730228
-11.040392
-11.218561
-11.245266
-11.112787
-10.827156
-10.407729
-9.884382
-9.293125
-8.671307
-8.053493
-7.468692
-6.939062
-6.479880
-6.100366
-5.804933
-5.594546
-5.467968
-5.422779
-5.456113
-5.565135
-5.747238
-6.000021
-6.321017
-6.707213
-7.154342
-7.655966
-8.202397
-8.779561
-9.368011
-9.942407
-10.471891
-10.921789
-11.256858
-11.445901
-11.466946
-11.311676
-10.987734
-10.518044
-9.937269
-9.286469
-8.607432
-7.938016
-7.309181
-6.743822
-6.257019
-5.857190
-5.547654
-5.328220
-5.196602
-5.149532
-5.183560
-5.295547
-5.482876
-5.743415
-6.075248
-6.476158
-6.942882
-7.470106
-8.049239
-8.667054
-9.304380
-9.935190
-10.526594
-11.040290
-11.435905
-11.676161
-11.733106
-11.593824
-11.263841
-10.766939
-10.141307
-9.433241
-8.690299
-7.955579
-7.264114
-6.641465
-6.104064
-5.660642
-5.314114
-5.063480
-4.905483
-4.835915
-4.850540
-4.945683
-5.118505
-5.367028
-5.689907
-6.085973
-6.553520
-7.089309
-7.687285
-8.337026
-9.022064
-9.718371
-10.393513
-11.007166
-11.513728
-11.867385
-12.029220
-11.974854
-11.700325
-11.224043
-10.583927
-9.830641
-9.019174
-8.201173
-7.419669
-6.706633
-6.082929
-5.559828
-5.141243
-4.826061
-4.610221
-4.488364
-4.455029
-4.505443
-4.635957
-4.844199
-5.128982
-5.489986
-5.927202
-6.440100
-7.026478
-7.680942
-8.393040
-9.145176
-9.910652
-10.652486
-11.323922
-11.871620
-12.242046
-12.390501
-12.290679
-11.941635
-11.369361
-10.622146
-9.761355
-8.850850
-7.948109
-7.098773
-6.334771
-5.675137
-5.128384
-4.695402
-4.372234
-4.152397
-4.028628
-3.994105
-4.043205
-4.171905
-4.377915
-4.660580
-5.020588
-5.459460
-5.978784
-6.579112
-7.258425
-8.010125
-8.820550
-9.666278
-10.511785
-11.308492
-11.996591
-12.510894
-12.790920
-12.793440
-12.503621
-11.940347
-11.153171
-10.211978
-9.193333
-8.168138
-7.193542
-6.309738
-5.540616
-4.896641
-4.378540
-3.980851
-3.694870
-3.510859
-3.419567
-3.413180
-3.485852
-3.633923
-3.855927
-4.152443
-4.525788
-4.979546
-5.517862
-6.144391
-6.860759
-7.664409
-8.545725
-9.484538
-10.446516
-11.380548
-12.218931
-12.882510
-13.292040
-13.384519
-13.129782
-12.540632
-11.671517
-10.606030
-9.438584
-8.257250
-7.132467
-6.112687
-5.225419
-4.481242
-3.878753
-3.409171
-3.060038
-2.817895
-2.670060
-2.605687
-2.616327
-2.696156
-2.841994
-3.053206
-3.331541
-3.680909
-4.107078
-4.617236
-5.219295
-5.920787
-6.727117
-7.638916
-8.648280
-9.733880
-10.855521
-11.949698
-12.929021
-13.689127
-14.125472
-14.157956
-13.755177
-12.946976
-11.818178
-10.486337
-9.074054
-7.686724
-6.400949
-5.262885
-4.292797
-3.492038
-2.849945
-2.349468
-1.971240
-1.696229
-1.507298
-1.389982
-1.332762
-1.327046
-1.366990
-1.449275
-1.572891
-1.738961
-1.950634
-2.213026
-2.533217
-2.920265
-3.385190
-3.940843
-4.601507
-5.382005
-6.295964
-7.352715
-8.552248
-9.877722
-11.285741
-12.696319
-13.987439
-15.002076
-15.574908
-15.577165
-14.962852
-13.790666
-12.206867
-10.398991
-8.546092
-6.786174
-5.205752
-3.845137
-2.710481
-1.786326
-1.045730
-0.457342
0.010202
0.385879
0.695230
0.960162
1.199247
1.428273
1.660894
1.909299
2.184839
2.498588
2.861817
3.286351
3.784770
4.370351
5.056635
5.856366
6.779485
7.829758
8.999628
10.263187
11.568073
12.828820
13.926545
14.721093
15.078960
14.911452
14.206960
13.039239
11.545894
9.888940
8.216981
6.642229
5.234238
4.024967
3.018620
2.201734
1.551386
1.041009
0.644087
0.336223
0.096086
-0.094353
-0.250017
-0.383136
-0.503750
-0.620236
-0.739800
-0.868942
-1.013863
-1.180856
-1.376648
-1.608751
-1.885784
-2.217799
-2.616580
-3.095881
-3.671529
-4.361229
-5.183824
-6.157565
-7.296731
-8.605731
-10.069837
-11.642406
-13.230786
-14.687431
-15.817745
-16.415933
-16.326843
-15.507884
-14.052734
-12.159079
-10.061298
-7.967306
-6.024382
-4.314452
-2.866411
-1.673351
-0.707882
0.066705
0.689310
1.196983
1.623002
1.996264
2.341459
2.679622
3.028850
3.405009
3.822334
4.293840
4.831465
5.445827
6.145480
6.935486
7.815131
8.774688
9.791380
10.825199
11.816108
12.685006
13.341135
13.697149
13.689410
13.296675
12.548727
11.520263
10.312668
9.031747
7.769603
6.594740
5.550107
4.656352
3.917363
3.326021
2.869070
2.530769
2.295372
2.148657
2.078764
2.076565
2.135748
2.252743
2.426585
2.658754
2.953020
3.315277
3.753341
4.276626
4.895586
5.620722
6.460905
7.420650
8.495987
9.668747
10.899628
12.121658
13.237437
14.125165
14.657590
14.732711
14.306094
13.409039
12.141767
10.644843
9.063518
7.519929
6.099769
4.851685
3.793984
2.923696
2.224962
1.675552
1.251357
0.929164
0.688157
0.510565
0.381760
0.290050
0.226321
0.183626
0.156797
0.142083
0.136855
0.139365
0.148562
0.163959
0.185536
0.213685
0.249188
0.293220
0.347380
0.413743
0.494952
0.594322
0.715994
0.865115
1.048072
1.272770
1.548964
1.888649
2.306475
2.820152
3.450750
4.222657
5.162839
6.298647
7.653041
9.235510
11.026803
12.956917
14.880573
16.564359
17.710153
18.033819
17.379505
15.800422
13.542147
10.939833
8.303605
5.852515
3.704334
1.896938
0.417176
-0.775056
-1.730529
-2.501063
-3.134531
-3.672710
-4.150755
-4.597492
-5.036048
-5.484509
-5.956439
-6.461136
-7.003571
-7.583983
-8.197196
-8.831749
-9.469130
-10.083480
-10.642292
-11.108618
-11.445039
-11.619105
-11.609243
-11.409543
-11.031844
-10.504319
-9.866916
-9.165094
-8.443592
-7.741639
-7.090214
-6.511275
-6.018438
-5.618491
-5.313206
-5.101082
-4.978822
-4.942467
-4.988175
-5.112680
-5.313472
-5.588721
-5.936969
-6.356575
-6.844904
-7.397243
-8.005453
-8.656426
-9.330561
-10.000616
-10.631508
-11.181750
-11.607039
-11.866049
-11.927529
-11.776919
-11.420311
-10.884210
-10.211037
-9.451854
-8.658554
-7.877523
-7.145789
-6.489714
-5.925611
-5.461497
-5.099273
-4.836849
-4.669955
-4.593536
-4.602728
-4.693464
-4.862772
-5.108803
-5.430620
-5.827766
-6.299562
-6.844124
-7.457041
-8.129727
-8.847521
-9.587790
-10.318535
-10.998264
-11.578030
-12.006326
-12.236702
-12.236727
-11.995685
-11.528189
-10.872152
-10.081701
-9.217535
-8.337740
-7.491213
-6.714459
-6.031300
-5.454515
-4.988389
-4.631406
-4.378648
-4.223694
-4.160010
-4.181858
-4.284831
-4.466079
-4.724288
-5.059448
-5.472405
-5.964161
-6.534859
-7.182397
-7.900582
-8.676888
-9.489977
-10.307506
-11.085081
-11.767584
-12.294015
-12.606217
-12.660164
-12.436642
-11.947308
-11.233422
-10.357546
-9.391355
-8.403754
-7.452371
-6.579508
-5.811912
-5.162980
-4.636039
-4.227713
-3.930837
-3.736719
-3.636745
-3.623424
-3.690986
-3.835668
-4.055751
-4.351417
-4.724443
-5.177697
-5.714388
-6.336965
-7.045547
-7.835765
-8.695983
-9.604064
-10.524250
-11.405276
-12.181431
-12.778339
-13.124221
-13.164961
-12.878418
-12.282131
-11.430654
-10.403410
-9.288101
-8.165627
-7.100383
-6.136652
-5.299683
-4.599347
-4.034610
-3.597699
-3.277473
-3.061887
-2.939632
-2.901136
-2.939103
-3.048724
-3.227702
-3.476139
-3.796332
-4.192471
-4.670200
-5.235948
-5.895904
-6.654440
-7.511783
-8.460739
-9.482489
-10.541881
-11.583480
-12.530629
-13.290529
-13.767528
-13.883618
-13.600159
-12.931519
-11.943525
-10.737010
-9.424106
-8.106841
-6.864023
-5.747171
-4.782951
-3.978778
-3.329055
-2.820637
-2.436997
-2.161106
-1.977224
-1.871909
-1.834462
-1.857058
-1.934671
-2.064928
-2.247938
-2.486140
-2.784179
-3.148785
-3.588623
-4.114049
-4.736616
-5.468173
-6.319248
-7.296334
-8.397667
-9.607180
-10.886890
-12.169268
-13.353150
-14.308837
-14.897615
-15.005263
-14.578815
-13.648352
-12.320599
-10.747327
-9.085403
-7.465841
-5.979373
-4.676290
-3.574245
-2.668352
-1.940353
-1.365582
-0.917672
-0.571398
-0.304160
-0.096569
0.067540
0.201401
0.315766
0.419408
0.519612
0.622631
0.734105
0.859428
1.004093
1.174005
1.375793
1.617115
1.906973
2.256028
2.676891
3.184358
3.795465
4.529205
5.405571
6.443402
7.656248
9.045260
10.588197
12.224847
13.842212
15.268274
16.288052
16.692072
16.347682
15.257292
13.564086
11.499608
9.307718
7.186123
5.262638
3.599193
2.208604
1.072874
0.157873
-0.576664
-1.171104
-1.662734
-2.084429
-2.464429
-2.826722
-3.191703
-3.576891
-3.997568
-4.467241
-4.997824
-5.599448
-6.279783
-7.042716
-7.886282
-8.799782
-9.760324
-10.729420
-11.651029
-12.453047
-13.054335
-13.378026
-13.368835
-13.008681
-12.323843
-11.379933
-10.266703
-9.079137
-7.901537
-6.798290
-5.811400
-4.962742
-4.258615
-3.694744
-3.260687
-2.943249
-2.728880
-2.605211
-2.561952
-2.591323
-2.688205
-2.850120
-3.077102
-3.371529
-3.737880
-4.182427
-4.712752
-5.336993
-6.062623
-6.894543
-7.832194
-8.865507
-9.969754
-11.100024
-12.187184
-13.138467
-13.846392
-14.207824
-14.149871
-13.653086
-12.760578
-11.567618
-10.196730
-8.769881
-7.387977
-6.121532
-5.010781
-4.071177
-3.300647
-2.686382
-2.210188
-1.852261
-1.593582
-1.417286
-1.309296
-1.258513
-1.256733
-1.298448
-1.380605
-1.502389
-1.665051
-1.871807
-2.127794
-2.440080
-2.817698
-3.271666
-3.814892
-4.461859
-5.227838
-6.127315
-7.171104
-8.361563
-9.685306
-11.103451
-12.540976
-13.879725
-14.962937
-15.619489
-15.708319
-15.167861
-14.043814
-12.476829
-10.657007
-8.771265
-6.966838
-5.338085
-3.930692
-2.753811
-1.793180
-1.021890
-0.407954
0.080938
0.474810
0.800231
1.080058
1.333719
1.577761
1.826521
2.092802
2.388519
2.725254
3.114719
3.569068
4.101013
4.723625
5.449668
6.290194
7.252064
8.333996
9.520886
10.776625
12.036865
13.205029
14.156819
14.758190
14.896726
14.516838
13.641883
12.370091
10.845918
9.221995
7.628385
6.157225
4.861361
3.761208
2.854337
2.124438
1.548288
1.100546
0.756709
0.494704
0.295567
0.143532
0.025798
-0.067875
-0.145619
-0.213917
-0.278013
-0.342289
-0.410581
-0.486458
-0.573471
-0.675382
-0.796376
-0.941294
-1.115857
-1.326936
-1.582828
-1.893583
-2.271334
-2.730621
-3.288638
-3.965255
-4.782568
-5.763518
-6.928836
-8.291209
-9.845335
-11.552934
-13.324023
-15.001016
-16.360072
-17.147649
-17.156531
-16.311635
-14.710758
-12.588377
-10.227909
-7.878424
-5.711507
-3.817758
-2.224544
-0.918465
0.135848
0.982751
1.667710
2.233090
2.716306
3.149367
3.559169
3.968123
4.394841
4.854712
5.360243
5.921057
6.543473
7.229574
7.975736
8.770678
9.593270
10.410684
11.177810
11.839195
12.334556
12.608018
12.619475
12.354689
11.830264
11.091199
10.201834
9.233600
8.253623
7.316979
6.463317
5.717082
5.089936
4.584059
4.195439
3.916675
3.739119
3.654377
3.655278
3.736416
3.894388
4.127802
4.437109
4.824256
5.292144
5.843819
6.481287
7.203848
8.005824
8.873698
9.782880
10.694776
11.555385
12.297187
12.845959
13.132885
13.109707
12.761984
12.114843
11.228282
10.183875
9.068259
7.959069
6.916519
5.980845
5.173992
4.503490
3.966865
3.555648
3.258540
3.063695
2.960217
2.939065
2.993506
3.119302
3.314689
3.580253
3.918696
4.334505
4.833457
5.421868
6.105432
6.887475
7.766399
8.732179
9.762015
10.815752
11.832573
12.731452
13.418270
13.801132
13.811620
13.424911
12.669606
11.621924
10.386734
9.074010
7.779555
6.574489
5.503170
4.586665
3.828604
3.221219
2.750435
2.399650
2.152294
1.993386
1.910374
1.893495
1.935838
2.033256
2.184214
2.389622
2.652691
2.978799
3.375360
3.851617
4.418296
5.086934
5.868683
6.772239
7.800522
8.945688
10.182425
11.460246
12.697167
13.779279
14.571933
14.945729
14.812489
14.156514
13.044000
11.604290
9.993120
8.356025
6.805073
5.411529
4.209837
3.206719
2.390881
1.741110
1.232120
0.838330
0.536037
0.304463
0.126065
-0.013587
-0.126175
-0.221082
-0.305880
-0.386780
-0.469046
-0.557364
-0.656162
-0.769907
-0.903373
-1.061906
-1.251696
-1.480051
-1.755703
-2.089118
-2.492818
-2.981655
-3.572957
-4.286386
-5.143201
-6.164413
-7.367055
-8.757461
-10.320430
-12.003984
-13.702314
-15.245158
-16.408406
-16.959887
-16.735710
-15.711222
-14.018983
-11.898920
-9.614790
-7.385537
-5.355105
-3.594826
-2.121400
-0.917161
0.053585
0.833451
1.465300
1.988740
2.438645
2.844880
3.232676
3.623280
4.034659
4.482096
4.978559
5.534757
6.158767
6.855138
7.623373
8.455759
9.334686
10.229902
11.096646
11.876101
12.499807
12.898985
13.017833
12.827261
12.333908
11.580340
10.636026
9.582776
8.500025
7.454188
6.493579
5.648129
4.932119
4.348162
3.891228
3.552066
3.319810
3.183791
3.134693
3.165207
3.270343
3.447503
3.696394
4.018823
4.418364
4.899871
5.468728
6.129738
6.885449
7.733766
8.664709
9.656441
10.671125
11.651951
12.523524
13.198176
13.589584
13.631876
13.298190
12.610598
11.636232
10.471072
9.218610
7.971444
6.800401
5.751509
4.848457
4.097700
3.494058
3.025619
2.677486
2.434391
2.282338
2.209538
2.206846
2.267903
2.389084
2.569385
2.810254
3.115433
3.490761
3.943926
4.484070
5.121114
5.864623
6.721902
7.695034
8.776511
9.943430
11.150872
12.326404
13.369335
14.159439
14.578083
14.538654
14.015040
13.053667
11.761733
10.277572
8.737707
7.253187
5.899581
4.718031
3.722227
2.906991
2.255974
1.747533
1.358740
1.067834
0.855528
0.705557
0.604739
0.542776
0.511927
0.506647
0.523253
0.559638
0.615047
0.689924
0.785825
0.905394
1.052407
1.231866
1.450154
1.715240
2.036926
2.427119
2.900082
3.472589
4.163823
4.994752
5.986506
7.157027
8.514930
10.049433
11.715841
13.418484
14.998255
16.238554
16.904650
16.816268
15.922562
14.331209
12.268868
10.000084
7.753873
5.686976
3.881835
2.362962
1.117339
0.111549
-0.696286
-1.349189
-1.887374
-2.346489
-2.757182
-3.145391
-3.532969
-3.938390
-4.377375
-4.863315
-5.407391
-6.018292
-6.701429
-7.457534
-8.280603
-9.155267
-10.053966
-10.934762
-11.741159
-12.405592
-12.857820
-13.037739
-12.909576
-12.472399
-11.762291
-10.844913
-9.801465
-8.713443
-7.650858
-6.666026
-5.792473
-5.047262
-4.434895
-3.951429
-3.588077
-3.333994
-3.178243
-3.111075
-3.124665
-3.213489
-3.374425
-3.606705
-3.911729
-4.292770
-4.754529
-5.302470
-5.941809
-6.676000
-7.504533
-8.419886
-9.403673
-10.422386
-11.423890
-12.336659
-13.074383
-13.547861
-13.683367
-13.442370
-12.834524
-11.917395
-10.782619
-9.534739
-8.271208
-7.069347
-5.981509
-5.036521
-4.244451
-3.602308
-3.099226
-2.720544
-2.450704
-2.275112
-2.181223
-2.159087
-2.201534
-2.304162
-2.465225
-2.685481
-2.968025
-3.318120
-3.742982
-4.251458
-4.853484
-5.559155
-6.377143
-7.312152
-8.361063
-9.507566
-10.715583
-11.922863
-13.037816
-13.944178
-14.517733
-14.654725
-14.303409
-13.484024
-12.285693
-10.841316
-9.293375
-7.765438
-6.347060
-5.091464
-4.021144
-3.136427
-2.423793
-1.862535
-1.429442
-1.101787
-0.858993
-0.683405
-0.560487
-0.478682
-0.429098
-0.405140
-0.402146
-0.417062
-0.448175
-0.494916
-0.557723
-0.637967
-0.737937
-0.860876
-1.011076
-1.194017
-1.416566
-1.687215
-2.016370
-2.416654
-2.903191
-3.493783
-4.208808
-5.070528
-6.101298
-7.319819
-8.734271
-10.331039
-12.058550
-13.808740
-15.404803
-16.611309
-17.182509
-16.944525
-15.872196
-14.107937
-11.906734
-9.545750
-7.251816
-5.171232
-3.374086
-1.874246
-0.650943
0.334254
1.126124
1.769149
2.304087
2.766595
3.187028
3.590859
3.999339
4.430179
4.898081
5.415011
5.990116
6.629192
7.333621
8.098750
8.911788
9.749501
10.576371
11.344247
11.994814
12.465933
12.701777
12.664745
12.345386
11.766357
10.978485
10.050386
9.055542
8.061012
7.120279
6.270621
5.533964
4.919712
4.428242
4.054241
3.789457
3.624767
3.551585
3.562747
3.652995
3.819167
4.060177
4.376822
4.771431
5.247317
5.807953
6.455774
7.190465
8.006623
8.890775
9.817990
10.748758
11.627458
12.384257
12.942236
13.230126
13.198275
12.832532
12.160077
11.244154
10.169830
9.026629
7.893998
6.832855
5.883276
5.066512
4.389158
3.847773
3.433003
3.132800
2.934716
2.827385
2.801405
2.849772
2.968047
3.154328
3.409129
3.735162
4.137048
4.620879
5.193558
5.861774
6.630413
7.500174
8.464200
9.503707
10.583045
11.645475
12.612072
13.386905
13.870918
13.983454
13.685075
12.991724
11.972744
10.733245
9.389137
8.044943
6.780536
5.647367
4.671326
3.858740
3.202874
2.689540
2.301322
2.020458
1.830615
1.717852
1.671040
1.681951
1.745163
1.857887
2.019787
2.232822
2.501129
2.830938
3.230489
3.709892
4.280845
4.956035
5.748000
6.667093
7.718098
8.895043
10.173988
11.504472
12.801997
13.946505
14.793429
15.201546
15.072878
14.388207
13.218266
11.702971
10.010309
8.295842
6.677641
5.229119
3.984155
2.947415
2.104990
1.433035
0.903870
0.489840
0.165461
-0.091606
-0.300334
-0.476547
-0.633368
-0.781766
-0.931121
-1.089767
-1.265489
-1.465993
-1.699317
-1.974229
-2.300580
-2.689622
-3.154244
-3.709068
-4.370271
-5.154906
-6.079352
-7.156351
-8.389920
-9.767420
-11.248720
-12.754085
-14.155921
-15.283498
-15.950348
-16.004840
-15.385731
-14.151304
-12.461918
-10.526467
-8.544031
-6.666216
-4.985946
-3.544456
-2.345605
-1.370216
-0.587323
0.038198
0.541023
0.952955
1.301956
1.612046
1.903706
2.194519
2.499881
2.833696
3.208970
3.638274
4.133995
4.708312
5.372755
6.137170
7.007840
7.984494
9.055987
10.194823
11.351409
12.450230
13.391532
14.062426
14.358749
14.212962
13.616934
12.627818
11.353193
9.922896
8.460472
7.064015
5.798952
4.699975
3.777638
3.026068
2.429777
1.968842
1.622440
1.371013
1.197440
1.087531
1.030105
1.016834
1.041992
1.102176
1.196065
1.324229
1.489016
1.694504
1.946524
2.252733
2.622726
3.068125
3.602594
4.241638
5.001972
5.900122
6.949734
8.156882
9.512655
10.982720
12.495108
13.930602
15.124300
15.888560
16.060434
15.558859
14.420908
12.792737
10.880087
8.888098
6.978796
5.255549
3.767762
2.524666
1.510060
0.694233
0.042230
-0.481061
-0.908164
-1.267831
-1.584834
-1.880303
-2.172338
-2.476724
-2.807628
-3.178218
-3.601141
-4.088806
-4.653401
-5.306502
-6.058118
-6.914932
-7.877447
-8.935857
-10.064718
-11.217230
-12.321139
-13.279666
-13.981397
-14.320866
-14.225913
-13.681370
-12.737083
-11.495346
-10.083935
-8.627332
-7.226428
-5.950074
-4.836118
-3.897589
-3.130324
-2.519871
-2.046838
-1.690585
-1.431520
-1.252375
-1.138767
-1.079320
-1.065537
-1.091562
-1.153911
-1.251232
-1.384112
-1.554965
-1.767982
-2.029145
-2.346300
-2.729248
-3.189817
-3.741826
-4.400807
-5.183252
-6.105000
-7.178242
-8.406420
-9.776362
-11.247578
-12.740436
-14.128243
-15.242227
-15.898755
-15.949059
-15.333532
-14.110006
-12.436545
-10.519016
-8.553897
-6.691204
-5.023273
-3.591440
-2.400032
-1.430459
-0.652337
-0.031052
0.467642
0.875196
1.219278
1.523658
1.808599
2.091483
2.387520
2.710442
3.073113
3.488007
3.967511
4.523961
5.169311
5.914247
6.766515
7.728157
8.791421
9.933329
11.109593
12.249758
13.256988
14.016775
14.417045
14.376566
13.871228
12.945083
11.699489
10.265712
8.774195
7.332093
6.013355
4.859232
3.884546
3.085695
2.447977
1.951280
1.574011
1.295553
1.097614
0.964819
0.884838
0.848239
0.848218
0.880296
0.942034
1.032810
1.153652
1.307157
1.497471
1.730346
2.013251
2.355524
2.768529
3.265778
3.862895
4.577264
5.427053
6.429152
7.595331
8.925762
10.399195
11.960091
13.505642
14.880142
15.888260
16.336124
16.093425
15.147460
13.614443
11.698927
9.627298
7.591669
5.723025
4.090647
2.715433
1.586414
0.674862
-0.055627
-0.642797
-1.122202
-1.525576
-1.880398
-2.210131
-2.534811
-2.871767
-3.236322
-3.642400
-4.102955
-4.630139
-5.235131
-5.927468
-6.713715
-7.595260
-8.565082
-9.603528
-10.673641
-11.717404
-12.655357
-13.392650
-13.833550
-13.902859
-13.567553
-12.849059
-11.819609
-10.584051
-9.255543
-7.934684
-6.697464
-5.592239
-4.642838
-3.854477
-3.220043
-2.725467
-2.353747
-2.087692
-1.911597
-1.812160
-1.778879
-1.804126
-1.883063
-2.013480
-2.195619
-2.432031
-2.727449
-3.088689
-3.524516
-4.045418
-4.663160
-5.389920
-6.236741
-7.210897
-8.311737
-9.524669
-10.813452
-12.112232
-13.320801
-14.308795
-14.934453
-15.078218
-14.680857
-13.767465
-12.442827
-10.860080
-9.179634
-7.536626
-6.025305
-4.698384
-3.574837
-2.650261
-1.906324
-1.317966
-0.858275
-0.501429
-0.224240
-0.006753
0.167730
0.312952
0.440175
0.558692
0.676348
0.800022
0.936066
1.090710
1.270425
1.482276
1.734255
2.035610
2.397158
2.831566
3.353536
3.979793
4.728678
5.619012
6.667696
7.885283
9.268613
10.789857
12.382686
13.929503
15.258735
16.164701
16.457016
16.026849
14.895277
13.210866
11.196791
9.081060
7.045426
5.205978
3.618013
2.291787
1.209329
0.337901
-0.360812
-0.925137
-1.390465
-1.788017
-2.144657
-2.483270
-2.823418
-3.182066
-3.574253
-4.013617
-4.512697
-5.082923
-5.734169
-6.473733
-7.304547
-8.222472
-9.212652
-10.245262
-11.271654
-12.222827
-13.012898
-13.549902
-13.753817
-13.577335
-13.021222
-12.136709
-11.013266
-9.757331
-8.470913
-7.236774
-6.112236
-5.129917
-4.302347
-3.627833
-3.095934
-2.691822
-2.399416
-2.203407
-2.090465
-2.049833
-2.073557
-2.156485
-2.296151
-2.492628
-2.748362
-3.068028
-3.458350
-3.927879
-4.486592
-5.145213
-5.913993
-6.800686
-7.807322
-8.925468
-10.129910
-11.371525
-12.571572
-13.621556
-14.393823
-14.765702
-14.652786
-14.038091
-12.981538
-11.603568
-10.051545
-8.465350
-6.954645
-5.590873
-4.410180
-3.421597
-2.616170
-1.974754
-1.473780
-1.089047
-0.797972
-0.580712
-0.420569
-0.303939
-0.220024
-0.160440
-0.118801
-0.090324
-0.071489
-0.059753
-0.053318
-0.050948
-0.051838
-0.055510
-0.061741
-0.070519
-0.082012
-0.096558
-0.114662
-0.137012
-0.164505
-0.198282
-0.239779
-0.290796
-0.353580
-0.430934
-0.526352
-0.644189
-0.789874
-0.970162
-1.193458
-1.470194
-1.813267
-2.238534
-2.765299
-3.416693
-4.219708
-5.204438
-6.401678
-7.837482
-9.522586
-11.434341
-13.490454
-15.520186
-17.251513
-18.345421
-18.497392
-17.572174
-15.680825
-13.134368
-10.310748
-7.531125
-5.003321
-2.825441
-1.016536
0.450804
1.626003
2.565171
3.322656
3.947005
4.479492
4.953997
5.397514
5.830869
6.269386
6.723385
7.198444
7.695418
8.210272
8.733837
9.251680
9.744328
10.188139
10.557064
10.825348
10.970962
10.979171
10.845422
10.576721
10.191067
9.715031
9.180141
8.618984
8.061847
7.534419
7.056663
6.642724
6.301528
6.037783
5.853080
5.746928
5.717609
5.762809
5.880002
6.066606
6.319922
6.636848
7.013408
7.444077
7.920968
8.432916
8.964626
9.496077
10.002480
10.455135
10.823442
11.078092
11.195090
11.159795
10.969938
10.636646
10.183097
9.641128
9.046740
8.435638
7.839709
7.284872
6.790313
6.368785
6.027576
5.769777
5.595568
5.503341
5.490589
5.554527
5.692445
5.901816
6.180169
6.524742
6.931917
7.396442
7.910464
8.462461
9.036191
9.609930
10.156343
10.643418
11.036791
11.303521
11.416884
11.361159
11.135087
10.752854
10.242163
9.639949
8.986956
8.322605
7.681155
7.089585
6.567072
6.125633
5.771429
5.506304
5.329258
5.237700
5.228397
5.298120
5.444003
5.663637
5.954930
6.315720
6.743172
7.232919
7.777980
8.367507
8.985480
9.609630
10.210989
10.754585
11.201776
11.514410
11.660425
11.619733
11.388722
10.981854
10.429660
9.773725
9.060201
8.333639
7.632421
6.986328
6.416037
5.933989
5.546016
5.253182
5.053520
4.943469
4.918967
4.976180
5.111921
5.323794
5.610078
5.969388
6.400080
6.899405
7.462376
8.080369
8.739556
9.419368
10.091400
10.719362
11.260755
11.670796
11.908516
11.944038
11.765082
11.380521
10.819563
10.126703
9.354117
8.553836
7.771608
7.043363
6.394206
5.839259
5.385545
5.034217
4.782681
4.626376
4.560121
4.579049
4.679175
4.857656
5.112790
5.443783
5.850282
6.331650
6.885938
7.508526
8.190420
8.916311
9.662657
10.396337
11.074647
11.647596
12.063130
12.275086
12.252320
11.986278
11.494184
10.816414
10.008892
9.133189
8.247368
7.399646
6.625494
5.947619
5.377784
4.919453
4.570509
4.325639
4.178205
4.121588
4.150068
4.259318
4.446616
4.710796
5.052009
5.471253
5.969659
6.547457
7.202549
7.928630
8.712890
9.533484
10.357314
11.139004
11.822349
12.345396
12.649479
12.690800
12.451213
11.944101
11.212702
10.321315
9.342776
8.346454
7.389850
6.514746
5.747190
5.099866
4.575469
4.170120
3.876285
3.685025
3.587580
3.576390
3.645675
3.791706
4.012833
4.309339
4.683133
5.137252
5.675116
6.299433
7.010636
7.804712
8.670394
9.585869
10.515540
11.408003
12.196949
12.806862
13.164366
13.213606
12.931033
12.333548
11.476015
10.438956
9.311561
8.176196
7.098407
6.123212
5.276200
4.567282
3.995265
3.552112
3.226376
3.005701
2.878489
2.834906
2.867428
2.971051
3.143313
3.384192
3.695902
4.082622
4.550080
5.104942
5.753858
6.501983
7.350768
8.294788
9.317586
10.386836
11.449965
12.432373
13.241319
13.778102
13.958250
13.734388
13.112329
12.152133
10.953085
9.629659
8.288582
7.013965
5.861976
4.862697
4.025667
3.346325
2.811772
2.405217
2.109063
1.906860
1.784396
1.730204
1.735709
1.795163
1.905489
2.066104
2.278759
2.547412
2.878133
3.279004
3.759964
4.332494
5.009002
5.801639
6.720230
7.768862
8.940695
10.210836
11.527995
12.807372
13.929674
14.752618
15.138709
14.994235
14.303234
13.137404
11.635140
9.961342
8.268212
6.671136
5.241867
4.013553
2.990796
2.160019
1.497895
0.977326
0.571228
0.254651
0.005743
-0.194014
-0.360007
-0.504926
-0.639286
-0.771971
-0.910756
-1.062785
-1.235017
-1.434622
-1.669363
-1.947953
-2.280384
-2.678235
-3.154897
-3.725662
-4.407509
-5.218355
-6.175351
-7.291611
-8.570583
-9.997307
-11.526512
-13.069630
-14.486740
-15.593890
-16.195958
-16.143485
-15.390551
-14.018991
-12.211355
-10.189676
-8.155444
-6.255060
-4.573013
-3.142098
-1.959308
-1.000536
-0.231593
0.384584
0.883745
1.298242
1.656303
1.982102
2.296265
2.616557
2.958602
3.336544
3.763558
4.252165
4.814255
5.460705
6.200430
7.038667
7.974250
8.995768
10.076783
11.170946
12.208943
13.100273
13.743058
14.042930
13.937098
13.414481
12.521993
11.353179
10.024587
8.650468
7.324589
6.112214
5.050507
4.153703
3.419818
2.836921
2.388095
2.054955
1.819907
1.667441
1.584762
1.561990
1.592117
1.670845
1.796389
1.969298
2.192319
2.470302
2.810143
3.220730
3.712817
4.298749
4.991842
5.805179
6.749433
7.829245
9.037647
10.348347
11.706656
13.021814
14.166191
14.988460
15.344681
15.140936
14.368788
13.112922
11.525299
9.780562
8.035108
6.403784
4.955014
3.717632
2.692096
1.861377
1.199507
0.677467
0.266799
-0.058450
-0.320915
-0.539814
-0.731250
-0.908718
-1.083703
-1.266275
-1.465657
-1.690759
-1.950645
-2.254968
-2.614338
-3.040617
-3.547088
-4.148408
-4.860180
-5.697862
-6.674623
-7.797548
-9.061602
-10.440995
-11.878664
-13.276900
-14.495519
-15.366264
-15.728615
-15.479557
-14.614404
-13.233729
-11.510857
-9.639264
-7.786922
-6.072596
-4.563129
-3.282925
-2.227157
-1.373783
-0.692570
-0.151058
0.281938
0.634560
0.931287
1.192999
1.437424
1.679764
1.933376
2.210437
2.522542
2.881220
3.298330
3.786288
4.358059
5.026774
5.804763
6.701710
7.721542
8.857676
10.086522
11.359909
12.598658
13.691633
14.505919
14.911605
14.817102
14.201023
13.123470
11.709372
10.112810
8.480189
6.925937
5.524094
4.311583
3.297007
2.470330
1.811080
1.294332
0.894622
0.588223
0.354260
0.175082
0.036159
-0.074247
-0.165535
-0.245232
-0.319445
-0.393268
-0.471139
-0.557162
-0.655380
-0.770037
-0.905824
-1.068126
-1.263276
-1.498843
-1.783924
-2.129472
-2.548616
-3.056935
-3.672581
-4.416068
-5.309378
-6.373814
-7.625715
-9.068842
-10.682288
-12.403952
-14.113106
-15.622122
-16.693738
-17.096468
-16.687011
-15.476129
-13.631331
-11.412655
-9.085313
-6.856909
-4.855668
-3.138650
-1.712071
-0.551633
0.381968
1.132906
1.744358
2.255564
2.700711
3.108871
3.504486
3.908043
4.336755
4.805075
5.324957
5.905746
6.553613
7.270439
8.052092
8.886167
9.749447
10.605763
11.405341
12.087111
12.585205
12.839702
12.809551
12.483547
11.884889
11.067077
10.102689
9.069365
8.037629
7.063285
6.184758
5.424166
4.790460
4.283205
3.896141
3.620075
3.445025
3.361671
3.362256
3.441065
3.594619
3.821661
4.122994
4.501171
4.960020
5.503927
6.136779
6.860402
7.672365
8.563037
9.512012
10.484388
11.428075
12.273993
12.941391
13.349583
13.434797
13.167171
12.560942
11.672744
10.588465
9.404346
8.209511
7.074690
6.048059
5.156532
4.409982
3.806324
3.336183
2.986626
2.743829
2.594835
2.528599
2.536523
2.612671
2.753773
2.959129
3.230445
3.571624
3.988490
4.488385
5.079541
5.770055
6.566261
7.470214
8.476047
9.565114
10.700361
11.821320
12.842476
13.658776
14.161256
14.261674
13.918570
13.152903
12.044595
10.711270
9.279553
7.860739
6.537297
5.360071
4.352466
3.517556
2.845316
2.318599
1.917498
1.622215
1.414748
1.279753
1.204852
1.180615
1.200383
1.260019
1.357669
1.493562
1.669876
1.890668
2.161872
2.491334
2.888876
3.366310
3.937332
4.617123
5.421416
6.364633
7.456533
8.696718
10.066453
11.518081
12.964286
14.272850
15.275762
15.800219
15.718368
14.995487
13.708493
12.021682
10.134329
8.229041
6.441026
4.850834
3.492224
2.365658
1.451340
0.719298
0.136196
-0.330574
-0.710763
-1.030424
-1.311875
-1.574102
-1.833382
-2.103973
-2.398797
-2.730054
-3.109735
-3.549994
-4.063318
-4.662417
-5.359668
-6.165903
-7.088226
-8.126515
-9.268343
-10.482470
-11.712023
-12.870129
-13.842529
-14.501954
-14.735342
-14.476868
-13.732186
-12.580284
-11.151166
-9.591071
-8.031160
-6.569353
-5.265976
-4.148556
-3.220420
-2.469437
-1.875167
-1.413979
-1.062347
-0.798729
-0.604466
-0.464042
-0.364966
-0.297464
-0.254081
-0.229296
-0.219156
-0.220968
-0.233057
-0.254579
-0.285383
-0.325933
-0.377267
-0.440995
-0.519337
-0.615195
-0.732266
-0.875192
-1.049750
-1.263098
-1.524063
-1.843480
-2.234563
-2.713278
-3.298624
-4.012685
-4.880106
-5.926479
-7.174691
-8.637865
-10.307243
-12.133992
-14.007013
-15.736105
-17.059610
-17.697535
-17.447998
-16.280156
-14.357334
-11.970131
-9.428708
-6.980050
-4.777277
-2.888503
-1.321661
-0.049258
0.973111
1.794952
2.464218
3.024068
3.511677
3.958183
4.389182
4.825401
5.283306
5.775514
6.310895
6.894302
7.525892
8.200064
8.904154
9.617150
10.308958
10.940902
11.468226
11.845042
12.031420
12.001210
11.748325
11.289220
10.660496
9.912385
9.100281
8.276844
7.486400
6.762216
6.126273
5.590685
5.159925
4.833197
4.606563
4.474648
4.431893
4.473383
4.595315
4.795183
5.071711
5.424556
5.853785
6.359077
6.938607
7.587569
8.296329
9.048330
9.818060
10.569689
11.257287
11.827625
12.226220
12.406213
12.338155
12.017588
11.467448
10.734107
9.878451
8.965137
8.053272
7.190445
6.410433
5.733785
5.170100
4.720942
4.382690
4.148935
4.012322
3.965829
4.003581
4.121300
4.316457
4.588213
4.937147
5.364789
5.872897
6.462404
7.131967
7.876006
8.682276
9.529133
10.383025
11.197178
11.912842
12.464453
12.789204
12.839583
12.595260
12.069724
11.308610
10.380165
9.361599
8.326087
7.333795
6.427919
5.634857
4.966904
4.425945
4.007107
3.701851
3.500319
3.392959
3.371563
3.429857
3.563758
3.771417
4.053090
4.410867
4.848245
5.369480
5.978623
6.678107
7.466719
8.336868
9.271153
10.238638
11.191793
12.065796
12.782390
13.259959
13.429295
13.251035
12.728051
11.906911
10.867331
9.704178
8.509209
7.358085
6.304529
5.380448
4.599593
3.962531
3.461465
3.084199
2.817057
2.646847
2.562065
2.553547
2.614743
2.741779
2.933371
3.190679
3.517103
3.918026
4.400434
4.972334
5.641825
6.415596
7.296613
8.280719
9.352038
10.477474
11.601506
12.643708
13.502634
14.069320
14.250340
13.994126
13.309245
12.264853
10.972495
9.558180
8.136767
6.796320
5.593454
4.556423
3.691829
2.991900
2.440719
2.018873
1.706576
1.485564
1.340091
1.257337
1.227447
1.243381
1.300680
1.397232
1.533062
1.710198
1.932585
2.206073
2.538447
2.939466
3.420866
3.996224
4.680525
5.489177
6.436080
7.530195
8.769974
10.135168
11.576378
13.004753
14.287549
15.258257
15.748209
15.635691
14.892052
13.597759
11.916964
10.045823
8.162632
6.398674
4.831729
3.494020
2.385434
1.486219
0.766790
0.194350
-0.263132
-0.634848
-0.946339
-1.219464
-1.472797
-1.722240
-1.981707
-2.263800
-2.580426
-2.943320
-3.364444
-3.856215
-4.431482
-5.103114
-5.882999
-6.780154
-7.797575
-8.927495
-10.144983
-11.400652
-12.614758
-13.676979
-14.457220
-14.830418
-14.710785
-14.081736
-13.005379
-11.605319
-10.031946
-8.427223
-6.901744
-5.526944
-4.338398
-3.344328
-2.534944
-1.890358
-1.386375
-0.998291
-0.703111
-0.480647
-0.313892
-0.188938
-0.094664
-0.022323
0.034904
0.082315
0.124065
0.163475
0.203299
0.245950
0.293685
0.348767
0.413623
0.490980
0.584021
0.696543
0.833146
0.999440
1.202299
1.450154
1.753327
2.124406
2.578629
3.134200
3.812429
4.637400
5.634714
6.828484
8.235320
9.853686
11.647272
13.523323
15.312933
16.770046
17.611427
17.604453
16.667645
14.916904
12.619699
10.090997
7.599350
5.322692
3.349191
1.699906
0.354504
-0.728404
-1.597814
-2.302514
-2.887091
-3.390323
-3.844889
-4.277768
-4.710893
-5.161788
-5.644049
-6.167531
-6.738179
-7.357458
-8.021382
-8.719256
-9.432344
-10.132932
-10.784437
-11.343320
-11.763390
-12.002424
-12.029990
-11.834366
-11.426175
-10.837262
-10.115080
-9.314487
-8.489491
-7.686951
-6.943115
-6.282808
-5.720517
-5.262473
-4.909035
-4.656901
-4.500936
-4.435537
-4.455564
-4.556898
-4.736694
-4.993374
-5.326392
-5.735771
-6.221382
-6.781912
-7.413487
-8.107917
-8.850642
-9.618643
-10.378830
-11.087749
-11.693633
-12.141583
-12.381832
-12.379558
-12.123356
-11.629187
-10.938039
-10.108039
-9.203842
-8.286702
-7.407541
-6.603749
-5.899129
-5.305852
-4.827283
-4.460895
-4.200808
-4.039773
-3.970589
-3.987032
-4.084385
-4.259666
-4.511615
-4.840479
-5.247599
-5.734753
-6.303206
-6.952362
-7.677944
-8.469676
-9.308598
-10.164424
-10.993809
-11.740786
-12.340825
-12.729309
-12.853564
-12.685346
-12.229233
-11.523199
-10.630863
-9.628439
-8.591174
-7.583143
-6.652030
-5.828373
-5.127773
-4.554437
-4.104920
-3.771378
-3.544119
-3.413394
-3.370585
-3.408884
-3.523636
-3.712424
-3.974980
-4.312957
-4.729538
-5.228856
-5.815123
-6.491342
-7.257459
-8.107805
-9.027836
-9.990417
-10.952462
-11.853438
-12.617856
-13.163683
-13.416885
-13.328998
-12.891466
-12.140241
-11.148066
-10.007738
-8.813274
-7.645260
-6.563195
-5.604308
-4.786541
-4.113359
-3.578696
-3.171171
-2.877273
-2.683556
-2.578010
-2.550841
-2.594824
-2.705409
-2.880665
-3.121148
-3.429712
-3.811261
-4.272417
-4.820992
-5.465167
-6.212154
-7.066115
-8.025057
-9.076526
-10.192281
-11.322832
-12.393988
-13.308775
-13.958338
-14.242910
-14.098225
-13.516919
-12.553972
-11.312671
-9.917994
-8.489456
-7.122641
-5.881982
-4.802302
-3.894954
-3.155152
-2.568541
-2.116255
-1.778397
-1.536211
-1.373275
-1.276028
-1.233893
-1.239151
-1.286730
-1.373961
-1.500364
-1.667488
-1.878819
-2.139751
-2.457598
-2.841647
-3.303164
-3.855308
-4.512780
-5.290997
-6.204422
-7.263541
-8.469849
-9.808291
-11.237233
-12.677781
-14.007295
-15.065325
-15.679986
-15.714161
-15.114719
-13.937452
-12.330902
-10.488463
-8.595885
-6.796593
-5.180444
-3.789181
-2.629057
-1.683951
-0.925921
-0.322522
0.158660
0.547555
0.870555
1.150329
1.406144
1.654444
1.909523
2.184211
2.490504
2.840112
3.244899
3.717154
4.269644
4.915325
5.666509
6.533243
7.520522
8.623963
9.823804
11.077663
12.313913
13.429452
14.297177
14.787271
14.800107
14.299090
13.326698
11.993857
10.448081
8.836690
7.279938
5.859510
4.619552
3.574381
2.717940
2.032219
1.493615
1.077214
0.759372
0.519065
0.338405
0.202659
0.099976
0.020984
-0.041652
-0.093658
-0.139536
-0.182897
-0.226746
-0.273717
-0.326279
-0.386913
-0.458272
-0.543343
-0.645605
-0.769210
-0.919177
-1.101623
-1.324032
-1.595559
-1.927384
-2.333081
-2.828975
-3.434388
-4.171598
-5.065164
-6.140025
-7.417392
-8.907027
-10.594329
-12.421586
-14.266403
-15.928046
-17.141528
-17.637860
-17.241676
-15.954482
-13.962438
-11.560591
-9.048147
-6.654941
-4.518422
-2.695754
-1.188662
0.033059
1.014368
1.804172
2.449318
2.991727
3.467407
3.906505
4.333835
4.769557
5.229773
5.726913
6.269798
6.863319
7.507685
8.197272
8.919188
9.651845
10.364090
11.015625
11.559574
11.947695
12.137935
12.102815
11.836161
11.355697
10.700364
9.923219
9.082345
8.232490
7.419267
6.676459
6.025963
5.479423
5.040650
4.708134
4.477273
4.342132
4.296717
4.335812
4.455453
4.653107
4.927610
5.278888
5.707443
6.213579
6.796304
7.451845
8.171765
8.940749
9.734343
10.517251
11.243098
11.856819
12.300515
12.522609
12.488488
12.189311
11.645542
10.903547
10.026424
9.082430
8.134645
7.234200
6.417528
5.706845
5.112537
4.636288
4.274152
4.019143
3.863221
3.798669
3.818983
3.919354
4.096868
4.350476
4.680778
5.089614
5.579433
6.152363
6.808877
7.545967
8.354742
9.217567
10.105098
10.974069
11.767167
12.416662
12.852886
13.016997
12.874898
12.427270
11.711274
10.792835
9.752639
8.671148
7.617166
6.641898
5.778014
5.042016
4.438108
3.962254
3.605716
3.357782
3.207696
3.145903
3.164773
3.258962
3.425510
3.663781
3.975271
4.363297
4.832535
5.388310
6.035546
6.777186
7.611914
8.531040
9.514627
10.527329
11.515160
12.405280
13.111336
13.546031
13.639668
13.359170
12.719599
11.782304
10.640165
9.396557
8.146211
6.963214
5.896973
4.974057
4.203058
3.580185
3.094297
2.730804
2.474437
2.311004
2.228415
2.217182
2.270588
2.384666
2.558080
2.791978
3.089813
3.457165
3.901491
4.431747
5.057752
5.789101
6.633364
7.593247
8.662392
9.819732
11.022940
12.202719
13.261412
14.080542
14.540589
14.550664
14.077678
13.160515
11.900748
10.434437
8.899043
7.408567
6.042185
4.844337
3.831255
2.999472
2.333637
1.812581
1.413496
1.114527
0.896186
0.741969
0.638459
0.575151
0.544141
0.539771
0.558294
0.597585
0.656923
0.736830
0.838993
0.966237
1.122573
1.313299
1.545161
1.826561
2.167802
2.581351
3.082062
3.687255
4.416483
5.290655
6.329982
7.549936
8.954126
10.523067
12.198832
13.868766
15.357194
16.439946
16.893811
16.572605
15.471838
13.737759
11.612560
9.352688
7.165736
5.185083
3.474496
2.046291
0.880853
-0.057904
-0.812117
-1.423780
-1.931516
-2.369255
-2.766042
-3.146445
-3.531222
-3.938021
-4.381983
-4.876113
-5.431341
-6.056164
-6.755755
-7.530430
-8.373428
-9.268096
-10.184905
-11.079224
-11.891338
-12.550512
-12.984293
-13.132333
-12.961194
-12.474614
-11.714533
-10.752099
-9.672367
-8.558538
-7.480409
-6.488788
-5.615095
-4.874225
-4.268766
-3.793256
-3.437798
-3.190798
-3.040864
-2.978001
-2.994299
-3.084248
-3.244820
-3.475397
-3.777590
-4.154961
-4.612602
-5.156522
-5.792693
-6.525605
-7.356121
-8.278450
-9.276206
-10.317892
-11.352849
-12.309688
-13.100003
-13.629731
-13.817938
-13.618173
-13.033826
-12.119783
-10.969082
-9.690713
-8.387832
-7.143104
-6.012947
-5.028716
-4.201657
-3.528956
-2.999279
-2.597143
-2.305997
-2.110221
-1.996267
-1.953229
-1.973034
-2.050421
-2.182813
-2.370161
-2.614784
-2.921228
-3.296124
-3.747997
-4.286950
-4.924092
-5.670493
-6.535395
-7.523289
-8.629468
-9.833889
-11.093788
-12.336891
-13.459061
-14.331806
-14.823830
-14.834436
-14.326861
-13.344471
-11.999803
-10.442095
-8.819986
-7.254429
-5.827249
-4.582364
-3.533682
-2.674698
-1.986984
-1.446578
-1.028273
-0.708188
-0.465096
-0.280933
-0.140798
-0.032663
0.053041
0.123876
0.185843
0.243775
0.301691
0.363094
0.431233
0.509328
0.600785
0.709394
0.839532
0.996384
1.186179
1.416466
1.696410
2.037132
2.452054
2.957210
3.571422
4.316166
5.214751
6.290248
7.561201
9.033828
10.689343
12.466184
14.240607
15.816304
16.941288
17.367031
16.938644
15.667720
13.735003
11.419021
9.000532
6.695778
4.635222
2.874224
1.415657
0.231685
-0.720070
-1.486204
-2.111682
-2.637000
-3.097171
-3.521742
-3.935310
-4.358202
-4.807107
-5.295519
-5.833867
-6.429264
-7.084783
-7.798237
-8.560483
-9.353466
-10.148438
-10.905168
-11.573182
-12.096108
-12.419458
-12.500828
-12.319801
-11.884045
-11.228993
-10.411042
-9.496771
-8.551874
-7.632775
-6.782187
-6.028291
-5.386388
-4.861759
-4.452787
-4.153746
-3.957046
-3.854851
-3.840167
-3.907492
-4.053128
-4.275245
-4.573736
-4.949897
-5.405883
-5.943907
-6.565082
-7.267799
-8.045575
-8.884382
-9.759713
-10.634019
-11.455676
-12.161010
-12.680805
-12.951457
-12.928682
-12.599390
-11.986812
-11.146339
-10.153633
-9.089704
-8.027959
-7.026186
-6.123842
-5.343286
-4.693163
-4.172428
-3.774076
-3.488157
-3.303993
-3.211654
-3.202874
-3.271529
-3.413835
-3.628337
-3.915762
-4.278746
-4.721418
-5.248769
-5.865716
-6.575688
-7.378590
-8.267967
-9.227393
-10.226405
-11.216973
-12.132275
-12.890230
-13.403795
-13.597763
-13.427897
-12.894983
-12.047034
-10.968137
-9.758911
-8.516586
-7.320931
-6.228056
-5.270724
-4.462441
-3.802870
-3.283005
-2.889365
-2.607047
-2.421751
-2.320994
-2.294750
-2.335712
-2.439322
-2.603681
-2.829405
-3.119453
-3.478932
-3.914842
-4.435697
-5.050890
-5.769635
-6.599230
-7.542325
-8.592900
-9.730863
-10.915753
-12.081191
-13.133298
-13.957467
-14.436763
-14.480103
-14.050750
-13.181343
-11.966685
-10.537664
-9.029241
-7.555436
-6.197088
-5.000992
-3.985742
-3.149879
-2.479592
-1.954812
-1.553478
-1.254229
-1.037913
-0.888275
-0.792127
-0.739215
-0.721947
-0.735063
-0.775335
-0.841298
-0.933065
-1.052194
-1.201647
-1.385805
-1.610556
-1.883436
-2.213812
-2.613087
-3.094867
-3.675014
-4.371411
-5.203177
-6.188855
-7.342914
-8.669623
-10.153425
-11.745701
-13.350246
-14.814424
-15.938089
-16.511790
-16.381289
-15.510350
-14.002188
-12.063150
-9.932440
-7.818563
-5.866582
-4.155142
-2.709980
-1.521679
-0.561083
0.209659
0.830127
1.337742
1.765965
2.143774
2.495888
2.843349
3.204242
3.594392
4.027927
4.517634
5.075009
5.709893
6.429557
7.237076
8.128840
9.091189
10.096471
11.099401
12.035457
12.823723
13.376408
13.615182
13.490642
12.997639
12.179215
11.116800
9.911033
8.661245
7.450341
6.337657
5.358658
4.528799
3.848951
3.310705
2.900733
2.603996
2.405882
2.293507
2.256413
2.286852
2.379845
2.533088
2.746823
3.023659
3.368398
3.787800
4.290246
4.885187
5.582200
6.389437
7.311126
8.343836
9.471309
10.658166
11.843839
12.939602
13.833064
14.404049
14.551579
14.224027
13.438625
12.279320
10.873506
9.359460
7.858563
6.460036
5.217993
4.156399
3.277168
2.568225
2.010063
1.580427
1.257333
1.020796
0.853661
0.741849
0.674264
0.642527
0.640639
0.664656
0.712397
0.783224
0.877886
0.998433
1.148206
1.331885
1.555607
1.827133
2.156055
2.554031
3.034979
3.615164
4.313007
5.148334
6.140607
7.305413
8.648255
10.154650
11.776330
13.415814
14.916545
16.071420
16.662322
16.528006
15.630650
14.078477
12.086915
9.904154
7.744716
5.756150
4.016971
2.551408
1.348094
0.375996
-0.404322
-1.033696
-1.550507
-1.988939
-2.378509
-2.744332
-3.107725
-3.486932
-3.897787
-4.354233
-4.868584
-5.451435
-6.111125
-6.852586
-7.675475
-8.571504
-9.521097
-10.489912
-11.426398
-12.262249
-12.917920
-13.314407
-13.389866
-13.116182
-12.508652
-11.624010
-10.547354
-9.373598
-8.190437
-7.067398
-6.051832
-5.170210
-4.432272
-3.836012
-3.372264
-3.028359
-2.790757
-2.646776
-2.585628
-2.598950
-2.681016
-2.828747
-3.041609
-3.321450
-3.672273
-4.099942
-4.611738
-5.215669
-5.919359
-6.728291
-7.643153
-8.656035
-9.745509
-10.871129
-11.968947
-12.950945
-13.712038
-14.147063
-14.175671
-13.766761
-12.950984
-11.814236
-10.475056
-9.056700
-7.664824
-6.375966
-5.236031
-4.264952
-3.463758
-2.821505
-2.320919
-1.942462
-1.666973
-1.477217
-1.358653
-1.299693
-1.291676
-1.328683
-1.407312
-1.526449
-1.687100
-1.892270
-2.146916
-2.457938
-2.834209
-3.286578
-3.827772
-4.472065
-5.234498
-6.129301
-7.167050
-8.349928
-9.664568
-11.072467
-12.499566
-13.829398
-14.907504
-15.565078
-15.662396
-15.137367
-14.033250
-12.487291
-10.686552
-8.816125
-7.022750
-5.401231
-3.998146
-2.823624
-1.864276
-1.093888
-0.480998
0.006326
0.397827
0.719859
0.995103
1.242818
1.479380
1.718937
1.974081
2.256493
2.577504
2.948581
3.381669
3.889376
4.484879
5.181427
5.991183
6.923097
7.979386
9.150263
10.406913
11.693700
12.922338
13.972986
14.708044
15.000936
14.773194
14.023540
12.832439
11.338594
9.700205
8.059528
6.522324
5.153044
3.980336
3.006692
2.218114
1.591891
1.102095
0.723039
0.431217
0.206175
0.030720
-0.109284
-0.225306
-0.326632
-0.420857
-0.514350
-0.612672
-0.720955
-0.844238
-0.987780
-1.157357
-1.359552
-1.602056
-1.893977
-2.246153
-2.671451
-3.185003
-3.804260
-4.548703
-5.438838
-6.493952
-7.727783
-9.141057
-10.709972
-12.370965
-14.005459
-15.434093
-16.434931
-16.795630
-16.387918
-15.225393
-13.464591
-11.346993
-9.120285
-6.980751
-5.052048
-3.391421
-2.007692
-0.879942
0.027881
0.757189
1.348963
1.840769
2.265564
2.651566
3.022686
3.399204
3.798476
4.235544
4.723520
5.273683
5.895157
6.594057
7.371996
8.223834
9.134750
10.076972
11.007035
11.865081
12.578177
13.069207
13.271085
13.142955
12.682460
11.928529
10.953000
9.844642
8.691912
7.569899
6.533729
5.617758
4.838475
4.198988
3.693616
3.311791
3.041016
2.868916
2.784524
2.779018
2.846059
2.981892
3.185285
3.457382
3.801471
4.222666
4.727435
5.322876
6.015580
6.809881
7.705249
8.692660
9.749981
10.836971
11.891439
12.829222
13.551240
13.959543
13.980183
13.585275
12.804085
11.716983
10.434917
9.073913
7.734384
6.490104
5.386320
4.443732
3.664886
3.040623
2.555433
2.191379
1.930701
1.757376
1.657935
1.621776
1.641196
1.711258
1.829610
1.996303
2.213639
2.486064
2.820100
3.224263
3.708946
4.286124
4.968760
5.769636
6.699262
7.762396
8.952692
10.245284
11.588004
12.893779
14.039377
14.877299
15.264966
15.105818
14.384910
13.178736
11.632360
9.916773
8.188119
6.563289
5.113700
3.871144
2.838513
2.000557
1.332505
0.806078
0.393253
0.068321
-0.191202
-0.404412
-0.587265
-0.753058
-0.912992
-1.076755
-1.253076
-1.450243
-1.676569
-1.940823
-2.252620
-2.622757
-3.063489
-3.588667
-4.213643
-4.954759
-5.828095
-6.847020
-8.017900
-9.333304
-10.762389
-12.239500
-13.654764
-14.854248
-15.659189
-15.908283
-15.511537
-14.488452
-12.965856
-11.135657
-9.197843
-7.316635
-5.601547
-4.109037
-2.854526
-1.826498
-0.998455
-0.337473
0.190366
0.616926
0.970601
1.275940
1.553876
1.822275
2.096617
2.390699
2.717284
3.088659
3.517050
4.014853
4.594585
5.268437
6.047206
6.938353
7.942846
9.050530
10.234094
11.442536
12.596467
13.589285
14.298838
14.611445
14.453154
13.815439
12.761598
11.409580
9.900097
8.365078
6.907282
5.593422
4.457146
3.506739
2.733642
2.119748
1.642802
1.279993
1.010084
0.814507
0.677762
0.587406
0.533802
0.509785
0.510300
0.532081
0.573376
0.633743
0.713913
0.815720
0.942093
1.097114
1.286127
1.515905
1.794872
2.133353
2.543846
3.041261
3.643021
4.368859
5.239982
6.277082
7.496360
8.902469
10.477268
12.164310
13.852036
15.364608
16.475430
16.956330
16.654951
15.562080
13.822884
11.682151
9.400765
7.190564
5.187865
3.457955
2.013602
0.835018
-0.114349
-0.877199
-1.496068
-2.010059
-2.453498
-2.855740
-3.241578
-3.631907
-4.044428
-4.494225
-4.994122
-5.554711
-6.183950
-6.886222
-7.660776
-8.499491
-9.384148
-10.283656
-11.152215
-11.929915
-12.547405
-12.935566
-13.039103
-12.830355
-12.318042
-11.546932
-10.588260
-9.524807
-8.436158
-7.388241
-6.428537
-5.586058
-4.874241
-4.295021
-3.842875
-3.508228
-3.280025
-3.147515
-3.101365
-3.134302
-3.241399
-3.420141
-3.670330
-3.993875
-4.394472
-4.877104
-5.447311
-6.110070
-6.868131
-7.719613
-8.654742
-9.651830
-10.673053
-11.661375
-12.540852
-13.222906
-13.620067
-13.665355
-13.331199
-12.639625
-11.658399
-10.484571
-9.222795
-7.966623
-6.787502
-5.731737
-4.823034
-4.067696
-3.460311
-2.988703
-2.637722
-2.391864
-2.236930
-2.160946
-2.154612
-2.211416
