0.500000 0.000147
0.510000 0.000146
0.520000 0.000145
0.530000 0.000144
0.540000 0.000143
0.550000 0.000142
0.560000 0.000141
0.570000 0.000140
0.580000 0.000140
0.590000 0.000139
0.600000 0.000138
0.610000 0.000137
0.620000 0.000136
0.630000 0.000135
0.640000 0.000134
0.650000 0.000134
0.660000 0.000133
0.670000 0.000132
0.680000 0.000131
0.690000 0.000130
0.700000 0.000129
0.710000 0.000128
0.720000 0.000128
0.730000 0.000127
0.740000 0.000126
0.750000 0.000125
0.760000 0.000124
0.770000 0.000123
0.780000 0.000123
0.790000 0.000122
0.800000 0.000121
0.810000 0.000121
0.820000 0.000120
0.830000 0.000119
0.840000 0.000119
0.850000 0.000118
0.860000 0.000117
0.870000 0.000117
0.880000 0.000116
0.890000 0.000115
0.900000 0.000115
0.910000 0.000114
0.920000 0.000114
0.930000 0.000113
0.940000 0.000113
0.950000 0.000112
0.960000 0.000112
0.970000 0.000111
0.980000 0.000111
0.990000 0.000111
1.000000 0.000110
1.010000 0.000110
1.020000 0.000109
1.030000 0.000109
1.040000 0.000109
1.050000 0.000108
1.060000 0.000108
1.070000 0.000108
1.080000 0.000107
1.090000 0.000107
1.100000 0.000107
1.110000 0.000107
1.120000 0.000106
1.130000 0.000106
1.140000 0.000106
1.150000 0.000106
1.160000 0.000105
1.170000 0.000105
1.180000 0.000105
1.190000 0.000105
1.200000 0.000105
1.210000 0.000104
1.220000 0.000104
1.230000 0.000104
1.240000 0.000104
1.250000 0.000104
1.260000 0.000104
1.270000 0.000104
1.280000 0.000103
1.290000 0.000103
1.300000 0.000103
1.310000 0.000103
1.320000 0.000103
1.330000 0.000103
1.340000 0.000103
1.350000 0.000103
1.360000 0.000103
1.370000 0.000103
1.380000 0.000103
1.390000 0.000103
1.400000 0.000103
1.410000 0.000103
1.420000 0.000103
1.430000 0.000103
1.440000 0.000102
1.450000 0.000102
1.460000 0.000102
1.470000 0.000102
1.480000 0.000102
1.490000 0.000102
1.500000 0.000102
1.510000 0.000102
1.520000 0.000102
1.530000 0.000102
1.540000 0.000103
1.550000 0.000103
1.560000 0.000103
1.570000 0.000103
1.580000 0.000103
1.590000 0.000103
1.600000 0.000103
1.610000 0.000103
1.620000 0.000103
1.630000 0.000103
1.640000 0.000103
1.650000 0.000103
1.660000 0.000103
1.670000 0.000104
1.680000 0.000104
1.690000 0.000104
1.700000 0.000104
1.710000 0.000104
1.720000 0.000104
1.730000 0.000104
1.740000 0.000104
1.750000 0.000104
1.760000 0.000104
1.770000 0.000103
1.780000 0.000102
1.790000 0.000102
1.800000 0.000102
1.810000 0.000101
