-1.000000 0.992919
-0.996000 0.992919
-0.992000 0.992919
-0.988000 0.992919
-0.984000 0.992919
-0.980000 0.992919
-0.976000 0.992919
-0.972000 0.992919
-0.968000 0.992919
-0.964000 0.992919
-0.960000 0.992919
-0.956000 0.992919
-0.952000 0.992919
-0.948000 0.992919
-0.944000 0.992919
-0.940000 0.992919
-0.936000 0.992919
-0.932000 0.992919
-0.928000 0.992919
-0.924000 0.992919
-0.920000 0.992919
-0.916000 0.992919
-0.912000 0.992919
-0.908000 0.992919
-0.904000 0.992919
-0.900000 0.992919
-0.896000 0.992919
-0.892000 0.992919
-0.888000 0.992919
-0.884000 0.992919
-0.880000 0.992919
-0.876000 0.992919
-0.872000 0.992919
-0.868000 0.992919
-0.864000 0.992919
-0.860000 0.992919
-0.856000 0.992919
-0.852000 0.992919
-0.848000 0.992919
-0.844000 0.992919
-0.840000 0.992919
-0.836000 0.992919
-0.832000 0.992919
-0.828000 0.992919
-0.824000 0.992919
-0.820000 0.992919
-0.816000 0.992919
-0.812000 0.992919
-0.808000 0.992919
-0.804000 0.992919
-0.800000 0.992919
-0.796000 0.992919
-0.792000 0.992919
-0.788000 0.992919
-0.784000 0.992919
-0.780000 0.992919
-0.776000 0.992919
-0.772000 0.992919
-0.768000 0.992919
-0.764000 0.992919
-0.760000 0.992919
-0.756000 0.992919
-0.752000 0.992919
-0.748000 0.992919
-0.744000 0.992919
-0.740000 0.992919
-0.736000 0.992919
-0.732000 0.992919
-0.728000 0.992919
-0.724000 0.992919
-0.720000 0.992919
-0.716000 0.992919
-0.712000 0.992919
-0.708000 0.992919
-0.704000 0.992919
-0.700000 0.992919
-0.696000 0.992919
-0.692000 0.992919
-0.688000 0.992919
-0.684000 0.992919
-0.680000 0.992919
-0.676000 0.992919
-0.672000 0.992919
-0.668000 0.992919
-0.664000 0.992919
-0.660000 0.992919
-0.656000 0.992919
-0.652000 0.992919
-0.648000 0.992919
-0.644000 0.992919
-0.640000 0.992919
-0.636000 0.992919
-0.632000 0.992919
-0.628000 0.992919
-0.624000 0.992919
-0.620000 0.992919
-0.616000 0.992919
-0.612000 0.992919
-0.608000 0.992919
-0.604000 0.992919
-0.600000 0.992919
-0.596000 0.992919
-0.592000 0.992919
-0.588000 0.992919
-0.584000 0.992919
-0.580000 0.992919
-0.576000 0.992919
-0.572000 0.992919
-0.568000 0.992919
-0.564000 0.992919
-0.560000 0.992919
-0.556000 0.992919
-0.552000 0.992919
-0.548000 0.992919
-0.544000 0.992919
-0.540000 0.992919
-0.536000 0.992920
-0.532000 0.992920
-0.528000 0.992920
-0.524000 0.992920
-0.520000 0.992920
-0.516000 0.992920
-0.512000 0.992920
-0.508000 0.992920
-0.504000 0.992920
-0.500000 0.992920
-0.496000 0.992920
-0.492000 0.992921
-0.488000 0.992921
-0.484000 0.992921
-0.480000 0.992921
-0.476000 0.992921
-0.472000 0.992921
-0.468000 0.992922
-0.464000 0.992922
-0.460000 0.992922
-0.456000 0.992922
-0.452000 0.992923
-0.448000 0.992923
-0.444000 0.992923
-0.440000 0.992924
-0.436000 0.992924
-0.432000 0.992925
-0.428000 0.992925
-0.424000 0.992926
-0.420000 0.992926
-0.416000 0.992927
-0.412000 0.992927
-0.408000 0.992928
-0.404000 0.992929
-0.400000 0.992930
-0.396000 0.992930
-0.392000 0.992931
-0.388000 0.992932
-0.384000 0.992933
-0.380000 0.992934
-0.376000 0.992935
-0.372000 0.992937
-0.368000 0.992938
-0.364000 0.992939
-0.360000 0.992941
-0.356000 0.992943
-0.352000 0.992944
-0.348000 0.992946
-0.344000 0.992948
-0.340000 0.992950
-0.336000 0.992952
-0.332000 0.992955
-0.328000 0.992957
-0.324000 0.992960
-0.320000 0.992962
-0.316000 0.992965
-0.312000 0.992968
-0.308000 0.992972
-0.304000 0.992975
-0.300000 0.992979
-0.296000 0.992982
-0.292000 0.992986
-0.288000 0.992991
-0.284000 0.992995
-0.280000 0.993000
-0.276000 0.993005
-0.272000 0.993010
-0.268000 0.993016
-0.264000 0.993021
-0.260000 0.993027
-0.256000 0.993034
-0.252000 0.993040
-0.248000 0.993047
-0.244000 0.993054
-0.240000 0.993062
-0.236000 0.993070
-0.232000 0.993078
-0.228000 0.993087
-0.224000 0.993096
-0.220000 0.993106
-0.216000 0.993116
-0.212000 0.993126
-0.208000 0.993137
-0.204000 0.993148
-0.200000 0.993160
-0.196000 0.993172
-0.192000 0.993184
-0.188000 0.993197
-0.184000 0.993211
-0.180000 0.993225
-0.176000 0.993240
-0.172000 0.993255
-0.168000 0.993271
-0.164000 0.993287
-0.160000 0.993304
-0.156000 0.993321
-0.152000 0.993340
-0.148000 0.993358
-0.144000 0.993378
-0.140000 0.993397
-0.136000 0.993418
-0.132000 0.993439
-0.128000 0.993461
-0.124000 0.993484
-0.120000 0.993507
-0.116000 0.993531
-0.112000 0.993556
-0.108000 0.993581
-0.104000 0.993607
-0.100000 0.993634
-0.096000 0.993661
-0.092000 0.993689
-0.088000 0.993718
-0.084000 0.993748
-0.080000 0.993778
-0.076000 0.993809
-0.072000 0.993841
-0.068000 0.993874
-0.064000 0.993907
-0.060000 0.993941
-0.056000 0.993976
-0.052000 0.994012
-0.048000 0.994048
-0.044000 0.994085
-0.040000 0.994123
-0.036000 0.994162
-0.032000 0.994201
-0.028000 0.994241
-0.024000 0.994282
-0.020000 0.994323
-0.016000 0.994365
-0.012000 0.994408
-0.008000 0.994452
-0.004000 0.994496
0.000000 0.994541
0.004000 0.994586
0.008000 0.994632
0.012000 0.994679
0.016000 0.994727
0.020000 0.994775
0.024000 0.994823
0.028000 0.994873
0.032000 0.994922
0.036000 0.994973
0.040000 0.995024
0.044000 0.995075
0.048000 0.995127
0.052000 0.995179
0.056000 0.995232
0.060000 0.995285
0.064000 0.995339
0.068000 0.995393
0.072000 0.995447
0.076000 0.995502
0.080000 0.995557
0.084000 0.995613
0.088000 0.995669
0.092000 0.995725
0.096000 0.995781
0.100000 0.995837
0.104000 0.995894
0.108000 0.995951
0.112000 0.996008
0.116000 0.996065
0.120000 0.996122
0.124000 0.996180
0.128000 0.996237
0.132000 0.996294
0.136000 0.996352
0.140000 0.996409
0.144000 0.996467
0.148000 0.996524
0.152000 0.996581
0.156000 0.996638
0.160000 0.996695
0.164000 0.996752
0.168000 0.996809
0.172000 0.996865
0.176000 0.996922
0.180000 0.996978
0.184000 0.997033
0.188000 0.997089
0.192000 0.997144
0.196000 0.997199
0.200000 0.997253
0.204000 0.997308
0.208000 0.997361
0.212000 0.997415
0.216000 0.997468
0.220000 0.997520
0.224000 0.997572
0.228000 0.997624
0.232000 0.997675
0.236000 0.997726
0.240000 0.997776
0.244000 0.997825
0.248000 0.997874
0.252000 0.997923
0.256000 0.997971
0.260000 0.998018
0.264000 0.998065
0.268000 0.998111
0.272000 0.998157
0.276000 0.998202
0.280000 0.998246
0.284000 0.998290
0.288000 0.998333
0.292000 0.998375
0.296000 0.998417
0.300000 0.998458
0.304000 0.998498
0.308000 0.998538
0.312000 0.998577
0.316000 0.998616
0.320000 0.998654
0.324000 0.998691
0.328000 0.998727
0.332000 0.998763
0.336000 0.998798
0.340000 0.998832
0.344000 0.998866
0.348000 0.998899
0.352000 0.998932
0.356000 0.998963
0.360000 0.998994
0.364000 0.999025
0.368000 0.999055
0.372000 0.999084
0.376000 0.999112
0.380000 0.999140
0.384000 0.999167
0.388000 0.999194
0.392000 0.999219
0.396000 0.999245
0.400000 0.999269
0.404000 0.999293
0.408000 0.999317
0.412000 0.999340
0.416000 0.999362
0.420000 0.999384
0.424000 0.999405
0.428000 0.999425
0.432000 0.999445
0.436000 0.999465
0.440000 0.999483
0.444000 0.999502
0.448000 0.999520
0.452000 0.999537
0.456000 0.999554
0.460000 0.999570
0.464000 0.999586
0.468000 0.999601
0.472000 0.999616
0.476000 0.999631
0.480000 0.999645
0.484000 0.999658
0.488000 0.999671
0.492000 0.999684
0.496000 0.999696
0.500000 0.999708
0.504000 0.999720
0.508000 0.999731
0.512000 0.999742
0.516000 0.999752
0.520000 0.999762
0.524000 0.999772
0.528000 0.999781
0.532000 0.999790
0.536000 0.999799
0.540000 0.999807
0.544000 0.999815
0.548000 0.999823
0.552000 0.999831
0.556000 0.999838
0.560000 0.999845
0.564000 0.999852
0.568000 0.999858
0.572000 0.999864
0.576000 0.999870
0.580000 0.999876
0.584000 0.999882
0.588000 0.999887
0.592000 0.999892
0.596000 0.999897
0.600000 0.999902
0.604000 0.999906
0.608000 0.999910
0.612000 0.999915
0.616000 0.999919
0.620000 0.999922
0.624000 0.999926
0.628000 0.999930
0.632000 0.999933
0.636000 0.999936
0.640000 0.999939
0.644000 0.999942
0.648000 0.999945
0.652000 0.999948
0.656000 0.999950
0.660000 0.999953
0.664000 0.999955
0.668000 0.999957
0.672000 0.999959
0.676000 0.999961
0.680000 0.999963
0.684000 0.999965
0.688000 0.999967
0.692000 0.999969
0.696000 0.999970
0.700000 0.999972
0.704000 0.999973
0.708000 0.999975
0.712000 0.999976
0.716000 0.999977
0.720000 0.999978
0.724000 0.999980
0.728000 0.999981
0.732000 0.999982
0.736000 0.999983
0.740000 0.999984
0.744000 0.999985
0.748000 0.999985
0.752000 0.999986
0.756000 0.999987
0.760000 0.999988
0.764000 0.999988
0.768000 0.999989
0.772000 0.999990
0.776000 0.999990
0.780000 0.999991
0.784000 0.999991
0.788000 0.999992
0.792000 0.999992
0.796000 0.999993
0.800000 0.999993
0.804000 0.999993
0.808000 0.999994
0.812000 0.999994
0.816000 0.999995
0.820000 0.999995
0.824000 0.999995
0.828000 0.999995
0.832000 0.999996
0.836000 0.999996
0.840000 0.999996
0.844000 0.999996
0.848000 0.999997
0.852000 0.999997
0.856000 0.999997
0.860000 0.999997
0.864000 0.999997
0.868000 0.999998
0.872000 0.999998
0.876000 0.999998
0.880000 0.999998
0.884000 0.999998
0.888000 0.999998
0.892000 0.999998
0.896000 0.999998
0.900000 0.999999
0.904000 0.999999
0.908000 0.999999
0.912000 0.999999
0.916000 0.999999
0.920000 0.999999
0.924000 0.999999
0.928000 0.999999
0.932000 0.999999
0.936000 0.999999
0.940000 0.999999
0.944000 0.999999
0.948000 0.999999
0.952000 0.999999
0.956000 0.999999
0.960000 0.999999
0.964000 1.000000
0.968000 1.000000
0.972000 1.000000
0.976000 1.000000
0.980000 1.000000
0.984000 1.000000
0.988000 1.000000
0.992000 1.000000
0.996000 1.000000
1.000000 1.000000
