-1.000000 0.991037
-0.996000 0.991037
-0.992000 0.991037
-0.988000 0.991037
-0.984000 0.991037
-0.980000 0.991037
-0.976000 0.991037
-0.972000 0.991037
-0.968000 0.991037
-0.964000 0.991037
-0.960000 0.991037
-0.956000 0.991037
-0.952000 0.991037
-0.948000 0.991037
-0.944000 0.991037
-0.940000 0.991037
-0.936000 0.991037
-0.932000 0.991037
-0.928000 0.991037
-0.924000 0.991037
-0.920000 0.991037
-0.916000 0.991037
-0.912000 0.991037
-0.908000 0.991037
-0.904000 0.991037
-0.900000 0.991037
-0.896000 0.991037
-0.892000 0.991037
-0.888000 0.991037
-0.884000 0.991037
-0.880000 0.991037
-0.876000 0.991037
-0.872000 0.991037
-0.868000 0.991037
-0.864000 0.991037
-0.860000 0.991037
-0.856000 0.991037
-0.852000 0.991037
-0.848000 0.991037
-0.844000 0.991037
-0.840000 0.991037
-0.836000 0.991037
-0.832000 0.991037
-0.828000 0.991037
-0.824000 0.991037
-0.820000 0.991037
-0.816000 0.991037
-0.812000 0.991037
-0.808000 0.991037
-0.804000 0.991037
-0.800000 0.991037
-0.796000 0.991037
-0.792000 0.991037
-0.788000 0.991037
-0.784000 0.991037
-0.780000 0.991037
-0.776000 0.991037
-0.772000 0.991037
-0.768000 0.991037
-0.764000 0.991037
-0.760000 0.991037
-0.756000 0.991037
-0.752000 0.991037
-0.748000 0.991037
-0.744000 0.991037
-0.740000 0.991037
-0.736000 0.991037
-0.732000 0.991037
-0.728000 0.991037
-0.724000 0.991037
-0.720000 0.991037
-0.716000 0.991037
-0.712000 0.991037
-0.708000 0.991037
-0.704000 0.991037
-0.700000 0.991037
-0.696000 0.991037
-0.692000 0.991037
-0.688000 0.991037
-0.684000 0.991037
-0.680000 0.991037
-0.676000 0.991037
-0.672000 0.991037
-0.668000 0.991037
-0.664000 0.991037
-0.660000 0.991037
-0.656000 0.991037
-0.652000 0.991037
-0.648000 0.991037
-0.644000 0.991037
-0.640000 0.991037
-0.636000 0.991037
-0.632000 0.991037
-0.628000 0.991037
-0.624000 0.991037
-0.620000 0.991037
-0.616000 0.991037
-0.612000 0.991037
-0.608000 0.991037
-0.604000 0.991037
-0.600000 0.991037
-0.596000 0.991037
-0.592000 0.991037
-0.588000 0.991037
-0.584000 0.991037
-0.580000 0.991037
-0.576000 0.991037
-0.572000 0.991037
-0.568000 0.991037
-0.564000 0.991037
-0.560000 0.991037
-0.556000 0.991037
-0.552000 0.991037
-0.548000 0.991037
-0.544000 0.991037
-0.540000 0.991037
-0.536000 0.991037
-0.532000 0.991037
-0.528000 0.991037
-0.524000 0.991037
-0.520000 0.991037
-0.516000 0.991037
-0.512000 0.991037
-0.508000 0.991037
-0.504000 0.991037
-0.500000 0.991037
-0.496000 0.991037
-0.492000 0.991037
-0.488000 0.991037
-0.484000 0.991037
-0.480000 0.991037
-0.476000 0.991037
-0.472000 0.991037
-0.468000 0.991037
-0.464000 0.991037
-0.460000 0.991037
-0.456000 0.991037
-0.452000 0.991037
-0.448000 0.991037
-0.444000 0.991038
-0.440000 0.991038
-0.436000 0.991038
-0.432000 0.991038
-0.428000 0.991038
-0.424000 0.991038
-0.420000 0.991038
-0.416000 0.991038
-0.412000 0.991038
-0.408000 0.991038
-0.404000 0.991038
-0.400000 0.991038
-0.396000 0.991039
-0.392000 0.991039
-0.388000 0.991039
-0.384000 0.991039
-0.380000 0.991039
-0.376000 0.991039
-0.372000 0.991039
-0.368000 0.991040
-0.364000 0.991040
-0.360000 0.991040
-0.356000 0.991040
-0.352000 0.991041
-0.348000 0.991041
-0.344000 0.991041
-0.340000 0.991042
-0.336000 0.991042
-0.332000 0.991042
-0.328000 0.991043
-0.324000 0.991043
-0.320000 0.991044
-0.316000 0.991044
-0.312000 0.991045
-0.308000 0.991045
-0.304000 0.991046
-0.300000 0.991046
-0.296000 0.991047
-0.292000 0.991048
-0.288000 0.991049
-0.284000 0.991049
-0.280000 0.991050
-0.276000 0.991051
-0.272000 0.991052
-0.268000 0.991053
-0.264000 0.991054
-0.260000 0.991055
-0.256000 0.991057
-0.252000 0.991058
-0.248000 0.991059
-0.244000 0.991061
-0.240000 0.991062
-0.236000 0.991064
-0.232000 0.991066
-0.228000 0.991067
-0.224000 0.991069
-0.220000 0.991071
-0.216000 0.991073
-0.212000 0.991075
-0.208000 0.991078
-0.204000 0.991080
-0.200000 0.991083
-0.196000 0.991085
-0.192000 0.991088
-0.188000 0.991091
-0.184000 0.991094
-0.180000 0.991097
-0.176000 0.991101
-0.172000 0.991104
-0.168000 0.991108
-0.164000 0.991112
-0.160000 0.991116
-0.156000 0.991120
-0.152000 0.991124
-0.148000 0.991129
-0.144000 0.991133
-0.140000 0.991138
-0.136000 0.991143
-0.132000 0.991149
-0.128000 0.991154
-0.124000 0.991160
-0.120000 0.991166
-0.116000 0.991172
-0.112000 0.991179
-0.108000 0.991186
-0.104000 0.991193
-0.100000 0.991200
-0.096000 0.991207
-0.092000 0.991215
-0.088000 0.991223
-0.084000 0.991232
-0.080000 0.991240
-0.076000 0.991249
-0.072000 0.991258
-0.068000 0.991268
-0.064000 0.991278
-0.060000 0.991288
-0.056000 0.991298
-0.052000 0.991309
-0.048000 0.991320
-0.044000 0.991331
-0.040000 0.991343
-0.036000 0.991355
-0.032000 0.991368
-0.028000 0.991380
-0.024000 0.991393
-0.020000 0.991407
-0.016000 0.991421
-0.012000 0.991435
-0.008000 0.991450
-0.004000 0.991464
0.000000 0.991480
0.004000 0.991495
0.008000 0.991511
0.012000 0.991528
0.016000 0.991545
0.020000 0.991562
0.024000 0.991579
0.028000 0.991597
0.032000 0.991616
0.036000 0.991634
0.040000 0.991653
0.044000 0.991673
0.048000 0.991692
0.052000 0.991713
0.056000 0.991733
0.060000 0.991754
0.064000 0.991775
0.068000 0.991797
0.072000 0.991819
0.076000 0.991841
0.080000 0.991864
0.084000 0.991887
0.088000 0.991910
0.092000 0.991934
0.096000 0.991958
0.100000 0.991982
0.104000 0.992007
0.108000 0.992032
0.112000 0.992057
0.116000 0.992083
0.120000 0.992108
0.124000 0.992135
0.128000 0.992161
0.132000 0.992188
0.136000 0.992215
0.140000 0.992242
0.144000 0.992269
0.148000 0.992297
0.152000 0.992325
0.156000 0.992353
0.160000 0.992381
0.164000 0.992410
0.168000 0.992438
0.172000 0.992467
0.176000 0.992496
0.180000 0.992526
0.184000 0.992555
0.188000 0.992584
0.192000 0.992614
0.196000 0.992644
0.200000 0.992673
0.204000 0.992703
0.208000 0.992733
0.212000 0.992763
0.216000 0.992793
0.220000 0.992823
0.224000 0.992853
0.228000 0.992883
0.232000 0.992913
0.236000 0.992944
0.240000 0.992974
0.244000 0.993004
0.248000 0.993034
0.252000 0.993064
0.256000 0.993094
0.260000 0.993123
0.264000 0.993153
0.268000 0.993183
0.272000 0.993212
0.276000 0.993242
0.280000 0.993271
0.284000 0.993300
0.288000 0.993329
0.292000 0.993358
0.296000 0.993387
0.300000 0.993415
0.304000 0.993443
0.308000 0.993472
0.312000 0.993499
0.316000 0.993527
0.320000 0.993555
0.324000 0.993582
0.328000 0.993609
0.332000 0.993636
0.336000 0.993662
0.340000 0.993688
0.344000 0.993714
0.348000 0.993740
0.352000 0.993765
0.356000 0.993790
0.360000 0.993815
0.364000 0.993840
0.368000 0.993864
0.372000 0.993888
0.376000 0.993912
0.380000 0.993935
0.384000 0.993958
0.388000 0.993981
0.392000 0.994003
0.396000 0.994025
0.400000 0.994047
0.404000 0.994068
0.408000 0.994089
0.412000 0.994110
0.416000 0.994130
0.420000 0.994150
0.424000 0.994170
0.428000 0.994189
0.432000 0.994208
0.436000 0.994227
0.440000 0.994245
0.444000 0.994263
0.448000 0.994280
0.452000 0.994298
0.456000 0.994315
0.460000 0.994331
0.464000 0.994347
0.468000 0.994363
0.472000 0.994379
0.476000 0.994394
0.480000 0.994409
0.484000 0.994424
0.488000 0.994438
0.492000 0.994452
0.496000 0.994465
0.500000 0.994479
0.504000 0.994492
0.508000 0.994504
0.512000 0.994517
0.516000 0.994529
0.520000 0.994541
0.524000 0.994552
0.528000 0.994563
0.532000 0.994574
0.536000 0.994585
0.540000 0.994595
0.544000 0.994605
0.548000 0.994615
0.552000 0.994625
0.556000 0.994634
0.560000 0.994643
0.564000 0.994652
0.568000 0.994660
0.572000 0.994668
0.576000 0.994677
0.580000 0.994684
0.584000 0.994692
0.588000 0.994699
0.592000 0.994706
0.596000 0.994713
0.600000 0.994720
0.604000 0.994726
0.608000 0.994733
0.612000 0.994739
0.616000 0.994745
0.620000 0.994750
0.624000 0.994756
0.628000 0.994761
0.632000 0.994766
0.636000 0.994771
0.640000 0.994776
0.644000 0.994781
0.648000 0.994785
0.652000 0.994789
0.656000 0.994794
0.660000 0.994798
0.664000 0.994802
0.668000 0.994805
0.672000 0.994809
0.676000 0.994812
0.680000 0.994816
0.684000 0.994819
0.688000 0.994822
0.692000 0.994825
0.696000 0.994828
0.700000 0.994831
0.704000 0.994833
0.708000 0.994836
0.712000 0.994838
0.716000 0.994841
0.720000 0.994843
0.724000 0.994845
0.728000 0.994847
0.732000 0.994849
0.736000 0.994851
0.740000 0.994853
0.744000 0.994855
0.748000 0.994857
0.752000 0.994858
0.756000 0.994860
0.760000 0.994861
0.764000 0.994863
0.768000 0.994864
0.772000 0.994866
0.776000 0.994867
0.780000 0.994868
0.784000 0.994869
0.788000 0.994870
0.792000 0.994871
0.796000 0.994872
0.800000 0.994873
0.804000 0.994874
0.808000 0.994875
0.812000 0.994876
0.816000 0.994877
0.820000 0.994878
0.824000 0.994878
0.828000 0.994879
0.832000 0.994880
0.836000 0.994880
0.840000 0.994881
0.844000 0.994881
0.848000 0.994882
0.852000 0.994882
0.856000 0.994883
0.860000 0.994883
0.864000 0.994884
0.868000 0.994884
0.872000 0.994885
0.876000 0.994885
0.880000 0.994886
0.884000 0.994886
0.888000 0.994886
0.892000 0.994886
0.896000 0.994887
0.900000 0.994887
0.904000 0.994887
0.908000 0.994888
0.912000 0.994888
0.916000 0.994888
0.920000 0.994888
0.924000 0.994889
0.928000 0.994889
0.932000 0.994889
0.936000 0.994889
0.940000 0.994889
0.944000 0.994889
0.948000 0.994890
0.952000 0.994890
0.956000 0.994890
0.960000 0.994890
0.964000 0.994890
0.968000 0.994890
0.972000 0.994890
0.976000 0.994890
0.980000 0.994891
0.984000 0.994891
0.988000 0.994891
0.992000 0.994891
0.996000 0.994891
1.000000 0.994891
