-1.000000 0.991037
-0.996000 0.991037
-0.992000 0.991037
-0.988000 0.991037
-0.984000 0.991037
-0.980000 0.991037
-0.976000 0.991037
-0.972000 0.991037
-0.968000 0.991037
-0.964000 0.991037
-0.960000 0.991037
-0.956000 0.991037
-0.952000 0.991037
-0.948000 0.991037
-0.944000 0.991037
-0.940000 0.991037
-0.936000 0.991037
-0.932000 0.991037
-0.928000 0.991037
-0.924000 0.991037
-0.920000 0.991037
-0.916000 0.991037
-0.912000 0.991037
-0.908000 0.991037
-0.904000 0.991037
-0.900000 0.991037
-0.896000 0.991037
-0.892000 0.991037
-0.888000 0.991037
-0.884000 0.991037
-0.880000 0.991037
-0.876000 0.991037
-0.872000 0.991037
-0.868000 0.991037
-0.864000 0.991037
-0.860000 0.991037
-0.856000 0.991037
-0.852000 0.991037
-0.848000 0.991037
-0.844000 0.991037
-0.840000 0.991037
-0.836000 0.991038
-0.832000 0.991038
-0.828000 0.991038
-0.824000 0.991038
-0.820000 0.991038
-0.816000 0.991038
-0.812000 0.991038
-0.808000 0.991038
-0.804000 0.991039
-0.800000 0.991039
-0.796000 0.991039
-0.792000 0.991039
-0.788000 0.991040
-0.784000 0.991040
-0.780000 0.991040
-0.776000 0.991041
-0.772000 0.991041
-0.768000 0.991042
-0.764000 0.991042
-0.760000 0.991043
-0.756000 0.991044
-0.752000 0.991045
-0.748000 0.991045
-0.744000 0.991046
-0.740000 0.991047
-0.736000 0.991049
-0.732000 0.991050
-0.728000 0.991051
-0.724000 0.991053
-0.720000 0.991054
-0.716000 0.991056
-0.712000 0.991058
-0.708000 0.991060
-0.704000 0.991062
-0.700000 0.991065
-0.696000 0.991067
-0.692000 0.991070
-0.688000 0.991073
-0.684000 0.991077
-0.680000 0.991080
-0.676000 0.991084
-0.672000 0.991088
-0.668000 0.991093
-0.664000 0.991097
-0.660000 0.991103
-0.656000 0.991108
-0.652000 0.991114
-0.648000 0.991120
-0.644000 0.991126
-0.640000 0.991133
-0.636000 0.991141
-0.632000 0.991149
-0.628000 0.991157
-0.624000 0.991166
-0.620000 0.991175
-0.616000 0.991185
-0.612000 0.991195
-0.608000 0.991206
-0.604000 0.991218
-0.600000 0.991230
-0.596000 0.991243
-0.592000 0.991256
-0.588000 0.991270
-0.584000 0.991285
-0.580000 0.991300
-0.576000 0.991316
-0.572000 0.991333
-0.568000 0.991350
-0.564000 0.991369
-0.560000 0.991387
-0.556000 0.991407
-0.552000 0.991428
-0.548000 0.991449
-0.544000 0.991471
-0.540000 0.991493
-0.536000 0.991517
-0.532000 0.991541
-0.528000 0.991566
-0.524000 0.991592
-0.520000 0.991619
-0.516000 0.991646
-0.512000 0.991674
-0.508000 0.991703
-0.504000 0.991733
-0.500000 0.991763
-0.496000 0.991795
-0.492000 0.991827
-0.488000 0.991859
-0.484000 0.991893
-0.480000 0.991927
-0.476000 0.991961
-0.472000 0.991997
-0.468000 0.992033
-0.464000 0.992069
-0.460000 0.992107
-0.456000 0.992144
-0.452000 0.992183
-0.448000 0.992222
-0.444000 0.992261
-0.440000 0.992301
-0.436000 0.992341
-0.432000 0.992382
-0.428000 0.992423
-0.424000 0.992464
-0.420000 0.992506
-0.416000 0.992548
-0.412000 0.992590
-0.408000 0.992632
-0.404000 0.992675
-0.400000 0.992718
-0.396000 0.992761
-0.392000 0.992804
-0.388000 0.992847
-0.384000 0.992890
-0.380000 0.992933
-0.376000 0.992976
-0.372000 0.993018
-0.368000 0.993061
-0.364000 0.993104
-0.360000 0.993146
-0.356000 0.993188
-0.352000 0.993230
-0.348000 0.993272
-0.344000 0.993313
-0.340000 0.993354
-0.336000 0.993395
-0.332000 0.993435
-0.328000 0.993475
-0.324000 0.993514
-0.320000 0.993553
-0.316000 0.993591
-0.312000 0.993629
-0.308000 0.993667
-0.304000 0.993704
-0.300000 0.993740
-0.296000 0.993776
-0.292000 0.993811
-0.288000 0.993845
-0.284000 0.993879
-0.280000 0.993912
-0.276000 0.993945
-0.272000 0.993977
-0.268000 0.994008
-0.264000 0.994039
-0.260000 0.994069
-0.256000 0.994098
-0.252000 0.994127
-0.248000 0.994155
-0.244000 0.994182
-0.240000 0.994209
-0.236000 0.994235
-0.232000 0.994260
-0.228000 0.994285
-0.224000 0.994309
-0.220000 0.994332
-0.216000 0.994354
-0.212000 0.994376
-0.208000 0.994397
-0.204000 0.994418
-0.200000 0.994438
-0.196000 0.994457
-0.192000 0.994476
-0.188000 0.994494
-0.184000 0.994511
-0.180000 0.994528
-0.176000 0.994544
-0.172000 0.994560
-0.168000 0.994575
-0.164000 0.994590
-0.160000 0.994604
-0.156000 0.994617
-0.152000 0.994630
-0.148000 0.994643
-0.144000 0.994655
-0.140000 0.994667
-0.136000 0.994678
-0.132000 0.994688
-0.128000 0.994698
-0.124000 0.994708
-0.120000 0.994718
-0.116000 0.994726
-0.112000 0.994735
-0.108000 0.994743
-0.104000 0.994751
-0.100000 0.994759
-0.096000 0.994766
-0.092000 0.994772
-0.088000 0.994779
-0.084000 0.994785
-0.080000 0.994791
-0.076000 0.994797
-0.072000 0.994802
-0.068000 0.994807
-0.064000 0.994812
-0.060000 0.994816
-0.056000 0.994821
-0.052000 0.994825
-0.048000 0.994829
-0.044000 0.994833
-0.040000 0.994836
-0.036000 0.994839
-0.032000 0.994843
-0.028000 0.994846
-0.024000 0.994848
-0.020000 0.994851
-0.016000 0.994854
-0.012000 0.994856
-0.008000 0.994858
-0.004000 0.994860
0.000000 0.994862
0.004000 0.994864
0.008000 0.994866
0.012000 0.994868
0.016000 0.994869
0.020000 0.994871
0.024000 0.994872
0.028000 0.994873
0.032000 0.994875
0.036000 0.994876
0.040000 0.994877
0.044000 0.994878
0.048000 0.994879
0.052000 0.994880
0.056000 0.994881
0.060000 0.994881
0.064000 0.994882
0.068000 0.994883
0.072000 0.994883
0.076000 0.994884
0.080000 0.994885
0.084000 0.994885
0.088000 0.994886
0.092000 0.994886
0.096000 0.994886
0.100000 0.994887
0.104000 0.994887
0.108000 0.994888
0.112000 0.994888
0.116000 0.994888
0.120000 0.994888
0.124000 0.994889
0.128000 0.994889
0.132000 0.994889
0.136000 0.994889
0.140000 0.994890
0.144000 0.994890
0.148000 0.994890
0.152000 0.994890
0.156000 0.994890
0.160000 0.994890
0.164000 0.994891
0.168000 0.994891
0.172000 0.994891
0.176000 0.994891
0.180000 0.994891
0.184000 0.994891
0.188000 0.994891
0.192000 0.994891
0.196000 0.994891
0.200000 0.994891
0.204000 0.994891
0.208000 0.994891
0.212000 0.994891
0.216000 0.994892
0.220000 0.994892
0.224000 0.994892
0.228000 0.994892
0.232000 0.994892
0.236000 0.994892
0.240000 0.994892
0.244000 0.994892
0.248000 0.994892
0.252000 0.994892
0.256000 0.994892
0.260000 0.994892
0.264000 0.994892
0.268000 0.994892
0.272000 0.994892
0.276000 0.994892
0.280000 0.994892
0.284000 0.994892
0.288000 0.994892
0.292000 0.994892
0.296000 0.994892
0.300000 0.994892
0.304000 0.994892
0.308000 0.994892
0.312000 0.994892
0.316000 0.994892
0.320000 0.994892
0.324000 0.994892
0.328000 0.994892
0.332000 0.994892
0.336000 0.994892
0.340000 0.994892
0.344000 0.994892
0.348000 0.994892
0.352000 0.994892
0.356000 0.994892
0.360000 0.994892
0.364000 0.994892
0.368000 0.994892
0.372000 0.994892
0.376000 0.994892
0.380000 0.994892
0.384000 0.994892
0.388000 0.994892
0.392000 0.994892
0.396000 0.994892
0.400000 0.994892
0.404000 0.994892
0.408000 0.994892
0.412000 0.994892
0.416000 0.994892
0.420000 0.994892
0.424000 0.994892
0.428000 0.994892
0.432000 0.994892
0.436000 0.994892
0.440000 0.994892
0.444000 0.994892
0.448000 0.994892
0.452000 0.994892
0.456000 0.994892
0.460000 0.994892
0.464000 0.994892
0.468000 0.994892
0.472000 0.994892
0.476000 0.994892
0.480000 0.994892
0.484000 0.994892
0.488000 0.994892
0.492000 0.994892
0.496000 0.994892
0.500000 0.994892
0.504000 0.994892
0.508000 0.994892
0.512000 0.994892
0.516000 0.994892
0.520000 0.994892
0.524000 0.994892
0.528000 0.994892
0.532000 0.994892
0.536000 0.994892
0.540000 0.994892
0.544000 0.994892
0.548000 0.994892
0.552000 0.994892
0.556000 0.994892
0.560000 0.994892
0.564000 0.994892
0.568000 0.994892
0.572000 0.994892
0.576000 0.994892
0.580000 0.994892
0.584000 0.994892
0.588000 0.994892
0.592000 0.994892
0.596000 0.994892
0.600000 0.994892
0.604000 0.994892
0.608000 0.994892
0.612000 0.994892
0.616000 0.994892
0.620000 0.994892
0.624000 0.994892
0.628000 0.994892
0.632000 0.994892
0.636000 0.994892
0.640000 0.994892
0.644000 0.994892
0.648000 0.994892
0.652000 0.994892
0.656000 0.994892
0.660000 0.994892
0.664000 0.994892
0.668000 0.994892
0.672000 0.994892
0.676000 0.994892
0.680000 0.994892
0.684000 0.994892
0.688000 0.994892
0.692000 0.994892
0.696000 0.994892
0.700000 0.994892
0.704000 0.994892
0.708000 0.994892
0.712000 0.994892
0.716000 0.994892
0.720000 0.994892
0.724000 0.994892
0.728000 0.994892
0.732000 0.994892
0.736000 0.994892
0.740000 0.994892
0.744000 0.994892
0.748000 0.994892
0.752000 0.994892
0.756000 0.994892
0.760000 0.994892
0.764000 0.994892
0.768000 0.994892
0.772000 0.994892
0.776000 0.994892
0.780000 0.994892
0.784000 0.994892
0.788000 0.994892
0.792000 0.994892
0.796000 0.994892
0.800000 0.994892
0.804000 0.994892
0.808000 0.994892
0.812000 0.994892
0.816000 0.994892
0.820000 0.994892
0.824000 0.994892
0.828000 0.994892
0.832000 0.994892
0.836000 0.994892
0.840000 0.994892
0.844000 0.994892
0.848000 0.994892
0.852000 0.994892
0.856000 0.994892
0.860000 0.994892
0.864000 0.994892
0.868000 0.994892
0.872000 0.994892
0.876000 0.994892
0.880000 0.994892
0.884000 0.994892
0.888000 0.994892
0.892000 0.994892
0.896000 0.994892
0.900000 0.994892
0.904000 0.994892
0.908000 0.994892
0.912000 0.994892
0.916000 0.994892
0.920000 0.994892
0.924000 0.994892
0.928000 0.994892
0.932000 0.994892
0.936000 0.994892
0.940000 0.994892
0.944000 0.994892
0.948000 0.994892
0.952000 0.994892
0.956000 0.994892
0.960000 0.994892
0.964000 0.994892
0.968000 0.994892
0.972000 0.994892
0.976000 0.994892
0.980000 0.994892
0.984000 0.994892
0.988000 0.994892
0.992000 0.994892
0.996000 0.994892
1.000000 0.994892
