-1.000000 0.991037
-0.996000 0.991037
-0.992000 0.991037
-0.988000 0.991037
-0.984000 0.991037
-0.980000 0.991037
-0.976000 0.991037
-0.972000 0.991037
-0.968000 0.991037
-0.964000 0.991037
-0.960000 0.991037
-0.956000 0.991037
-0.952000 0.991037
-0.948000 0.991037
-0.944000 0.991037
-0.940000 0.991037
-0.936000 0.991037
-0.932000 0.991037
-0.928000 0.991037
-0.924000 0.991037
-0.920000 0.991037
-0.916000 0.991037
-0.912000 0.991037
-0.908000 0.991037
-0.904000 0.991037
-0.900000 0.991037
-0.896000 0.991037
-0.892000 0.991037
-0.888000 0.991037
-0.884000 0.991037
-0.880000 0.991037
-0.876000 0.991037
-0.872000 0.991037
-0.868000 0.991037
-0.864000 0.991037
-0.860000 0.991037
-0.856000 0.991037
-0.852000 0.991037
-0.848000 0.991037
-0.844000 0.991037
-0.840000 0.991037
-0.836000 0.991037
-0.832000 0.991037
-0.828000 0.991037
-0.824000 0.991037
-0.820000 0.991037
-0.816000 0.991037
-0.812000 0.991037
-0.808000 0.991037
-0.804000 0.991037
-0.800000 0.991037
-0.796000 0.991037
-0.792000 0.991037
-0.788000 0.991037
-0.784000 0.991037
-0.780000 0.991037
-0.776000 0.991037
-0.772000 0.991037
-0.768000 0.991037
-0.764000 0.991037
-0.760000 0.991037
-0.756000 0.991037
-0.752000 0.991037
-0.748000 0.991037
-0.744000 0.991037
-0.740000 0.991037
-0.736000 0.991037
-0.732000 0.991037
-0.728000 0.991037
-0.724000 0.991037
-0.720000 0.991037
-0.716000 0.991037
-0.712000 0.991037
-0.708000 0.991037
-0.704000 0.991037
-0.700000 0.991037
-0.696000 0.991037
-0.692000 0.991037
-0.688000 0.991037
-0.684000 0.991037
-0.680000 0.991037
-0.676000 0.991037
-0.672000 0.991037
-0.668000 0.991037
-0.664000 0.991037
-0.660000 0.991037
-0.656000 0.991037
-0.652000 0.991037
-0.648000 0.991037
-0.644000 0.991037
-0.640000 0.991037
-0.636000 0.991037
-0.632000 0.991037
-0.628000 0.991037
-0.624000 0.991037
-0.620000 0.991037
-0.616000 0.991037
-0.612000 0.991037
-0.608000 0.991037
-0.604000 0.991037
-0.600000 0.991037
-0.596000 0.991037
-0.592000 0.991037
-0.588000 0.991037
-0.584000 0.991037
-0.580000 0.991037
-0.576000 0.991037
-0.572000 0.991037
-0.568000 0.991037
-0.564000 0.991037
-0.560000 0.991037
-0.556000 0.991037
-0.552000 0.991037
-0.548000 0.991037
-0.544000 0.991037
-0.540000 0.991037
-0.536000 0.991037
-0.532000 0.991037
-0.528000 0.991037
-0.524000 0.991037
-0.520000 0.991037
-0.516000 0.991037
-0.512000 0.991037
-0.508000 0.991037
-0.504000 0.991037
-0.500000 0.991037
-0.496000 0.991037
-0.492000 0.991037
-0.488000 0.991037
-0.484000 0.991037
-0.480000 0.991037
-0.476000 0.991037
-0.472000 0.991037
-0.468000 0.991037
-0.464000 0.991037
-0.460000 0.991037
-0.456000 0.991037
-0.452000 0.991037
-0.448000 0.991037
-0.444000 0.991037
-0.440000 0.991037
-0.436000 0.991037
-0.432000 0.991037
-0.428000 0.991037
-0.424000 0.991037
-0.420000 0.991037
-0.416000 0.991037
-0.412000 0.991037
-0.408000 0.991037
-0.404000 0.991037
-0.400000 0.991037
-0.396000 0.991038
-0.392000 0.991038
-0.388000 0.991038
-0.384000 0.991038
-0.380000 0.991038
-0.376000 0.991038
-0.372000 0.991038
-0.368000 0.991038
-0.364000 0.991038
-0.360000 0.991038
-0.356000 0.991038
-0.352000 0.991038
-0.348000 0.991038
-0.344000 0.991039
-0.340000 0.991039
-0.336000 0.991039
-0.332000 0.991039
-0.328000 0.991039
-0.324000 0.991039
-0.320000 0.991040
-0.316000 0.991040
-0.312000 0.991040
-0.308000 0.991040
-0.304000 0.991040
-0.300000 0.991041
-0.296000 0.991041
-0.292000 0.991041
-0.288000 0.991042
-0.284000 0.991042
-0.280000 0.991042
-0.276000 0.991043
-0.272000 0.991043
-0.268000 0.991044
-0.264000 0.991044
-0.260000 0.991045
-0.256000 0.991045
-0.252000 0.991046
-0.248000 0.991046
-0.244000 0.991047
-0.240000 0.991048
-0.236000 0.991048
-0.232000 0.991049
-0.228000 0.991050
-0.224000 0.991051
-0.220000 0.991052
-0.216000 0.991053
-0.212000 0.991054
-0.208000 0.991055
-0.204000 0.991056
-0.200000 0.991057
-0.196000 0.991058
-0.192000 0.991060
-0.188000 0.991061
-0.184000 0.991063
-0.180000 0.991064
-0.176000 0.991066
-0.172000 0.991068
-0.168000 0.991069
-0.164000 0.991071
-0.160000 0.991073
-0.156000 0.991075
-0.152000 0.991078
-0.148000 0.991080
-0.144000 0.991082
-0.140000 0.991085
-0.136000 0.991088
-0.132000 0.991090
-0.128000 0.991093
-0.124000 0.991096
-0.120000 0.991100
-0.116000 0.991103
-0.112000 0.991106
-0.108000 0.991110
-0.104000 0.991114
-0.100000 0.991118
-0.096000 0.991122
-0.092000 0.991126
-0.088000 0.991131
-0.084000 0.991136
-0.080000 0.991140
-0.076000 0.991145
-0.072000 0.991151
-0.068000 0.991156
-0.064000 0.991162
-0.060000 0.991168
-0.056000 0.991174
-0.052000 0.991180
-0.048000 0.991187
-0.044000 0.991194
-0.040000 0.991201
-0.036000 0.991208
-0.032000 0.991216
-0.028000 0.991223
-0.024000 0.991231
-0.020000 0.991240
-0.016000 0.991248
-0.012000 0.991257
-0.008000 0.991267
-0.004000 0.991276
0.000000 0.991286
0.004000 0.991296
0.008000 0.991306
0.012000 0.991317
0.016000 0.991328
0.020000 0.991339
0.024000 0.991351
0.028000 0.991363
0.032000 0.991375
0.036000 0.991388
0.040000 0.991400
0.044000 0.991414
0.048000 0.991427
0.052000 0.991441
0.056000 0.991456
0.060000 0.991470
0.064000 0.991485
0.068000 0.991501
0.072000 0.991516
0.076000 0.991532
0.080000 0.991549
0.084000 0.991565
0.088000 0.991582
0.092000 0.991600
0.096000 0.991618
0.100000 0.991636
0.104000 0.991654
0.108000 0.991673
0.112000 0.991692
0.116000 0.991712
0.120000 0.991732
0.124000 0.991752
0.128000 0.991773
0.132000 0.991794
0.136000 0.991815
0.140000 0.991837
0.144000 0.991859
0.148000 0.991881
0.152000 0.991903
0.156000 0.991926
0.160000 0.991950
0.164000 0.991973
0.168000 0.991997
0.172000 0.992021
0.176000 0.992046
0.180000 0.992070
0.184000 0.992095
0.188000 0.992120
0.192000 0.992146
0.196000 0.992172
0.200000 0.992198
0.204000 0.992224
0.208000 0.992251
0.212000 0.992277
0.216000 0.992304
0.220000 0.992331
0.224000 0.992359
0.228000 0.992386
0.232000 0.992414
0.236000 0.992442
0.240000 0.992470
0.244000 0.992498
0.248000 0.992527
0.252000 0.992555
0.256000 0.992584
0.260000 0.992613
0.264000 0.992641
0.268000 0.992670
0.272000 0.992699
0.276000 0.992728
0.280000 0.992758
0.284000 0.992787
0.288000 0.992816
0.292000 0.992845
0.296000 0.992875
0.300000 0.992904
0.304000 0.992933
0.308000 0.992962
0.312000 0.992992
0.316000 0.993021
0.320000 0.993050
0.324000 0.993079
0.328000 0.993108
0.332000 0.993137
0.336000 0.993166
0.340000 0.993195
0.344000 0.993223
0.348000 0.993252
0.352000 0.993280
0.356000 0.993309
0.360000 0.993337
0.364000 0.993365
0.368000 0.993393
0.372000 0.993420
0.376000 0.993448
0.380000 0.993475
0.384000 0.993502
0.388000 0.993529
0.392000 0.993556
0.396000 0.993582
0.400000 0.993609
0.404000 0.993635
0.408000 0.993660
0.412000 0.993686
0.416000 0.993711
0.420000 0.993736
0.424000 0.993761
0.428000 0.993786
0.432000 0.993810
0.436000 0.993834
0.440000 0.993857
0.444000 0.993881
0.448000 0.993904
0.452000 0.993927
0.456000 0.993949
0.460000 0.993971
0.464000 0.993993
0.468000 0.994015
0.472000 0.994036
0.476000 0.994057
0.480000 0.994078
0.484000 0.994098
0.488000 0.994118
0.492000 0.994138
0.496000 0.994157
0.500000 0.994176
0.504000 0.994195
0.508000 0.994213
0.512000 0.994231
0.516000 0.994249
0.520000 0.994266
0.524000 0.994283
0.528000 0.994300
0.532000 0.994317
0.536000 0.994333
0.540000 0.994348
0.544000 0.994364
0.548000 0.994379
0.552000 0.994394
0.556000 0.994408
0.560000 0.994423
0.564000 0.994437
0.568000 0.994450
0.572000 0.994464
0.576000 0.994477
0.580000 0.994489
0.584000 0.994502
0.588000 0.994514
0.592000 0.994526
0.596000 0.994537
0.600000 0.994549
0.604000 0.994560
0.608000 0.994570
0.612000 0.994581
0.616000 0.994591
0.620000 0.994601
0.624000 0.994610
0.628000 0.994620
0.632000 0.994629
0.636000 0.994638
0.640000 0.994647
0.644000 0.994655
0.648000 0.994663
0.652000 0.994671
0.656000 0.994679
0.660000 0.994687
0.664000 0.994694
0.668000 0.994701
0.672000 0.994708
0.676000 0.994714
0.680000 0.994721
0.684000 0.994727
0.688000 0.994733
0.692000 0.994739
0.696000 0.994745
0.700000 0.994750
0.704000 0.994756
0.708000 0.994761
0.712000 0.994766
0.716000 0.994771
0.720000 0.994776
0.724000 0.994780
0.728000 0.994785
0.732000 0.994789
0.736000 0.994793
0.740000 0.994797
0.744000 0.994801
0.748000 0.994804
0.752000 0.994808
0.756000 0.994811
0.760000 0.994815
0.764000 0.994818
0.768000 0.994821
0.772000 0.994824
0.776000 0.994827
0.780000 0.994830
0.784000 0.994832
0.788000 0.994835
0.792000 0.994837
0.796000 0.994840
0.800000 0.994842
0.804000 0.994844
0.808000 0.994846
0.812000 0.994848
0.816000 0.994850
0.820000 0.994852
0.824000 0.994854
0.828000 0.994855
0.832000 0.994857
0.836000 0.994859
0.840000 0.994860
0.844000 0.994862
0.848000 0.994863
0.852000 0.994864
0.856000 0.994866
0.860000 0.994867
0.864000 0.994868
0.868000 0.994869
0.872000 0.994870
0.876000 0.994871
0.880000 0.994872
0.884000 0.994873
0.888000 0.994874
0.892000 0.994875
0.896000 0.994876
0.900000 0.994877
0.904000 0.994877
0.908000 0.994878
0.912000 0.994879
0.916000 0.994879
0.920000 0.994880
0.924000 0.994881
0.928000 0.994881
0.932000 0.994882
0.936000 0.994882
0.940000 0.994883
0.944000 0.994883
0.948000 0.994884
0.952000 0.994884
0.956000 0.994885
0.960000 0.994885
0.964000 0.994885
0.968000 0.994886
0.972000 0.994886
0.976000 0.994886
0.980000 0.994887
0.984000 0.994887
0.988000 0.994887
0.992000 0.994888
0.996000 0.994888
1.000000 0.994889
