-1.000000 0.997928
-0.996000 0.997928
-0.992000 0.997928
-0.988000 0.997928
-0.984000 0.997928
-0.980000 0.997928
-0.976000 0.997928
-0.972000 0.997928
-0.968000 0.997928
-0.964000 0.997928
-0.960000 0.997928
-0.956000 0.997928
-0.952000 0.997928
-0.948000 0.997928
-0.944000 0.997928
-0.940000 0.997928
-0.936000 0.997928
-0.932000 0.997928
-0.928000 0.997928
-0.924000 0.997928
-0.920000 0.997928
-0.916000 0.997928
-0.912000 0.997928
-0.908000 0.997928
-0.904000 0.997928
-0.900000 0.997928
-0.896000 0.997928
-0.892000 0.997928
-0.888000 0.997928
-0.884000 0.997928
-0.880000 0.997928
-0.876000 0.997928
-0.872000 0.997928
-0.868000 0.997928
-0.864000 0.997928
-0.860000 0.997928
-0.856000 0.997928
-0.852000 0.997928
-0.848000 0.997928
-0.844000 0.997928
-0.840000 0.997928
-0.836000 0.997928
-0.832000 0.997928
-0.828000 0.997928
-0.824000 0.997928
-0.820000 0.997928
-0.816000 0.997928
-0.812000 0.997928
-0.808000 0.997928
-0.804000 0.997928
-0.800000 0.997928
-0.796000 0.997928
-0.792000 0.997928
-0.788000 0.997928
-0.784000 0.997928
-0.780000 0.997928
-0.776000 0.997928
-0.772000 0.997928
-0.768000 0.997928
-0.764000 0.997928
-0.760000 0.997928
-0.756000 0.997928
-0.752000 0.997928
-0.748000 0.997928
-0.744000 0.997928
-0.740000 0.997928
-0.736000 0.997928
-0.732000 0.997928
-0.728000 0.997928
-0.724000 0.997928
-0.720000 0.997928
-0.716000 0.997928
-0.712000 0.997928
-0.708000 0.997928
-0.704000 0.997928
-0.700000 0.997928
-0.696000 0.997928
-0.692000 0.997928
-0.688000 0.997928
-0.684000 0.997928
-0.680000 0.997928
-0.676000 0.997928
-0.672000 0.997928
-0.668000 0.997928
-0.664000 0.997928
-0.660000 0.997928
-0.656000 0.997928
-0.652000 0.997928
-0.648000 0.997928
-0.644000 0.997928
-0.640000 0.997928
-0.636000 0.997927
-0.632000 0.997927
-0.628000 0.997927
-0.624000 0.997927
-0.620000 0.997927
-0.616000 0.997927
-0.612000 0.997927
-0.608000 0.997927
-0.604000 0.997927
-0.600000 0.997927
-0.596000 0.997926
-0.592000 0.997926
-0.588000 0.997926
-0.584000 0.997926
-0.580000 0.997926
-0.576000 0.997925
-0.572000 0.997925
-0.568000 0.997925
-0.564000 0.997925
-0.560000 0.997924
-0.556000 0.997924
-0.552000 0.997924
-0.548000 0.997923
-0.544000 0.997923
-0.540000 0.997922
-0.536000 0.997922
-0.532000 0.997921
-0.528000 0.997921
-0.524000 0.997920
-0.520000 0.997919
-0.516000 0.997918
-0.512000 0.997917
-0.508000 0.997917
-0.504000 0.997916
-0.500000 0.997915
-0.496000 0.997913
-0.492000 0.997912
-0.488000 0.997911
-0.484000 0.997909
-0.480000 0.997908
-0.476000 0.997906
-0.472000 0.997905
-0.468000 0.997903
-0.464000 0.997901
-0.460000 0.997899
-0.456000 0.997896
-0.452000 0.997894
-0.448000 0.997891
-0.444000 0.997889
-0.440000 0.997886
-0.436000 0.997882
-0.432000 0.997879
-0.428000 0.997876
-0.424000 0.997872
-0.420000 0.997868
-0.416000 0.997864
-0.412000 0.997859
-0.408000 0.997855
-0.404000 0.997850
-0.400000 0.997844
-0.396000 0.997839
-0.392000 0.997833
-0.388000 0.997827
-0.384000 0.997820
-0.380000 0.997813
-0.376000 0.997806
-0.372000 0.997798
-0.368000 0.997790
-0.364000 0.997782
-0.360000 0.997773
-0.356000 0.997764
-0.352000 0.997754
-0.348000 0.997744
-0.344000 0.997733
-0.340000 0.997722
-0.336000 0.997710
-0.332000 0.997698
-0.328000 0.997685
-0.324000 0.997672
-0.320000 0.997658
-0.316000 0.997643
-0.312000 0.997628
-0.308000 0.997612
-0.304000 0.997596
-0.300000 0.997579
-0.296000 0.997561
-0.292000 0.997543
-0.288000 0.997524
-0.284000 0.997504
-0.280000 0.997483
-0.276000 0.997462
-0.272000 0.997440
-0.268000 0.997417
-0.264000 0.997393
-0.260000 0.997369
-0.256000 0.997344
-0.252000 0.997318
-0.248000 0.997291
-0.244000 0.997263
-0.240000 0.997235
-0.236000 0.997206
-0.232000 0.997175
-0.228000 0.997144
-0.224000 0.997113
-0.220000 0.997080
-0.216000 0.997046
-0.212000 0.997012
-0.208000 0.996976
-0.204000 0.996940
-0.200000 0.996903
-0.196000 0.996865
-0.192000 0.996826
-0.188000 0.996786
-0.184000 0.996745
-0.180000 0.996704
-0.176000 0.996661
-0.172000 0.996618
-0.168000 0.996574
-0.164000 0.996529
-0.160000 0.996483
-0.156000 0.996437
-0.152000 0.996390
-0.148000 0.996341
-0.144000 0.996292
-0.140000 0.996243
-0.136000 0.996192
-0.132000 0.996141
-0.128000 0.996089
-0.124000 0.996037
-0.120000 0.995984
-0.116000 0.995930
-0.112000 0.995875
-0.108000 0.995820
-0.104000 0.995764
-0.100000 0.995708
-0.096000 0.995651
-0.092000 0.995594
-0.088000 0.995536
-0.084000 0.995478
-0.080000 0.995419
-0.076000 0.995360
-0.072000 0.995301
-0.068000 0.995241
-0.064000 0.995181
-0.060000 0.995121
-0.056000 0.995060
-0.052000 0.994999
-0.048000 0.994938
-0.044000 0.994877
-0.040000 0.994816
-0.036000 0.994755
-0.032000 0.994693
-0.028000 0.994632
-0.024000 0.994570
-0.020000 0.994509
-0.016000 0.994447
-0.012000 0.994386
-0.008000 0.994325
-0.004000 0.994264
0.000000 0.994203
0.004000 0.994142
0.008000 0.994082
0.012000 0.994022
0.016000 0.993962
0.020000 0.993902
0.024000 0.993843
0.028000 0.993784
0.032000 0.993726
0.036000 0.993668
0.040000 0.993610
0.044000 0.993553
0.048000 0.993497
0.052000 0.993441
0.056000 0.993385
0.060000 0.993330
0.064000 0.993276
0.068000 0.993222
0.072000 0.993169
0.076000 0.993116
0.080000 0.993064
0.084000 0.993013
0.088000 0.992963
0.092000 0.992913
0.096000 0.992864
0.100000 0.992815
0.104000 0.992768
0.108000 0.992721
0.112000 0.992675
0.116000 0.992629
0.120000 0.992584
0.124000 0.992541
0.128000 0.992497
0.132000 0.992455
0.136000 0.992414
0.140000 0.992373
0.144000 0.992333
0.148000 0.992294
0.152000 0.992255
0.156000 0.992218
0.160000 0.992181
0.164000 0.992145
0.168000 0.992110
0.172000 0.992075
0.176000 0.992042
0.180000 0.992009
0.184000 0.991977
0.188000 0.991945
0.192000 0.991915
0.196000 0.991885
0.200000 0.991856
0.204000 0.991828
0.208000 0.991800
0.212000 0.991773
0.216000 0.991747
0.220000 0.991722
0.224000 0.991697
0.228000 0.991673
0.232000 0.991650
0.236000 0.991627
0.240000 0.991605
0.244000 0.991583
0.248000 0.991563
0.252000 0.991543
0.256000 0.991523
0.260000 0.991504
0.264000 0.991486
0.268000 0.991468
0.272000 0.991451
0.276000 0.991435
0.280000 0.991418
0.284000 0.991403
0.288000 0.991388
0.292000 0.991373
0.296000 0.991360
0.300000 0.991346
0.304000 0.991333
0.308000 0.991320
0.312000 0.991308
0.316000 0.991297
0.320000 0.991285
0.324000 0.991275
0.328000 0.991264
0.332000 0.991254
0.336000 0.991244
0.340000 0.991235
0.344000 0.991226
0.348000 0.991218
0.352000 0.991209
0.356000 0.991201
0.360000 0.991194
0.364000 0.991187
0.368000 0.991180
0.372000 0.991173
0.376000 0.991166
0.380000 0.991160
0.384000 0.991154
0.388000 0.991149
0.392000 0.991143
0.396000 0.991138
0.400000 0.991133
0.404000 0.991128
0.408000 0.991124
0.412000 0.991119
0.416000 0.991115
0.420000 0.991111
0.424000 0.991108
0.428000 0.991104
0.432000 0.991101
0.436000 0.991097
0.440000 0.991094
0.444000 0.991091
0.448000 0.991088
0.452000 0.991086
0.456000 0.991083
0.460000 0.991081
0.464000 0.991078
0.468000 0.991076
0.472000 0.991074
0.476000 0.991072
0.480000 0.991070
0.484000 0.991068
0.488000 0.991066
0.492000 0.991065
0.496000 0.991063
0.500000 0.991062
0.504000 0.991060
0.508000 0.991059
0.512000 0.991058
0.516000 0.991057
0.520000 0.991056
0.524000 0.991054
0.528000 0.991053
0.532000 0.991052
0.536000 0.991052
0.540000 0.991051
0.544000 0.991050
0.548000 0.991049
0.552000 0.991048
0.556000 0.991048
0.560000 0.991047
0.564000 0.991047
0.568000 0.991046
0.572000 0.991045
0.576000 0.991045
0.580000 0.991044
0.584000 0.991044
0.588000 0.991044
0.592000 0.991043
0.596000 0.991043
0.600000 0.991042
0.604000 0.991042
0.608000 0.991042
0.612000 0.991041
0.616000 0.991041
0.620000 0.991041
0.624000 0.991041
0.628000 0.991040
0.632000 0.991040
0.636000 0.991040
0.640000 0.991040
0.644000 0.991040
0.648000 0.991039
0.652000 0.991039
0.656000 0.991039
0.660000 0.991039
0.664000 0.991039
0.668000 0.991039
0.672000 0.991039
0.676000 0.991039
0.680000 0.991038
0.684000 0.991038
0.688000 0.991038
0.692000 0.991038
0.696000 0.991038
0.700000 0.991038
0.704000 0.991038
0.708000 0.991038
0.712000 0.991038
0.716000 0.991038
0.720000 0.991038
0.724000 0.991038
0.728000 0.991038
0.732000 0.991038
0.736000 0.991038
0.740000 0.991037
0.744000 0.991037
0.748000 0.991037
0.752000 0.991037
0.756000 0.991037
0.760000 0.991037
0.764000 0.991037
0.768000 0.991037
0.772000 0.991037
0.776000 0.991037
0.780000 0.991037
0.784000 0.991037
0.788000 0.991037
0.792000 0.991037
0.796000 0.991037
0.800000 0.991037
0.804000 0.991037
0.808000 0.991037
0.812000 0.991037
0.816000 0.991037
0.820000 0.991037
0.824000 0.991037
0.828000 0.991037
0.832000 0.991037
0.836000 0.991037
0.840000 0.991037
0.844000 0.991037
0.848000 0.991037
0.852000 0.991037
0.856000 0.991037
0.860000 0.991037
0.864000 0.991037
0.868000 0.991037
0.872000 0.991037
0.876000 0.991037
0.880000 0.991037
0.884000 0.991037
0.888000 0.991037
0.892000 0.991037
0.896000 0.991037
0.900000 0.991037
0.904000 0.991037
0.908000 0.991037
0.912000 0.991037
0.916000 0.991037
0.920000 0.991037
0.924000 0.991037
0.928000 0.991037
0.932000 0.991037
0.936000 0.991037
0.940000 0.991037
0.944000 0.991037
0.948000 0.991037
0.952000 0.991037
0.956000 0.991037
0.960000 0.991037
0.964000 0.991037
0.968000 0.991037
0.972000 0.991037
0.976000 0.991037
0.980000 0.991037
0.984000 0.991037
0.988000 0.991037
0.992000 0.991037
0.996000 0.991037
1.000000 0.991037
