-1.000000 0.997928
-0.996000 0.997928
-0.992000 0.997928
-0.988000 0.997928
-0.984000 0.997928
-0.980000 0.997928
-0.976000 0.997928
-0.972000 0.997928
-0.968000 0.997928
-0.964000 0.997928
-0.960000 0.997928
-0.956000 0.997928
-0.952000 0.997928
-0.948000 0.997928
-0.944000 0.997928
-0.940000 0.997928
-0.936000 0.997928
-0.932000 0.997928
-0.928000 0.997928
-0.924000 0.997928
-0.920000 0.997928
-0.916000 0.997928
-0.912000 0.997928
-0.908000 0.997928
-0.904000 0.997928
-0.900000 0.997928
-0.896000 0.997928
-0.892000 0.997928
-0.888000 0.997928
-0.884000 0.997928
-0.880000 0.997928
-0.876000 0.997928
-0.872000 0.997928
-0.868000 0.997928
-0.864000 0.997928
-0.860000 0.997928
-0.856000 0.997928
-0.852000 0.997928
-0.848000 0.997928
-0.844000 0.997928
-0.840000 0.997928
-0.836000 0.997928
-0.832000 0.997928
-0.828000 0.997928
-0.824000 0.997928
-0.820000 0.997928
-0.816000 0.997928
-0.812000 0.997928
-0.808000 0.997928
-0.804000 0.997928
-0.800000 0.997928
-0.796000 0.997928
-0.792000 0.997928
-0.788000 0.997928
-0.784000 0.997928
-0.780000 0.997928
-0.776000 0.997928
-0.772000 0.997928
-0.768000 0.997928
-0.764000 0.997928
-0.760000 0.997928
-0.756000 0.997928
-0.752000 0.997928
-0.748000 0.997928
-0.744000 0.997928
-0.740000 0.997928
-0.736000 0.997928
-0.732000 0.997928
-0.728000 0.997928
-0.724000 0.997928
-0.720000 0.997927
-0.716000 0.997927
-0.712000 0.997927
-0.708000 0.997927
-0.704000 0.997927
-0.700000 0.997927
-0.696000 0.997927
-0.692000 0.997927
-0.688000 0.997927
-0.684000 0.997927
-0.680000 0.997926
-0.676000 0.997926
-0.672000 0.997926
-0.668000 0.997926
-0.664000 0.997926
-0.660000 0.997925
-0.656000 0.997925
-0.652000 0.997925
-0.648000 0.997924
-0.644000 0.997924
-0.640000 0.997924
-0.636000 0.997923
-0.632000 0.997923
-0.628000 0.997922
-0.624000 0.997921
-0.620000 0.997921
-0.616000 0.997920
-0.612000 0.997919
-0.608000 0.997918
-0.604000 0.997917
-0.600000 0.997916
-0.596000 0.997915
-0.592000 0.997914
-0.588000 0.997913
-0.584000 0.997912
-0.580000 0.997910
-0.576000 0.997908
-0.572000 0.997907
-0.568000 0.997905
-0.564000 0.997903
-0.560000 0.997901
-0.556000 0.997898
-0.552000 0.997896
-0.548000 0.997893
-0.544000 0.997890
-0.540000 0.997887
-0.536000 0.997884
-0.532000 0.997880
-0.528000 0.997877
-0.524000 0.997873
-0.520000 0.997868
-0.516000 0.997864
-0.512000 0.997859
-0.508000 0.997854
-0.504000 0.997848
-0.500000 0.997843
-0.496000 0.997837
-0.492000 0.997830
-0.488000 0.997823
-0.484000 0.997816
-0.480000 0.997808
-0.476000 0.997800
-0.472000 0.997791
-0.468000 0.997782
-0.464000 0.997772
-0.460000 0.997762
-0.456000 0.997752
-0.452000 0.997740
-0.448000 0.997729
-0.444000 0.997716
-0.440000 0.997703
-0.436000 0.997690
-0.432000 0.997675
-0.428000 0.997660
-0.424000 0.997645
-0.420000 0.997628
-0.416000 0.997611
-0.412000 0.997593
-0.408000 0.997575
-0.404000 0.997556
-0.400000 0.997535
-0.396000 0.997514
-0.392000 0.997492
-0.388000 0.997470
-0.384000 0.997446
-0.380000 0.997422
-0.376000 0.997396
-0.372000 0.997370
-0.368000 0.997343
-0.364000 0.997315
-0.360000 0.997286
-0.356000 0.997255
-0.352000 0.997224
-0.348000 0.997192
-0.344000 0.997159
-0.340000 0.997125
-0.336000 0.997090
-0.332000 0.997054
-0.328000 0.997017
-0.324000 0.996979
-0.320000 0.996940
-0.316000 0.996900
-0.312000 0.996858
-0.308000 0.996816
-0.304000 0.996773
-0.300000 0.996729
-0.296000 0.996684
-0.292000 0.996637
-0.288000 0.996590
-0.284000 0.996542
-0.280000 0.996493
-0.276000 0.996443
-0.272000 0.996392
-0.268000 0.996340
-0.264000 0.996287
-0.260000 0.996234
-0.256000 0.996179
-0.252000 0.996124
-0.248000 0.996067
-0.244000 0.996011
-0.240000 0.995953
-0.236000 0.995894
-0.232000 0.995835
-0.228000 0.995775
-0.224000 0.995715
-0.220000 0.995654
-0.216000 0.995592
-0.212000 0.995530
-0.208000 0.995467
-0.204000 0.995404
-0.200000 0.995340
-0.196000 0.995276
-0.192000 0.995212
-0.188000 0.995147
-0.184000 0.995082
-0.180000 0.995017
-0.176000 0.994951
-0.172000 0.994885
-0.168000 0.994820
-0.164000 0.994754
-0.160000 0.994687
-0.156000 0.994621
-0.152000 0.994555
-0.148000 0.994489
-0.144000 0.994423
-0.140000 0.994357
-0.136000 0.994292
-0.132000 0.994226
-0.128000 0.994161
-0.124000 0.994096
-0.120000 0.994032
-0.116000 0.993967
-0.112000 0.993903
-0.108000 0.993840
-0.104000 0.993777
-0.100000 0.993714
-0.096000 0.993652
-0.092000 0.993590
-0.088000 0.993529
-0.084000 0.993469
-0.080000 0.993409
-0.076000 0.993350
-0.072000 0.993291
-0.068000 0.993233
-0.064000 0.993176
-0.060000 0.993120
-0.056000 0.993064
-0.052000 0.993009
-0.048000 0.992955
-0.044000 0.992902
-0.040000 0.992850
-0.036000 0.992798
-0.032000 0.992747
-0.028000 0.992697
-0.024000 0.992648
-0.020000 0.992600
-0.016000 0.992553
-0.012000 0.992506
-0.008000 0.992461
-0.004000 0.992416
0.000000 0.992373
0.004000 0.992330
0.008000 0.992288
0.012000 0.992247
0.016000 0.992207
0.020000 0.992168
0.024000 0.992130
0.028000 0.992093
0.032000 0.992056
0.036000 0.992021
0.040000 0.991986
0.044000 0.991952
0.048000 0.991919
0.052000 0.991888
0.056000 0.991856
0.060000 0.991826
0.064000 0.991797
0.068000 0.991768
0.072000 0.991740
0.076000 0.991713
0.080000 0.991687
0.084000 0.991662
0.088000 0.991637
0.092000 0.991613
0.096000 0.991590
0.100000 0.991568
0.104000 0.991546
0.108000 0.991525
0.112000 0.991505
0.116000 0.991486
0.120000 0.991467
0.124000 0.991449
0.128000 0.991431
0.132000 0.991414
0.136000 0.991398
0.140000 0.991382
0.144000 0.991367
0.148000 0.991352
0.152000 0.991338
0.156000 0.991324
0.160000 0.991311
0.164000 0.991299
0.168000 0.991287
0.172000 0.991275
0.176000 0.991264
0.180000 0.991253
0.184000 0.991243
0.188000 0.991233
0.192000 0.991224
0.196000 0.991215
0.200000 0.991206
0.204000 0.991198
0.208000 0.991190
0.212000 0.991182
0.216000 0.991175
0.220000 0.991168
0.224000 0.991161
0.228000 0.991155
0.232000 0.991149
0.236000 0.991143
0.240000 0.991138
0.244000 0.991132
0.248000 0.991127
0.252000 0.991123
0.256000 0.991118
0.260000 0.991114
0.264000 0.991110
0.268000 0.991106
0.272000 0.991102
0.276000 0.991098
0.280000 0.991095
0.284000 0.991092
0.288000 0.991089
0.292000 0.991086
0.296000 0.991083
0.300000 0.991080
0.304000 0.991078
0.308000 0.991076
0.312000 0.991073
0.316000 0.991071
0.320000 0.991069
0.324000 0.991067
0.328000 0.991066
0.332000 0.991064
0.336000 0.991062
0.340000 0.991061
0.344000 0.991059
0.348000 0.991058
0.352000 0.991057
0.356000 0.991056
0.360000 0.991054
0.364000 0.991053
0.368000 0.991052
0.372000 0.991051
0.376000 0.991051
0.380000 0.991050
0.384000 0.991049
0.388000 0.991048
0.392000 0.991047
0.396000 0.991047
0.400000 0.991046
0.404000 0.991046
0.408000 0.991045
0.412000 0.991044
0.416000 0.991044
0.420000 0.991044
0.424000 0.991043
0.428000 0.991043
0.432000 0.991042
0.436000 0.991042
0.440000 0.991042
0.444000 0.991041
0.448000 0.991041
0.452000 0.991041
0.456000 0.991041
0.460000 0.991040
0.464000 0.991040
0.468000 0.991040
0.472000 0.991040
0.476000 0.991039
0.480000 0.991039
0.484000 0.991039
0.488000 0.991039
0.492000 0.991039
0.496000 0.991039
0.500000 0.991039
0.504000 0.991038
0.508000 0.991038
0.512000 0.991038
0.516000 0.991038
0.520000 0.991038
0.524000 0.991038
0.528000 0.991038
0.532000 0.991038
0.536000 0.991038
0.540000 0.991038
0.544000 0.991038
0.548000 0.991038
0.552000 0.991038
0.556000 0.991038
0.560000 0.991038
0.564000 0.991037
0.568000 0.991037
0.572000 0.991037
0.576000 0.991037
0.580000 0.991037
0.584000 0.991037
0.588000 0.991037
0.592000 0.991037
0.596000 0.991037
0.600000 0.991037
0.604000 0.991037
0.608000 0.991037
0.612000 0.991037
0.616000 0.991037
0.620000 0.991037
0.624000 0.991037
0.628000 0.991037
0.632000 0.991037
0.636000 0.991037
0.640000 0.991037
0.644000 0.991037
0.648000 0.991037
0.652000 0.991037
0.656000 0.991037
0.660000 0.991037
0.664000 0.991037
0.668000 0.991037
0.672000 0.991037
0.676000 0.991037
0.680000 0.991037
0.684000 0.991037
0.688000 0.991037
0.692000 0.991037
0.696000 0.991037
0.700000 0.991037
0.704000 0.991037
0.708000 0.991037
0.712000 0.991037
0.716000 0.991037
0.720000 0.991037
0.724000 0.991037
0.728000 0.991037
0.732000 0.991037
0.736000 0.991037
0.740000 0.991037
0.744000 0.991037
0.748000 0.991037
0.752000 0.991037
0.756000 0.991037
0.760000 0.991037
0.764000 0.991037
0.768000 0.991037
0.772000 0.991037
0.776000 0.991037
0.780000 0.991037
0.784000 0.991037
0.788000 0.991037
0.792000 0.991037
0.796000 0.991037
0.800000 0.991037
0.804000 0.991037
0.808000 0.991037
0.812000 0.991037
0.816000 0.991037
0.820000 0.991037
0.824000 0.991037
0.828000 0.991037
0.832000 0.991037
0.836000 0.991037
0.840000 0.991037
0.844000 0.991037
0.848000 0.991037
0.852000 0.991037
0.856000 0.991037
0.860000 0.991037
0.864000 0.991037
0.868000 0.991037
0.872000 0.991037
0.876000 0.991037
0.880000 0.991037
0.884000 0.991037
0.888000 0.991037
0.892000 0.991037
0.896000 0.991037
0.900000 0.991037
0.904000 0.991037
0.908000 0.991037
0.912000 0.991037
0.916000 0.991037
0.920000 0.991037
0.924000 0.991037
0.928000 0.991037
0.932000 0.991037
0.936000 0.991037
0.940000 0.991037
0.944000 0.991037
0.948000 0.991037
0.952000 0.991037
0.956000 0.991037
0.960000 0.991037
0.964000 0.991037
0.968000 0.991037
0.972000 0.991037
0.976000 0.991037
0.980000 0.991037
0.984000 0.991037
0.988000 0.991037
0.992000 0.991037
0.996000 0.991037
1.000000 0.991037
