-1.000000 0.997928
-0.996000 0.997928
-0.992000 0.997928
-0.988000 0.997928
-0.984000 0.997928
-0.980000 0.997928
-0.976000 0.997928
-0.972000 0.997928
-0.968000 0.997928
-0.964000 0.997928
-0.960000 0.997928
-0.956000 0.997928
-0.952000 0.997928
-0.948000 0.997928
-0.944000 0.997928
-0.940000 0.997928
-0.936000 0.997928
-0.932000 0.997928
-0.928000 0.997928
-0.924000 0.997928
-0.920000 0.997928
-0.916000 0.997928
-0.912000 0.997928
-0.908000 0.997928
-0.904000 0.997928
-0.900000 0.997928
-0.896000 0.997928
-0.892000 0.997928
-0.888000 0.997928
-0.884000 0.997928
-0.880000 0.997928
-0.876000 0.997928
-0.872000 0.997928
-0.868000 0.997928
-0.864000 0.997928
-0.860000 0.997928
-0.856000 0.997928
-0.852000 0.997928
-0.848000 0.997928
-0.844000 0.997928
-0.840000 0.997928
-0.836000 0.997928
-0.832000 0.997928
-0.828000 0.997928
-0.824000 0.997928
-0.820000 0.997928
-0.816000 0.997928
-0.812000 0.997928
-0.808000 0.997928
-0.804000 0.997928
-0.800000 0.997928
-0.796000 0.997928
-0.792000 0.997928
-0.788000 0.997928
-0.784000 0.997928
-0.780000 0.997928
-0.776000 0.997928
-0.772000 0.997928
-0.768000 0.997928
-0.764000 0.997928
-0.760000 0.997928
-0.756000 0.997928
-0.752000 0.997928
-0.748000 0.997928
-0.744000 0.997928
-0.740000 0.997928
-0.736000 0.997928
-0.732000 0.997928
-0.728000 0.997928
-0.724000 0.997928
-0.720000 0.997928
-0.716000 0.997928
-0.712000 0.997928
-0.708000 0.997928
-0.704000 0.997928
-0.700000 0.997928
-0.696000 0.997928
-0.692000 0.997928
-0.688000 0.997928
-0.684000 0.997928
-0.680000 0.997928
-0.676000 0.997928
-0.672000 0.997928
-0.668000 0.997928
-0.664000 0.997928
-0.660000 0.997928
-0.656000 0.997928
-0.652000 0.997928
-0.648000 0.997928
-0.644000 0.997928
-0.640000 0.997928
-0.636000 0.997928
-0.632000 0.997928
-0.628000 0.997928
-0.624000 0.997928
-0.620000 0.997928
-0.616000 0.997928
-0.612000 0.997928
-0.608000 0.997928
-0.604000 0.997928
-0.600000 0.997928
-0.596000 0.997928
-0.592000 0.997928
-0.588000 0.997928
-0.584000 0.997928
-0.580000 0.997928
-0.576000 0.997928
-0.572000 0.997928
-0.568000 0.997928
-0.564000 0.997928
-0.560000 0.997928
-0.556000 0.997928
-0.552000 0.997928
-0.548000 0.997928
-0.544000 0.997928
-0.540000 0.997928
-0.536000 0.997928
-0.532000 0.997928
-0.528000 0.997928
-0.524000 0.997928
-0.520000 0.997928
-0.516000 0.997928
-0.512000 0.997928
-0.508000 0.997928
-0.504000 0.997928
-0.500000 0.997928
-0.496000 0.997928
-0.492000 0.997928
-0.488000 0.997928
-0.484000 0.997928
-0.480000 0.997928
-0.476000 0.997928
-0.472000 0.997928
-0.468000 0.997928
-0.464000 0.997928
-0.460000 0.997928
-0.456000 0.997928
-0.452000 0.997927
-0.448000 0.997927
-0.444000 0.997927
-0.440000 0.997927
-0.436000 0.997927
-0.432000 0.997927
-0.428000 0.997927
-0.424000 0.997927
-0.420000 0.997927
-0.416000 0.997927
-0.412000 0.997927
-0.408000 0.997927
-0.404000 0.997926
-0.400000 0.997926
-0.396000 0.997926
-0.392000 0.997926
-0.388000 0.997926
-0.384000 0.997926
-0.380000 0.997925
-0.376000 0.997925
-0.372000 0.997925
-0.368000 0.997925
-0.364000 0.997925
-0.360000 0.997924
-0.356000 0.997924
-0.352000 0.997924
-0.348000 0.997923
-0.344000 0.997923
-0.340000 0.997922
-0.336000 0.997922
-0.332000 0.997922
-0.328000 0.997921
-0.324000 0.997920
-0.320000 0.997920
-0.316000 0.997919
-0.312000 0.997919
-0.308000 0.997918
-0.304000 0.997917
-0.300000 0.997916
-0.296000 0.997915
-0.292000 0.997915
-0.288000 0.997914
-0.284000 0.997913
-0.280000 0.997911
-0.276000 0.997910
-0.272000 0.997909
-0.268000 0.997908
-0.264000 0.997906
-0.260000 0.997905
-0.256000 0.997903
-0.252000 0.997901
-0.248000 0.997900
-0.244000 0.997898
-0.240000 0.997896
-0.236000 0.997894
-0.232000 0.997891
-0.228000 0.997889
-0.224000 0.997887
-0.220000 0.997884
-0.216000 0.997881
-0.212000 0.997878
-0.208000 0.997875
-0.204000 0.997872
-0.200000 0.997868
-0.196000 0.997865
-0.192000 0.997861
-0.188000 0.997857
-0.184000 0.997853
-0.180000 0.997849
-0.176000 0.997844
-0.172000 0.997839
-0.168000 0.997834
-0.164000 0.997829
-0.160000 0.997823
-0.156000 0.997817
-0.152000 0.997811
-0.148000 0.997805
-0.144000 0.997798
-0.140000 0.997791
-0.136000 0.997784
-0.132000 0.997776
-0.128000 0.997768
-0.124000 0.997760
-0.120000 0.997752
-0.116000 0.997743
-0.112000 0.997733
-0.108000 0.997724
-0.104000 0.997714
-0.100000 0.997703
-0.096000 0.997692
-0.092000 0.997681
-0.088000 0.997669
-0.084000 0.997657
-0.080000 0.997644
-0.076000 0.997631
-0.072000 0.997618
-0.068000 0.997604
-0.064000 0.997589
-0.060000 0.997574
-0.056000 0.997558
-0.052000 0.997542
-0.048000 0.997526
-0.044000 0.997508
-0.040000 0.997491
-0.036000 0.997472
-0.032000 0.997454
-0.028000 0.997434
-0.024000 0.997414
-0.020000 0.997393
-0.016000 0.997372
-0.012000 0.997350
-0.008000 0.997328
-0.004000 0.997305
0.000000 0.997281
0.004000 0.997257
0.008000 0.997232
0.012000 0.997206
0.016000 0.997180
0.020000 0.997153
0.024000 0.997125
0.028000 0.997097
0.032000 0.997068
0.036000 0.997038
0.040000 0.997008
0.044000 0.996977
0.048000 0.996945
0.052000 0.996913
0.056000 0.996880
0.060000 0.996846
0.064000 0.996812
0.068000 0.996777
0.072000 0.996741
0.076000 0.996705
0.080000 0.996668
0.084000 0.996630
0.088000 0.996592
0.092000 0.996553
0.096000 0.996513
0.100000 0.996473
0.104000 0.996432
0.108000 0.996390
0.112000 0.996348
0.116000 0.996305
0.120000 0.996262
0.124000 0.996218
0.128000 0.996173
0.132000 0.996128
0.136000 0.996083
0.140000 0.996037
0.144000 0.995990
0.148000 0.995943
0.152000 0.995895
0.156000 0.995847
0.160000 0.995798
0.164000 0.995749
0.168000 0.995700
0.172000 0.995650
0.176000 0.995599
0.180000 0.995549
0.184000 0.995498
0.188000 0.995446
0.192000 0.995394
0.196000 0.995342
0.200000 0.995290
0.204000 0.995237
0.208000 0.995185
0.212000 0.995132
0.216000 0.995078
0.220000 0.995025
0.224000 0.994971
0.228000 0.994917
0.232000 0.994864
0.236000 0.994810
0.240000 0.994756
0.244000 0.994701
0.248000 0.994647
0.252000 0.994593
0.256000 0.994539
0.260000 0.994485
0.264000 0.994431
0.268000 0.994377
0.272000 0.994323
0.276000 0.994269
0.280000 0.994215
0.284000 0.994162
0.288000 0.994108
0.292000 0.994055
0.296000 0.994002
0.300000 0.993949
0.304000 0.993897
0.308000 0.993845
0.312000 0.993793
0.316000 0.993741
0.320000 0.993690
0.324000 0.993639
0.328000 0.993588
0.332000 0.993538
0.336000 0.993488
0.340000 0.993439
0.344000 0.993390
0.348000 0.993341
0.352000 0.993293
0.356000 0.993245
0.360000 0.993198
0.364000 0.993151
0.368000 0.993105
0.372000 0.993059
0.376000 0.993014
0.380000 0.992969
0.384000 0.992925
0.388000 0.992881
0.392000 0.992838
0.396000 0.992795
0.400000 0.992754
0.404000 0.992712
0.408000 0.992671
0.412000 0.992631
0.416000 0.992592
0.420000 0.992552
0.424000 0.992514
0.428000 0.992476
0.432000 0.992439
0.436000 0.992403
0.440000 0.992367
0.444000 0.992331
0.448000 0.992296
0.452000 0.992262
0.456000 0.992229
0.460000 0.992196
0.464000 0.992164
0.468000 0.992132
0.472000 0.992101
0.476000 0.992071
0.480000 0.992041
0.484000 0.992012
0.488000 0.991983
0.492000 0.991955
0.496000 0.991928
0.500000 0.991901
0.504000 0.991875
0.508000 0.991849
0.512000 0.991824
0.516000 0.991800
0.520000 0.991776
0.524000 0.991753
0.528000 0.991730
0.532000 0.991708
0.536000 0.991686
0.540000 0.991665
0.544000 0.991644
0.548000 0.991624
0.552000 0.991605
0.556000 0.991586
0.560000 0.991567
0.564000 0.991549
0.568000 0.991532
0.572000 0.991514
0.576000 0.991498
0.580000 0.991482
0.584000 0.991466
0.588000 0.991451
0.592000 0.991436
0.596000 0.991422
0.600000 0.991408
0.604000 0.991394
0.608000 0.991381
0.612000 0.991368
0.616000 0.991356
0.620000 0.991344
0.624000 0.991333
0.628000 0.991321
0.632000 0.991311
0.636000 0.991300
0.640000 0.991290
0.644000 0.991280
0.648000 0.991271
0.652000 0.991261
0.656000 0.991253
0.660000 0.991244
0.664000 0.991236
0.668000 0.991228
0.672000 0.991220
0.676000 0.991213
0.680000 0.991205
0.684000 0.991198
0.688000 0.991192
0.692000 0.991185
0.696000 0.991179
0.700000 0.991173
0.704000 0.991167
0.708000 0.991162
0.712000 0.991156
0.716000 0.991151
0.720000 0.991146
0.724000 0.991142
0.728000 0.991137
0.732000 0.991133
0.736000 0.991128
0.740000 0.991124
0.744000 0.991120
0.748000 0.991117
0.752000 0.991113
0.756000 0.991110
0.760000 0.991106
0.764000 0.991103
0.768000 0.991100
0.772000 0.991097
0.776000 0.991094
0.780000 0.991092
0.784000 0.991089
0.788000 0.991087
0.792000 0.991084
0.796000 0.991082
0.800000 0.991080
0.804000 0.991078
0.808000 0.991076
0.812000 0.991074
0.816000 0.991072
0.820000 0.991070
0.824000 0.991069
0.828000 0.991067
0.832000 0.991066
0.836000 0.991064
0.840000 0.991063
0.844000 0.991062
0.848000 0.991060
0.852000 0.991059
0.856000 0.991058
0.860000 0.991057
0.864000 0.991056
0.868000 0.991055
0.872000 0.991054
0.876000 0.991053
0.880000 0.991052
0.884000 0.991051
0.888000 0.991051
0.892000 0.991050
0.896000 0.991049
0.900000 0.991049
0.904000 0.991048
0.908000 0.991047
0.912000 0.991047
0.916000 0.991046
0.920000 0.991046
0.924000 0.991045
0.928000 0.991045
0.932000 0.991044
0.936000 0.991044
0.940000 0.991044
0.944000 0.991043
0.948000 0.991043
0.952000 0.991043
0.956000 0.991042
0.960000 0.991042
0.964000 0.991042
0.968000 0.991041
0.972000 0.991041
0.976000 0.991041
0.980000 0.991041
0.984000 0.991040
0.988000 0.991040
0.992000 0.991040
0.996000 0.991039
1.000000 0.991039
