-1.000000 0.997928
-0.996000 0.997928
-0.992000 0.997928
-0.988000 0.997928
-0.984000 0.997928
-0.980000 0.997928
-0.976000 0.997928
-0.972000 0.997928
-0.968000 0.997928
-0.964000 0.997928
-0.960000 0.997928
-0.956000 0.997928
-0.952000 0.997928
-0.948000 0.997928
-0.944000 0.997928
-0.940000 0.997928
-0.936000 0.997928
-0.932000 0.997928
-0.928000 0.997928
-0.924000 0.997928
-0.920000 0.997928
-0.916000 0.997928
-0.912000 0.997928
-0.908000 0.997928
-0.904000 0.997928
-0.900000 0.997928
-0.896000 0.997928
-0.892000 0.997927
-0.888000 0.997927
-0.884000 0.997927
-0.880000 0.997927
-0.876000 0.997927
-0.872000 0.997927
-0.868000 0.997927
-0.864000 0.997926
-0.860000 0.997926
-0.856000 0.997926
-0.852000 0.997925
-0.848000 0.997925
-0.844000 0.997925
-0.840000 0.997924
-0.836000 0.997924
-0.832000 0.997923
-0.828000 0.997922
-0.824000 0.997921
-0.820000 0.997921
-0.816000 0.997920
-0.812000 0.997918
-0.808000 0.997917
-0.804000 0.997916
-0.800000 0.997914
-0.796000 0.997912
-0.792000 0.997911
-0.788000 0.997908
-0.784000 0.997906
-0.780000 0.997904
-0.776000 0.997901
-0.772000 0.997898
-0.768000 0.997894
-0.764000 0.997890
-0.760000 0.997886
-0.756000 0.997882
-0.752000 0.997877
-0.748000 0.997872
-0.744000 0.997866
-0.740000 0.997860
-0.736000 0.997853
-0.732000 0.997846
-0.728000 0.997838
-0.724000 0.997829
-0.720000 0.997820
-0.716000 0.997810
-0.712000 0.997799
-0.708000 0.997788
-0.704000 0.997776
-0.700000 0.997763
-0.696000 0.997749
-0.692000 0.997734
-0.688000 0.997718
-0.684000 0.997701
-0.680000 0.997683
-0.676000 0.997664
-0.672000 0.997644
-0.668000 0.997622
-0.664000 0.997600
-0.660000 0.997576
-0.656000 0.997550
-0.652000 0.997524
-0.648000 0.997496
-0.644000 0.997466
-0.640000 0.997436
-0.636000 0.997403
-0.632000 0.997370
-0.628000 0.997334
-0.624000 0.997297
-0.620000 0.997259
-0.616000 0.997219
-0.612000 0.997177
-0.608000 0.997134
-0.604000 0.997089
-0.600000 0.997043
-0.596000 0.996994
-0.592000 0.996944
-0.588000 0.996893
-0.584000 0.996840
-0.580000 0.996785
-0.576000 0.996729
-0.572000 0.996671
-0.568000 0.996611
-0.564000 0.996550
-0.560000 0.996487
-0.556000 0.996423
-0.552000 0.996357
-0.548000 0.996290
-0.544000 0.996222
-0.540000 0.996152
-0.536000 0.996081
-0.532000 0.996008
-0.528000 0.995935
-0.524000 0.995860
-0.520000 0.995784
-0.516000 0.995708
-0.512000 0.995630
-0.508000 0.995551
-0.504000 0.995472
-0.500000 0.995392
-0.496000 0.995311
-0.492000 0.995230
-0.488000 0.995148
-0.484000 0.995065
-0.480000 0.994983
-0.476000 0.994900
-0.472000 0.994817
-0.468000 0.994733
-0.464000 0.994650
-0.460000 0.994567
-0.456000 0.994484
-0.452000 0.994401
-0.448000 0.994318
-0.444000 0.994235
-0.440000 0.994153
-0.436000 0.994072
-0.432000 0.993991
-0.428000 0.993910
-0.424000 0.993831
-0.420000 0.993752
-0.416000 0.993673
-0.412000 0.993596
-0.408000 0.993520
-0.404000 0.993444
-0.400000 0.993370
-0.396000 0.993296
-0.392000 0.993224
-0.388000 0.993153
-0.384000 0.993083
-0.380000 0.993014
-0.376000 0.992947
-0.372000 0.992881
-0.368000 0.992816
-0.364000 0.992752
-0.360000 0.992690
-0.356000 0.992629
-0.352000 0.992570
-0.348000 0.992512
-0.344000 0.992456
-0.340000 0.992400
-0.336000 0.992347
-0.332000 0.992294
-0.328000 0.992244
-0.324000 0.992194
-0.320000 0.992146
-0.316000 0.992100
-0.312000 0.992054
-0.308000 0.992011
-0.304000 0.991968
-0.300000 0.991927
-0.296000 0.991887
-0.292000 0.991849
-0.288000 0.991812
-0.284000 0.991776
-0.280000 0.991742
-0.276000 0.991709
-0.272000 0.991677
-0.268000 0.991646
-0.264000 0.991616
-0.260000 0.991588
-0.256000 0.991560
-0.252000 0.991534
-0.248000 0.991509
-0.244000 0.991485
-0.240000 0.991462
-0.236000 0.991440
-0.232000 0.991419
-0.228000 0.991398
-0.224000 0.991379
-0.220000 0.991360
-0.216000 0.991343
-0.212000 0.991326
-0.208000 0.991310
-0.204000 0.991295
-0.200000 0.991280
-0.196000 0.991266
-0.192000 0.991253
-0.188000 0.991241
-0.184000 0.991229
-0.180000 0.991218
-0.176000 0.991207
-0.172000 0.991197
-0.168000 0.991187
-0.164000 0.991178
-0.160000 0.991169
-0.156000 0.991161
-0.152000 0.991154
-0.148000 0.991146
-0.144000 0.991140
-0.140000 0.991133
-0.136000 0.991127
-0.132000 0.991121
-0.128000 0.991116
-0.124000 0.991111
-0.120000 0.991106
-0.116000 0.991101
-0.112000 0.991097
-0.108000 0.991093
-0.104000 0.991089
-0.100000 0.991086
-0.096000 0.991082
-0.092000 0.991079
-0.088000 0.991076
-0.084000 0.991074
-0.080000 0.991071
-0.076000 0.991069
-0.072000 0.991066
-0.068000 0.991064
-0.064000 0.991062
-0.060000 0.991061
-0.056000 0.991059
-0.052000 0.991057
-0.048000 0.991056
-0.044000 0.991054
-0.040000 0.991053
-0.036000 0.991052
-0.032000 0.991051
-0.028000 0.991050
-0.024000 0.991049
-0.020000 0.991048
-0.016000 0.991047
-0.012000 0.991046
-0.008000 0.991046
-0.004000 0.991045
0.000000 0.991044
0.004000 0.991044
0.008000 0.991043
0.012000 0.991043
0.016000 0.991042
0.020000 0.991042
0.024000 0.991042
0.028000 0.991041
0.032000 0.991041
0.036000 0.991041
0.040000 0.991040
0.044000 0.991040
0.048000 0.991040
0.052000 0.991039
0.056000 0.991039
0.060000 0.991039
0.064000 0.991039
0.068000 0.991039
0.072000 0.991039
0.076000 0.991038
0.080000 0.991038
0.084000 0.991038
0.088000 0.991038
0.092000 0.991038
0.096000 0.991038
0.100000 0.991038
0.104000 0.991038
0.108000 0.991038
0.112000 0.991038
0.116000 0.991038
0.120000 0.991038
0.124000 0.991037
0.128000 0.991037
0.132000 0.991037
0.136000 0.991037
0.140000 0.991037
0.144000 0.991037
0.148000 0.991037
0.152000 0.991037
0.156000 0.991037
0.160000 0.991037
0.164000 0.991037
0.168000 0.991037
0.172000 0.991037
0.176000 0.991037
0.180000 0.991037
0.184000 0.991037
0.188000 0.991037
0.192000 0.991037
0.196000 0.991037
0.200000 0.991037
0.204000 0.991037
0.208000 0.991037
0.212000 0.991037
0.216000 0.991037
0.220000 0.991037
0.224000 0.991037
0.228000 0.991037
0.232000 0.991037
0.236000 0.991037
0.240000 0.991037
0.244000 0.991037
0.248000 0.991037
0.252000 0.991037
0.256000 0.991037
0.260000 0.991037
0.264000 0.991037
0.268000 0.991037
0.272000 0.991037
0.276000 0.991037
0.280000 0.991037
0.284000 0.991037
0.288000 0.991037
0.292000 0.991037
0.296000 0.991037
0.300000 0.991037
0.304000 0.991037
0.308000 0.991037
0.312000 0.991037
0.316000 0.991037
0.320000 0.991037
0.324000 0.991037
0.328000 0.991037
0.332000 0.991037
0.336000 0.991037
0.340000 0.991037
0.344000 0.991037
0.348000 0.991037
0.352000 0.991037
0.356000 0.991037
0.360000 0.991037
0.364000 0.991037
0.368000 0.991037
0.372000 0.991037
0.376000 0.991037
0.380000 0.991037
0.384000 0.991037
0.388000 0.991037
0.392000 0.991037
0.396000 0.991037
0.400000 0.991037
0.404000 0.991037
0.408000 0.991037
0.412000 0.991037
0.416000 0.991037
0.420000 0.991037
0.424000 0.991037
0.428000 0.991037
0.432000 0.991037
0.436000 0.991037
0.440000 0.991037
0.444000 0.991037
0.448000 0.991037
0.452000 0.991037
0.456000 0.991037
0.460000 0.991037
0.464000 0.991037
0.468000 0.991037
0.472000 0.991037
0.476000 0.991037
0.480000 0.991037
0.484000 0.991037
0.488000 0.991037
0.492000 0.991037
0.496000 0.991037
0.500000 0.991037
0.504000 0.991037
0.508000 0.991037
0.512000 0.991037
0.516000 0.991037
0.520000 0.991037
0.524000 0.991037
0.528000 0.991037
0.532000 0.991037
0.536000 0.991037
0.540000 0.991037
0.544000 0.991037
0.548000 0.991037
0.552000 0.991037
0.556000 0.991037
0.560000 0.991037
0.564000 0.991037
0.568000 0.991037
0.572000 0.991037
0.576000 0.991037
0.580000 0.991037
0.584000 0.991037
0.588000 0.991037
0.592000 0.991037
0.596000 0.991037
0.600000 0.991037
0.604000 0.991037
0.608000 0.991037
0.612000 0.991037
0.616000 0.991037
0.620000 0.991037
0.624000 0.991037
0.628000 0.991037
0.632000 0.991037
0.636000 0.991037
0.640000 0.991037
0.644000 0.991037
0.648000 0.991037
0.652000 0.991037
0.656000 0.991037
0.660000 0.991037
0.664000 0.991037
0.668000 0.991037
0.672000 0.991037
0.676000 0.991037
0.680000 0.991037
0.684000 0.991037
0.688000 0.991037
0.692000 0.991037
0.696000 0.991037
0.700000 0.991037
0.704000 0.991037
0.708000 0.991037
0.712000 0.991037
0.716000 0.991037
0.720000 0.991037
0.724000 0.991037
0.728000 0.991037
0.732000 0.991037
0.736000 0.991037
0.740000 0.991037
0.744000 0.991037
0.748000 0.991037
0.752000 0.991037
0.756000 0.991037
0.760000 0.991037
0.764000 0.991037
0.768000 0.991037
0.772000 0.991037
0.776000 0.991037
0.780000 0.991037
0.784000 0.991037
0.788000 0.991037
0.792000 0.991037
0.796000 0.991037
0.800000 0.991037
0.804000 0.991037
0.808000 0.991037
0.812000 0.991037
0.816000 0.991037
0.820000 0.991037
0.824000 0.991037
0.828000 0.991037
0.832000 0.991037
0.836000 0.991037
0.840000 0.991037
0.844000 0.991037
0.848000 0.991037
0.852000 0.991037
0.856000 0.991037
0.860000 0.991037
0.864000 0.991037
0.868000 0.991037
0.872000 0.991037
0.876000 0.991037
0.880000 0.991037
0.884000 0.991037
0.888000 0.991037
0.892000 0.991037
0.896000 0.991037
0.900000 0.991037
0.904000 0.991037
0.908000 0.991037
0.912000 0.991037
0.916000 0.991037
0.920000 0.991037
0.924000 0.991037
0.928000 0.991037
0.932000 0.991037
0.936000 0.991037
0.940000 0.991037
0.944000 0.991037
0.948000 0.991037
0.952000 0.991037
0.956000 0.991037
0.960000 0.991037
0.964000 0.991037
0.968000 0.991037
0.972000 0.991037
0.976000 0.991037
0.980000 0.991037
0.984000 0.991037
0.988000 0.991037
0.992000 0.991037
0.996000 0.991037
1.000000 0.991037
