-1.000000 0.997928
-0.996000 0.997928
-0.992000 0.997928
-0.988000 0.997928
-0.984000 0.997928
-0.980000 0.997928
-0.976000 0.997928
-0.972000 0.997928
-0.968000 0.997928
-0.964000 0.997928
-0.960000 0.997928
-0.956000 0.997928
-0.952000 0.997928
-0.948000 0.997928
-0.944000 0.997928
-0.940000 0.997928
-0.936000 0.997928
-0.932000 0.997928
-0.928000 0.997928
-0.924000 0.997928
-0.920000 0.997928
-0.916000 0.997928
-0.912000 0.997928
-0.908000 0.997928
-0.904000 0.997928
-0.900000 0.997928
-0.896000 0.997928
-0.892000 0.997928
-0.888000 0.997928
-0.884000 0.997928
-0.880000 0.997928
-0.876000 0.997928
-0.872000 0.997928
-0.868000 0.997928
-0.864000 0.997928
-0.860000 0.997928
-0.856000 0.997928
-0.852000 0.997928
-0.848000 0.997928
-0.844000 0.997928
-0.840000 0.997928
-0.836000 0.997928
-0.832000 0.997928
-0.828000 0.997928
-0.824000 0.997928
-0.820000 0.997928
-0.816000 0.997928
-0.812000 0.997928
-0.808000 0.997928
-0.804000 0.997928
-0.800000 0.997928
-0.796000 0.997928
-0.792000 0.997928
-0.788000 0.997928
-0.784000 0.997928
-0.780000 0.997928
-0.776000 0.997928
-0.772000 0.997928
-0.768000 0.997928
-0.764000 0.997928
-0.760000 0.997928
-0.756000 0.997928
-0.752000 0.997928
-0.748000 0.997928
-0.744000 0.997928
-0.740000 0.997928
-0.736000 0.997928
-0.732000 0.997928
-0.728000 0.997928
-0.724000 0.997928
-0.720000 0.997928
-0.716000 0.997928
-0.712000 0.997928
-0.708000 0.997928
-0.704000 0.997928
-0.700000 0.997928
-0.696000 0.997928
-0.692000 0.997928
-0.688000 0.997928
-0.684000 0.997928
-0.680000 0.997928
-0.676000 0.997928
-0.672000 0.997928
-0.668000 0.997928
-0.664000 0.997928
-0.660000 0.997928
-0.656000 0.997927
-0.652000 0.997927
-0.648000 0.997927
-0.644000 0.997927
-0.640000 0.997927
-0.636000 0.997927
-0.632000 0.997927
-0.628000 0.997927
-0.624000 0.997927
-0.620000 0.997927
-0.616000 0.997926
-0.612000 0.997926
-0.608000 0.997926
-0.604000 0.997926
-0.600000 0.997926
-0.596000 0.997925
-0.592000 0.997925
-0.588000 0.997925
-0.584000 0.997925
-0.580000 0.997924
-0.576000 0.997924
-0.572000 0.997924
-0.568000 0.997923
-0.564000 0.997923
-0.560000 0.997922
-0.556000 0.997922
-0.552000 0.997921
-0.548000 0.997920
-0.544000 0.997920
-0.540000 0.997919
-0.536000 0.997918
-0.532000 0.997917
-0.528000 0.997916
-0.524000 0.997915
-0.520000 0.997914
-0.516000 0.997913
-0.512000 0.997912
-0.508000 0.997910
-0.504000 0.997909
-0.500000 0.997907
-0.496000 0.997905
-0.492000 0.997904
-0.488000 0.997902
-0.484000 0.997899
-0.480000 0.997897
-0.476000 0.997895
-0.472000 0.997892
-0.468000 0.997889
-0.464000 0.997887
-0.460000 0.997883
-0.456000 0.997880
-0.452000 0.997877
-0.448000 0.997873
-0.444000 0.997869
-0.440000 0.997865
-0.436000 0.997860
-0.432000 0.997855
-0.428000 0.997850
-0.424000 0.997845
-0.420000 0.997839
-0.416000 0.997833
-0.412000 0.997827
-0.408000 0.997820
-0.404000 0.997813
-0.400000 0.997806
-0.396000 0.997798
-0.392000 0.997790
-0.388000 0.997782
-0.384000 0.997772
-0.380000 0.997763
-0.376000 0.997753
-0.372000 0.997743
-0.368000 0.997732
-0.364000 0.997720
-0.360000 0.997708
-0.356000 0.997696
-0.352000 0.997682
-0.348000 0.997669
-0.344000 0.997654
-0.340000 0.997639
-0.336000 0.997624
-0.332000 0.997608
-0.328000 0.997591
-0.324000 0.997573
-0.320000 0.997555
-0.316000 0.997536
-0.312000 0.997516
-0.308000 0.997496
-0.304000 0.997475
-0.300000 0.997453
-0.296000 0.997430
-0.292000 0.997406
-0.288000 0.997382
-0.284000 0.997357
-0.280000 0.997331
-0.276000 0.997304
-0.272000 0.997276
-0.268000 0.997248
-0.264000 0.997218
-0.260000 0.997188
-0.256000 0.997157
-0.252000 0.997125
-0.248000 0.997092
-0.244000 0.997058
-0.240000 0.997023
-0.236000 0.996987
-0.232000 0.996951
-0.228000 0.996913
-0.224000 0.996875
-0.220000 0.996835
-0.216000 0.996795
-0.212000 0.996754
-0.208000 0.996712
-0.204000 0.996669
-0.200000 0.996625
-0.196000 0.996580
-0.192000 0.996535
-0.188000 0.996488
-0.184000 0.996441
-0.180000 0.996393
-0.176000 0.996344
-0.172000 0.996294
-0.168000 0.996244
-0.164000 0.996193
-0.160000 0.996141
-0.156000 0.996088
-0.152000 0.996035
-0.148000 0.995980
-0.144000 0.995926
-0.140000 0.995870
-0.136000 0.995814
-0.132000 0.995757
-0.128000 0.995700
-0.124000 0.995642
-0.120000 0.995584
-0.116000 0.995525
-0.112000 0.995466
-0.108000 0.995406
-0.104000 0.995346
-0.100000 0.995286
-0.096000 0.995225
-0.092000 0.995164
-0.088000 0.995103
-0.084000 0.995041
-0.080000 0.994979
-0.076000 0.994917
-0.072000 0.994855
-0.068000 0.994793
-0.064000 0.994730
-0.060000 0.994668
-0.056000 0.994605
-0.052000 0.994543
-0.048000 0.994480
-0.044000 0.994418
-0.040000 0.994356
-0.036000 0.994294
-0.032000 0.994232
-0.028000 0.994170
-0.024000 0.994109
-0.020000 0.994047
-0.016000 0.993987
-0.012000 0.993926
-0.008000 0.993866
-0.004000 0.993806
0.000000 0.993746
0.004000 0.993687
0.008000 0.993629
0.012000 0.993571
0.016000 0.993513
0.020000 0.993456
0.024000 0.993399
0.028000 0.993343
0.032000 0.993288
0.036000 0.993233
0.040000 0.993179
0.044000 0.993126
0.048000 0.993073
0.052000 0.993021
0.056000 0.992970
0.060000 0.992919
0.064000 0.992869
0.068000 0.992820
0.072000 0.992771
0.076000 0.992724
0.080000 0.992677
0.084000 0.992630
0.088000 0.992585
0.092000 0.992541
0.096000 0.992497
0.100000 0.992454
0.104000 0.992412
0.108000 0.992370
0.112000 0.992330
0.116000 0.992290
0.120000 0.992251
0.124000 0.992213
0.128000 0.992176
0.132000 0.992140
0.136000 0.992104
0.140000 0.992069
0.144000 0.992035
0.148000 0.992002
0.152000 0.991970
0.156000 0.991938
0.160000 0.991907
0.164000 0.991877
0.168000 0.991848
0.172000 0.991819
0.176000 0.991792
0.180000 0.991765
0.184000 0.991738
0.188000 0.991713
0.192000 0.991688
0.196000 0.991664
0.200000 0.991640
0.204000 0.991618
0.208000 0.991596
0.212000 0.991574
0.216000 0.991553
0.220000 0.991533
0.224000 0.991514
0.228000 0.991495
0.232000 0.991477
0.236000 0.991459
0.240000 0.991442
0.244000 0.991425
0.248000 0.991409
0.252000 0.991394
0.256000 0.991379
0.260000 0.991365
0.264000 0.991351
0.268000 0.991338
0.272000 0.991325
0.276000 0.991312
0.280000 0.991300
0.284000 0.991289
0.288000 0.991278
0.292000 0.991267
0.296000 0.991257
0.300000 0.991247
0.304000 0.991237
0.308000 0.991228
0.312000 0.991219
0.316000 0.991211
0.320000 0.991203
0.324000 0.991195
0.328000 0.991188
0.332000 0.991180
0.336000 0.991174
0.340000 0.991167
0.344000 0.991161
0.348000 0.991155
0.352000 0.991149
0.356000 0.991143
0.360000 0.991138
0.364000 0.991133
0.368000 0.991128
0.372000 0.991124
0.376000 0.991119
0.380000 0.991115
0.384000 0.991111
0.388000 0.991107
0.392000 0.991104
0.396000 0.991100
0.400000 0.991097
0.404000 0.991094
0.408000 0.991091
0.412000 0.991088
0.416000 0.991085
0.420000 0.991083
0.424000 0.991080
0.428000 0.991078
0.432000 0.991076
0.436000 0.991073
0.440000 0.991071
0.444000 0.991070
0.448000 0.991068
0.452000 0.991066
0.456000 0.991064
0.460000 0.991063
0.464000 0.991061
0.468000 0.991060
0.472000 0.991059
0.476000 0.991057
0.480000 0.991056
0.484000 0.991055
0.488000 0.991054
0.492000 0.991053
0.496000 0.991052
0.500000 0.991051
0.504000 0.991050
0.508000 0.991050
0.512000 0.991049
0.516000 0.991048
0.520000 0.991047
0.524000 0.991047
0.528000 0.991046
0.532000 0.991046
0.536000 0.991045
0.540000 0.991045
0.544000 0.991044
0.548000 0.991044
0.552000 0.991043
0.556000 0.991043
0.560000 0.991042
0.564000 0.991042
0.568000 0.991042
0.572000 0.991042
0.576000 0.991041
0.580000 0.991041
0.584000 0.991041
0.588000 0.991040
0.592000 0.991040
0.596000 0.991040
0.600000 0.991040
0.604000 0.991040
0.608000 0.991039
0.612000 0.991039
0.616000 0.991039
0.620000 0.991039
0.624000 0.991039
0.628000 0.991039
0.632000 0.991039
0.636000 0.991039
0.640000 0.991038
0.644000 0.991038
0.648000 0.991038
0.652000 0.991038
0.656000 0.991038
0.660000 0.991038
0.664000 0.991038
0.668000 0.991038
0.672000 0.991038
0.676000 0.991038
0.680000 0.991038
0.684000 0.991038
0.688000 0.991038
0.692000 0.991038
0.696000 0.991038
0.700000 0.991037
0.704000 0.991037
0.708000 0.991037
0.712000 0.991037
0.716000 0.991037
0.720000 0.991037
0.724000 0.991037
0.728000 0.991037
0.732000 0.991037
0.736000 0.991037
0.740000 0.991037
0.744000 0.991037
0.748000 0.991037
0.752000 0.991037
0.756000 0.991037
0.760000 0.991037
0.764000 0.991037
0.768000 0.991037
0.772000 0.991037
0.776000 0.991037
0.780000 0.991037
0.784000 0.991037
0.788000 0.991037
0.792000 0.991037
0.796000 0.991037
0.800000 0.991037
0.804000 0.991037
0.808000 0.991037
0.812000 0.991037
0.816000 0.991037
0.820000 0.991037
0.824000 0.991037
0.828000 0.991037
0.832000 0.991037
0.836000 0.991037
0.840000 0.991037
0.844000 0.991037
0.848000 0.991037
0.852000 0.991037
0.856000 0.991037
0.860000 0.991037
0.864000 0.991037
0.868000 0.991037
0.872000 0.991037
0.876000 0.991037
0.880000 0.991037
0.884000 0.991037
0.888000 0.991037
0.892000 0.991037
0.896000 0.991037
0.900000 0.991037
0.904000 0.991037
0.908000 0.991037
0.912000 0.991037
0.916000 0.991037
0.920000 0.991037
0.924000 0.991037
0.928000 0.991037
0.932000 0.991037
0.936000 0.991037
0.940000 0.991037
0.944000 0.991037
0.948000 0.991037
0.952000 0.991037
0.956000 0.991037
0.960000 0.991037
0.964000 0.991037
0.968000 0.991037
0.972000 0.991037
0.976000 0.991037
0.980000 0.991037
0.984000 0.991037
0.988000 0.991037
0.992000 0.991037
0.996000 0.991037
1.000000 0.991037
