-1.000000 0.991037
-0.996000 0.991037
-0.992000 0.991037
-0.988000 0.991037
-0.984000 0.991037
-0.980000 0.991037
-0.976000 0.991037
-0.972000 0.991037
-0.968000 0.991037
-0.964000 0.991037
-0.960000 0.991037
-0.956000 0.991037
-0.952000 0.991037
-0.948000 0.991037
-0.944000 0.991037
-0.940000 0.991037
-0.936000 0.991037
-0.932000 0.991037
-0.928000 0.991037
-0.924000 0.991037
-0.920000 0.991037
-0.916000 0.991037
-0.912000 0.991037
-0.908000 0.991037
-0.904000 0.991037
-0.900000 0.991037
-0.896000 0.991037
-0.892000 0.991037
-0.888000 0.991037
-0.884000 0.991037
-0.880000 0.991037
-0.876000 0.991037
-0.872000 0.991037
-0.868000 0.991037
-0.864000 0.991037
-0.860000 0.991037
-0.856000 0.991037
-0.852000 0.991037
-0.848000 0.991037
-0.844000 0.991037
-0.840000 0.991037
-0.836000 0.991037
-0.832000 0.991037
-0.828000 0.991037
-0.824000 0.991037
-0.820000 0.991037
-0.816000 0.991037
-0.812000 0.991037
-0.808000 0.991037
-0.804000 0.991037
-0.800000 0.991037
-0.796000 0.991037
-0.792000 0.991037
-0.788000 0.991037
-0.784000 0.991037
-0.780000 0.991037
-0.776000 0.991037
-0.772000 0.991037
-0.768000 0.991037
-0.764000 0.991037
-0.760000 0.991037
-0.756000 0.991037
-0.752000 0.991037
-0.748000 0.991037
-0.744000 0.991037
-0.740000 0.991037
-0.736000 0.991037
-0.732000 0.991037
-0.728000 0.991037
-0.724000 0.991037
-0.720000 0.991037
-0.716000 0.991037
-0.712000 0.991037
-0.708000 0.991037
-0.704000 0.991037
-0.700000 0.991037
-0.696000 0.991037
-0.692000 0.991037
-0.688000 0.991037
-0.684000 0.991037
-0.680000 0.991037
-0.676000 0.991037
-0.672000 0.991037
-0.668000 0.991037
-0.664000 0.991037
-0.660000 0.991037
-0.656000 0.991037
-0.652000 0.991037
-0.648000 0.991037
-0.644000 0.991037
-0.640000 0.991037
-0.636000 0.991037
-0.632000 0.991037
-0.628000 0.991037
-0.624000 0.991037
-0.620000 0.991037
-0.616000 0.991037
-0.612000 0.991037
-0.608000 0.991037
-0.604000 0.991037
-0.600000 0.991037
-0.596000 0.991037
-0.592000 0.991037
-0.588000 0.991037
-0.584000 0.991037
-0.580000 0.991037
-0.576000 0.991037
-0.572000 0.991037
-0.568000 0.991037
-0.564000 0.991037
-0.560000 0.991037
-0.556000 0.991037
-0.552000 0.991037
-0.548000 0.991037
-0.544000 0.991037
-0.540000 0.991037
-0.536000 0.991037
-0.532000 0.991037
-0.528000 0.991037
-0.524000 0.991037
-0.520000 0.991037
-0.516000 0.991037
-0.512000 0.991037
-0.508000 0.991037
-0.504000 0.991037
-0.500000 0.991037
-0.496000 0.991037
-0.492000 0.991037
-0.488000 0.991037
-0.484000 0.991037
-0.480000 0.991037
-0.476000 0.991037
-0.472000 0.991037
-0.468000 0.991037
-0.464000 0.991037
-0.460000 0.991037
-0.456000 0.991037
-0.452000 0.991037
-0.448000 0.991037
-0.444000 0.991037
-0.440000 0.991037
-0.436000 0.991037
-0.432000 0.991037
-0.428000 0.991037
-0.424000 0.991037
-0.420000 0.991037
-0.416000 0.991037
-0.412000 0.991037
-0.408000 0.991037
-0.404000 0.991037
-0.400000 0.991037
-0.396000 0.991037
-0.392000 0.991037
-0.388000 0.991037
-0.384000 0.991037
-0.380000 0.991037
-0.376000 0.991037
-0.372000 0.991037
-0.368000 0.991037
-0.364000 0.991037
-0.360000 0.991037
-0.356000 0.991037
-0.352000 0.991037
-0.348000 0.991038
-0.344000 0.991038
-0.340000 0.991038
-0.336000 0.991038
-0.332000 0.991038
-0.328000 0.991038
-0.324000 0.991038
-0.320000 0.991038
-0.316000 0.991038
-0.312000 0.991038
-0.308000 0.991038
-0.304000 0.991038
-0.300000 0.991038
-0.296000 0.991039
-0.292000 0.991039
-0.288000 0.991039
-0.284000 0.991039
-0.280000 0.991039
-0.276000 0.991039
-0.272000 0.991039
-0.268000 0.991040
-0.264000 0.991040
-0.260000 0.991040
-0.256000 0.991040
-0.252000 0.991040
-0.248000 0.991041
-0.244000 0.991041
-0.240000 0.991041
-0.236000 0.991042
-0.232000 0.991042
-0.228000 0.991042
-0.224000 0.991043
-0.220000 0.991043
-0.216000 0.991043
-0.212000 0.991044
-0.208000 0.991044
-0.204000 0.991045
-0.200000 0.991045
-0.196000 0.991046
-0.192000 0.991047
-0.188000 0.991047
-0.184000 0.991048
-0.180000 0.991049
-0.176000 0.991049
-0.172000 0.991050
-0.168000 0.991051
-0.164000 0.991052
-0.160000 0.991053
-0.156000 0.991054
-0.152000 0.991055
-0.148000 0.991056
-0.144000 0.991057
-0.140000 0.991059
-0.136000 0.991060
-0.132000 0.991061
-0.128000 0.991063
-0.124000 0.991064
-0.120000 0.991066
-0.116000 0.991068
-0.112000 0.991069
-0.108000 0.991071
-0.104000 0.991073
-0.100000 0.991075
-0.096000 0.991077
-0.092000 0.991080
-0.088000 0.991082
-0.084000 0.991084
-0.080000 0.991087
-0.076000 0.991090
-0.072000 0.991092
-0.068000 0.991095
-0.064000 0.991098
-0.060000 0.991102
-0.056000 0.991105
-0.052000 0.991108
-0.048000 0.991112
-0.044000 0.991116
-0.040000 0.991120
-0.036000 0.991124
-0.032000 0.991128
-0.028000 0.991133
-0.024000 0.991137
-0.020000 0.991142
-0.016000 0.991147
-0.012000 0.991152
-0.008000 0.991158
-0.004000 0.991163
0.000000 0.991169
0.004000 0.991175
0.008000 0.991181
0.012000 0.991188
0.016000 0.991194
0.020000 0.991201
0.024000 0.991208
0.028000 0.991216
0.032000 0.991223
0.036000 0.991231
0.040000 0.991239
0.044000 0.991247
0.048000 0.991256
0.052000 0.991265
0.056000 0.991274
0.060000 0.991283
0.064000 0.991293
0.068000 0.991303
0.072000 0.991313
0.076000 0.991324
0.080000 0.991335
0.084000 0.991346
0.088000 0.991358
0.092000 0.991369
0.096000 0.991381
0.100000 0.991394
0.104000 0.991407
0.108000 0.991420
0.112000 0.991433
0.116000 0.991447
0.120000 0.991461
0.124000 0.991475
0.128000 0.991490
0.132000 0.991505
0.136000 0.991520
0.140000 0.991536
0.144000 0.991552
0.148000 0.991568
0.152000 0.991585
0.156000 0.991602
0.160000 0.991619
0.164000 0.991637
0.168000 0.991655
0.172000 0.991673
0.176000 0.991692
0.180000 0.991711
0.184000 0.991730
0.188000 0.991750
0.192000 0.991770
0.196000 0.991790
0.200000 0.991811
0.204000 0.991832
0.208000 0.991853
0.212000 0.991875
0.216000 0.991897
0.220000 0.991919
0.224000 0.991941
0.228000 0.991964
0.232000 0.991987
0.236000 0.992010
0.240000 0.992034
0.244000 0.992058
0.248000 0.992082
0.252000 0.992107
0.256000 0.992131
0.260000 0.992156
0.264000 0.992182
0.268000 0.992207
0.272000 0.992233
0.276000 0.992258
0.280000 0.992285
0.284000 0.992311
0.288000 0.992337
0.292000 0.992364
0.296000 0.992391
0.300000 0.992418
0.304000 0.992445
0.308000 0.992472
0.312000 0.992500
0.316000 0.992527
0.320000 0.992555
0.324000 0.992583
0.328000 0.992611
0.332000 0.992639
0.336000 0.992667
0.340000 0.992696
0.344000 0.992724
0.348000 0.992752
0.352000 0.992781
0.356000 0.992809
0.360000 0.992838
0.364000 0.992866
0.368000 0.992895
0.372000 0.992923
0.376000 0.992952
0.380000 0.992980
0.384000 0.993009
0.388000 0.993037
0.392000 0.993065
0.396000 0.993094
0.400000 0.993122
0.404000 0.993150
0.408000 0.993178
0.412000 0.993206
0.416000 0.993234
0.420000 0.993262
0.424000 0.993290
0.428000 0.993317
0.432000 0.993344
0.436000 0.993372
0.440000 0.993399
0.444000 0.993426
0.448000 0.993452
0.452000 0.993479
0.456000 0.993505
0.460000 0.993532
0.464000 0.993558
0.468000 0.993583
0.472000 0.993609
0.476000 0.993634
0.480000 0.993659
0.484000 0.993684
0.488000 0.993709
0.492000 0.993733
0.496000 0.993758
0.500000 0.993782
0.504000 0.993805
0.508000 0.993829
0.512000 0.993852
0.516000 0.993875
0.520000 0.993897
0.524000 0.993919
0.528000 0.993941
0.532000 0.993963
0.536000 0.993985
0.540000 0.994006
0.544000 0.994027
0.548000 0.994047
0.552000 0.994067
0.556000 0.994087
0.560000 0.994107
0.564000 0.994126
0.568000 0.994145
0.572000 0.994164
0.576000 0.994183
0.580000 0.994201
0.584000 0.994219
0.588000 0.994236
0.592000 0.994253
0.596000 0.994270
0.600000 0.994287
0.604000 0.994303
0.608000 0.994319
0.612000 0.994335
0.616000 0.994350
0.620000 0.994365
0.624000 0.994380
0.628000 0.994394
0.632000 0.994409
0.636000 0.994422
0.640000 0.994436
0.644000 0.994449
0.648000 0.994462
0.652000 0.994475
0.656000 0.994487
0.660000 0.994500
0.664000 0.994512
0.668000 0.994523
0.672000 0.994534
0.676000 0.994546
0.680000 0.994556
0.684000 0.994567
0.688000 0.994577
0.692000 0.994587
0.696000 0.994597
0.700000 0.994607
0.704000 0.994616
0.708000 0.994625
0.712000 0.994634
0.716000 0.994642
0.720000 0.994651
0.724000 0.994659
0.728000 0.994667
0.732000 0.994674
0.736000 0.994682
0.740000 0.994689
0.744000 0.994696
0.748000 0.994703
0.752000 0.994710
0.756000 0.994716
0.760000 0.994722
0.764000 0.994728
0.768000 0.994734
0.772000 0.994740
0.776000 0.994746
0.780000 0.994751
0.784000 0.994756
0.788000 0.994761
0.792000 0.994766
0.796000 0.994771
0.800000 0.994776
0.804000 0.994780
0.808000 0.994784
0.812000 0.994788
0.816000 0.994792
0.820000 0.994796
0.824000 0.994800
0.828000 0.994804
0.832000 0.994807
0.836000 0.994811
0.840000 0.994814
0.844000 0.994817
0.848000 0.994820
0.852000 0.994823
0.856000 0.994826
0.860000 0.994828
0.864000 0.994831
0.868000 0.994834
0.872000 0.994836
0.876000 0.994838
0.880000 0.994841
0.884000 0.994843
0.888000 0.994845
0.892000 0.994847
0.896000 0.994849
0.900000 0.994851
0.904000 0.994853
0.908000 0.994854
0.912000 0.994856
0.916000 0.994858
0.920000 0.994859
0.924000 0.994861
0.928000 0.994862
0.932000 0.994863
0.936000 0.994865
0.940000 0.994866
0.944000 0.994867
0.948000 0.994868
0.952000 0.994869
0.956000 0.994870
0.960000 0.994871
0.964000 0.994872
0.968000 0.994873
0.972000 0.994874
0.976000 0.994875
0.980000 0.994876
0.984000 0.994877
0.988000 0.994878
0.992000 0.994879
0.996000 0.994881
1.000000 0.994882
