-1.000000 0.991037
-0.996000 0.991037
-0.992000 0.991037
-0.988000 0.991037
-0.984000 0.991037
-0.980000 0.991037
-0.976000 0.991037
-0.972000 0.991037
-0.968000 0.991037
-0.964000 0.991037
-0.960000 0.991037
-0.956000 0.991037
-0.952000 0.991037
-0.948000 0.991037
-0.944000 0.991037
-0.940000 0.991037
-0.936000 0.991037
-0.932000 0.991037
-0.928000 0.991037
-0.924000 0.991037
-0.920000 0.991037
-0.916000 0.991037
-0.912000 0.991037
-0.908000 0.991037
-0.904000 0.991037
-0.900000 0.991037
-0.896000 0.991037
-0.892000 0.991037
-0.888000 0.991037
-0.884000 0.991037
-0.880000 0.991037
-0.876000 0.991037
-0.872000 0.991037
-0.868000 0.991037
-0.864000 0.991037
-0.860000 0.991037
-0.856000 0.991037
-0.852000 0.991037
-0.848000 0.991037
-0.844000 0.991037
-0.840000 0.991037
-0.836000 0.991037
-0.832000 0.991037
-0.828000 0.991037
-0.824000 0.991037
-0.820000 0.991037
-0.816000 0.991037
-0.812000 0.991037
-0.808000 0.991037
-0.804000 0.991037
-0.800000 0.991037
-0.796000 0.991037
-0.792000 0.991038
-0.788000 0.991038
-0.784000 0.991038
-0.780000 0.991038
-0.776000 0.991038
-0.772000 0.991038
-0.768000 0.991038
-0.764000 0.991038
-0.760000 0.991038
-0.756000 0.991039
-0.752000 0.991039
-0.748000 0.991039
-0.744000 0.991039
-0.740000 0.991040
-0.736000 0.991040
-0.732000 0.991040
-0.728000 0.991041
-0.724000 0.991041
-0.720000 0.991041
-0.716000 0.991042
-0.712000 0.991043
-0.708000 0.991043
-0.704000 0.991044
-0.700000 0.991044
-0.696000 0.991045
-0.692000 0.991046
-0.688000 0.991047
-0.684000 0.991048
-0.680000 0.991049
-0.676000 0.991050
-0.672000 0.991052
-0.668000 0.991053
-0.664000 0.991055
-0.660000 0.991056
-0.656000 0.991058
-0.652000 0.991060
-0.648000 0.991062
-0.644000 0.991064
-0.640000 0.991067
-0.636000 0.991069
-0.632000 0.991072
-0.628000 0.991075
-0.624000 0.991078
-0.620000 0.991082
-0.616000 0.991085
-0.612000 0.991089
-0.608000 0.991094
-0.604000 0.991098
-0.600000 0.991103
-0.596000 0.991108
-0.592000 0.991113
-0.588000 0.991119
-0.584000 0.991125
-0.580000 0.991131
-0.576000 0.991138
-0.572000 0.991145
-0.568000 0.991153
-0.564000 0.991161
-0.560000 0.991169
-0.556000 0.991178
-0.552000 0.991187
-0.548000 0.991197
-0.544000 0.991207
-0.540000 0.991218
-0.536000 0.991229
-0.532000 0.991241
-0.528000 0.991254
-0.524000 0.991266
-0.520000 0.991280
-0.516000 0.991294
-0.512000 0.991309
-0.508000 0.991324
-0.504000 0.991340
-0.500000 0.991356
-0.496000 0.991374
-0.492000 0.991391
-0.488000 0.991410
-0.484000 0.991429
-0.480000 0.991449
-0.476000 0.991469
-0.472000 0.991491
-0.468000 0.991512
-0.464000 0.991535
-0.460000 0.991558
-0.456000 0.991582
-0.452000 0.991607
-0.448000 0.991632
-0.444000 0.991658
-0.440000 0.991685
-0.436000 0.991712
-0.432000 0.991740
-0.428000 0.991768
-0.424000 0.991798
-0.420000 0.991828
-0.416000 0.991858
-0.412000 0.991889
-0.408000 0.991921
-0.404000 0.991954
-0.400000 0.991987
-0.396000 0.992020
-0.392000 0.992054
-0.388000 0.992089
-0.384000 0.992124
-0.380000 0.992160
-0.376000 0.992196
-0.372000 0.992233
-0.368000 0.992270
-0.364000 0.992307
-0.360000 0.992345
-0.356000 0.992383
-0.352000 0.992421
-0.348000 0.992460
-0.344000 0.992499
-0.340000 0.992539
-0.336000 0.992578
-0.332000 0.992618
-0.328000 0.992658
-0.324000 0.992698
-0.320000 0.992738
-0.316000 0.992778
-0.312000 0.992819
-0.308000 0.992859
-0.304000 0.992899
-0.300000 0.992940
-0.296000 0.992980
-0.292000 0.993020
-0.288000 0.993061
-0.284000 0.993101
-0.280000 0.993140
-0.276000 0.993180
-0.272000 0.993219
-0.268000 0.993259
-0.264000 0.993298
-0.260000 0.993336
-0.256000 0.993375
-0.252000 0.993413
-0.248000 0.993450
-0.244000 0.993488
-0.240000 0.993525
-0.236000 0.993561
-0.232000 0.993597
-0.228000 0.993633
-0.224000 0.993668
-0.220000 0.993703
-0.216000 0.993737
-0.212000 0.993771
-0.208000 0.993804
-0.204000 0.993837
-0.200000 0.993869
-0.196000 0.993900
-0.192000 0.993931
-0.188000 0.993962
-0.184000 0.993992
-0.180000 0.994021
-0.176000 0.994049
-0.172000 0.994078
-0.168000 0.994105
-0.164000 0.994132
-0.160000 0.994158
-0.156000 0.994184
-0.152000 0.994209
-0.148000 0.994233
-0.144000 0.994257
-0.140000 0.994281
-0.136000 0.994303
-0.132000 0.994325
-0.128000 0.994347
-0.124000 0.994368
-0.120000 0.994388
-0.116000 0.994408
-0.112000 0.994427
-0.108000 0.994445
-0.104000 0.994463
-0.100000 0.994481
-0.096000 0.994498
-0.092000 0.994514
-0.088000 0.994530
-0.084000 0.994545
-0.080000 0.994560
-0.076000 0.994574
-0.072000 0.994588
-0.068000 0.994602
-0.064000 0.994615
-0.060000 0.994627
-0.056000 0.994639
-0.052000 0.994650
-0.048000 0.994662
-0.044000 0.994672
-0.040000 0.994682
-0.036000 0.994692
-0.032000 0.994702
-0.028000 0.994711
-0.024000 0.994720
-0.020000 0.994728
-0.016000 0.994736
-0.012000 0.994744
-0.008000 0.994751
-0.004000 0.994758
0.000000 0.994765
0.004000 0.994772
0.008000 0.994778
0.012000 0.994784
0.016000 0.994789
0.020000 0.994795
0.024000 0.994800
0.028000 0.994805
0.032000 0.994809
0.036000 0.994814
0.040000 0.994818
0.044000 0.994822
0.048000 0.994826
0.052000 0.994830
0.056000 0.994833
0.060000 0.994836
0.064000 0.994840
0.068000 0.994843
0.072000 0.994845
0.076000 0.994848
0.080000 0.994851
0.084000 0.994853
0.088000 0.994855
0.092000 0.994858
0.096000 0.994860
0.100000 0.994862
0.104000 0.994863
0.108000 0.994865
0.112000 0.994867
0.116000 0.994868
0.120000 0.994870
0.124000 0.994871
0.128000 0.994872
0.132000 0.994874
0.136000 0.994875
0.140000 0.994876
0.144000 0.994877
0.148000 0.994878
0.152000 0.994879
0.156000 0.994880
0.160000 0.994880
0.164000 0.994881
0.168000 0.994882
0.172000 0.994883
0.176000 0.994883
0.180000 0.994884
0.184000 0.994884
0.188000 0.994885
0.192000 0.994885
0.196000 0.994886
0.200000 0.994886
0.204000 0.994887
0.208000 0.994887
0.212000 0.994887
0.216000 0.994888
0.220000 0.994888
0.224000 0.994888
0.228000 0.994889
0.232000 0.994889
0.236000 0.994889
0.240000 0.994889
0.244000 0.994889
0.248000 0.994890
0.252000 0.994890
0.256000 0.994890
0.260000 0.994890
0.264000 0.994890
0.268000 0.994890
0.272000 0.994890
0.276000 0.994891
0.280000 0.994891
0.284000 0.994891
0.288000 0.994891
0.292000 0.994891
0.296000 0.994891
0.300000 0.994891
0.304000 0.994891
0.308000 0.994891
0.312000 0.994891
0.316000 0.994891
0.320000 0.994891
0.324000 0.994891
0.328000 0.994891
0.332000 0.994892
0.336000 0.994892
0.340000 0.994892
0.344000 0.994892
0.348000 0.994892
0.352000 0.994892
0.356000 0.994892
0.360000 0.994892
0.364000 0.994892
0.368000 0.994892
0.372000 0.994892
0.376000 0.994892
0.380000 0.994892
0.384000 0.994892
0.388000 0.994892
0.392000 0.994892
0.396000 0.994892
0.400000 0.994892
0.404000 0.994892
0.408000 0.994892
0.412000 0.994892
0.416000 0.994892
0.420000 0.994892
0.424000 0.994892
0.428000 0.994892
0.432000 0.994892
0.436000 0.994892
0.440000 0.994892
0.444000 0.994892
0.448000 0.994892
0.452000 0.994892
0.456000 0.994892
0.460000 0.994892
0.464000 0.994892
0.468000 0.994892
0.472000 0.994892
0.476000 0.994892
0.480000 0.994892
0.484000 0.994892
0.488000 0.994892
0.492000 0.994892
0.496000 0.994892
0.500000 0.994892
0.504000 0.994892
0.508000 0.994892
0.512000 0.994892
0.516000 0.994892
0.520000 0.994892
0.524000 0.994892
0.528000 0.994892
0.532000 0.994892
0.536000 0.994892
0.540000 0.994892
0.544000 0.994892
0.548000 0.994892
0.552000 0.994892
0.556000 0.994892
0.560000 0.994892
0.564000 0.994892
0.568000 0.994892
0.572000 0.994892
0.576000 0.994892
0.580000 0.994892
0.584000 0.994892
0.588000 0.994892
0.592000 0.994892
0.596000 0.994892
0.600000 0.994892
0.604000 0.994892
0.608000 0.994892
0.612000 0.994892
0.616000 0.994892
0.620000 0.994892
0.624000 0.994892
0.628000 0.994892
0.632000 0.994892
0.636000 0.994892
0.640000 0.994892
0.644000 0.994892
0.648000 0.994892
0.652000 0.994892
0.656000 0.994892
0.660000 0.994892
0.664000 0.994892
0.668000 0.994892
0.672000 0.994892
0.676000 0.994892
0.680000 0.994892
0.684000 0.994892
0.688000 0.994892
0.692000 0.994892
0.696000 0.994892
0.700000 0.994892
0.704000 0.994892
0.708000 0.994892
0.712000 0.994892
0.716000 0.994892
0.720000 0.994892
0.724000 0.994892
0.728000 0.994892
0.732000 0.994892
0.736000 0.994892
0.740000 0.994892
0.744000 0.994892
0.748000 0.994892
0.752000 0.994892
0.756000 0.994892
0.760000 0.994892
0.764000 0.994892
0.768000 0.994892
0.772000 0.994892
0.776000 0.994892
0.780000 0.994892
0.784000 0.994892
0.788000 0.994892
0.792000 0.994892
0.796000 0.994892
0.800000 0.994892
0.804000 0.994892
0.808000 0.994892
0.812000 0.994892
0.816000 0.994892
0.820000 0.994892
0.824000 0.994892
0.828000 0.994892
0.832000 0.994892
0.836000 0.994892
0.840000 0.994892
0.844000 0.994892
0.848000 0.994892
0.852000 0.994892
0.856000 0.994892
0.860000 0.994892
0.864000 0.994892
0.868000 0.994892
0.872000 0.994892
0.876000 0.994892
0.880000 0.994892
0.884000 0.994892
0.888000 0.994892
0.892000 0.994892
0.896000 0.994892
0.900000 0.994892
0.904000 0.994892
0.908000 0.994892
0.912000 0.994892
0.916000 0.994892
0.920000 0.994892
0.924000 0.994892
0.928000 0.994892
0.932000 0.994892
0.936000 0.994892
0.940000 0.994892
0.944000 0.994892
0.948000 0.994892
0.952000 0.994892
0.956000 0.994892
0.960000 0.994892
0.964000 0.994892
0.968000 0.994892
0.972000 0.994892
0.976000 0.994892
0.980000 0.994892
0.984000 0.994892
0.988000 0.994892
0.992000 0.994892
0.996000 0.994892
1.000000 0.994892
