-1.000000 0.991037
-0.996000 0.991037
-0.992000 0.991037
-0.988000 0.991037
-0.984000 0.991037
-0.980000 0.991037
-0.976000 0.991037
-0.972000 0.991037
-0.968000 0.991037
-0.964000 0.991037
-0.960000 0.991037
-0.956000 0.991037
-0.952000 0.991037
-0.948000 0.991037
-0.944000 0.991037
-0.940000 0.991037
-0.936000 0.991037
-0.932000 0.991037
-0.928000 0.991037
-0.924000 0.991037
-0.920000 0.991037
-0.916000 0.991037
-0.912000 0.991037
-0.908000 0.991037
-0.904000 0.991037
-0.900000 0.991037
-0.896000 0.991037
-0.892000 0.991037
-0.888000 0.991037
-0.884000 0.991037
-0.880000 0.991037
-0.876000 0.991037
-0.872000 0.991037
-0.868000 0.991037
-0.864000 0.991037
-0.860000 0.991037
-0.856000 0.991037
-0.852000 0.991037
-0.848000 0.991037
-0.844000 0.991037
-0.840000 0.991037
-0.836000 0.991037
-0.832000 0.991037
-0.828000 0.991037
-0.824000 0.991037
-0.820000 0.991037
-0.816000 0.991037
-0.812000 0.991037
-0.808000 0.991037
-0.804000 0.991037
-0.800000 0.991037
-0.796000 0.991037
-0.792000 0.991037
-0.788000 0.991037
-0.784000 0.991037
-0.780000 0.991037
-0.776000 0.991037
-0.772000 0.991037
-0.768000 0.991037
-0.764000 0.991037
-0.760000 0.991037
-0.756000 0.991037
-0.752000 0.991037
-0.748000 0.991037
-0.744000 0.991037
-0.740000 0.991037
-0.736000 0.991037
-0.732000 0.991037
-0.728000 0.991037
-0.724000 0.991037
-0.720000 0.991037
-0.716000 0.991037
-0.712000 0.991037
-0.708000 0.991037
-0.704000 0.991037
-0.700000 0.991037
-0.696000 0.991037
-0.692000 0.991037
-0.688000 0.991037
-0.684000 0.991037
-0.680000 0.991037
-0.676000 0.991037
-0.672000 0.991037
-0.668000 0.991037
-0.664000 0.991037
-0.660000 0.991037
-0.656000 0.991037
-0.652000 0.991037
-0.648000 0.991037
-0.644000 0.991037
-0.640000 0.991037
-0.636000 0.991037
-0.632000 0.991037
-0.628000 0.991037
-0.624000 0.991037
-0.620000 0.991037
-0.616000 0.991037
-0.612000 0.991037
-0.608000 0.991037
-0.604000 0.991037
-0.600000 0.991037
-0.596000 0.991037
-0.592000 0.991037
-0.588000 0.991037
-0.584000 0.991037
-0.580000 0.991037
-0.576000 0.991037
-0.572000 0.991037
-0.568000 0.991037
-0.564000 0.991037
-0.560000 0.991037
-0.556000 0.991037
-0.552000 0.991037
-0.548000 0.991037
-0.544000 0.991037
-0.540000 0.991037
-0.536000 0.991037
-0.532000 0.991037
-0.528000 0.991037
-0.524000 0.991037
-0.520000 0.991037
-0.516000 0.991037
-0.512000 0.991037
-0.508000 0.991037
-0.504000 0.991037
-0.500000 0.991037
-0.496000 0.991037
-0.492000 0.991038
-0.488000 0.991038
-0.484000 0.991038
-0.480000 0.991038
-0.476000 0.991038
-0.472000 0.991038
-0.468000 0.991038
-0.464000 0.991038
-0.460000 0.991038
-0.456000 0.991038
-0.452000 0.991038
-0.448000 0.991038
-0.444000 0.991039
-0.440000 0.991039
-0.436000 0.991039
-0.432000 0.991039
-0.428000 0.991039
-0.424000 0.991039
-0.420000 0.991040
-0.416000 0.991040
-0.412000 0.991040
-0.408000 0.991040
-0.404000 0.991041
-0.400000 0.991041
-0.396000 0.991041
-0.392000 0.991042
-0.388000 0.991042
-0.384000 0.991042
-0.380000 0.991043
-0.376000 0.991043
-0.372000 0.991044
-0.368000 0.991044
-0.364000 0.991045
-0.360000 0.991045
-0.356000 0.991046
-0.352000 0.991047
-0.348000 0.991047
-0.344000 0.991048
-0.340000 0.991049
-0.336000 0.991050
-0.332000 0.991051
-0.328000 0.991052
-0.324000 0.991053
-0.320000 0.991054
-0.316000 0.991055
-0.312000 0.991056
-0.308000 0.991057
-0.304000 0.991059
-0.300000 0.991060
-0.296000 0.991062
-0.292000 0.991063
-0.288000 0.991065
-0.284000 0.991067
-0.280000 0.991069
-0.276000 0.991071
-0.272000 0.991073
-0.268000 0.991075
-0.264000 0.991078
-0.260000 0.991080
-0.256000 0.991083
-0.252000 0.991085
-0.248000 0.991088
-0.244000 0.991091
-0.240000 0.991094
-0.236000 0.991098
-0.232000 0.991101
-0.228000 0.991105
-0.224000 0.991109
-0.220000 0.991113
-0.216000 0.991117
-0.212000 0.991121
-0.208000 0.991126
-0.204000 0.991131
-0.200000 0.991136
-0.196000 0.991141
-0.192000 0.991146
-0.188000 0.991152
-0.184000 0.991158
-0.180000 0.991164
-0.176000 0.991170
-0.172000 0.991177
-0.168000 0.991184
-0.164000 0.991191
-0.160000 0.991198
-0.156000 0.991206
-0.152000 0.991214
-0.148000 0.991222
-0.144000 0.991231
-0.140000 0.991240
-0.136000 0.991249
-0.132000 0.991258
-0.128000 0.991268
-0.124000 0.991278
-0.120000 0.991289
-0.116000 0.991300
-0.112000 0.991311
-0.108000 0.991322
-0.104000 0.991334
-0.100000 0.991346
-0.096000 0.991359
-0.092000 0.991372
-0.088000 0.991385
-0.084000 0.991399
-0.080000 0.991413
-0.076000 0.991428
-0.072000 0.991442
-0.068000 0.991458
-0.064000 0.991473
-0.060000 0.991489
-0.056000 0.991506
-0.052000 0.991522
-0.048000 0.991540
-0.044000 0.991557
-0.040000 0.991575
-0.036000 0.991594
-0.032000 0.991612
-0.028000 0.991632
-0.024000 0.991651
-0.020000 0.991671
-0.016000 0.991691
-0.012000 0.991712
-0.008000 0.991733
-0.004000 0.991755
0.000000 0.991777
0.004000 0.991799
0.008000 0.991822
0.012000 0.991845
0.016000 0.991868
0.020000 0.991892
0.024000 0.991916
0.028000 0.991941
0.032000 0.991966
0.036000 0.991991
0.040000 0.992017
0.044000 0.992042
0.048000 0.992069
0.052000 0.992095
0.056000 0.992122
0.060000 0.992149
0.064000 0.992176
0.068000 0.992204
0.072000 0.992232
0.076000 0.992260
0.080000 0.992289
0.084000 0.992317
0.088000 0.992346
0.092000 0.992375
0.096000 0.992405
0.100000 0.992434
0.104000 0.992464
0.108000 0.992494
0.112000 0.992524
0.116000 0.992554
0.120000 0.992585
0.124000 0.992615
0.128000 0.992646
0.132000 0.992676
0.136000 0.992707
0.140000 0.992738
0.144000 0.992769
0.148000 0.992800
0.152000 0.992831
0.156000 0.992862
0.160000 0.992893
0.164000 0.992924
0.168000 0.992955
0.172000 0.992986
0.176000 0.993017
0.180000 0.993048
0.184000 0.993078
0.188000 0.993109
0.192000 0.993140
0.196000 0.993170
0.200000 0.993201
0.204000 0.993231
0.208000 0.993261
0.212000 0.993291
0.216000 0.993321
0.220000 0.993351
0.224000 0.993381
0.228000 0.993410
0.232000 0.993439
0.236000 0.993468
0.240000 0.993497
0.244000 0.993525
0.248000 0.993554
0.252000 0.993582
0.256000 0.993609
0.260000 0.993637
0.264000 0.993664
0.268000 0.993691
0.272000 0.993718
0.276000 0.993744
0.280000 0.993770
0.284000 0.993796
0.288000 0.993822
0.292000 0.993847
0.296000 0.993872
0.300000 0.993896
0.304000 0.993920
0.308000 0.993944
0.312000 0.993968
0.316000 0.993991
0.320000 0.994014
0.324000 0.994036
0.328000 0.994058
0.332000 0.994080
0.336000 0.994102
0.340000 0.994123
0.344000 0.994143
0.348000 0.994164
0.352000 0.994184
0.356000 0.994203
0.360000 0.994222
0.364000 0.994241
0.368000 0.994260
0.372000 0.994278
0.376000 0.994296
0.380000 0.994313
0.384000 0.994330
0.388000 0.994347
0.392000 0.994363
0.396000 0.994379
0.400000 0.994395
0.404000 0.994410
0.408000 0.994425
0.412000 0.994440
0.416000 0.994454
0.420000 0.994468
0.424000 0.994482
0.428000 0.994495
0.432000 0.994508
0.436000 0.994521
0.440000 0.994533
0.444000 0.994545
0.448000 0.994557
0.452000 0.994568
0.456000 0.994579
0.460000 0.994590
0.464000 0.994600
0.468000 0.994611
0.472000 0.994621
0.476000 0.994630
0.480000 0.994640
0.484000 0.994649
0.488000 0.994658
0.492000 0.994666
0.496000 0.994674
0.500000 0.994682
0.504000 0.994690
0.508000 0.994698
0.512000 0.994705
0.516000 0.994712
0.520000 0.994719
0.524000 0.994726
0.528000 0.994732
0.532000 0.994739
0.536000 0.994745
0.540000 0.994750
0.544000 0.994756
0.548000 0.994762
0.552000 0.994767
0.556000 0.994772
0.560000 0.994777
0.564000 0.994782
0.568000 0.994786
0.572000 0.994791
0.576000 0.994795
0.580000 0.994799
0.584000 0.994803
0.588000 0.994807
0.592000 0.994810
0.596000 0.994814
0.600000 0.994817
0.604000 0.994820
0.608000 0.994824
0.612000 0.994827
0.616000 0.994830
0.620000 0.994832
0.624000 0.994835
0.628000 0.994838
0.632000 0.994840
0.636000 0.994842
0.640000 0.994845
0.644000 0.994847
0.648000 0.994849
0.652000 0.994851
0.656000 0.994853
0.660000 0.994855
0.664000 0.994856
0.668000 0.994858
0.672000 0.994860
0.676000 0.994861
0.680000 0.994863
0.684000 0.994864
0.688000 0.994866
0.692000 0.994867
0.696000 0.994868
0.700000 0.994869
0.704000 0.994870
0.708000 0.994872
0.712000 0.994873
0.716000 0.994874
0.720000 0.994874
0.724000 0.994875
0.728000 0.994876
0.732000 0.994877
0.736000 0.994878
0.740000 0.994879
0.744000 0.994879
0.748000 0.994880
0.752000 0.994881
0.756000 0.994881
0.760000 0.994882
0.764000 0.994882
0.768000 0.994883
0.772000 0.994883
0.776000 0.994884
0.780000 0.994884
0.784000 0.994885
0.788000 0.994885
0.792000 0.994885
0.796000 0.994886
0.800000 0.994886
0.804000 0.994886
0.808000 0.994887
0.812000 0.994887
0.816000 0.994887
0.820000 0.994888
0.824000 0.994888
0.828000 0.994888
0.832000 0.994888
0.836000 0.994889
0.840000 0.994889
0.844000 0.994889
0.848000 0.994889
0.852000 0.994889
0.856000 0.994889
0.860000 0.994890
0.864000 0.994890
0.868000 0.994890
0.872000 0.994890
0.876000 0.994890
0.880000 0.994890
0.884000 0.994890
0.888000 0.994890
0.892000 0.994891
0.896000 0.994891
0.900000 0.994891
0.904000 0.994891
0.908000 0.994891
0.912000 0.994891
0.916000 0.994891
0.920000 0.994891
0.924000 0.994891
0.928000 0.994891
0.932000 0.994891
0.936000 0.994891
0.940000 0.994891
0.944000 0.994891
0.948000 0.994891
0.952000 0.994891
0.956000 0.994891
0.960000 0.994891
0.964000 0.994892
0.968000 0.994892
0.972000 0.994892
0.976000 0.994892
0.980000 0.994892
0.984000 0.994892
0.988000 0.994892
0.992000 0.994892
0.996000 0.994892
1.000000 0.994892
