-1.000000 0.992919
-0.996000 0.992919
-0.992000 0.992919
-0.988000 0.992919
-0.984000 0.992919
-0.980000 0.992919
-0.976000 0.992919
-0.972000 0.992919
-0.968000 0.992919
-0.964000 0.992919
-0.960000 0.992919
-0.956000 0.992919
-0.952000 0.992919
-0.948000 0.992919
-0.944000 0.992919
-0.940000 0.992919
-0.936000 0.992919
-0.932000 0.992919
-0.928000 0.992919
-0.924000 0.992919
-0.920000 0.992919
-0.916000 0.992919
-0.912000 0.992919
-0.908000 0.992919
-0.904000 0.992919
-0.900000 0.992919
-0.896000 0.992919
-0.892000 0.992919
-0.888000 0.992919
-0.884000 0.992919
-0.880000 0.992919
-0.876000 0.992919
-0.872000 0.992919
-0.868000 0.992919
-0.864000 0.992919
-0.860000 0.992919
-0.856000 0.992919
-0.852000 0.992919
-0.848000 0.992919
-0.844000 0.992919
-0.840000 0.992919
-0.836000 0.992919
-0.832000 0.992919
-0.828000 0.992919
-0.824000 0.992919
-0.820000 0.992919
-0.816000 0.992919
-0.812000 0.992919
-0.808000 0.992919
-0.804000 0.992919
-0.800000 0.992919
-0.796000 0.992919
-0.792000 0.992919
-0.788000 0.992919
-0.784000 0.992919
-0.780000 0.992919
-0.776000 0.992919
-0.772000 0.992919
-0.768000 0.992919
-0.764000 0.992919
-0.760000 0.992919
-0.756000 0.992919
-0.752000 0.992919
-0.748000 0.992919
-0.744000 0.992919
-0.740000 0.992919
-0.736000 0.992919
-0.732000 0.992919
-0.728000 0.992919
-0.724000 0.992919
-0.720000 0.992919
-0.716000 0.992919
-0.712000 0.992919
-0.708000 0.992919
-0.704000 0.992919
-0.700000 0.992919
-0.696000 0.992919
-0.692000 0.992919
-0.688000 0.992919
-0.684000 0.992919
-0.680000 0.992919
-0.676000 0.992919
-0.672000 0.992919
-0.668000 0.992919
-0.664000 0.992919
-0.660000 0.992919
-0.656000 0.992919
-0.652000 0.992919
-0.648000 0.992919
-0.644000 0.992919
-0.640000 0.992919
-0.636000 0.992919
-0.632000 0.992919
-0.628000 0.992919
-0.624000 0.992919
-0.620000 0.992919
-0.616000 0.992919
-0.612000 0.992919
-0.608000 0.992919
-0.604000 0.992919
-0.600000 0.992919
-0.596000 0.992919
-0.592000 0.992919
-0.588000 0.992919
-0.584000 0.992919
-0.580000 0.992919
-0.576000 0.992919
-0.572000 0.992919
-0.568000 0.992919
-0.564000 0.992919
-0.560000 0.992919
-0.556000 0.992919
-0.552000 0.992919
-0.548000 0.992919
-0.544000 0.992919
-0.540000 0.992919
-0.536000 0.992919
-0.532000 0.992919
-0.528000 0.992919
-0.524000 0.992919
-0.520000 0.992919
-0.516000 0.992919
-0.512000 0.992919
-0.508000 0.992919
-0.504000 0.992919
-0.500000 0.992919
-0.496000 0.992920
-0.492000 0.992920
-0.488000 0.992920
-0.484000 0.992920
-0.480000 0.992920
-0.476000 0.992920
-0.472000 0.992920
-0.468000 0.992920
-0.464000 0.992920
-0.460000 0.992920
-0.456000 0.992920
-0.452000 0.992920
-0.448000 0.992921
-0.444000 0.992921
-0.440000 0.992921
-0.436000 0.992921
-0.432000 0.992921
-0.428000 0.992921
-0.424000 0.992922
-0.420000 0.992922
-0.416000 0.992922
-0.412000 0.992922
-0.408000 0.992923
-0.404000 0.992923
-0.400000 0.992923
-0.396000 0.992924
-0.392000 0.992924
-0.388000 0.992925
-0.384000 0.992925
-0.380000 0.992926
-0.376000 0.992926
-0.372000 0.992927
-0.368000 0.992927
-0.364000 0.992928
-0.360000 0.992929
-0.356000 0.992929
-0.352000 0.992930
-0.348000 0.992931
-0.344000 0.992932
-0.340000 0.992933
-0.336000 0.992934
-0.332000 0.992935
-0.328000 0.992936
-0.324000 0.992938
-0.320000 0.992939
-0.316000 0.992940
-0.312000 0.992942
-0.308000 0.992944
-0.304000 0.992945
-0.300000 0.992947
-0.296000 0.992949
-0.292000 0.992951
-0.288000 0.992953
-0.284000 0.992956
-0.280000 0.992958
-0.276000 0.992961
-0.272000 0.992963
-0.268000 0.992966
-0.264000 0.992969
-0.260000 0.992972
-0.256000 0.992976
-0.252000 0.992979
-0.248000 0.992983
-0.244000 0.992987
-0.240000 0.992991
-0.236000 0.992995
-0.232000 0.993000
-0.228000 0.993005
-0.224000 0.993010
-0.220000 0.993015
-0.216000 0.993021
-0.212000 0.993027
-0.208000 0.993033
-0.204000 0.993039
-0.200000 0.993046
-0.196000 0.993053
-0.192000 0.993060
-0.188000 0.993068
-0.184000 0.993076
-0.180000 0.993084
-0.176000 0.993093
-0.172000 0.993102
-0.168000 0.993111
-0.164000 0.993121
-0.160000 0.993131
-0.156000 0.993142
-0.152000 0.993153
-0.148000 0.993165
-0.144000 0.993177
-0.140000 0.993189
-0.136000 0.993202
-0.132000 0.993215
-0.128000 0.993229
-0.124000 0.993244
-0.120000 0.993258
-0.116000 0.993274
-0.112000 0.993290
-0.108000 0.993306
-0.104000 0.993323
-0.100000 0.993341
-0.096000 0.993359
-0.092000 0.993378
-0.088000 0.993398
-0.084000 0.993418
-0.080000 0.993438
-0.076000 0.993459
-0.072000 0.993481
-0.068000 0.993504
-0.064000 0.993527
-0.060000 0.993551
-0.056000 0.993575
-0.052000 0.993600
-0.048000 0.993626
-0.044000 0.993653
-0.040000 0.993680
-0.036000 0.993708
-0.032000 0.993736
-0.028000 0.993766
-0.024000 0.993796
-0.020000 0.993826
-0.016000 0.993858
-0.012000 0.993890
-0.008000 0.993923
-0.004000 0.993956
0.000000 0.993990
0.004000 0.994025
0.008000 0.994061
0.012000 0.994097
0.016000 0.994134
0.020000 0.994172
0.024000 0.994210
0.028000 0.994249
0.032000 0.994289
0.036000 0.994330
0.040000 0.994371
0.044000 0.994412
0.048000 0.994455
0.052000 0.994498
0.056000 0.994542
0.060000 0.994586
0.064000 0.994631
0.068000 0.994676
0.072000 0.994723
0.076000 0.994769
0.080000 0.994817
0.084000 0.994864
0.088000 0.994913
0.092000 0.994962
0.096000 0.995011
0.100000 0.995061
0.104000 0.995111
0.108000 0.995162
0.112000 0.995213
0.116000 0.995265
0.120000 0.995317
0.124000 0.995370
0.128000 0.995422
0.132000 0.995476
0.136000 0.995529
0.140000 0.995583
0.144000 0.995637
0.148000 0.995692
0.152000 0.995746
0.156000 0.995801
0.160000 0.995856
0.164000 0.995911
0.168000 0.995967
0.172000 0.996022
0.176000 0.996078
0.180000 0.996134
0.184000 0.996190
0.188000 0.996246
0.192000 0.996301
0.196000 0.996357
0.200000 0.996413
0.204000 0.996469
0.208000 0.996525
0.212000 0.996581
0.216000 0.996637
0.220000 0.996692
0.224000 0.996747
0.228000 0.996803
0.232000 0.996858
0.236000 0.996913
0.240000 0.996967
0.244000 0.997022
0.248000 0.997076
0.252000 0.997130
0.256000 0.997183
0.260000 0.997236
0.264000 0.997289
0.268000 0.997342
0.272000 0.997394
0.276000 0.997446
0.280000 0.997497
0.284000 0.997548
0.288000 0.997598
0.292000 0.997649
0.296000 0.997698
0.300000 0.997747
0.304000 0.997796
0.308000 0.997844
0.312000 0.997892
0.316000 0.997939
0.320000 0.997985
0.324000 0.998031
0.328000 0.998077
0.332000 0.998122
0.336000 0.998166
0.340000 0.998210
0.344000 0.998253
0.348000 0.998295
0.352000 0.998337
0.356000 0.998378
0.360000 0.998419
0.364000 0.998459
0.368000 0.998499
0.372000 0.998537
0.376000 0.998576
0.380000 0.998613
0.384000 0.998650
0.388000 0.998686
0.392000 0.998722
0.396000 0.998757
0.400000 0.998791
0.404000 0.998825
0.408000 0.998858
0.412000 0.998891
0.416000 0.998922
0.420000 0.998953
0.424000 0.998984
0.428000 0.999014
0.432000 0.999043
0.436000 0.999072
0.440000 0.999100
0.444000 0.999127
0.448000 0.999154
0.452000 0.999180
0.456000 0.999206
0.460000 0.999231
0.464000 0.999255
0.468000 0.999279
0.472000 0.999302
0.476000 0.999325
0.480000 0.999347
0.484000 0.999368
0.488000 0.999389
0.492000 0.999410
0.496000 0.999430
0.500000 0.999449
0.504000 0.999468
0.508000 0.999486
0.512000 0.999504
0.516000 0.999521
0.520000 0.999538
0.524000 0.999555
0.528000 0.999571
0.532000 0.999586
0.536000 0.999601
0.540000 0.999616
0.544000 0.999630
0.548000 0.999643
0.552000 0.999657
0.556000 0.999670
0.560000 0.999682
0.564000 0.999694
0.568000 0.999706
0.572000 0.999717
0.576000 0.999728
0.580000 0.999739
0.584000 0.999749
0.588000 0.999759
0.592000 0.999768
0.596000 0.999778
0.600000 0.999787
0.604000 0.999795
0.608000 0.999804
0.612000 0.999812
0.616000 0.999819
0.620000 0.999827
0.624000 0.999834
0.628000 0.999841
0.632000 0.999848
0.636000 0.999854
0.640000 0.999860
0.644000 0.999866
0.648000 0.999872
0.652000 0.999878
0.656000 0.999883
0.660000 0.999888
0.664000 0.999893
0.668000 0.999898
0.672000 0.999902
0.676000 0.999907
0.680000 0.999911
0.684000 0.999915
0.688000 0.999919
0.692000 0.999923
0.696000 0.999926
0.700000 0.999930
0.704000 0.999933
0.708000 0.999936
0.712000 0.999939
0.716000 0.999942
0.720000 0.999945
0.724000 0.999947
0.728000 0.999950
0.732000 0.999952
0.736000 0.999955
0.740000 0.999957
0.744000 0.999959
0.748000 0.999961
0.752000 0.999963
0.756000 0.999965
0.760000 0.999966
0.764000 0.999968
0.768000 0.999970
0.772000 0.999971
0.776000 0.999973
0.780000 0.999974
0.784000 0.999975
0.788000 0.999977
0.792000 0.999978
0.796000 0.999979
0.800000 0.999980
0.804000 0.999981
0.808000 0.999982
0.812000 0.999983
0.816000 0.999984
0.820000 0.999985
0.824000 0.999986
0.828000 0.999986
0.832000 0.999987
0.836000 0.999988
0.840000 0.999988
0.844000 0.999989
0.848000 0.999990
0.852000 0.999990
0.856000 0.999991
0.860000 0.999991
0.864000 0.999992
0.868000 0.999992
0.872000 0.999993
0.876000 0.999993
0.880000 0.999993
0.884000 0.999994
0.888000 0.999994
0.892000 0.999995
0.896000 0.999995
0.900000 0.999995
0.904000 0.999995
0.908000 0.999996
0.912000 0.999996
0.916000 0.999996
0.920000 0.999996
0.924000 0.999997
0.928000 0.999997
0.932000 0.999997
0.936000 0.999997
0.940000 0.999997
0.944000 0.999998
0.948000 0.999998
0.952000 0.999998
0.956000 0.999998
0.960000 0.999998
0.964000 0.999998
0.968000 0.999998
0.972000 0.999998
0.976000 0.999999
0.980000 0.999999
0.984000 0.999999
0.988000 0.999999
0.992000 0.999999
0.996000 0.999999
1.000000 0.999999
