-1.000000 0.997928
-0.996000 0.997928
-0.992000 0.997928
-0.988000 0.997928
-0.984000 0.997928
-0.980000 0.997928
-0.976000 0.997928
-0.972000 0.997928
-0.968000 0.997928
-0.964000 0.997928
-0.960000 0.997928
-0.956000 0.997928
-0.952000 0.997928
-0.948000 0.997928
-0.944000 0.997928
-0.940000 0.997928
-0.936000 0.997928
-0.932000 0.997928
-0.928000 0.997928
-0.924000 0.997928
-0.920000 0.997928
-0.916000 0.997928
-0.912000 0.997928
-0.908000 0.997928
-0.904000 0.997928
-0.900000 0.997928
-0.896000 0.997928
-0.892000 0.997928
-0.888000 0.997928
-0.884000 0.997928
-0.880000 0.997928
-0.876000 0.997928
-0.872000 0.997928
-0.868000 0.997928
-0.864000 0.997928
-0.860000 0.997928
-0.856000 0.997928
-0.852000 0.997928
-0.848000 0.997928
-0.844000 0.997928
-0.840000 0.997928
-0.836000 0.997928
-0.832000 0.997928
-0.828000 0.997928
-0.824000 0.997928
-0.820000 0.997928
-0.816000 0.997928
-0.812000 0.997928
-0.808000 0.997928
-0.804000 0.997928
-0.800000 0.997928
-0.796000 0.997928
-0.792000 0.997928
-0.788000 0.997928
-0.784000 0.997928
-0.780000 0.997928
-0.776000 0.997928
-0.772000 0.997928
-0.768000 0.997928
-0.764000 0.997928
-0.760000 0.997928
-0.756000 0.997928
-0.752000 0.997928
-0.748000 0.997928
-0.744000 0.997928
-0.740000 0.997928
-0.736000 0.997928
-0.732000 0.997928
-0.728000 0.997928
-0.724000 0.997928
-0.720000 0.997928
-0.716000 0.997928
-0.712000 0.997928
-0.708000 0.997928
-0.704000 0.997928
-0.700000 0.997928
-0.696000 0.997928
-0.692000 0.997928
-0.688000 0.997928
-0.684000 0.997928
-0.680000 0.997928
-0.676000 0.997928
-0.672000 0.997928
-0.668000 0.997928
-0.664000 0.997928
-0.660000 0.997928
-0.656000 0.997928
-0.652000 0.997928
-0.648000 0.997928
-0.644000 0.997928
-0.640000 0.997928
-0.636000 0.997928
-0.632000 0.997928
-0.628000 0.997928
-0.624000 0.997928
-0.620000 0.997928
-0.616000 0.997928
-0.612000 0.997928
-0.608000 0.997928
-0.604000 0.997928
-0.600000 0.997928
-0.596000 0.997928
-0.592000 0.997928
-0.588000 0.997928
-0.584000 0.997928
-0.580000 0.997928
-0.576000 0.997928
-0.572000 0.997928
-0.568000 0.997928
-0.564000 0.997928
-0.560000 0.997928
-0.556000 0.997928
-0.552000 0.997928
-0.548000 0.997928
-0.544000 0.997928
-0.540000 0.997928
-0.536000 0.997928
-0.532000 0.997928
-0.528000 0.997928
-0.524000 0.997928
-0.520000 0.997928
-0.516000 0.997928
-0.512000 0.997928
-0.508000 0.997928
-0.504000 0.997928
-0.500000 0.997928
-0.496000 0.997928
-0.492000 0.997928
-0.488000 0.997928
-0.484000 0.997928
-0.480000 0.997928
-0.476000 0.997928
-0.472000 0.997928
-0.468000 0.997928
-0.464000 0.997928
-0.460000 0.997928
-0.456000 0.997928
-0.452000 0.997928
-0.448000 0.997928
-0.444000 0.997928
-0.440000 0.997928
-0.436000 0.997928
-0.432000 0.997927
-0.428000 0.997927
-0.424000 0.997927
-0.420000 0.997927
-0.416000 0.997927
-0.412000 0.997927
-0.408000 0.997927
-0.404000 0.997927
-0.400000 0.997927
-0.396000 0.997927
-0.392000 0.997927
-0.388000 0.997927
-0.384000 0.997927
-0.380000 0.997926
-0.376000 0.997926
-0.372000 0.997926
-0.368000 0.997926
-0.364000 0.997926
-0.360000 0.997926
-0.356000 0.997925
-0.352000 0.997925
-0.348000 0.997925
-0.344000 0.997925
-0.340000 0.997924
-0.336000 0.997924
-0.332000 0.997924
-0.328000 0.997923
-0.324000 0.997923
-0.320000 0.997923
-0.316000 0.997922
-0.312000 0.997922
-0.308000 0.997921
-0.304000 0.997921
-0.300000 0.997920
-0.296000 0.997920
-0.292000 0.997919
-0.288000 0.997918
-0.284000 0.997918
-0.280000 0.997917
-0.276000 0.997916
-0.272000 0.997915
-0.268000 0.997914
-0.264000 0.997913
-0.260000 0.997912
-0.256000 0.997911
-0.252000 0.997910
-0.248000 0.997909
-0.244000 0.997907
-0.240000 0.997906
-0.236000 0.997904
-0.232000 0.997903
-0.228000 0.997901
-0.224000 0.997899
-0.220000 0.997898
-0.216000 0.997896
-0.212000 0.997893
-0.208000 0.997891
-0.204000 0.997889
-0.200000 0.997886
-0.196000 0.997884
-0.192000 0.997881
-0.188000 0.997878
-0.184000 0.997875
-0.180000 0.997872
-0.176000 0.997869
-0.172000 0.997865
-0.168000 0.997861
-0.164000 0.997857
-0.160000 0.997853
-0.156000 0.997849
-0.152000 0.997844
-0.148000 0.997840
-0.144000 0.997835
-0.140000 0.997829
-0.136000 0.997824
-0.132000 0.997818
-0.128000 0.997812
-0.124000 0.997806
-0.120000 0.997800
-0.116000 0.997793
-0.112000 0.997786
-0.108000 0.997778
-0.104000 0.997770
-0.100000 0.997762
-0.096000 0.997754
-0.092000 0.997745
-0.088000 0.997736
-0.084000 0.997727
-0.080000 0.997717
-0.076000 0.997707
-0.072000 0.997696
-0.068000 0.997685
-0.064000 0.997674
-0.060000 0.997662
-0.056000 0.997649
-0.052000 0.997637
-0.048000 0.997623
-0.044000 0.997610
-0.040000 0.997596
-0.036000 0.997581
-0.032000 0.997566
-0.028000 0.997550
-0.024000 0.997534
-0.020000 0.997517
-0.016000 0.997500
-0.012000 0.997482
-0.008000 0.997464
-0.004000 0.997445
0.000000 0.997426
0.004000 0.997406
0.008000 0.997385
0.012000 0.997364
0.016000 0.997342
0.020000 0.997320
0.024000 0.997297
0.028000 0.997273
0.032000 0.997249
0.036000 0.997224
0.040000 0.997198
0.044000 0.997172
0.048000 0.997145
0.052000 0.997118
0.056000 0.997090
0.060000 0.997061
0.064000 0.997032
0.068000 0.997002
0.072000 0.996971
0.076000 0.996939
0.080000 0.996907
0.084000 0.996875
0.088000 0.996841
0.092000 0.996807
0.096000 0.996772
0.100000 0.996737
0.104000 0.996701
0.108000 0.996664
0.112000 0.996627
0.116000 0.996589
0.120000 0.996551
0.124000 0.996511
0.128000 0.996472
0.132000 0.996431
0.136000 0.996390
0.140000 0.996348
0.144000 0.996306
0.148000 0.996263
0.152000 0.996220
0.156000 0.996176
0.160000 0.996132
0.164000 0.996087
0.168000 0.996041
0.172000 0.995995
0.176000 0.995948
0.180000 0.995901
0.184000 0.995854
0.188000 0.995806
0.192000 0.995757
0.196000 0.995709
0.200000 0.995659
0.204000 0.995610
0.208000 0.995560
0.212000 0.995509
0.216000 0.995459
0.220000 0.995407
0.224000 0.995356
0.228000 0.995304
0.232000 0.995253
0.236000 0.995200
0.240000 0.995148
0.244000 0.995096
0.248000 0.995043
0.252000 0.994990
0.256000 0.994937
0.260000 0.994884
0.264000 0.994830
0.268000 0.994777
0.272000 0.994723
0.276000 0.994670
0.280000 0.994616
0.284000 0.994563
0.288000 0.994509
0.292000 0.994456
0.296000 0.994402
0.300000 0.994349
0.304000 0.994296
0.308000 0.994243
0.312000 0.994190
0.316000 0.994137
0.320000 0.994084
0.324000 0.994032
0.328000 0.993979
0.332000 0.993927
0.336000 0.993876
0.340000 0.993824
0.344000 0.993773
0.348000 0.993722
0.352000 0.993671
0.356000 0.993621
0.360000 0.993571
0.364000 0.993522
0.368000 0.993472
0.372000 0.993424
0.376000 0.993375
0.380000 0.993327
0.384000 0.993280
0.388000 0.993233
0.392000 0.993186
0.396000 0.993140
0.400000 0.993094
0.404000 0.993049
0.408000 0.993005
0.412000 0.992961
0.416000 0.992917
0.420000 0.992874
0.424000 0.992831
0.428000 0.992789
0.432000 0.992748
0.436000 0.992707
0.440000 0.992667
0.444000 0.992627
0.448000 0.992588
0.452000 0.992550
0.456000 0.992512
0.460000 0.992474
0.464000 0.992438
0.468000 0.992401
0.472000 0.992366
0.476000 0.992331
0.480000 0.992297
0.484000 0.992263
0.488000 0.992230
0.492000 0.992197
0.496000 0.992165
0.500000 0.992134
0.504000 0.992103
0.508000 0.992073
0.512000 0.992044
0.516000 0.992015
0.520000 0.991986
0.524000 0.991959
0.528000 0.991932
0.532000 0.991905
0.536000 0.991879
0.540000 0.991854
0.544000 0.991829
0.548000 0.991804
0.552000 0.991781
0.556000 0.991758
0.560000 0.991735
0.564000 0.991713
0.568000 0.991691
0.572000 0.991670
0.576000 0.991650
0.580000 0.991630
0.584000 0.991610
0.588000 0.991591
0.592000 0.991573
0.596000 0.991555
0.600000 0.991537
0.604000 0.991520
0.608000 0.991504
0.612000 0.991488
0.616000 0.991472
0.620000 0.991457
0.624000 0.991442
0.628000 0.991428
0.632000 0.991414
0.636000 0.991400
0.640000 0.991387
0.644000 0.991374
0.648000 0.991362
0.652000 0.991350
0.656000 0.991338
0.660000 0.991327
0.664000 0.991316
0.668000 0.991306
0.672000 0.991295
0.676000 0.991285
0.680000 0.991276
0.684000 0.991267
0.688000 0.991258
0.692000 0.991249
0.696000 0.991241
0.700000 0.991233
0.704000 0.991225
0.708000 0.991217
0.712000 0.991210
0.716000 0.991203
0.720000 0.991196
0.724000 0.991190
0.728000 0.991183
0.732000 0.991177
0.736000 0.991171
0.740000 0.991166
0.744000 0.991160
0.748000 0.991155
0.752000 0.991150
0.756000 0.991145
0.760000 0.991140
0.764000 0.991136
0.768000 0.991132
0.772000 0.991127
0.776000 0.991123
0.780000 0.991120
0.784000 0.991116
0.788000 0.991112
0.792000 0.991109
0.796000 0.991106
0.800000 0.991103
0.804000 0.991100
0.808000 0.991097
0.812000 0.991094
0.816000 0.991091
0.820000 0.991089
0.824000 0.991086
0.828000 0.991084
0.832000 0.991082
0.836000 0.991080
0.840000 0.991078
0.844000 0.991076
0.848000 0.991074
0.852000 0.991072
0.856000 0.991070
0.860000 0.991069
0.864000 0.991067
0.868000 0.991066
0.872000 0.991064
0.876000 0.991063
0.880000 0.991062
0.884000 0.991060
0.888000 0.991059
0.892000 0.991058
0.896000 0.991057
0.900000 0.991056
0.904000 0.991055
0.908000 0.991054
0.912000 0.991053
0.916000 0.991052
0.920000 0.991052
0.924000 0.991051
0.928000 0.991050
0.932000 0.991049
0.936000 0.991049
0.940000 0.991048
0.944000 0.991048
0.948000 0.991047
0.952000 0.991046
0.956000 0.991046
0.960000 0.991045
0.964000 0.991045
0.968000 0.991045
0.972000 0.991044
0.976000 0.991044
0.980000 0.991043
0.984000 0.991043
0.988000 0.991042
0.992000 0.991042
0.996000 0.991041
1.000000 0.991040
