-1.000000 0.997928
-0.996000 0.997928
-0.992000 0.997928
-0.988000 0.997928
-0.984000 0.997928
-0.980000 0.997928
-0.976000 0.997928
-0.972000 0.997928
-0.968000 0.997928
-0.964000 0.997928
-0.960000 0.997928
-0.956000 0.997928
-0.952000 0.997928
-0.948000 0.997928
-0.944000 0.997928
-0.940000 0.997928
-0.936000 0.997928
-0.932000 0.997928
-0.928000 0.997928
-0.924000 0.997928
-0.920000 0.997928
-0.916000 0.997928
-0.912000 0.997928
-0.908000 0.997928
-0.904000 0.997928
-0.900000 0.997928
-0.896000 0.997928
-0.892000 0.997928
-0.888000 0.997928
-0.884000 0.997928
-0.880000 0.997928
-0.876000 0.997928
-0.872000 0.997928
-0.868000 0.997928
-0.864000 0.997928
-0.860000 0.997928
-0.856000 0.997928
-0.852000 0.997928
-0.848000 0.997928
-0.844000 0.997928
-0.840000 0.997928
-0.836000 0.997928
-0.832000 0.997928
-0.828000 0.997928
-0.824000 0.997928
-0.820000 0.997927
-0.816000 0.997927
-0.812000 0.997927
-0.808000 0.997927
-0.804000 0.997927
-0.800000 0.997927
-0.796000 0.997927
-0.792000 0.997927
-0.788000 0.997927
-0.784000 0.997926
-0.780000 0.997926
-0.776000 0.997926
-0.772000 0.997926
-0.768000 0.997925
-0.764000 0.997925
-0.760000 0.997925
-0.756000 0.997924
-0.752000 0.997924
-0.748000 0.997923
-0.744000 0.997923
-0.740000 0.997922
-0.736000 0.997921
-0.732000 0.997920
-0.728000 0.997920
-0.724000 0.997919
-0.720000 0.997918
-0.716000 0.997916
-0.712000 0.997915
-0.708000 0.997914
-0.704000 0.997912
-0.700000 0.997911
-0.696000 0.997909
-0.692000 0.997907
-0.688000 0.997905
-0.684000 0.997902
-0.680000 0.997900
-0.676000 0.997897
-0.672000 0.997894
-0.668000 0.997891
-0.664000 0.997888
-0.660000 0.997884
-0.656000 0.997880
-0.652000 0.997875
-0.648000 0.997871
-0.644000 0.997866
-0.640000 0.997860
-0.636000 0.997854
-0.632000 0.997848
-0.628000 0.997842
-0.624000 0.997834
-0.620000 0.997827
-0.616000 0.997819
-0.612000 0.997810
-0.608000 0.997801
-0.604000 0.997791
-0.600000 0.997780
-0.596000 0.997769
-0.592000 0.997758
-0.588000 0.997745
-0.584000 0.997732
-0.580000 0.997718
-0.576000 0.997703
-0.572000 0.997688
-0.568000 0.997671
-0.564000 0.997654
-0.560000 0.997636
-0.556000 0.997617
-0.552000 0.997597
-0.548000 0.997576
-0.544000 0.997554
-0.540000 0.997531
-0.536000 0.997507
-0.532000 0.997482
-0.528000 0.997456
-0.524000 0.997428
-0.520000 0.997400
-0.516000 0.997370
-0.512000 0.997339
-0.508000 0.997307
-0.504000 0.997274
-0.500000 0.997239
-0.496000 0.997203
-0.492000 0.997166
-0.488000 0.997128
-0.484000 0.997088
-0.480000 0.997047
-0.476000 0.997005
-0.472000 0.996962
-0.468000 0.996917
-0.464000 0.996871
-0.460000 0.996824
-0.456000 0.996775
-0.452000 0.996725
-0.448000 0.996674
-0.444000 0.996621
-0.440000 0.996568
-0.436000 0.996513
-0.432000 0.996457
-0.428000 0.996400
-0.424000 0.996341
-0.420000 0.996282
-0.416000 0.996221
-0.412000 0.996160
-0.408000 0.996097
-0.404000 0.996033
-0.400000 0.995969
-0.396000 0.995903
-0.392000 0.995837
-0.388000 0.995769
-0.384000 0.995701
-0.380000 0.995633
-0.376000 0.995563
-0.372000 0.995493
-0.368000 0.995422
-0.364000 0.995351
-0.360000 0.995279
-0.356000 0.995206
-0.352000 0.995134
-0.348000 0.995061
-0.344000 0.994987
-0.340000 0.994914
-0.336000 0.994840
-0.332000 0.994766
-0.328000 0.994692
-0.324000 0.994618
-0.320000 0.994544
-0.316000 0.994470
-0.312000 0.994396
-0.308000 0.994323
-0.304000 0.994249
-0.300000 0.994176
-0.296000 0.994103
-0.292000 0.994031
-0.288000 0.993959
-0.284000 0.993888
-0.280000 0.993817
-0.276000 0.993747
-0.272000 0.993677
-0.268000 0.993608
-0.264000 0.993540
-0.260000 0.993472
-0.256000 0.993405
-0.252000 0.993339
-0.248000 0.993274
-0.244000 0.993210
-0.240000 0.993146
-0.236000 0.993084
-0.232000 0.993023
-0.228000 0.992962
-0.224000 0.992903
-0.220000 0.992844
-0.216000 0.992787
-0.212000 0.992730
-0.208000 0.992675
-0.204000 0.992621
-0.200000 0.992568
-0.196000 0.992516
-0.192000 0.992465
-0.188000 0.992416
-0.184000 0.992367
-0.180000 0.992320
-0.176000 0.992274
-0.172000 0.992228
-0.168000 0.992184
-0.164000 0.992142
-0.160000 0.992100
-0.156000 0.992059
-0.152000 0.992020
-0.148000 0.991981
-0.144000 0.991944
-0.140000 0.991908
-0.136000 0.991873
-0.132000 0.991839
-0.128000 0.991806
-0.124000 0.991774
-0.120000 0.991743
-0.116000 0.991713
-0.112000 0.991684
-0.108000 0.991656
-0.104000 0.991629
-0.100000 0.991603
-0.096000 0.991578
-0.092000 0.991553
-0.088000 0.991530
-0.084000 0.991507
-0.080000 0.991486
-0.076000 0.991465
-0.072000 0.991445
-0.068000 0.991425
-0.064000 0.991407
-0.060000 0.991389
-0.056000 0.991372
-0.052000 0.991356
-0.048000 0.991340
-0.044000 0.991325
-0.040000 0.991310
-0.036000 0.991297
-0.032000 0.991283
-0.028000 0.991271
-0.024000 0.991259
-0.020000 0.991247
-0.016000 0.991236
-0.012000 0.991225
-0.008000 0.991215
-0.004000 0.991206
0.000000 0.991197
0.004000 0.991188
0.008000 0.991180
0.012000 0.991172
0.016000 0.991164
0.020000 0.991157
0.024000 0.991150
0.028000 0.991144
0.032000 0.991138
0.036000 0.991132
0.040000 0.991127
0.044000 0.991121
0.048000 0.991116
0.052000 0.991112
0.056000 0.991107
0.060000 0.991103
0.064000 0.991099
0.068000 0.991095
0.072000 0.991092
0.076000 0.991088
0.080000 0.991085
0.084000 0.991082
0.088000 0.991080
0.092000 0.991077
0.096000 0.991074
0.100000 0.991072
0.104000 0.991070
0.108000 0.991068
0.112000 0.991066
0.116000 0.991064
0.120000 0.991062
0.124000 0.991060
0.128000 0.991059
0.132000 0.991057
0.136000 0.991056
0.140000 0.991055
0.144000 0.991054
0.148000 0.991053
0.152000 0.991051
0.156000 0.991050
0.160000 0.991050
0.164000 0.991049
0.168000 0.991048
0.172000 0.991047
0.176000 0.991046
0.180000 0.991046
0.184000 0.991045
0.188000 0.991045
0.192000 0.991044
0.196000 0.991044
0.200000 0.991043
0.204000 0.991043
0.208000 0.991042
0.212000 0.991042
0.216000 0.991041
0.220000 0.991041
0.224000 0.991041
0.228000 0.991041
0.232000 0.991040
0.236000 0.991040
0.240000 0.991040
0.244000 0.991040
0.248000 0.991039
0.252000 0.991039
0.256000 0.991039
0.260000 0.991039
0.264000 0.991039
0.268000 0.991039
0.272000 0.991039
0.276000 0.991038
0.280000 0.991038
0.284000 0.991038
0.288000 0.991038
0.292000 0.991038
0.296000 0.991038
0.300000 0.991038
0.304000 0.991038
0.308000 0.991038
0.312000 0.991038
0.316000 0.991038
0.320000 0.991038
0.324000 0.991038
0.328000 0.991037
0.332000 0.991037
0.336000 0.991037
0.340000 0.991037
0.344000 0.991037
0.348000 0.991037
0.352000 0.991037
0.356000 0.991037
0.360000 0.991037
0.364000 0.991037
0.368000 0.991037
0.372000 0.991037
0.376000 0.991037
0.380000 0.991037
0.384000 0.991037
0.388000 0.991037
0.392000 0.991037
0.396000 0.991037
0.400000 0.991037
0.404000 0.991037
0.408000 0.991037
0.412000 0.991037
0.416000 0.991037
0.420000 0.991037
0.424000 0.991037
0.428000 0.991037
0.432000 0.991037
0.436000 0.991037
0.440000 0.991037
0.444000 0.991037
0.448000 0.991037
0.452000 0.991037
0.456000 0.991037
0.460000 0.991037
0.464000 0.991037
0.468000 0.991037
0.472000 0.991037
0.476000 0.991037
0.480000 0.991037
0.484000 0.991037
0.488000 0.991037
0.492000 0.991037
0.496000 0.991037
0.500000 0.991037
0.504000 0.991037
0.508000 0.991037
0.512000 0.991037
0.516000 0.991037
0.520000 0.991037
0.524000 0.991037
0.528000 0.991037
0.532000 0.991037
0.536000 0.991037
0.540000 0.991037
0.544000 0.991037
0.548000 0.991037
0.552000 0.991037
0.556000 0.991037
0.560000 0.991037
0.564000 0.991037
0.568000 0.991037
0.572000 0.991037
0.576000 0.991037
0.580000 0.991037
0.584000 0.991037
0.588000 0.991037
0.592000 0.991037
0.596000 0.991037
0.600000 0.991037
0.604000 0.991037
0.608000 0.991037
0.612000 0.991037
0.616000 0.991037
0.620000 0.991037
0.624000 0.991037
0.628000 0.991037
0.632000 0.991037
0.636000 0.991037
0.640000 0.991037
0.644000 0.991037
0.648000 0.991037
0.652000 0.991037
0.656000 0.991037
0.660000 0.991037
0.664000 0.991037
0.668000 0.991037
0.672000 0.991037
0.676000 0.991037
0.680000 0.991037
0.684000 0.991037
0.688000 0.991037
0.692000 0.991037
0.696000 0.991037
0.700000 0.991037
0.704000 0.991037
0.708000 0.991037
0.712000 0.991037
0.716000 0.991037
0.720000 0.991037
0.724000 0.991037
0.728000 0.991037
0.732000 0.991037
0.736000 0.991037
0.740000 0.991037
0.744000 0.991037
0.748000 0.991037
0.752000 0.991037
0.756000 0.991037
0.760000 0.991037
0.764000 0.991037
0.768000 0.991037
0.772000 0.991037
0.776000 0.991037
0.780000 0.991037
0.784000 0.991037
0.788000 0.991037
0.792000 0.991037
0.796000 0.991037
0.800000 0.991037
0.804000 0.991037
0.808000 0.991037
0.812000 0.991037
0.816000 0.991037
0.820000 0.991037
0.824000 0.991037
0.828000 0.991037
0.832000 0.991037
0.836000 0.991037
0.840000 0.991037
0.844000 0.991037
0.848000 0.991037
0.852000 0.991037
0.856000 0.991037
0.860000 0.991037
0.864000 0.991037
0.868000 0.991037
0.872000 0.991037
0.876000 0.991037
0.880000 0.991037
0.884000 0.991037
0.888000 0.991037
0.892000 0.991037
0.896000 0.991037
0.900000 0.991037
0.904000 0.991037
0.908000 0.991037
0.912000 0.991037
0.916000 0.991037
0.920000 0.991037
0.924000 0.991037
0.928000 0.991037
0.932000 0.991037
0.936000 0.991037
0.940000 0.991037
0.944000 0.991037
0.948000 0.991037
0.952000 0.991037
0.956000 0.991037
0.960000 0.991037
0.964000 0.991037
0.968000 0.991037
0.972000 0.991037
0.976000 0.991037
0.980000 0.991037
0.984000 0.991037
0.988000 0.991037
0.992000 0.991037
0.996000 0.991037
1.000000 0.991037
