-1.000000 0.991037
-0.996000 0.991037
-0.992000 0.991037
-0.988000 0.991037
-0.984000 0.991037
-0.980000 0.991037
-0.976000 0.991037
-0.972000 0.991037
-0.968000 0.991037
-0.964000 0.991037
-0.960000 0.991037
-0.956000 0.991037
-0.952000 0.991037
-0.948000 0.991037
-0.944000 0.991037
-0.940000 0.991037
-0.936000 0.991037
-0.932000 0.991037
-0.928000 0.991037
-0.924000 0.991037
-0.920000 0.991037
-0.916000 0.991037
-0.912000 0.991037
-0.908000 0.991037
-0.904000 0.991037
-0.900000 0.991037
-0.896000 0.991037
-0.892000 0.991037
-0.888000 0.991037
-0.884000 0.991037
-0.880000 0.991037
-0.876000 0.991037
-0.872000 0.991037
-0.868000 0.991037
-0.864000 0.991037
-0.860000 0.991037
-0.856000 0.991037
-0.852000 0.991037
-0.848000 0.991037
-0.844000 0.991037
-0.840000 0.991037
-0.836000 0.991037
-0.832000 0.991037
-0.828000 0.991037
-0.824000 0.991037
-0.820000 0.991037
-0.816000 0.991037
-0.812000 0.991037
-0.808000 0.991037
-0.804000 0.991037
-0.800000 0.991037
-0.796000 0.991037
-0.792000 0.991037
-0.788000 0.991037
-0.784000 0.991037
-0.780000 0.991037
-0.776000 0.991037
-0.772000 0.991037
-0.768000 0.991037
-0.764000 0.991037
-0.760000 0.991037
-0.756000 0.991037
-0.752000 0.991037
-0.748000 0.991037
-0.744000 0.991037
-0.740000 0.991037
-0.736000 0.991037
-0.732000 0.991037
-0.728000 0.991037
-0.724000 0.991037
-0.720000 0.991037
-0.716000 0.991037
-0.712000 0.991037
-0.708000 0.991037
-0.704000 0.991037
-0.700000 0.991037
-0.696000 0.991037
-0.692000 0.991037
-0.688000 0.991037
-0.684000 0.991037
-0.680000 0.991037
-0.676000 0.991037
-0.672000 0.991037
-0.668000 0.991037
-0.664000 0.991037
-0.660000 0.991037
-0.656000 0.991037
-0.652000 0.991037
-0.648000 0.991037
-0.644000 0.991037
-0.640000 0.991037
-0.636000 0.991037
-0.632000 0.991037
-0.628000 0.991037
-0.624000 0.991037
-0.620000 0.991037
-0.616000 0.991037
-0.612000 0.991037
-0.608000 0.991037
-0.604000 0.991037
-0.600000 0.991037
-0.596000 0.991037
-0.592000 0.991037
-0.588000 0.991037
-0.584000 0.991037
-0.580000 0.991037
-0.576000 0.991037
-0.572000 0.991037
-0.568000 0.991037
-0.564000 0.991037
-0.560000 0.991037
-0.556000 0.991037
-0.552000 0.991037
-0.548000 0.991037
-0.544000 0.991037
-0.540000 0.991037
-0.536000 0.991037
-0.532000 0.991037
-0.528000 0.991037
-0.524000 0.991037
-0.520000 0.991037
-0.516000 0.991037
-0.512000 0.991037
-0.508000 0.991037
-0.504000 0.991037
-0.500000 0.991037
-0.496000 0.991037
-0.492000 0.991037
-0.488000 0.991037
-0.484000 0.991037
-0.480000 0.991037
-0.476000 0.991037
-0.472000 0.991037
-0.468000 0.991037
-0.464000 0.991037
-0.460000 0.991037
-0.456000 0.991037
-0.452000 0.991037
-0.448000 0.991037
-0.444000 0.991037
-0.440000 0.991037
-0.436000 0.991037
-0.432000 0.991037
-0.428000 0.991037
-0.424000 0.991037
-0.420000 0.991037
-0.416000 0.991037
-0.412000 0.991037
-0.408000 0.991037
-0.404000 0.991037
-0.400000 0.991037
-0.396000 0.991037
-0.392000 0.991037
-0.388000 0.991037
-0.384000 0.991037
-0.380000 0.991037
-0.376000 0.991037
-0.372000 0.991037
-0.368000 0.991037
-0.364000 0.991037
-0.360000 0.991037
-0.356000 0.991037
-0.352000 0.991037
-0.348000 0.991037
-0.344000 0.991037
-0.340000 0.991037
-0.336000 0.991037
-0.332000 0.991037
-0.328000 0.991037
-0.324000 0.991037
-0.320000 0.991037
-0.316000 0.991037
-0.312000 0.991037
-0.308000 0.991037
-0.304000 0.991037
-0.300000 0.991037
-0.296000 0.991037
-0.292000 0.991037
-0.288000 0.991037
-0.284000 0.991037
-0.280000 0.991037
-0.276000 0.991037
-0.272000 0.991037
-0.268000 0.991037
-0.264000 0.991037
-0.260000 0.991037
-0.256000 0.991037
-0.252000 0.991037
-0.248000 0.991037
-0.244000 0.991037
-0.240000 0.991037
-0.236000 0.991037
-0.232000 0.991037
-0.228000 0.991037
-0.224000 0.991037
-0.220000 0.991037
-0.216000 0.991037
-0.212000 0.991037
-0.208000 0.991037
-0.204000 0.991037
-0.200000 0.991037
-0.196000 0.991037
-0.192000 0.991037
-0.188000 0.991037
-0.184000 0.991037
-0.180000 0.991037
-0.176000 0.991037
-0.172000 0.991037
-0.168000 0.991037
-0.164000 0.991037
-0.160000 0.991037
-0.156000 0.991037
-0.152000 0.991037
-0.148000 0.991037
-0.144000 0.991037
-0.140000 0.991037
-0.136000 0.991037
-0.132000 0.991037
-0.128000 0.991037
-0.124000 0.991037
-0.120000 0.991037
-0.116000 0.991037
-0.112000 0.991037
-0.108000 0.991037
-0.104000 0.991037
-0.100000 0.991037
-0.096000 0.991037
-0.092000 0.991037
-0.088000 0.991037
-0.084000 0.991037
-0.080000 0.991037
-0.076000 0.991037
-0.072000 0.991037
-0.068000 0.991037
-0.064000 0.991037
-0.060000 0.991037
-0.056000 0.991037
-0.052000 0.991037
-0.048000 0.991037
-0.044000 0.991037
-0.040000 0.991037
-0.036000 0.991037
-0.032000 0.991037
-0.028000 0.991037
-0.024000 0.991037
-0.020000 0.991037
-0.016000 0.991037
-0.012000 0.991037
-0.008000 0.991037
-0.004000 0.991037
0.000000 0.991038
0.004000 0.991038
0.008000 0.991038
0.012000 0.991038
0.016000 0.991038
0.020000 0.991038
0.024000 0.991038
0.028000 0.991038
0.032000 0.991038
0.036000 0.991038
0.040000 0.991038
0.044000 0.991038
0.048000 0.991038
0.052000 0.991038
0.056000 0.991038
0.060000 0.991038
0.064000 0.991039
0.068000 0.991039
0.072000 0.991039
0.076000 0.991039
0.080000 0.991039
0.084000 0.991039
0.088000 0.991039
0.092000 0.991039
0.096000 0.991040
0.100000 0.991040
0.104000 0.991040
0.108000 0.991040
0.112000 0.991040
0.116000 0.991041
0.120000 0.991041
0.124000 0.991041
0.128000 0.991041
0.132000 0.991041
0.136000 0.991042
0.140000 0.991042
0.144000 0.991042
0.148000 0.991043
0.152000 0.991043
0.156000 0.991043
0.160000 0.991044
0.164000 0.991044
0.168000 0.991045
0.172000 0.991045
0.176000 0.991045
0.180000 0.991046
0.184000 0.991046
0.188000 0.991047
0.192000 0.991047
0.196000 0.991048
0.200000 0.991049
0.204000 0.991049
0.208000 0.991050
0.212000 0.991051
0.216000 0.991051
0.220000 0.991052
0.224000 0.991053
0.228000 0.991054
0.232000 0.991055
0.236000 0.991056
0.240000 0.991057
0.244000 0.991058
0.248000 0.991059
0.252000 0.991060
0.256000 0.991061
0.260000 0.991062
0.264000 0.991064
0.268000 0.991065
0.272000 0.991066
0.276000 0.991068
0.280000 0.991069
0.284000 0.991071
0.288000 0.991072
0.292000 0.991074
0.296000 0.991076
0.300000 0.991078
0.304000 0.991080
0.308000 0.991082
0.312000 0.991084
0.316000 0.991086
0.320000 0.991088
0.324000 0.991090
0.328000 0.991093
0.332000 0.991095
0.336000 0.991098
0.340000 0.991101
0.344000 0.991103
0.348000 0.991106
0.352000 0.991109
0.356000 0.991112
0.360000 0.991115
0.364000 0.991119
0.368000 0.991122
0.372000 0.991126
0.376000 0.991129
0.380000 0.991133
0.384000 0.991137
0.388000 0.991141
0.392000 0.991145
0.396000 0.991150
0.400000 0.991154
0.404000 0.991159
0.408000 0.991164
0.412000 0.991169
0.416000 0.991174
0.420000 0.991179
0.424000 0.991184
0.428000 0.991190
0.432000 0.991195
0.436000 0.991201
0.440000 0.991207
0.444000 0.991213
0.448000 0.991220
0.452000 0.991226
0.456000 0.991233
0.460000 0.991240
0.464000 0.991247
0.468000 0.991255
0.472000 0.991262
0.476000 0.991270
0.480000 0.991278
0.484000 0.991286
0.488000 0.991294
0.492000 0.991303
0.496000 0.991311
0.500000 0.991320
0.504000 0.991329
0.508000 0.991339
0.512000 0.991348
0.516000 0.991358
0.520000 0.991368
0.524000 0.991378
0.528000 0.991389
0.532000 0.991400
0.536000 0.991411
0.540000 0.991422
0.544000 0.991433
0.548000 0.991445
0.552000 0.991457
0.556000 0.991469
0.560000 0.991481
0.564000 0.991494
0.568000 0.991507
0.572000 0.991520
0.576000 0.991533
0.580000 0.991547
0.584000 0.991561
0.588000 0.991575
0.592000 0.991589
0.596000 0.991604
0.600000 0.991618
0.604000 0.991634
0.608000 0.991649
0.612000 0.991664
0.616000 0.991680
0.620000 0.991696
0.624000 0.991713
0.628000 0.991729
0.632000 0.991746
0.636000 0.991763
0.640000 0.991780
0.644000 0.991798
0.648000 0.991815
0.652000 0.991833
0.656000 0.991851
0.660000 0.991870
0.664000 0.991889
0.668000 0.991907
0.672000 0.991926
0.676000 0.991946
0.680000 0.991965
0.684000 0.991985
0.688000 0.992005
0.692000 0.992025
0.696000 0.992046
0.700000 0.992066
0.704000 0.992087
0.708000 0.992108
0.712000 0.992129
0.716000 0.992150
0.720000 0.992172
0.724000 0.992193
0.728000 0.992215
0.732000 0.992237
0.736000 0.992259
0.740000 0.992282
0.744000 0.992304
0.748000 0.992327
0.752000 0.992350
0.756000 0.992373
0.760000 0.992396
0.764000 0.992419
0.768000 0.992442
0.772000 0.992466
0.776000 0.992489
0.780000 0.992513
0.784000 0.992537
0.788000 0.992560
0.792000 0.992584
0.796000 0.992608
0.800000 0.992632
0.804000 0.992656
0.808000 0.992681
0.812000 0.992705
0.816000 0.992729
0.820000 0.992754
0.824000 0.992778
0.828000 0.992802
0.832000 0.992827
0.836000 0.992851
0.840000 0.992876
0.844000 0.992900
0.848000 0.992925
0.852000 0.992949
0.856000 0.992974
0.860000 0.992998
0.864000 0.993023
0.868000 0.993047
0.872000 0.993071
0.876000 0.993096
0.880000 0.993120
0.884000 0.993144
0.888000 0.993168
0.892000 0.993193
0.896000 0.993217
0.900000 0.993241
0.904000 0.993265
0.908000 0.993288
0.912000 0.993312
0.916000 0.993336
0.920000 0.993359
0.924000 0.993383
0.928000 0.993406
0.932000 0.993429
0.936000 0.993452
0.940000 0.993475
0.944000 0.993498
0.948000 0.993521
0.952000 0.993544
0.956000 0.993567
0.960000 0.993590
0.964000 0.993614
0.968000 0.993638
0.972000 0.993662
0.976000 0.993687
0.980000 0.993714
0.984000 0.993743
0.988000 0.993775
0.992000 0.993811
0.996000 0.993853
1.000000 0.993903
