-1.000000 0.997928
-0.996000 0.997928
-0.992000 0.997928
-0.988000 0.997928
-0.984000 0.997928
-0.980000 0.997928
-0.976000 0.997928
-0.972000 0.997928
-0.968000 0.997928
-0.964000 0.997928
-0.960000 0.997928
-0.956000 0.997928
-0.952000 0.997928
-0.948000 0.997928
-0.944000 0.997928
-0.940000 0.997928
-0.936000 0.997928
-0.932000 0.997928
-0.928000 0.997928
-0.924000 0.997928
-0.920000 0.997928
-0.916000 0.997928
-0.912000 0.997928
-0.908000 0.997928
-0.904000 0.997928
-0.900000 0.997928
-0.896000 0.997928
-0.892000 0.997928
-0.888000 0.997928
-0.884000 0.997928
-0.880000 0.997928
-0.876000 0.997928
-0.872000 0.997928
-0.868000 0.997928
-0.864000 0.997928
-0.860000 0.997928
-0.856000 0.997928
-0.852000 0.997928
-0.848000 0.997928
-0.844000 0.997928
-0.840000 0.997928
-0.836000 0.997928
-0.832000 0.997928
-0.828000 0.997928
-0.824000 0.997927
-0.820000 0.997927
-0.816000 0.997927
-0.812000 0.997927
-0.808000 0.997927
-0.804000 0.997927
-0.800000 0.997927
-0.796000 0.997927
-0.792000 0.997926
-0.788000 0.997926
-0.784000 0.997926
-0.780000 0.997926
-0.776000 0.997925
-0.772000 0.997925
-0.768000 0.997925
-0.764000 0.997924
-0.760000 0.997924
-0.756000 0.997923
-0.752000 0.997923
-0.748000 0.997922
-0.744000 0.997922
-0.740000 0.997921
-0.736000 0.997920
-0.732000 0.997919
-0.728000 0.997918
-0.724000 0.997917
-0.720000 0.997916
-0.716000 0.997914
-0.712000 0.997913
-0.708000 0.997911
-0.704000 0.997909
-0.700000 0.997907
-0.696000 0.997905
-0.692000 0.997903
-0.688000 0.997901
-0.684000 0.997898
-0.680000 0.997895
-0.676000 0.997892
-0.672000 0.997888
-0.668000 0.997885
-0.664000 0.997881
-0.660000 0.997876
-0.656000 0.997872
-0.652000 0.997867
-0.648000 0.997861
-0.644000 0.997855
-0.640000 0.997849
-0.636000 0.997843
-0.632000 0.997835
-0.628000 0.997828
-0.624000 0.997820
-0.620000 0.997811
-0.616000 0.997802
-0.612000 0.997792
-0.608000 0.997781
-0.604000 0.997770
-0.600000 0.997758
-0.596000 0.997746
-0.592000 0.997733
-0.588000 0.997719
-0.584000 0.997704
-0.580000 0.997688
-0.576000 0.997672
-0.572000 0.997654
-0.568000 0.997636
-0.564000 0.997617
-0.560000 0.997597
-0.556000 0.997575
-0.552000 0.997553
-0.548000 0.997530
-0.544000 0.997506
-0.540000 0.997480
-0.536000 0.997454
-0.532000 0.997426
-0.528000 0.997397
-0.524000 0.997367
-0.520000 0.997336
-0.516000 0.997303
-0.512000 0.997270
-0.508000 0.997235
-0.504000 0.997198
-0.500000 0.997161
-0.496000 0.997122
-0.492000 0.997082
-0.488000 0.997040
-0.484000 0.996998
-0.480000 0.996953
-0.476000 0.996908
-0.472000 0.996861
-0.468000 0.996813
-0.464000 0.996764
-0.460000 0.996714
-0.456000 0.996662
-0.452000 0.996609
-0.448000 0.996554
-0.444000 0.996499
-0.440000 0.996442
-0.436000 0.996384
-0.432000 0.996325
-0.428000 0.996264
-0.424000 0.996203
-0.420000 0.996141
-0.416000 0.996077
-0.412000 0.996013
-0.408000 0.995947
-0.404000 0.995881
-0.400000 0.995814
-0.396000 0.995745
-0.392000 0.995677
-0.388000 0.995607
-0.384000 0.995537
-0.380000 0.995466
-0.376000 0.995394
-0.372000 0.995322
-0.368000 0.995249
-0.364000 0.995176
-0.360000 0.995103
-0.356000 0.995029
-0.352000 0.994955
-0.348000 0.994881
-0.344000 0.994806
-0.340000 0.994732
-0.336000 0.994657
-0.332000 0.994583
-0.328000 0.994508
-0.324000 0.994434
-0.320000 0.994359
-0.316000 0.994285
-0.312000 0.994212
-0.308000 0.994138
-0.304000 0.994065
-0.300000 0.993992
-0.296000 0.993920
-0.292000 0.993849
-0.288000 0.993777
-0.284000 0.993707
-0.280000 0.993637
-0.276000 0.993568
-0.272000 0.993500
-0.268000 0.993432
-0.264000 0.993365
-0.260000 0.993299
-0.256000 0.993234
-0.252000 0.993170
-0.248000 0.993107
-0.244000 0.993045
-0.240000 0.992983
-0.236000 0.992923
-0.232000 0.992864
-0.228000 0.992806
-0.224000 0.992749
-0.220000 0.992693
-0.216000 0.992638
-0.212000 0.992584
-0.208000 0.992531
-0.204000 0.992480
-0.200000 0.992430
-0.196000 0.992380
-0.192000 0.992332
-0.188000 0.992285
-0.184000 0.992240
-0.180000 0.992195
-0.176000 0.992152
-0.172000 0.992109
-0.168000 0.992068
-0.164000 0.992028
-0.160000 0.991989
-0.156000 0.991952
-0.152000 0.991915
-0.148000 0.991879
-0.144000 0.991845
-0.140000 0.991811
-0.136000 0.991779
-0.132000 0.991748
-0.128000 0.991717
-0.124000 0.991688
-0.120000 0.991660
-0.116000 0.991633
-0.112000 0.991606
-0.108000 0.991581
-0.104000 0.991556
-0.100000 0.991532
-0.096000 0.991510
-0.092000 0.991488
-0.088000 0.991467
-0.084000 0.991446
-0.080000 0.991427
-0.076000 0.991408
-0.072000 0.991390
-0.068000 0.991373
-0.064000 0.991356
-0.060000 0.991340
-0.056000 0.991325
-0.052000 0.991311
-0.048000 0.991297
-0.044000 0.991283
-0.040000 0.991271
-0.036000 0.991259
-0.032000 0.991247
-0.028000 0.991236
-0.024000 0.991225
-0.020000 0.991215
-0.016000 0.991206
-0.012000 0.991196
-0.008000 0.991188
-0.004000 0.991179
0.000000 0.991171
0.004000 0.991164
0.008000 0.991157
0.012000 0.991150
0.016000 0.991143
0.020000 0.991137
0.024000 0.991132
0.028000 0.991126
0.032000 0.991121
0.036000 0.991116
0.040000 0.991111
0.044000 0.991107
0.048000 0.991103
0.052000 0.991099
0.056000 0.991095
0.060000 0.991091
0.064000 0.991088
0.068000 0.991085
0.072000 0.991082
0.076000 0.991079
0.080000 0.991076
0.084000 0.991074
0.088000 0.991072
0.092000 0.991069
0.096000 0.991067
0.100000 0.991065
0.104000 0.991063
0.108000 0.991062
0.112000 0.991060
0.116000 0.991059
0.120000 0.991057
0.124000 0.991056
0.128000 0.991055
0.132000 0.991053
0.136000 0.991052
0.140000 0.991051
0.144000 0.991050
0.148000 0.991049
0.152000 0.991048
0.156000 0.991048
0.160000 0.991047
0.164000 0.991046
0.168000 0.991046
0.172000 0.991045
0.176000 0.991044
0.180000 0.991044
0.184000 0.991043
0.188000 0.991043
0.192000 0.991042
0.196000 0.991042
0.200000 0.991042
0.204000 0.991041
0.208000 0.991041
0.212000 0.991041
0.216000 0.991040
0.220000 0.991040
0.224000 0.991040
0.228000 0.991040
0.232000 0.991040
0.236000 0.991039
0.240000 0.991039
0.244000 0.991039
0.248000 0.991039
0.252000 0.991039
0.256000 0.991039
0.260000 0.991038
0.264000 0.991038
0.268000 0.991038
0.272000 0.991038
0.276000 0.991038
0.280000 0.991038
0.284000 0.991038
0.288000 0.991038
0.292000 0.991038
0.296000 0.991038
0.300000 0.991038
0.304000 0.991038
0.308000 0.991038
0.312000 0.991037
0.316000 0.991037
0.320000 0.991037
0.324000 0.991037
0.328000 0.991037
0.332000 0.991037
0.336000 0.991037
0.340000 0.991037
0.344000 0.991037
0.348000 0.991037
0.352000 0.991037
0.356000 0.991037
0.360000 0.991037
0.364000 0.991037
0.368000 0.991037
0.372000 0.991037
0.376000 0.991037
0.380000 0.991037
0.384000 0.991037
0.388000 0.991037
0.392000 0.991037
0.396000 0.991037
0.400000 0.991037
0.404000 0.991037
0.408000 0.991037
0.412000 0.991037
0.416000 0.991037
0.420000 0.991037
0.424000 0.991037
0.428000 0.991037
0.432000 0.991037
0.436000 0.991037
0.440000 0.991037
0.444000 0.991037
0.448000 0.991037
0.452000 0.991037
0.456000 0.991037
0.460000 0.991037
0.464000 0.991037
0.468000 0.991037
0.472000 0.991037
0.476000 0.991037
0.480000 0.991037
0.484000 0.991037
0.488000 0.991037
0.492000 0.991037
0.496000 0.991037
0.500000 0.991037
0.504000 0.991037
0.508000 0.991037
0.512000 0.991037
0.516000 0.991037
0.520000 0.991037
0.524000 0.991037
0.528000 0.991037
0.532000 0.991037
0.536000 0.991037
0.540000 0.991037
0.544000 0.991037
0.548000 0.991037
0.552000 0.991037
0.556000 0.991037
0.560000 0.991037
0.564000 0.991037
0.568000 0.991037
0.572000 0.991037
0.576000 0.991037
0.580000 0.991037
0.584000 0.991037
0.588000 0.991037
0.592000 0.991037
0.596000 0.991037
0.600000 0.991037
0.604000 0.991037
0.608000 0.991037
0.612000 0.991037
0.616000 0.991037
0.620000 0.991037
0.624000 0.991037
0.628000 0.991037
0.632000 0.991037
0.636000 0.991037
0.640000 0.991037
0.644000 0.991037
0.648000 0.991037
0.652000 0.991037
0.656000 0.991037
0.660000 0.991037
0.664000 0.991037
0.668000 0.991037
0.672000 0.991037
0.676000 0.991037
0.680000 0.991037
0.684000 0.991037
0.688000 0.991037
0.692000 0.991037
0.696000 0.991037
0.700000 0.991037
0.704000 0.991037
0.708000 0.991037
0.712000 0.991037
0.716000 0.991037
0.720000 0.991037
0.724000 0.991037
0.728000 0.991037
0.732000 0.991037
0.736000 0.991037
0.740000 0.991037
0.744000 0.991037
0.748000 0.991037
0.752000 0.991037
0.756000 0.991037
0.760000 0.991037
0.764000 0.991037
0.768000 0.991037
0.772000 0.991037
0.776000 0.991037
0.780000 0.991037
0.784000 0.991037
0.788000 0.991037
0.792000 0.991037
0.796000 0.991037
0.800000 0.991037
0.804000 0.991037
0.808000 0.991037
0.812000 0.991037
0.816000 0.991037
0.820000 0.991037
0.824000 0.991037
0.828000 0.991037
0.832000 0.991037
0.836000 0.991037
0.840000 0.991037
0.844000 0.991037
0.848000 0.991037
0.852000 0.991037
0.856000 0.991037
0.860000 0.991037
0.864000 0.991037
0.868000 0.991037
0.872000 0.991037
0.876000 0.991037
0.880000 0.991037
0.884000 0.991037
0.888000 0.991037
0.892000 0.991037
0.896000 0.991037
0.900000 0.991037
0.904000 0.991037
0.908000 0.991037
0.912000 0.991037
0.916000 0.991037
0.920000 0.991037
0.924000 0.991037
0.928000 0.991037
0.932000 0.991037
0.936000 0.991037
0.940000 0.991037
0.944000 0.991037
0.948000 0.991037
0.952000 0.991037
0.956000 0.991037
0.960000 0.991037
0.964000 0.991037
0.968000 0.991037
0.972000 0.991037
0.976000 0.991037
0.980000 0.991037
0.984000 0.991037
0.988000 0.991037
0.992000 0.991037
0.996000 0.991037
1.000000 0.991037
