-1.000000 0.997928
-0.996000 0.997928
-0.992000 0.997928
-0.988000 0.997928
-0.984000 0.997928
-0.980000 0.997928
-0.976000 0.997928
-0.972000 0.997928
-0.968000 0.997928
-0.964000 0.997928
-0.960000 0.997928
-0.956000 0.997928
-0.952000 0.997928
-0.948000 0.997928
-0.944000 0.997928
-0.940000 0.997928
-0.936000 0.997928
-0.932000 0.997928
-0.928000 0.997928
-0.924000 0.997928
-0.920000 0.997928
-0.916000 0.997928
-0.912000 0.997928
-0.908000 0.997928
-0.904000 0.997928
-0.900000 0.997928
-0.896000 0.997928
-0.892000 0.997928
-0.888000 0.997928
-0.884000 0.997928
-0.880000 0.997928
-0.876000 0.997928
-0.872000 0.997928
-0.868000 0.997928
-0.864000 0.997928
-0.860000 0.997928
-0.856000 0.997928
-0.852000 0.997928
-0.848000 0.997928
-0.844000 0.997928
-0.840000 0.997928
-0.836000 0.997928
-0.832000 0.997928
-0.828000 0.997928
-0.824000 0.997928
-0.820000 0.997928
-0.816000 0.997928
-0.812000 0.997928
-0.808000 0.997928
-0.804000 0.997928
-0.800000 0.997928
-0.796000 0.997928
-0.792000 0.997928
-0.788000 0.997928
-0.784000 0.997928
-0.780000 0.997928
-0.776000 0.997928
-0.772000 0.997928
-0.768000 0.997928
-0.764000 0.997928
-0.760000 0.997928
-0.756000 0.997928
-0.752000 0.997928
-0.748000 0.997928
-0.744000 0.997928
-0.740000 0.997928
-0.736000 0.997928
-0.732000 0.997928
-0.728000 0.997928
-0.724000 0.997928
-0.720000 0.997928
-0.716000 0.997928
-0.712000 0.997928
-0.708000 0.997928
-0.704000 0.997928
-0.700000 0.997928
-0.696000 0.997928
-0.692000 0.997928
-0.688000 0.997928
-0.684000 0.997928
-0.680000 0.997928
-0.676000 0.997928
-0.672000 0.997928
-0.668000 0.997928
-0.664000 0.997928
-0.660000 0.997928
-0.656000 0.997928
-0.652000 0.997928
-0.648000 0.997928
-0.644000 0.997928
-0.640000 0.997928
-0.636000 0.997928
-0.632000 0.997928
-0.628000 0.997928
-0.624000 0.997928
-0.620000 0.997928
-0.616000 0.997928
-0.612000 0.997928
-0.608000 0.997928
-0.604000 0.997928
-0.600000 0.997928
-0.596000 0.997928
-0.592000 0.997928
-0.588000 0.997928
-0.584000 0.997928
-0.580000 0.997928
-0.576000 0.997928
-0.572000 0.997928
-0.568000 0.997928
-0.564000 0.997928
-0.560000 0.997928
-0.556000 0.997928
-0.552000 0.997928
-0.548000 0.997928
-0.544000 0.997928
-0.540000 0.997928
-0.536000 0.997928
-0.532000 0.997928
-0.528000 0.997928
-0.524000 0.997928
-0.520000 0.997928
-0.516000 0.997928
-0.512000 0.997928
-0.508000 0.997928
-0.504000 0.997927
-0.500000 0.997927
-0.496000 0.997927
-0.492000 0.997927
-0.488000 0.997927
-0.484000 0.997927
-0.480000 0.997927
-0.476000 0.997927
-0.472000 0.997927
-0.468000 0.997927
-0.464000 0.997927
-0.460000 0.997926
-0.456000 0.997926
-0.452000 0.997926
-0.448000 0.997926
-0.444000 0.997926
-0.440000 0.997926
-0.436000 0.997925
-0.432000 0.997925
-0.428000 0.997925
-0.424000 0.997925
-0.420000 0.997924
-0.416000 0.997924
-0.412000 0.997924
-0.408000 0.997923
-0.404000 0.997923
-0.400000 0.997923
-0.396000 0.997922
-0.392000 0.997922
-0.388000 0.997921
-0.384000 0.997921
-0.380000 0.997920
-0.376000 0.997919
-0.372000 0.997919
-0.368000 0.997918
-0.364000 0.997917
-0.360000 0.997916
-0.356000 0.997915
-0.352000 0.997914
-0.348000 0.997913
-0.344000 0.997912
-0.340000 0.997911
-0.336000 0.997910
-0.332000 0.997909
-0.328000 0.997907
-0.324000 0.997906
-0.320000 0.997904
-0.316000 0.997902
-0.312000 0.997901
-0.308000 0.997899
-0.304000 0.997897
-0.300000 0.997895
-0.296000 0.997892
-0.292000 0.997890
-0.288000 0.997887
-0.284000 0.997885
-0.280000 0.997882
-0.276000 0.997879
-0.272000 0.997876
-0.268000 0.997872
-0.264000 0.997869
-0.260000 0.997865
-0.256000 0.997861
-0.252000 0.997857
-0.248000 0.997853
-0.244000 0.997848
-0.240000 0.997843
-0.236000 0.997838
-0.232000 0.997833
-0.228000 0.997827
-0.224000 0.997821
-0.220000 0.997815
-0.216000 0.997809
-0.212000 0.997802
-0.208000 0.997795
-0.204000 0.997788
-0.200000 0.997780
-0.196000 0.997772
-0.192000 0.997763
-0.188000 0.997755
-0.184000 0.997746
-0.180000 0.997736
-0.176000 0.997726
-0.172000 0.997716
-0.168000 0.997705
-0.164000 0.997694
-0.160000 0.997682
-0.156000 0.997670
-0.152000 0.997657
-0.148000 0.997644
-0.144000 0.997630
-0.140000 0.997616
-0.136000 0.997602
-0.132000 0.997587
-0.128000 0.997571
-0.124000 0.997555
-0.120000 0.997538
-0.116000 0.997520
-0.112000 0.997502
-0.108000 0.997484
-0.104000 0.997465
-0.100000 0.997445
-0.096000 0.997424
-0.092000 0.997403
-0.088000 0.997382
-0.084000 0.997359
-0.080000 0.997336
-0.076000 0.997313
-0.072000 0.997288
-0.068000 0.997263
-0.064000 0.997237
-0.060000 0.997211
-0.056000 0.997184
-0.052000 0.997156
-0.048000 0.997128
-0.044000 0.997098
-0.040000 0.997068
-0.036000 0.997038
-0.032000 0.997006
-0.028000 0.996974
-0.024000 0.996941
-0.020000 0.996908
-0.016000 0.996873
-0.012000 0.996838
-0.008000 0.996802
-0.004000 0.996766
0.000000 0.996729
0.004000 0.996691
0.008000 0.996652
0.012000 0.996613
0.016000 0.996573
0.020000 0.996532
0.024000 0.996491
0.028000 0.996449
0.032000 0.996406
0.036000 0.996363
0.040000 0.996319
0.044000 0.996274
0.048000 0.996229
0.052000 0.996183
0.056000 0.996136
0.060000 0.996089
0.064000 0.996041
0.068000 0.995993
0.072000 0.995944
0.076000 0.995895
0.080000 0.995845
0.084000 0.995795
0.088000 0.995744
0.092000 0.995693
0.096000 0.995641
0.100000 0.995589
0.104000 0.995536
0.108000 0.995483
0.112000 0.995430
0.116000 0.995377
0.120000 0.995323
0.124000 0.995268
0.128000 0.995214
0.132000 0.995159
0.136000 0.995104
0.140000 0.995049
0.144000 0.994994
0.148000 0.994938
0.152000 0.994882
0.156000 0.994827
0.160000 0.994771
0.164000 0.994715
0.168000 0.994659
0.172000 0.994603
0.176000 0.994547
0.180000 0.994491
0.184000 0.994435
0.188000 0.994379
0.192000 0.994324
0.196000 0.994268
0.200000 0.994212
0.204000 0.994157
0.208000 0.994102
0.212000 0.994047
0.216000 0.993992
0.220000 0.993938
0.224000 0.993884
0.228000 0.993830
0.232000 0.993776
0.236000 0.993723
0.240000 0.993670
0.244000 0.993618
0.248000 0.993566
0.252000 0.993514
0.256000 0.993463
0.260000 0.993412
0.264000 0.993361
0.268000 0.993311
0.272000 0.993262
0.276000 0.993213
0.280000 0.993164
0.284000 0.993116
0.288000 0.993069
0.292000 0.993022
0.296000 0.992976
0.300000 0.992930
0.304000 0.992885
0.308000 0.992841
0.312000 0.992797
0.316000 0.992753
0.320000 0.992711
0.324000 0.992669
0.328000 0.992627
0.332000 0.992586
0.336000 0.992546
0.340000 0.992507
0.344000 0.992468
0.348000 0.992429
0.352000 0.992392
0.356000 0.992355
0.360000 0.992319
0.364000 0.992283
0.368000 0.992248
0.372000 0.992214
0.376000 0.992180
0.380000 0.992147
0.384000 0.992115
0.388000 0.992083
0.392000 0.992052
0.396000 0.992022
0.400000 0.991992
0.404000 0.991963
0.408000 0.991935
0.412000 0.991907
0.416000 0.991880
0.420000 0.991853
0.424000 0.991827
0.428000 0.991802
0.432000 0.991777
0.436000 0.991753
0.440000 0.991730
0.444000 0.991707
0.448000 0.991685
0.452000 0.991663
0.456000 0.991642
0.460000 0.991621
0.464000 0.991601
0.468000 0.991582
0.472000 0.991563
0.476000 0.991544
0.480000 0.991526
0.484000 0.991509
0.488000 0.991492
0.492000 0.991475
0.496000 0.991459
0.500000 0.991444
0.504000 0.991429
0.508000 0.991414
0.512000 0.991400
0.516000 0.991387
0.520000 0.991373
0.524000 0.991360
0.528000 0.991348
0.532000 0.991336
0.536000 0.991324
0.540000 0.991313
0.544000 0.991302
0.548000 0.991292
0.552000 0.991281
0.556000 0.991272
0.560000 0.991262
0.564000 0.991253
0.568000 0.991244
0.572000 0.991236
0.576000 0.991227
0.580000 0.991219
0.584000 0.991212
0.588000 0.991204
0.592000 0.991197
0.596000 0.991190
0.600000 0.991184
0.604000 0.991177
0.608000 0.991171
0.612000 0.991165
0.616000 0.991160
0.620000 0.991154
0.624000 0.991149
0.628000 0.991144
0.632000 0.991139
0.636000 0.991135
0.640000 0.991130
0.644000 0.991126
0.648000 0.991122
0.652000 0.991118
0.656000 0.991114
0.660000 0.991111
0.664000 0.991107
0.668000 0.991104
0.672000 0.991101
0.676000 0.991098
0.680000 0.991095
0.684000 0.991092
0.688000 0.991089
0.692000 0.991087
0.696000 0.991084
0.700000 0.991082
0.704000 0.991080
0.708000 0.991078
0.712000 0.991076
0.716000 0.991074
0.720000 0.991072
0.724000 0.991070
0.728000 0.991068
0.732000 0.991067
0.736000 0.991065
0.740000 0.991064
0.744000 0.991062
0.748000 0.991061
0.752000 0.991060
0.756000 0.991059
0.760000 0.991058
0.764000 0.991056
0.768000 0.991055
0.772000 0.991054
0.776000 0.991054
0.780000 0.991053
0.784000 0.991052
0.788000 0.991051
0.792000 0.991050
0.796000 0.991050
0.800000 0.991049
0.804000 0.991048
0.808000 0.991048
0.812000 0.991047
0.816000 0.991046
0.820000 0.991046
0.824000 0.991045
0.828000 0.991045
0.832000 0.991044
0.836000 0.991044
0.840000 0.991044
0.844000 0.991043
0.848000 0.991043
0.852000 0.991043
0.856000 0.991042
0.860000 0.991042
0.864000 0.991042
0.868000 0.991041
0.872000 0.991041
0.876000 0.991041
0.880000 0.991041
0.884000 0.991040
0.888000 0.991040
0.892000 0.991040
0.896000 0.991040
0.900000 0.991040
0.904000 0.991040
0.908000 0.991039
0.912000 0.991039
0.916000 0.991039
0.920000 0.991039
0.924000 0.991039
0.928000 0.991039
0.932000 0.991039
0.936000 0.991039
0.940000 0.991038
0.944000 0.991038
0.948000 0.991038
0.952000 0.991038
0.956000 0.991038
0.960000 0.991038
0.964000 0.991038
0.968000 0.991038
0.972000 0.991038
0.976000 0.991038
0.980000 0.991038
0.984000 0.991038
0.988000 0.991038
0.992000 0.991038
0.996000 0.991037
1.000000 0.991037
