-1.000000 0.997928
-0.996000 0.997928
-0.992000 0.997928
-0.988000 0.997928
-0.984000 0.997928
-0.980000 0.997928
-0.976000 0.997928
-0.972000 0.997928
-0.968000 0.997928
-0.964000 0.997928
-0.960000 0.997928
-0.956000 0.997928
-0.952000 0.997928
-0.948000 0.997928
-0.944000 0.997928
-0.940000 0.997928
-0.936000 0.997928
-0.932000 0.997928
-0.928000 0.997928
-0.924000 0.997928
-0.920000 0.997928
-0.916000 0.997928
-0.912000 0.997928
-0.908000 0.997928
-0.904000 0.997928
-0.900000 0.997928
-0.896000 0.997928
-0.892000 0.997928
-0.888000 0.997928
-0.884000 0.997928
-0.880000 0.997928
-0.876000 0.997928
-0.872000 0.997928
-0.868000 0.997928
-0.864000 0.997928
-0.860000 0.997928
-0.856000 0.997928
-0.852000 0.997928
-0.848000 0.997928
-0.844000 0.997928
-0.840000 0.997928
-0.836000 0.997928
-0.832000 0.997928
-0.828000 0.997928
-0.824000 0.997928
-0.820000 0.997928
-0.816000 0.997928
-0.812000 0.997928
-0.808000 0.997928
-0.804000 0.997928
-0.800000 0.997928
-0.796000 0.997928
-0.792000 0.997928
-0.788000 0.997928
-0.784000 0.997928
-0.780000 0.997928
-0.776000 0.997928
-0.772000 0.997928
-0.768000 0.997928
-0.764000 0.997928
-0.760000 0.997928
-0.756000 0.997928
-0.752000 0.997928
-0.748000 0.997928
-0.744000 0.997928
-0.740000 0.997928
-0.736000 0.997928
-0.732000 0.997928
-0.728000 0.997928
-0.724000 0.997928
-0.720000 0.997928
-0.716000 0.997928
-0.712000 0.997928
-0.708000 0.997928
-0.704000 0.997928
-0.700000 0.997928
-0.696000 0.997928
-0.692000 0.997928
-0.688000 0.997928
-0.684000 0.997928
-0.680000 0.997928
-0.676000 0.997928
-0.672000 0.997928
-0.668000 0.997928
-0.664000 0.997928
-0.660000 0.997928
-0.656000 0.997928
-0.652000 0.997928
-0.648000 0.997928
-0.644000 0.997928
-0.640000 0.997928
-0.636000 0.997928
-0.632000 0.997928
-0.628000 0.997928
-0.624000 0.997928
-0.620000 0.997928
-0.616000 0.997928
-0.612000 0.997928
-0.608000 0.997928
-0.604000 0.997928
-0.600000 0.997928
-0.596000 0.997928
-0.592000 0.997928
-0.588000 0.997928
-0.584000 0.997928
-0.580000 0.997928
-0.576000 0.997928
-0.572000 0.997928
-0.568000 0.997928
-0.564000 0.997928
-0.560000 0.997928
-0.556000 0.997928
-0.552000 0.997928
-0.548000 0.997928
-0.544000 0.997928
-0.540000 0.997928
-0.536000 0.997928
-0.532000 0.997928
-0.528000 0.997928
-0.524000 0.997928
-0.520000 0.997928
-0.516000 0.997928
-0.512000 0.997928
-0.508000 0.997928
-0.504000 0.997928
-0.500000 0.997928
-0.496000 0.997928
-0.492000 0.997928
-0.488000 0.997928
-0.484000 0.997928
-0.480000 0.997928
-0.476000 0.997928
-0.472000 0.997928
-0.468000 0.997928
-0.464000 0.997928
-0.460000 0.997928
-0.456000 0.997928
-0.452000 0.997928
-0.448000 0.997928
-0.444000 0.997928
-0.440000 0.997928
-0.436000 0.997928
-0.432000 0.997928
-0.428000 0.997928
-0.424000 0.997928
-0.420000 0.997928
-0.416000 0.997928
-0.412000 0.997928
-0.408000 0.997928
-0.404000 0.997928
-0.400000 0.997928
-0.396000 0.997928
-0.392000 0.997928
-0.388000 0.997928
-0.384000 0.997928
-0.380000 0.997928
-0.376000 0.997928
-0.372000 0.997928
-0.368000 0.997928
-0.364000 0.997928
-0.360000 0.997928
-0.356000 0.997927
-0.352000 0.997927
-0.348000 0.997927
-0.344000 0.997927
-0.340000 0.997927
-0.336000 0.997927
-0.332000 0.997927
-0.328000 0.997927
-0.324000 0.997927
-0.320000 0.997927
-0.316000 0.997927
-0.312000 0.997927
-0.308000 0.997927
-0.304000 0.997926
-0.300000 0.997926
-0.296000 0.997926
-0.292000 0.997926
-0.288000 0.997926
-0.284000 0.997926
-0.280000 0.997926
-0.276000 0.997925
-0.272000 0.997925
-0.268000 0.997925
-0.264000 0.997925
-0.260000 0.997924
-0.256000 0.997924
-0.252000 0.997924
-0.248000 0.997924
-0.244000 0.997923
-0.240000 0.997923
-0.236000 0.997922
-0.232000 0.997922
-0.228000 0.997922
-0.224000 0.997921
-0.220000 0.997921
-0.216000 0.997920
-0.212000 0.997920
-0.208000 0.997919
-0.204000 0.997918
-0.200000 0.997918
-0.196000 0.997917
-0.192000 0.997916
-0.188000 0.997915
-0.184000 0.997914
-0.180000 0.997913
-0.176000 0.997912
-0.172000 0.997911
-0.168000 0.997910
-0.164000 0.997909
-0.160000 0.997908
-0.156000 0.997907
-0.152000 0.997905
-0.148000 0.997904
-0.144000 0.997902
-0.140000 0.997900
-0.136000 0.997899
-0.132000 0.997897
-0.128000 0.997895
-0.124000 0.997893
-0.120000 0.997891
-0.116000 0.997889
-0.112000 0.997886
-0.108000 0.997884
-0.104000 0.997881
-0.100000 0.997878
-0.096000 0.997875
-0.092000 0.997872
-0.088000 0.997869
-0.084000 0.997866
-0.080000 0.997862
-0.076000 0.997859
-0.072000 0.997855
-0.068000 0.997851
-0.064000 0.997846
-0.060000 0.997842
-0.056000 0.997837
-0.052000 0.997832
-0.048000 0.997827
-0.044000 0.997822
-0.040000 0.997817
-0.036000 0.997811
-0.032000 0.997805
-0.028000 0.997798
-0.024000 0.997792
-0.020000 0.997785
-0.016000 0.997778
-0.012000 0.997771
-0.008000 0.997763
-0.004000 0.997755
0.000000 0.997747
0.004000 0.997738
0.008000 0.997729
0.012000 0.997720
0.016000 0.997710
0.020000 0.997700
0.024000 0.997690
0.028000 0.997679
0.032000 0.997668
0.036000 0.997656
0.040000 0.997644
0.044000 0.997632
0.048000 0.997619
0.052000 0.997606
0.056000 0.997592
0.060000 0.997578
0.064000 0.997563
0.068000 0.997548
0.072000 0.997533
0.076000 0.997517
0.080000 0.997500
0.084000 0.997484
0.088000 0.997466
0.092000 0.997448
0.096000 0.997430
0.100000 0.997411
0.104000 0.997391
0.108000 0.997371
0.112000 0.997350
0.116000 0.997329
0.120000 0.997307
0.124000 0.997285
0.128000 0.997262
0.132000 0.997238
0.136000 0.997214
0.140000 0.997190
0.144000 0.997164
0.148000 0.997139
0.152000 0.997112
0.156000 0.997085
0.160000 0.997057
0.164000 0.997029
0.168000 0.997000
0.172000 0.996971
0.176000 0.996941
0.180000 0.996910
0.184000 0.996879
0.188000 0.996847
0.192000 0.996815
0.196000 0.996781
0.200000 0.996748
0.204000 0.996713
0.208000 0.996679
0.212000 0.996643
0.216000 0.996607
0.220000 0.996570
0.224000 0.996533
0.228000 0.996495
0.232000 0.996457
0.236000 0.996418
0.240000 0.996378
0.244000 0.996338
0.248000 0.996298
0.252000 0.996257
0.256000 0.996215
0.260000 0.996173
0.264000 0.996130
0.268000 0.996087
0.272000 0.996043
0.276000 0.995999
0.280000 0.995955
0.284000 0.995909
0.288000 0.995864
0.292000 0.995818
0.296000 0.995772
0.300000 0.995725
0.304000 0.995678
0.308000 0.995631
0.312000 0.995583
0.316000 0.995535
0.320000 0.995486
0.324000 0.995437
0.328000 0.995388
0.332000 0.995339
0.336000 0.995289
0.340000 0.995239
0.344000 0.995189
0.348000 0.995139
0.352000 0.995089
0.356000 0.995038
0.360000 0.994987
0.364000 0.994936
0.368000 0.994885
0.372000 0.994834
0.376000 0.994783
0.380000 0.994732
0.384000 0.994680
0.388000 0.994629
0.392000 0.994578
0.396000 0.994526
0.400000 0.994475
0.404000 0.994424
0.408000 0.994372
0.412000 0.994321
0.416000 0.994270
0.420000 0.994219
0.424000 0.994168
0.428000 0.994118
0.432000 0.994067
0.436000 0.994017
0.440000 0.993967
0.444000 0.993917
0.448000 0.993867
0.452000 0.993818
0.456000 0.993769
0.460000 0.993720
0.464000 0.993671
0.468000 0.993623
0.472000 0.993575
0.476000 0.993527
0.480000 0.993480
0.484000 0.993433
0.488000 0.993386
0.492000 0.993340
0.496000 0.993295
0.500000 0.993249
0.504000 0.993204
0.508000 0.993160
0.512000 0.993116
0.516000 0.993072
0.520000 0.993029
0.524000 0.992986
0.528000 0.992944
0.532000 0.992902
0.536000 0.992861
0.540000 0.992820
0.544000 0.992780
0.548000 0.992741
0.552000 0.992701
0.556000 0.992663
0.560000 0.992625
0.564000 0.992587
0.568000 0.992550
0.572000 0.992514
0.576000 0.992478
0.580000 0.992442
0.584000 0.992407
0.588000 0.992373
0.592000 0.992339
0.596000 0.992306
0.600000 0.992274
0.604000 0.992242
0.608000 0.992210
0.612000 0.992179
0.616000 0.992149
0.620000 0.992119
0.624000 0.992090
0.628000 0.992061
0.632000 0.992033
0.636000 0.992005
0.640000 0.991978
0.644000 0.991952
0.648000 0.991926
0.652000 0.991900
0.656000 0.991875
0.660000 0.991851
0.664000 0.991827
0.668000 0.991804
0.672000 0.991781
0.676000 0.991759
0.680000 0.991737
0.684000 0.991716
0.688000 0.991695
0.692000 0.991674
0.696000 0.991655
0.700000 0.991635
0.704000 0.991616
0.708000 0.991598
0.712000 0.991580
0.716000 0.991563
0.720000 0.991546
0.724000 0.991529
0.728000 0.991513
0.732000 0.991497
0.736000 0.991482
0.740000 0.991467
0.744000 0.991452
0.748000 0.991438
0.752000 0.991424
0.756000 0.991411
0.760000 0.991398
0.764000 0.991385
0.768000 0.991373
0.772000 0.991361
0.776000 0.991350
0.780000 0.991339
0.784000 0.991328
0.788000 0.991317
0.792000 0.991307
0.796000 0.991297
0.800000 0.991288
0.804000 0.991278
0.808000 0.991269
0.812000 0.991261
0.816000 0.991252
0.820000 0.991244
0.824000 0.991236
0.828000 0.991228
0.832000 0.991221
0.836000 0.991214
0.840000 0.991207
0.844000 0.991200
0.848000 0.991194
0.852000 0.991188
0.856000 0.991182
0.860000 0.991176
0.864000 0.991170
0.868000 0.991165
0.872000 0.991160
0.876000 0.991155
0.880000 0.991150
0.884000 0.991145
0.888000 0.991141
0.892000 0.991136
0.896000 0.991132
0.900000 0.991128
0.904000 0.991124
0.908000 0.991120
0.912000 0.991117
0.916000 0.991113
0.920000 0.991110
0.924000 0.991107
0.928000 0.991104
0.932000 0.991101
0.936000 0.991098
0.940000 0.991095
0.944000 0.991093
0.948000 0.991090
0.952000 0.991088
0.956000 0.991085
0.960000 0.991083
0.964000 0.991081
0.968000 0.991079
0.972000 0.991077
0.976000 0.991075
0.980000 0.991073
0.984000 0.991070
0.988000 0.991068
0.992000 0.991066
0.996000 0.991063
1.000000 0.991059
