-1.000000 0.991037
-0.996000 0.991037
-0.992000 0.991037
-0.988000 0.991037
-0.984000 0.991037
-0.980000 0.991037
-0.976000 0.991037
-0.972000 0.991037
-0.968000 0.991037
-0.964000 0.991037
-0.960000 0.991037
-0.956000 0.991037
-0.952000 0.991037
-0.948000 0.991037
-0.944000 0.991037
-0.940000 0.991037
-0.936000 0.991037
-0.932000 0.991037
-0.928000 0.991037
-0.924000 0.991037
-0.920000 0.991037
-0.916000 0.991037
-0.912000 0.991037
-0.908000 0.991037
-0.904000 0.991037
-0.900000 0.991037
-0.896000 0.991037
-0.892000 0.991037
-0.888000 0.991037
-0.884000 0.991037
-0.880000 0.991037
-0.876000 0.991037
-0.872000 0.991037
-0.868000 0.991037
-0.864000 0.991037
-0.860000 0.991037
-0.856000 0.991037
-0.852000 0.991037
-0.848000 0.991037
-0.844000 0.991037
-0.840000 0.991037
-0.836000 0.991037
-0.832000 0.991037
-0.828000 0.991037
-0.824000 0.991037
-0.820000 0.991037
-0.816000 0.991037
-0.812000 0.991037
-0.808000 0.991037
-0.804000 0.991037
-0.800000 0.991037
-0.796000 0.991037
-0.792000 0.991037
-0.788000 0.991037
-0.784000 0.991037
-0.780000 0.991037
-0.776000 0.991037
-0.772000 0.991037
-0.768000 0.991037
-0.764000 0.991038
-0.760000 0.991038
-0.756000 0.991038
-0.752000 0.991038
-0.748000 0.991038
-0.744000 0.991038
-0.740000 0.991038
-0.736000 0.991038
-0.732000 0.991038
-0.728000 0.991038
-0.724000 0.991039
-0.720000 0.991039
-0.716000 0.991039
-0.712000 0.991039
-0.708000 0.991040
-0.704000 0.991040
-0.700000 0.991040
-0.696000 0.991041
-0.692000 0.991041
-0.688000 0.991041
-0.684000 0.991042
-0.680000 0.991042
-0.676000 0.991043
-0.672000 0.991044
-0.668000 0.991044
-0.664000 0.991045
-0.660000 0.991046
-0.656000 0.991047
-0.652000 0.991047
-0.648000 0.991048
-0.644000 0.991050
-0.640000 0.991051
-0.636000 0.991052
-0.632000 0.991053
-0.628000 0.991055
-0.624000 0.991057
-0.620000 0.991058
-0.616000 0.991060
-0.612000 0.991062
-0.608000 0.991064
-0.604000 0.991067
-0.600000 0.991069
-0.596000 0.991072
-0.592000 0.991075
-0.588000 0.991078
-0.584000 0.991081
-0.580000 0.991084
-0.576000 0.991088
-0.572000 0.991092
-0.568000 0.991096
-0.564000 0.991100
-0.560000 0.991105
-0.556000 0.991110
-0.552000 0.991115
-0.548000 0.991121
-0.544000 0.991127
-0.540000 0.991133
-0.536000 0.991140
-0.532000 0.991147
-0.528000 0.991154
-0.524000 0.991162
-0.520000 0.991170
-0.516000 0.991178
-0.512000 0.991187
-0.508000 0.991197
-0.504000 0.991207
-0.500000 0.991217
-0.496000 0.991228
-0.492000 0.991239
-0.488000 0.991251
-0.484000 0.991263
-0.480000 0.991276
-0.476000 0.991289
-0.472000 0.991303
-0.468000 0.991318
-0.464000 0.991333
-0.460000 0.991348
-0.456000 0.991365
-0.452000 0.991381
-0.448000 0.991399
-0.444000 0.991417
-0.440000 0.991435
-0.436000 0.991455
-0.432000 0.991475
-0.428000 0.991495
-0.424000 0.991516
-0.420000 0.991538
-0.416000 0.991560
-0.412000 0.991584
-0.408000 0.991607
-0.404000 0.991632
-0.400000 0.991657
-0.396000 0.991682
-0.392000 0.991708
-0.388000 0.991735
-0.384000 0.991763
-0.380000 0.991791
-0.376000 0.991820
-0.372000 0.991849
-0.368000 0.991879
-0.364000 0.991909
-0.360000 0.991940
-0.356000 0.991972
-0.352000 0.992004
-0.348000 0.992036
-0.344000 0.992069
-0.340000 0.992103
-0.336000 0.992137
-0.332000 0.992172
-0.328000 0.992207
-0.324000 0.992242
-0.320000 0.992278
-0.316000 0.992314
-0.312000 0.992350
-0.308000 0.992387
-0.304000 0.992424
-0.300000 0.992462
-0.296000 0.992499
-0.292000 0.992537
-0.288000 0.992576
-0.284000 0.992614
-0.280000 0.992652
-0.276000 0.992691
-0.272000 0.992730
-0.268000 0.992769
-0.264000 0.992808
-0.260000 0.992847
-0.256000 0.992886
-0.252000 0.992924
-0.248000 0.992963
-0.244000 0.993002
-0.240000 0.993041
-0.236000 0.993080
-0.232000 0.993118
-0.228000 0.993157
-0.224000 0.993195
-0.220000 0.993233
-0.216000 0.993271
-0.212000 0.993308
-0.208000 0.993346
-0.204000 0.993382
-0.200000 0.993419
-0.196000 0.993456
-0.192000 0.993492
-0.188000 0.993527
-0.184000 0.993562
-0.180000 0.993597
-0.176000 0.993632
-0.172000 0.993666
-0.168000 0.993699
-0.164000 0.993732
-0.160000 0.993765
-0.156000 0.993797
-0.152000 0.993829
-0.148000 0.993860
-0.144000 0.993891
-0.140000 0.993921
-0.136000 0.993951
-0.132000 0.993980
-0.128000 0.994008
-0.124000 0.994036
-0.120000 0.994064
-0.116000 0.994090
-0.112000 0.994117
-0.108000 0.994143
-0.104000 0.994168
-0.100000 0.994192
-0.096000 0.994216
-0.092000 0.994240
-0.088000 0.994263
-0.084000 0.994285
-0.080000 0.994307
-0.076000 0.994328
-0.072000 0.994349
-0.068000 0.994369
-0.064000 0.994389
-0.060000 0.994408
-0.056000 0.994426
-0.052000 0.994444
-0.048000 0.994462
-0.044000 0.994479
-0.040000 0.994495
-0.036000 0.994511
-0.032000 0.994527
-0.028000 0.994542
-0.024000 0.994556
-0.020000 0.994570
-0.016000 0.994584
-0.012000 0.994597
-0.008000 0.994609
-0.004000 0.994622
0.000000 0.994633
0.004000 0.994645
0.008000 0.994656
0.012000 0.994666
0.016000 0.994676
0.020000 0.994686
0.024000 0.994696
0.028000 0.994705
0.032000 0.994713
0.036000 0.994722
0.040000 0.994730
0.044000 0.994738
0.048000 0.994745
0.052000 0.994752
0.056000 0.994759
0.060000 0.994766
0.064000 0.994772
0.068000 0.994778
0.072000 0.994784
0.076000 0.994789
0.080000 0.994794
0.084000 0.994799
0.088000 0.994804
0.092000 0.994809
0.096000 0.994813
0.100000 0.994817
0.104000 0.994821
0.108000 0.994825
0.112000 0.994829
0.116000 0.994832
0.120000 0.994835
0.124000 0.994838
0.128000 0.994841
0.132000 0.994844
0.136000 0.994847
0.140000 0.994849
0.144000 0.994852
0.148000 0.994854
0.152000 0.994856
0.156000 0.994858
0.160000 0.994860
0.164000 0.994862
0.168000 0.994864
0.172000 0.994865
0.176000 0.994867
0.180000 0.994869
0.184000 0.994870
0.188000 0.994871
0.192000 0.994873
0.196000 0.994874
0.200000 0.994875
0.204000 0.994876
0.208000 0.994877
0.212000 0.994878
0.216000 0.994879
0.220000 0.994880
0.224000 0.994880
0.228000 0.994881
0.232000 0.994882
0.236000 0.994882
0.240000 0.994883
0.244000 0.994884
0.248000 0.994884
0.252000 0.994885
0.256000 0.994885
0.260000 0.994886
0.264000 0.994886
0.268000 0.994886
0.272000 0.994887
0.276000 0.994887
0.280000 0.994887
0.284000 0.994888
0.288000 0.994888
0.292000 0.994888
0.296000 0.994889
0.300000 0.994889
0.304000 0.994889
0.308000 0.994889
0.312000 0.994889
0.316000 0.994890
0.320000 0.994890
0.324000 0.994890
0.328000 0.994890
0.332000 0.994890
0.336000 0.994890
0.340000 0.994890
0.344000 0.994891
0.348000 0.994891
0.352000 0.994891
0.356000 0.994891
0.360000 0.994891
0.364000 0.994891
0.368000 0.994891
0.372000 0.994891
0.376000 0.994891
0.380000 0.994891
0.384000 0.994891
0.388000 0.994891
0.392000 0.994891
0.396000 0.994891
0.400000 0.994892
0.404000 0.994892
0.408000 0.994892
0.412000 0.994892
0.416000 0.994892
0.420000 0.994892
0.424000 0.994892
0.428000 0.994892
0.432000 0.994892
0.436000 0.994892
0.440000 0.994892
0.444000 0.994892
0.448000 0.994892
0.452000 0.994892
0.456000 0.994892
0.460000 0.994892
0.464000 0.994892
0.468000 0.994892
0.472000 0.994892
0.476000 0.994892
0.480000 0.994892
0.484000 0.994892
0.488000 0.994892
0.492000 0.994892
0.496000 0.994892
0.500000 0.994892
0.504000 0.994892
0.508000 0.994892
0.512000 0.994892
0.516000 0.994892
0.520000 0.994892
0.524000 0.994892
0.528000 0.994892
0.532000 0.994892
0.536000 0.994892
0.540000 0.994892
0.544000 0.994892
0.548000 0.994892
0.552000 0.994892
0.556000 0.994892
0.560000 0.994892
0.564000 0.994892
0.568000 0.994892
0.572000 0.994892
0.576000 0.994892
0.580000 0.994892
0.584000 0.994892
0.588000 0.994892
0.592000 0.994892
0.596000 0.994892
0.600000 0.994892
0.604000 0.994892
0.608000 0.994892
0.612000 0.994892
0.616000 0.994892
0.620000 0.994892
0.624000 0.994892
0.628000 0.994892
0.632000 0.994892
0.636000 0.994892
0.640000 0.994892
0.644000 0.994892
0.648000 0.994892
0.652000 0.994892
0.656000 0.994892
0.660000 0.994892
0.664000 0.994892
0.668000 0.994892
0.672000 0.994892
0.676000 0.994892
0.680000 0.994892
0.684000 0.994892
0.688000 0.994892
0.692000 0.994892
0.696000 0.994892
0.700000 0.994892
0.704000 0.994892
0.708000 0.994892
0.712000 0.994892
0.716000 0.994892
0.720000 0.994892
0.724000 0.994892
0.728000 0.994892
0.732000 0.994892
0.736000 0.994892
0.740000 0.994892
0.744000 0.994892
0.748000 0.994892
0.752000 0.994892
0.756000 0.994892
0.760000 0.994892
0.764000 0.994892
0.768000 0.994892
0.772000 0.994892
0.776000 0.994892
0.780000 0.994892
0.784000 0.994892
0.788000 0.994892
0.792000 0.994892
0.796000 0.994892
0.800000 0.994892
0.804000 0.994892
0.808000 0.994892
0.812000 0.994892
0.816000 0.994892
0.820000 0.994892
0.824000 0.994892
0.828000 0.994892
0.832000 0.994892
0.836000 0.994892
0.840000 0.994892
0.844000 0.994892
0.848000 0.994892
0.852000 0.994892
0.856000 0.994892
0.860000 0.994892
0.864000 0.994892
0.868000 0.994892
0.872000 0.994892
0.876000 0.994892
0.880000 0.994892
0.884000 0.994892
0.888000 0.994892
0.892000 0.994892
0.896000 0.994892
0.900000 0.994892
0.904000 0.994892
0.908000 0.994892
0.912000 0.994892
0.916000 0.994892
0.920000 0.994892
0.924000 0.994892
0.928000 0.994892
0.932000 0.994892
0.936000 0.994892
0.940000 0.994892
0.944000 0.994892
0.948000 0.994892
0.952000 0.994892
0.956000 0.994892
0.960000 0.994892
0.964000 0.994892
0.968000 0.994892
0.972000 0.994892
0.976000 0.994892
0.980000 0.994892
0.984000 0.994892
0.988000 0.994892
0.992000 0.994892
0.996000 0.994892
1.000000 0.994892
