-1.000000 0.997928
-0.996000 0.997928
-0.992000 0.997928
-0.988000 0.997928
-0.984000 0.997928
-0.980000 0.997928
-0.976000 0.997928
-0.972000 0.997928
-0.968000 0.997928
-0.964000 0.997928
-0.960000 0.997928
-0.956000 0.997928
-0.952000 0.997928
-0.948000 0.997928
-0.944000 0.997928
-0.940000 0.997928
-0.936000 0.997928
-0.932000 0.997928
-0.928000 0.997928
-0.924000 0.997928
-0.920000 0.997928
-0.916000 0.997928
-0.912000 0.997928
-0.908000 0.997928
-0.904000 0.997928
-0.900000 0.997928
-0.896000 0.997928
-0.892000 0.997928
-0.888000 0.997927
-0.884000 0.997927
-0.880000 0.997927
-0.876000 0.997927
-0.872000 0.997927
-0.868000 0.997927
-0.864000 0.997927
-0.860000 0.997926
-0.856000 0.997926
-0.852000 0.997926
-0.848000 0.997926
-0.844000 0.997925
-0.840000 0.997925
-0.836000 0.997924
-0.832000 0.997924
-0.828000 0.997923
-0.824000 0.997923
-0.820000 0.997922
-0.816000 0.997921
-0.812000 0.997920
-0.808000 0.997919
-0.804000 0.997918
-0.800000 0.997917
-0.796000 0.997915
-0.792000 0.997913
-0.788000 0.997912
-0.784000 0.997910
-0.780000 0.997908
-0.776000 0.997905
-0.772000 0.997903
-0.768000 0.997900
-0.764000 0.997897
-0.760000 0.997893
-0.756000 0.997889
-0.752000 0.997885
-0.748000 0.997881
-0.744000 0.997876
-0.740000 0.997870
-0.736000 0.997864
-0.732000 0.997858
-0.728000 0.997851
-0.724000 0.997844
-0.720000 0.997836
-0.716000 0.997827
-0.712000 0.997818
-0.708000 0.997808
-0.704000 0.997798
-0.700000 0.997786
-0.696000 0.997774
-0.692000 0.997761
-0.688000 0.997747
-0.684000 0.997732
-0.680000 0.997716
-0.676000 0.997699
-0.672000 0.997681
-0.668000 0.997662
-0.664000 0.997642
-0.660000 0.997621
-0.656000 0.997599
-0.652000 0.997575
-0.648000 0.997550
-0.644000 0.997524
-0.640000 0.997496
-0.636000 0.997467
-0.632000 0.997437
-0.628000 0.997405
-0.624000 0.997371
-0.620000 0.997336
-0.616000 0.997300
-0.612000 0.997262
-0.608000 0.997223
-0.604000 0.997182
-0.600000 0.997139
-0.596000 0.997095
-0.592000 0.997049
-0.588000 0.997001
-0.584000 0.996952
-0.580000 0.996901
-0.576000 0.996849
-0.572000 0.996795
-0.568000 0.996739
-0.564000 0.996682
-0.560000 0.996624
-0.556000 0.996563
-0.552000 0.996502
-0.548000 0.996438
-0.544000 0.996374
-0.540000 0.996308
-0.536000 0.996240
-0.532000 0.996172
-0.528000 0.996101
-0.524000 0.996030
-0.520000 0.995958
-0.516000 0.995884
-0.512000 0.995809
-0.508000 0.995734
-0.504000 0.995657
-0.500000 0.995580
-0.496000 0.995501
-0.492000 0.995422
-0.488000 0.995342
-0.484000 0.995262
-0.480000 0.995181
-0.476000 0.995100
-0.472000 0.995018
-0.468000 0.994936
-0.464000 0.994854
-0.460000 0.994771
-0.456000 0.994689
-0.452000 0.994606
-0.448000 0.994524
-0.444000 0.994441
-0.440000 0.994359
-0.436000 0.994277
-0.432000 0.994196
-0.428000 0.994115
-0.424000 0.994034
-0.420000 0.993954
-0.416000 0.993875
-0.412000 0.993796
-0.408000 0.993718
-0.404000 0.993641
-0.400000 0.993565
-0.396000 0.993490
-0.392000 0.993415
-0.388000 0.993342
-0.384000 0.993270
-0.380000 0.993198
-0.376000 0.993128
-0.372000 0.993059
-0.368000 0.992992
-0.364000 0.992925
-0.360000 0.992860
-0.356000 0.992796
-0.352000 0.992734
-0.348000 0.992672
-0.344000 0.992613
-0.340000 0.992554
-0.336000 0.992497
-0.332000 0.992441
-0.328000 0.992387
-0.324000 0.992334
-0.320000 0.992283
-0.316000 0.992233
-0.312000 0.992184
-0.308000 0.992137
-0.304000 0.992091
-0.300000 0.992046
-0.296000 0.992003
-0.292000 0.991961
-0.288000 0.991921
-0.284000 0.991882
-0.280000 0.991844
-0.276000 0.991807
-0.272000 0.991772
-0.268000 0.991738
-0.264000 0.991705
-0.260000 0.991673
-0.256000 0.991643
-0.252000 0.991614
-0.248000 0.991586
-0.244000 0.991559
-0.240000 0.991533
-0.236000 0.991508
-0.232000 0.991484
-0.228000 0.991461
-0.224000 0.991439
-0.220000 0.991418
-0.216000 0.991398
-0.212000 0.991379
-0.208000 0.991361
-0.204000 0.991343
-0.200000 0.991326
-0.196000 0.991311
-0.192000 0.991295
-0.188000 0.991281
-0.184000 0.991267
-0.180000 0.991254
-0.176000 0.991242
-0.172000 0.991230
-0.168000 0.991219
-0.164000 0.991208
-0.160000 0.991198
-0.156000 0.991188
-0.152000 0.991179
-0.148000 0.991171
-0.144000 0.991162
-0.140000 0.991155
-0.136000 0.991147
-0.132000 0.991141
-0.128000 0.991134
-0.124000 0.991128
-0.120000 0.991122
-0.116000 0.991117
-0.112000 0.991112
-0.108000 0.991107
-0.104000 0.991102
-0.100000 0.991098
-0.096000 0.991094
-0.092000 0.991090
-0.088000 0.991087
-0.084000 0.991083
-0.080000 0.991080
-0.076000 0.991077
-0.072000 0.991074
-0.068000 0.991072
-0.064000 0.991069
-0.060000 0.991067
-0.056000 0.991065
-0.052000 0.991063
-0.048000 0.991061
-0.044000 0.991059
-0.040000 0.991058
-0.036000 0.991056
-0.032000 0.991055
-0.028000 0.991054
-0.024000 0.991052
-0.020000 0.991051
-0.016000 0.991050
-0.012000 0.991049
-0.008000 0.991048
-0.004000 0.991047
0.000000 0.991047
0.004000 0.991046
0.008000 0.991045
0.012000 0.991045
0.016000 0.991044
0.020000 0.991043
0.024000 0.991043
0.028000 0.991043
0.032000 0.991042
0.036000 0.991042
0.040000 0.991041
0.044000 0.991041
0.048000 0.991041
0.052000 0.991040
0.056000 0.991040
0.060000 0.991040
0.064000 0.991040
0.068000 0.991039
0.072000 0.991039
0.076000 0.991039
0.080000 0.991039
0.084000 0.991039
0.088000 0.991039
0.092000 0.991038
0.096000 0.991038
0.100000 0.991038
0.104000 0.991038
0.108000 0.991038
0.112000 0.991038
0.116000 0.991038
0.120000 0.991038
0.124000 0.991038
0.128000 0.991038
0.132000 0.991038
0.136000 0.991038
0.140000 0.991037
0.144000 0.991037
0.148000 0.991037
0.152000 0.991037
0.156000 0.991037
0.160000 0.991037
0.164000 0.991037
0.168000 0.991037
0.172000 0.991037
0.176000 0.991037
0.180000 0.991037
0.184000 0.991037
0.188000 0.991037
0.192000 0.991037
0.196000 0.991037
0.200000 0.991037
0.204000 0.991037
0.208000 0.991037
0.212000 0.991037
0.216000 0.991037
0.220000 0.991037
0.224000 0.991037
0.228000 0.991037
0.232000 0.991037
0.236000 0.991037
0.240000 0.991037
0.244000 0.991037
0.248000 0.991037
0.252000 0.991037
0.256000 0.991037
0.260000 0.991037
0.264000 0.991037
0.268000 0.991037
0.272000 0.991037
0.276000 0.991037
0.280000 0.991037
0.284000 0.991037
0.288000 0.991037
0.292000 0.991037
0.296000 0.991037
0.300000 0.991037
0.304000 0.991037
0.308000 0.991037
0.312000 0.991037
0.316000 0.991037
0.320000 0.991037
0.324000 0.991037
0.328000 0.991037
0.332000 0.991037
0.336000 0.991037
0.340000 0.991037
0.344000 0.991037
0.348000 0.991037
0.352000 0.991037
0.356000 0.991037
0.360000 0.991037
0.364000 0.991037
0.368000 0.991037
0.372000 0.991037
0.376000 0.991037
0.380000 0.991037
0.384000 0.991037
0.388000 0.991037
0.392000 0.991037
0.396000 0.991037
0.400000 0.991037
0.404000 0.991037
0.408000 0.991037
0.412000 0.991037
0.416000 0.991037
0.420000 0.991037
0.424000 0.991037
0.428000 0.991037
0.432000 0.991037
0.436000 0.991037
0.440000 0.991037
0.444000 0.991037
0.448000 0.991037
0.452000 0.991037
0.456000 0.991037
0.460000 0.991037
0.464000 0.991037
0.468000 0.991037
0.472000 0.991037
0.476000 0.991037
0.480000 0.991037
0.484000 0.991037
0.488000 0.991037
0.492000 0.991037
0.496000 0.991037
0.500000 0.991037
0.504000 0.991037
0.508000 0.991037
0.512000 0.991037
0.516000 0.991037
0.520000 0.991037
0.524000 0.991037
0.528000 0.991037
0.532000 0.991037
0.536000 0.991037
0.540000 0.991037
0.544000 0.991037
0.548000 0.991037
0.552000 0.991037
0.556000 0.991037
0.560000 0.991037
0.564000 0.991037
0.568000 0.991037
0.572000 0.991037
0.576000 0.991037
0.580000 0.991037
0.584000 0.991037
0.588000 0.991037
0.592000 0.991037
0.596000 0.991037
0.600000 0.991037
0.604000 0.991037
0.608000 0.991037
0.612000 0.991037
0.616000 0.991037
0.620000 0.991037
0.624000 0.991037
0.628000 0.991037
0.632000 0.991037
0.636000 0.991037
0.640000 0.991037
0.644000 0.991037
0.648000 0.991037
0.652000 0.991037
0.656000 0.991037
0.660000 0.991037
0.664000 0.991037
0.668000 0.991037
0.672000 0.991037
0.676000 0.991037
0.680000 0.991037
0.684000 0.991037
0.688000 0.991037
0.692000 0.991037
0.696000 0.991037
0.700000 0.991037
0.704000 0.991037
0.708000 0.991037
0.712000 0.991037
0.716000 0.991037
0.720000 0.991037
0.724000 0.991037
0.728000 0.991037
0.732000 0.991037
0.736000 0.991037
0.740000 0.991037
0.744000 0.991037
0.748000 0.991037
0.752000 0.991037
0.756000 0.991037
0.760000 0.991037
0.764000 0.991037
0.768000 0.991037
0.772000 0.991037
0.776000 0.991037
0.780000 0.991037
0.784000 0.991037
0.788000 0.991037
0.792000 0.991037
0.796000 0.991037
0.800000 0.991037
0.804000 0.991037
0.808000 0.991037
0.812000 0.991037
0.816000 0.991037
0.820000 0.991037
0.824000 0.991037
0.828000 0.991037
0.832000 0.991037
0.836000 0.991037
0.840000 0.991037
0.844000 0.991037
0.848000 0.991037
0.852000 0.991037
0.856000 0.991037
0.860000 0.991037
0.864000 0.991037
0.868000 0.991037
0.872000 0.991037
0.876000 0.991037
0.880000 0.991037
0.884000 0.991037
0.888000 0.991037
0.892000 0.991037
0.896000 0.991037
0.900000 0.991037
0.904000 0.991037
0.908000 0.991037
0.912000 0.991037
0.916000 0.991037
0.920000 0.991037
0.924000 0.991037
0.928000 0.991037
0.932000 0.991037
0.936000 0.991037
0.940000 0.991037
0.944000 0.991037
0.948000 0.991037
0.952000 0.991037
0.956000 0.991037
0.960000 0.991037
0.964000 0.991037
0.968000 0.991037
0.972000 0.991037
0.976000 0.991037
0.980000 0.991037
0.984000 0.991037
0.988000 0.991037
0.992000 0.991037
0.996000 0.991037
1.000000 0.991037
