-1.000000 0.991037
-0.996000 0.991037
-0.992000 0.991037
-0.988000 0.991037
-0.984000 0.991037
-0.980000 0.991037
-0.976000 0.991037
-0.972000 0.991037
-0.968000 0.991037
-0.964000 0.991037
-0.960000 0.991037
-0.956000 0.991037
-0.952000 0.991037
-0.948000 0.991037
-0.944000 0.991037
-0.940000 0.991037
-0.936000 0.991037
-0.932000 0.991037
-0.928000 0.991037
-0.924000 0.991037
-0.920000 0.991037
-0.916000 0.991037
-0.912000 0.991037
-0.908000 0.991037
-0.904000 0.991037
-0.900000 0.991037
-0.896000 0.991037
-0.892000 0.991037
-0.888000 0.991037
-0.884000 0.991037
-0.880000 0.991037
-0.876000 0.991037
-0.872000 0.991037
-0.868000 0.991037
-0.864000 0.991037
-0.860000 0.991037
-0.856000 0.991037
-0.852000 0.991037
-0.848000 0.991037
-0.844000 0.991037
-0.840000 0.991037
-0.836000 0.991037
-0.832000 0.991037
-0.828000 0.991037
-0.824000 0.991037
-0.820000 0.991037
-0.816000 0.991037
-0.812000 0.991037
-0.808000 0.991037
-0.804000 0.991037
-0.800000 0.991037
-0.796000 0.991037
-0.792000 0.991037
-0.788000 0.991037
-0.784000 0.991037
-0.780000 0.991037
-0.776000 0.991037
-0.772000 0.991037
-0.768000 0.991037
-0.764000 0.991037
-0.760000 0.991037
-0.756000 0.991037
-0.752000 0.991037
-0.748000 0.991037
-0.744000 0.991037
-0.740000 0.991037
-0.736000 0.991037
-0.732000 0.991037
-0.728000 0.991037
-0.724000 0.991037
-0.720000 0.991037
-0.716000 0.991037
-0.712000 0.991037
-0.708000 0.991037
-0.704000 0.991037
-0.700000 0.991037
-0.696000 0.991037
-0.692000 0.991037
-0.688000 0.991037
-0.684000 0.991037
-0.680000 0.991037
-0.676000 0.991037
-0.672000 0.991037
-0.668000 0.991037
-0.664000 0.991037
-0.660000 0.991037
-0.656000 0.991037
-0.652000 0.991037
-0.648000 0.991037
-0.644000 0.991037
-0.640000 0.991037
-0.636000 0.991037
-0.632000 0.991037
-0.628000 0.991037
-0.624000 0.991037
-0.620000 0.991037
-0.616000 0.991037
-0.612000 0.991037
-0.608000 0.991037
-0.604000 0.991037
-0.600000 0.991037
-0.596000 0.991037
-0.592000 0.991037
-0.588000 0.991037
-0.584000 0.991037
-0.580000 0.991037
-0.576000 0.991037
-0.572000 0.991037
-0.568000 0.991037
-0.564000 0.991037
-0.560000 0.991037
-0.556000 0.991037
-0.552000 0.991037
-0.548000 0.991037
-0.544000 0.991037
-0.540000 0.991037
-0.536000 0.991037
-0.532000 0.991037
-0.528000 0.991037
-0.524000 0.991037
-0.520000 0.991037
-0.516000 0.991037
-0.512000 0.991037
-0.508000 0.991037
-0.504000 0.991037
-0.500000 0.991037
-0.496000 0.991037
-0.492000 0.991037
-0.488000 0.991037
-0.484000 0.991037
-0.480000 0.991037
-0.476000 0.991037
-0.472000 0.991037
-0.468000 0.991037
-0.464000 0.991037
-0.460000 0.991037
-0.456000 0.991037
-0.452000 0.991037
-0.448000 0.991037
-0.444000 0.991037
-0.440000 0.991037
-0.436000 0.991037
-0.432000 0.991037
-0.428000 0.991037
-0.424000 0.991037
-0.420000 0.991037
-0.416000 0.991037
-0.412000 0.991037
-0.408000 0.991037
-0.404000 0.991037
-0.400000 0.991037
-0.396000 0.991037
-0.392000 0.991037
-0.388000 0.991037
-0.384000 0.991037
-0.380000 0.991037
-0.376000 0.991037
-0.372000 0.991037
-0.368000 0.991037
-0.364000 0.991037
-0.360000 0.991037
-0.356000 0.991037
-0.352000 0.991037
-0.348000 0.991037
-0.344000 0.991037
-0.340000 0.991037
-0.336000 0.991037
-0.332000 0.991037
-0.328000 0.991037
-0.324000 0.991037
-0.320000 0.991037
-0.316000 0.991037
-0.312000 0.991037
-0.308000 0.991037
-0.304000 0.991037
-0.300000 0.991037
-0.296000 0.991037
-0.292000 0.991037
-0.288000 0.991037
-0.284000 0.991037
-0.280000 0.991037
-0.276000 0.991037
-0.272000 0.991037
-0.268000 0.991037
-0.264000 0.991037
-0.260000 0.991037
-0.256000 0.991037
-0.252000 0.991037
-0.248000 0.991037
-0.244000 0.991037
-0.240000 0.991037
-0.236000 0.991037
-0.232000 0.991037
-0.228000 0.991037
-0.224000 0.991037
-0.220000 0.991037
-0.216000 0.991037
-0.212000 0.991037
-0.208000 0.991037
-0.204000 0.991037
-0.200000 0.991037
-0.196000 0.991037
-0.192000 0.991037
-0.188000 0.991037
-0.184000 0.991037
-0.180000 0.991037
-0.176000 0.991037
-0.172000 0.991037
-0.168000 0.991037
-0.164000 0.991037
-0.160000 0.991037
-0.156000 0.991037
-0.152000 0.991037
-0.148000 0.991037
-0.144000 0.991037
-0.140000 0.991038
-0.136000 0.991038
-0.132000 0.991038
-0.128000 0.991038
-0.124000 0.991038
-0.120000 0.991038
-0.116000 0.991038
-0.112000 0.991038
-0.108000 0.991038
-0.104000 0.991038
-0.100000 0.991038
-0.096000 0.991038
-0.092000 0.991038
-0.088000 0.991038
-0.084000 0.991038
-0.080000 0.991039
-0.076000 0.991039
-0.072000 0.991039
-0.068000 0.991039
-0.064000 0.991039
-0.060000 0.991039
-0.056000 0.991039
-0.052000 0.991039
-0.048000 0.991040
-0.044000 0.991040
-0.040000 0.991040
-0.036000 0.991040
-0.032000 0.991040
-0.028000 0.991041
-0.024000 0.991041
-0.020000 0.991041
-0.016000 0.991041
-0.012000 0.991042
-0.008000 0.991042
-0.004000 0.991042
0.000000 0.991043
0.004000 0.991043
0.008000 0.991043
0.012000 0.991044
0.016000 0.991044
0.020000 0.991045
0.024000 0.991045
0.028000 0.991046
0.032000 0.991046
0.036000 0.991047
0.040000 0.991047
0.044000 0.991048
0.048000 0.991049
0.052000 0.991049
0.056000 0.991050
0.060000 0.991051
0.064000 0.991052
0.068000 0.991053
0.072000 0.991053
0.076000 0.991054
0.080000 0.991055
0.084000 0.991056
0.088000 0.991057
0.092000 0.991058
0.096000 0.991060
0.100000 0.991061
0.104000 0.991062
0.108000 0.991063
0.112000 0.991065
0.116000 0.991066
0.120000 0.991068
0.124000 0.991070
0.128000 0.991071
0.132000 0.991073
0.136000 0.991075
0.140000 0.991077
0.144000 0.991079
0.148000 0.991081
0.152000 0.991083
0.156000 0.991085
0.160000 0.991087
0.164000 0.991090
0.168000 0.991092
0.172000 0.991095
0.176000 0.991098
0.180000 0.991101
0.184000 0.991104
0.188000 0.991107
0.192000 0.991110
0.196000 0.991113
0.200000 0.991117
0.204000 0.991120
0.208000 0.991124
0.212000 0.991128
0.216000 0.991132
0.220000 0.991136
0.224000 0.991140
0.228000 0.991145
0.232000 0.991149
0.236000 0.991154
0.240000 0.991159
0.244000 0.991164
0.248000 0.991169
0.252000 0.991174
0.256000 0.991180
0.260000 0.991186
0.264000 0.991192
0.268000 0.991198
0.272000 0.991204
0.276000 0.991210
0.280000 0.991217
0.284000 0.991224
0.288000 0.991231
0.292000 0.991238
0.296000 0.991246
0.300000 0.991254
0.304000 0.991261
0.308000 0.991270
0.312000 0.991278
0.316000 0.991287
0.320000 0.991295
0.324000 0.991305
0.328000 0.991314
0.332000 0.991323
0.336000 0.991333
0.340000 0.991343
0.344000 0.991353
0.348000 0.991364
0.352000 0.991375
0.356000 0.991386
0.360000 0.991397
0.364000 0.991409
0.368000 0.991420
0.372000 0.991432
0.376000 0.991445
0.380000 0.991457
0.384000 0.991470
0.388000 0.991483
0.392000 0.991497
0.396000 0.991511
0.400000 0.991524
0.404000 0.991539
0.408000 0.991553
0.412000 0.991568
0.416000 0.991583
0.420000 0.991598
0.424000 0.991614
0.428000 0.991630
0.432000 0.991646
0.436000 0.991662
0.440000 0.991679
0.444000 0.991696
0.448000 0.991713
0.452000 0.991731
0.456000 0.991749
0.460000 0.991767
0.464000 0.991785
0.468000 0.991804
0.472000 0.991822
0.476000 0.991842
0.480000 0.991861
0.484000 0.991881
0.488000 0.991900
0.492000 0.991921
0.496000 0.991941
0.500000 0.991961
0.504000 0.991982
0.508000 0.992003
0.512000 0.992025
0.516000 0.992046
0.520000 0.992068
0.524000 0.992090
0.528000 0.992112
0.532000 0.992135
0.536000 0.992157
0.540000 0.992180
0.544000 0.992203
0.548000 0.992226
0.552000 0.992250
0.556000 0.992273
0.560000 0.992297
0.564000 0.992321
0.568000 0.992345
0.572000 0.992369
0.576000 0.992393
0.580000 0.992418
0.584000 0.992442
0.588000 0.992467
0.592000 0.992492
0.596000 0.992517
0.600000 0.992542
0.604000 0.992567
0.608000 0.992593
0.612000 0.992618
0.616000 0.992644
0.620000 0.992669
0.624000 0.992695
0.628000 0.992720
0.632000 0.992746
0.636000 0.992772
0.640000 0.992798
0.644000 0.992823
0.648000 0.992849
0.652000 0.992875
0.656000 0.992901
0.660000 0.992927
0.664000 0.992953
0.668000 0.992979
0.672000 0.993005
0.676000 0.993030
0.680000 0.993056
0.684000 0.993082
0.688000 0.993108
0.692000 0.993133
0.696000 0.993159
0.700000 0.993184
0.704000 0.993210
0.708000 0.993235
0.712000 0.993260
0.716000 0.993285
0.720000 0.993310
0.724000 0.993335
0.728000 0.993360
0.732000 0.993385
0.736000 0.993409
0.740000 0.993434
0.744000 0.993458
0.748000 0.993482
0.752000 0.993506
0.756000 0.993530
0.760000 0.993554
0.764000 0.993577
0.768000 0.993600
0.772000 0.993623
0.776000 0.993646
0.780000 0.993669
0.784000 0.993692
0.788000 0.993714
0.792000 0.993736
0.796000 0.993758
0.800000 0.993780
0.804000 0.993802
0.808000 0.993823
0.812000 0.993844
0.816000 0.993865
0.820000 0.993886
0.824000 0.993906
0.828000 0.993926
0.832000 0.993946
0.836000 0.993966
0.840000 0.993985
0.844000 0.994005
0.848000 0.994024
0.852000 0.994042
0.856000 0.994061
0.860000 0.994079
0.864000 0.994097
0.868000 0.994115
0.872000 0.994133
0.876000 0.994150
0.880000 0.994167
0.884000 0.994184
0.888000 0.994200
0.892000 0.994216
0.896000 0.994232
0.900000 0.994248
0.904000 0.994264
0.908000 0.994279
0.912000 0.994294
0.916000 0.994309
0.920000 0.994323
0.924000 0.994337
0.928000 0.994351
0.932000 0.994365
0.936000 0.994379
0.940000 0.994392
0.944000 0.994405
0.948000 0.994418
0.952000 0.994431
0.956000 0.994443
0.960000 0.994456
0.964000 0.994468
0.968000 0.994480
0.972000 0.994493
0.976000 0.994506
0.980000 0.994519
0.984000 0.994533
0.988000 0.994548
0.992000 0.994565
0.996000 0.994585
1.000000 0.994609
