-1.000000 0.997928
-0.996000 0.997928
-0.992000 0.997928
-0.988000 0.997928
-0.984000 0.997928
-0.980000 0.997928
-0.976000 0.997928
-0.972000 0.997928
-0.968000 0.997928
-0.964000 0.997928
-0.960000 0.997928
-0.956000 0.997928
-0.952000 0.997928
-0.948000 0.997928
-0.944000 0.997928
-0.940000 0.997928
-0.936000 0.997928
-0.932000 0.997928
-0.928000 0.997928
-0.924000 0.997928
-0.920000 0.997928
-0.916000 0.997928
-0.912000 0.997928
-0.908000 0.997928
-0.904000 0.997928
-0.900000 0.997928
-0.896000 0.997928
-0.892000 0.997928
-0.888000 0.997928
-0.884000 0.997928
-0.880000 0.997928
-0.876000 0.997928
-0.872000 0.997928
-0.868000 0.997928
-0.864000 0.997928
-0.860000 0.997928
-0.856000 0.997928
-0.852000 0.997928
-0.848000 0.997928
-0.844000 0.997928
-0.840000 0.997928
-0.836000 0.997928
-0.832000 0.997928
-0.828000 0.997928
-0.824000 0.997928
-0.820000 0.997928
-0.816000 0.997928
-0.812000 0.997928
-0.808000 0.997928
-0.804000 0.997928
-0.800000 0.997928
-0.796000 0.997928
-0.792000 0.997928
-0.788000 0.997928
-0.784000 0.997928
-0.780000 0.997928
-0.776000 0.997928
-0.772000 0.997928
-0.768000 0.997928
-0.764000 0.997928
-0.760000 0.997928
-0.756000 0.997928
-0.752000 0.997928
-0.748000 0.997927
-0.744000 0.997927
-0.740000 0.997927
-0.736000 0.997927
-0.732000 0.997927
-0.728000 0.997927
-0.724000 0.997927
-0.720000 0.997927
-0.716000 0.997927
-0.712000 0.997926
-0.708000 0.997926
-0.704000 0.997926
-0.700000 0.997926
-0.696000 0.997926
-0.692000 0.997925
-0.688000 0.997925
-0.684000 0.997925
-0.680000 0.997924
-0.676000 0.997924
-0.672000 0.997923
-0.668000 0.997923
-0.664000 0.997922
-0.660000 0.997922
-0.656000 0.997921
-0.652000 0.997920
-0.648000 0.997920
-0.644000 0.997919
-0.640000 0.997918
-0.636000 0.997917
-0.632000 0.997916
-0.628000 0.997914
-0.624000 0.997913
-0.620000 0.997912
-0.616000 0.997910
-0.612000 0.997909
-0.608000 0.997907
-0.604000 0.997905
-0.600000 0.997903
-0.596000 0.997901
-0.592000 0.997898
-0.588000 0.997896
-0.584000 0.997893
-0.580000 0.997890
-0.576000 0.997887
-0.572000 0.997883
-0.568000 0.997879
-0.564000 0.997875
-0.560000 0.997871
-0.556000 0.997867
-0.552000 0.997862
-0.548000 0.997857
-0.544000 0.997851
-0.540000 0.997845
-0.536000 0.997839
-0.532000 0.997832
-0.528000 0.997825
-0.524000 0.997818
-0.520000 0.997810
-0.516000 0.997802
-0.512000 0.997793
-0.508000 0.997783
-0.504000 0.997774
-0.500000 0.997763
-0.496000 0.997752
-0.492000 0.997740
-0.488000 0.997728
-0.484000 0.997715
-0.480000 0.997702
-0.476000 0.997688
-0.472000 0.997673
-0.468000 0.997657
-0.464000 0.997641
-0.460000 0.997624
-0.456000 0.997606
-0.452000 0.997587
-0.448000 0.997568
-0.444000 0.997547
-0.440000 0.997526
-0.436000 0.997504
-0.432000 0.997481
-0.428000 0.997457
-0.424000 0.997432
-0.420000 0.997406
-0.416000 0.997379
-0.412000 0.997352
-0.408000 0.997323
-0.404000 0.997293
-0.400000 0.997262
-0.396000 0.997230
-0.392000 0.997197
-0.388000 0.997163
-0.384000 0.997128
-0.380000 0.997092
-0.376000 0.997054
-0.372000 0.997016
-0.368000 0.996977
-0.364000 0.996936
-0.360000 0.996895
-0.356000 0.996852
-0.352000 0.996808
-0.348000 0.996763
-0.344000 0.996717
-0.340000 0.996670
-0.336000 0.996622
-0.332000 0.996573
-0.328000 0.996523
-0.324000 0.996472
-0.320000 0.996420
-0.316000 0.996367
-0.312000 0.996313
-0.308000 0.996258
-0.304000 0.996202
-0.300000 0.996145
-0.296000 0.996087
-0.292000 0.996029
-0.288000 0.995969
-0.284000 0.995909
-0.280000 0.995848
-0.276000 0.995787
-0.272000 0.995725
-0.268000 0.995662
-0.264000 0.995598
-0.260000 0.995534
-0.256000 0.995469
-0.252000 0.995404
-0.248000 0.995338
-0.244000 0.995272
-0.240000 0.995206
-0.236000 0.995139
-0.232000 0.995072
-0.228000 0.995004
-0.224000 0.994936
-0.220000 0.994869
-0.216000 0.994801
-0.212000 0.994733
-0.208000 0.994664
-0.204000 0.994596
-0.200000 0.994528
-0.196000 0.994460
-0.192000 0.994392
-0.188000 0.994324
-0.184000 0.994257
-0.180000 0.994189
-0.176000 0.994122
-0.172000 0.994055
-0.168000 0.993989
-0.164000 0.993923
-0.160000 0.993857
-0.156000 0.993792
-0.152000 0.993728
-0.148000 0.993663
-0.144000 0.993600
-0.140000 0.993537
-0.136000 0.993475
-0.132000 0.993413
-0.128000 0.993352
-0.124000 0.993292
-0.120000 0.993232
-0.116000 0.993173
-0.112000 0.993115
-0.108000 0.993058
-0.104000 0.993001
-0.100000 0.992946
-0.096000 0.992891
-0.092000 0.992837
-0.088000 0.992784
-0.084000 0.992732
-0.080000 0.992681
-0.076000 0.992631
-0.072000 0.992582
-0.068000 0.992533
-0.064000 0.992486
-0.060000 0.992440
-0.056000 0.992394
-0.052000 0.992350
-0.048000 0.992306
-0.044000 0.992264
-0.040000 0.992222
-0.036000 0.992182
-0.032000 0.992142
-0.028000 0.992103
-0.024000 0.992066
-0.020000 0.992029
-0.016000 0.991993
-0.012000 0.991958
-0.008000 0.991924
-0.004000 0.991891
0.000000 0.991859
0.004000 0.991828
0.008000 0.991798
0.012000 0.991768
0.016000 0.991740
0.020000 0.991712
0.024000 0.991685
0.028000 0.991659
0.032000 0.991634
0.036000 0.991609
0.040000 0.991586
0.044000 0.991563
0.048000 0.991541
0.052000 0.991520
0.056000 0.991499
0.060000 0.991479
0.064000 0.991460
0.068000 0.991441
0.072000 0.991424
0.076000 0.991406
0.080000 0.991390
0.084000 0.991374
0.088000 0.991359
0.092000 0.991344
0.096000 0.991330
0.100000 0.991316
0.104000 0.991303
0.108000 0.991290
0.112000 0.991278
0.116000 0.991267
0.120000 0.991256
0.124000 0.991245
0.128000 0.991235
0.132000 0.991225
0.136000 0.991216
0.140000 0.991207
0.144000 0.991198
0.148000 0.991190
0.152000 0.991182
0.156000 0.991175
0.160000 0.991168
0.164000 0.991161
0.168000 0.991154
0.172000 0.991148
0.176000 0.991142
0.180000 0.991137
0.184000 0.991131
0.188000 0.991126
0.192000 0.991121
0.196000 0.991117
0.200000 0.991112
0.204000 0.991108
0.208000 0.991104
0.212000 0.991101
0.216000 0.991097
0.220000 0.991094
0.224000 0.991090
0.228000 0.991087
0.232000 0.991084
0.236000 0.991082
0.240000 0.991079
0.244000 0.991077
0.248000 0.991074
0.252000 0.991072
0.256000 0.991070
0.260000 0.991068
0.264000 0.991066
0.268000 0.991064
0.272000 0.991063
0.276000 0.991061
0.280000 0.991060
0.284000 0.991058
0.288000 0.991057
0.292000 0.991056
0.296000 0.991055
0.300000 0.991053
0.304000 0.991052
0.308000 0.991051
0.312000 0.991050
0.316000 0.991050
0.320000 0.991049
0.324000 0.991048
0.328000 0.991047
0.332000 0.991047
0.336000 0.991046
0.340000 0.991045
0.344000 0.991045
0.348000 0.991044
0.352000 0.991044
0.356000 0.991043
0.360000 0.991043
0.364000 0.991043
0.368000 0.991042
0.372000 0.991042
0.376000 0.991042
0.380000 0.991041
0.384000 0.991041
0.388000 0.991041
0.392000 0.991040
0.396000 0.991040
0.400000 0.991040
0.404000 0.991040
0.408000 0.991040
0.412000 0.991039
0.416000 0.991039
0.420000 0.991039
0.424000 0.991039
0.428000 0.991039
0.432000 0.991039
0.436000 0.991039
0.440000 0.991038
0.444000 0.991038
0.448000 0.991038
0.452000 0.991038
0.456000 0.991038
0.460000 0.991038
0.464000 0.991038
0.468000 0.991038
0.472000 0.991038
0.476000 0.991038
0.480000 0.991038
0.484000 0.991038
0.488000 0.991038
0.492000 0.991038
0.496000 0.991037
0.500000 0.991037
0.504000 0.991037
0.508000 0.991037
0.512000 0.991037
0.516000 0.991037
0.520000 0.991037
0.524000 0.991037
0.528000 0.991037
0.532000 0.991037
0.536000 0.991037
0.540000 0.991037
0.544000 0.991037
0.548000 0.991037
0.552000 0.991037
0.556000 0.991037
0.560000 0.991037
0.564000 0.991037
0.568000 0.991037
0.572000 0.991037
0.576000 0.991037
0.580000 0.991037
0.584000 0.991037
0.588000 0.991037
0.592000 0.991037
0.596000 0.991037
0.600000 0.991037
0.604000 0.991037
0.608000 0.991037
0.612000 0.991037
0.616000 0.991037
0.620000 0.991037
0.624000 0.991037
0.628000 0.991037
0.632000 0.991037
0.636000 0.991037
0.640000 0.991037
0.644000 0.991037
0.648000 0.991037
0.652000 0.991037
0.656000 0.991037
0.660000 0.991037
0.664000 0.991037
0.668000 0.991037
0.672000 0.991037
0.676000 0.991037
0.680000 0.991037
0.684000 0.991037
0.688000 0.991037
0.692000 0.991037
0.696000 0.991037
0.700000 0.991037
0.704000 0.991037
0.708000 0.991037
0.712000 0.991037
0.716000 0.991037
0.720000 0.991037
0.724000 0.991037
0.728000 0.991037
0.732000 0.991037
0.736000 0.991037
0.740000 0.991037
0.744000 0.991037
0.748000 0.991037
0.752000 0.991037
0.756000 0.991037
0.760000 0.991037
0.764000 0.991037
0.768000 0.991037
0.772000 0.991037
0.776000 0.991037
0.780000 0.991037
0.784000 0.991037
0.788000 0.991037
0.792000 0.991037
0.796000 0.991037
0.800000 0.991037
0.804000 0.991037
0.808000 0.991037
0.812000 0.991037
0.816000 0.991037
0.820000 0.991037
0.824000 0.991037
0.828000 0.991037
0.832000 0.991037
0.836000 0.991037
0.840000 0.991037
0.844000 0.991037
0.848000 0.991037
0.852000 0.991037
0.856000 0.991037
0.860000 0.991037
0.864000 0.991037
0.868000 0.991037
0.872000 0.991037
0.876000 0.991037
0.880000 0.991037
0.884000 0.991037
0.888000 0.991037
0.892000 0.991037
0.896000 0.991037
0.900000 0.991037
0.904000 0.991037
0.908000 0.991037
0.912000 0.991037
0.916000 0.991037
0.920000 0.991037
0.924000 0.991037
0.928000 0.991037
0.932000 0.991037
0.936000 0.991037
0.940000 0.991037
0.944000 0.991037
0.948000 0.991037
0.952000 0.991037
0.956000 0.991037
0.960000 0.991037
0.964000 0.991037
0.968000 0.991037
0.972000 0.991037
0.976000 0.991037
0.980000 0.991037
0.984000 0.991037
0.988000 0.991037
0.992000 0.991037
0.996000 0.991037
1.000000 0.991037
