-1.000000 0.997928
-0.996000 0.997928
-0.992000 0.997928
-0.988000 0.997928
-0.984000 0.997928
-0.980000 0.997928
-0.976000 0.997928
-0.972000 0.997928
-0.968000 0.997928
-0.964000 0.997928
-0.960000 0.997928
-0.956000 0.997928
-0.952000 0.997928
-0.948000 0.997928
-0.944000 0.997928
-0.940000 0.997928
-0.936000 0.997928
-0.932000 0.997928
-0.928000 0.997928
-0.924000 0.997928
-0.920000 0.997928
-0.916000 0.997928
-0.912000 0.997928
-0.908000 0.997928
-0.904000 0.997928
-0.900000 0.997928
-0.896000 0.997928
-0.892000 0.997928
-0.888000 0.997928
-0.884000 0.997928
-0.880000 0.997928
-0.876000 0.997928
-0.872000 0.997928
-0.868000 0.997928
-0.864000 0.997928
-0.860000 0.997928
-0.856000 0.997928
-0.852000 0.997928
-0.848000 0.997928
-0.844000 0.997928
-0.840000 0.997928
-0.836000 0.997928
-0.832000 0.997928
-0.828000 0.997928
-0.824000 0.997928
-0.820000 0.997928
-0.816000 0.997928
-0.812000 0.997928
-0.808000 0.997928
-0.804000 0.997928
-0.800000 0.997928
-0.796000 0.997928
-0.792000 0.997928
-0.788000 0.997928
-0.784000 0.997928
-0.780000 0.997928
-0.776000 0.997928
-0.772000 0.997928
-0.768000 0.997928
-0.764000 0.997928
-0.760000 0.997928
-0.756000 0.997928
-0.752000 0.997928
-0.748000 0.997928
-0.744000 0.997928
-0.740000 0.997928
-0.736000 0.997928
-0.732000 0.997928
-0.728000 0.997928
-0.724000 0.997928
-0.720000 0.997928
-0.716000 0.997928
-0.712000 0.997928
-0.708000 0.997928
-0.704000 0.997928
-0.700000 0.997928
-0.696000 0.997928
-0.692000 0.997928
-0.688000 0.997928
-0.684000 0.997928
-0.680000 0.997928
-0.676000 0.997928
-0.672000 0.997928
-0.668000 0.997928
-0.664000 0.997928
-0.660000 0.997928
-0.656000 0.997928
-0.652000 0.997928
-0.648000 0.997928
-0.644000 0.997928
-0.640000 0.997928
-0.636000 0.997928
-0.632000 0.997928
-0.628000 0.997928
-0.624000 0.997928
-0.620000 0.997928
-0.616000 0.997928
-0.612000 0.997928
-0.608000 0.997928
-0.604000 0.997928
-0.600000 0.997928
-0.596000 0.997928
-0.592000 0.997928
-0.588000 0.997928
-0.584000 0.997928
-0.580000 0.997928
-0.576000 0.997928
-0.572000 0.997928
-0.568000 0.997928
-0.564000 0.997928
-0.560000 0.997928
-0.556000 0.997928
-0.552000 0.997928
-0.548000 0.997928
-0.544000 0.997928
-0.540000 0.997928
-0.536000 0.997928
-0.532000 0.997928
-0.528000 0.997928
-0.524000 0.997928
-0.520000 0.997928
-0.516000 0.997928
-0.512000 0.997928
-0.508000 0.997928
-0.504000 0.997928
-0.500000 0.997928
-0.496000 0.997928
-0.492000 0.997928
-0.488000 0.997928
-0.484000 0.997928
-0.480000 0.997928
-0.476000 0.997928
-0.472000 0.997928
-0.468000 0.997928
-0.464000 0.997928
-0.460000 0.997928
-0.456000 0.997928
-0.452000 0.997928
-0.448000 0.997928
-0.444000 0.997928
-0.440000 0.997928
-0.436000 0.997928
-0.432000 0.997928
-0.428000 0.997928
-0.424000 0.997928
-0.420000 0.997928
-0.416000 0.997928
-0.412000 0.997928
-0.408000 0.997928
-0.404000 0.997928
-0.400000 0.997928
-0.396000 0.997928
-0.392000 0.997928
-0.388000 0.997928
-0.384000 0.997928
-0.380000 0.997928
-0.376000 0.997928
-0.372000 0.997928
-0.368000 0.997928
-0.364000 0.997928
-0.360000 0.997928
-0.356000 0.997928
-0.352000 0.997928
-0.348000 0.997928
-0.344000 0.997928
-0.340000 0.997928
-0.336000 0.997928
-0.332000 0.997928
-0.328000 0.997928
-0.324000 0.997928
-0.320000 0.997928
-0.316000 0.997928
-0.312000 0.997928
-0.308000 0.997928
-0.304000 0.997928
-0.300000 0.997928
-0.296000 0.997928
-0.292000 0.997928
-0.288000 0.997928
-0.284000 0.997928
-0.280000 0.997928
-0.276000 0.997928
-0.272000 0.997928
-0.268000 0.997928
-0.264000 0.997928
-0.260000 0.997928
-0.256000 0.997928
-0.252000 0.997928
-0.248000 0.997928
-0.244000 0.997928
-0.240000 0.997928
-0.236000 0.997928
-0.232000 0.997928
-0.228000 0.997928
-0.224000 0.997928
-0.220000 0.997928
-0.216000 0.997928
-0.212000 0.997928
-0.208000 0.997928
-0.204000 0.997928
-0.200000 0.997928
-0.196000 0.997928
-0.192000 0.997928
-0.188000 0.997928
-0.184000 0.997928
-0.180000 0.997928
-0.176000 0.997928
-0.172000 0.997928
-0.168000 0.997928
-0.164000 0.997928
-0.160000 0.997928
-0.156000 0.997928
-0.152000 0.997928
-0.148000 0.997928
-0.144000 0.997928
-0.140000 0.997928
-0.136000 0.997928
-0.132000 0.997928
-0.128000 0.997928
-0.124000 0.997928
-0.120000 0.997928
-0.116000 0.997928
-0.112000 0.997928
-0.108000 0.997928
-0.104000 0.997928
-0.100000 0.997928
-0.096000 0.997928
-0.092000 0.997928
-0.088000 0.997928
-0.084000 0.997928
-0.080000 0.997928
-0.076000 0.997928
-0.072000 0.997928
-0.068000 0.997928
-0.064000 0.997928
-0.060000 0.997928
-0.056000 0.997928
-0.052000 0.997928
-0.048000 0.997928
-0.044000 0.997928
-0.040000 0.997928
-0.036000 0.997928
-0.032000 0.997928
-0.028000 0.997928
-0.024000 0.997928
-0.020000 0.997928
-0.016000 0.997928
-0.012000 0.997928
-0.008000 0.997928
-0.004000 0.997928
0.000000 0.997928
0.004000 0.997928
0.008000 0.997927
0.012000 0.997927
0.016000 0.997927
0.020000 0.997927
0.024000 0.997927
0.028000 0.997927
0.032000 0.997927
0.036000 0.997927
0.040000 0.997927
0.044000 0.997927
0.048000 0.997927
0.052000 0.997927
0.056000 0.997927
0.060000 0.997927
0.064000 0.997927
0.068000 0.997926
0.072000 0.997926
0.076000 0.997926
0.080000 0.997926
0.084000 0.997926
0.088000 0.997926
0.092000 0.997926
0.096000 0.997926
0.100000 0.997925
0.104000 0.997925
0.108000 0.997925
0.112000 0.997925
0.116000 0.997925
0.120000 0.997924
0.124000 0.997924
0.128000 0.997924
0.132000 0.997924
0.136000 0.997923
0.140000 0.997923
0.144000 0.997923
0.148000 0.997923
0.152000 0.997922
0.156000 0.997922
0.160000 0.997921
0.164000 0.997921
0.168000 0.997921
0.172000 0.997920
0.176000 0.997920
0.180000 0.997919
0.184000 0.997919
0.188000 0.997918
0.192000 0.997917
0.196000 0.997917
0.200000 0.997916
0.204000 0.997916
0.208000 0.997915
0.212000 0.997914
0.216000 0.997913
0.220000 0.997912
0.224000 0.997912
0.228000 0.997911
0.232000 0.997910
0.236000 0.997909
0.240000 0.997908
0.244000 0.997906
0.248000 0.997905
0.252000 0.997904
0.256000 0.997903
0.260000 0.997901
0.264000 0.997900
0.268000 0.997899
0.272000 0.997897
0.276000 0.997895
0.280000 0.997894
0.284000 0.997892
0.288000 0.997890
0.292000 0.997888
0.296000 0.997886
0.300000 0.997884
0.304000 0.997882
0.308000 0.997880
0.312000 0.997877
0.316000 0.997875
0.320000 0.997872
0.324000 0.997869
0.328000 0.997867
0.332000 0.997864
0.336000 0.997861
0.340000 0.997857
0.344000 0.997854
0.348000 0.997851
0.352000 0.997847
0.356000 0.997843
0.360000 0.997839
0.364000 0.997835
0.368000 0.997831
0.372000 0.997827
0.376000 0.997823
0.380000 0.997818
0.384000 0.997813
0.388000 0.997808
0.392000 0.997803
0.396000 0.997797
0.400000 0.997792
0.404000 0.997786
0.408000 0.997780
0.412000 0.997774
0.416000 0.997768
0.420000 0.997761
0.424000 0.997754
0.428000 0.997747
0.432000 0.997740
0.436000 0.997732
0.440000 0.997725
0.444000 0.997717
0.448000 0.997708
0.452000 0.997700
0.456000 0.997691
0.460000 0.997682
0.464000 0.997673
0.468000 0.997663
0.472000 0.997653
0.476000 0.997643
0.480000 0.997632
0.484000 0.997622
0.488000 0.997611
0.492000 0.997599
0.496000 0.997587
0.500000 0.997575
0.504000 0.997563
0.508000 0.997550
0.512000 0.997537
0.516000 0.997524
0.520000 0.997510
0.524000 0.997496
0.528000 0.997481
0.532000 0.997466
0.536000 0.997451
0.540000 0.997435
0.544000 0.997419
0.548000 0.997403
0.552000 0.997386
0.556000 0.997369
0.560000 0.997351
0.564000 0.997334
0.568000 0.997315
0.572000 0.997296
0.576000 0.997277
0.580000 0.997257
0.584000 0.997237
0.588000 0.997217
0.592000 0.997196
0.596000 0.997175
0.600000 0.997153
0.604000 0.997131
0.608000 0.997108
0.612000 0.997085
0.616000 0.997062
0.620000 0.997038
0.624000 0.997013
0.628000 0.996988
0.632000 0.996963
0.636000 0.996937
0.640000 0.996911
0.644000 0.996885
0.648000 0.996858
0.652000 0.996830
0.656000 0.996802
0.660000 0.996774
0.664000 0.996745
0.668000 0.996716
0.672000 0.996686
0.676000 0.996656
0.680000 0.996625
0.684000 0.996594
0.688000 0.996563
0.692000 0.996531
0.696000 0.996499
0.700000 0.996466
0.704000 0.996433
0.708000 0.996399
0.712000 0.996366
0.716000 0.996331
0.720000 0.996296
0.724000 0.996261
0.728000 0.996226
0.732000 0.996190
0.736000 0.996154
0.740000 0.996117
0.744000 0.996080
0.748000 0.996043
0.752000 0.996005
0.756000 0.995967
0.760000 0.995928
0.764000 0.995890
0.768000 0.995851
0.772000 0.995811
0.776000 0.995772
0.780000 0.995732
0.784000 0.995692
0.788000 0.995651
0.792000 0.995610
0.796000 0.995569
0.800000 0.995528
0.804000 0.995486
0.808000 0.995445
0.812000 0.995403
0.816000 0.995361
0.820000 0.995318
0.824000 0.995276
0.828000 0.995233
0.832000 0.995190
0.836000 0.995147
0.840000 0.995104
0.844000 0.995060
0.848000 0.995017
0.852000 0.994973
0.856000 0.994929
0.860000 0.994886
0.864000 0.994842
0.868000 0.994798
0.872000 0.994754
0.876000 0.994710
0.880000 0.994666
0.884000 0.994622
0.888000 0.994578
0.892000 0.994534
0.896000 0.994489
0.900000 0.994445
0.904000 0.994401
0.908000 0.994357
0.912000 0.994313
0.916000 0.994270
0.920000 0.994226
0.924000 0.994182
0.928000 0.994138
0.932000 0.994095
0.936000 0.994051
0.940000 0.994007
0.944000 0.993964
0.948000 0.993920
0.952000 0.993877
0.956000 0.993833
0.960000 0.993788
0.964000 0.993744
0.968000 0.993698
0.972000 0.993651
0.976000 0.993602
0.980000 0.993550
0.984000 0.993493
0.988000 0.993431
0.992000 0.993361
0.996000 0.993279
1.000000 0.993180
