-1.000000 0.997928
-0.996000 0.997928
-0.992000 0.997928
-0.988000 0.997928
-0.984000 0.997928
-0.980000 0.997928
-0.976000 0.997928
-0.972000 0.997928
-0.968000 0.997928
-0.964000 0.997928
-0.960000 0.997928
-0.956000 0.997928
-0.952000 0.997928
-0.948000 0.997928
-0.944000 0.997928
-0.940000 0.997928
-0.936000 0.997928
-0.932000 0.997928
-0.928000 0.997928
-0.924000 0.997928
-0.920000 0.997928
-0.916000 0.997928
-0.912000 0.997928
-0.908000 0.997928
-0.904000 0.997928
-0.900000 0.997928
-0.896000 0.997928
-0.892000 0.997928
-0.888000 0.997928
-0.884000 0.997928
-0.880000 0.997928
-0.876000 0.997928
-0.872000 0.997928
-0.868000 0.997928
-0.864000 0.997928
-0.860000 0.997928
-0.856000 0.997928
-0.852000 0.997928
-0.848000 0.997928
-0.844000 0.997928
-0.840000 0.997928
-0.836000 0.997928
-0.832000 0.997928
-0.828000 0.997928
-0.824000 0.997928
-0.820000 0.997928
-0.816000 0.997928
-0.812000 0.997928
-0.808000 0.997928
-0.804000 0.997928
-0.800000 0.997928
-0.796000 0.997928
-0.792000 0.997928
-0.788000 0.997928
-0.784000 0.997928
-0.780000 0.997928
-0.776000 0.997928
-0.772000 0.997928
-0.768000 0.997928
-0.764000 0.997928
-0.760000 0.997928
-0.756000 0.997928
-0.752000 0.997928
-0.748000 0.997928
-0.744000 0.997928
-0.740000 0.997928
-0.736000 0.997928
-0.732000 0.997928
-0.728000 0.997928
-0.724000 0.997928
-0.720000 0.997928
-0.716000 0.997928
-0.712000 0.997928
-0.708000 0.997928
-0.704000 0.997928
-0.700000 0.997928
-0.696000 0.997928
-0.692000 0.997928
-0.688000 0.997928
-0.684000 0.997928
-0.680000 0.997928
-0.676000 0.997928
-0.672000 0.997928
-0.668000 0.997928
-0.664000 0.997928
-0.660000 0.997928
-0.656000 0.997928
-0.652000 0.997928
-0.648000 0.997928
-0.644000 0.997928
-0.640000 0.997928
-0.636000 0.997928
-0.632000 0.997928
-0.628000 0.997928
-0.624000 0.997928
-0.620000 0.997928
-0.616000 0.997928
-0.612000 0.997928
-0.608000 0.997928
-0.604000 0.997928
-0.600000 0.997928
-0.596000 0.997928
-0.592000 0.997928
-0.588000 0.997928
-0.584000 0.997928
-0.580000 0.997928
-0.576000 0.997928
-0.572000 0.997928
-0.568000 0.997928
-0.564000 0.997928
-0.560000 0.997928
-0.556000 0.997928
-0.552000 0.997928
-0.548000 0.997928
-0.544000 0.997928
-0.540000 0.997928
-0.536000 0.997928
-0.532000 0.997928
-0.528000 0.997928
-0.524000 0.997928
-0.520000 0.997928
-0.516000 0.997928
-0.512000 0.997928
-0.508000 0.997928
-0.504000 0.997928
-0.500000 0.997928
-0.496000 0.997928
-0.492000 0.997928
-0.488000 0.997928
-0.484000 0.997928
-0.480000 0.997928
-0.476000 0.997928
-0.472000 0.997928
-0.468000 0.997928
-0.464000 0.997928
-0.460000 0.997928
-0.456000 0.997928
-0.452000 0.997928
-0.448000 0.997928
-0.444000 0.997928
-0.440000 0.997928
-0.436000 0.997928
-0.432000 0.997928
-0.428000 0.997928
-0.424000 0.997928
-0.420000 0.997928
-0.416000 0.997928
-0.412000 0.997928
-0.408000 0.997928
-0.404000 0.997928
-0.400000 0.997928
-0.396000 0.997928
-0.392000 0.997928
-0.388000 0.997928
-0.384000 0.997928
-0.380000 0.997928
-0.376000 0.997928
-0.372000 0.997928
-0.368000 0.997928
-0.364000 0.997928
-0.360000 0.997928
-0.356000 0.997928
-0.352000 0.997928
-0.348000 0.997928
-0.344000 0.997928
-0.340000 0.997928
-0.336000 0.997928
-0.332000 0.997928
-0.328000 0.997928
-0.324000 0.997928
-0.320000 0.997928
-0.316000 0.997928
-0.312000 0.997928
-0.308000 0.997928
-0.304000 0.997928
-0.300000 0.997928
-0.296000 0.997928
-0.292000 0.997928
-0.288000 0.997928
-0.284000 0.997928
-0.280000 0.997928
-0.276000 0.997928
-0.272000 0.997928
-0.268000 0.997928
-0.264000 0.997928
-0.260000 0.997928
-0.256000 0.997928
-0.252000 0.997928
-0.248000 0.997928
-0.244000 0.997928
-0.240000 0.997928
-0.236000 0.997928
-0.232000 0.997928
-0.228000 0.997928
-0.224000 0.997928
-0.220000 0.997928
-0.216000 0.997928
-0.212000 0.997928
-0.208000 0.997928
-0.204000 0.997928
-0.200000 0.997928
-0.196000 0.997928
-0.192000 0.997928
-0.188000 0.997928
-0.184000 0.997928
-0.180000 0.997928
-0.176000 0.997928
-0.172000 0.997928
-0.168000 0.997928
-0.164000 0.997928
-0.160000 0.997928
-0.156000 0.997928
-0.152000 0.997928
-0.148000 0.997928
-0.144000 0.997928
-0.140000 0.997927
-0.136000 0.997927
-0.132000 0.997927
-0.128000 0.997927
-0.124000 0.997927
-0.120000 0.997927
-0.116000 0.997927
-0.112000 0.997927
-0.108000 0.997927
-0.104000 0.997927
-0.100000 0.997927
-0.096000 0.997927
-0.092000 0.997927
-0.088000 0.997927
-0.084000 0.997927
-0.080000 0.997926
-0.076000 0.997926
-0.072000 0.997926
-0.068000 0.997926
-0.064000 0.997926
-0.060000 0.997926
-0.056000 0.997926
-0.052000 0.997925
-0.048000 0.997925
-0.044000 0.997925
-0.040000 0.997925
-0.036000 0.997925
-0.032000 0.997924
-0.028000 0.997924
-0.024000 0.997924
-0.020000 0.997923
-0.016000 0.997923
-0.012000 0.997923
-0.008000 0.997923
-0.004000 0.997922
0.000000 0.997922
0.004000 0.997921
0.008000 0.997921
0.012000 0.997920
0.016000 0.997920
0.020000 0.997919
0.024000 0.997919
0.028000 0.997918
0.032000 0.997918
0.036000 0.997917
0.040000 0.997916
0.044000 0.997916
0.048000 0.997915
0.052000 0.997914
0.056000 0.997913
0.060000 0.997912
0.064000 0.997911
0.068000 0.997910
0.072000 0.997909
0.076000 0.997908
0.080000 0.997907
0.084000 0.997906
0.088000 0.997905
0.092000 0.997903
0.096000 0.997902
0.100000 0.997900
0.104000 0.997899
0.108000 0.997897
0.112000 0.997896
0.116000 0.997894
0.120000 0.997892
0.124000 0.997890
0.128000 0.997888
0.132000 0.997886
0.136000 0.997883
0.140000 0.997881
0.144000 0.997879
0.148000 0.997876
0.152000 0.997873
0.156000 0.997870
0.160000 0.997868
0.164000 0.997864
0.168000 0.997861
0.172000 0.997858
0.176000 0.997854
0.180000 0.997851
0.184000 0.997847
0.188000 0.997843
0.192000 0.997839
0.196000 0.997835
0.200000 0.997830
0.204000 0.997825
0.208000 0.997821
0.212000 0.997816
0.216000 0.997810
0.220000 0.997805
0.224000 0.997799
0.228000 0.997793
0.232000 0.997787
0.236000 0.997781
0.240000 0.997775
0.244000 0.997768
0.248000 0.997761
0.252000 0.997754
0.256000 0.997746
0.260000 0.997738
0.264000 0.997730
0.268000 0.997722
0.272000 0.997713
0.276000 0.997704
0.280000 0.997695
0.284000 0.997686
0.288000 0.997676
0.292000 0.997666
0.296000 0.997655
0.300000 0.997645
0.304000 0.997634
0.308000 0.997622
0.312000 0.997610
0.316000 0.997598
0.320000 0.997586
0.324000 0.997573
0.328000 0.997560
0.332000 0.997546
0.336000 0.997532
0.340000 0.997517
0.344000 0.997503
0.348000 0.997487
0.352000 0.997472
0.356000 0.997456
0.360000 0.997439
0.364000 0.997422
0.368000 0.997405
0.372000 0.997387
0.376000 0.997369
0.380000 0.997351
0.384000 0.997331
0.388000 0.997312
0.392000 0.997292
0.396000 0.997271
0.400000 0.997250
0.404000 0.997229
0.408000 0.997207
0.412000 0.997185
0.416000 0.997162
0.420000 0.997138
0.424000 0.997115
0.428000 0.997090
0.432000 0.997065
0.436000 0.997040
0.440000 0.997014
0.444000 0.996988
0.448000 0.996961
0.452000 0.996934
0.456000 0.996906
0.460000 0.996878
0.464000 0.996849
0.468000 0.996820
0.472000 0.996790
0.476000 0.996760
0.480000 0.996729
0.484000 0.996698
0.488000 0.996666
0.492000 0.996634
0.496000 0.996601
0.500000 0.996568
0.504000 0.996534
0.508000 0.996500
0.512000 0.996465
0.516000 0.996430
0.520000 0.996395
0.524000 0.996359
0.528000 0.996322
0.532000 0.996285
0.536000 0.996248
0.540000 0.996210
0.544000 0.996172
0.548000 0.996133
0.552000 0.996094
0.556000 0.996055
0.560000 0.996015
0.564000 0.995975
0.568000 0.995934
0.572000 0.995893
0.576000 0.995852
0.580000 0.995810
0.584000 0.995768
0.588000 0.995726
0.592000 0.995683
0.596000 0.995641
0.600000 0.995597
0.604000 0.995554
0.608000 0.995510
0.612000 0.995466
0.616000 0.995422
0.620000 0.995377
0.624000 0.995332
0.628000 0.995287
0.632000 0.995242
0.636000 0.995197
0.640000 0.995151
0.644000 0.995106
0.648000 0.995060
0.652000 0.995014
0.656000 0.994968
0.660000 0.994921
0.664000 0.994875
0.668000 0.994829
0.672000 0.994782
0.676000 0.994736
0.680000 0.994689
0.684000 0.994643
0.688000 0.994596
0.692000 0.994549
0.696000 0.994503
0.700000 0.994456
0.704000 0.994410
0.708000 0.994363
0.712000 0.994317
0.716000 0.994270
0.720000 0.994224
0.724000 0.994178
0.728000 0.994132
0.732000 0.994086
0.736000 0.994040
0.740000 0.993995
0.744000 0.993949
0.748000 0.993904
0.752000 0.993859
0.756000 0.993814
0.760000 0.993769
0.764000 0.993725
0.768000 0.993681
0.772000 0.993637
0.776000 0.993593
0.780000 0.993550
0.784000 0.993507
0.788000 0.993464
0.792000 0.993421
0.796000 0.993379
0.800000 0.993337
0.804000 0.993296
0.808000 0.993254
0.812000 0.993213
0.816000 0.993173
0.820000 0.993133
0.824000 0.993093
0.828000 0.993053
0.832000 0.993014
0.836000 0.992976
0.840000 0.992937
0.844000 0.992899
0.848000 0.992862
0.852000 0.992825
0.856000 0.992788
0.860000 0.992752
0.864000 0.992716
0.868000 0.992681
0.872000 0.992646
0.876000 0.992611
0.880000 0.992577
0.884000 0.992544
0.888000 0.992511
0.892000 0.992478
0.896000 0.992446
0.900000 0.992414
0.904000 0.992383
0.908000 0.992352
0.912000 0.992321
0.916000 0.992291
0.920000 0.992262
0.924000 0.992233
0.928000 0.992204
0.932000 0.992176
0.936000 0.992148
0.940000 0.992121
0.944000 0.992094
0.948000 0.992067
0.952000 0.992041
0.956000 0.992015
0.960000 0.991989
0.964000 0.991964
0.968000 0.991938
0.972000 0.991912
0.976000 0.991885
0.980000 0.991857
0.984000 0.991828
0.988000 0.991796
0.992000 0.991760
0.996000 0.991717
1.000000 0.991667
