-1.000000 0.992919
-0.996000 0.992919
-0.992000 0.992919
-0.988000 0.992919
-0.984000 0.992919
-0.980000 0.992919
-0.976000 0.992919
-0.972000 0.992919
-0.968000 0.992919
-0.964000 0.992919
-0.960000 0.992919
-0.956000 0.992919
-0.952000 0.992919
-0.948000 0.992919
-0.944000 0.992919
-0.940000 0.992919
-0.936000 0.992919
-0.932000 0.992919
-0.928000 0.992919
-0.924000 0.992919
-0.920000 0.992919
-0.916000 0.992919
-0.912000 0.992919
-0.908000 0.992919
-0.904000 0.992919
-0.900000 0.992919
-0.896000 0.992919
-0.892000 0.992919
-0.888000 0.992919
-0.884000 0.992919
-0.880000 0.992919
-0.876000 0.992919
-0.872000 0.992919
-0.868000 0.992919
-0.864000 0.992919
-0.860000 0.992919
-0.856000 0.992919
-0.852000 0.992919
-0.848000 0.992919
-0.844000 0.992919
-0.840000 0.992919
-0.836000 0.992919
-0.832000 0.992919
-0.828000 0.992919
-0.824000 0.992919
-0.820000 0.992919
-0.816000 0.992919
-0.812000 0.992919
-0.808000 0.992919
-0.804000 0.992919
-0.800000 0.992919
-0.796000 0.992919
-0.792000 0.992919
-0.788000 0.992919
-0.784000 0.992919
-0.780000 0.992919
-0.776000 0.992919
-0.772000 0.992919
-0.768000 0.992919
-0.764000 0.992919
-0.760000 0.992919
-0.756000 0.992919
-0.752000 0.992919
-0.748000 0.992919
-0.744000 0.992919
-0.740000 0.992919
-0.736000 0.992919
-0.732000 0.992919
-0.728000 0.992919
-0.724000 0.992919
-0.720000 0.992919
-0.716000 0.992919
-0.712000 0.992919
-0.708000 0.992919
-0.704000 0.992919
-0.700000 0.992919
-0.696000 0.992919
-0.692000 0.992919
-0.688000 0.992919
-0.684000 0.992919
-0.680000 0.992919
-0.676000 0.992919
-0.672000 0.992919
-0.668000 0.992919
-0.664000 0.992919
-0.660000 0.992919
-0.656000 0.992919
-0.652000 0.992919
-0.648000 0.992919
-0.644000 0.992919
-0.640000 0.992919
-0.636000 0.992919
-0.632000 0.992919
-0.628000 0.992919
-0.624000 0.992919
-0.620000 0.992919
-0.616000 0.992919
-0.612000 0.992919
-0.608000 0.992919
-0.604000 0.992919
-0.600000 0.992919
-0.596000 0.992919
-0.592000 0.992919
-0.588000 0.992919
-0.584000 0.992919
-0.580000 0.992919
-0.576000 0.992919
-0.572000 0.992919
-0.568000 0.992919
-0.564000 0.992919
-0.560000 0.992919
-0.556000 0.992919
-0.552000 0.992919
-0.548000 0.992919
-0.544000 0.992919
-0.540000 0.992919
-0.536000 0.992919
-0.532000 0.992919
-0.528000 0.992919
-0.524000 0.992919
-0.520000 0.992919
-0.516000 0.992919
-0.512000 0.992919
-0.508000 0.992919
-0.504000 0.992919
-0.500000 0.992919
-0.496000 0.992919
-0.492000 0.992919
-0.488000 0.992919
-0.484000 0.992919
-0.480000 0.992919
-0.476000 0.992919
-0.472000 0.992919
-0.468000 0.992919
-0.464000 0.992919
-0.460000 0.992919
-0.456000 0.992919
-0.452000 0.992919
-0.448000 0.992919
-0.444000 0.992919
-0.440000 0.992919
-0.436000 0.992919
-0.432000 0.992919
-0.428000 0.992919
-0.424000 0.992919
-0.420000 0.992919
-0.416000 0.992919
-0.412000 0.992919
-0.408000 0.992919
-0.404000 0.992919
-0.400000 0.992919
-0.396000 0.992919
-0.392000 0.992919
-0.388000 0.992919
-0.384000 0.992919
-0.380000 0.992919
-0.376000 0.992919
-0.372000 0.992919
-0.368000 0.992919
-0.364000 0.992919
-0.360000 0.992919
-0.356000 0.992919
-0.352000 0.992919
-0.348000 0.992919
-0.344000 0.992919
-0.340000 0.992919
-0.336000 0.992919
-0.332000 0.992919
-0.328000 0.992919
-0.324000 0.992919
-0.320000 0.992919
-0.316000 0.992919
-0.312000 0.992919
-0.308000 0.992919
-0.304000 0.992919
-0.300000 0.992919
-0.296000 0.992919
-0.292000 0.992919
-0.288000 0.992919
-0.284000 0.992919
-0.280000 0.992919
-0.276000 0.992919
-0.272000 0.992919
-0.268000 0.992919
-0.264000 0.992919
-0.260000 0.992919
-0.256000 0.992919
-0.252000 0.992919
-0.248000 0.992920
-0.244000 0.992920
-0.240000 0.992920
-0.236000 0.992920
-0.232000 0.992920
-0.228000 0.992920
-0.224000 0.992920
-0.220000 0.992920
-0.216000 0.992920
-0.212000 0.992920
-0.208000 0.992920
-0.204000 0.992920
-0.200000 0.992920
-0.196000 0.992920
-0.192000 0.992921
-0.188000 0.992921
-0.184000 0.992921
-0.180000 0.992921
-0.176000 0.992921
-0.172000 0.992921
-0.168000 0.992921
-0.164000 0.992922
-0.160000 0.992922
-0.156000 0.992922
-0.152000 0.992922
-0.148000 0.992922
-0.144000 0.992923
-0.140000 0.992923
-0.136000 0.992923
-0.132000 0.992924
-0.128000 0.992924
-0.124000 0.992924
-0.120000 0.992925
-0.116000 0.992925
-0.112000 0.992925
-0.108000 0.992926
-0.104000 0.992926
-0.100000 0.992927
-0.096000 0.992927
-0.092000 0.992928
-0.088000 0.992929
-0.084000 0.992929
-0.080000 0.992930
-0.076000 0.992931
-0.072000 0.992931
-0.068000 0.992932
-0.064000 0.992933
-0.060000 0.992934
-0.056000 0.992935
-0.052000 0.992936
-0.048000 0.992937
-0.044000 0.992938
-0.040000 0.992939
-0.036000 0.992941
-0.032000 0.992942
-0.028000 0.992943
-0.024000 0.992945
-0.020000 0.992946
-0.016000 0.992948
-0.012000 0.992950
-0.008000 0.992951
-0.004000 0.992953
0.000000 0.992955
0.004000 0.992957
0.008000 0.992959
0.012000 0.992962
0.016000 0.992964
0.020000 0.992967
0.024000 0.992969
0.028000 0.992972
0.032000 0.992975
0.036000 0.992978
0.040000 0.992981
0.044000 0.992984
0.048000 0.992988
0.052000 0.992991
0.056000 0.992995
0.060000 0.992999
0.064000 0.993003
0.068000 0.993007
0.072000 0.993012
0.076000 0.993016
0.080000 0.993021
0.084000 0.993026
0.088000 0.993031
0.092000 0.993037
0.096000 0.993043
0.100000 0.993049
0.104000 0.993055
0.108000 0.993061
0.112000 0.993068
0.116000 0.993075
0.120000 0.993082
0.124000 0.993089
0.128000 0.993097
0.132000 0.993105
0.136000 0.993113
0.140000 0.993122
0.144000 0.993130
0.148000 0.993140
0.152000 0.993149
0.156000 0.993159
0.160000 0.993169
0.164000 0.993180
0.168000 0.993190
0.172000 0.993202
0.176000 0.993213
0.180000 0.993225
0.184000 0.993237
0.188000 0.993250
0.192000 0.993263
0.196000 0.993277
0.200000 0.993290
0.204000 0.993305
0.208000 0.993319
0.212000 0.993335
0.216000 0.993350
0.220000 0.993366
0.224000 0.993383
0.228000 0.993400
0.232000 0.993417
0.236000 0.993435
0.240000 0.993453
0.244000 0.993472
0.248000 0.993491
0.252000 0.993511
0.256000 0.993531
0.260000 0.993552
0.264000 0.993573
0.268000 0.993595
0.272000 0.993617
0.276000 0.993640
0.280000 0.993663
0.284000 0.993687
0.288000 0.993711
0.292000 0.993736
0.296000 0.993761
0.300000 0.993787
0.304000 0.993814
0.308000 0.993841
0.312000 0.993868
0.316000 0.993896
0.320000 0.993925
0.324000 0.993954
0.328000 0.993984
0.332000 0.994014
0.336000 0.994045
0.340000 0.994076
0.344000 0.994108
0.348000 0.994140
0.352000 0.994173
0.356000 0.994206
0.360000 0.994240
0.364000 0.994274
0.368000 0.994309
0.372000 0.994345
0.376000 0.994381
0.380000 0.994417
0.384000 0.994454
0.388000 0.994492
0.392000 0.994530
0.396000 0.994568
0.400000 0.994607
0.404000 0.994646
0.408000 0.994686
0.412000 0.994726
0.416000 0.994767
0.420000 0.994808
0.424000 0.994850
0.428000 0.994892
0.432000 0.994934
0.436000 0.994977
0.440000 0.995020
0.444000 0.995063
0.448000 0.995107
0.452000 0.995152
0.456000 0.995196
0.460000 0.995241
0.464000 0.995286
0.468000 0.995332
0.472000 0.995378
0.476000 0.995424
0.480000 0.995470
0.484000 0.995517
0.488000 0.995564
0.492000 0.995611
0.496000 0.995658
0.500000 0.995706
0.504000 0.995754
0.508000 0.995802
0.512000 0.995850
0.516000 0.995898
0.520000 0.995946
0.524000 0.995995
0.528000 0.996043
0.532000 0.996092
0.536000 0.996141
0.540000 0.996190
0.544000 0.996238
0.548000 0.996287
0.552000 0.996336
0.556000 0.996385
0.560000 0.996434
0.564000 0.996483
0.568000 0.996532
0.572000 0.996580
0.576000 0.996629
0.580000 0.996678
0.584000 0.996726
0.588000 0.996775
0.592000 0.996823
0.596000 0.996871
0.600000 0.996919
0.604000 0.996967
0.608000 0.997014
0.612000 0.997062
0.616000 0.997109
0.620000 0.997156
0.624000 0.997203
0.628000 0.997249
0.632000 0.997296
0.636000 0.997342
0.640000 0.997387
0.644000 0.997433
0.648000 0.997478
0.652000 0.997523
0.656000 0.997567
0.660000 0.997611
0.664000 0.997655
0.668000 0.997699
0.672000 0.997742
0.676000 0.997785
0.680000 0.997827
0.684000 0.997869
0.688000 0.997910
0.692000 0.997952
0.696000 0.997992
0.700000 0.998033
0.704000 0.998073
0.708000 0.998112
0.712000 0.998151
0.716000 0.998190
0.720000 0.998228
0.724000 0.998266
0.728000 0.998303
0.732000 0.998339
0.736000 0.998376
0.740000 0.998412
0.744000 0.998447
0.748000 0.998482
0.752000 0.998516
0.756000 0.998550
0.760000 0.998584
0.764000 0.998616
0.768000 0.998649
0.772000 0.998681
0.776000 0.998712
0.780000 0.998743
0.784000 0.998774
0.788000 0.998804
0.792000 0.998833
0.796000 0.998862
0.800000 0.998891
0.804000 0.998919
0.808000 0.998946
0.812000 0.998973
0.816000 0.999000
0.820000 0.999026
0.824000 0.999051
0.828000 0.999076
0.832000 0.999101
0.836000 0.999125
0.840000 0.999149
0.844000 0.999172
0.848000 0.999195
0.852000 0.999217
0.856000 0.999239
0.860000 0.999260
0.864000 0.999281
0.868000 0.999302
0.872000 0.999322
0.876000 0.999341
0.880000 0.999360
0.884000 0.999379
0.888000 0.999397
0.892000 0.999415
0.896000 0.999433
0.900000 0.999450
0.904000 0.999466
0.908000 0.999483
0.912000 0.999499
0.916000 0.999514
0.920000 0.999529
0.924000 0.999544
0.928000 0.999558
0.932000 0.999572
0.936000 0.999586
0.940000 0.999599
0.944000 0.999612
0.948000 0.999625
0.952000 0.999637
0.956000 0.999650
0.960000 0.999662
0.964000 0.999673
0.968000 0.999685
0.972000 0.999697
0.976000 0.999708
0.980000 0.999721
0.984000 0.999733
0.988000 0.999747
0.992000 0.999763
0.996000 0.999781
1.000000 0.999802
