-1.000000 0.991037
-0.996000 0.991037
-0.992000 0.991037
-0.988000 0.991037
-0.984000 0.991037
-0.980000 0.991037
-0.976000 0.991037
-0.972000 0.991037
-0.968000 0.991037
-0.964000 0.991037
-0.960000 0.991037
-0.956000 0.991037
-0.952000 0.991037
-0.948000 0.991037
-0.944000 0.991037
-0.940000 0.991037
-0.936000 0.991037
-0.932000 0.991037
-0.928000 0.991037
-0.924000 0.991037
-0.920000 0.991037
-0.916000 0.991037
-0.912000 0.991037
-0.908000 0.991037
-0.904000 0.991037
-0.900000 0.991037
-0.896000 0.991037
-0.892000 0.991037
-0.888000 0.991037
-0.884000 0.991037
-0.880000 0.991037
-0.876000 0.991037
-0.872000 0.991037
-0.868000 0.991037
-0.864000 0.991037
-0.860000 0.991037
-0.856000 0.991037
-0.852000 0.991037
-0.848000 0.991037
-0.844000 0.991037
-0.840000 0.991037
-0.836000 0.991037
-0.832000 0.991037
-0.828000 0.991037
-0.824000 0.991037
-0.820000 0.991037
-0.816000 0.991037
-0.812000 0.991037
-0.808000 0.991037
-0.804000 0.991037
-0.800000 0.991037
-0.796000 0.991037
-0.792000 0.991037
-0.788000 0.991037
-0.784000 0.991037
-0.780000 0.991037
-0.776000 0.991037
-0.772000 0.991037
-0.768000 0.991037
-0.764000 0.991037
-0.760000 0.991037
-0.756000 0.991037
-0.752000 0.991038
-0.748000 0.991038
-0.744000 0.991038
-0.740000 0.991038
-0.736000 0.991038
-0.732000 0.991038
-0.728000 0.991038
-0.724000 0.991038
-0.720000 0.991038
-0.716000 0.991038
-0.712000 0.991039
-0.708000 0.991039
-0.704000 0.991039
-0.700000 0.991039
-0.696000 0.991040
-0.692000 0.991040
-0.688000 0.991040
-0.684000 0.991040
-0.680000 0.991041
-0.676000 0.991041
-0.672000 0.991042
-0.668000 0.991042
-0.664000 0.991043
-0.660000 0.991043
-0.656000 0.991044
-0.652000 0.991045
-0.648000 0.991045
-0.644000 0.991046
-0.640000 0.991047
-0.636000 0.991048
-0.632000 0.991049
-0.628000 0.991050
-0.624000 0.991051
-0.620000 0.991053
-0.616000 0.991054
-0.612000 0.991056
-0.608000 0.991057
-0.604000 0.991059
-0.600000 0.991061
-0.596000 0.991063
-0.592000 0.991065
-0.588000 0.991067
-0.584000 0.991070
-0.580000 0.991073
-0.576000 0.991075
-0.572000 0.991078
-0.568000 0.991082
-0.564000 0.991085
-0.560000 0.991089
-0.556000 0.991093
-0.552000 0.991097
-0.548000 0.991101
-0.544000 0.991106
-0.540000 0.991111
-0.536000 0.991116
-0.532000 0.991122
-0.528000 0.991128
-0.524000 0.991134
-0.520000 0.991140
-0.516000 0.991147
-0.512000 0.991154
-0.508000 0.991162
-0.504000 0.991170
-0.500000 0.991178
-0.496000 0.991187
-0.492000 0.991196
-0.488000 0.991206
-0.484000 0.991216
-0.480000 0.991227
-0.476000 0.991238
-0.472000 0.991249
-0.468000 0.991262
-0.464000 0.991274
-0.460000 0.991287
-0.456000 0.991301
-0.452000 0.991315
-0.448000 0.991330
-0.444000 0.991345
-0.440000 0.991361
-0.436000 0.991377
-0.432000 0.991394
-0.428000 0.991412
-0.424000 0.991430
-0.420000 0.991449
-0.416000 0.991468
-0.412000 0.991488
-0.408000 0.991509
-0.404000 0.991530
-0.400000 0.991552
-0.396000 0.991575
-0.392000 0.991598
-0.388000 0.991621
-0.384000 0.991646
-0.380000 0.991671
-0.376000 0.991696
-0.372000 0.991723
-0.368000 0.991749
-0.364000 0.991777
-0.360000 0.991805
-0.356000 0.991833
-0.352000 0.991862
-0.348000 0.991892
-0.344000 0.991922
-0.340000 0.991953
-0.336000 0.991985
-0.332000 0.992016
-0.328000 0.992049
-0.324000 0.992082
-0.320000 0.992115
-0.316000 0.992149
-0.312000 0.992183
-0.308000 0.992217
-0.304000 0.992252
-0.300000 0.992288
-0.296000 0.992324
-0.292000 0.992360
-0.288000 0.992396
-0.284000 0.992433
-0.280000 0.992470
-0.276000 0.992507
-0.272000 0.992544
-0.268000 0.992582
-0.264000 0.992620
-0.260000 0.992658
-0.256000 0.992696
-0.252000 0.992734
-0.248000 0.992773
-0.244000 0.992811
-0.240000 0.992849
-0.236000 0.992888
-0.232000 0.992926
-0.228000 0.992965
-0.224000 0.993003
-0.220000 0.993041
-0.216000 0.993079
-0.212000 0.993118
-0.208000 0.993155
-0.204000 0.993193
-0.200000 0.993231
-0.196000 0.993268
-0.192000 0.993305
-0.188000 0.993342
-0.184000 0.993378
-0.180000 0.993415
-0.176000 0.993450
-0.172000 0.993486
-0.168000 0.993521
-0.164000 0.993556
-0.160000 0.993591
-0.156000 0.993625
-0.152000 0.993658
-0.148000 0.993692
-0.144000 0.993724
-0.140000 0.993757
-0.136000 0.993789
-0.132000 0.993820
-0.128000 0.993851
-0.124000 0.993881
-0.120000 0.993911
-0.116000 0.993941
-0.112000 0.993970
-0.108000 0.993998
-0.104000 0.994026
-0.100000 0.994053
-0.096000 0.994080
-0.092000 0.994106
-0.088000 0.994132
-0.084000 0.994157
-0.080000 0.994181
-0.076000 0.994205
-0.072000 0.994229
-0.068000 0.994252
-0.064000 0.994274
-0.060000 0.994296
-0.056000 0.994317
-0.052000 0.994338
-0.048000 0.994358
-0.044000 0.994378
-0.040000 0.994397
-0.036000 0.994416
-0.032000 0.994434
-0.028000 0.994451
-0.024000 0.994468
-0.020000 0.994485
-0.016000 0.994501
-0.012000 0.994516
-0.008000 0.994532
-0.004000 0.994546
0.000000 0.994560
0.004000 0.994574
0.008000 0.994587
0.012000 0.994600
0.016000 0.994613
0.020000 0.994624
0.024000 0.994636
0.028000 0.994647
0.032000 0.994658
0.036000 0.994668
0.040000 0.994678
0.044000 0.994688
0.048000 0.994697
0.052000 0.994706
0.056000 0.994715
0.060000 0.994723
0.064000 0.994731
0.068000 0.994738
0.072000 0.994746
0.076000 0.994753
0.080000 0.994759
0.084000 0.994766
0.088000 0.994772
0.092000 0.994778
0.096000 0.994784
0.100000 0.994789
0.104000 0.994794
0.108000 0.994799
0.112000 0.994804
0.116000 0.994808
0.120000 0.994813
0.124000 0.994817
0.128000 0.994821
0.132000 0.994825
0.136000 0.994828
0.140000 0.994832
0.144000 0.994835
0.148000 0.994838
0.152000 0.994841
0.156000 0.994844
0.160000 0.994846
0.164000 0.994849
0.168000 0.994851
0.172000 0.994854
0.176000 0.994856
0.180000 0.994858
0.184000 0.994860
0.188000 0.994862
0.192000 0.994863
0.196000 0.994865
0.200000 0.994867
0.204000 0.994868
0.208000 0.994870
0.212000 0.994871
0.216000 0.994872
0.220000 0.994873
0.224000 0.994874
0.228000 0.994876
0.232000 0.994877
0.236000 0.994877
0.240000 0.994878
0.244000 0.994879
0.248000 0.994880
0.252000 0.994881
0.256000 0.994881
0.260000 0.994882
0.264000 0.994883
0.268000 0.994883
0.272000 0.994884
0.276000 0.994884
0.280000 0.994885
0.284000 0.994885
0.288000 0.994886
0.292000 0.994886
0.296000 0.994887
0.300000 0.994887
0.304000 0.994887
0.308000 0.994888
0.312000 0.994888
0.316000 0.994888
0.320000 0.994888
0.324000 0.994889
0.328000 0.994889
0.332000 0.994889
0.336000 0.994889
0.340000 0.994890
0.344000 0.994890
0.348000 0.994890
0.352000 0.994890
0.356000 0.994890
0.360000 0.994890
0.364000 0.994890
0.368000 0.994891
0.372000 0.994891
0.376000 0.994891
0.380000 0.994891
0.384000 0.994891
0.388000 0.994891
0.392000 0.994891
0.396000 0.994891
0.400000 0.994891
0.404000 0.994891
0.408000 0.994891
0.412000 0.994891
0.416000 0.994891
0.420000 0.994891
0.424000 0.994891
0.428000 0.994892
0.432000 0.994892
0.436000 0.994892
0.440000 0.994892
0.444000 0.994892
0.448000 0.994892
0.452000 0.994892
0.456000 0.994892
0.460000 0.994892
0.464000 0.994892
0.468000 0.994892
0.472000 0.994892
0.476000 0.994892
0.480000 0.994892
0.484000 0.994892
0.488000 0.994892
0.492000 0.994892
0.496000 0.994892
0.500000 0.994892
0.504000 0.994892
0.508000 0.994892
0.512000 0.994892
0.516000 0.994892
0.520000 0.994892
0.524000 0.994892
0.528000 0.994892
0.532000 0.994892
0.536000 0.994892
0.540000 0.994892
0.544000 0.994892
0.548000 0.994892
0.552000 0.994892
0.556000 0.994892
0.560000 0.994892
0.564000 0.994892
0.568000 0.994892
0.572000 0.994892
0.576000 0.994892
0.580000 0.994892
0.584000 0.994892
0.588000 0.994892
0.592000 0.994892
0.596000 0.994892
0.600000 0.994892
0.604000 0.994892
0.608000 0.994892
0.612000 0.994892
0.616000 0.994892
0.620000 0.994892
0.624000 0.994892
0.628000 0.994892
0.632000 0.994892
0.636000 0.994892
0.640000 0.994892
0.644000 0.994892
0.648000 0.994892
0.652000 0.994892
0.656000 0.994892
0.660000 0.994892
0.664000 0.994892
0.668000 0.994892
0.672000 0.994892
0.676000 0.994892
0.680000 0.994892
0.684000 0.994892
0.688000 0.994892
0.692000 0.994892
0.696000 0.994892
0.700000 0.994892
0.704000 0.994892
0.708000 0.994892
0.712000 0.994892
0.716000 0.994892
0.720000 0.994892
0.724000 0.994892
0.728000 0.994892
0.732000 0.994892
0.736000 0.994892
0.740000 0.994892
0.744000 0.994892
0.748000 0.994892
0.752000 0.994892
0.756000 0.994892
0.760000 0.994892
0.764000 0.994892
0.768000 0.994892
0.772000 0.994892
0.776000 0.994892
0.780000 0.994892
0.784000 0.994892
0.788000 0.994892
0.792000 0.994892
0.796000 0.994892
0.800000 0.994892
0.804000 0.994892
0.808000 0.994892
0.812000 0.994892
0.816000 0.994892
0.820000 0.994892
0.824000 0.994892
0.828000 0.994892
0.832000 0.994892
0.836000 0.994892
0.840000 0.994892
0.844000 0.994892
0.848000 0.994892
0.852000 0.994892
0.856000 0.994892
0.860000 0.994892
0.864000 0.994892
0.868000 0.994892
0.872000 0.994892
0.876000 0.994892
0.880000 0.994892
0.884000 0.994892
0.888000 0.994892
0.892000 0.994892
0.896000 0.994892
0.900000 0.994892
0.904000 0.994892
0.908000 0.994892
0.912000 0.994892
0.916000 0.994892
0.920000 0.994892
0.924000 0.994892
0.928000 0.994892
0.932000 0.994892
0.936000 0.994892
0.940000 0.994892
0.944000 0.994892
0.948000 0.994892
0.952000 0.994892
0.956000 0.994892
0.960000 0.994892
0.964000 0.994892
0.968000 0.994892
0.972000 0.994892
0.976000 0.994892
0.980000 0.994892
0.984000 0.994892
0.988000 0.994892
0.992000 0.994892
0.996000 0.994892
1.000000 0.994892
