-1.000000 0.991037
-0.996000 0.991037
-0.992000 0.991037
-0.988000 0.991037
-0.984000 0.991037
-0.980000 0.991037
-0.976000 0.991037
-0.972000 0.991037
-0.968000 0.991037
-0.964000 0.991037
-0.960000 0.991037
-0.956000 0.991037
-0.952000 0.991037
-0.948000 0.991037
-0.944000 0.991037
-0.940000 0.991037
-0.936000 0.991037
-0.932000 0.991038
-0.928000 0.991038
-0.924000 0.991038
-0.920000 0.991038
-0.916000 0.991038
-0.912000 0.991038
-0.908000 0.991039
-0.904000 0.991039
-0.900000 0.991039
-0.896000 0.991040
-0.892000 0.991040
-0.888000 0.991041
-0.884000 0.991041
-0.880000 0.991042
-0.876000 0.991043
-0.872000 0.991044
-0.868000 0.991045
-0.864000 0.991046
-0.860000 0.991047
-0.856000 0.991049
-0.852000 0.991050
-0.848000 0.991052
-0.844000 0.991054
-0.840000 0.991056
-0.836000 0.991059
-0.832000 0.991061
-0.828000 0.991065
-0.824000 0.991068
-0.820000 0.991072
-0.816000 0.991076
-0.812000 0.991080
-0.808000 0.991085
-0.804000 0.991090
-0.800000 0.991096
-0.796000 0.991102
-0.792000 0.991109
-0.788000 0.991117
-0.784000 0.991125
-0.780000 0.991133
-0.776000 0.991143
-0.772000 0.991153
-0.768000 0.991164
-0.764000 0.991175
-0.760000 0.991188
-0.756000 0.991201
-0.752000 0.991215
-0.748000 0.991230
-0.744000 0.991246
-0.740000 0.991263
-0.736000 0.991280
-0.732000 0.991299
-0.728000 0.991319
-0.724000 0.991340
-0.720000 0.991362
-0.716000 0.991385
-0.712000 0.991410
-0.708000 0.991435
-0.704000 0.991462
-0.700000 0.991489
-0.696000 0.991518
-0.692000 0.991548
-0.688000 0.991579
-0.684000 0.991612
-0.680000 0.991645
-0.676000 0.991680
-0.672000 0.991716
-0.668000 0.991753
-0.664000 0.991791
-0.660000 0.991830
-0.656000 0.991870
-0.652000 0.991911
-0.648000 0.991954
-0.644000 0.991997
-0.640000 0.992041
-0.636000 0.992086
-0.632000 0.992132
-0.628000 0.992178
-0.624000 0.992225
-0.620000 0.992274
-0.616000 0.992322
-0.612000 0.992371
-0.608000 0.992421
-0.604000 0.992472
-0.600000 0.992522
-0.596000 0.992573
-0.592000 0.992625
-0.588000 0.992676
-0.584000 0.992728
-0.580000 0.992780
-0.576000 0.992832
-0.572000 0.992884
-0.568000 0.992936
-0.564000 0.992988
-0.560000 0.993040
-0.556000 0.993091
-0.552000 0.993142
-0.548000 0.993193
-0.544000 0.993244
-0.540000 0.993294
-0.536000 0.993343
-0.532000 0.993392
-0.528000 0.993440
-0.524000 0.993488
-0.520000 0.993535
-0.516000 0.993582
-0.512000 0.993627
-0.508000 0.993672
-0.504000 0.993716
-0.500000 0.993759
-0.496000 0.993802
-0.492000 0.993843
-0.488000 0.993884
-0.484000 0.993923
-0.480000 0.993962
-0.476000 0.994000
-0.472000 0.994037
-0.468000 0.994072
-0.464000 0.994107
-0.460000 0.994141
-0.456000 0.994174
-0.452000 0.994206
-0.448000 0.994237
-0.444000 0.994267
-0.440000 0.994295
-0.436000 0.994323
-0.432000 0.994350
-0.428000 0.994376
-0.424000 0.994402
-0.420000 0.994426
-0.416000 0.994449
-0.412000 0.994471
-0.408000 0.994493
-0.404000 0.994514
-0.400000 0.994533
-0.396000 0.994552
-0.392000 0.994571
-0.388000 0.994588
-0.384000 0.994605
-0.380000 0.994621
-0.376000 0.994636
-0.372000 0.994650
-0.368000 0.994664
-0.364000 0.994677
-0.360000 0.994690
-0.356000 0.994702
-0.352000 0.994713
-0.348000 0.994724
-0.344000 0.994734
-0.340000 0.994743
-0.336000 0.994753
-0.332000 0.994761
-0.328000 0.994769
-0.324000 0.994777
-0.320000 0.994785
-0.316000 0.994791
-0.312000 0.994798
-0.308000 0.994804
-0.304000 0.994810
-0.300000 0.994815
-0.296000 0.994821
-0.292000 0.994825
-0.288000 0.994830
-0.284000 0.994834
-0.280000 0.994838
-0.276000 0.994842
-0.272000 0.994845
-0.268000 0.994849
-0.264000 0.994852
-0.260000 0.994855
-0.256000 0.994857
-0.252000 0.994860
-0.248000 0.994862
-0.244000 0.994864
-0.240000 0.994866
-0.236000 0.994868
-0.232000 0.994870
-0.228000 0.994872
-0.224000 0.994873
-0.220000 0.994875
-0.216000 0.994876
-0.212000 0.994877
-0.208000 0.994878
-0.204000 0.994880
-0.200000 0.994880
-0.196000 0.994881
-0.192000 0.994882
-0.188000 0.994883
-0.184000 0.994884
-0.180000 0.994884
-0.176000 0.994885
-0.172000 0.994886
-0.168000 0.994886
-0.164000 0.994887
-0.160000 0.994887
-0.156000 0.994887
-0.152000 0.994888
-0.148000 0.994888
-0.144000 0.994889
-0.140000 0.994889
-0.136000 0.994889
-0.132000 0.994889
-0.128000 0.994890
-0.124000 0.994890
-0.120000 0.994890
-0.116000 0.994890
-0.112000 0.994890
-0.108000 0.994890
-0.104000 0.994891
-0.100000 0.994891
-0.096000 0.994891
-0.092000 0.994891
-0.088000 0.994891
-0.084000 0.994891
-0.080000 0.994891
-0.076000 0.994891
-0.072000 0.994891
-0.068000 0.994891
-0.064000 0.994891
-0.060000 0.994892
-0.056000 0.994892
-0.052000 0.994892
-0.048000 0.994892
-0.044000 0.994892
-0.040000 0.994892
-0.036000 0.994892
-0.032000 0.994892
-0.028000 0.994892
-0.024000 0.994892
-0.020000 0.994892
-0.016000 0.994892
-0.012000 0.994892
-0.008000 0.994892
-0.004000 0.994892
0.000000 0.994892
0.004000 0.994892
0.008000 0.994892
0.012000 0.994892
0.016000 0.994892
0.020000 0.994892
0.024000 0.994892
0.028000 0.994892
0.032000 0.994892
0.036000 0.994892
0.040000 0.994892
0.044000 0.994892
0.048000 0.994892
0.052000 0.994892
0.056000 0.994892
0.060000 0.994892
0.064000 0.994892
0.068000 0.994892
0.072000 0.994892
0.076000 0.994892
0.080000 0.994892
0.084000 0.994892
0.088000 0.994892
0.092000 0.994892
0.096000 0.994892
0.100000 0.994892
0.104000 0.994892
0.108000 0.994892
0.112000 0.994892
0.116000 0.994892
0.120000 0.994892
0.124000 0.994892
0.128000 0.994892
0.132000 0.994892
0.136000 0.994892
0.140000 0.994892
0.144000 0.994892
0.148000 0.994892
0.152000 0.994892
0.156000 0.994892
0.160000 0.994892
0.164000 0.994892
0.168000 0.994892
0.172000 0.994892
0.176000 0.994892
0.180000 0.994892
0.184000 0.994892
0.188000 0.994892
0.192000 0.994892
0.196000 0.994892
0.200000 0.994892
0.204000 0.994892
0.208000 0.994892
0.212000 0.994892
0.216000 0.994892
0.220000 0.994892
0.224000 0.994892
0.228000 0.994892
0.232000 0.994892
0.236000 0.994892
0.240000 0.994892
0.244000 0.994892
0.248000 0.994892
0.252000 0.994892
0.256000 0.994892
0.260000 0.994892
0.264000 0.994892
0.268000 0.994892
0.272000 0.994892
0.276000 0.994892
0.280000 0.994892
0.284000 0.994892
0.288000 0.994892
0.292000 0.994892
0.296000 0.994892
0.300000 0.994892
0.304000 0.994892
0.308000 0.994892
0.312000 0.994892
0.316000 0.994892
0.320000 0.994892
0.324000 0.994892
0.328000 0.994892
0.332000 0.994892
0.336000 0.994892
0.340000 0.994892
0.344000 0.994892
0.348000 0.994892
0.352000 0.994892
0.356000 0.994892
0.360000 0.994892
0.364000 0.994892
0.368000 0.994892
0.372000 0.994892
0.376000 0.994892
0.380000 0.994892
0.384000 0.994892
0.388000 0.994892
0.392000 0.994892
0.396000 0.994892
0.400000 0.994892
0.404000 0.994892
0.408000 0.994892
0.412000 0.994892
0.416000 0.994892
0.420000 0.994892
0.424000 0.994892
0.428000 0.994892
0.432000 0.994892
0.436000 0.994892
0.440000 0.994892
0.444000 0.994892
0.448000 0.994892
0.452000 0.994892
0.456000 0.994892
0.460000 0.994892
0.464000 0.994892
0.468000 0.994892
0.472000 0.994892
0.476000 0.994892
0.480000 0.994892
0.484000 0.994892
0.488000 0.994892
0.492000 0.994892
0.496000 0.994892
0.500000 0.994892
0.504000 0.994892
0.508000 0.994892
0.512000 0.994892
0.516000 0.994892
0.520000 0.994892
0.524000 0.994892
0.528000 0.994892
0.532000 0.994892
0.536000 0.994892
0.540000 0.994892
0.544000 0.994892
0.548000 0.994892
0.552000 0.994892
0.556000 0.994892
0.560000 0.994892
0.564000 0.994892
0.568000 0.994892
0.572000 0.994892
0.576000 0.994892
0.580000 0.994892
0.584000 0.994892
0.588000 0.994892
0.592000 0.994892
0.596000 0.994892
0.600000 0.994892
0.604000 0.994892
0.608000 0.994892
0.612000 0.994892
0.616000 0.994892
0.620000 0.994892
0.624000 0.994892
0.628000 0.994892
0.632000 0.994892
0.636000 0.994892
0.640000 0.994892
0.644000 0.994892
0.648000 0.994892
0.652000 0.994892
0.656000 0.994892
0.660000 0.994892
0.664000 0.994892
0.668000 0.994892
0.672000 0.994892
0.676000 0.994892
0.680000 0.994892
0.684000 0.994892
0.688000 0.994892
0.692000 0.994892
0.696000 0.994892
0.700000 0.994892
0.704000 0.994892
0.708000 0.994892
0.712000 0.994892
0.716000 0.994892
0.720000 0.994892
0.724000 0.994892
0.728000 0.994892
0.732000 0.994892
0.736000 0.994892
0.740000 0.994892
0.744000 0.994892
0.748000 0.994892
0.752000 0.994892
0.756000 0.994892
0.760000 0.994892
0.764000 0.994892
0.768000 0.994892
0.772000 0.994892
0.776000 0.994892
0.780000 0.994892
0.784000 0.994892
0.788000 0.994892
0.792000 0.994892
0.796000 0.994892
0.800000 0.994892
0.804000 0.994892
0.808000 0.994892
0.812000 0.994892
0.816000 0.994892
0.820000 0.994892
0.824000 0.994892
0.828000 0.994892
0.832000 0.994892
0.836000 0.994892
0.840000 0.994892
0.844000 0.994892
0.848000 0.994892
0.852000 0.994892
0.856000 0.994892
0.860000 0.994892
0.864000 0.994892
0.868000 0.994892
0.872000 0.994892
0.876000 0.994892
0.880000 0.994892
0.884000 0.994892
0.888000 0.994892
0.892000 0.994892
0.896000 0.994892
0.900000 0.994892
0.904000 0.994892
0.908000 0.994892
0.912000 0.994892
0.916000 0.994892
0.920000 0.994892
0.924000 0.994892
0.928000 0.994892
0.932000 0.994892
0.936000 0.994892
0.940000 0.994892
0.944000 0.994892
0.948000 0.994892
0.952000 0.994892
0.956000 0.994892
0.960000 0.994892
0.964000 0.994892
0.968000 0.994892
0.972000 0.994892
0.976000 0.994892
0.980000 0.994892
0.984000 0.994892
0.988000 0.994892
0.992000 0.994892
0.996000 0.994892
1.000000 0.994892
