-1.000000 0.991037
-0.996000 0.991037
-0.992000 0.991037
-0.988000 0.991037
-0.984000 0.991037
-0.980000 0.991037
-0.976000 0.991037
-0.972000 0.991037
-0.968000 0.991037
-0.964000 0.991037
-0.960000 0.991037
-0.956000 0.991037
-0.952000 0.991037
-0.948000 0.991037
-0.944000 0.991037
-0.940000 0.991037
-0.936000 0.991037
-0.932000 0.991037
-0.928000 0.991037
-0.924000 0.991037
-0.920000 0.991037
-0.916000 0.991037
-0.912000 0.991037
-0.908000 0.991037
-0.904000 0.991037
-0.900000 0.991037
-0.896000 0.991037
-0.892000 0.991037
-0.888000 0.991037
-0.884000 0.991037
-0.880000 0.991037
-0.876000 0.991037
-0.872000 0.991037
-0.868000 0.991037
-0.864000 0.991037
-0.860000 0.991037
-0.856000 0.991037
-0.852000 0.991037
-0.848000 0.991037
-0.844000 0.991037
-0.840000 0.991037
-0.836000 0.991037
-0.832000 0.991037
-0.828000 0.991037
-0.824000 0.991037
-0.820000 0.991037
-0.816000 0.991037
-0.812000 0.991037
-0.808000 0.991037
-0.804000 0.991037
-0.800000 0.991037
-0.796000 0.991037
-0.792000 0.991037
-0.788000 0.991037
-0.784000 0.991037
-0.780000 0.991037
-0.776000 0.991037
-0.772000 0.991037
-0.768000 0.991037
-0.764000 0.991037
-0.760000 0.991037
-0.756000 0.991037
-0.752000 0.991037
-0.748000 0.991037
-0.744000 0.991037
-0.740000 0.991037
-0.736000 0.991037
-0.732000 0.991037
-0.728000 0.991037
-0.724000 0.991037
-0.720000 0.991037
-0.716000 0.991037
-0.712000 0.991037
-0.708000 0.991038
-0.704000 0.991038
-0.700000 0.991038
-0.696000 0.991038
-0.692000 0.991038
-0.688000 0.991038
-0.684000 0.991038
-0.680000 0.991038
-0.676000 0.991038
-0.672000 0.991038
-0.668000 0.991039
-0.664000 0.991039
-0.660000 0.991039
-0.656000 0.991039
-0.652000 0.991039
-0.648000 0.991040
-0.644000 0.991040
-0.640000 0.991040
-0.636000 0.991041
-0.632000 0.991041
-0.628000 0.991041
-0.624000 0.991042
-0.620000 0.991042
-0.616000 0.991043
-0.612000 0.991043
-0.608000 0.991044
-0.604000 0.991045
-0.600000 0.991045
-0.596000 0.991046
-0.592000 0.991047
-0.588000 0.991048
-0.584000 0.991049
-0.580000 0.991050
-0.576000 0.991051
-0.572000 0.991052
-0.568000 0.991053
-0.564000 0.991055
-0.560000 0.991056
-0.556000 0.991058
-0.552000 0.991059
-0.548000 0.991061
-0.544000 0.991063
-0.540000 0.991065
-0.536000 0.991067
-0.532000 0.991070
-0.528000 0.991072
-0.524000 0.991075
-0.520000 0.991078
-0.516000 0.991081
-0.512000 0.991084
-0.508000 0.991088
-0.504000 0.991091
-0.500000 0.991095
-0.496000 0.991099
-0.492000 0.991104
-0.488000 0.991108
-0.484000 0.991113
-0.480000 0.991118
-0.476000 0.991123
-0.472000 0.991129
-0.468000 0.991135
-0.464000 0.991141
-0.460000 0.991148
-0.456000 0.991155
-0.452000 0.991162
-0.448000 0.991170
-0.444000 0.991177
-0.440000 0.991186
-0.436000 0.991195
-0.432000 0.991204
-0.428000 0.991213
-0.424000 0.991223
-0.420000 0.991234
-0.416000 0.991244
-0.412000 0.991256
-0.408000 0.991267
-0.404000 0.991280
-0.400000 0.991292
-0.396000 0.991305
-0.392000 0.991319
-0.388000 0.991333
-0.384000 0.991348
-0.380000 0.991363
-0.376000 0.991379
-0.372000 0.991395
-0.368000 0.991412
-0.364000 0.991429
-0.360000 0.991447
-0.356000 0.991465
-0.352000 0.991484
-0.348000 0.991504
-0.344000 0.991524
-0.340000 0.991545
-0.336000 0.991566
-0.332000 0.991588
-0.328000 0.991610
-0.324000 0.991633
-0.320000 0.991657
-0.316000 0.991681
-0.312000 0.991705
-0.308000 0.991730
-0.304000 0.991756
-0.300000 0.991782
-0.296000 0.991809
-0.292000 0.991836
-0.288000 0.991864
-0.284000 0.991893
-0.280000 0.991922
-0.276000 0.991951
-0.272000 0.991981
-0.268000 0.992011
-0.264000 0.992042
-0.260000 0.992073
-0.256000 0.992105
-0.252000 0.992137
-0.248000 0.992169
-0.244000 0.992202
-0.240000 0.992236
-0.236000 0.992269
-0.232000 0.992303
-0.228000 0.992337
-0.224000 0.992372
-0.220000 0.992407
-0.216000 0.992442
-0.212000 0.992477
-0.208000 0.992513
-0.204000 0.992549
-0.200000 0.992585
-0.196000 0.992621
-0.192000 0.992657
-0.188000 0.992694
-0.184000 0.992730
-0.180000 0.992767
-0.176000 0.992804
-0.172000 0.992840
-0.168000 0.992877
-0.164000 0.992914
-0.160000 0.992951
-0.156000 0.992987
-0.152000 0.993024
-0.148000 0.993061
-0.144000 0.993097
-0.140000 0.993133
-0.136000 0.993170
-0.132000 0.993206
-0.128000 0.993241
-0.124000 0.993277
-0.120000 0.993312
-0.116000 0.993348
-0.112000 0.993383
-0.108000 0.993417
-0.104000 0.993452
-0.100000 0.993486
-0.096000 0.993519
-0.092000 0.993553
-0.088000 0.993586
-0.084000 0.993619
-0.080000 0.993651
-0.076000 0.993683
-0.072000 0.993714
-0.068000 0.993745
-0.064000 0.993776
-0.060000 0.993806
-0.056000 0.993836
-0.052000 0.993866
-0.048000 0.993895
-0.044000 0.993923
-0.040000 0.993951
-0.036000 0.993979
-0.032000 0.994006
-0.028000 0.994032
-0.024000 0.994058
-0.020000 0.994084
-0.016000 0.994109
-0.012000 0.994133
-0.008000 0.994157
-0.004000 0.994181
0.000000 0.994204
0.004000 0.994227
0.008000 0.994249
0.012000 0.994270
0.016000 0.994291
0.020000 0.994312
0.024000 0.994332
0.028000 0.994351
0.032000 0.994370
0.036000 0.994389
0.040000 0.994407
0.044000 0.994424
0.048000 0.994442
0.052000 0.994458
0.056000 0.994474
0.060000 0.994490
0.064000 0.994505
0.068000 0.994520
0.072000 0.994535
0.076000 0.994549
0.080000 0.994562
0.084000 0.994575
0.088000 0.994588
0.092000 0.994600
0.096000 0.994612
0.100000 0.994624
0.104000 0.994635
0.108000 0.994646
0.112000 0.994656
0.116000 0.994666
0.120000 0.994676
0.124000 0.994685
0.128000 0.994694
0.132000 0.994703
0.136000 0.994711
0.140000 0.994719
0.144000 0.994727
0.148000 0.994734
0.152000 0.994741
0.156000 0.994748
0.160000 0.994755
0.164000 0.994761
0.168000 0.994768
0.172000 0.994773
0.176000 0.994779
0.180000 0.994784
0.184000 0.994790
0.188000 0.994795
0.192000 0.994799
0.196000 0.994804
0.200000 0.994808
0.204000 0.994812
0.208000 0.994816
0.212000 0.994820
0.216000 0.994824
0.220000 0.994827
0.224000 0.994831
0.228000 0.994834
0.232000 0.994837
0.236000 0.994840
0.240000 0.994843
0.244000 0.994845
0.248000 0.994848
0.252000 0.994850
0.256000 0.994852
0.260000 0.994854
0.264000 0.994856
0.268000 0.994858
0.272000 0.994860
0.276000 0.994862
0.280000 0.994864
0.284000 0.994865
0.288000 0.994867
0.292000 0.994868
0.296000 0.994870
0.300000 0.994871
0.304000 0.994872
0.308000 0.994873
0.312000 0.994874
0.316000 0.994875
0.320000 0.994876
0.324000 0.994877
0.328000 0.994878
0.332000 0.994879
0.336000 0.994880
0.340000 0.994881
0.344000 0.994881
0.348000 0.994882
0.352000 0.994882
0.356000 0.994883
0.360000 0.994884
0.364000 0.994884
0.368000 0.994885
0.372000 0.994885
0.376000 0.994886
0.380000 0.994886
0.384000 0.994886
0.388000 0.994887
0.392000 0.994887
0.396000 0.994887
0.400000 0.994888
0.404000 0.994888
0.408000 0.994888
0.412000 0.994888
0.416000 0.994889
0.420000 0.994889
0.424000 0.994889
0.428000 0.994889
0.432000 0.994889
0.436000 0.994890
0.440000 0.994890
0.444000 0.994890
0.448000 0.994890
0.452000 0.994890
0.456000 0.994890
0.460000 0.994890
0.464000 0.994891
0.468000 0.994891
0.472000 0.994891
0.476000 0.994891
0.480000 0.994891
0.484000 0.994891
0.488000 0.994891
0.492000 0.994891
0.496000 0.994891
0.500000 0.994891
0.504000 0.994891
0.508000 0.994891
0.512000 0.994891
0.516000 0.994891
0.520000 0.994891
0.524000 0.994892
0.528000 0.994892
0.532000 0.994892
0.536000 0.994892
0.540000 0.994892
0.544000 0.994892
0.548000 0.994892
0.552000 0.994892
0.556000 0.994892
0.560000 0.994892
0.564000 0.994892
0.568000 0.994892
0.572000 0.994892
0.576000 0.994892
0.580000 0.994892
0.584000 0.994892
0.588000 0.994892
0.592000 0.994892
0.596000 0.994892
0.600000 0.994892
0.604000 0.994892
0.608000 0.994892
0.612000 0.994892
0.616000 0.994892
0.620000 0.994892
0.624000 0.994892
0.628000 0.994892
0.632000 0.994892
0.636000 0.994892
0.640000 0.994892
0.644000 0.994892
0.648000 0.994892
0.652000 0.994892
0.656000 0.994892
0.660000 0.994892
0.664000 0.994892
0.668000 0.994892
0.672000 0.994892
0.676000 0.994892
0.680000 0.994892
0.684000 0.994892
0.688000 0.994892
0.692000 0.994892
0.696000 0.994892
0.700000 0.994892
0.704000 0.994892
0.708000 0.994892
0.712000 0.994892
0.716000 0.994892
0.720000 0.994892
0.724000 0.994892
0.728000 0.994892
0.732000 0.994892
0.736000 0.994892
0.740000 0.994892
0.744000 0.994892
0.748000 0.994892
0.752000 0.994892
0.756000 0.994892
0.760000 0.994892
0.764000 0.994892
0.768000 0.994892
0.772000 0.994892
0.776000 0.994892
0.780000 0.994892
0.784000 0.994892
0.788000 0.994892
0.792000 0.994892
0.796000 0.994892
0.800000 0.994892
0.804000 0.994892
0.808000 0.994892
0.812000 0.994892
0.816000 0.994892
0.820000 0.994892
0.824000 0.994892
0.828000 0.994892
0.832000 0.994892
0.836000 0.994892
0.840000 0.994892
0.844000 0.994892
0.848000 0.994892
0.852000 0.994892
0.856000 0.994892
0.860000 0.994892
0.864000 0.994892
0.868000 0.994892
0.872000 0.994892
0.876000 0.994892
0.880000 0.994892
0.884000 0.994892
0.888000 0.994892
0.892000 0.994892
0.896000 0.994892
0.900000 0.994892
0.904000 0.994892
0.908000 0.994892
0.912000 0.994892
0.916000 0.994892
0.920000 0.994892
0.924000 0.994892
0.928000 0.994892
0.932000 0.994892
0.936000 0.994892
0.940000 0.994892
0.944000 0.994892
0.948000 0.994892
0.952000 0.994892
0.956000 0.994892
0.960000 0.994892
0.964000 0.994892
0.968000 0.994892
0.972000 0.994892
0.976000 0.994892
0.980000 0.994892
0.984000 0.994892
0.988000 0.994892
0.992000 0.994892
0.996000 0.994892
1.000000 0.994892
