-1.000000 0.997928
-0.996000 0.997928
-0.992000 0.997928
-0.988000 0.997928
-0.984000 0.997928
-0.980000 0.997928
-0.976000 0.997928
-0.972000 0.997928
-0.968000 0.997928
-0.964000 0.997928
-0.960000 0.997928
-0.956000 0.997928
-0.952000 0.997928
-0.948000 0.997928
-0.944000 0.997928
-0.940000 0.997928
-0.936000 0.997928
-0.932000 0.997928
-0.928000 0.997928
-0.924000 0.997928
-0.920000 0.997928
-0.916000 0.997928
-0.912000 0.997928
-0.908000 0.997928
-0.904000 0.997928
-0.900000 0.997928
-0.896000 0.997928
-0.892000 0.997928
-0.888000 0.997928
-0.884000 0.997928
-0.880000 0.997928
-0.876000 0.997928
-0.872000 0.997928
-0.868000 0.997928
-0.864000 0.997928
-0.860000 0.997928
-0.856000 0.997928
-0.852000 0.997928
-0.848000 0.997928
-0.844000 0.997928
-0.840000 0.997928
-0.836000 0.997928
-0.832000 0.997928
-0.828000 0.997928
-0.824000 0.997928
-0.820000 0.997928
-0.816000 0.997928
-0.812000 0.997928
-0.808000 0.997928
-0.804000 0.997928
-0.800000 0.997928
-0.796000 0.997928
-0.792000 0.997928
-0.788000 0.997928
-0.784000 0.997928
-0.780000 0.997928
-0.776000 0.997928
-0.772000 0.997928
-0.768000 0.997928
-0.764000 0.997928
-0.760000 0.997928
-0.756000 0.997928
-0.752000 0.997928
-0.748000 0.997928
-0.744000 0.997928
-0.740000 0.997928
-0.736000 0.997928
-0.732000 0.997928
-0.728000 0.997928
-0.724000 0.997928
-0.720000 0.997928
-0.716000 0.997928
-0.712000 0.997928
-0.708000 0.997928
-0.704000 0.997928
-0.700000 0.997928
-0.696000 0.997928
-0.692000 0.997928
-0.688000 0.997928
-0.684000 0.997928
-0.680000 0.997928
-0.676000 0.997928
-0.672000 0.997928
-0.668000 0.997928
-0.664000 0.997928
-0.660000 0.997928
-0.656000 0.997928
-0.652000 0.997928
-0.648000 0.997928
-0.644000 0.997928
-0.640000 0.997928
-0.636000 0.997928
-0.632000 0.997928
-0.628000 0.997928
-0.624000 0.997928
-0.620000 0.997928
-0.616000 0.997928
-0.612000 0.997927
-0.608000 0.997927
-0.604000 0.997927
-0.600000 0.997927
-0.596000 0.997927
-0.592000 0.997927
-0.588000 0.997927
-0.584000 0.997927
-0.580000 0.997927
-0.576000 0.997927
-0.572000 0.997927
-0.568000 0.997926
-0.564000 0.997926
-0.560000 0.997926
-0.556000 0.997926
-0.552000 0.997926
-0.548000 0.997925
-0.544000 0.997925
-0.540000 0.997925
-0.536000 0.997925
-0.532000 0.997924
-0.528000 0.997924
-0.524000 0.997924
-0.520000 0.997923
-0.516000 0.997923
-0.512000 0.997922
-0.508000 0.997922
-0.504000 0.997921
-0.500000 0.997921
-0.496000 0.997920
-0.492000 0.997919
-0.488000 0.997918
-0.484000 0.997918
-0.480000 0.997917
-0.476000 0.997916
-0.472000 0.997915
-0.468000 0.997914
-0.464000 0.997913
-0.460000 0.997911
-0.456000 0.997910
-0.452000 0.997909
-0.448000 0.997907
-0.444000 0.997905
-0.440000 0.997904
-0.436000 0.997902
-0.432000 0.997900
-0.428000 0.997898
-0.424000 0.997895
-0.420000 0.997893
-0.416000 0.997890
-0.412000 0.997887
-0.408000 0.997885
-0.404000 0.997881
-0.400000 0.997878
-0.396000 0.997875
-0.392000 0.997871
-0.388000 0.997867
-0.384000 0.997863
-0.380000 0.997858
-0.376000 0.997854
-0.372000 0.997849
-0.368000 0.997844
-0.364000 0.997838
-0.360000 0.997832
-0.356000 0.997826
-0.352000 0.997820
-0.348000 0.997813
-0.344000 0.997806
-0.340000 0.997799
-0.336000 0.997791
-0.332000 0.997783
-0.328000 0.997774
-0.324000 0.997765
-0.320000 0.997755
-0.316000 0.997745
-0.312000 0.997735
-0.308000 0.997724
-0.304000 0.997713
-0.300000 0.997701
-0.296000 0.997689
-0.292000 0.997676
-0.288000 0.997662
-0.284000 0.997648
-0.280000 0.997634
-0.276000 0.997618
-0.272000 0.997603
-0.268000 0.997586
-0.264000 0.997569
-0.260000 0.997552
-0.256000 0.997533
-0.252000 0.997514
-0.248000 0.997494
-0.244000 0.997474
-0.240000 0.997453
-0.236000 0.997431
-0.232000 0.997408
-0.228000 0.997385
-0.224000 0.997361
-0.220000 0.997336
-0.216000 0.997310
-0.212000 0.997284
-0.208000 0.997257
-0.204000 0.997229
-0.200000 0.997200
-0.196000 0.997170
-0.192000 0.997140
-0.188000 0.997108
-0.184000 0.997076
-0.180000 0.997043
-0.176000 0.997009
-0.172000 0.996974
-0.168000 0.996939
-0.164000 0.996903
-0.160000 0.996865
-0.156000 0.996827
-0.152000 0.996788
-0.148000 0.996749
-0.144000 0.996708
-0.140000 0.996667
-0.136000 0.996624
-0.132000 0.996581
-0.128000 0.996537
-0.124000 0.996493
-0.120000 0.996447
-0.116000 0.996401
-0.112000 0.996354
-0.108000 0.996307
-0.104000 0.996258
-0.100000 0.996209
-0.096000 0.996159
-0.092000 0.996109
-0.088000 0.996057
-0.084000 0.996005
-0.080000 0.995953
-0.076000 0.995900
-0.072000 0.995846
-0.068000 0.995792
-0.064000 0.995737
-0.060000 0.995682
-0.056000 0.995626
-0.052000 0.995570
-0.048000 0.995513
-0.044000 0.995456
-0.040000 0.995398
-0.036000 0.995340
-0.032000 0.995282
-0.028000 0.995223
-0.024000 0.995164
-0.020000 0.995105
-0.016000 0.995045
-0.012000 0.994986
-0.008000 0.994926
-0.004000 0.994866
0.000000 0.994806
0.004000 0.994746
0.008000 0.994686
0.012000 0.994625
0.016000 0.994565
0.020000 0.994505
0.024000 0.994445
0.028000 0.994385
0.032000 0.994325
0.036000 0.994265
0.040000 0.994205
0.044000 0.994146
0.048000 0.994086
0.052000 0.994027
0.056000 0.993969
0.060000 0.993910
0.064000 0.993852
0.068000 0.993795
0.072000 0.993737
0.076000 0.993680
0.080000 0.993624
0.084000 0.993568
0.088000 0.993512
0.092000 0.993457
0.096000 0.993402
0.100000 0.993348
0.104000 0.993295
0.108000 0.993242
0.112000 0.993190
0.116000 0.993138
0.120000 0.993087
0.124000 0.993036
0.128000 0.992986
0.132000 0.992937
0.136000 0.992889
0.140000 0.992841
0.144000 0.992794
0.148000 0.992747
0.152000 0.992701
0.156000 0.992656
0.160000 0.992612
0.164000 0.992569
0.168000 0.992526
0.172000 0.992484
0.176000 0.992443
0.180000 0.992402
0.184000 0.992362
0.188000 0.992323
0.192000 0.992285
0.196000 0.992248
0.200000 0.992211
0.204000 0.992175
0.208000 0.992140
0.212000 0.992105
0.216000 0.992071
0.220000 0.992039
0.224000 0.992006
0.228000 0.991975
0.232000 0.991944
0.236000 0.991914
0.240000 0.991885
0.244000 0.991857
0.248000 0.991829
0.252000 0.991802
0.256000 0.991775
0.260000 0.991750
0.264000 0.991724
0.268000 0.991700
0.272000 0.991676
0.276000 0.991653
0.280000 0.991631
0.284000 0.991609
0.288000 0.991588
0.292000 0.991568
0.296000 0.991548
0.300000 0.991529
0.304000 0.991510
0.308000 0.991492
0.312000 0.991474
0.316000 0.991457
0.320000 0.991441
0.324000 0.991425
0.328000 0.991409
0.332000 0.991394
0.336000 0.991380
0.340000 0.991366
0.344000 0.991352
0.348000 0.991339
0.352000 0.991327
0.356000 0.991315
0.360000 0.991303
0.364000 0.991292
0.368000 0.991281
0.372000 0.991270
0.376000 0.991260
0.380000 0.991251
0.384000 0.991241
0.388000 0.991232
0.392000 0.991224
0.396000 0.991215
0.400000 0.991207
0.404000 0.991200
0.408000 0.991192
0.412000 0.991185
0.416000 0.991178
0.420000 0.991172
0.424000 0.991165
0.428000 0.991159
0.432000 0.991154
0.436000 0.991148
0.440000 0.991143
0.444000 0.991138
0.448000 0.991133
0.452000 0.991128
0.456000 0.991124
0.460000 0.991119
0.464000 0.991115
0.468000 0.991112
0.472000 0.991108
0.476000 0.991104
0.480000 0.991101
0.484000 0.991098
0.488000 0.991095
0.492000 0.991092
0.496000 0.991089
0.500000 0.991086
0.504000 0.991084
0.508000 0.991081
0.512000 0.991079
0.516000 0.991077
0.520000 0.991074
0.524000 0.991072
0.528000 0.991071
0.532000 0.991069
0.536000 0.991067
0.540000 0.991065
0.544000 0.991064
0.548000 0.991062
0.552000 0.991061
0.556000 0.991060
0.560000 0.991058
0.564000 0.991057
0.568000 0.991056
0.572000 0.991055
0.576000 0.991054
0.580000 0.991053
0.584000 0.991052
0.588000 0.991051
0.592000 0.991050
0.596000 0.991050
0.600000 0.991049
0.604000 0.991048
0.608000 0.991048
0.612000 0.991047
0.616000 0.991046
0.620000 0.991046
0.624000 0.991045
0.628000 0.991045
0.632000 0.991044
0.636000 0.991044
0.640000 0.991043
0.644000 0.991043
0.648000 0.991043
0.652000 0.991042
0.656000 0.991042
0.660000 0.991042
0.664000 0.991041
0.668000 0.991041
0.672000 0.991041
0.676000 0.991041
0.680000 0.991040
0.684000 0.991040
0.688000 0.991040
0.692000 0.991040
0.696000 0.991040
0.700000 0.991039
0.704000 0.991039
0.708000 0.991039
0.712000 0.991039
0.716000 0.991039
0.720000 0.991039
0.724000 0.991039
0.728000 0.991039
0.732000 0.991038
0.736000 0.991038
0.740000 0.991038
0.744000 0.991038
0.748000 0.991038
0.752000 0.991038
0.756000 0.991038
0.760000 0.991038
0.764000 0.991038
0.768000 0.991038
0.772000 0.991038
0.776000 0.991038
0.780000 0.991038
0.784000 0.991038
0.788000 0.991038
0.792000 0.991037
0.796000 0.991037
0.800000 0.991037
0.804000 0.991037
0.808000 0.991037
0.812000 0.991037
0.816000 0.991037
0.820000 0.991037
0.824000 0.991037
0.828000 0.991037
0.832000 0.991037
0.836000 0.991037
0.840000 0.991037
0.844000 0.991037
0.848000 0.991037
0.852000 0.991037
0.856000 0.991037
0.860000 0.991037
0.864000 0.991037
0.868000 0.991037
0.872000 0.991037
0.876000 0.991037
0.880000 0.991037
0.884000 0.991037
0.888000 0.991037
0.892000 0.991037
0.896000 0.991037
0.900000 0.991037
0.904000 0.991037
0.908000 0.991037
0.912000 0.991037
0.916000 0.991037
0.920000 0.991037
0.924000 0.991037
0.928000 0.991037
0.932000 0.991037
0.936000 0.991037
0.940000 0.991037
0.944000 0.991037
0.948000 0.991037
0.952000 0.991037
0.956000 0.991037
0.960000 0.991037
0.964000 0.991037
0.968000 0.991037
0.972000 0.991037
0.976000 0.991037
0.980000 0.991037
0.984000 0.991037
0.988000 0.991037
0.992000 0.991037
0.996000 0.991037
1.000000 0.991037
