-1.000000 0.991037
-0.996000 0.991037
-0.992000 0.991037
-0.988000 0.991037
-0.984000 0.991037
-0.980000 0.991037
-0.976000 0.991037
-0.972000 0.991037
-0.968000 0.991037
-0.964000 0.991037
-0.960000 0.991037
-0.956000 0.991037
-0.952000 0.991037
-0.948000 0.991037
-0.944000 0.991037
-0.940000 0.991037
-0.936000 0.991037
-0.932000 0.991037
-0.928000 0.991037
-0.924000 0.991037
-0.920000 0.991037
-0.916000 0.991037
-0.912000 0.991037
-0.908000 0.991037
-0.904000 0.991037
-0.900000 0.991037
-0.896000 0.991037
-0.892000 0.991037
-0.888000 0.991037
-0.884000 0.991037
-0.880000 0.991037
-0.876000 0.991037
-0.872000 0.991037
-0.868000 0.991037
-0.864000 0.991037
-0.860000 0.991037
-0.856000 0.991037
-0.852000 0.991037
-0.848000 0.991037
-0.844000 0.991037
-0.840000 0.991037
-0.836000 0.991037
-0.832000 0.991037
-0.828000 0.991037
-0.824000 0.991037
-0.820000 0.991037
-0.816000 0.991037
-0.812000 0.991037
-0.808000 0.991037
-0.804000 0.991037
-0.800000 0.991037
-0.796000 0.991037
-0.792000 0.991037
-0.788000 0.991037
-0.784000 0.991037
-0.780000 0.991037
-0.776000 0.991037
-0.772000 0.991037
-0.768000 0.991037
-0.764000 0.991037
-0.760000 0.991037
-0.756000 0.991037
-0.752000 0.991037
-0.748000 0.991037
-0.744000 0.991037
-0.740000 0.991037
-0.736000 0.991037
-0.732000 0.991037
-0.728000 0.991037
-0.724000 0.991037
-0.720000 0.991037
-0.716000 0.991037
-0.712000 0.991037
-0.708000 0.991037
-0.704000 0.991037
-0.700000 0.991037
-0.696000 0.991037
-0.692000 0.991037
-0.688000 0.991037
-0.684000 0.991037
-0.680000 0.991037
-0.676000 0.991037
-0.672000 0.991037
-0.668000 0.991037
-0.664000 0.991037
-0.660000 0.991037
-0.656000 0.991037
-0.652000 0.991037
-0.648000 0.991037
-0.644000 0.991037
-0.640000 0.991037
-0.636000 0.991037
-0.632000 0.991037
-0.628000 0.991037
-0.624000 0.991037
-0.620000 0.991037
-0.616000 0.991037
-0.612000 0.991037
-0.608000 0.991037
-0.604000 0.991037
-0.600000 0.991037
-0.596000 0.991037
-0.592000 0.991037
-0.588000 0.991037
-0.584000 0.991037
-0.580000 0.991037
-0.576000 0.991037
-0.572000 0.991037
-0.568000 0.991037
-0.564000 0.991037
-0.560000 0.991037
-0.556000 0.991037
-0.552000 0.991037
-0.548000 0.991037
-0.544000 0.991037
-0.540000 0.991037
-0.536000 0.991037
-0.532000 0.991037
-0.528000 0.991037
-0.524000 0.991037
-0.520000 0.991037
-0.516000 0.991037
-0.512000 0.991037
-0.508000 0.991037
-0.504000 0.991037
-0.500000 0.991037
-0.496000 0.991037
-0.492000 0.991037
-0.488000 0.991037
-0.484000 0.991037
-0.480000 0.991037
-0.476000 0.991037
-0.472000 0.991037
-0.468000 0.991037
-0.464000 0.991037
-0.460000 0.991037
-0.456000 0.991037
-0.452000 0.991037
-0.448000 0.991037
-0.444000 0.991037
-0.440000 0.991037
-0.436000 0.991037
-0.432000 0.991037
-0.428000 0.991037
-0.424000 0.991037
-0.420000 0.991037
-0.416000 0.991037
-0.412000 0.991037
-0.408000 0.991037
-0.404000 0.991037
-0.400000 0.991037
-0.396000 0.991037
-0.392000 0.991037
-0.388000 0.991037
-0.384000 0.991037
-0.380000 0.991037
-0.376000 0.991037
-0.372000 0.991037
-0.368000 0.991037
-0.364000 0.991037
-0.360000 0.991037
-0.356000 0.991037
-0.352000 0.991037
-0.348000 0.991037
-0.344000 0.991037
-0.340000 0.991037
-0.336000 0.991037
-0.332000 0.991037
-0.328000 0.991037
-0.324000 0.991037
-0.320000 0.991037
-0.316000 0.991037
-0.312000 0.991037
-0.308000 0.991037
-0.304000 0.991037
-0.300000 0.991037
-0.296000 0.991037
-0.292000 0.991037
-0.288000 0.991037
-0.284000 0.991037
-0.280000 0.991037
-0.276000 0.991037
-0.272000 0.991037
-0.268000 0.991037
-0.264000 0.991037
-0.260000 0.991037
-0.256000 0.991037
-0.252000 0.991037
-0.248000 0.991037
-0.244000 0.991037
-0.240000 0.991037
-0.236000 0.991037
-0.232000 0.991037
-0.228000 0.991037
-0.224000 0.991037
-0.220000 0.991037
-0.216000 0.991037
-0.212000 0.991037
-0.208000 0.991037
-0.204000 0.991037
-0.200000 0.991037
-0.196000 0.991037
-0.192000 0.991037
-0.188000 0.991037
-0.184000 0.991037
-0.180000 0.991037
-0.176000 0.991037
-0.172000 0.991037
-0.168000 0.991037
-0.164000 0.991037
-0.160000 0.991037
-0.156000 0.991037
-0.152000 0.991037
-0.148000 0.991037
-0.144000 0.991037
-0.140000 0.991037
-0.136000 0.991037
-0.132000 0.991037
-0.128000 0.991037
-0.124000 0.991037
-0.120000 0.991037
-0.116000 0.991037
-0.112000 0.991037
-0.108000 0.991037
-0.104000 0.991037
-0.100000 0.991037
-0.096000 0.991037
-0.092000 0.991037
-0.088000 0.991037
-0.084000 0.991037
-0.080000 0.991037
-0.076000 0.991037
-0.072000 0.991037
-0.068000 0.991037
-0.064000 0.991037
-0.060000 0.991037
-0.056000 0.991037
-0.052000 0.991038
-0.048000 0.991038
-0.044000 0.991038
-0.040000 0.991038
-0.036000 0.991038
-0.032000 0.991038
-0.028000 0.991038
-0.024000 0.991038
-0.020000 0.991038
-0.016000 0.991038
-0.012000 0.991038
-0.008000 0.991038
-0.004000 0.991038
0.000000 0.991038
0.004000 0.991038
0.008000 0.991038
0.012000 0.991039
0.016000 0.991039
0.020000 0.991039
0.024000 0.991039
0.028000 0.991039
0.032000 0.991039
0.036000 0.991039
0.040000 0.991040
0.044000 0.991040
0.048000 0.991040
0.052000 0.991040
0.056000 0.991040
0.060000 0.991040
0.064000 0.991041
0.068000 0.991041
0.072000 0.991041
0.076000 0.991041
0.080000 0.991042
0.084000 0.991042
0.088000 0.991042
0.092000 0.991043
0.096000 0.991043
0.100000 0.991043
0.104000 0.991044
0.108000 0.991044
0.112000 0.991044
0.116000 0.991045
0.120000 0.991045
0.124000 0.991046
0.128000 0.991046
0.132000 0.991047
0.136000 0.991048
0.140000 0.991048
0.144000 0.991049
0.148000 0.991049
0.152000 0.991050
0.156000 0.991051
0.160000 0.991052
0.164000 0.991052
0.168000 0.991053
0.172000 0.991054
0.176000 0.991055
0.180000 0.991056
0.184000 0.991057
0.188000 0.991058
0.192000 0.991059
0.196000 0.991060
0.200000 0.991062
0.204000 0.991063
0.208000 0.991064
0.212000 0.991065
0.216000 0.991067
0.220000 0.991068
0.224000 0.991070
0.228000 0.991072
0.232000 0.991073
0.236000 0.991075
0.240000 0.991077
0.244000 0.991079
0.248000 0.991081
0.252000 0.991083
0.256000 0.991085
0.260000 0.991087
0.264000 0.991090
0.268000 0.991092
0.272000 0.991095
0.276000 0.991097
0.280000 0.991100
0.284000 0.991103
0.288000 0.991106
0.292000 0.991109
0.296000 0.991112
0.300000 0.991115
0.304000 0.991119
0.308000 0.991122
0.312000 0.991126
0.316000 0.991129
0.320000 0.991133
0.324000 0.991137
0.328000 0.991141
0.332000 0.991146
0.336000 0.991150
0.340000 0.991155
0.344000 0.991159
0.348000 0.991164
0.352000 0.991169
0.356000 0.991175
0.360000 0.991180
0.364000 0.991185
0.368000 0.991191
0.372000 0.991197
0.376000 0.991203
0.380000 0.991209
0.384000 0.991216
0.388000 0.991222
0.392000 0.991229
0.396000 0.991236
0.400000 0.991243
0.404000 0.991251
0.408000 0.991258
0.412000 0.991266
0.416000 0.991274
0.420000 0.991282
0.424000 0.991290
0.428000 0.991299
0.432000 0.991308
0.436000 0.991317
0.440000 0.991326
0.444000 0.991336
0.448000 0.991345
0.452000 0.991355
0.456000 0.991365
0.460000 0.991376
0.464000 0.991386
0.468000 0.991397
0.472000 0.991408
0.476000 0.991420
0.480000 0.991431
0.484000 0.991443
0.488000 0.991455
0.492000 0.991468
0.496000 0.991480
0.500000 0.991493
0.504000 0.991506
0.508000 0.991520
0.512000 0.991533
0.516000 0.991547
0.520000 0.991561
0.524000 0.991576
0.528000 0.991590
0.532000 0.991605
0.536000 0.991620
0.540000 0.991636
0.544000 0.991651
0.548000 0.991667
0.552000 0.991684
0.556000 0.991700
0.560000 0.991717
0.564000 0.991734
0.568000 0.991751
0.572000 0.991768
0.576000 0.991786
0.580000 0.991804
0.584000 0.991822
0.588000 0.991840
0.592000 0.991859
0.596000 0.991878
0.600000 0.991897
0.604000 0.991916
0.608000 0.991936
0.612000 0.991956
0.616000 0.991976
0.620000 0.991996
0.624000 0.992017
0.628000 0.992037
0.632000 0.992058
0.636000 0.992079
0.640000 0.992101
0.644000 0.992122
0.648000 0.992144
0.652000 0.992166
0.656000 0.992188
0.660000 0.992210
0.664000 0.992232
0.668000 0.992255
0.672000 0.992278
0.676000 0.992301
0.680000 0.992324
0.684000 0.992347
0.688000 0.992370
0.692000 0.992394
0.696000 0.992417
0.700000 0.992441
0.704000 0.992465
0.708000 0.992489
0.712000 0.992513
0.716000 0.992537
0.720000 0.992562
0.724000 0.992586
0.728000 0.992611
0.732000 0.992635
0.736000 0.992660
0.740000 0.992684
0.744000 0.992709
0.748000 0.992734
0.752000 0.992759
0.756000 0.992784
0.760000 0.992809
0.764000 0.992834
0.768000 0.992859
0.772000 0.992884
0.776000 0.992908
0.780000 0.992933
0.784000 0.992958
0.788000 0.992983
0.792000 0.993008
0.796000 0.993033
0.800000 0.993058
0.804000 0.993083
0.808000 0.993108
0.812000 0.993132
0.816000 0.993157
0.820000 0.993182
0.824000 0.993206
0.828000 0.993231
0.832000 0.993255
0.836000 0.993279
0.840000 0.993304
0.844000 0.993328
0.848000 0.993352
0.852000 0.993376
0.856000 0.993399
0.860000 0.993423
0.864000 0.993447
0.868000 0.993470
0.872000 0.993493
0.876000 0.993516
0.880000 0.993539
0.884000 0.993562
0.888000 0.993585
0.892000 0.993607
0.896000 0.993629
0.900000 0.993651
0.904000 0.993673
0.908000 0.993695
0.912000 0.993717
0.916000 0.993738
0.920000 0.993759
0.924000 0.993780
0.928000 0.993801
0.932000 0.993822
0.936000 0.993843
0.940000 0.993863
0.944000 0.993883
0.948000 0.993903
0.952000 0.993923
0.956000 0.993943
0.960000 0.993963
0.964000 0.993983
0.968000 0.994003
0.972000 0.994024
0.976000 0.994045
0.980000 0.994067
0.984000 0.994091
0.988000 0.994117
0.992000 0.994147
0.996000 0.994182
1.000000 0.994223
