-1.000000 0.991037
-0.996000 0.991037
-0.992000 0.991037
-0.988000 0.991037
-0.984000 0.991037
-0.980000 0.991037
-0.976000 0.991037
-0.972000 0.991037
-0.968000 0.991037
-0.964000 0.991037
-0.960000 0.991037
-0.956000 0.991037
-0.952000 0.991037
-0.948000 0.991037
-0.944000 0.991037
-0.940000 0.991037
-0.936000 0.991037
-0.932000 0.991037
-0.928000 0.991037
-0.924000 0.991037
-0.920000 0.991037
-0.916000 0.991037
-0.912000 0.991037
-0.908000 0.991037
-0.904000 0.991037
-0.900000 0.991037
-0.896000 0.991037
-0.892000 0.991037
-0.888000 0.991037
-0.884000 0.991037
-0.880000 0.991037
-0.876000 0.991037
-0.872000 0.991037
-0.868000 0.991037
-0.864000 0.991037
-0.860000 0.991037
-0.856000 0.991037
-0.852000 0.991037
-0.848000 0.991037
-0.844000 0.991037
-0.840000 0.991037
-0.836000 0.991037
-0.832000 0.991037
-0.828000 0.991037
-0.824000 0.991037
-0.820000 0.991037
-0.816000 0.991037
-0.812000 0.991037
-0.808000 0.991037
-0.804000 0.991037
-0.800000 0.991037
-0.796000 0.991037
-0.792000 0.991037
-0.788000 0.991037
-0.784000 0.991037
-0.780000 0.991037
-0.776000 0.991037
-0.772000 0.991037
-0.768000 0.991037
-0.764000 0.991037
-0.760000 0.991037
-0.756000 0.991037
-0.752000 0.991037
-0.748000 0.991037
-0.744000 0.991037
-0.740000 0.991037
-0.736000 0.991037
-0.732000 0.991037
-0.728000 0.991037
-0.724000 0.991037
-0.720000 0.991037
-0.716000 0.991037
-0.712000 0.991037
-0.708000 0.991037
-0.704000 0.991037
-0.700000 0.991037
-0.696000 0.991037
-0.692000 0.991037
-0.688000 0.991037
-0.684000 0.991037
-0.680000 0.991037
-0.676000 0.991037
-0.672000 0.991037
-0.668000 0.991037
-0.664000 0.991037
-0.660000 0.991037
-0.656000 0.991037
-0.652000 0.991037
-0.648000 0.991037
-0.644000 0.991037
-0.640000 0.991037
-0.636000 0.991037
-0.632000 0.991037
-0.628000 0.991037
-0.624000 0.991037
-0.620000 0.991037
-0.616000 0.991037
-0.612000 0.991037
-0.608000 0.991037
-0.604000 0.991037
-0.600000 0.991037
-0.596000 0.991037
-0.592000 0.991037
-0.588000 0.991037
-0.584000 0.991037
-0.580000 0.991037
-0.576000 0.991037
-0.572000 0.991037
-0.568000 0.991037
-0.564000 0.991037
-0.560000 0.991037
-0.556000 0.991037
-0.552000 0.991037
-0.548000 0.991037
-0.544000 0.991037
-0.540000 0.991037
-0.536000 0.991037
-0.532000 0.991037
-0.528000 0.991037
-0.524000 0.991037
-0.520000 0.991037
-0.516000 0.991037
-0.512000 0.991037
-0.508000 0.991037
-0.504000 0.991037
-0.500000 0.991037
-0.496000 0.991037
-0.492000 0.991037
-0.488000 0.991037
-0.484000 0.991037
-0.480000 0.991037
-0.476000 0.991037
-0.472000 0.991037
-0.468000 0.991037
-0.464000 0.991037
-0.460000 0.991037
-0.456000 0.991037
-0.452000 0.991037
-0.448000 0.991037
-0.444000 0.991037
-0.440000 0.991037
-0.436000 0.991037
-0.432000 0.991037
-0.428000 0.991037
-0.424000 0.991038
-0.420000 0.991038
-0.416000 0.991038
-0.412000 0.991038
-0.408000 0.991038
-0.404000 0.991038
-0.400000 0.991038
-0.396000 0.991038
-0.392000 0.991038
-0.388000 0.991038
-0.384000 0.991038
-0.380000 0.991038
-0.376000 0.991038
-0.372000 0.991039
-0.368000 0.991039
-0.364000 0.991039
-0.360000 0.991039
-0.356000 0.991039
-0.352000 0.991039
-0.348000 0.991040
-0.344000 0.991040
-0.340000 0.991040
-0.336000 0.991040
-0.332000 0.991041
-0.328000 0.991041
-0.324000 0.991041
-0.320000 0.991041
-0.316000 0.991042
-0.312000 0.991042
-0.308000 0.991043
-0.304000 0.991043
-0.300000 0.991043
-0.296000 0.991044
-0.292000 0.991044
-0.288000 0.991045
-0.284000 0.991045
-0.280000 0.991046
-0.276000 0.991047
-0.272000 0.991047
-0.268000 0.991048
-0.264000 0.991049
-0.260000 0.991050
-0.256000 0.991051
-0.252000 0.991051
-0.248000 0.991052
-0.244000 0.991053
-0.240000 0.991054
-0.236000 0.991056
-0.232000 0.991057
-0.228000 0.991058
-0.224000 0.991059
-0.220000 0.991061
-0.216000 0.991062
-0.212000 0.991064
-0.208000 0.991066
-0.204000 0.991067
-0.200000 0.991069
-0.196000 0.991071
-0.192000 0.991073
-0.188000 0.991075
-0.184000 0.991078
-0.180000 0.991080
-0.176000 0.991083
-0.172000 0.991085
-0.168000 0.991088
-0.164000 0.991091
-0.160000 0.991094
-0.156000 0.991097
-0.152000 0.991100
-0.148000 0.991104
-0.144000 0.991107
-0.140000 0.991111
-0.136000 0.991115
-0.132000 0.991119
-0.128000 0.991123
-0.124000 0.991128
-0.120000 0.991132
-0.116000 0.991137
-0.112000 0.991142
-0.108000 0.991147
-0.104000 0.991153
-0.100000 0.991158
-0.096000 0.991164
-0.092000 0.991170
-0.088000 0.991177
-0.084000 0.991183
-0.080000 0.991190
-0.076000 0.991197
-0.072000 0.991205
-0.068000 0.991212
-0.064000 0.991220
-0.060000 0.991228
-0.056000 0.991236
-0.052000 0.991245
-0.048000 0.991254
-0.044000 0.991263
-0.040000 0.991273
-0.036000 0.991283
-0.032000 0.991293
-0.028000 0.991303
-0.024000 0.991314
-0.020000 0.991325
-0.016000 0.991336
-0.012000 0.991348
-0.008000 0.991360
-0.004000 0.991373
0.000000 0.991385
0.004000 0.991398
0.008000 0.991412
0.012000 0.991426
0.016000 0.991440
0.020000 0.991454
0.024000 0.991469
0.028000 0.991484
0.032000 0.991500
0.036000 0.991516
0.040000 0.991532
0.044000 0.991549
0.048000 0.991566
0.052000 0.991583
0.056000 0.991601
0.060000 0.991619
0.064000 0.991638
0.068000 0.991657
0.072000 0.991676
0.076000 0.991695
0.080000 0.991715
0.084000 0.991736
0.088000 0.991756
0.092000 0.991777
0.096000 0.991799
0.100000 0.991820
0.104000 0.991842
0.108000 0.991865
0.112000 0.991888
0.116000 0.991911
0.120000 0.991934
0.124000 0.991958
0.128000 0.991982
0.132000 0.992006
0.136000 0.992031
0.140000 0.992056
0.144000 0.992081
0.148000 0.992106
0.152000 0.992132
0.156000 0.992158
0.160000 0.992185
0.164000 0.992211
0.168000 0.992238
0.172000 0.992265
0.176000 0.992292
0.180000 0.992320
0.184000 0.992348
0.188000 0.992376
0.192000 0.992404
0.196000 0.992432
0.200000 0.992460
0.204000 0.992489
0.208000 0.992518
0.212000 0.992547
0.216000 0.992576
0.220000 0.992605
0.224000 0.992634
0.228000 0.992664
0.232000 0.992693
0.236000 0.992723
0.240000 0.992752
0.244000 0.992782
0.248000 0.992812
0.252000 0.992841
0.256000 0.992871
0.260000 0.992901
0.264000 0.992931
0.268000 0.992960
0.272000 0.992990
0.276000 0.993020
0.280000 0.993049
0.284000 0.993079
0.288000 0.993108
0.292000 0.993138
0.296000 0.993167
0.300000 0.993196
0.304000 0.993225
0.308000 0.993254
0.312000 0.993283
0.316000 0.993312
0.320000 0.993341
0.324000 0.993369
0.328000 0.993397
0.332000 0.993425
0.336000 0.993453
0.340000 0.993481
0.344000 0.993509
0.348000 0.993536
0.352000 0.993563
0.356000 0.993590
0.360000 0.993616
0.364000 0.993643
0.368000 0.993669
0.372000 0.993695
0.376000 0.993720
0.380000 0.993746
0.384000 0.993771
0.388000 0.993795
0.392000 0.993820
0.396000 0.993844
0.400000 0.993868
0.404000 0.993892
0.408000 0.993915
0.412000 0.993938
0.416000 0.993960
0.420000 0.993983
0.424000 0.994005
0.428000 0.994027
0.432000 0.994048
0.436000 0.994069
0.440000 0.994090
0.444000 0.994110
0.448000 0.994130
0.452000 0.994150
0.456000 0.994170
0.460000 0.994189
0.464000 0.994207
0.468000 0.994226
0.472000 0.994244
0.476000 0.994262
0.480000 0.994279
0.484000 0.994296
0.488000 0.994313
0.492000 0.994329
0.496000 0.994345
0.500000 0.994361
0.504000 0.994377
0.508000 0.994392
0.512000 0.994407
0.516000 0.994421
0.520000 0.994435
0.524000 0.994449
0.528000 0.994463
0.532000 0.994476
0.536000 0.994489
0.540000 0.994501
0.544000 0.994514
0.548000 0.994526
0.552000 0.994537
0.556000 0.994549
0.560000 0.994560
0.564000 0.994571
0.568000 0.994582
0.572000 0.994592
0.576000 0.994602
0.580000 0.994612
0.584000 0.994621
0.588000 0.994630
0.592000 0.994639
0.596000 0.994648
0.600000 0.994657
0.604000 0.994665
0.608000 0.994673
0.612000 0.994681
0.616000 0.994688
0.620000 0.994696
0.624000 0.994703
0.628000 0.994710
0.632000 0.994717
0.636000 0.994723
0.640000 0.994729
0.644000 0.994735
0.648000 0.994741
0.652000 0.994747
0.656000 0.994753
0.660000 0.994758
0.664000 0.994763
0.668000 0.994768
0.672000 0.994773
0.676000 0.994778
0.680000 0.994782
0.684000 0.994787
0.688000 0.994791
0.692000 0.994795
0.696000 0.994799
0.700000 0.994803
0.704000 0.994806
0.708000 0.994810
0.712000 0.994813
0.716000 0.994817
0.720000 0.994820
0.724000 0.994823
0.728000 0.994826
0.732000 0.994829
0.736000 0.994831
0.740000 0.994834
0.744000 0.994836
0.748000 0.994839
0.752000 0.994841
0.756000 0.994843
0.760000 0.994846
0.764000 0.994848
0.768000 0.994850
0.772000 0.994852
0.776000 0.994853
0.780000 0.994855
0.784000 0.994857
0.788000 0.994858
0.792000 0.994860
0.796000 0.994861
0.800000 0.994863
0.804000 0.994864
0.808000 0.994866
0.812000 0.994867
0.816000 0.994868
0.820000 0.994869
0.824000 0.994870
0.828000 0.994871
0.832000 0.994872
0.836000 0.994873
0.840000 0.994874
0.844000 0.994875
0.848000 0.994876
0.852000 0.994877
0.856000 0.994877
0.860000 0.994878
0.864000 0.994879
0.868000 0.994880
0.872000 0.994880
0.876000 0.994881
0.880000 0.994881
0.884000 0.994882
0.888000 0.994882
0.892000 0.994883
0.896000 0.994883
0.900000 0.994884
0.904000 0.994884
0.908000 0.994885
0.912000 0.994885
0.916000 0.994885
0.920000 0.994886
0.924000 0.994886
0.928000 0.994886
0.932000 0.994887
0.936000 0.994887
0.940000 0.994887
0.944000 0.994888
0.948000 0.994888
0.952000 0.994888
0.956000 0.994888
0.960000 0.994888
0.964000 0.994889
0.968000 0.994889
0.972000 0.994889
0.976000 0.994889
0.980000 0.994889
0.984000 0.994890
0.988000 0.994890
0.992000 0.994890
0.996000 0.994890
1.000000 0.994891
