-1.000000 0.992919
-0.996000 0.992919
-0.992000 0.992919
-0.988000 0.992919
-0.984000 0.992919
-0.980000 0.992919
-0.976000 0.992919
-0.972000 0.992919
-0.968000 0.992919
-0.964000 0.992919
-0.960000 0.992919
-0.956000 0.992919
-0.952000 0.992919
-0.948000 0.992919
-0.944000 0.992919
-0.940000 0.992919
-0.936000 0.992919
-0.932000 0.992919
-0.928000 0.992919
-0.924000 0.992919
-0.920000 0.992919
-0.916000 0.992919
-0.912000 0.992919
-0.908000 0.992919
-0.904000 0.992919
-0.900000 0.992919
-0.896000 0.992919
-0.892000 0.992919
-0.888000 0.992919
-0.884000 0.992919
-0.880000 0.992919
-0.876000 0.992919
-0.872000 0.992919
-0.868000 0.992919
-0.864000 0.992919
-0.860000 0.992919
-0.856000 0.992919
-0.852000 0.992919
-0.848000 0.992919
-0.844000 0.992919
-0.840000 0.992919
-0.836000 0.992919
-0.832000 0.992919
-0.828000 0.992919
-0.824000 0.992919
-0.820000 0.992919
-0.816000 0.992919
-0.812000 0.992919
-0.808000 0.992919
-0.804000 0.992919
-0.800000 0.992919
-0.796000 0.992919
-0.792000 0.992919
-0.788000 0.992919
-0.784000 0.992919
-0.780000 0.992919
-0.776000 0.992919
-0.772000 0.992919
-0.768000 0.992919
-0.764000 0.992919
-0.760000 0.992919
-0.756000 0.992919
-0.752000 0.992919
-0.748000 0.992919
-0.744000 0.992919
-0.740000 0.992919
-0.736000 0.992919
-0.732000 0.992919
-0.728000 0.992919
-0.724000 0.992919
-0.720000 0.992919
-0.716000 0.992919
-0.712000 0.992919
-0.708000 0.992919
-0.704000 0.992919
-0.700000 0.992919
-0.696000 0.992919
-0.692000 0.992919
-0.688000 0.992919
-0.684000 0.992919
-0.680000 0.992919
-0.676000 0.992919
-0.672000 0.992919
-0.668000 0.992919
-0.664000 0.992919
-0.660000 0.992919
-0.656000 0.992919
-0.652000 0.992919
-0.648000 0.992919
-0.644000 0.992919
-0.640000 0.992919
-0.636000 0.992919
-0.632000 0.992919
-0.628000 0.992919
-0.624000 0.992919
-0.620000 0.992919
-0.616000 0.992919
-0.612000 0.992919
-0.608000 0.992919
-0.604000 0.992919
-0.600000 0.992919
-0.596000 0.992919
-0.592000 0.992919
-0.588000 0.992919
-0.584000 0.992919
-0.580000 0.992919
-0.576000 0.992919
-0.572000 0.992919
-0.568000 0.992919
-0.564000 0.992919
-0.560000 0.992919
-0.556000 0.992919
-0.552000 0.992919
-0.548000 0.992919
-0.544000 0.992919
-0.540000 0.992919
-0.536000 0.992919
-0.532000 0.992919
-0.528000 0.992919
-0.524000 0.992919
-0.520000 0.992919
-0.516000 0.992919
-0.512000 0.992919
-0.508000 0.992919
-0.504000 0.992919
-0.500000 0.992919
-0.496000 0.992919
-0.492000 0.992919
-0.488000 0.992919
-0.484000 0.992919
-0.480000 0.992919
-0.476000 0.992919
-0.472000 0.992919
-0.468000 0.992919
-0.464000 0.992919
-0.460000 0.992919
-0.456000 0.992919
-0.452000 0.992919
-0.448000 0.992919
-0.444000 0.992919
-0.440000 0.992919
-0.436000 0.992919
-0.432000 0.992919
-0.428000 0.992919
-0.424000 0.992919
-0.420000 0.992919
-0.416000 0.992919
-0.412000 0.992919
-0.408000 0.992919
-0.404000 0.992919
-0.400000 0.992919
-0.396000 0.992919
-0.392000 0.992919
-0.388000 0.992919
-0.384000 0.992919
-0.380000 0.992919
-0.376000 0.992919
-0.372000 0.992919
-0.368000 0.992919
-0.364000 0.992919
-0.360000 0.992919
-0.356000 0.992919
-0.352000 0.992919
-0.348000 0.992919
-0.344000 0.992919
-0.340000 0.992919
-0.336000 0.992919
-0.332000 0.992919
-0.328000 0.992919
-0.324000 0.992919
-0.320000 0.992919
-0.316000 0.992919
-0.312000 0.992919
-0.308000 0.992919
-0.304000 0.992919
-0.300000 0.992919
-0.296000 0.992919
-0.292000 0.992919
-0.288000 0.992919
-0.284000 0.992919
-0.280000 0.992919
-0.276000 0.992919
-0.272000 0.992919
-0.268000 0.992919
-0.264000 0.992919
-0.260000 0.992919
-0.256000 0.992919
-0.252000 0.992919
-0.248000 0.992919
-0.244000 0.992919
-0.240000 0.992919
-0.236000 0.992919
-0.232000 0.992919
-0.228000 0.992919
-0.224000 0.992919
-0.220000 0.992919
-0.216000 0.992919
-0.212000 0.992919
-0.208000 0.992919
-0.204000 0.992919
-0.200000 0.992919
-0.196000 0.992919
-0.192000 0.992919
-0.188000 0.992919
-0.184000 0.992919
-0.180000 0.992919
-0.176000 0.992919
-0.172000 0.992919
-0.168000 0.992919
-0.164000 0.992919
-0.160000 0.992919
-0.156000 0.992919
-0.152000 0.992919
-0.148000 0.992919
-0.144000 0.992919
-0.140000 0.992919
-0.136000 0.992919
-0.132000 0.992919
-0.128000 0.992919
-0.124000 0.992919
-0.120000 0.992919
-0.116000 0.992919
-0.112000 0.992919
-0.108000 0.992919
-0.104000 0.992920
-0.100000 0.992920
-0.096000 0.992920
-0.092000 0.992920
-0.088000 0.992920
-0.084000 0.992920
-0.080000 0.992920
-0.076000 0.992920
-0.072000 0.992920
-0.068000 0.992920
-0.064000 0.992920
-0.060000 0.992920
-0.056000 0.992920
-0.052000 0.992920
-0.048000 0.992920
-0.044000 0.992921
-0.040000 0.992921
-0.036000 0.992921
-0.032000 0.992921
-0.028000 0.992921
-0.024000 0.992921
-0.020000 0.992921
-0.016000 0.992922
-0.012000 0.992922
-0.008000 0.992922
-0.004000 0.992922
0.000000 0.992922
0.004000 0.992923
0.008000 0.992923
0.012000 0.992923
0.016000 0.992923
0.020000 0.992924
0.024000 0.992924
0.028000 0.992924
0.032000 0.992925
0.036000 0.992925
0.040000 0.992925
0.044000 0.992926
0.048000 0.992926
0.052000 0.992927
0.056000 0.992927
0.060000 0.992928
0.064000 0.992928
0.068000 0.992929
0.072000 0.992929
0.076000 0.992930
0.080000 0.992931
0.084000 0.992931
0.088000 0.992932
0.092000 0.992933
0.096000 0.992934
0.100000 0.992934
0.104000 0.992935
0.108000 0.992936
0.112000 0.992937
0.116000 0.992938
0.120000 0.992940
0.124000 0.992941
0.128000 0.992942
0.132000 0.992943
0.136000 0.992945
0.140000 0.992946
0.144000 0.992948
0.148000 0.992949
0.152000 0.992951
0.156000 0.992952
0.160000 0.992954
0.164000 0.992956
0.168000 0.992958
0.172000 0.992960
0.176000 0.992962
0.180000 0.992965
0.184000 0.992967
0.188000 0.992969
0.192000 0.992972
0.196000 0.992975
0.200000 0.992978
0.204000 0.992980
0.208000 0.992983
0.212000 0.992987
0.216000 0.992990
0.220000 0.992993
0.224000 0.992997
0.228000 0.993001
0.232000 0.993005
0.236000 0.993009
0.240000 0.993013
0.244000 0.993017
0.248000 0.993022
0.252000 0.993027
0.256000 0.993032
0.260000 0.993037
0.264000 0.993042
0.268000 0.993047
0.272000 0.993053
0.276000 0.993059
0.280000 0.993065
0.284000 0.993071
0.288000 0.993078
0.292000 0.993085
0.296000 0.993092
0.300000 0.993099
0.304000 0.993107
0.308000 0.993115
0.312000 0.993123
0.316000 0.993131
0.320000 0.993139
0.324000 0.993148
0.328000 0.993157
0.332000 0.993167
0.336000 0.993177
0.340000 0.993187
0.344000 0.993197
0.348000 0.993208
0.352000 0.993219
0.356000 0.993230
0.360000 0.993242
0.364000 0.993254
0.368000 0.993266
0.372000 0.993279
0.376000 0.993292
0.380000 0.993305
0.384000 0.993319
0.388000 0.993333
0.392000 0.993348
0.396000 0.993363
0.400000 0.993378
0.404000 0.993394
0.408000 0.993410
0.412000 0.993426
0.416000 0.993443
0.420000 0.993461
0.424000 0.993478
0.428000 0.993497
0.432000 0.993515
0.436000 0.993534
0.440000 0.993554
0.444000 0.993574
0.448000 0.993594
0.452000 0.993615
0.456000 0.993636
0.460000 0.993658
0.464000 0.993680
0.468000 0.993703
0.472000 0.993726
0.476000 0.993749
0.480000 0.993773
0.484000 0.993798
0.488000 0.993823
0.492000 0.993848
0.496000 0.993874
0.500000 0.993901
0.504000 0.993928
0.508000 0.993955
0.512000 0.993983
0.516000 0.994011
0.520000 0.994040
0.524000 0.994069
0.528000 0.994099
0.532000 0.994129
0.536000 0.994159
0.540000 0.994191
0.544000 0.994222
0.548000 0.994254
0.552000 0.994287
0.556000 0.994320
0.560000 0.994353
0.564000 0.994387
0.568000 0.994421
0.572000 0.994456
0.576000 0.994491
0.580000 0.994526
0.584000 0.994562
0.588000 0.994599
0.592000 0.994636
0.596000 0.994673
0.600000 0.994711
0.604000 0.994749
0.608000 0.994787
0.612000 0.994826
0.616000 0.994865
0.620000 0.994904
0.624000 0.994944
0.628000 0.994985
0.632000 0.995025
0.636000 0.995066
0.640000 0.995107
0.644000 0.995149
0.648000 0.995191
0.652000 0.995233
0.656000 0.995275
0.660000 0.995318
0.664000 0.995361
0.668000 0.995404
0.672000 0.995448
0.676000 0.995491
0.680000 0.995535
0.684000 0.995580
0.688000 0.995624
0.692000 0.995668
0.696000 0.995713
0.700000 0.995758
0.704000 0.995803
0.708000 0.995848
0.712000 0.995894
0.716000 0.995939
0.720000 0.995985
0.724000 0.996030
0.728000 0.996076
0.732000 0.996122
0.736000 0.996168
0.740000 0.996213
0.744000 0.996259
0.748000 0.996305
0.752000 0.996351
0.756000 0.996397
0.760000 0.996443
0.764000 0.996489
0.768000 0.996535
0.772000 0.996581
0.776000 0.996627
0.780000 0.996673
0.784000 0.996718
0.788000 0.996764
0.792000 0.996809
0.796000 0.996854
0.800000 0.996900
0.804000 0.996945
0.808000 0.996990
0.812000 0.997034
0.816000 0.997079
0.820000 0.997123
0.824000 0.997167
0.828000 0.997211
0.832000 0.997255
0.836000 0.997299
0.840000 0.997342
0.844000 0.997385
0.848000 0.997428
0.852000 0.997470
0.856000 0.997512
0.860000 0.997554
0.864000 0.997596
0.868000 0.997637
0.872000 0.997678
0.876000 0.997719
0.880000 0.997760
0.884000 0.997800
0.888000 0.997840
0.892000 0.997879
0.896000 0.997918
0.900000 0.997957
0.904000 0.997995
0.908000 0.998033
0.912000 0.998071
0.916000 0.998108
0.920000 0.998145
0.924000 0.998181
0.928000 0.998217
0.932000 0.998253
0.936000 0.998288
0.940000 0.998323
0.944000 0.998358
0.948000 0.998393
0.952000 0.998427
0.956000 0.998461
0.960000 0.998495
0.964000 0.998529
0.968000 0.998563
0.972000 0.998598
0.976000 0.998634
0.980000 0.998672
0.984000 0.998713
0.988000 0.998757
0.992000 0.998807
0.996000 0.998866
1.000000 0.998936
