-1.000000 0.997928
-0.996000 0.997928
-0.992000 0.997928
-0.988000 0.997928
-0.984000 0.997928
-0.980000 0.997928
-0.976000 0.997928
-0.972000 0.997928
-0.968000 0.997928
-0.964000 0.997928
-0.960000 0.997928
-0.956000 0.997928
-0.952000 0.997928
-0.948000 0.997928
-0.944000 0.997928
-0.940000 0.997928
-0.936000 0.997928
-0.932000 0.997928
-0.928000 0.997928
-0.924000 0.997928
-0.920000 0.997928
-0.916000 0.997928
-0.912000 0.997928
-0.908000 0.997928
-0.904000 0.997928
-0.900000 0.997928
-0.896000 0.997928
-0.892000 0.997928
-0.888000 0.997928
-0.884000 0.997928
-0.880000 0.997928
-0.876000 0.997928
-0.872000 0.997928
-0.868000 0.997928
-0.864000 0.997928
-0.860000 0.997928
-0.856000 0.997928
-0.852000 0.997928
-0.848000 0.997928
-0.844000 0.997928
-0.840000 0.997928
-0.836000 0.997928
-0.832000 0.997928
-0.828000 0.997928
-0.824000 0.997928
-0.820000 0.997928
-0.816000 0.997928
-0.812000 0.997928
-0.808000 0.997928
-0.804000 0.997928
-0.800000 0.997928
-0.796000 0.997928
-0.792000 0.997928
-0.788000 0.997928
-0.784000 0.997928
-0.780000 0.997928
-0.776000 0.997928
-0.772000 0.997928
-0.768000 0.997928
-0.764000 0.997928
-0.760000 0.997928
-0.756000 0.997928
-0.752000 0.997928
-0.748000 0.997928
-0.744000 0.997928
-0.740000 0.997928
-0.736000 0.997928
-0.732000 0.997928
-0.728000 0.997928
-0.724000 0.997928
-0.720000 0.997928
-0.716000 0.997928
-0.712000 0.997928
-0.708000 0.997928
-0.704000 0.997928
-0.700000 0.997928
-0.696000 0.997928
-0.692000 0.997928
-0.688000 0.997928
-0.684000 0.997928
-0.680000 0.997928
-0.676000 0.997928
-0.672000 0.997928
-0.668000 0.997928
-0.664000 0.997928
-0.660000 0.997928
-0.656000 0.997928
-0.652000 0.997928
-0.648000 0.997928
-0.644000 0.997928
-0.640000 0.997928
-0.636000 0.997928
-0.632000 0.997928
-0.628000 0.997928
-0.624000 0.997928
-0.620000 0.997928
-0.616000 0.997928
-0.612000 0.997928
-0.608000 0.997928
-0.604000 0.997928
-0.600000 0.997928
-0.596000 0.997928
-0.592000 0.997928
-0.588000 0.997928
-0.584000 0.997928
-0.580000 0.997928
-0.576000 0.997928
-0.572000 0.997928
-0.568000 0.997928
-0.564000 0.997928
-0.560000 0.997928
-0.556000 0.997928
-0.552000 0.997928
-0.548000 0.997928
-0.544000 0.997928
-0.540000 0.997928
-0.536000 0.997928
-0.532000 0.997928
-0.528000 0.997928
-0.524000 0.997928
-0.520000 0.997928
-0.516000 0.997928
-0.512000 0.997928
-0.508000 0.997928
-0.504000 0.997928
-0.500000 0.997928
-0.496000 0.997928
-0.492000 0.997928
-0.488000 0.997928
-0.484000 0.997928
-0.480000 0.997928
-0.476000 0.997928
-0.472000 0.997928
-0.468000 0.997928
-0.464000 0.997928
-0.460000 0.997928
-0.456000 0.997928
-0.452000 0.997928
-0.448000 0.997928
-0.444000 0.997927
-0.440000 0.997927
-0.436000 0.997927
-0.432000 0.997927
-0.428000 0.997927
-0.424000 0.997927
-0.420000 0.997927
-0.416000 0.997927
-0.412000 0.997927
-0.408000 0.997927
-0.404000 0.997927
-0.400000 0.997927
-0.396000 0.997926
-0.392000 0.997926
-0.388000 0.997926
-0.384000 0.997926
-0.380000 0.997926
-0.376000 0.997926
-0.372000 0.997925
-0.368000 0.997925
-0.364000 0.997925
-0.360000 0.997925
-0.356000 0.997924
-0.352000 0.997924
-0.348000 0.997924
-0.344000 0.997924
-0.340000 0.997923
-0.336000 0.997923
-0.332000 0.997922
-0.328000 0.997922
-0.324000 0.997921
-0.320000 0.997921
-0.316000 0.997920
-0.312000 0.997920
-0.308000 0.997919
-0.304000 0.997919
-0.300000 0.997918
-0.296000 0.997917
-0.292000 0.997916
-0.288000 0.997915
-0.284000 0.997914
-0.280000 0.997913
-0.276000 0.997912
-0.272000 0.997911
-0.268000 0.997910
-0.264000 0.997909
-0.260000 0.997908
-0.256000 0.997906
-0.252000 0.997905
-0.248000 0.997903
-0.244000 0.997901
-0.240000 0.997900
-0.236000 0.997898
-0.232000 0.997896
-0.228000 0.997894
-0.224000 0.997891
-0.220000 0.997889
-0.216000 0.997887
-0.212000 0.997884
-0.208000 0.997881
-0.204000 0.997878
-0.200000 0.997875
-0.196000 0.997872
-0.192000 0.997868
-0.188000 0.997865
-0.184000 0.997861
-0.180000 0.997857
-0.176000 0.997853
-0.172000 0.997849
-0.168000 0.997844
-0.164000 0.997839
-0.160000 0.997834
-0.156000 0.997829
-0.152000 0.997823
-0.148000 0.997818
-0.144000 0.997812
-0.140000 0.997805
-0.136000 0.997799
-0.132000 0.997792
-0.128000 0.997785
-0.124000 0.997777
-0.120000 0.997769
-0.116000 0.997761
-0.112000 0.997752
-0.108000 0.997744
-0.104000 0.997734
-0.100000 0.997725
-0.096000 0.997715
-0.092000 0.997704
-0.088000 0.997693
-0.084000 0.997682
-0.080000 0.997671
-0.076000 0.997659
-0.072000 0.997646
-0.068000 0.997633
-0.064000 0.997620
-0.060000 0.997606
-0.056000 0.997591
-0.052000 0.997576
-0.048000 0.997561
-0.044000 0.997545
-0.040000 0.997528
-0.036000 0.997511
-0.032000 0.997494
-0.028000 0.997476
-0.024000 0.997457
-0.020000 0.997438
-0.016000 0.997418
-0.012000 0.997398
-0.008000 0.997377
-0.004000 0.997355
0.000000 0.997333
0.004000 0.997310
0.008000 0.997286
0.012000 0.997262
0.016000 0.997238
0.020000 0.997212
0.024000 0.997186
0.028000 0.997159
0.032000 0.997132
0.036000 0.997104
0.040000 0.997075
0.044000 0.997046
0.048000 0.997016
0.052000 0.996985
0.056000 0.996954
0.060000 0.996922
0.064000 0.996889
0.068000 0.996856
0.072000 0.996822
0.076000 0.996787
0.080000 0.996752
0.084000 0.996716
0.088000 0.996679
0.092000 0.996642
0.096000 0.996604
0.100000 0.996565
0.104000 0.996526
0.108000 0.996486
0.112000 0.996445
0.116000 0.996404
0.120000 0.996362
0.124000 0.996320
0.128000 0.996277
0.132000 0.996233
0.136000 0.996189
0.140000 0.996144
0.144000 0.996099
0.148000 0.996053
0.152000 0.996007
0.156000 0.995960
0.160000 0.995913
0.164000 0.995865
0.168000 0.995817
0.172000 0.995768
0.176000 0.995719
0.180000 0.995669
0.184000 0.995620
0.188000 0.995569
0.192000 0.995518
0.196000 0.995467
0.200000 0.995416
0.204000 0.995364
0.208000 0.995312
0.212000 0.995260
0.216000 0.995208
0.220000 0.995155
0.224000 0.995102
0.228000 0.995049
0.232000 0.994995
0.236000 0.994942
0.240000 0.994888
0.244000 0.994834
0.248000 0.994781
0.252000 0.994727
0.256000 0.994673
0.260000 0.994619
0.264000 0.994565
0.268000 0.994511
0.272000 0.994457
0.276000 0.994403
0.280000 0.994350
0.284000 0.994296
0.288000 0.994242
0.292000 0.994189
0.296000 0.994136
0.300000 0.994083
0.304000 0.994030
0.308000 0.993977
0.312000 0.993925
0.316000 0.993872
0.320000 0.993821
0.324000 0.993769
0.328000 0.993718
0.332000 0.993667
0.336000 0.993616
0.340000 0.993566
0.344000 0.993516
0.348000 0.993466
0.352000 0.993417
0.356000 0.993369
0.360000 0.993320
0.364000 0.993273
0.368000 0.993225
0.372000 0.993178
0.376000 0.993132
0.380000 0.993086
0.384000 0.993041
0.388000 0.992996
0.392000 0.992951
0.396000 0.992908
0.400000 0.992864
0.404000 0.992822
0.408000 0.992779
0.412000 0.992738
0.416000 0.992697
0.420000 0.992656
0.424000 0.992617
0.428000 0.992577
0.432000 0.992539
0.436000 0.992501
0.440000 0.992463
0.444000 0.992426
0.448000 0.992390
0.452000 0.992355
0.456000 0.992320
0.460000 0.992285
0.464000 0.992251
0.468000 0.992218
0.472000 0.992186
0.476000 0.992154
0.480000 0.992122
0.484000 0.992092
0.488000 0.992062
0.492000 0.992032
0.496000 0.992003
0.500000 0.991975
0.504000 0.991947
0.508000 0.991920
0.512000 0.991894
0.516000 0.991868
0.520000 0.991842
0.524000 0.991818
0.528000 0.991793
0.532000 0.991770
0.536000 0.991747
0.540000 0.991724
0.544000 0.991702
0.548000 0.991681
0.552000 0.991660
0.556000 0.991639
0.560000 0.991620
0.564000 0.991600
0.568000 0.991581
0.572000 0.991563
0.576000 0.991545
0.580000 0.991528
0.584000 0.991511
0.588000 0.991494
0.592000 0.991478
0.596000 0.991463
0.600000 0.991448
0.604000 0.991433
0.608000 0.991419
0.612000 0.991405
0.616000 0.991392
0.620000 0.991379
0.624000 0.991366
0.628000 0.991354
0.632000 0.991342
0.636000 0.991331
0.640000 0.991320
0.644000 0.991309
0.648000 0.991299
0.652000 0.991288
0.656000 0.991279
0.660000 0.991269
0.664000 0.991260
0.668000 0.991251
0.672000 0.991243
0.676000 0.991235
0.680000 0.991227
0.684000 0.991219
0.688000 0.991212
0.692000 0.991204
0.696000 0.991198
0.700000 0.991191
0.704000 0.991185
0.708000 0.991178
0.712000 0.991172
0.716000 0.991167
0.720000 0.991161
0.724000 0.991156
0.728000 0.991151
0.732000 0.991146
0.736000 0.991141
0.740000 0.991137
0.744000 0.991132
0.748000 0.991128
0.752000 0.991124
0.756000 0.991120
0.760000 0.991116
0.764000 0.991113
0.768000 0.991109
0.772000 0.991106
0.776000 0.991103
0.780000 0.991100
0.784000 0.991097
0.788000 0.991094
0.792000 0.991092
0.796000 0.991089
0.800000 0.991087
0.804000 0.991084
0.808000 0.991082
0.812000 0.991080
0.816000 0.991078
0.820000 0.991076
0.824000 0.991074
0.828000 0.991072
0.832000 0.991070
0.836000 0.991069
0.840000 0.991067
0.844000 0.991066
0.848000 0.991064
0.852000 0.991063
0.856000 0.991062
0.860000 0.991060
0.864000 0.991059
0.868000 0.991058
0.872000 0.991057
0.876000 0.991056
0.880000 0.991055
0.884000 0.991054
0.888000 0.991053
0.892000 0.991052
0.896000 0.991052
0.900000 0.991051
0.904000 0.991050
0.908000 0.991049
0.912000 0.991049
0.916000 0.991048
0.920000 0.991047
0.924000 0.991047
0.928000 0.991046
0.932000 0.991046
0.936000 0.991045
0.940000 0.991045
0.944000 0.991044
0.948000 0.991044
0.952000 0.991044
0.956000 0.991043
0.960000 0.991043
0.964000 0.991043
0.968000 0.991042
0.972000 0.991042
0.976000 0.991042
0.980000 0.991041
0.984000 0.991041
0.988000 0.991041
0.992000 0.991040
0.996000 0.991040
1.000000 0.991039
