-1.000000 0.992919
-0.996000 0.992919
-0.992000 0.992919
-0.988000 0.992919
-0.984000 0.992919
-0.980000 0.992919
-0.976000 0.992919
-0.972000 0.992919
-0.968000 0.992919
-0.964000 0.992919
-0.960000 0.992919
-0.956000 0.992919
-0.952000 0.992919
-0.948000 0.992919
-0.944000 0.992919
-0.940000 0.992919
-0.936000 0.992919
-0.932000 0.992919
-0.928000 0.992919
-0.924000 0.992919
-0.920000 0.992919
-0.916000 0.992919
-0.912000 0.992919
-0.908000 0.992919
-0.904000 0.992919
-0.900000 0.992919
-0.896000 0.992919
-0.892000 0.992919
-0.888000 0.992919
-0.884000 0.992919
-0.880000 0.992919
-0.876000 0.992919
-0.872000 0.992919
-0.868000 0.992919
-0.864000 0.992919
-0.860000 0.992919
-0.856000 0.992919
-0.852000 0.992919
-0.848000 0.992919
-0.844000 0.992919
-0.840000 0.992919
-0.836000 0.992919
-0.832000 0.992919
-0.828000 0.992919
-0.824000 0.992919
-0.820000 0.992919
-0.816000 0.992919
-0.812000 0.992919
-0.808000 0.992919
-0.804000 0.992919
-0.800000 0.992919
-0.796000 0.992919
-0.792000 0.992919
-0.788000 0.992919
-0.784000 0.992919
-0.780000 0.992919
-0.776000 0.992919
-0.772000 0.992919
-0.768000 0.992919
-0.764000 0.992919
-0.760000 0.992919
-0.756000 0.992919
-0.752000 0.992919
-0.748000 0.992919
-0.744000 0.992919
-0.740000 0.992919
-0.736000 0.992919
-0.732000 0.992919
-0.728000 0.992919
-0.724000 0.992919
-0.720000 0.992919
-0.716000 0.992919
-0.712000 0.992919
-0.708000 0.992919
-0.704000 0.992919
-0.700000 0.992919
-0.696000 0.992919
-0.692000 0.992919
-0.688000 0.992919
-0.684000 0.992919
-0.680000 0.992919
-0.676000 0.992919
-0.672000 0.992919
-0.668000 0.992919
-0.664000 0.992919
-0.660000 0.992919
-0.656000 0.992919
-0.652000 0.992919
-0.648000 0.992919
-0.644000 0.992919
-0.640000 0.992919
-0.636000 0.992919
-0.632000 0.992919
-0.628000 0.992919
-0.624000 0.992919
-0.620000 0.992919
-0.616000 0.992919
-0.612000 0.992919
-0.608000 0.992919
-0.604000 0.992919
-0.600000 0.992919
-0.596000 0.992919
-0.592000 0.992919
-0.588000 0.992919
-0.584000 0.992919
-0.580000 0.992919
-0.576000 0.992919
-0.572000 0.992919
-0.568000 0.992919
-0.564000 0.992919
-0.560000 0.992919
-0.556000 0.992919
-0.552000 0.992919
-0.548000 0.992919
-0.544000 0.992919
-0.540000 0.992919
-0.536000 0.992919
-0.532000 0.992919
-0.528000 0.992919
-0.524000 0.992919
-0.520000 0.992919
-0.516000 0.992919
-0.512000 0.992919
-0.508000 0.992919
-0.504000 0.992919
-0.500000 0.992919
-0.496000 0.992919
-0.492000 0.992919
-0.488000 0.992919
-0.484000 0.992919
-0.480000 0.992919
-0.476000 0.992919
-0.472000 0.992919
-0.468000 0.992919
-0.464000 0.992919
-0.460000 0.992919
-0.456000 0.992919
-0.452000 0.992919
-0.448000 0.992920
-0.444000 0.992920
-0.440000 0.992920
-0.436000 0.992920
-0.432000 0.992920
-0.428000 0.992920
-0.424000 0.992920
-0.420000 0.992920
-0.416000 0.992920
-0.412000 0.992920
-0.408000 0.992920
-0.404000 0.992920
-0.400000 0.992921
-0.396000 0.992921
-0.392000 0.992921
-0.388000 0.992921
-0.384000 0.992921
-0.380000 0.992921
-0.376000 0.992922
-0.372000 0.992922
-0.368000 0.992922
-0.364000 0.992922
-0.360000 0.992923
-0.356000 0.992923
-0.352000 0.992923
-0.348000 0.992924
-0.344000 0.992924
-0.340000 0.992924
-0.336000 0.992925
-0.332000 0.992925
-0.328000 0.992926
-0.324000 0.992926
-0.320000 0.992927
-0.316000 0.992927
-0.312000 0.992928
-0.308000 0.992929
-0.304000 0.992929
-0.300000 0.992930
-0.296000 0.992931
-0.292000 0.992932
-0.288000 0.992933
-0.284000 0.992934
-0.280000 0.992935
-0.276000 0.992936
-0.272000 0.992937
-0.268000 0.992939
-0.264000 0.992940
-0.260000 0.992941
-0.256000 0.992943
-0.252000 0.992944
-0.248000 0.992946
-0.244000 0.992948
-0.240000 0.992950
-0.236000 0.992952
-0.232000 0.992954
-0.228000 0.992956
-0.224000 0.992959
-0.220000 0.992961
-0.216000 0.992964
-0.212000 0.992967
-0.208000 0.992970
-0.204000 0.992973
-0.200000 0.992976
-0.196000 0.992980
-0.192000 0.992983
-0.188000 0.992987
-0.184000 0.992991
-0.180000 0.992995
-0.176000 0.993000
-0.172000 0.993004
-0.168000 0.993009
-0.164000 0.993014
-0.160000 0.993020
-0.156000 0.993025
-0.152000 0.993031
-0.148000 0.993037
-0.144000 0.993044
-0.140000 0.993050
-0.136000 0.993057
-0.132000 0.993064
-0.128000 0.993072
-0.124000 0.993080
-0.120000 0.993088
-0.116000 0.993097
-0.112000 0.993106
-0.108000 0.993115
-0.104000 0.993125
-0.100000 0.993135
-0.096000 0.993145
-0.092000 0.993156
-0.088000 0.993167
-0.084000 0.993179
-0.080000 0.993191
-0.076000 0.993204
-0.072000 0.993217
-0.068000 0.993230
-0.064000 0.993244
-0.060000 0.993259
-0.056000 0.993274
-0.052000 0.993289
-0.048000 0.993305
-0.044000 0.993322
-0.040000 0.993339
-0.036000 0.993356
-0.032000 0.993375
-0.028000 0.993393
-0.024000 0.993413
-0.020000 0.993432
-0.016000 0.993453
-0.012000 0.993474
-0.008000 0.993495
-0.004000 0.993518
0.000000 0.993541
0.004000 0.993564
0.008000 0.993588
0.012000 0.993613
0.016000 0.993638
0.020000 0.993664
0.024000 0.993691
0.028000 0.993718
0.032000 0.993746
0.036000 0.993775
0.040000 0.993804
0.044000 0.993834
0.048000 0.993864
0.052000 0.993896
0.056000 0.993928
0.060000 0.993960
0.064000 0.993993
0.068000 0.994027
0.072000 0.994062
0.076000 0.994097
0.080000 0.994133
0.084000 0.994170
0.088000 0.994207
0.092000 0.994245
0.096000 0.994283
0.100000 0.994322
0.104000 0.994362
0.108000 0.994402
0.112000 0.994443
0.116000 0.994485
0.120000 0.994527
0.124000 0.994570
0.128000 0.994613
0.132000 0.994657
0.136000 0.994702
0.140000 0.994747
0.144000 0.994793
0.148000 0.994839
0.152000 0.994885
0.156000 0.994933
0.160000 0.994980
0.164000 0.995028
0.168000 0.995077
0.172000 0.995126
0.176000 0.995175
0.180000 0.995225
0.184000 0.995276
0.188000 0.995326
0.192000 0.995377
0.196000 0.995429
0.200000 0.995480
0.204000 0.995532
0.208000 0.995584
0.212000 0.995637
0.216000 0.995690
0.220000 0.995743
0.224000 0.995796
0.228000 0.995850
0.232000 0.995903
0.236000 0.995957
0.240000 0.996011
0.244000 0.996065
0.248000 0.996119
0.252000 0.996173
0.256000 0.996228
0.260000 0.996282
0.264000 0.996336
0.268000 0.996391
0.272000 0.996445
0.276000 0.996499
0.280000 0.996553
0.284000 0.996608
0.288000 0.996662
0.292000 0.996716
0.296000 0.996769
0.300000 0.996823
0.304000 0.996876
0.308000 0.996930
0.312000 0.996983
0.316000 0.997035
0.320000 0.997088
0.324000 0.997140
0.328000 0.997192
0.332000 0.997244
0.336000 0.997295
0.340000 0.997346
0.344000 0.997397
0.348000 0.997447
0.352000 0.997497
0.356000 0.997547
0.360000 0.997596
0.364000 0.997644
0.368000 0.997693
0.372000 0.997740
0.376000 0.997788
0.380000 0.997835
0.384000 0.997881
0.388000 0.997927
0.392000 0.997972
0.396000 0.998017
0.400000 0.998062
0.404000 0.998105
0.408000 0.998149
0.412000 0.998191
0.416000 0.998234
0.420000 0.998275
0.424000 0.998316
0.428000 0.998357
0.432000 0.998397
0.436000 0.998436
0.440000 0.998475
0.444000 0.998513
0.448000 0.998550
0.452000 0.998587
0.456000 0.998624
0.460000 0.998659
0.464000 0.998694
0.468000 0.998729
0.472000 0.998763
0.476000 0.998796
0.480000 0.998829
0.484000 0.998861
0.488000 0.998892
0.492000 0.998923
0.496000 0.998954
0.500000 0.998983
0.504000 0.999012
0.508000 0.999041
0.512000 0.999069
0.516000 0.999096
0.520000 0.999123
0.524000 0.999149
0.528000 0.999175
0.532000 0.999200
0.536000 0.999224
0.540000 0.999248
0.544000 0.999271
0.548000 0.999294
0.552000 0.999316
0.556000 0.999338
0.560000 0.999359
0.564000 0.999380
0.568000 0.999400
0.572000 0.999420
0.576000 0.999439
0.580000 0.999457
0.584000 0.999476
0.588000 0.999493
0.592000 0.999510
0.596000 0.999527
0.600000 0.999543
0.604000 0.999559
0.608000 0.999575
0.612000 0.999590
0.616000 0.999604
0.620000 0.999618
0.624000 0.999632
0.628000 0.999645
0.632000 0.999658
0.636000 0.999671
0.640000 0.999683
0.644000 0.999694
0.648000 0.999706
0.652000 0.999717
0.656000 0.999728
0.660000 0.999738
0.664000 0.999748
0.668000 0.999758
0.672000 0.999767
0.676000 0.999776
0.680000 0.999785
0.684000 0.999793
0.688000 0.999801
0.692000 0.999809
0.696000 0.999817
0.700000 0.999824
0.704000 0.999832
0.708000 0.999838
0.712000 0.999845
0.716000 0.999851
0.720000 0.999858
0.724000 0.999864
0.728000 0.999869
0.732000 0.999875
0.736000 0.999880
0.740000 0.999885
0.744000 0.999890
0.748000 0.999895
0.752000 0.999899
0.756000 0.999904
0.760000 0.999908
0.764000 0.999912
0.768000 0.999916
0.772000 0.999920
0.776000 0.999923
0.780000 0.999927
0.784000 0.999930
0.788000 0.999933
0.792000 0.999936
0.796000 0.999939
0.800000 0.999942
0.804000 0.999945
0.808000 0.999947
0.812000 0.999950
0.816000 0.999952
0.820000 0.999954
0.824000 0.999956
0.828000 0.999959
0.832000 0.999961
0.836000 0.999962
0.840000 0.999964
0.844000 0.999966
0.848000 0.999968
0.852000 0.999969
0.856000 0.999971
0.860000 0.999972
0.864000 0.999974
0.868000 0.999975
0.872000 0.999976
0.876000 0.999977
0.880000 0.999978
0.884000 0.999980
0.888000 0.999981
0.892000 0.999982
0.896000 0.999983
0.900000 0.999983
0.904000 0.999984
0.908000 0.999985
0.912000 0.999986
0.916000 0.999987
0.920000 0.999987
0.924000 0.999988
0.928000 0.999989
0.932000 0.999989
0.936000 0.999990
0.940000 0.999990
0.944000 0.999991
0.948000 0.999991
0.952000 0.999992
0.956000 0.999992
0.960000 0.999993
0.964000 0.999993
0.968000 0.999994
0.972000 0.999994
0.976000 0.999994
0.980000 0.999995
0.984000 0.999995
0.988000 0.999995
0.992000 0.999996
0.996000 0.999996
1.000000 0.999997
