-1.000000 0.992919
-0.996000 0.992919
-0.992000 0.992919
-0.988000 0.992919
-0.984000 0.992919
-0.980000 0.992919
-0.976000 0.992919
-0.972000 0.992919
-0.968000 0.992919
-0.964000 0.992919
-0.960000 0.992919
-0.956000 0.992919
-0.952000 0.992919
-0.948000 0.992919
-0.944000 0.992919
-0.940000 0.992919
-0.936000 0.992919
-0.932000 0.992919
-0.928000 0.992919
-0.924000 0.992919
-0.920000 0.992919
-0.916000 0.992919
-0.912000 0.992919
-0.908000 0.992919
-0.904000 0.992919
-0.900000 0.992919
-0.896000 0.992919
-0.892000 0.992919
-0.888000 0.992919
-0.884000 0.992919
-0.880000 0.992919
-0.876000 0.992919
-0.872000 0.992919
-0.868000 0.992919
-0.864000 0.992919
-0.860000 0.992919
-0.856000 0.992919
-0.852000 0.992919
-0.848000 0.992919
-0.844000 0.992919
-0.840000 0.992919
-0.836000 0.992919
-0.832000 0.992919
-0.828000 0.992919
-0.824000 0.992919
-0.820000 0.992919
-0.816000 0.992919
-0.812000 0.992919
-0.808000 0.992919
-0.804000 0.992919
-0.800000 0.992919
-0.796000 0.992919
-0.792000 0.992919
-0.788000 0.992919
-0.784000 0.992919
-0.780000 0.992919
-0.776000 0.992919
-0.772000 0.992919
-0.768000 0.992919
-0.764000 0.992919
-0.760000 0.992919
-0.756000 0.992919
-0.752000 0.992919
-0.748000 0.992919
-0.744000 0.992919
-0.740000 0.992919
-0.736000 0.992919
-0.732000 0.992919
-0.728000 0.992919
-0.724000 0.992919
-0.720000 0.992919
-0.716000 0.992919
-0.712000 0.992919
-0.708000 0.992919
-0.704000 0.992919
-0.700000 0.992919
-0.696000 0.992919
-0.692000 0.992919
-0.688000 0.992919
-0.684000 0.992919
-0.680000 0.992919
-0.676000 0.992919
-0.672000 0.992919
-0.668000 0.992919
-0.664000 0.992919
-0.660000 0.992919
-0.656000 0.992919
-0.652000 0.992919
-0.648000 0.992919
-0.644000 0.992919
-0.640000 0.992919
-0.636000 0.992919
-0.632000 0.992919
-0.628000 0.992919
-0.624000 0.992919
-0.620000 0.992919
-0.616000 0.992919
-0.612000 0.992919
-0.608000 0.992919
-0.604000 0.992919
-0.600000 0.992919
-0.596000 0.992919
-0.592000 0.992919
-0.588000 0.992919
-0.584000 0.992919
-0.580000 0.992919
-0.576000 0.992919
-0.572000 0.992919
-0.568000 0.992919
-0.564000 0.992919
-0.560000 0.992919
-0.556000 0.992919
-0.552000 0.992919
-0.548000 0.992919
-0.544000 0.992919
-0.540000 0.992919
-0.536000 0.992919
-0.532000 0.992919
-0.528000 0.992919
-0.524000 0.992919
-0.520000 0.992919
-0.516000 0.992919
-0.512000 0.992919
-0.508000 0.992919
-0.504000 0.992920
-0.500000 0.992920
-0.496000 0.992920
-0.492000 0.992920
-0.488000 0.992920
-0.484000 0.992920
-0.480000 0.992920
-0.476000 0.992920
-0.472000 0.992920
-0.468000 0.992920
-0.464000 0.992920
-0.460000 0.992920
-0.456000 0.992921
-0.452000 0.992921
-0.448000 0.992921
-0.444000 0.992921
-0.440000 0.992921
-0.436000 0.992921
-0.432000 0.992922
-0.428000 0.992922
-0.424000 0.992922
-0.420000 0.992922
-0.416000 0.992923
-0.412000 0.992923
-0.408000 0.992923
-0.404000 0.992924
-0.400000 0.992924
-0.396000 0.992925
-0.392000 0.992925
-0.388000 0.992926
-0.384000 0.992926
-0.380000 0.992927
-0.376000 0.992927
-0.372000 0.992928
-0.368000 0.992929
-0.364000 0.992929
-0.360000 0.992930
-0.356000 0.992931
-0.352000 0.992932
-0.348000 0.992933
-0.344000 0.992934
-0.340000 0.992935
-0.336000 0.992936
-0.332000 0.992937
-0.328000 0.992939
-0.324000 0.992940
-0.320000 0.992942
-0.316000 0.992943
-0.312000 0.992945
-0.308000 0.992947
-0.304000 0.992949
-0.300000 0.992951
-0.296000 0.992953
-0.292000 0.992955
-0.288000 0.992958
-0.284000 0.992960
-0.280000 0.992963
-0.276000 0.992966
-0.272000 0.992969
-0.268000 0.992972
-0.264000 0.992976
-0.260000 0.992979
-0.256000 0.992983
-0.252000 0.992987
-0.248000 0.992991
-0.244000 0.992995
-0.240000 0.993000
-0.236000 0.993005
-0.232000 0.993010
-0.228000 0.993015
-0.224000 0.993021
-0.220000 0.993027
-0.216000 0.993033
-0.212000 0.993039
-0.208000 0.993046
-0.204000 0.993053
-0.200000 0.993060
-0.196000 0.993068
-0.192000 0.993076
-0.188000 0.993085
-0.184000 0.993093
-0.180000 0.993102
-0.176000 0.993112
-0.172000 0.993122
-0.168000 0.993132
-0.164000 0.993143
-0.160000 0.993154
-0.156000 0.993166
-0.152000 0.993178
-0.148000 0.993190
-0.144000 0.993203
-0.140000 0.993217
-0.136000 0.993231
-0.132000 0.993245
-0.128000 0.993261
-0.124000 0.993276
-0.120000 0.993292
-0.116000 0.993309
-0.112000 0.993326
-0.108000 0.993344
-0.104000 0.993362
-0.100000 0.993381
-0.096000 0.993401
-0.092000 0.993421
-0.088000 0.993442
-0.084000 0.993463
-0.080000 0.993486
-0.076000 0.993508
-0.072000 0.993532
-0.068000 0.993556
-0.064000 0.993580
-0.060000 0.993606
-0.056000 0.993632
-0.052000 0.993659
-0.048000 0.993686
-0.044000 0.993714
-0.040000 0.993743
-0.036000 0.993773
-0.032000 0.993803
-0.028000 0.993834
-0.024000 0.993866
-0.020000 0.993898
-0.016000 0.993931
-0.012000 0.993965
-0.008000 0.994000
-0.004000 0.994035
0.000000 0.994071
0.004000 0.994108
0.008000 0.994145
0.012000 0.994183
0.016000 0.994222
0.020000 0.994261
0.024000 0.994301
0.028000 0.994342
0.032000 0.994384
0.036000 0.994426
0.040000 0.994469
0.044000 0.994512
0.048000 0.994556
0.052000 0.994601
0.056000 0.994646
0.060000 0.994692
0.064000 0.994739
0.068000 0.994786
0.072000 0.994834
0.076000 0.994882
0.080000 0.994931
0.084000 0.994980
0.088000 0.995030
0.092000 0.995080
0.096000 0.995131
0.100000 0.995182
0.104000 0.995234
0.108000 0.995286
0.112000 0.995338
0.116000 0.995391
0.120000 0.995444
0.124000 0.995498
0.128000 0.995552
0.132000 0.995606
0.136000 0.995660
0.140000 0.995715
0.144000 0.995770
0.148000 0.995825
0.152000 0.995881
0.156000 0.995936
0.160000 0.995992
0.164000 0.996048
0.168000 0.996104
0.172000 0.996160
0.176000 0.996216
0.180000 0.996272
0.184000 0.996328
0.188000 0.996385
0.192000 0.996441
0.196000 0.996497
0.200000 0.996553
0.204000 0.996609
0.208000 0.996665
0.212000 0.996720
0.216000 0.996776
0.220000 0.996831
0.224000 0.996887
0.228000 0.996941
0.232000 0.996996
0.236000 0.997051
0.240000 0.997105
0.244000 0.997159
0.248000 0.997212
0.252000 0.997266
0.256000 0.997319
0.260000 0.997371
0.264000 0.997423
0.268000 0.997475
0.272000 0.997526
0.276000 0.997577
0.280000 0.997628
0.284000 0.997678
0.288000 0.997727
0.292000 0.997776
0.296000 0.997825
0.300000 0.997873
0.304000 0.997920
0.308000 0.997967
0.312000 0.998014
0.316000 0.998060
0.320000 0.998105
0.324000 0.998150
0.328000 0.998194
0.332000 0.998237
0.336000 0.998280
0.340000 0.998322
0.344000 0.998364
0.348000 0.998405
0.352000 0.998446
0.356000 0.998485
0.360000 0.998525
0.364000 0.998563
0.368000 0.998601
0.372000 0.998638
0.376000 0.998675
0.380000 0.998711
0.384000 0.998746
0.388000 0.998781
0.392000 0.998815
0.396000 0.998848
0.400000 0.998881
0.404000 0.998913
0.408000 0.998945
0.412000 0.998975
0.416000 0.999006
0.420000 0.999035
0.424000 0.999064
0.428000 0.999092
0.432000 0.999120
0.436000 0.999147
0.440000 0.999174
0.444000 0.999199
0.448000 0.999225
0.452000 0.999249
0.456000 0.999273
0.460000 0.999297
0.464000 0.999320
0.468000 0.999342
0.472000 0.999364
0.476000 0.999385
0.480000 0.999405
0.484000 0.999426
0.488000 0.999445
0.492000 0.999464
0.496000 0.999483
0.500000 0.999501
0.504000 0.999518
0.508000 0.999535
0.512000 0.999552
0.516000 0.999568
0.520000 0.999583
0.524000 0.999599
0.528000 0.999613
0.532000 0.999627
0.536000 0.999641
0.540000 0.999655
0.544000 0.999668
0.548000 0.999680
0.552000 0.999692
0.556000 0.999704
0.560000 0.999716
0.564000 0.999727
0.568000 0.999737
0.572000 0.999748
0.576000 0.999758
0.580000 0.999767
0.584000 0.999777
0.588000 0.999786
0.592000 0.999794
0.596000 0.999803
0.600000 0.999811
0.604000 0.999819
0.608000 0.999826
0.612000 0.999834
0.616000 0.999841
0.620000 0.999847
0.624000 0.999854
0.628000 0.999860
0.632000 0.999866
0.636000 0.999872
0.640000 0.999877
0.644000 0.999883
0.648000 0.999888
0.652000 0.999893
0.656000 0.999898
0.660000 0.999902
0.664000 0.999907
0.668000 0.999911
0.672000 0.999915
0.676000 0.999919
0.680000 0.999923
0.684000 0.999926
0.688000 0.999930
0.692000 0.999933
0.696000 0.999936
0.700000 0.999939
0.704000 0.999942
0.708000 0.999945
0.712000 0.999947
0.716000 0.999950
0.720000 0.999952
0.724000 0.999955
0.728000 0.999957
0.732000 0.999959
0.736000 0.999961
0.740000 0.999963
0.744000 0.999965
0.748000 0.999966
0.752000 0.999968
0.756000 0.999970
0.760000 0.999971
0.764000 0.999973
0.768000 0.999974
0.772000 0.999975
0.776000 0.999977
0.780000 0.999978
0.784000 0.999979
0.788000 0.999980
0.792000 0.999981
0.796000 0.999982
0.800000 0.999983
0.804000 0.999984
0.808000 0.999985
0.812000 0.999986
0.816000 0.999986
0.820000 0.999987
0.824000 0.999988
0.828000 0.999989
0.832000 0.999989
0.836000 0.999990
0.840000 0.999990
0.844000 0.999991
0.848000 0.999991
0.852000 0.999992
0.856000 0.999992
0.860000 0.999993
0.864000 0.999993
0.868000 0.999994
0.872000 0.999994
0.876000 0.999994
0.880000 0.999995
0.884000 0.999995
0.888000 0.999995
0.892000 0.999995
0.896000 0.999996
0.900000 0.999996
0.904000 0.999996
0.908000 0.999996
0.912000 0.999997
0.916000 0.999997
0.920000 0.999997
0.924000 0.999997
0.928000 0.999997
0.932000 0.999998
0.936000 0.999998
0.940000 0.999998
0.944000 0.999998
0.948000 0.999998
0.952000 0.999998
0.956000 0.999998
0.960000 0.999998
0.964000 0.999999
0.968000 0.999999
0.972000 0.999999
0.976000 0.999999
0.980000 0.999999
0.984000 0.999999
0.988000 0.999999
0.992000 0.999999
0.996000 0.999999
1.000000 0.999999
