-1.000000 0.992919
-0.996000 0.992919
-0.992000 0.992919
-0.988000 0.992919
-0.984000 0.992919
-0.980000 0.992919
-0.976000 0.992919
-0.972000 0.992919
-0.968000 0.992919
-0.964000 0.992919
-0.960000 0.992919
-0.956000 0.992919
-0.952000 0.992919
-0.948000 0.992919
-0.944000 0.992919
-0.940000 0.992919
-0.936000 0.992919
-0.932000 0.992919
-0.928000 0.992919
-0.924000 0.992919
-0.920000 0.992919
-0.916000 0.992919
-0.912000 0.992919
-0.908000 0.992919
-0.904000 0.992919
-0.900000 0.992919
-0.896000 0.992919
-0.892000 0.992919
-0.888000 0.992919
-0.884000 0.992919
-0.880000 0.992919
-0.876000 0.992919
-0.872000 0.992919
-0.868000 0.992919
-0.864000 0.992919
-0.860000 0.992919
-0.856000 0.992919
-0.852000 0.992919
-0.848000 0.992919
-0.844000 0.992919
-0.840000 0.992919
-0.836000 0.992919
-0.832000 0.992919
-0.828000 0.992919
-0.824000 0.992919
-0.820000 0.992919
-0.816000 0.992919
-0.812000 0.992919
-0.808000 0.992919
-0.804000 0.992919
-0.800000 0.992919
-0.796000 0.992919
-0.792000 0.992919
-0.788000 0.992919
-0.784000 0.992919
-0.780000 0.992919
-0.776000 0.992919
-0.772000 0.992919
-0.768000 0.992919
-0.764000 0.992919
-0.760000 0.992919
-0.756000 0.992919
-0.752000 0.992919
-0.748000 0.992919
-0.744000 0.992919
-0.740000 0.992919
-0.736000 0.992919
-0.732000 0.992919
-0.728000 0.992919
-0.724000 0.992919
-0.720000 0.992919
-0.716000 0.992919
-0.712000 0.992919
-0.708000 0.992919
-0.704000 0.992919
-0.700000 0.992919
-0.696000 0.992919
-0.692000 0.992919
-0.688000 0.992919
-0.684000 0.992919
-0.680000 0.992919
-0.676000 0.992919
-0.672000 0.992919
-0.668000 0.992919
-0.664000 0.992919
-0.660000 0.992919
-0.656000 0.992919
-0.652000 0.992919
-0.648000 0.992919
-0.644000 0.992919
-0.640000 0.992919
-0.636000 0.992919
-0.632000 0.992919
-0.628000 0.992919
-0.624000 0.992919
-0.620000 0.992919
-0.616000 0.992919
-0.612000 0.992919
-0.608000 0.992919
-0.604000 0.992919
-0.600000 0.992919
-0.596000 0.992919
-0.592000 0.992919
-0.588000 0.992919
-0.584000 0.992919
-0.580000 0.992919
-0.576000 0.992919
-0.572000 0.992919
-0.568000 0.992919
-0.564000 0.992919
-0.560000 0.992919
-0.556000 0.992919
-0.552000 0.992919
-0.548000 0.992919
-0.544000 0.992919
-0.540000 0.992919
-0.536000 0.992919
-0.532000 0.992919
-0.528000 0.992919
-0.524000 0.992919
-0.520000 0.992919
-0.516000 0.992919
-0.512000 0.992919
-0.508000 0.992919
-0.504000 0.992919
-0.500000 0.992919
-0.496000 0.992919
-0.492000 0.992919
-0.488000 0.992919
-0.484000 0.992919
-0.480000 0.992919
-0.476000 0.992919
-0.472000 0.992919
-0.468000 0.992919
-0.464000 0.992919
-0.460000 0.992919
-0.456000 0.992919
-0.452000 0.992919
-0.448000 0.992919
-0.444000 0.992919
-0.440000 0.992919
-0.436000 0.992919
-0.432000 0.992919
-0.428000 0.992919
-0.424000 0.992919
-0.420000 0.992919
-0.416000 0.992919
-0.412000 0.992919
-0.408000 0.992919
-0.404000 0.992919
-0.400000 0.992919
-0.396000 0.992919
-0.392000 0.992919
-0.388000 0.992919
-0.384000 0.992919
-0.380000 0.992919
-0.376000 0.992919
-0.372000 0.992919
-0.368000 0.992919
-0.364000 0.992919
-0.360000 0.992919
-0.356000 0.992919
-0.352000 0.992919
-0.348000 0.992919
-0.344000 0.992919
-0.340000 0.992919
-0.336000 0.992919
-0.332000 0.992919
-0.328000 0.992919
-0.324000 0.992919
-0.320000 0.992919
-0.316000 0.992919
-0.312000 0.992919
-0.308000 0.992919
-0.304000 0.992919
-0.300000 0.992919
-0.296000 0.992919
-0.292000 0.992919
-0.288000 0.992919
-0.284000 0.992919
-0.280000 0.992919
-0.276000 0.992919
-0.272000 0.992919
-0.268000 0.992919
-0.264000 0.992919
-0.260000 0.992919
-0.256000 0.992919
-0.252000 0.992919
-0.248000 0.992919
-0.244000 0.992919
-0.240000 0.992919
-0.236000 0.992919
-0.232000 0.992919
-0.228000 0.992919
-0.224000 0.992919
-0.220000 0.992919
-0.216000 0.992919
-0.212000 0.992919
-0.208000 0.992919
-0.204000 0.992919
-0.200000 0.992919
-0.196000 0.992919
-0.192000 0.992919
-0.188000 0.992919
-0.184000 0.992919
-0.180000 0.992919
-0.176000 0.992919
-0.172000 0.992919
-0.168000 0.992919
-0.164000 0.992919
-0.160000 0.992919
-0.156000 0.992919
-0.152000 0.992919
-0.148000 0.992919
-0.144000 0.992919
-0.140000 0.992919
-0.136000 0.992919
-0.132000 0.992919
-0.128000 0.992919
-0.124000 0.992919
-0.120000 0.992919
-0.116000 0.992919
-0.112000 0.992919
-0.108000 0.992919
-0.104000 0.992919
-0.100000 0.992919
-0.096000 0.992920
-0.092000 0.992920
-0.088000 0.992920
-0.084000 0.992920
-0.080000 0.992920
-0.076000 0.992920
-0.072000 0.992920
-0.068000 0.992920
-0.064000 0.992920
-0.060000 0.992920
-0.056000 0.992920
-0.052000 0.992920
-0.048000 0.992920
-0.044000 0.992920
-0.040000 0.992920
-0.036000 0.992921
-0.032000 0.992921
-0.028000 0.992921
-0.024000 0.992921
-0.020000 0.992921
-0.016000 0.992921
-0.012000 0.992921
-0.008000 0.992922
-0.004000 0.992922
0.000000 0.992922
0.004000 0.992922
0.008000 0.992922
0.012000 0.992923
0.016000 0.992923
0.020000 0.992923
0.024000 0.992923
0.028000 0.992924
0.032000 0.992924
0.036000 0.992924
0.040000 0.992925
0.044000 0.992925
0.048000 0.992925
0.052000 0.992926
0.056000 0.992926
0.060000 0.992927
0.064000 0.992927
0.068000 0.992928
0.072000 0.992928
0.076000 0.992929
0.080000 0.992929
0.084000 0.992930
0.088000 0.992931
0.092000 0.992931
0.096000 0.992932
0.100000 0.992933
0.104000 0.992934
0.108000 0.992934
0.112000 0.992935
0.116000 0.992936
0.120000 0.992937
0.124000 0.992938
0.128000 0.992940
0.132000 0.992941
0.136000 0.992942
0.140000 0.992943
0.144000 0.992945
0.148000 0.992946
0.152000 0.992947
0.156000 0.992949
0.160000 0.992951
0.164000 0.992952
0.168000 0.992954
0.172000 0.992956
0.176000 0.992958
0.180000 0.992960
0.184000 0.992962
0.188000 0.992964
0.192000 0.992967
0.196000 0.992969
0.200000 0.992972
0.204000 0.992975
0.208000 0.992977
0.212000 0.992980
0.216000 0.992983
0.220000 0.992986
0.224000 0.992990
0.228000 0.992993
0.232000 0.992997
0.236000 0.993000
0.240000 0.993004
0.244000 0.993008
0.248000 0.993013
0.252000 0.993017
0.256000 0.993021
0.260000 0.993026
0.264000 0.993031
0.268000 0.993036
0.272000 0.993041
0.276000 0.993047
0.280000 0.993052
0.284000 0.993058
0.288000 0.993064
0.292000 0.993071
0.296000 0.993077
0.300000 0.993084
0.304000 0.993091
0.308000 0.993098
0.312000 0.993106
0.316000 0.993113
0.320000 0.993121
0.324000 0.993130
0.328000 0.993138
0.332000 0.993147
0.336000 0.993156
0.340000 0.993165
0.344000 0.993175
0.348000 0.993185
0.352000 0.993195
0.356000 0.993206
0.360000 0.993217
0.364000 0.993228
0.368000 0.993239
0.372000 0.993251
0.376000 0.993264
0.380000 0.993276
0.384000 0.993289
0.388000 0.993302
0.392000 0.993316
0.396000 0.993330
0.400000 0.993345
0.404000 0.993359
0.408000 0.993375
0.412000 0.993390
0.416000 0.993406
0.420000 0.993423
0.424000 0.993439
0.428000 0.993456
0.432000 0.993474
0.436000 0.993492
0.440000 0.993511
0.444000 0.993529
0.448000 0.993549
0.452000 0.993569
0.456000 0.993589
0.460000 0.993609
0.464000 0.993631
0.468000 0.993652
0.472000 0.993674
0.476000 0.993697
0.480000 0.993719
0.484000 0.993743
0.488000 0.993767
0.492000 0.993791
0.496000 0.993816
0.500000 0.993841
0.504000 0.993867
0.508000 0.993893
0.512000 0.993919
0.516000 0.993947
0.520000 0.993974
0.524000 0.994002
0.528000 0.994031
0.532000 0.994060
0.536000 0.994089
0.540000 0.994119
0.544000 0.994149
0.548000 0.994180
0.552000 0.994212
0.556000 0.994243
0.560000 0.994276
0.564000 0.994308
0.568000 0.994341
0.572000 0.994375
0.576000 0.994409
0.580000 0.994443
0.584000 0.994478
0.588000 0.994514
0.592000 0.994549
0.596000 0.994586
0.600000 0.994622
0.604000 0.994659
0.608000 0.994697
0.612000 0.994734
0.616000 0.994772
0.620000 0.994811
0.624000 0.994850
0.628000 0.994889
0.632000 0.994929
0.636000 0.994969
0.640000 0.995009
0.644000 0.995050
0.648000 0.995091
0.652000 0.995132
0.656000 0.995174
0.660000 0.995216
0.664000 0.995258
0.668000 0.995300
0.672000 0.995343
0.676000 0.995386
0.680000 0.995429
0.684000 0.995473
0.688000 0.995516
0.692000 0.995560
0.696000 0.995605
0.700000 0.995649
0.704000 0.995693
0.708000 0.995738
0.712000 0.995783
0.716000 0.995828
0.720000 0.995873
0.724000 0.995918
0.728000 0.995964
0.732000 0.996009
0.736000 0.996055
0.740000 0.996100
0.744000 0.996146
0.748000 0.996192
0.752000 0.996237
0.756000 0.996283
0.760000 0.996329
0.764000 0.996375
0.768000 0.996421
0.772000 0.996467
0.776000 0.996512
0.780000 0.996558
0.784000 0.996604
0.788000 0.996650
0.792000 0.996695
0.796000 0.996741
0.800000 0.996786
0.804000 0.996831
0.808000 0.996876
0.812000 0.996921
0.816000 0.996966
0.820000 0.997011
0.824000 0.997055
0.828000 0.997100
0.832000 0.997144
0.836000 0.997188
0.840000 0.997231
0.844000 0.997275
0.848000 0.997318
0.852000 0.997361
0.856000 0.997404
0.860000 0.997447
0.864000 0.997489
0.868000 0.997531
0.872000 0.997573
0.876000 0.997614
0.880000 0.997655
0.884000 0.997696
0.888000 0.997736
0.892000 0.997777
0.896000 0.997816
0.900000 0.997856
0.904000 0.997895
0.908000 0.997934
0.912000 0.997972
0.916000 0.998011
0.920000 0.998048
0.924000 0.998086
0.928000 0.998123
0.932000 0.998159
0.936000 0.998196
0.940000 0.998232
0.944000 0.998267
0.948000 0.998303
0.952000 0.998338
0.956000 0.998373
0.960000 0.998408
0.964000 0.998443
0.968000 0.998479
0.972000 0.998515
0.976000 0.998552
0.980000 0.998592
0.984000 0.998634
0.988000 0.998680
0.992000 0.998732
0.996000 0.998792
1.000000 0.998866
