-1.000000 0.997928
-0.996000 0.997928
-0.992000 0.997928
-0.988000 0.997928
-0.984000 0.997928
-0.980000 0.997928
-0.976000 0.997928
-0.972000 0.997928
-0.968000 0.997928
-0.964000 0.997928
-0.960000 0.997928
-0.956000 0.997928
-0.952000 0.997928
-0.948000 0.997928
-0.944000 0.997928
-0.940000 0.997928
-0.936000 0.997928
-0.932000 0.997928
-0.928000 0.997928
-0.924000 0.997928
-0.920000 0.997927
-0.916000 0.997927
-0.912000 0.997927
-0.908000 0.997927
-0.904000 0.997927
-0.900000 0.997927
-0.896000 0.997926
-0.892000 0.997926
-0.888000 0.997926
-0.884000 0.997925
-0.880000 0.997925
-0.876000 0.997924
-0.872000 0.997924
-0.868000 0.997923
-0.864000 0.997923
-0.860000 0.997922
-0.856000 0.997921
-0.852000 0.997920
-0.848000 0.997918
-0.844000 0.997917
-0.840000 0.997916
-0.836000 0.997914
-0.832000 0.997912
-0.828000 0.997910
-0.824000 0.997907
-0.820000 0.997905
-0.816000 0.997902
-0.812000 0.997899
-0.808000 0.997895
-0.804000 0.997891
-0.800000 0.997887
-0.796000 0.997882
-0.792000 0.997876
-0.788000 0.997871
-0.784000 0.997864
-0.780000 0.997857
-0.776000 0.997850
-0.772000 0.997842
-0.768000 0.997833
-0.764000 0.997823
-0.760000 0.997813
-0.756000 0.997801
-0.752000 0.997789
-0.748000 0.997776
-0.744000 0.997762
-0.740000 0.997747
-0.736000 0.997731
-0.732000 0.997713
-0.728000 0.997695
-0.724000 0.997675
-0.720000 0.997654
-0.716000 0.997632
-0.712000 0.997608
-0.708000 0.997583
-0.704000 0.997556
-0.700000 0.997528
-0.696000 0.997498
-0.692000 0.997467
-0.688000 0.997434
-0.684000 0.997399
-0.680000 0.997362
-0.676000 0.997324
-0.672000 0.997284
-0.668000 0.997243
-0.664000 0.997199
-0.660000 0.997153
-0.656000 0.997106
-0.652000 0.997057
-0.648000 0.997006
-0.644000 0.996953
-0.640000 0.996898
-0.636000 0.996842
-0.632000 0.996783
-0.628000 0.996723
-0.624000 0.996660
-0.620000 0.996596
-0.616000 0.996531
-0.612000 0.996463
-0.608000 0.996394
-0.604000 0.996323
-0.600000 0.996251
-0.596000 0.996177
-0.592000 0.996102
-0.588000 0.996025
-0.584000 0.995947
-0.580000 0.995868
-0.576000 0.995787
-0.572000 0.995705
-0.568000 0.995622
-0.564000 0.995539
-0.560000 0.995454
-0.556000 0.995369
-0.552000 0.995282
-0.548000 0.995196
-0.544000 0.995108
-0.540000 0.995021
-0.536000 0.994933
-0.532000 0.994844
-0.528000 0.994756
-0.524000 0.994667
-0.520000 0.994579
-0.516000 0.994490
-0.512000 0.994402
-0.508000 0.994314
-0.504000 0.994227
-0.500000 0.994140
-0.496000 0.994053
-0.492000 0.993967
-0.488000 0.993882
-0.484000 0.993798
-0.480000 0.993715
-0.476000 0.993632
-0.472000 0.993551
-0.468000 0.993470
-0.464000 0.993391
-0.460000 0.993313
-0.456000 0.993236
-0.452000 0.993161
-0.448000 0.993086
-0.444000 0.993014
-0.440000 0.992942
-0.436000 0.992872
-0.432000 0.992804
-0.428000 0.992737
-0.424000 0.992671
-0.420000 0.992608
-0.416000 0.992545
-0.412000 0.992485
-0.408000 0.992426
-0.404000 0.992368
-0.400000 0.992312
-0.396000 0.992258
-0.392000 0.992205
-0.388000 0.992154
-0.384000 0.992105
-0.380000 0.992057
-0.376000 0.992011
-0.372000 0.991966
-0.368000 0.991923
-0.364000 0.991881
-0.360000 0.991841
-0.356000 0.991802
-0.352000 0.991765
-0.348000 0.991729
-0.344000 0.991694
-0.340000 0.991661
-0.336000 0.991629
-0.332000 0.991599
-0.328000 0.991569
-0.324000 0.991541
-0.320000 0.991515
-0.316000 0.991489
-0.312000 0.991464
-0.308000 0.991441
-0.304000 0.991419
-0.300000 0.991397
-0.296000 0.991377
-0.292000 0.991358
-0.288000 0.991339
-0.284000 0.991322
-0.280000 0.991305
-0.276000 0.991289
-0.272000 0.991274
-0.268000 0.991260
-0.264000 0.991247
-0.260000 0.991234
-0.256000 0.991222
-0.252000 0.991210
-0.248000 0.991199
-0.244000 0.991189
-0.240000 0.991179
-0.236000 0.991170
-0.232000 0.991162
-0.228000 0.991154
-0.224000 0.991146
-0.220000 0.991139
-0.216000 0.991132
-0.212000 0.991126
-0.208000 0.991120
-0.204000 0.991114
-0.200000 0.991109
-0.196000 0.991104
-0.192000 0.991099
-0.188000 0.991095
-0.184000 0.991091
-0.180000 0.991087
-0.176000 0.991083
-0.172000 0.991080
-0.168000 0.991077
-0.164000 0.991074
-0.160000 0.991071
-0.156000 0.991069
-0.152000 0.991067
-0.148000 0.991064
-0.144000 0.991062
-0.140000 0.991060
-0.136000 0.991059
-0.132000 0.991057
-0.128000 0.991055
-0.124000 0.991054
-0.120000 0.991053
-0.116000 0.991052
-0.112000 0.991050
-0.108000 0.991049
-0.104000 0.991048
-0.100000 0.991047
-0.096000 0.991047
-0.092000 0.991046
-0.088000 0.991045
-0.084000 0.991044
-0.080000 0.991044
-0.076000 0.991043
-0.072000 0.991043
-0.068000 0.991042
-0.064000 0.991042
-0.060000 0.991041
-0.056000 0.991041
-0.052000 0.991041
-0.048000 0.991040
-0.044000 0.991040
-0.040000 0.991040
-0.036000 0.991040
-0.032000 0.991039
-0.028000 0.991039
-0.024000 0.991039
-0.020000 0.991039
-0.016000 0.991039
-0.012000 0.991039
-0.008000 0.991038
-0.004000 0.991038
0.000000 0.991038
0.004000 0.991038
0.008000 0.991038
0.012000 0.991038
0.016000 0.991038
0.020000 0.991038
0.024000 0.991038
0.028000 0.991038
0.032000 0.991038
0.036000 0.991037
0.040000 0.991037
0.044000 0.991037
0.048000 0.991037
0.052000 0.991037
0.056000 0.991037
0.060000 0.991037
0.064000 0.991037
0.068000 0.991037
0.072000 0.991037
0.076000 0.991037
0.080000 0.991037
0.084000 0.991037
0.088000 0.991037
0.092000 0.991037
0.096000 0.991037
0.100000 0.991037
0.104000 0.991037
0.108000 0.991037
0.112000 0.991037
0.116000 0.991037
0.120000 0.991037
0.124000 0.991037
0.128000 0.991037
0.132000 0.991037
0.136000 0.991037
0.140000 0.991037
0.144000 0.991037
0.148000 0.991037
0.152000 0.991037
0.156000 0.991037
0.160000 0.991037
0.164000 0.991037
0.168000 0.991037
0.172000 0.991037
0.176000 0.991037
0.180000 0.991037
0.184000 0.991037
0.188000 0.991037
0.192000 0.991037
0.196000 0.991037
0.200000 0.991037
0.204000 0.991037
0.208000 0.991037
0.212000 0.991037
0.216000 0.991037
0.220000 0.991037
0.224000 0.991037
0.228000 0.991037
0.232000 0.991037
0.236000 0.991037
0.240000 0.991037
0.244000 0.991037
0.248000 0.991037
0.252000 0.991037
0.256000 0.991037
0.260000 0.991037
0.264000 0.991037
0.268000 0.991037
0.272000 0.991037
0.276000 0.991037
0.280000 0.991037
0.284000 0.991037
0.288000 0.991037
0.292000 0.991037
0.296000 0.991037
0.300000 0.991037
0.304000 0.991037
0.308000 0.991037
0.312000 0.991037
0.316000 0.991037
0.320000 0.991037
0.324000 0.991037
0.328000 0.991037
0.332000 0.991037
0.336000 0.991037
0.340000 0.991037
0.344000 0.991037
0.348000 0.991037
0.352000 0.991037
0.356000 0.991037
0.360000 0.991037
0.364000 0.991037
0.368000 0.991037
0.372000 0.991037
0.376000 0.991037
0.380000 0.991037
0.384000 0.991037
0.388000 0.991037
0.392000 0.991037
0.396000 0.991037
0.400000 0.991037
0.404000 0.991037
0.408000 0.991037
0.412000 0.991037
0.416000 0.991037
0.420000 0.991037
0.424000 0.991037
0.428000 0.991037
0.432000 0.991037
0.436000 0.991037
0.440000 0.991037
0.444000 0.991037
0.448000 0.991037
0.452000 0.991037
0.456000 0.991037
0.460000 0.991037
0.464000 0.991037
0.468000 0.991037
0.472000 0.991037
0.476000 0.991037
0.480000 0.991037
0.484000 0.991037
0.488000 0.991037
0.492000 0.991037
0.496000 0.991037
0.500000 0.991037
0.504000 0.991037
0.508000 0.991037
0.512000 0.991037
0.516000 0.991037
0.520000 0.991037
0.524000 0.991037
0.528000 0.991037
0.532000 0.991037
0.536000 0.991037
0.540000 0.991037
0.544000 0.991037
0.548000 0.991037
0.552000 0.991037
0.556000 0.991037
0.560000 0.991037
0.564000 0.991037
0.568000 0.991037
0.572000 0.991037
0.576000 0.991037
0.580000 0.991037
0.584000 0.991037
0.588000 0.991037
0.592000 0.991037
0.596000 0.991037
0.600000 0.991037
0.604000 0.991037
0.608000 0.991037
0.612000 0.991037
0.616000 0.991037
0.620000 0.991037
0.624000 0.991037
0.628000 0.991037
0.632000 0.991037
0.636000 0.991037
0.640000 0.991037
0.644000 0.991037
0.648000 0.991037
0.652000 0.991037
0.656000 0.991037
0.660000 0.991037
0.664000 0.991037
0.668000 0.991037
0.672000 0.991037
0.676000 0.991037
0.680000 0.991037
0.684000 0.991037
0.688000 0.991037
0.692000 0.991037
0.696000 0.991037
0.700000 0.991037
0.704000 0.991037
0.708000 0.991037
0.712000 0.991037
0.716000 0.991037
0.720000 0.991037
0.724000 0.991037
0.728000 0.991037
0.732000 0.991037
0.736000 0.991037
0.740000 0.991037
0.744000 0.991037
0.748000 0.991037
0.752000 0.991037
0.756000 0.991037
0.760000 0.991037
0.764000 0.991037
0.768000 0.991037
0.772000 0.991037
0.776000 0.991037
0.780000 0.991037
0.784000 0.991037
0.788000 0.991037
0.792000 0.991037
0.796000 0.991037
0.800000 0.991037
0.804000 0.991037
0.808000 0.991037
0.812000 0.991037
0.816000 0.991037
0.820000 0.991037
0.824000 0.991037
0.828000 0.991037
0.832000 0.991037
0.836000 0.991037
0.840000 0.991037
0.844000 0.991037
0.848000 0.991037
0.852000 0.991037
0.856000 0.991037
0.860000 0.991037
0.864000 0.991037
0.868000 0.991037
0.872000 0.991037
0.876000 0.991037
0.880000 0.991037
0.884000 0.991037
0.888000 0.991037
0.892000 0.991037
0.896000 0.991037
0.900000 0.991037
0.904000 0.991037
0.908000 0.991037
0.912000 0.991037
0.916000 0.991037
0.920000 0.991037
0.924000 0.991037
0.928000 0.991037
0.932000 0.991037
0.936000 0.991037
0.940000 0.991037
0.944000 0.991037
0.948000 0.991037
0.952000 0.991037
0.956000 0.991037
0.960000 0.991037
0.964000 0.991037
0.968000 0.991037
0.972000 0.991037
0.976000 0.991037
0.980000 0.991037
0.984000 0.991037
0.988000 0.991037
0.992000 0.991037
0.996000 0.991037
1.000000 0.991037
