-1.000000 0.997928
-0.996000 0.997928
-0.992000 0.997928
-0.988000 0.997928
-0.984000 0.997928
-0.980000 0.997928
-0.976000 0.997928
-0.972000 0.997928
-0.968000 0.997928
-0.964000 0.997928
-0.960000 0.997928
-0.956000 0.997928
-0.952000 0.997928
-0.948000 0.997928
-0.944000 0.997928
-0.940000 0.997928
-0.936000 0.997928
-0.932000 0.997928
-0.928000 0.997928
-0.924000 0.997928
-0.920000 0.997928
-0.916000 0.997928
-0.912000 0.997928
-0.908000 0.997928
-0.904000 0.997928
-0.900000 0.997928
-0.896000 0.997928
-0.892000 0.997928
-0.888000 0.997928
-0.884000 0.997928
-0.880000 0.997928
-0.876000 0.997928
-0.872000 0.997928
-0.868000 0.997928
-0.864000 0.997928
-0.860000 0.997928
-0.856000 0.997928
-0.852000 0.997928
-0.848000 0.997928
-0.844000 0.997928
-0.840000 0.997928
-0.836000 0.997928
-0.832000 0.997928
-0.828000 0.997928
-0.824000 0.997928
-0.820000 0.997928
-0.816000 0.997928
-0.812000 0.997928
-0.808000 0.997928
-0.804000 0.997928
-0.800000 0.997928
-0.796000 0.997928
-0.792000 0.997928
-0.788000 0.997928
-0.784000 0.997928
-0.780000 0.997928
-0.776000 0.997928
-0.772000 0.997928
-0.768000 0.997928
-0.764000 0.997928
-0.760000 0.997928
-0.756000 0.997928
-0.752000 0.997928
-0.748000 0.997928
-0.744000 0.997928
-0.740000 0.997928
-0.736000 0.997928
-0.732000 0.997928
-0.728000 0.997928
-0.724000 0.997928
-0.720000 0.997928
-0.716000 0.997928
-0.712000 0.997928
-0.708000 0.997928
-0.704000 0.997928
-0.700000 0.997928
-0.696000 0.997928
-0.692000 0.997928
-0.688000 0.997928
-0.684000 0.997928
-0.680000 0.997928
-0.676000 0.997928
-0.672000 0.997928
-0.668000 0.997928
-0.664000 0.997928
-0.660000 0.997928
-0.656000 0.997928
-0.652000 0.997928
-0.648000 0.997928
-0.644000 0.997928
-0.640000 0.997928
-0.636000 0.997928
-0.632000 0.997928
-0.628000 0.997928
-0.624000 0.997928
-0.620000 0.997928
-0.616000 0.997928
-0.612000 0.997928
-0.608000 0.997928
-0.604000 0.997928
-0.600000 0.997928
-0.596000 0.997928
-0.592000 0.997928
-0.588000 0.997928
-0.584000 0.997928
-0.580000 0.997928
-0.576000 0.997928
-0.572000 0.997928
-0.568000 0.997928
-0.564000 0.997928
-0.560000 0.997928
-0.556000 0.997928
-0.552000 0.997928
-0.548000 0.997928
-0.544000 0.997928
-0.540000 0.997928
-0.536000 0.997928
-0.532000 0.997928
-0.528000 0.997928
-0.524000 0.997928
-0.520000 0.997928
-0.516000 0.997928
-0.512000 0.997928
-0.508000 0.997928
-0.504000 0.997928
-0.500000 0.997928
-0.496000 0.997928
-0.492000 0.997928
-0.488000 0.997928
-0.484000 0.997928
-0.480000 0.997928
-0.476000 0.997928
-0.472000 0.997928
-0.468000 0.997928
-0.464000 0.997928
-0.460000 0.997928
-0.456000 0.997928
-0.452000 0.997928
-0.448000 0.997928
-0.444000 0.997928
-0.440000 0.997928
-0.436000 0.997928
-0.432000 0.997928
-0.428000 0.997928
-0.424000 0.997928
-0.420000 0.997928
-0.416000 0.997928
-0.412000 0.997928
-0.408000 0.997928
-0.404000 0.997928
-0.400000 0.997928
-0.396000 0.997928
-0.392000 0.997928
-0.388000 0.997928
-0.384000 0.997928
-0.380000 0.997928
-0.376000 0.997928
-0.372000 0.997928
-0.368000 0.997928
-0.364000 0.997928
-0.360000 0.997928
-0.356000 0.997928
-0.352000 0.997928
-0.348000 0.997928
-0.344000 0.997928
-0.340000 0.997928
-0.336000 0.997928
-0.332000 0.997928
-0.328000 0.997928
-0.324000 0.997928
-0.320000 0.997928
-0.316000 0.997928
-0.312000 0.997928
-0.308000 0.997928
-0.304000 0.997928
-0.300000 0.997928
-0.296000 0.997928
-0.292000 0.997928
-0.288000 0.997928
-0.284000 0.997928
-0.280000 0.997928
-0.276000 0.997928
-0.272000 0.997928
-0.268000 0.997928
-0.264000 0.997928
-0.260000 0.997928
-0.256000 0.997928
-0.252000 0.997928
-0.248000 0.997928
-0.244000 0.997928
-0.240000 0.997928
-0.236000 0.997928
-0.232000 0.997928
-0.228000 0.997928
-0.224000 0.997928
-0.220000 0.997928
-0.216000 0.997928
-0.212000 0.997928
-0.208000 0.997928
-0.204000 0.997928
-0.200000 0.997928
-0.196000 0.997928
-0.192000 0.997928
-0.188000 0.997928
-0.184000 0.997928
-0.180000 0.997928
-0.176000 0.997928
-0.172000 0.997928
-0.168000 0.997928
-0.164000 0.997928
-0.160000 0.997928
-0.156000 0.997928
-0.152000 0.997928
-0.148000 0.997928
-0.144000 0.997928
-0.140000 0.997928
-0.136000 0.997928
-0.132000 0.997928
-0.128000 0.997928
-0.124000 0.997928
-0.120000 0.997928
-0.116000 0.997928
-0.112000 0.997928
-0.108000 0.997928
-0.104000 0.997928
-0.100000 0.997928
-0.096000 0.997928
-0.092000 0.997928
-0.088000 0.997928
-0.084000 0.997928
-0.080000 0.997928
-0.076000 0.997928
-0.072000 0.997928
-0.068000 0.997928
-0.064000 0.997928
-0.060000 0.997928
-0.056000 0.997928
-0.052000 0.997928
-0.048000 0.997928
-0.044000 0.997928
-0.040000 0.997928
-0.036000 0.997928
-0.032000 0.997928
-0.028000 0.997928
-0.024000 0.997928
-0.020000 0.997928
-0.016000 0.997928
-0.012000 0.997928
-0.008000 0.997928
-0.004000 0.997928
0.000000 0.997928
0.004000 0.997928
0.008000 0.997928
0.012000 0.997928
0.016000 0.997928
0.020000 0.997928
0.024000 0.997928
0.028000 0.997928
0.032000 0.997928
0.036000 0.997928
0.040000 0.997928
0.044000 0.997928
0.048000 0.997928
0.052000 0.997928
0.056000 0.997928
0.060000 0.997928
0.064000 0.997928
0.068000 0.997928
0.072000 0.997928
0.076000 0.997928
0.080000 0.997928
0.084000 0.997928
0.088000 0.997928
0.092000 0.997928
0.096000 0.997928
0.100000 0.997928
0.104000 0.997928
0.108000 0.997928
0.112000 0.997928
0.116000 0.997928
0.120000 0.997928
0.124000 0.997928
0.128000 0.997928
0.132000 0.997928
0.136000 0.997928
0.140000 0.997928
0.144000 0.997928
0.148000 0.997928
0.152000 0.997928
0.156000 0.997928
0.160000 0.997928
0.164000 0.997928
0.168000 0.997928
0.172000 0.997928
0.176000 0.997928
0.180000 0.997928
0.184000 0.997928
0.188000 0.997928
0.192000 0.997928
0.196000 0.997928
0.200000 0.997928
0.204000 0.997928
0.208000 0.997928
0.212000 0.997928
0.216000 0.997928
0.220000 0.997928
0.224000 0.997928
0.228000 0.997928
0.232000 0.997928
0.236000 0.997928
0.240000 0.997928
0.244000 0.997928
0.248000 0.997928
0.252000 0.997928
0.256000 0.997928
0.260000 0.997928
0.264000 0.997928
0.268000 0.997928
0.272000 0.997928
0.276000 0.997928
0.280000 0.997928
0.284000 0.997928
0.288000 0.997928
0.292000 0.997928
0.296000 0.997928
0.300000 0.997928
0.304000 0.997928
0.308000 0.997928
0.312000 0.997928
0.316000 0.997928
0.320000 0.997928
0.324000 0.997928
0.328000 0.997928
0.332000 0.997928
0.336000 0.997928
0.340000 0.997928
0.344000 0.997928
0.348000 0.997928
0.352000 0.997928
0.356000 0.997928
0.360000 0.997928
0.364000 0.997928
0.368000 0.997928
0.372000 0.997927
0.376000 0.997927
0.380000 0.997927
0.384000 0.997927
0.388000 0.997927
0.392000 0.997927
0.396000 0.997927
0.400000 0.997927
0.404000 0.997927
0.408000 0.997927
0.412000 0.997927
0.416000 0.997927
0.420000 0.997927
0.424000 0.997927
0.428000 0.997927
0.432000 0.997927
0.436000 0.997927
0.440000 0.997926
0.444000 0.997926
0.448000 0.997926
0.452000 0.997926
0.456000 0.997926
0.460000 0.997926
0.464000 0.997926
0.468000 0.997926
0.472000 0.997926
0.476000 0.997925
0.480000 0.997925
0.484000 0.997925
0.488000 0.997925
0.492000 0.997925
0.496000 0.997925
0.500000 0.997924
0.504000 0.997924
0.508000 0.997924
0.512000 0.997924
0.516000 0.997924
0.520000 0.997923
0.524000 0.997923
0.528000 0.997923
0.532000 0.997922
0.536000 0.997922
0.540000 0.997922
0.544000 0.997921
0.548000 0.997921
0.552000 0.997921
0.556000 0.997920
0.560000 0.997920
0.564000 0.997920
0.568000 0.997919
0.572000 0.997919
0.576000 0.997918
0.580000 0.997918
0.584000 0.997917
0.588000 0.997916
0.592000 0.997916
0.596000 0.997915
0.600000 0.997915
0.604000 0.997914
0.608000 0.997913
0.612000 0.997913
0.616000 0.997912
0.620000 0.997911
0.624000 0.997910
0.628000 0.997909
0.632000 0.997908
0.636000 0.997907
0.640000 0.997906
0.644000 0.997905
0.648000 0.997904
0.652000 0.997903
0.656000 0.997902
0.660000 0.997901
0.664000 0.997899
0.668000 0.997898
0.672000 0.997897
0.676000 0.997895
0.680000 0.997894
0.684000 0.997892
0.688000 0.997891
0.692000 0.997889
0.696000 0.997887
0.700000 0.997885
0.704000 0.997884
0.708000 0.997882
0.712000 0.997880
0.716000 0.997877
0.720000 0.997875
0.724000 0.997873
0.728000 0.997871
0.732000 0.997868
0.736000 0.997866
0.740000 0.997863
0.744000 0.997860
0.748000 0.997857
0.752000 0.997855
0.756000 0.997852
0.760000 0.997848
0.764000 0.997845
0.768000 0.997842
0.772000 0.997838
0.776000 0.997835
0.780000 0.997831
0.784000 0.997827
0.788000 0.997823
0.792000 0.997819
0.796000 0.997815
0.800000 0.997811
0.804000 0.997806
0.808000 0.997802
0.812000 0.997797
0.816000 0.997792
0.820000 0.997787
0.824000 0.997782
0.828000 0.997776
0.832000 0.997771
0.836000 0.997765
0.840000 0.997759
0.844000 0.997753
0.848000 0.997746
0.852000 0.997740
0.856000 0.997733
0.860000 0.997727
0.864000 0.997720
0.868000 0.997712
0.872000 0.997705
0.876000 0.997697
0.880000 0.997689
0.884000 0.997681
0.888000 0.997673
0.892000 0.997664
0.896000 0.997656
0.900000 0.997647
0.904000 0.997638
0.908000 0.997628
0.912000 0.997618
0.916000 0.997608
0.920000 0.997598
0.924000 0.997588
0.928000 0.997577
0.932000 0.997566
0.936000 0.997555
0.940000 0.997543
0.944000 0.997531
0.948000 0.997518
0.952000 0.997506
0.956000 0.997492
0.960000 0.997478
0.964000 0.997464
0.968000 0.997448
0.972000 0.997432
0.976000 0.997414
0.980000 0.997395
0.984000 0.997374
0.988000 0.997349
0.992000 0.997321
0.996000 0.997288
1.000000 0.997248
