-1.000000 0.991037
-0.996000 0.991037
-0.992000 0.991037
-0.988000 0.991037
-0.984000 0.991037
-0.980000 0.991037
-0.976000 0.991037
-0.972000 0.991037
-0.968000 0.991037
-0.964000 0.991037
-0.960000 0.991037
-0.956000 0.991037
-0.952000 0.991037
-0.948000 0.991037
-0.944000 0.991037
-0.940000 0.991037
-0.936000 0.991037
-0.932000 0.991037
-0.928000 0.991037
-0.924000 0.991037
-0.920000 0.991037
-0.916000 0.991037
-0.912000 0.991037
-0.908000 0.991037
-0.904000 0.991037
-0.900000 0.991037
-0.896000 0.991037
-0.892000 0.991037
-0.888000 0.991037
-0.884000 0.991037
-0.880000 0.991037
-0.876000 0.991037
-0.872000 0.991037
-0.868000 0.991037
-0.864000 0.991037
-0.860000 0.991037
-0.856000 0.991037
-0.852000 0.991037
-0.848000 0.991037
-0.844000 0.991037
-0.840000 0.991037
-0.836000 0.991037
-0.832000 0.991037
-0.828000 0.991037
-0.824000 0.991037
-0.820000 0.991037
-0.816000 0.991037
-0.812000 0.991037
-0.808000 0.991037
-0.804000 0.991037
-0.800000 0.991037
-0.796000 0.991037
-0.792000 0.991037
-0.788000 0.991037
-0.784000 0.991037
-0.780000 0.991037
-0.776000 0.991037
-0.772000 0.991037
-0.768000 0.991037
-0.764000 0.991037
-0.760000 0.991037
-0.756000 0.991037
-0.752000 0.991037
-0.748000 0.991037
-0.744000 0.991037
-0.740000 0.991037
-0.736000 0.991037
-0.732000 0.991037
-0.728000 0.991037
-0.724000 0.991037
-0.720000 0.991037
-0.716000 0.991037
-0.712000 0.991037
-0.708000 0.991037
-0.704000 0.991037
-0.700000 0.991037
-0.696000 0.991037
-0.692000 0.991037
-0.688000 0.991037
-0.684000 0.991037
-0.680000 0.991037
-0.676000 0.991037
-0.672000 0.991037
-0.668000 0.991037
-0.664000 0.991038
-0.660000 0.991038
-0.656000 0.991038
-0.652000 0.991038
-0.648000 0.991038
-0.644000 0.991038
-0.640000 0.991038
-0.636000 0.991038
-0.632000 0.991038
-0.628000 0.991038
-0.624000 0.991039
-0.620000 0.991039
-0.616000 0.991039
-0.612000 0.991039
-0.608000 0.991039
-0.604000 0.991039
-0.600000 0.991040
-0.596000 0.991040
-0.592000 0.991040
-0.588000 0.991041
-0.584000 0.991041
-0.580000 0.991041
-0.576000 0.991042
-0.572000 0.991042
-0.568000 0.991043
-0.564000 0.991043
-0.560000 0.991044
-0.556000 0.991044
-0.552000 0.991045
-0.548000 0.991046
-0.544000 0.991046
-0.540000 0.991047
-0.536000 0.991048
-0.532000 0.991049
-0.528000 0.991050
-0.524000 0.991051
-0.520000 0.991052
-0.516000 0.991054
-0.512000 0.991055
-0.508000 0.991056
-0.504000 0.991058
-0.500000 0.991059
-0.496000 0.991061
-0.492000 0.991063
-0.488000 0.991065
-0.484000 0.991067
-0.480000 0.991069
-0.476000 0.991072
-0.472000 0.991074
-0.468000 0.991077
-0.464000 0.991080
-0.460000 0.991083
-0.456000 0.991086
-0.452000 0.991089
-0.448000 0.991093
-0.444000 0.991097
-0.440000 0.991101
-0.436000 0.991105
-0.432000 0.991109
-0.428000 0.991114
-0.424000 0.991119
-0.420000 0.991124
-0.416000 0.991129
-0.412000 0.991135
-0.408000 0.991141
-0.404000 0.991147
-0.400000 0.991154
-0.396000 0.991161
-0.392000 0.991168
-0.388000 0.991176
-0.384000 0.991184
-0.380000 0.991192
-0.376000 0.991200
-0.372000 0.991209
-0.368000 0.991219
-0.364000 0.991228
-0.360000 0.991239
-0.356000 0.991249
-0.352000 0.991260
-0.348000 0.991271
-0.344000 0.991283
-0.340000 0.991295
-0.336000 0.991308
-0.332000 0.991321
-0.328000 0.991335
-0.324000 0.991349
-0.320000 0.991363
-0.316000 0.991378
-0.312000 0.991394
-0.308000 0.991410
-0.304000 0.991427
-0.300000 0.991444
-0.296000 0.991461
-0.292000 0.991479
-0.288000 0.991498
-0.284000 0.991517
-0.280000 0.991536
-0.276000 0.991556
-0.272000 0.991577
-0.268000 0.991598
-0.264000 0.991620
-0.260000 0.991642
-0.256000 0.991665
-0.252000 0.991688
-0.248000 0.991712
-0.244000 0.991736
-0.240000 0.991761
-0.236000 0.991786
-0.232000 0.991812
-0.228000 0.991838
-0.224000 0.991864
-0.220000 0.991892
-0.216000 0.991919
-0.212000 0.991947
-0.208000 0.991976
-0.204000 0.992005
-0.200000 0.992034
-0.196000 0.992064
-0.192000 0.992094
-0.188000 0.992125
-0.184000 0.992156
-0.180000 0.992187
-0.176000 0.992219
-0.172000 0.992251
-0.168000 0.992283
-0.164000 0.992316
-0.160000 0.992349
-0.156000 0.992382
-0.152000 0.992416
-0.148000 0.992450
-0.144000 0.992484
-0.140000 0.992518
-0.136000 0.992552
-0.132000 0.992587
-0.128000 0.992621
-0.124000 0.992656
-0.120000 0.992691
-0.116000 0.992726
-0.112000 0.992761
-0.108000 0.992797
-0.104000 0.992832
-0.100000 0.992867
-0.096000 0.992902
-0.092000 0.992938
-0.088000 0.992973
-0.084000 0.993008
-0.080000 0.993043
-0.076000 0.993078
-0.072000 0.993113
-0.068000 0.993148
-0.064000 0.993183
-0.060000 0.993217
-0.056000 0.993252
-0.052000 0.993286
-0.048000 0.993320
-0.044000 0.993354
-0.040000 0.993387
-0.036000 0.993420
-0.032000 0.993453
-0.028000 0.993486
-0.024000 0.993518
-0.020000 0.993551
-0.016000 0.993582
-0.012000 0.993614
-0.008000 0.993645
-0.004000 0.993676
0.000000 0.993706
0.004000 0.993736
0.008000 0.993766
0.012000 0.993795
0.016000 0.993824
0.020000 0.993852
0.024000 0.993880
0.028000 0.993908
0.032000 0.993935
0.036000 0.993962
0.040000 0.993988
0.044000 0.994014
0.048000 0.994039
0.052000 0.994064
0.056000 0.994089
0.060000 0.994113
0.064000 0.994136
0.068000 0.994159
0.072000 0.994182
0.076000 0.994204
0.080000 0.994226
0.084000 0.994247
0.088000 0.994268
0.092000 0.994288
0.096000 0.994308
0.100000 0.994327
0.104000 0.994346
0.108000 0.994365
0.112000 0.994383
0.116000 0.994400
0.120000 0.994417
0.124000 0.994434
0.128000 0.994450
0.132000 0.994466
0.136000 0.994482
0.140000 0.994496
0.144000 0.994511
0.148000 0.994525
0.152000 0.994539
0.156000 0.994552
0.160000 0.994565
0.164000 0.994578
0.168000 0.994590
0.172000 0.994602
0.176000 0.994613
0.180000 0.994624
0.184000 0.994635
0.188000 0.994645
0.192000 0.994655
0.196000 0.994665
0.200000 0.994674
0.204000 0.994683
0.208000 0.994692
0.212000 0.994701
0.216000 0.994709
0.220000 0.994717
0.224000 0.994724
0.228000 0.994731
0.232000 0.994738
0.236000 0.994745
0.240000 0.994752
0.244000 0.994758
0.248000 0.994764
0.252000 0.994770
0.256000 0.994775
0.260000 0.994781
0.264000 0.994786
0.268000 0.994791
0.272000 0.994796
0.276000 0.994800
0.280000 0.994805
0.284000 0.994809
0.288000 0.994813
0.292000 0.994817
0.296000 0.994820
0.300000 0.994824
0.304000 0.994827
0.308000 0.994830
0.312000 0.994833
0.316000 0.994836
0.320000 0.994839
0.324000 0.994842
0.328000 0.994844
0.332000 0.994847
0.336000 0.994849
0.340000 0.994851
0.344000 0.994854
0.348000 0.994856
0.352000 0.994857
0.356000 0.994859
0.360000 0.994861
0.364000 0.994863
0.368000 0.994864
0.372000 0.994866
0.376000 0.994867
0.380000 0.994869
0.384000 0.994870
0.388000 0.994871
0.392000 0.994872
0.396000 0.994873
0.400000 0.994874
0.404000 0.994875
0.408000 0.994876
0.412000 0.994877
0.416000 0.994878
0.420000 0.994879
0.424000 0.994880
0.428000 0.994880
0.432000 0.994881
0.436000 0.994882
0.440000 0.994882
0.444000 0.994883
0.448000 0.994883
0.452000 0.994884
0.456000 0.994884
0.460000 0.994885
0.464000 0.994885
0.468000 0.994886
0.472000 0.994886
0.476000 0.994886
0.480000 0.994887
0.484000 0.994887
0.488000 0.994887
0.492000 0.994888
0.496000 0.994888
0.500000 0.994888
0.504000 0.994888
0.508000 0.994889
0.512000 0.994889
0.516000 0.994889
0.520000 0.994889
0.524000 0.994889
0.528000 0.994890
0.532000 0.994890
0.536000 0.994890
0.540000 0.994890
0.544000 0.994890
0.548000 0.994890
0.552000 0.994890
0.556000 0.994891
0.560000 0.994891
0.564000 0.994891
0.568000 0.994891
0.572000 0.994891
0.576000 0.994891
0.580000 0.994891
0.584000 0.994891
0.588000 0.994891
0.592000 0.994891
0.596000 0.994891
0.600000 0.994891
0.604000 0.994891
0.608000 0.994891
0.612000 0.994891
0.616000 0.994892
0.620000 0.994892
0.624000 0.994892
0.628000 0.994892
0.632000 0.994892
0.636000 0.994892
0.640000 0.994892
0.644000 0.994892
0.648000 0.994892
0.652000 0.994892
0.656000 0.994892
0.660000 0.994892
0.664000 0.994892
0.668000 0.994892
0.672000 0.994892
0.676000 0.994892
0.680000 0.994892
0.684000 0.994892
0.688000 0.994892
0.692000 0.994892
0.696000 0.994892
0.700000 0.994892
0.704000 0.994892
0.708000 0.994892
0.712000 0.994892
0.716000 0.994892
0.720000 0.994892
0.724000 0.994892
0.728000 0.994892
0.732000 0.994892
0.736000 0.994892
0.740000 0.994892
0.744000 0.994892
0.748000 0.994892
0.752000 0.994892
0.756000 0.994892
0.760000 0.994892
0.764000 0.994892
0.768000 0.994892
0.772000 0.994892
0.776000 0.994892
0.780000 0.994892
0.784000 0.994892
0.788000 0.994892
0.792000 0.994892
0.796000 0.994892
0.800000 0.994892
0.804000 0.994892
0.808000 0.994892
0.812000 0.994892
0.816000 0.994892
0.820000 0.994892
0.824000 0.994892
0.828000 0.994892
0.832000 0.994892
0.836000 0.994892
0.840000 0.994892
0.844000 0.994892
0.848000 0.994892
0.852000 0.994892
0.856000 0.994892
0.860000 0.994892
0.864000 0.994892
0.868000 0.994892
0.872000 0.994892
0.876000 0.994892
0.880000 0.994892
0.884000 0.994892
0.888000 0.994892
0.892000 0.994892
0.896000 0.994892
0.900000 0.994892
0.904000 0.994892
0.908000 0.994892
0.912000 0.994892
0.916000 0.994892
0.920000 0.994892
0.924000 0.994892
0.928000 0.994892
0.932000 0.994892
0.936000 0.994892
0.940000 0.994892
0.944000 0.994892
0.948000 0.994892
0.952000 0.994892
0.956000 0.994892
0.960000 0.994892
0.964000 0.994892
0.968000 0.994892
0.972000 0.994892
0.976000 0.994892
0.980000 0.994892
0.984000 0.994892
0.988000 0.994892
0.992000 0.994892
0.996000 0.994892
1.000000 0.994892
