-1.000000 0.997928
-0.996000 0.997928
-0.992000 0.997928
-0.988000 0.997928
-0.984000 0.997928
-0.980000 0.997928
-0.976000 0.997928
-0.972000 0.997928
-0.968000 0.997928
-0.964000 0.997928
-0.960000 0.997928
-0.956000 0.997928
-0.952000 0.997928
-0.948000 0.997928
-0.944000 0.997928
-0.940000 0.997928
-0.936000 0.997928
-0.932000 0.997928
-0.928000 0.997928
-0.924000 0.997928
-0.920000 0.997928
-0.916000 0.997928
-0.912000 0.997928
-0.908000 0.997928
-0.904000 0.997928
-0.900000 0.997928
-0.896000 0.997928
-0.892000 0.997928
-0.888000 0.997928
-0.884000 0.997928
-0.880000 0.997928
-0.876000 0.997928
-0.872000 0.997928
-0.868000 0.997928
-0.864000 0.997928
-0.860000 0.997928
-0.856000 0.997928
-0.852000 0.997928
-0.848000 0.997928
-0.844000 0.997928
-0.840000 0.997928
-0.836000 0.997928
-0.832000 0.997928
-0.828000 0.997928
-0.824000 0.997928
-0.820000 0.997928
-0.816000 0.997928
-0.812000 0.997928
-0.808000 0.997928
-0.804000 0.997928
-0.800000 0.997928
-0.796000 0.997928
-0.792000 0.997928
-0.788000 0.997928
-0.784000 0.997928
-0.780000 0.997928
-0.776000 0.997928
-0.772000 0.997928
-0.768000 0.997928
-0.764000 0.997928
-0.760000 0.997928
-0.756000 0.997928
-0.752000 0.997928
-0.748000 0.997928
-0.744000 0.997928
-0.740000 0.997928
-0.736000 0.997928
-0.732000 0.997928
-0.728000 0.997928
-0.724000 0.997928
-0.720000 0.997928
-0.716000 0.997928
-0.712000 0.997928
-0.708000 0.997928
-0.704000 0.997928
-0.700000 0.997928
-0.696000 0.997928
-0.692000 0.997928
-0.688000 0.997928
-0.684000 0.997928
-0.680000 0.997928
-0.676000 0.997928
-0.672000 0.997928
-0.668000 0.997928
-0.664000 0.997928
-0.660000 0.997928
-0.656000 0.997928
-0.652000 0.997928
-0.648000 0.997928
-0.644000 0.997928
-0.640000 0.997928
-0.636000 0.997928
-0.632000 0.997928
-0.628000 0.997928
-0.624000 0.997928
-0.620000 0.997928
-0.616000 0.997928
-0.612000 0.997928
-0.608000 0.997928
-0.604000 0.997928
-0.600000 0.997928
-0.596000 0.997928
-0.592000 0.997928
-0.588000 0.997928
-0.584000 0.997928
-0.580000 0.997928
-0.576000 0.997928
-0.572000 0.997928
-0.568000 0.997928
-0.564000 0.997928
-0.560000 0.997928
-0.556000 0.997928
-0.552000 0.997927
-0.548000 0.997927
-0.544000 0.997927
-0.540000 0.997927
-0.536000 0.997927
-0.532000 0.997927
-0.528000 0.997927
-0.524000 0.997927
-0.520000 0.997927
-0.516000 0.997927
-0.512000 0.997927
-0.508000 0.997926
-0.504000 0.997926
-0.500000 0.997926
-0.496000 0.997926
-0.492000 0.997926
-0.488000 0.997926
-0.484000 0.997925
-0.480000 0.997925
-0.476000 0.997925
-0.472000 0.997925
-0.468000 0.997924
-0.464000 0.997924
-0.460000 0.997924
-0.456000 0.997923
-0.452000 0.997923
-0.448000 0.997922
-0.444000 0.997922
-0.440000 0.997921
-0.436000 0.997921
-0.432000 0.997920
-0.428000 0.997919
-0.424000 0.997919
-0.420000 0.997918
-0.416000 0.997917
-0.412000 0.997916
-0.408000 0.997915
-0.404000 0.997914
-0.400000 0.997913
-0.396000 0.997912
-0.392000 0.997911
-0.388000 0.997910
-0.384000 0.997908
-0.380000 0.997907
-0.376000 0.997905
-0.372000 0.997904
-0.368000 0.997902
-0.364000 0.997900
-0.360000 0.997898
-0.356000 0.997896
-0.352000 0.997893
-0.348000 0.997891
-0.344000 0.997888
-0.340000 0.997886
-0.336000 0.997883
-0.332000 0.997880
-0.328000 0.997876
-0.324000 0.997873
-0.320000 0.997869
-0.316000 0.997866
-0.312000 0.997861
-0.308000 0.997857
-0.304000 0.997853
-0.300000 0.997848
-0.296000 0.997843
-0.292000 0.997838
-0.288000 0.997832
-0.284000 0.997826
-0.280000 0.997820
-0.276000 0.997814
-0.272000 0.997807
-0.268000 0.997800
-0.264000 0.997793
-0.260000 0.997785
-0.256000 0.997777
-0.252000 0.997768
-0.248000 0.997760
-0.244000 0.997750
-0.240000 0.997741
-0.236000 0.997731
-0.232000 0.997720
-0.228000 0.997709
-0.224000 0.997698
-0.220000 0.997686
-0.216000 0.997673
-0.212000 0.997660
-0.208000 0.997647
-0.204000 0.997633
-0.200000 0.997618
-0.196000 0.997603
-0.192000 0.997588
-0.188000 0.997571
-0.184000 0.997555
-0.180000 0.997537
-0.176000 0.997519
-0.172000 0.997501
-0.168000 0.997481
-0.164000 0.997461
-0.160000 0.997441
-0.156000 0.997419
-0.152000 0.997398
-0.148000 0.997375
-0.144000 0.997352
-0.140000 0.997328
-0.136000 0.997303
-0.132000 0.997277
-0.128000 0.997251
-0.124000 0.997224
-0.120000 0.997196
-0.116000 0.997168
-0.112000 0.997139
-0.108000 0.997109
-0.104000 0.997078
-0.100000 0.997047
-0.096000 0.997014
-0.092000 0.996981
-0.088000 0.996948
-0.084000 0.996913
-0.080000 0.996878
-0.076000 0.996842
-0.072000 0.996805
-0.068000 0.996767
-0.064000 0.996729
-0.060000 0.996689
-0.056000 0.996650
-0.052000 0.996609
-0.048000 0.996567
-0.044000 0.996525
-0.040000 0.996482
-0.036000 0.996439
-0.032000 0.996395
-0.028000 0.996350
-0.024000 0.996304
-0.020000 0.996257
-0.016000 0.996210
-0.012000 0.996163
-0.008000 0.996114
-0.004000 0.996066
0.000000 0.996016
0.004000 0.995966
0.008000 0.995915
0.012000 0.995864
0.016000 0.995812
0.020000 0.995760
0.024000 0.995707
0.028000 0.995654
0.032000 0.995600
0.036000 0.995546
0.040000 0.995492
0.044000 0.995437
0.048000 0.995381
0.052000 0.995326
0.056000 0.995270
0.060000 0.995214
0.064000 0.995157
0.068000 0.995101
0.072000 0.995044
0.076000 0.994986
0.080000 0.994929
0.084000 0.994872
0.088000 0.994814
0.092000 0.994757
0.096000 0.994699
0.100000 0.994641
0.104000 0.994583
0.108000 0.994526
0.112000 0.994468
0.116000 0.994410
0.120000 0.994353
0.124000 0.994295
0.128000 0.994238
0.132000 0.994181
0.136000 0.994124
0.140000 0.994067
0.144000 0.994011
0.148000 0.993955
0.152000 0.993899
0.156000 0.993843
0.160000 0.993788
0.164000 0.993733
0.168000 0.993678
0.172000 0.993624
0.176000 0.993570
0.180000 0.993517
0.184000 0.993464
0.188000 0.993412
0.192000 0.993360
0.196000 0.993308
0.200000 0.993257
0.204000 0.993207
0.208000 0.993157
0.212000 0.993108
0.216000 0.993059
0.220000 0.993011
0.224000 0.992963
0.228000 0.992917
0.232000 0.992870
0.236000 0.992825
0.240000 0.992780
0.244000 0.992735
0.248000 0.992691
0.252000 0.992648
0.256000 0.992606
0.260000 0.992564
0.264000 0.992523
0.268000 0.992483
0.272000 0.992443
0.276000 0.992404
0.280000 0.992366
0.284000 0.992329
0.288000 0.992292
0.292000 0.992256
0.296000 0.992220
0.300000 0.992185
0.304000 0.992151
0.308000 0.992118
0.312000 0.992085
0.316000 0.992053
0.320000 0.992022
0.324000 0.991992
0.328000 0.991962
0.332000 0.991933
0.336000 0.991904
0.340000 0.991876
0.344000 0.991849
0.348000 0.991822
0.352000 0.991797
0.356000 0.991771
0.360000 0.991747
0.364000 0.991723
0.368000 0.991699
0.372000 0.991677
0.376000 0.991654
0.380000 0.991633
0.384000 0.991612
0.388000 0.991592
0.392000 0.991572
0.396000 0.991552
0.400000 0.991534
0.404000 0.991516
0.408000 0.991498
0.412000 0.991481
0.416000 0.991464
0.420000 0.991448
0.424000 0.991433
0.428000 0.991418
0.432000 0.991403
0.436000 0.991389
0.440000 0.991375
0.444000 0.991362
0.448000 0.991349
0.452000 0.991337
0.456000 0.991325
0.460000 0.991313
0.464000 0.991302
0.468000 0.991291
0.472000 0.991281
0.476000 0.991270
0.480000 0.991261
0.484000 0.991251
0.488000 0.991242
0.492000 0.991234
0.496000 0.991225
0.500000 0.991217
0.504000 0.991209
0.508000 0.991202
0.512000 0.991195
0.516000 0.991188
0.520000 0.991181
0.524000 0.991175
0.528000 0.991168
0.532000 0.991163
0.536000 0.991157
0.540000 0.991151
0.544000 0.991146
0.548000 0.991141
0.552000 0.991136
0.556000 0.991132
0.560000 0.991127
0.564000 0.991123
0.568000 0.991119
0.572000 0.991115
0.576000 0.991111
0.580000 0.991108
0.584000 0.991104
0.588000 0.991101
0.592000 0.991098
0.596000 0.991095
0.600000 0.991092
0.604000 0.991089
0.608000 0.991087
0.612000 0.991084
0.616000 0.991082
0.620000 0.991080
0.624000 0.991077
0.628000 0.991075
0.632000 0.991073
0.636000 0.991071
0.640000 0.991070
0.644000 0.991068
0.648000 0.991066
0.652000 0.991065
0.656000 0.991063
0.660000 0.991062
0.664000 0.991061
0.668000 0.991059
0.672000 0.991058
0.676000 0.991057
0.680000 0.991056
0.684000 0.991055
0.688000 0.991054
0.692000 0.991053
0.696000 0.991052
0.700000 0.991051
0.704000 0.991050
0.708000 0.991050
0.712000 0.991049
0.716000 0.991048
0.720000 0.991048
0.724000 0.991047
0.728000 0.991047
0.732000 0.991046
0.736000 0.991045
0.740000 0.991045
0.744000 0.991044
0.748000 0.991044
0.752000 0.991044
0.756000 0.991043
0.760000 0.991043
0.764000 0.991043
0.768000 0.991042
0.772000 0.991042
0.776000 0.991042
0.780000 0.991041
0.784000 0.991041
0.788000 0.991041
0.792000 0.991041
0.796000 0.991040
0.800000 0.991040
0.804000 0.991040
0.808000 0.991040
0.812000 0.991040
0.816000 0.991039
0.820000 0.991039
0.824000 0.991039
0.828000 0.991039
0.832000 0.991039
0.836000 0.991039
0.840000 0.991039
0.844000 0.991039
0.848000 0.991038
0.852000 0.991038
0.856000 0.991038
0.860000 0.991038
0.864000 0.991038
0.868000 0.991038
0.872000 0.991038
0.876000 0.991038
0.880000 0.991038
0.884000 0.991038
0.888000 0.991038
0.892000 0.991038
0.896000 0.991038
0.900000 0.991038
0.904000 0.991038
0.908000 0.991038
0.912000 0.991037
0.916000 0.991037
0.920000 0.991037
0.924000 0.991037
0.928000 0.991037
0.932000 0.991037
0.936000 0.991037
0.940000 0.991037
0.944000 0.991037
0.948000 0.991037
0.952000 0.991037
0.956000 0.991037
0.960000 0.991037
0.964000 0.991037
0.968000 0.991037
0.972000 0.991037
0.976000 0.991037
0.980000 0.991037
0.984000 0.991037
0.988000 0.991037
0.992000 0.991037
0.996000 0.991037
1.000000 0.991037
