-1.000000 0.992919
-0.996000 0.992919
-0.992000 0.992919
-0.988000 0.992919
-0.984000 0.992919
-0.980000 0.992919
-0.976000 0.992919
-0.972000 0.992919
-0.968000 0.992919
-0.964000 0.992919
-0.960000 0.992919
-0.956000 0.992919
-0.952000 0.992919
-0.948000 0.992919
-0.944000 0.992919
-0.940000 0.992919
-0.936000 0.992919
-0.932000 0.992919
-0.928000 0.992919
-0.924000 0.992919
-0.920000 0.992919
-0.916000 0.992919
-0.912000 0.992919
-0.908000 0.992919
-0.904000 0.992919
-0.900000 0.992919
-0.896000 0.992919
-0.892000 0.992919
-0.888000 0.992919
-0.884000 0.992919
-0.880000 0.992919
-0.876000 0.992919
-0.872000 0.992919
-0.868000 0.992919
-0.864000 0.992919
-0.860000 0.992919
-0.856000 0.992919
-0.852000 0.992919
-0.848000 0.992919
-0.844000 0.992919
-0.840000 0.992919
-0.836000 0.992919
-0.832000 0.992919
-0.828000 0.992919
-0.824000 0.992919
-0.820000 0.992919
-0.816000 0.992919
-0.812000 0.992919
-0.808000 0.992919
-0.804000 0.992919
-0.800000 0.992919
-0.796000 0.992919
-0.792000 0.992919
-0.788000 0.992919
-0.784000 0.992919
-0.780000 0.992919
-0.776000 0.992919
-0.772000 0.992919
-0.768000 0.992919
-0.764000 0.992919
-0.760000 0.992919
-0.756000 0.992919
-0.752000 0.992919
-0.748000 0.992919
-0.744000 0.992919
-0.740000 0.992919
-0.736000 0.992919
-0.732000 0.992919
-0.728000 0.992919
-0.724000 0.992919
-0.720000 0.992919
-0.716000 0.992919
-0.712000 0.992919
-0.708000 0.992919
-0.704000 0.992919
-0.700000 0.992919
-0.696000 0.992919
-0.692000 0.992919
-0.688000 0.992919
-0.684000 0.992919
-0.680000 0.992919
-0.676000 0.992919
-0.672000 0.992919
-0.668000 0.992919
-0.664000 0.992919
-0.660000 0.992919
-0.656000 0.992919
-0.652000 0.992919
-0.648000 0.992919
-0.644000 0.992919
-0.640000 0.992919
-0.636000 0.992919
-0.632000 0.992919
-0.628000 0.992919
-0.624000 0.992919
-0.620000 0.992919
-0.616000 0.992919
-0.612000 0.992919
-0.608000 0.992919
-0.604000 0.992919
-0.600000 0.992919
-0.596000 0.992919
-0.592000 0.992919
-0.588000 0.992919
-0.584000 0.992919
-0.580000 0.992919
-0.576000 0.992919
-0.572000 0.992919
-0.568000 0.992919
-0.564000 0.992919
-0.560000 0.992919
-0.556000 0.992919
-0.552000 0.992919
-0.548000 0.992919
-0.544000 0.992919
-0.540000 0.992919
-0.536000 0.992919
-0.532000 0.992919
-0.528000 0.992919
-0.524000 0.992919
-0.520000 0.992919
-0.516000 0.992919
-0.512000 0.992919
-0.508000 0.992919
-0.504000 0.992919
-0.500000 0.992919
-0.496000 0.992919
-0.492000 0.992919
-0.488000 0.992919
-0.484000 0.992919
-0.480000 0.992919
-0.476000 0.992919
-0.472000 0.992919
-0.468000 0.992919
-0.464000 0.992919
-0.460000 0.992919
-0.456000 0.992919
-0.452000 0.992919
-0.448000 0.992919
-0.444000 0.992919
-0.440000 0.992919
-0.436000 0.992919
-0.432000 0.992919
-0.428000 0.992919
-0.424000 0.992919
-0.420000 0.992919
-0.416000 0.992919
-0.412000 0.992919
-0.408000 0.992919
-0.404000 0.992919
-0.400000 0.992919
-0.396000 0.992919
-0.392000 0.992919
-0.388000 0.992919
-0.384000 0.992919
-0.380000 0.992919
-0.376000 0.992919
-0.372000 0.992919
-0.368000 0.992919
-0.364000 0.992919
-0.360000 0.992919
-0.356000 0.992919
-0.352000 0.992919
-0.348000 0.992919
-0.344000 0.992919
-0.340000 0.992919
-0.336000 0.992919
-0.332000 0.992919
-0.328000 0.992919
-0.324000 0.992919
-0.320000 0.992919
-0.316000 0.992919
-0.312000 0.992919
-0.308000 0.992919
-0.304000 0.992919
-0.300000 0.992919
-0.296000 0.992919
-0.292000 0.992919
-0.288000 0.992919
-0.284000 0.992919
-0.280000 0.992919
-0.276000 0.992919
-0.272000 0.992919
-0.268000 0.992919
-0.264000 0.992919
-0.260000 0.992919
-0.256000 0.992919
-0.252000 0.992919
-0.248000 0.992919
-0.244000 0.992919
-0.240000 0.992919
-0.236000 0.992919
-0.232000 0.992919
-0.228000 0.992919
-0.224000 0.992919
-0.220000 0.992919
-0.216000 0.992919
-0.212000 0.992919
-0.208000 0.992919
-0.204000 0.992919
-0.200000 0.992919
-0.196000 0.992919
-0.192000 0.992919
-0.188000 0.992919
-0.184000 0.992919
-0.180000 0.992919
-0.176000 0.992919
-0.172000 0.992919
-0.168000 0.992919
-0.164000 0.992919
-0.160000 0.992919
-0.156000 0.992920
-0.152000 0.992920
-0.148000 0.992920
-0.144000 0.992920
-0.140000 0.992920
-0.136000 0.992920
-0.132000 0.992920
-0.128000 0.992920
-0.124000 0.992920
-0.120000 0.992920
-0.116000 0.992920
-0.112000 0.992920
-0.108000 0.992920
-0.104000 0.992920
-0.100000 0.992920
-0.096000 0.992921
-0.092000 0.992921
-0.088000 0.992921
-0.084000 0.992921
-0.080000 0.992921
-0.076000 0.992921
-0.072000 0.992921
-0.068000 0.992922
-0.064000 0.992922
-0.060000 0.992922
-0.056000 0.992922
-0.052000 0.992922
-0.048000 0.992923
-0.044000 0.992923
-0.040000 0.992923
-0.036000 0.992923
-0.032000 0.992924
-0.028000 0.992924
-0.024000 0.992924
-0.020000 0.992925
-0.016000 0.992925
-0.012000 0.992926
-0.008000 0.992926
-0.004000 0.992926
0.000000 0.992927
0.004000 0.992927
0.008000 0.992928
0.012000 0.992928
0.016000 0.992929
0.020000 0.992930
0.024000 0.992930
0.028000 0.992931
0.032000 0.992932
0.036000 0.992933
0.040000 0.992933
0.044000 0.992934
0.048000 0.992935
0.052000 0.992936
0.056000 0.992937
0.060000 0.992938
0.064000 0.992940
0.068000 0.992941
0.072000 0.992942
0.076000 0.992943
0.080000 0.992945
0.084000 0.992946
0.088000 0.992948
0.092000 0.992949
0.096000 0.992951
0.100000 0.992953
0.104000 0.992955
0.108000 0.992957
0.112000 0.992959
0.116000 0.992961
0.120000 0.992963
0.124000 0.992965
0.128000 0.992968
0.132000 0.992970
0.136000 0.992973
0.140000 0.992976
0.144000 0.992979
0.148000 0.992982
0.152000 0.992985
0.156000 0.992988
0.160000 0.992992
0.164000 0.992995
0.168000 0.992999
0.172000 0.993003
0.176000 0.993007
0.180000 0.993011
0.184000 0.993016
0.188000 0.993020
0.192000 0.993025
0.196000 0.993030
0.200000 0.993035
0.204000 0.993041
0.208000 0.993046
0.212000 0.993052
0.216000 0.993058
0.220000 0.993064
0.224000 0.993071
0.228000 0.993078
0.232000 0.993084
0.236000 0.993092
0.240000 0.993099
0.244000 0.993107
0.248000 0.993115
0.252000 0.993123
0.256000 0.993132
0.260000 0.993140
0.264000 0.993149
0.268000 0.993159
0.272000 0.993169
0.276000 0.993179
0.280000 0.993189
0.284000 0.993200
0.288000 0.993211
0.292000 0.993222
0.296000 0.993234
0.300000 0.993246
0.304000 0.993258
0.308000 0.993271
0.312000 0.993284
0.316000 0.993297
0.320000 0.993311
0.324000 0.993326
0.328000 0.993340
0.332000 0.993355
0.336000 0.993371
0.340000 0.993387
0.344000 0.993403
0.348000 0.993420
0.352000 0.993437
0.356000 0.993454
0.360000 0.993472
0.364000 0.993491
0.368000 0.993510
0.372000 0.993529
0.376000 0.993549
0.380000 0.993569
0.384000 0.993590
0.388000 0.993611
0.392000 0.993633
0.396000 0.993655
0.400000 0.993677
0.404000 0.993700
0.408000 0.993724
0.412000 0.993748
0.416000 0.993773
0.420000 0.993798
0.424000 0.993823
0.428000 0.993849
0.432000 0.993876
0.436000 0.993903
0.440000 0.993930
0.444000 0.993958
0.448000 0.993987
0.452000 0.994016
0.456000 0.994045
0.460000 0.994075
0.464000 0.994105
0.468000 0.994136
0.472000 0.994168
0.476000 0.994200
0.480000 0.994232
0.484000 0.994265
0.488000 0.994298
0.492000 0.994332
0.496000 0.994366
0.500000 0.994401
0.504000 0.994436
0.508000 0.994472
0.512000 0.994508
0.516000 0.994545
0.520000 0.994582
0.524000 0.994619
0.528000 0.994657
0.532000 0.994695
0.536000 0.994734
0.540000 0.994773
0.544000 0.994812
0.548000 0.994852
0.552000 0.994893
0.556000 0.994933
0.560000 0.994974
0.564000 0.995016
0.568000 0.995057
0.572000 0.995099
0.576000 0.995142
0.580000 0.995184
0.584000 0.995227
0.588000 0.995271
0.592000 0.995314
0.596000 0.995358
0.600000 0.995402
0.604000 0.995447
0.608000 0.995491
0.612000 0.995536
0.616000 0.995581
0.620000 0.995627
0.624000 0.995672
0.628000 0.995718
0.632000 0.995764
0.636000 0.995810
0.640000 0.995856
0.644000 0.995902
0.648000 0.995949
0.652000 0.995995
0.656000 0.996042
0.660000 0.996088
0.664000 0.996135
0.668000 0.996182
0.672000 0.996229
0.676000 0.996276
0.680000 0.996323
0.684000 0.996370
0.688000 0.996417
0.692000 0.996464
0.696000 0.996511
0.700000 0.996557
0.704000 0.996604
0.708000 0.996651
0.712000 0.996697
0.716000 0.996744
0.720000 0.996790
0.724000 0.996837
0.728000 0.996883
0.732000 0.996929
0.736000 0.996975
0.740000 0.997021
0.744000 0.997066
0.748000 0.997111
0.752000 0.997157
0.756000 0.997201
0.760000 0.997246
0.764000 0.997291
0.768000 0.997335
0.772000 0.997379
0.776000 0.997423
0.780000 0.997466
0.784000 0.997509
0.788000 0.997552
0.792000 0.997594
0.796000 0.997637
0.800000 0.997679
0.804000 0.997720
0.808000 0.997761
0.812000 0.997802
0.816000 0.997843
0.820000 0.997883
0.824000 0.997923
0.828000 0.997962
0.832000 0.998001
0.836000 0.998040
0.840000 0.998078
0.844000 0.998116
0.848000 0.998154
0.852000 0.998191
0.856000 0.998227
0.860000 0.998264
0.864000 0.998299
0.868000 0.998335
0.872000 0.998370
0.876000 0.998404
0.880000 0.998438
0.884000 0.998472
0.888000 0.998505
0.892000 0.998538
0.896000 0.998570
0.900000 0.998602
0.904000 0.998633
0.908000 0.998664
0.912000 0.998695
0.916000 0.998725
0.920000 0.998755
0.924000 0.998784
0.928000 0.998813
0.932000 0.998841
0.936000 0.998869
0.940000 0.998896
0.944000 0.998923
0.948000 0.998950
0.952000 0.998976
0.956000 0.999002
0.960000 0.999028
0.964000 0.999054
0.968000 0.999080
0.972000 0.999106
0.976000 0.999133
0.980000 0.999161
0.984000 0.999191
0.988000 0.999224
0.992000 0.999260
0.996000 0.999303
1.000000 0.999354
