-1.000000 0.997928
-0.996000 0.997928
-0.992000 0.997928
-0.988000 0.997928
-0.984000 0.997928
-0.980000 0.997928
-0.976000 0.997928
-0.972000 0.997928
-0.968000 0.997928
-0.964000 0.997928
-0.960000 0.997928
-0.956000 0.997928
-0.952000 0.997928
-0.948000 0.997928
-0.944000 0.997928
-0.940000 0.997928
-0.936000 0.997928
-0.932000 0.997928
-0.928000 0.997928
-0.924000 0.997928
-0.920000 0.997928
-0.916000 0.997928
-0.912000 0.997928
-0.908000 0.997928
-0.904000 0.997928
-0.900000 0.997928
-0.896000 0.997928
-0.892000 0.997928
-0.888000 0.997928
-0.884000 0.997928
-0.880000 0.997928
-0.876000 0.997928
-0.872000 0.997928
-0.868000 0.997928
-0.864000 0.997928
-0.860000 0.997928
-0.856000 0.997928
-0.852000 0.997928
-0.848000 0.997928
-0.844000 0.997928
-0.840000 0.997928
-0.836000 0.997928
-0.832000 0.997928
-0.828000 0.997928
-0.824000 0.997928
-0.820000 0.997928
-0.816000 0.997928
-0.812000 0.997928
-0.808000 0.997928
-0.804000 0.997928
-0.800000 0.997928
-0.796000 0.997928
-0.792000 0.997928
-0.788000 0.997928
-0.784000 0.997928
-0.780000 0.997928
-0.776000 0.997928
-0.772000 0.997928
-0.768000 0.997928
-0.764000 0.997928
-0.760000 0.997928
-0.756000 0.997928
-0.752000 0.997928
-0.748000 0.997928
-0.744000 0.997928
-0.740000 0.997928
-0.736000 0.997928
-0.732000 0.997928
-0.728000 0.997928
-0.724000 0.997928
-0.720000 0.997928
-0.716000 0.997928
-0.712000 0.997928
-0.708000 0.997928
-0.704000 0.997928
-0.700000 0.997928
-0.696000 0.997928
-0.692000 0.997928
-0.688000 0.997928
-0.684000 0.997928
-0.680000 0.997928
-0.676000 0.997928
-0.672000 0.997928
-0.668000 0.997928
-0.664000 0.997928
-0.660000 0.997928
-0.656000 0.997928
-0.652000 0.997928
-0.648000 0.997928
-0.644000 0.997928
-0.640000 0.997928
-0.636000 0.997928
-0.632000 0.997928
-0.628000 0.997928
-0.624000 0.997928
-0.620000 0.997928
-0.616000 0.997928
-0.612000 0.997928
-0.608000 0.997928
-0.604000 0.997928
-0.600000 0.997928
-0.596000 0.997928
-0.592000 0.997928
-0.588000 0.997928
-0.584000 0.997928
-0.580000 0.997928
-0.576000 0.997928
-0.572000 0.997928
-0.568000 0.997928
-0.564000 0.997928
-0.560000 0.997928
-0.556000 0.997928
-0.552000 0.997928
-0.548000 0.997928
-0.544000 0.997928
-0.540000 0.997928
-0.536000 0.997928
-0.532000 0.997928
-0.528000 0.997928
-0.524000 0.997928
-0.520000 0.997928
-0.516000 0.997928
-0.512000 0.997928
-0.508000 0.997928
-0.504000 0.997928
-0.500000 0.997928
-0.496000 0.997928
-0.492000 0.997928
-0.488000 0.997928
-0.484000 0.997928
-0.480000 0.997928
-0.476000 0.997928
-0.472000 0.997928
-0.468000 0.997928
-0.464000 0.997928
-0.460000 0.997928
-0.456000 0.997928
-0.452000 0.997928
-0.448000 0.997928
-0.444000 0.997928
-0.440000 0.997928
-0.436000 0.997928
-0.432000 0.997928
-0.428000 0.997928
-0.424000 0.997928
-0.420000 0.997928
-0.416000 0.997928
-0.412000 0.997928
-0.408000 0.997928
-0.404000 0.997928
-0.400000 0.997928
-0.396000 0.997928
-0.392000 0.997928
-0.388000 0.997928
-0.384000 0.997928
-0.380000 0.997928
-0.376000 0.997928
-0.372000 0.997928
-0.368000 0.997928
-0.364000 0.997928
-0.360000 0.997928
-0.356000 0.997928
-0.352000 0.997928
-0.348000 0.997928
-0.344000 0.997928
-0.340000 0.997928
-0.336000 0.997928
-0.332000 0.997928
-0.328000 0.997928
-0.324000 0.997928
-0.320000 0.997928
-0.316000 0.997928
-0.312000 0.997928
-0.308000 0.997928
-0.304000 0.997928
-0.300000 0.997928
-0.296000 0.997928
-0.292000 0.997928
-0.288000 0.997928
-0.284000 0.997928
-0.280000 0.997928
-0.276000 0.997928
-0.272000 0.997928
-0.268000 0.997928
-0.264000 0.997928
-0.260000 0.997928
-0.256000 0.997928
-0.252000 0.997928
-0.248000 0.997928
-0.244000 0.997928
-0.240000 0.997928
-0.236000 0.997928
-0.232000 0.997928
-0.228000 0.997928
-0.224000 0.997928
-0.220000 0.997928
-0.216000 0.997928
-0.212000 0.997928
-0.208000 0.997928
-0.204000 0.997928
-0.200000 0.997928
-0.196000 0.997928
-0.192000 0.997928
-0.188000 0.997928
-0.184000 0.997928
-0.180000 0.997928
-0.176000 0.997928
-0.172000 0.997928
-0.168000 0.997928
-0.164000 0.997928
-0.160000 0.997928
-0.156000 0.997928
-0.152000 0.997928
-0.148000 0.997928
-0.144000 0.997928
-0.140000 0.997928
-0.136000 0.997928
-0.132000 0.997928
-0.128000 0.997928
-0.124000 0.997928
-0.120000 0.997928
-0.116000 0.997928
-0.112000 0.997928
-0.108000 0.997928
-0.104000 0.997928
-0.100000 0.997928
-0.096000 0.997928
-0.092000 0.997928
-0.088000 0.997928
-0.084000 0.997928
-0.080000 0.997928
-0.076000 0.997927
-0.072000 0.997927
-0.068000 0.997927
-0.064000 0.997927
-0.060000 0.997927
-0.056000 0.997927
-0.052000 0.997927
-0.048000 0.997927
-0.044000 0.997927
-0.040000 0.997927
-0.036000 0.997927
-0.032000 0.997927
-0.028000 0.997927
-0.024000 0.997927
-0.020000 0.997927
-0.016000 0.997926
-0.012000 0.997926
-0.008000 0.997926
-0.004000 0.997926
0.000000 0.997926
0.004000 0.997926
0.008000 0.997926
0.012000 0.997926
0.016000 0.997925
0.020000 0.997925
0.024000 0.997925
0.028000 0.997925
0.032000 0.997925
0.036000 0.997924
0.040000 0.997924
0.044000 0.997924
0.048000 0.997924
0.052000 0.997923
0.056000 0.997923
0.060000 0.997923
0.064000 0.997922
0.068000 0.997922
0.072000 0.997922
0.076000 0.997921
0.080000 0.997921
0.084000 0.997920
0.088000 0.997920
0.092000 0.997919
0.096000 0.997919
0.100000 0.997918
0.104000 0.997918
0.108000 0.997917
0.112000 0.997916
0.116000 0.997916
0.120000 0.997915
0.124000 0.997914
0.128000 0.997913
0.132000 0.997912
0.136000 0.997911
0.140000 0.997910
0.144000 0.997909
0.148000 0.997908
0.152000 0.997907
0.156000 0.997906
0.160000 0.997905
0.164000 0.997904
0.168000 0.997902
0.172000 0.997901
0.176000 0.997899
0.180000 0.997898
0.184000 0.997896
0.188000 0.997894
0.192000 0.997893
0.196000 0.997891
0.200000 0.997889
0.204000 0.997887
0.208000 0.997885
0.212000 0.997882
0.216000 0.997880
0.220000 0.997878
0.224000 0.997875
0.228000 0.997872
0.232000 0.997870
0.236000 0.997867
0.240000 0.997864
0.244000 0.997860
0.248000 0.997857
0.252000 0.997854
0.256000 0.997850
0.260000 0.997846
0.264000 0.997843
0.268000 0.997839
0.272000 0.997834
0.276000 0.997830
0.280000 0.997825
0.284000 0.997821
0.288000 0.997816
0.292000 0.997811
0.296000 0.997806
0.300000 0.997800
0.304000 0.997794
0.308000 0.997789
0.312000 0.997783
0.316000 0.997776
0.320000 0.997770
0.324000 0.997763
0.328000 0.997756
0.332000 0.997749
0.336000 0.997741
0.340000 0.997734
0.344000 0.997726
0.348000 0.997717
0.352000 0.997709
0.356000 0.997700
0.360000 0.997691
0.364000 0.997682
0.368000 0.997672
0.372000 0.997662
0.376000 0.997652
0.380000 0.997641
0.384000 0.997630
0.388000 0.997619
0.392000 0.997608
0.396000 0.997596
0.400000 0.997584
0.404000 0.997571
0.408000 0.997558
0.412000 0.997545
0.416000 0.997531
0.420000 0.997517
0.424000 0.997503
0.428000 0.997488
0.432000 0.997473
0.436000 0.997457
0.440000 0.997441
0.444000 0.997425
0.448000 0.997408
0.452000 0.997391
0.456000 0.997373
0.460000 0.997355
0.464000 0.997336
0.468000 0.997318
0.472000 0.997298
0.476000 0.997278
0.480000 0.997258
0.484000 0.997238
0.488000 0.997216
0.492000 0.997195
0.496000 0.997173
0.500000 0.997150
0.504000 0.997127
0.508000 0.997104
0.512000 0.997080
0.516000 0.997056
0.520000 0.997031
0.524000 0.997006
0.528000 0.996980
0.532000 0.996954
0.536000 0.996927
0.540000 0.996900
0.544000 0.996872
0.548000 0.996844
0.552000 0.996815
0.556000 0.996786
0.560000 0.996757
0.564000 0.996727
0.568000 0.996696
0.572000 0.996665
0.576000 0.996634
0.580000 0.996602
0.584000 0.996570
0.588000 0.996537
0.592000 0.996504
0.596000 0.996470
0.600000 0.996436
0.604000 0.996401
0.608000 0.996366
0.612000 0.996331
0.616000 0.996295
0.620000 0.996259
0.624000 0.996222
0.628000 0.996185
0.632000 0.996148
0.636000 0.996110
0.640000 0.996072
0.644000 0.996033
0.648000 0.995994
0.652000 0.995955
0.656000 0.995915
0.660000 0.995875
0.664000 0.995835
0.668000 0.995794
0.672000 0.995753
0.676000 0.995712
0.680000 0.995670
0.684000 0.995628
0.688000 0.995586
0.692000 0.995544
0.696000 0.995501
0.700000 0.995458
0.704000 0.995415
0.708000 0.995371
0.712000 0.995328
0.716000 0.995284
0.720000 0.995240
0.724000 0.995196
0.728000 0.995151
0.732000 0.995107
0.736000 0.995062
0.740000 0.995017
0.744000 0.994972
0.748000 0.994927
0.752000 0.994882
0.756000 0.994837
0.760000 0.994792
0.764000 0.994746
0.768000 0.994701
0.772000 0.994656
0.776000 0.994610
0.780000 0.994565
0.784000 0.994519
0.788000 0.994474
0.792000 0.994429
0.796000 0.994383
0.800000 0.994338
0.804000 0.994293
0.808000 0.994248
0.812000 0.994203
0.816000 0.994158
0.820000 0.994113
0.824000 0.994068
0.828000 0.994024
0.832000 0.993979
0.836000 0.993935
0.840000 0.993891
0.844000 0.993847
0.848000 0.993803
0.852000 0.993760
0.856000 0.993717
0.860000 0.993674
0.864000 0.993631
0.868000 0.993588
0.872000 0.993546
0.876000 0.993504
0.880000 0.993462
0.884000 0.993421
0.888000 0.993379
0.892000 0.993339
0.896000 0.993298
0.900000 0.993258
0.904000 0.993218
0.908000 0.993178
0.912000 0.993139
0.916000 0.993100
0.920000 0.993061
0.924000 0.993023
0.928000 0.992985
0.932000 0.992948
0.936000 0.992911
0.940000 0.992874
0.944000 0.992837
0.948000 0.992801
0.952000 0.992765
0.956000 0.992728
0.960000 0.992692
0.964000 0.992656
0.968000 0.992620
0.972000 0.992582
0.976000 0.992544
0.980000 0.992503
0.984000 0.992460
0.988000 0.992413
0.992000 0.992359
0.996000 0.992297
1.000000 0.992221
