-1.000000 0.991037
-0.996000 0.991037
-0.992000 0.991037
-0.988000 0.991037
-0.984000 0.991037
-0.980000 0.991037
-0.976000 0.991037
-0.972000 0.991037
-0.968000 0.991037
-0.964000 0.991037
-0.960000 0.991037
-0.956000 0.991037
-0.952000 0.991037
-0.948000 0.991037
-0.944000 0.991037
-0.940000 0.991037
-0.936000 0.991037
-0.932000 0.991037
-0.928000 0.991037
-0.924000 0.991037
-0.920000 0.991037
-0.916000 0.991037
-0.912000 0.991037
-0.908000 0.991037
-0.904000 0.991037
-0.900000 0.991037
-0.896000 0.991037
-0.892000 0.991037
-0.888000 0.991037
-0.884000 0.991037
-0.880000 0.991037
-0.876000 0.991037
-0.872000 0.991037
-0.868000 0.991037
-0.864000 0.991037
-0.860000 0.991037
-0.856000 0.991037
-0.852000 0.991037
-0.848000 0.991037
-0.844000 0.991037
-0.840000 0.991037
-0.836000 0.991037
-0.832000 0.991037
-0.828000 0.991037
-0.824000 0.991037
-0.820000 0.991037
-0.816000 0.991037
-0.812000 0.991037
-0.808000 0.991037
-0.804000 0.991037
-0.800000 0.991037
-0.796000 0.991037
-0.792000 0.991037
-0.788000 0.991037
-0.784000 0.991037
-0.780000 0.991037
-0.776000 0.991037
-0.772000 0.991037
-0.768000 0.991037
-0.764000 0.991037
-0.760000 0.991037
-0.756000 0.991037
-0.752000 0.991037
-0.748000 0.991037
-0.744000 0.991037
-0.740000 0.991037
-0.736000 0.991037
-0.732000 0.991037
-0.728000 0.991037
-0.724000 0.991037
-0.720000 0.991037
-0.716000 0.991037
-0.712000 0.991037
-0.708000 0.991037
-0.704000 0.991037
-0.700000 0.991037
-0.696000 0.991037
-0.692000 0.991037
-0.688000 0.991037
-0.684000 0.991037
-0.680000 0.991037
-0.676000 0.991037
-0.672000 0.991037
-0.668000 0.991037
-0.664000 0.991037
-0.660000 0.991038
-0.656000 0.991038
-0.652000 0.991038
-0.648000 0.991038
-0.644000 0.991038
-0.640000 0.991038
-0.636000 0.991038
-0.632000 0.991038
-0.628000 0.991038
-0.624000 0.991038
-0.620000 0.991038
-0.616000 0.991039
-0.612000 0.991039
-0.608000 0.991039
-0.604000 0.991039
-0.600000 0.991039
-0.596000 0.991040
-0.592000 0.991040
-0.588000 0.991040
-0.584000 0.991040
-0.580000 0.991041
-0.576000 0.991041
-0.572000 0.991041
-0.568000 0.991042
-0.564000 0.991042
-0.560000 0.991043
-0.556000 0.991043
-0.552000 0.991044
-0.548000 0.991044
-0.544000 0.991045
-0.540000 0.991046
-0.536000 0.991047
-0.532000 0.991047
-0.528000 0.991048
-0.524000 0.991049
-0.520000 0.991050
-0.516000 0.991051
-0.512000 0.991053
-0.508000 0.991054
-0.504000 0.991055
-0.500000 0.991057
-0.496000 0.991058
-0.492000 0.991060
-0.488000 0.991061
-0.484000 0.991063
-0.480000 0.991065
-0.476000 0.991067
-0.472000 0.991070
-0.468000 0.991072
-0.464000 0.991075
-0.460000 0.991077
-0.456000 0.991080
-0.452000 0.991083
-0.448000 0.991086
-0.444000 0.991090
-0.440000 0.991093
-0.436000 0.991097
-0.432000 0.991101
-0.428000 0.991105
-0.424000 0.991109
-0.420000 0.991114
-0.416000 0.991119
-0.412000 0.991124
-0.408000 0.991129
-0.404000 0.991135
-0.400000 0.991141
-0.396000 0.991147
-0.392000 0.991154
-0.388000 0.991161
-0.384000 0.991168
-0.380000 0.991175
-0.376000 0.991183
-0.372000 0.991191
-0.368000 0.991200
-0.364000 0.991209
-0.360000 0.991218
-0.356000 0.991228
-0.352000 0.991238
-0.348000 0.991248
-0.344000 0.991259
-0.340000 0.991270
-0.336000 0.991282
-0.332000 0.991294
-0.328000 0.991307
-0.324000 0.991320
-0.320000 0.991333
-0.316000 0.991347
-0.312000 0.991361
-0.308000 0.991376
-0.304000 0.991392
-0.300000 0.991407
-0.296000 0.991424
-0.292000 0.991441
-0.288000 0.991458
-0.284000 0.991476
-0.280000 0.991494
-0.276000 0.991513
-0.272000 0.991532
-0.268000 0.991552
-0.264000 0.991572
-0.260000 0.991593
-0.256000 0.991615
-0.252000 0.991637
-0.248000 0.991659
-0.244000 0.991682
-0.240000 0.991706
-0.236000 0.991730
-0.232000 0.991754
-0.228000 0.991779
-0.224000 0.991804
-0.220000 0.991830
-0.216000 0.991857
-0.212000 0.991884
-0.208000 0.991911
-0.204000 0.991939
-0.200000 0.991967
-0.196000 0.991996
-0.192000 0.992025
-0.188000 0.992054
-0.184000 0.992084
-0.180000 0.992114
-0.176000 0.992145
-0.172000 0.992176
-0.168000 0.992208
-0.164000 0.992239
-0.160000 0.992271
-0.156000 0.992304
-0.152000 0.992337
-0.148000 0.992369
-0.144000 0.992403
-0.140000 0.992436
-0.136000 0.992470
-0.132000 0.992504
-0.128000 0.992538
-0.124000 0.992572
-0.120000 0.992607
-0.116000 0.992641
-0.112000 0.992676
-0.108000 0.992711
-0.104000 0.992746
-0.100000 0.992781
-0.096000 0.992816
-0.092000 0.992851
-0.088000 0.992886
-0.084000 0.992921
-0.080000 0.992956
-0.076000 0.992991
-0.072000 0.993026
-0.068000 0.993061
-0.064000 0.993096
-0.060000 0.993130
-0.056000 0.993165
-0.052000 0.993199
-0.048000 0.993234
-0.044000 0.993268
-0.040000 0.993302
-0.036000 0.993335
-0.032000 0.993369
-0.028000 0.993402
-0.024000 0.993435
-0.020000 0.993468
-0.016000 0.993500
-0.012000 0.993532
-0.008000 0.993564
-0.004000 0.993595
0.000000 0.993627
0.004000 0.993657
0.008000 0.993688
0.012000 0.993718
0.016000 0.993748
0.020000 0.993777
0.024000 0.993806
0.028000 0.993834
0.032000 0.993863
0.036000 0.993890
0.040000 0.993918
0.044000 0.993944
0.048000 0.993971
0.052000 0.993997
0.056000 0.994022
0.060000 0.994048
0.064000 0.994072
0.068000 0.994096
0.072000 0.994120
0.076000 0.994143
0.080000 0.994166
0.084000 0.994189
0.088000 0.994211
0.092000 0.994232
0.096000 0.994253
0.100000 0.994273
0.104000 0.994294
0.108000 0.994313
0.112000 0.994332
0.116000 0.994351
0.120000 0.994369
0.124000 0.994387
0.128000 0.994404
0.132000 0.994421
0.136000 0.994438
0.140000 0.994454
0.144000 0.994470
0.148000 0.994485
0.152000 0.994500
0.156000 0.994514
0.160000 0.994528
0.164000 0.994541
0.168000 0.994555
0.172000 0.994567
0.176000 0.994580
0.180000 0.994592
0.184000 0.994604
0.188000 0.994615
0.192000 0.994626
0.196000 0.994636
0.200000 0.994647
0.204000 0.994657
0.208000 0.994666
0.212000 0.994675
0.216000 0.994684
0.220000 0.994693
0.224000 0.994701
0.228000 0.994710
0.232000 0.994717
0.236000 0.994725
0.240000 0.994732
0.244000 0.994739
0.248000 0.994746
0.252000 0.994752
0.256000 0.994758
0.260000 0.994764
0.264000 0.994770
0.268000 0.994776
0.272000 0.994781
0.276000 0.994786
0.280000 0.994791
0.284000 0.994796
0.288000 0.994800
0.292000 0.994805
0.296000 0.994809
0.300000 0.994813
0.304000 0.994817
0.308000 0.994820
0.312000 0.994824
0.316000 0.994827
0.320000 0.994830
0.324000 0.994833
0.328000 0.994836
0.332000 0.994839
0.336000 0.994842
0.340000 0.994844
0.344000 0.994847
0.348000 0.994849
0.352000 0.994851
0.356000 0.994853
0.360000 0.994855
0.364000 0.994857
0.368000 0.994859
0.372000 0.994861
0.376000 0.994863
0.380000 0.994864
0.384000 0.994866
0.388000 0.994867
0.392000 0.994868
0.396000 0.994870
0.400000 0.994871
0.404000 0.994872
0.408000 0.994873
0.412000 0.994874
0.416000 0.994875
0.420000 0.994876
0.424000 0.994877
0.428000 0.994878
0.432000 0.994879
0.436000 0.994880
0.440000 0.994880
0.444000 0.994881
0.448000 0.994882
0.452000 0.994882
0.456000 0.994883
0.460000 0.994883
0.464000 0.994884
0.468000 0.994884
0.472000 0.994885
0.476000 0.994885
0.480000 0.994886
0.484000 0.994886
0.488000 0.994886
0.492000 0.994887
0.496000 0.994887
0.500000 0.994887
0.504000 0.994888
0.508000 0.994888
0.512000 0.994888
0.516000 0.994888
0.520000 0.994889
0.524000 0.994889
0.528000 0.994889
0.532000 0.994889
0.536000 0.994889
0.540000 0.994890
0.544000 0.994890
0.548000 0.994890
0.552000 0.994890
0.556000 0.994890
0.560000 0.994890
0.564000 0.994890
0.568000 0.994891
0.572000 0.994891
0.576000 0.994891
0.580000 0.994891
0.584000 0.994891
0.588000 0.994891
0.592000 0.994891
0.596000 0.994891
0.600000 0.994891
0.604000 0.994891
0.608000 0.994891
0.612000 0.994891
0.616000 0.994891
0.620000 0.994891
0.624000 0.994891
0.628000 0.994891
0.632000 0.994892
0.636000 0.994892
0.640000 0.994892
0.644000 0.994892
0.648000 0.994892
0.652000 0.994892
0.656000 0.994892
0.660000 0.994892
0.664000 0.994892
0.668000 0.994892
0.672000 0.994892
0.676000 0.994892
0.680000 0.994892
0.684000 0.994892
0.688000 0.994892
0.692000 0.994892
0.696000 0.994892
0.700000 0.994892
0.704000 0.994892
0.708000 0.994892
0.712000 0.994892
0.716000 0.994892
0.720000 0.994892
0.724000 0.994892
0.728000 0.994892
0.732000 0.994892
0.736000 0.994892
0.740000 0.994892
0.744000 0.994892
0.748000 0.994892
0.752000 0.994892
0.756000 0.994892
0.760000 0.994892
0.764000 0.994892
0.768000 0.994892
0.772000 0.994892
0.776000 0.994892
0.780000 0.994892
0.784000 0.994892
0.788000 0.994892
0.792000 0.994892
0.796000 0.994892
0.800000 0.994892
0.804000 0.994892
0.808000 0.994892
0.812000 0.994892
0.816000 0.994892
0.820000 0.994892
0.824000 0.994892
0.828000 0.994892
0.832000 0.994892
0.836000 0.994892
0.840000 0.994892
0.844000 0.994892
0.848000 0.994892
0.852000 0.994892
0.856000 0.994892
0.860000 0.994892
0.864000 0.994892
0.868000 0.994892
0.872000 0.994892
0.876000 0.994892
0.880000 0.994892
0.884000 0.994892
0.888000 0.994892
0.892000 0.994892
0.896000 0.994892
0.900000 0.994892
0.904000 0.994892
0.908000 0.994892
0.912000 0.994892
0.916000 0.994892
0.920000 0.994892
0.924000 0.994892
0.928000 0.994892
0.932000 0.994892
0.936000 0.994892
0.940000 0.994892
0.944000 0.994892
0.948000 0.994892
0.952000 0.994892
0.956000 0.994892
0.960000 0.994892
0.964000 0.994892
0.968000 0.994892
0.972000 0.994892
0.976000 0.994892
0.980000 0.994892
0.984000 0.994892
0.988000 0.994892
0.992000 0.994892
0.996000 0.994892
1.000000 0.994892
