-1.000000 0.992919
-0.996000 0.992919
-0.992000 0.992919
-0.988000 0.992919
-0.984000 0.992919
-0.980000 0.992919
-0.976000 0.992919
-0.972000 0.992919
-0.968000 0.992919
-0.964000 0.992919
-0.960000 0.992919
-0.956000 0.992919
-0.952000 0.992919
-0.948000 0.992919
-0.944000 0.992919
-0.940000 0.992919
-0.936000 0.992919
-0.932000 0.992919
-0.928000 0.992919
-0.924000 0.992919
-0.920000 0.992919
-0.916000 0.992919
-0.912000 0.992919
-0.908000 0.992919
-0.904000 0.992919
-0.900000 0.992919
-0.896000 0.992919
-0.892000 0.992919
-0.888000 0.992919
-0.884000 0.992919
-0.880000 0.992919
-0.876000 0.992919
-0.872000 0.992919
-0.868000 0.992919
-0.864000 0.992919
-0.860000 0.992919
-0.856000 0.992919
-0.852000 0.992919
-0.848000 0.992919
-0.844000 0.992919
-0.840000 0.992919
-0.836000 0.992919
-0.832000 0.992919
-0.828000 0.992919
-0.824000 0.992919
-0.820000 0.992919
-0.816000 0.992919
-0.812000 0.992919
-0.808000 0.992919
-0.804000 0.992919
-0.800000 0.992919
-0.796000 0.992919
-0.792000 0.992919
-0.788000 0.992919
-0.784000 0.992919
-0.780000 0.992919
-0.776000 0.992919
-0.772000 0.992919
-0.768000 0.992919
-0.764000 0.992919
-0.760000 0.992919
-0.756000 0.992919
-0.752000 0.992919
-0.748000 0.992919
-0.744000 0.992919
-0.740000 0.992919
-0.736000 0.992919
-0.732000 0.992919
-0.728000 0.992919
-0.724000 0.992919
-0.720000 0.992919
-0.716000 0.992919
-0.712000 0.992919
-0.708000 0.992919
-0.704000 0.992919
-0.700000 0.992919
-0.696000 0.992919
-0.692000 0.992919
-0.688000 0.992919
-0.684000 0.992919
-0.680000 0.992919
-0.676000 0.992919
-0.672000 0.992919
-0.668000 0.992919
-0.664000 0.992919
-0.660000 0.992919
-0.656000 0.992919
-0.652000 0.992919
-0.648000 0.992919
-0.644000 0.992919
-0.640000 0.992919
-0.636000 0.992919
-0.632000 0.992919
-0.628000 0.992919
-0.624000 0.992919
-0.620000 0.992919
-0.616000 0.992919
-0.612000 0.992919
-0.608000 0.992919
-0.604000 0.992919
-0.600000 0.992919
-0.596000 0.992919
-0.592000 0.992919
-0.588000 0.992919
-0.584000 0.992919
-0.580000 0.992919
-0.576000 0.992919
-0.572000 0.992919
-0.568000 0.992919
-0.564000 0.992919
-0.560000 0.992919
-0.556000 0.992919
-0.552000 0.992919
-0.548000 0.992919
-0.544000 0.992919
-0.540000 0.992919
-0.536000 0.992919
-0.532000 0.992919
-0.528000 0.992919
-0.524000 0.992919
-0.520000 0.992919
-0.516000 0.992919
-0.512000 0.992919
-0.508000 0.992919
-0.504000 0.992919
-0.500000 0.992919
-0.496000 0.992919
-0.492000 0.992919
-0.488000 0.992919
-0.484000 0.992919
-0.480000 0.992919
-0.476000 0.992919
-0.472000 0.992919
-0.468000 0.992919
-0.464000 0.992919
-0.460000 0.992919
-0.456000 0.992919
-0.452000 0.992919
-0.448000 0.992919
-0.444000 0.992919
-0.440000 0.992919
-0.436000 0.992919
-0.432000 0.992919
-0.428000 0.992919
-0.424000 0.992919
-0.420000 0.992919
-0.416000 0.992919
-0.412000 0.992919
-0.408000 0.992919
-0.404000 0.992919
-0.400000 0.992919
-0.396000 0.992919
-0.392000 0.992919
-0.388000 0.992919
-0.384000 0.992919
-0.380000 0.992919
-0.376000 0.992919
-0.372000 0.992919
-0.368000 0.992919
-0.364000 0.992919
-0.360000 0.992919
-0.356000 0.992919
-0.352000 0.992919
-0.348000 0.992919
-0.344000 0.992919
-0.340000 0.992919
-0.336000 0.992919
-0.332000 0.992919
-0.328000 0.992919
-0.324000 0.992919
-0.320000 0.992919
-0.316000 0.992919
-0.312000 0.992919
-0.308000 0.992919
-0.304000 0.992919
-0.300000 0.992919
-0.296000 0.992919
-0.292000 0.992919
-0.288000 0.992919
-0.284000 0.992919
-0.280000 0.992919
-0.276000 0.992919
-0.272000 0.992919
-0.268000 0.992919
-0.264000 0.992919
-0.260000 0.992919
-0.256000 0.992919
-0.252000 0.992919
-0.248000 0.992919
-0.244000 0.992919
-0.240000 0.992919
-0.236000 0.992919
-0.232000 0.992919
-0.228000 0.992919
-0.224000 0.992919
-0.220000 0.992919
-0.216000 0.992919
-0.212000 0.992919
-0.208000 0.992919
-0.204000 0.992919
-0.200000 0.992919
-0.196000 0.992919
-0.192000 0.992919
-0.188000 0.992919
-0.184000 0.992919
-0.180000 0.992919
-0.176000 0.992919
-0.172000 0.992919
-0.168000 0.992919
-0.164000 0.992919
-0.160000 0.992919
-0.156000 0.992919
-0.152000 0.992919
-0.148000 0.992919
-0.144000 0.992919
-0.140000 0.992919
-0.136000 0.992919
-0.132000 0.992919
-0.128000 0.992919
-0.124000 0.992919
-0.120000 0.992920
-0.116000 0.992920
-0.112000 0.992920
-0.108000 0.992920
-0.104000 0.992920
-0.100000 0.992920
-0.096000 0.992920
-0.092000 0.992920
-0.088000 0.992920
-0.084000 0.992920
-0.080000 0.992920
-0.076000 0.992920
-0.072000 0.992920
-0.068000 0.992920
-0.064000 0.992920
-0.060000 0.992921
-0.056000 0.992921
-0.052000 0.992921
-0.048000 0.992921
-0.044000 0.992921
-0.040000 0.992921
-0.036000 0.992921
-0.032000 0.992921
-0.028000 0.992922
-0.024000 0.992922
-0.020000 0.992922
-0.016000 0.992922
-0.012000 0.992922
-0.008000 0.992923
-0.004000 0.992923
0.000000 0.992923
0.004000 0.992924
0.008000 0.992924
0.012000 0.992924
0.016000 0.992924
0.020000 0.992925
0.024000 0.992925
0.028000 0.992926
0.032000 0.992926
0.036000 0.992927
0.040000 0.992927
0.044000 0.992928
0.048000 0.992928
0.052000 0.992929
0.056000 0.992929
0.060000 0.992930
0.064000 0.992931
0.068000 0.992931
0.072000 0.992932
0.076000 0.992933
0.080000 0.992934
0.084000 0.992934
0.088000 0.992935
0.092000 0.992936
0.096000 0.992937
0.100000 0.992938
0.104000 0.992940
0.108000 0.992941
0.112000 0.992942
0.116000 0.992943
0.120000 0.992945
0.124000 0.992946
0.128000 0.992948
0.132000 0.992949
0.136000 0.992951
0.140000 0.992953
0.144000 0.992954
0.148000 0.992956
0.152000 0.992958
0.156000 0.992960
0.160000 0.992963
0.164000 0.992965
0.168000 0.992967
0.172000 0.992970
0.176000 0.992972
0.180000 0.992975
0.184000 0.992978
0.188000 0.992981
0.192000 0.992984
0.196000 0.992987
0.200000 0.992991
0.204000 0.992994
0.208000 0.992998
0.212000 0.993001
0.216000 0.993005
0.220000 0.993010
0.224000 0.993014
0.228000 0.993018
0.232000 0.993023
0.236000 0.993028
0.240000 0.993033
0.244000 0.993038
0.248000 0.993043
0.252000 0.993049
0.256000 0.993055
0.260000 0.993061
0.264000 0.993067
0.268000 0.993073
0.272000 0.993080
0.276000 0.993087
0.280000 0.993094
0.284000 0.993101
0.288000 0.993109
0.292000 0.993117
0.296000 0.993125
0.300000 0.993134
0.304000 0.993142
0.308000 0.993151
0.312000 0.993161
0.316000 0.993170
0.320000 0.993180
0.324000 0.993190
0.328000 0.993201
0.332000 0.993212
0.336000 0.993223
0.340000 0.993234
0.344000 0.993246
0.348000 0.993259
0.352000 0.993271
0.356000 0.993284
0.360000 0.993297
0.364000 0.993311
0.368000 0.993325
0.372000 0.993339
0.376000 0.993354
0.380000 0.993369
0.384000 0.993385
0.388000 0.993401
0.392000 0.993417
0.396000 0.993434
0.400000 0.993451
0.404000 0.993469
0.408000 0.993487
0.412000 0.993506
0.416000 0.993525
0.420000 0.993544
0.424000 0.993564
0.428000 0.993584
0.432000 0.993605
0.436000 0.993626
0.440000 0.993648
0.444000 0.993670
0.448000 0.993692
0.452000 0.993715
0.456000 0.993739
0.460000 0.993763
0.464000 0.993787
0.468000 0.993812
0.472000 0.993838
0.476000 0.993864
0.480000 0.993890
0.484000 0.993917
0.488000 0.993944
0.492000 0.993972
0.496000 0.994000
0.500000 0.994029
0.504000 0.994058
0.508000 0.994088
0.512000 0.994118
0.516000 0.994149
0.520000 0.994180
0.524000 0.994211
0.528000 0.994243
0.532000 0.994276
0.536000 0.994309
0.540000 0.994342
0.544000 0.994376
0.548000 0.994411
0.552000 0.994445
0.556000 0.994481
0.560000 0.994516
0.564000 0.994552
0.568000 0.994589
0.572000 0.994626
0.576000 0.994663
0.580000 0.994701
0.584000 0.994739
0.588000 0.994778
0.592000 0.994817
0.596000 0.994856
0.600000 0.994896
0.604000 0.994936
0.608000 0.994976
0.612000 0.995017
0.616000 0.995058
0.620000 0.995099
0.624000 0.995141
0.628000 0.995183
0.632000 0.995225
0.636000 0.995268
0.640000 0.995311
0.644000 0.995354
0.648000 0.995398
0.652000 0.995441
0.656000 0.995485
0.660000 0.995529
0.664000 0.995574
0.668000 0.995618
0.672000 0.995663
0.676000 0.995708
0.680000 0.995753
0.684000 0.995798
0.688000 0.995844
0.692000 0.995890
0.696000 0.995935
0.700000 0.995981
0.704000 0.996027
0.708000 0.996073
0.712000 0.996119
0.716000 0.996165
0.720000 0.996211
0.724000 0.996257
0.728000 0.996304
0.732000 0.996350
0.736000 0.996396
0.740000 0.996442
0.744000 0.996489
0.748000 0.996535
0.752000 0.996581
0.756000 0.996627
0.760000 0.996673
0.764000 0.996719
0.768000 0.996765
0.772000 0.996810
0.776000 0.996856
0.780000 0.996901
0.784000 0.996947
0.788000 0.996992
0.792000 0.997037
0.796000 0.997082
0.800000 0.997126
0.804000 0.997171
0.808000 0.997215
0.812000 0.997259
0.816000 0.997303
0.820000 0.997346
0.824000 0.997389
0.828000 0.997432
0.832000 0.997475
0.836000 0.997517
0.840000 0.997560
0.844000 0.997602
0.848000 0.997643
0.852000 0.997684
0.856000 0.997725
0.860000 0.997766
0.864000 0.997806
0.868000 0.997846
0.872000 0.997886
0.876000 0.997925
0.880000 0.997964
0.884000 0.998002
0.888000 0.998040
0.892000 0.998078
0.896000 0.998115
0.900000 0.998152
0.904000 0.998189
0.908000 0.998225
0.912000 0.998261
0.916000 0.998296
0.920000 0.998331
0.924000 0.998366
0.928000 0.998400
0.932000 0.998434
0.936000 0.998467
0.940000 0.998500
0.944000 0.998533
0.948000 0.998565
0.952000 0.998597
0.956000 0.998629
0.960000 0.998660
0.964000 0.998692
0.968000 0.998724
0.972000 0.998757
0.976000 0.998790
0.980000 0.998825
0.984000 0.998863
0.988000 0.998904
0.992000 0.998950
0.996000 0.999004
1.000000 0.999070
