-1.000000 0.997928
-0.996000 0.997928
-0.992000 0.997928
-0.988000 0.997928
-0.984000 0.997928
-0.980000 0.997928
-0.976000 0.997928
-0.972000 0.997928
-0.968000 0.997928
-0.964000 0.997928
-0.960000 0.997928
-0.956000 0.997928
-0.952000 0.997928
-0.948000 0.997928
-0.944000 0.997928
-0.940000 0.997928
-0.936000 0.997928
-0.932000 0.997928
-0.928000 0.997928
-0.924000 0.997928
-0.920000 0.997928
-0.916000 0.997928
-0.912000 0.997928
-0.908000 0.997928
-0.904000 0.997928
-0.900000 0.997928
-0.896000 0.997928
-0.892000 0.997928
-0.888000 0.997928
-0.884000 0.997928
-0.880000 0.997928
-0.876000 0.997928
-0.872000 0.997928
-0.868000 0.997928
-0.864000 0.997928
-0.860000 0.997928
-0.856000 0.997928
-0.852000 0.997928
-0.848000 0.997928
-0.844000 0.997928
-0.840000 0.997928
-0.836000 0.997928
-0.832000 0.997928
-0.828000 0.997928
-0.824000 0.997928
-0.820000 0.997928
-0.816000 0.997928
-0.812000 0.997928
-0.808000 0.997928
-0.804000 0.997928
-0.800000 0.997928
-0.796000 0.997928
-0.792000 0.997928
-0.788000 0.997928
-0.784000 0.997928
-0.780000 0.997928
-0.776000 0.997928
-0.772000 0.997928
-0.768000 0.997928
-0.764000 0.997928
-0.760000 0.997928
-0.756000 0.997928
-0.752000 0.997928
-0.748000 0.997928
-0.744000 0.997928
-0.740000 0.997928
-0.736000 0.997928
-0.732000 0.997928
-0.728000 0.997928
-0.724000 0.997928
-0.720000 0.997928
-0.716000 0.997928
-0.712000 0.997928
-0.708000 0.997928
-0.704000 0.997928
-0.700000 0.997928
-0.696000 0.997928
-0.692000 0.997928
-0.688000 0.997928
-0.684000 0.997928
-0.680000 0.997928
-0.676000 0.997928
-0.672000 0.997928
-0.668000 0.997928
-0.664000 0.997928
-0.660000 0.997928
-0.656000 0.997928
-0.652000 0.997928
-0.648000 0.997928
-0.644000 0.997928
-0.640000 0.997928
-0.636000 0.997928
-0.632000 0.997928
-0.628000 0.997928
-0.624000 0.997928
-0.620000 0.997928
-0.616000 0.997928
-0.612000 0.997928
-0.608000 0.997928
-0.604000 0.997928
-0.600000 0.997928
-0.596000 0.997928
-0.592000 0.997928
-0.588000 0.997928
-0.584000 0.997928
-0.580000 0.997928
-0.576000 0.997928
-0.572000 0.997928
-0.568000 0.997928
-0.564000 0.997928
-0.560000 0.997928
-0.556000 0.997928
-0.552000 0.997928
-0.548000 0.997928
-0.544000 0.997928
-0.540000 0.997928
-0.536000 0.997928
-0.532000 0.997928
-0.528000 0.997928
-0.524000 0.997928
-0.520000 0.997928
-0.516000 0.997928
-0.512000 0.997928
-0.508000 0.997928
-0.504000 0.997928
-0.500000 0.997928
-0.496000 0.997928
-0.492000 0.997928
-0.488000 0.997928
-0.484000 0.997928
-0.480000 0.997928
-0.476000 0.997928
-0.472000 0.997928
-0.468000 0.997928
-0.464000 0.997928
-0.460000 0.997928
-0.456000 0.997928
-0.452000 0.997928
-0.448000 0.997928
-0.444000 0.997928
-0.440000 0.997928
-0.436000 0.997928
-0.432000 0.997928
-0.428000 0.997928
-0.424000 0.997928
-0.420000 0.997928
-0.416000 0.997928
-0.412000 0.997928
-0.408000 0.997928
-0.404000 0.997928
-0.400000 0.997928
-0.396000 0.997928
-0.392000 0.997928
-0.388000 0.997928
-0.384000 0.997928
-0.380000 0.997928
-0.376000 0.997928
-0.372000 0.997928
-0.368000 0.997928
-0.364000 0.997928
-0.360000 0.997928
-0.356000 0.997928
-0.352000 0.997928
-0.348000 0.997928
-0.344000 0.997928
-0.340000 0.997928
-0.336000 0.997928
-0.332000 0.997928
-0.328000 0.997928
-0.324000 0.997928
-0.320000 0.997928
-0.316000 0.997928
-0.312000 0.997928
-0.308000 0.997928
-0.304000 0.997928
-0.300000 0.997928
-0.296000 0.997928
-0.292000 0.997928
-0.288000 0.997928
-0.284000 0.997928
-0.280000 0.997928
-0.276000 0.997928
-0.272000 0.997928
-0.268000 0.997928
-0.264000 0.997928
-0.260000 0.997928
-0.256000 0.997928
-0.252000 0.997928
-0.248000 0.997928
-0.244000 0.997928
-0.240000 0.997928
-0.236000 0.997928
-0.232000 0.997928
-0.228000 0.997928
-0.224000 0.997928
-0.220000 0.997928
-0.216000 0.997928
-0.212000 0.997928
-0.208000 0.997928
-0.204000 0.997928
-0.200000 0.997928
-0.196000 0.997928
-0.192000 0.997928
-0.188000 0.997928
-0.184000 0.997928
-0.180000 0.997928
-0.176000 0.997928
-0.172000 0.997928
-0.168000 0.997928
-0.164000 0.997928
-0.160000 0.997928
-0.156000 0.997928
-0.152000 0.997928
-0.148000 0.997928
-0.144000 0.997928
-0.140000 0.997928
-0.136000 0.997928
-0.132000 0.997928
-0.128000 0.997928
-0.124000 0.997928
-0.120000 0.997928
-0.116000 0.997928
-0.112000 0.997928
-0.108000 0.997928
-0.104000 0.997928
-0.100000 0.997928
-0.096000 0.997928
-0.092000 0.997928
-0.088000 0.997928
-0.084000 0.997928
-0.080000 0.997928
-0.076000 0.997928
-0.072000 0.997928
-0.068000 0.997927
-0.064000 0.997927
-0.060000 0.997927
-0.056000 0.997927
-0.052000 0.997927
-0.048000 0.997927
-0.044000 0.997927
-0.040000 0.997927
-0.036000 0.997927
-0.032000 0.997927
-0.028000 0.997927
-0.024000 0.997927
-0.020000 0.997927
-0.016000 0.997927
-0.012000 0.997927
-0.008000 0.997926
-0.004000 0.997926
0.000000 0.997926
0.004000 0.997926
0.008000 0.997926
0.012000 0.997926
0.016000 0.997926
0.020000 0.997926
0.024000 0.997925
0.028000 0.997925
0.032000 0.997925
0.036000 0.997925
0.040000 0.997925
0.044000 0.997924
0.048000 0.997924
0.052000 0.997924
0.056000 0.997924
0.060000 0.997923
0.064000 0.997923
0.068000 0.997923
0.072000 0.997922
0.076000 0.997922
0.080000 0.997922
0.084000 0.997921
0.088000 0.997921
0.092000 0.997920
0.096000 0.997920
0.100000 0.997919
0.104000 0.997919
0.108000 0.997918
0.112000 0.997918
0.116000 0.997917
0.120000 0.997916
0.124000 0.997916
0.128000 0.997915
0.132000 0.997914
0.136000 0.997913
0.140000 0.997912
0.144000 0.997911
0.148000 0.997910
0.152000 0.997909
0.156000 0.997908
0.160000 0.997907
0.164000 0.997906
0.168000 0.997905
0.172000 0.997904
0.176000 0.997902
0.180000 0.997901
0.184000 0.997899
0.188000 0.997898
0.192000 0.997896
0.196000 0.997894
0.200000 0.997893
0.204000 0.997891
0.208000 0.997889
0.212000 0.997887
0.216000 0.997885
0.220000 0.997882
0.224000 0.997880
0.228000 0.997878
0.232000 0.997875
0.236000 0.997872
0.240000 0.997870
0.244000 0.997867
0.248000 0.997864
0.252000 0.997861
0.256000 0.997857
0.260000 0.997854
0.264000 0.997850
0.268000 0.997847
0.272000 0.997843
0.276000 0.997839
0.280000 0.997835
0.284000 0.997830
0.288000 0.997826
0.292000 0.997821
0.296000 0.997817
0.300000 0.997811
0.304000 0.997806
0.308000 0.997801
0.312000 0.997795
0.316000 0.997789
0.320000 0.997783
0.324000 0.997777
0.328000 0.997771
0.332000 0.997764
0.336000 0.997757
0.340000 0.997750
0.344000 0.997743
0.348000 0.997735
0.352000 0.997727
0.356000 0.997719
0.360000 0.997710
0.364000 0.997702
0.368000 0.997693
0.372000 0.997683
0.376000 0.997674
0.380000 0.997664
0.384000 0.997654
0.388000 0.997643
0.392000 0.997633
0.396000 0.997621
0.400000 0.997610
0.404000 0.997598
0.408000 0.997586
0.412000 0.997574
0.416000 0.997561
0.420000 0.997548
0.424000 0.997534
0.428000 0.997520
0.432000 0.997506
0.436000 0.997491
0.440000 0.997476
0.444000 0.997461
0.448000 0.997445
0.452000 0.997429
0.456000 0.997412
0.460000 0.997395
0.464000 0.997377
0.468000 0.997360
0.472000 0.997341
0.476000 0.997322
0.480000 0.997303
0.484000 0.997284
0.488000 0.997264
0.492000 0.997243
0.496000 0.997222
0.500000 0.997201
0.504000 0.997179
0.508000 0.997157
0.512000 0.997134
0.516000 0.997111
0.520000 0.997087
0.524000 0.997063
0.528000 0.997038
0.532000 0.997013
0.536000 0.996988
0.540000 0.996962
0.544000 0.996935
0.548000 0.996908
0.552000 0.996881
0.556000 0.996853
0.560000 0.996824
0.564000 0.996796
0.568000 0.996766
0.572000 0.996737
0.576000 0.996706
0.580000 0.996676
0.584000 0.996644
0.588000 0.996613
0.592000 0.996581
0.596000 0.996548
0.600000 0.996515
0.604000 0.996482
0.608000 0.996448
0.612000 0.996414
0.616000 0.996379
0.620000 0.996344
0.624000 0.996308
0.628000 0.996272
0.632000 0.996236
0.636000 0.996199
0.640000 0.996162
0.644000 0.996124
0.648000 0.996086
0.652000 0.996048
0.656000 0.996009
0.660000 0.995970
0.664000 0.995931
0.668000 0.995891
0.672000 0.995851
0.676000 0.995810
0.680000 0.995770
0.684000 0.995729
0.688000 0.995687
0.692000 0.995645
0.696000 0.995604
0.700000 0.995561
0.704000 0.995519
0.708000 0.995476
0.712000 0.995433
0.716000 0.995390
0.720000 0.995347
0.724000 0.995303
0.728000 0.995259
0.732000 0.995215
0.736000 0.995171
0.740000 0.995127
0.744000 0.995082
0.748000 0.995037
0.752000 0.994993
0.756000 0.994948
0.760000 0.994903
0.764000 0.994858
0.768000 0.994813
0.772000 0.994768
0.776000 0.994722
0.780000 0.994677
0.784000 0.994632
0.788000 0.994587
0.792000 0.994541
0.796000 0.994496
0.800000 0.994451
0.804000 0.994405
0.808000 0.994360
0.812000 0.994315
0.816000 0.994270
0.820000 0.994225
0.824000 0.994180
0.828000 0.994136
0.832000 0.994091
0.836000 0.994046
0.840000 0.994002
0.844000 0.993958
0.848000 0.993914
0.852000 0.993870
0.856000 0.993826
0.860000 0.993783
0.864000 0.993740
0.868000 0.993697
0.872000 0.993654
0.876000 0.993611
0.880000 0.993569
0.884000 0.993527
0.888000 0.993485
0.892000 0.993443
0.896000 0.993402
0.900000 0.993361
0.904000 0.993321
0.908000 0.993280
0.912000 0.993240
0.916000 0.993201
0.920000 0.993161
0.924000 0.993122
0.928000 0.993083
0.932000 0.993045
0.936000 0.993007
0.940000 0.992969
0.944000 0.992932
0.948000 0.992894
0.952000 0.992857
0.956000 0.992820
0.960000 0.992783
0.964000 0.992746
0.968000 0.992708
0.972000 0.992670
0.976000 0.992630
0.980000 0.992588
0.984000 0.992544
0.988000 0.992495
0.992000 0.992439
0.996000 0.992375
1.000000 0.992297
