-1.000000 0.997928
-0.996000 0.997928
-0.992000 0.997928
-0.988000 0.997928
-0.984000 0.997928
-0.980000 0.997928
-0.976000 0.997928
-0.972000 0.997928
-0.968000 0.997928
-0.964000 0.997928
-0.960000 0.997928
-0.956000 0.997928
-0.952000 0.997928
-0.948000 0.997928
-0.944000 0.997928
-0.940000 0.997928
-0.936000 0.997928
-0.932000 0.997928
-0.928000 0.997928
-0.924000 0.997928
-0.920000 0.997928
-0.916000 0.997928
-0.912000 0.997928
-0.908000 0.997928
-0.904000 0.997928
-0.900000 0.997928
-0.896000 0.997928
-0.892000 0.997928
-0.888000 0.997928
-0.884000 0.997928
-0.880000 0.997928
-0.876000 0.997928
-0.872000 0.997928
-0.868000 0.997928
-0.864000 0.997928
-0.860000 0.997928
-0.856000 0.997928
-0.852000 0.997928
-0.848000 0.997928
-0.844000 0.997928
-0.840000 0.997928
-0.836000 0.997928
-0.832000 0.997928
-0.828000 0.997928
-0.824000 0.997928
-0.820000 0.997928
-0.816000 0.997928
-0.812000 0.997928
-0.808000 0.997928
-0.804000 0.997928
-0.800000 0.997928
-0.796000 0.997928
-0.792000 0.997928
-0.788000 0.997928
-0.784000 0.997928
-0.780000 0.997928
-0.776000 0.997928
-0.772000 0.997928
-0.768000 0.997928
-0.764000 0.997928
-0.760000 0.997928
-0.756000 0.997928
-0.752000 0.997928
-0.748000 0.997928
-0.744000 0.997928
-0.740000 0.997928
-0.736000 0.997928
-0.732000 0.997928
-0.728000 0.997928
-0.724000 0.997928
-0.720000 0.997928
-0.716000 0.997928
-0.712000 0.997928
-0.708000 0.997928
-0.704000 0.997928
-0.700000 0.997928
-0.696000 0.997928
-0.692000 0.997928
-0.688000 0.997928
-0.684000 0.997928
-0.680000 0.997928
-0.676000 0.997928
-0.672000 0.997928
-0.668000 0.997928
-0.664000 0.997928
-0.660000 0.997928
-0.656000 0.997928
-0.652000 0.997928
-0.648000 0.997928
-0.644000 0.997928
-0.640000 0.997928
-0.636000 0.997928
-0.632000 0.997928
-0.628000 0.997928
-0.624000 0.997928
-0.620000 0.997928
-0.616000 0.997928
-0.612000 0.997928
-0.608000 0.997928
-0.604000 0.997928
-0.600000 0.997928
-0.596000 0.997928
-0.592000 0.997928
-0.588000 0.997928
-0.584000 0.997928
-0.580000 0.997928
-0.576000 0.997928
-0.572000 0.997928
-0.568000 0.997928
-0.564000 0.997928
-0.560000 0.997928
-0.556000 0.997928
-0.552000 0.997928
-0.548000 0.997928
-0.544000 0.997928
-0.540000 0.997928
-0.536000 0.997928
-0.532000 0.997928
-0.528000 0.997928
-0.524000 0.997928
-0.520000 0.997928
-0.516000 0.997928
-0.512000 0.997928
-0.508000 0.997928
-0.504000 0.997928
-0.500000 0.997928
-0.496000 0.997928
-0.492000 0.997928
-0.488000 0.997928
-0.484000 0.997928
-0.480000 0.997928
-0.476000 0.997928
-0.472000 0.997927
-0.468000 0.997927
-0.464000 0.997927
-0.460000 0.997927
-0.456000 0.997927
-0.452000 0.997927
-0.448000 0.997927
-0.444000 0.997927
-0.440000 0.997927
-0.436000 0.997927
-0.432000 0.997927
-0.428000 0.997927
-0.424000 0.997926
-0.420000 0.997926
-0.416000 0.997926
-0.412000 0.997926
-0.408000 0.997926
-0.404000 0.997926
-0.400000 0.997925
-0.396000 0.997925
-0.392000 0.997925
-0.388000 0.997925
-0.384000 0.997924
-0.380000 0.997924
-0.376000 0.997924
-0.372000 0.997923
-0.368000 0.997923
-0.364000 0.997923
-0.360000 0.997922
-0.356000 0.997922
-0.352000 0.997921
-0.348000 0.997921
-0.344000 0.997920
-0.340000 0.997920
-0.336000 0.997919
-0.332000 0.997918
-0.328000 0.997917
-0.324000 0.997917
-0.320000 0.997916
-0.316000 0.997915
-0.312000 0.997914
-0.308000 0.997913
-0.304000 0.997912
-0.300000 0.997911
-0.296000 0.997909
-0.292000 0.997908
-0.288000 0.997907
-0.284000 0.997905
-0.280000 0.997903
-0.276000 0.997902
-0.272000 0.997900
-0.268000 0.997898
-0.264000 0.997896
-0.260000 0.997894
-0.256000 0.997892
-0.252000 0.997889
-0.248000 0.997887
-0.244000 0.997884
-0.240000 0.997881
-0.236000 0.997878
-0.232000 0.997875
-0.228000 0.997872
-0.224000 0.997869
-0.220000 0.997865
-0.216000 0.997861
-0.212000 0.997857
-0.208000 0.997853
-0.204000 0.997848
-0.200000 0.997844
-0.196000 0.997839
-0.192000 0.997833
-0.188000 0.997828
-0.184000 0.997822
-0.180000 0.997816
-0.176000 0.997810
-0.172000 0.997804
-0.168000 0.997797
-0.164000 0.997790
-0.160000 0.997782
-0.156000 0.997775
-0.152000 0.997767
-0.148000 0.997758
-0.144000 0.997749
-0.140000 0.997740
-0.136000 0.997731
-0.132000 0.997721
-0.128000 0.997710
-0.124000 0.997700
-0.120000 0.997688
-0.116000 0.997677
-0.112000 0.997665
-0.108000 0.997652
-0.104000 0.997639
-0.100000 0.997626
-0.096000 0.997612
-0.092000 0.997597
-0.088000 0.997582
-0.084000 0.997567
-0.080000 0.997551
-0.076000 0.997534
-0.072000 0.997517
-0.068000 0.997499
-0.064000 0.997481
-0.060000 0.997462
-0.056000 0.997443
-0.052000 0.997423
-0.048000 0.997402
-0.044000 0.997381
-0.040000 0.997359
-0.036000 0.997337
-0.032000 0.997313
-0.028000 0.997290
-0.024000 0.997265
-0.020000 0.997240
-0.016000 0.997214
-0.012000 0.997188
-0.008000 0.997161
-0.004000 0.997133
0.000000 0.997104
0.004000 0.997075
0.008000 0.997045
0.012000 0.997015
0.016000 0.996984
0.020000 0.996952
0.024000 0.996919
0.028000 0.996886
0.032000 0.996852
0.036000 0.996817
0.040000 0.996782
0.044000 0.996746
0.048000 0.996709
0.052000 0.996671
0.056000 0.996633
0.060000 0.996594
0.064000 0.996555
0.068000 0.996515
0.072000 0.996474
0.076000 0.996433
0.080000 0.996390
0.084000 0.996348
0.088000 0.996304
0.092000 0.996261
0.096000 0.996216
0.100000 0.996171
0.104000 0.996125
0.108000 0.996079
0.112000 0.996032
0.116000 0.995985
0.120000 0.995937
0.124000 0.995889
0.128000 0.995840
0.132000 0.995791
0.136000 0.995741
0.140000 0.995691
0.144000 0.995640
0.148000 0.995589
0.152000 0.995538
0.156000 0.995486
0.160000 0.995434
0.164000 0.995381
0.168000 0.995328
0.172000 0.995275
0.176000 0.995222
0.180000 0.995168
0.184000 0.995115
0.188000 0.995061
0.192000 0.995007
0.196000 0.994952
0.200000 0.994898
0.204000 0.994843
0.208000 0.994789
0.212000 0.994734
0.216000 0.994679
0.220000 0.994624
0.224000 0.994569
0.228000 0.994514
0.232000 0.994460
0.236000 0.994405
0.240000 0.994350
0.244000 0.994296
0.248000 0.994241
0.252000 0.994187
0.256000 0.994133
0.260000 0.994079
0.264000 0.994025
0.268000 0.993972
0.272000 0.993919
0.276000 0.993866
0.280000 0.993813
0.284000 0.993761
0.288000 0.993709
0.292000 0.993657
0.296000 0.993606
0.300000 0.993555
0.304000 0.993504
0.308000 0.993454
0.312000 0.993404
0.316000 0.993355
0.320000 0.993306
0.324000 0.993257
0.328000 0.993209
0.332000 0.993162
0.336000 0.993115
0.340000 0.993069
0.344000 0.993023
0.348000 0.992977
0.352000 0.992933
0.356000 0.992888
0.360000 0.992845
0.364000 0.992801
0.368000 0.992759
0.372000 0.992717
0.376000 0.992676
0.380000 0.992635
0.384000 0.992595
0.388000 0.992555
0.392000 0.992516
0.396000 0.992478
0.400000 0.992440
0.404000 0.992403
0.408000 0.992367
0.412000 0.992331
0.416000 0.992296
0.420000 0.992262
0.424000 0.992228
0.428000 0.992194
0.432000 0.992162
0.436000 0.992130
0.440000 0.992099
0.444000 0.992068
0.448000 0.992038
0.452000 0.992008
0.456000 0.991980
0.460000 0.991951
0.464000 0.991924
0.468000 0.991897
0.472000 0.991870
0.476000 0.991845
0.480000 0.991819
0.484000 0.991795
0.488000 0.991771
0.492000 0.991747
0.496000 0.991724
0.500000 0.991702
0.504000 0.991680
0.508000 0.991659
0.512000 0.991638
0.516000 0.991618
0.520000 0.991599
0.524000 0.991580
0.528000 0.991561
0.532000 0.991543
0.536000 0.991525
0.540000 0.991508
0.544000 0.991492
0.548000 0.991476
0.552000 0.991460
0.556000 0.991445
0.560000 0.991430
0.564000 0.991416
0.568000 0.991402
0.572000 0.991388
0.576000 0.991375
0.580000 0.991363
0.584000 0.991350
0.588000 0.991338
0.592000 0.991327
0.596000 0.991316
0.600000 0.991305
0.604000 0.991295
0.608000 0.991284
0.612000 0.991275
0.616000 0.991265
0.620000 0.991256
0.624000 0.991247
0.628000 0.991239
0.632000 0.991231
0.636000 0.991223
0.640000 0.991215
0.644000 0.991208
0.648000 0.991201
0.652000 0.991194
0.656000 0.991187
0.660000 0.991181
0.664000 0.991175
0.668000 0.991169
0.672000 0.991163
0.676000 0.991158
0.680000 0.991152
0.684000 0.991147
0.688000 0.991143
0.692000 0.991138
0.696000 0.991133
0.700000 0.991129
0.704000 0.991125
0.708000 0.991121
0.712000 0.991117
0.716000 0.991114
0.720000 0.991110
0.724000 0.991107
0.728000 0.991103
0.732000 0.991100
0.736000 0.991097
0.740000 0.991095
0.744000 0.991092
0.748000 0.991089
0.752000 0.991087
0.756000 0.991084
0.760000 0.991082
0.764000 0.991080
0.768000 0.991078
0.772000 0.991076
0.776000 0.991074
0.780000 0.991072
0.784000 0.991070
0.788000 0.991069
0.792000 0.991067
0.796000 0.991066
0.800000 0.991064
0.804000 0.991063
0.808000 0.991061
0.812000 0.991060
0.816000 0.991059
0.820000 0.991058
0.824000 0.991057
0.828000 0.991056
0.832000 0.991055
0.836000 0.991054
0.840000 0.991053
0.844000 0.991052
0.848000 0.991051
0.852000 0.991051
0.856000 0.991050
0.860000 0.991049
0.864000 0.991048
0.868000 0.991048
0.872000 0.991047
0.876000 0.991047
0.880000 0.991046
0.884000 0.991046
0.888000 0.991045
0.892000 0.991045
0.896000 0.991044
0.900000 0.991044
0.904000 0.991044
0.908000 0.991043
0.912000 0.991043
0.916000 0.991042
0.920000 0.991042
0.924000 0.991042
0.928000 0.991042
0.932000 0.991041
0.936000 0.991041
0.940000 0.991041
0.944000 0.991041
0.948000 0.991040
0.952000 0.991040
0.956000 0.991040
0.960000 0.991040
0.964000 0.991040
0.968000 0.991039
0.972000 0.991039
0.976000 0.991039
0.980000 0.991039
0.984000 0.991039
0.988000 0.991039
0.992000 0.991039
0.996000 0.991038
1.000000 0.991038
