-1.000000 0.997928
-0.996000 0.997928
-0.992000 0.997928
-0.988000 0.997928
-0.984000 0.997928
-0.980000 0.997928
-0.976000 0.997928
-0.972000 0.997928
-0.968000 0.997928
-0.964000 0.997928
-0.960000 0.997928
-0.956000 0.997928
-0.952000 0.997928
-0.948000 0.997928
-0.944000 0.997928
-0.940000 0.997928
-0.936000 0.997928
-0.932000 0.997928
-0.928000 0.997928
-0.924000 0.997928
-0.920000 0.997928
-0.916000 0.997928
-0.912000 0.997928
-0.908000 0.997928
-0.904000 0.997928
-0.900000 0.997928
-0.896000 0.997928
-0.892000 0.997928
-0.888000 0.997928
-0.884000 0.997928
-0.880000 0.997928
-0.876000 0.997928
-0.872000 0.997928
-0.868000 0.997928
-0.864000 0.997928
-0.860000 0.997928
-0.856000 0.997928
-0.852000 0.997928
-0.848000 0.997928
-0.844000 0.997928
-0.840000 0.997928
-0.836000 0.997928
-0.832000 0.997928
-0.828000 0.997928
-0.824000 0.997928
-0.820000 0.997928
-0.816000 0.997928
-0.812000 0.997928
-0.808000 0.997928
-0.804000 0.997928
-0.800000 0.997928
-0.796000 0.997928
-0.792000 0.997928
-0.788000 0.997928
-0.784000 0.997928
-0.780000 0.997928
-0.776000 0.997928
-0.772000 0.997928
-0.768000 0.997928
-0.764000 0.997928
-0.760000 0.997928
-0.756000 0.997928
-0.752000 0.997928
-0.748000 0.997928
-0.744000 0.997928
-0.740000 0.997928
-0.736000 0.997928
-0.732000 0.997928
-0.728000 0.997928
-0.724000 0.997928
-0.720000 0.997928
-0.716000 0.997928
-0.712000 0.997928
-0.708000 0.997928
-0.704000 0.997928
-0.700000 0.997928
-0.696000 0.997928
-0.692000 0.997928
-0.688000 0.997928
-0.684000 0.997928
-0.680000 0.997928
-0.676000 0.997928
-0.672000 0.997928
-0.668000 0.997928
-0.664000 0.997928
-0.660000 0.997928
-0.656000 0.997928
-0.652000 0.997928
-0.648000 0.997928
-0.644000 0.997928
-0.640000 0.997928
-0.636000 0.997928
-0.632000 0.997928
-0.628000 0.997928
-0.624000 0.997928
-0.620000 0.997928
-0.616000 0.997928
-0.612000 0.997928
-0.608000 0.997928
-0.604000 0.997928
-0.600000 0.997928
-0.596000 0.997928
-0.592000 0.997928
-0.588000 0.997928
-0.584000 0.997928
-0.580000 0.997928
-0.576000 0.997928
-0.572000 0.997928
-0.568000 0.997928
-0.564000 0.997928
-0.560000 0.997928
-0.556000 0.997928
-0.552000 0.997928
-0.548000 0.997928
-0.544000 0.997928
-0.540000 0.997928
-0.536000 0.997928
-0.532000 0.997928
-0.528000 0.997928
-0.524000 0.997928
-0.520000 0.997928
-0.516000 0.997928
-0.512000 0.997928
-0.508000 0.997928
-0.504000 0.997928
-0.500000 0.997928
-0.496000 0.997928
-0.492000 0.997928
-0.488000 0.997928
-0.484000 0.997928
-0.480000 0.997928
-0.476000 0.997928
-0.472000 0.997928
-0.468000 0.997928
-0.464000 0.997928
-0.460000 0.997928
-0.456000 0.997928
-0.452000 0.997928
-0.448000 0.997928
-0.444000 0.997928
-0.440000 0.997928
-0.436000 0.997928
-0.432000 0.997928
-0.428000 0.997928
-0.424000 0.997928
-0.420000 0.997928
-0.416000 0.997928
-0.412000 0.997928
-0.408000 0.997928
-0.404000 0.997928
-0.400000 0.997928
-0.396000 0.997928
-0.392000 0.997928
-0.388000 0.997928
-0.384000 0.997928
-0.380000 0.997928
-0.376000 0.997928
-0.372000 0.997928
-0.368000 0.997928
-0.364000 0.997928
-0.360000 0.997928
-0.356000 0.997928
-0.352000 0.997928
-0.348000 0.997928
-0.344000 0.997928
-0.340000 0.997928
-0.336000 0.997928
-0.332000 0.997928
-0.328000 0.997928
-0.324000 0.997928
-0.320000 0.997928
-0.316000 0.997928
-0.312000 0.997928
-0.308000 0.997928
-0.304000 0.997928
-0.300000 0.997928
-0.296000 0.997928
-0.292000 0.997928
-0.288000 0.997928
-0.284000 0.997928
-0.280000 0.997928
-0.276000 0.997928
-0.272000 0.997928
-0.268000 0.997928
-0.264000 0.997928
-0.260000 0.997928
-0.256000 0.997928
-0.252000 0.997928
-0.248000 0.997928
-0.244000 0.997928
-0.240000 0.997927
-0.236000 0.997927
-0.232000 0.997927
-0.228000 0.997927
-0.224000 0.997927
-0.220000 0.997927
-0.216000 0.997927
-0.212000 0.997927
-0.208000 0.997927
-0.204000 0.997927
-0.200000 0.997927
-0.196000 0.997927
-0.192000 0.997927
-0.188000 0.997927
-0.184000 0.997926
-0.180000 0.997926
-0.176000 0.997926
-0.172000 0.997926
-0.168000 0.997926
-0.164000 0.997926
-0.160000 0.997925
-0.156000 0.997925
-0.152000 0.997925
-0.148000 0.997925
-0.144000 0.997925
-0.140000 0.997924
-0.136000 0.997924
-0.132000 0.997924
-0.128000 0.997924
-0.124000 0.997923
-0.120000 0.997923
-0.116000 0.997923
-0.112000 0.997922
-0.108000 0.997922
-0.104000 0.997921
-0.100000 0.997921
-0.096000 0.997920
-0.092000 0.997920
-0.088000 0.997919
-0.084000 0.997919
-0.080000 0.997918
-0.076000 0.997917
-0.072000 0.997917
-0.068000 0.997916
-0.064000 0.997915
-0.060000 0.997914
-0.056000 0.997914
-0.052000 0.997913
-0.048000 0.997912
-0.044000 0.997911
-0.040000 0.997910
-0.036000 0.997908
-0.032000 0.997907
-0.028000 0.997906
-0.024000 0.997905
-0.020000 0.997903
-0.016000 0.997902
-0.012000 0.997900
-0.008000 0.997899
-0.004000 0.997897
0.000000 0.997895
0.004000 0.997893
0.008000 0.997891
0.012000 0.997889
0.016000 0.997887
0.020000 0.997884
0.024000 0.997882
0.028000 0.997879
0.032000 0.997877
0.036000 0.997874
0.040000 0.997871
0.044000 0.997868
0.048000 0.997865
0.052000 0.997861
0.056000 0.997858
0.060000 0.997854
0.064000 0.997850
0.068000 0.997846
0.072000 0.997842
0.076000 0.997838
0.080000 0.997833
0.084000 0.997828
0.088000 0.997824
0.092000 0.997818
0.096000 0.997813
0.100000 0.997807
0.104000 0.997802
0.108000 0.997796
0.112000 0.997789
0.116000 0.997783
0.120000 0.997776
0.124000 0.997769
0.128000 0.997762
0.132000 0.997754
0.136000 0.997746
0.140000 0.997738
0.144000 0.997730
0.148000 0.997721
0.152000 0.997712
0.156000 0.997703
0.160000 0.997693
0.164000 0.997683
0.168000 0.997672
0.172000 0.997662
0.176000 0.997651
0.180000 0.997639
0.184000 0.997627
0.188000 0.997615
0.192000 0.997603
0.196000 0.997590
0.200000 0.997576
0.204000 0.997563
0.208000 0.997548
0.212000 0.997534
0.216000 0.997519
0.220000 0.997503
0.224000 0.997487
0.228000 0.997471
0.232000 0.997454
0.236000 0.997437
0.240000 0.997419
0.244000 0.997401
0.248000 0.997382
0.252000 0.997363
0.256000 0.997343
0.260000 0.997323
0.264000 0.997302
0.268000 0.997281
0.272000 0.997259
0.276000 0.997237
0.280000 0.997214
0.284000 0.997191
0.288000 0.997167
0.292000 0.997143
0.296000 0.997118
0.300000 0.997093
0.304000 0.997067
0.308000 0.997040
0.312000 0.997013
0.316000 0.996986
0.320000 0.996958
0.324000 0.996929
0.328000 0.996900
0.332000 0.996870
0.336000 0.996840
0.340000 0.996809
0.344000 0.996778
0.348000 0.996746
0.352000 0.996714
0.356000 0.996681
0.360000 0.996647
0.364000 0.996613
0.368000 0.996578
0.372000 0.996543
0.376000 0.996508
0.380000 0.996472
0.384000 0.996435
0.388000 0.996398
0.392000 0.996360
0.396000 0.996322
0.400000 0.996284
0.404000 0.996245
0.408000 0.996205
0.412000 0.996165
0.416000 0.996125
0.420000 0.996084
0.424000 0.996042
0.428000 0.996001
0.432000 0.995959
0.436000 0.995916
0.440000 0.995873
0.444000 0.995830
0.448000 0.995786
0.452000 0.995742
0.456000 0.995698
0.460000 0.995653
0.464000 0.995608
0.468000 0.995562
0.472000 0.995517
0.476000 0.995471
0.480000 0.995424
0.484000 0.995378
0.488000 0.995331
0.492000 0.995284
0.496000 0.995237
0.500000 0.995190
0.504000 0.995142
0.508000 0.995094
0.512000 0.995046
0.516000 0.994998
0.520000 0.994950
0.524000 0.994902
0.528000 0.994853
0.532000 0.994805
0.536000 0.994756
0.540000 0.994708
0.544000 0.994659
0.548000 0.994610
0.552000 0.994562
0.556000 0.994513
0.560000 0.994464
0.564000 0.994416
0.568000 0.994367
0.572000 0.994319
0.576000 0.994271
0.580000 0.994222
0.584000 0.994174
0.588000 0.994126
0.592000 0.994078
0.596000 0.994030
0.600000 0.993983
0.604000 0.993936
0.608000 0.993888
0.612000 0.993841
0.616000 0.993795
0.620000 0.993748
0.624000 0.993702
0.628000 0.993656
0.632000 0.993610
0.636000 0.993565
0.640000 0.993520
0.644000 0.993475
0.648000 0.993431
0.652000 0.993386
0.656000 0.993343
0.660000 0.993299
0.664000 0.993256
0.668000 0.993214
0.672000 0.993171
0.676000 0.993129
0.680000 0.993088
0.684000 0.993047
0.688000 0.993006
0.692000 0.992966
0.696000 0.992926
0.700000 0.992887
0.704000 0.992848
0.708000 0.992809
0.712000 0.992771
0.716000 0.992734
0.720000 0.992697
0.724000 0.992660
0.728000 0.992624
0.732000 0.992588
0.736000 0.992553
0.740000 0.992518
0.744000 0.992484
0.748000 0.992451
0.752000 0.992417
0.756000 0.992385
0.760000 0.992352
0.764000 0.992321
0.768000 0.992290
0.772000 0.992259
0.776000 0.992229
0.780000 0.992199
0.784000 0.992170
0.788000 0.992141
0.792000 0.992113
0.796000 0.992085
0.800000 0.992058
0.804000 0.992031
0.808000 0.992005
0.812000 0.991979
0.816000 0.991954
0.820000 0.991929
0.824000 0.991905
0.828000 0.991881
0.832000 0.991858
0.836000 0.991835
0.840000 0.991813
0.844000 0.991791
0.848000 0.991770
0.852000 0.991749
0.856000 0.991728
0.860000 0.991708
0.864000 0.991689
0.868000 0.991669
0.872000 0.991651
0.876000 0.991632
0.880000 0.991614
0.884000 0.991597
0.888000 0.991580
0.892000 0.991563
0.896000 0.991547
0.900000 0.991531
0.904000 0.991516
0.908000 0.991501
0.912000 0.991486
0.916000 0.991472
0.920000 0.991458
0.924000 0.991444
0.928000 0.991431
0.932000 0.991418
0.936000 0.991406
0.940000 0.991393
0.944000 0.991381
0.948000 0.991370
0.952000 0.991358
0.956000 0.991347
0.960000 0.991336
0.964000 0.991326
0.968000 0.991315
0.972000 0.991304
0.976000 0.991294
0.980000 0.991283
0.984000 0.991271
0.988000 0.991259
0.992000 0.991245
0.996000 0.991229
1.000000 0.991209
