-1.000000 0.997928
-0.996000 0.997928
-0.992000 0.997928
-0.988000 0.997928
-0.984000 0.997928
-0.980000 0.997928
-0.976000 0.997928
-0.972000 0.997928
-0.968000 0.997928
-0.964000 0.997928
-0.960000 0.997928
-0.956000 0.997928
-0.952000 0.997928
-0.948000 0.997928
-0.944000 0.997928
-0.940000 0.997928
-0.936000 0.997928
-0.932000 0.997928
-0.928000 0.997928
-0.924000 0.997928
-0.920000 0.997928
-0.916000 0.997928
-0.912000 0.997928
-0.908000 0.997928
-0.904000 0.997928
-0.900000 0.997928
-0.896000 0.997928
-0.892000 0.997928
-0.888000 0.997928
-0.884000 0.997928
-0.880000 0.997928
-0.876000 0.997928
-0.872000 0.997928
-0.868000 0.997928
-0.864000 0.997928
-0.860000 0.997928
-0.856000 0.997928
-0.852000 0.997928
-0.848000 0.997928
-0.844000 0.997928
-0.840000 0.997928
-0.836000 0.997928
-0.832000 0.997928
-0.828000 0.997928
-0.824000 0.997928
-0.820000 0.997928
-0.816000 0.997928
-0.812000 0.997928
-0.808000 0.997928
-0.804000 0.997928
-0.800000 0.997928
-0.796000 0.997928
-0.792000 0.997928
-0.788000 0.997928
-0.784000 0.997928
-0.780000 0.997928
-0.776000 0.997928
-0.772000 0.997928
-0.768000 0.997928
-0.764000 0.997928
-0.760000 0.997928
-0.756000 0.997928
-0.752000 0.997928
-0.748000 0.997928
-0.744000 0.997928
-0.740000 0.997928
-0.736000 0.997928
-0.732000 0.997928
-0.728000 0.997928
-0.724000 0.997928
-0.720000 0.997928
-0.716000 0.997928
-0.712000 0.997928
-0.708000 0.997928
-0.704000 0.997928
-0.700000 0.997928
-0.696000 0.997928
-0.692000 0.997928
-0.688000 0.997928
-0.684000 0.997928
-0.680000 0.997928
-0.676000 0.997928
-0.672000 0.997928
-0.668000 0.997928
-0.664000 0.997928
-0.660000 0.997928
-0.656000 0.997928
-0.652000 0.997928
-0.648000 0.997928
-0.644000 0.997928
-0.640000 0.997928
-0.636000 0.997928
-0.632000 0.997928
-0.628000 0.997928
-0.624000 0.997928
-0.620000 0.997928
-0.616000 0.997928
-0.612000 0.997928
-0.608000 0.997928
-0.604000 0.997928
-0.600000 0.997928
-0.596000 0.997928
-0.592000 0.997928
-0.588000 0.997928
-0.584000 0.997928
-0.580000 0.997928
-0.576000 0.997928
-0.572000 0.997928
-0.568000 0.997928
-0.564000 0.997928
-0.560000 0.997928
-0.556000 0.997928
-0.552000 0.997928
-0.548000 0.997928
-0.544000 0.997928
-0.540000 0.997928
-0.536000 0.997928
-0.532000 0.997928
-0.528000 0.997928
-0.524000 0.997928
-0.520000 0.997928
-0.516000 0.997928
-0.512000 0.997928
-0.508000 0.997928
-0.504000 0.997928
-0.500000 0.997928
-0.496000 0.997928
-0.492000 0.997928
-0.488000 0.997928
-0.484000 0.997928
-0.480000 0.997927
-0.476000 0.997927
-0.472000 0.997927
-0.468000 0.997927
-0.464000 0.997927
-0.460000 0.997927
-0.456000 0.997927
-0.452000 0.997927
-0.448000 0.997927
-0.444000 0.997927
-0.440000 0.997927
-0.436000 0.997927
-0.432000 0.997926
-0.428000 0.997926
-0.424000 0.997926
-0.420000 0.997926
-0.416000 0.997926
-0.412000 0.997926
-0.408000 0.997925
-0.404000 0.997925
-0.400000 0.997925
-0.396000 0.997925
-0.392000 0.997924
-0.388000 0.997924
-0.384000 0.997924
-0.380000 0.997923
-0.376000 0.997923
-0.372000 0.997923
-0.368000 0.997922
-0.364000 0.997922
-0.360000 0.997921
-0.356000 0.997921
-0.352000 0.997920
-0.348000 0.997920
-0.344000 0.997919
-0.340000 0.997918
-0.336000 0.997918
-0.332000 0.997917
-0.328000 0.997916
-0.324000 0.997915
-0.320000 0.997914
-0.316000 0.997913
-0.312000 0.997912
-0.308000 0.997911
-0.304000 0.997909
-0.300000 0.997908
-0.296000 0.997907
-0.292000 0.997905
-0.288000 0.997904
-0.284000 0.997902
-0.280000 0.997900
-0.276000 0.997898
-0.272000 0.997896
-0.268000 0.997894
-0.264000 0.997892
-0.260000 0.997889
-0.256000 0.997887
-0.252000 0.997884
-0.248000 0.997881
-0.244000 0.997878
-0.240000 0.997875
-0.236000 0.997872
-0.232000 0.997869
-0.228000 0.997865
-0.224000 0.997861
-0.220000 0.997857
-0.216000 0.997853
-0.212000 0.997848
-0.208000 0.997843
-0.204000 0.997839
-0.200000 0.997833
-0.196000 0.997828
-0.192000 0.997822
-0.188000 0.997816
-0.184000 0.997810
-0.180000 0.997803
-0.176000 0.997797
-0.172000 0.997789
-0.168000 0.997782
-0.164000 0.997774
-0.160000 0.997766
-0.156000 0.997757
-0.152000 0.997749
-0.148000 0.997739
-0.144000 0.997730
-0.140000 0.997720
-0.136000 0.997709
-0.132000 0.997698
-0.128000 0.997687
-0.124000 0.997675
-0.120000 0.997663
-0.116000 0.997651
-0.112000 0.997637
-0.108000 0.997624
-0.104000 0.997610
-0.100000 0.997595
-0.096000 0.997580
-0.092000 0.997564
-0.088000 0.997548
-0.084000 0.997531
-0.080000 0.997514
-0.076000 0.997496
-0.072000 0.997478
-0.068000 0.997459
-0.064000 0.997439
-0.060000 0.997419
-0.056000 0.997398
-0.052000 0.997377
-0.048000 0.997355
-0.044000 0.997332
-0.040000 0.997308
-0.036000 0.997284
-0.032000 0.997260
-0.028000 0.997234
-0.024000 0.997208
-0.020000 0.997182
-0.016000 0.997154
-0.012000 0.997126
-0.008000 0.997097
-0.004000 0.997068
0.000000 0.997038
0.004000 0.997007
0.008000 0.996975
0.012000 0.996943
0.016000 0.996910
0.020000 0.996876
0.024000 0.996842
0.028000 0.996807
0.032000 0.996771
0.036000 0.996735
0.040000 0.996698
0.044000 0.996660
0.048000 0.996621
0.052000 0.996582
0.056000 0.996542
0.060000 0.996502
0.064000 0.996461
0.068000 0.996419
0.072000 0.996376
0.076000 0.996333
0.080000 0.996290
0.084000 0.996245
0.088000 0.996200
0.092000 0.996155
0.096000 0.996109
0.100000 0.996062
0.104000 0.996015
0.108000 0.995967
0.112000 0.995919
0.116000 0.995870
0.120000 0.995821
0.124000 0.995771
0.128000 0.995721
0.132000 0.995671
0.136000 0.995620
0.140000 0.995568
0.144000 0.995516
0.148000 0.995464
0.152000 0.995412
0.156000 0.995359
0.160000 0.995306
0.164000 0.995253
0.168000 0.995199
0.172000 0.995145
0.176000 0.995091
0.180000 0.995037
0.184000 0.994982
0.188000 0.994928
0.192000 0.994873
0.196000 0.994818
0.200000 0.994763
0.204000 0.994708
0.208000 0.994653
0.212000 0.994598
0.216000 0.994543
0.220000 0.994488
0.224000 0.994433
0.228000 0.994378
0.232000 0.994323
0.236000 0.994268
0.240000 0.994214
0.244000 0.994160
0.248000 0.994105
0.252000 0.994051
0.256000 0.993997
0.260000 0.993944
0.264000 0.993891
0.268000 0.993838
0.272000 0.993785
0.276000 0.993732
0.280000 0.993680
0.284000 0.993629
0.288000 0.993577
0.292000 0.993526
0.296000 0.993476
0.300000 0.993425
0.304000 0.993376
0.308000 0.993326
0.312000 0.993278
0.316000 0.993229
0.320000 0.993181
0.324000 0.993134
0.328000 0.993087
0.332000 0.993041
0.336000 0.992995
0.340000 0.992950
0.344000 0.992905
0.348000 0.992861
0.352000 0.992818
0.356000 0.992775
0.360000 0.992733
0.364000 0.992691
0.368000 0.992650
0.372000 0.992609
0.376000 0.992569
0.380000 0.992530
0.384000 0.992491
0.388000 0.992453
0.392000 0.992416
0.396000 0.992379
0.400000 0.992343
0.404000 0.992308
0.408000 0.992273
0.412000 0.992239
0.416000 0.992205
0.420000 0.992172
0.424000 0.992140
0.428000 0.992108
0.432000 0.992077
0.436000 0.992047
0.440000 0.992017
0.444000 0.991988
0.448000 0.991959
0.452000 0.991931
0.456000 0.991904
0.460000 0.991877
0.464000 0.991851
0.468000 0.991826
0.472000 0.991801
0.476000 0.991777
0.480000 0.991753
0.484000 0.991730
0.488000 0.991708
0.492000 0.991686
0.496000 0.991664
0.500000 0.991643
0.504000 0.991623
0.508000 0.991603
0.512000 0.991584
0.516000 0.991565
0.520000 0.991547
0.524000 0.991529
0.528000 0.991512
0.532000 0.991495
0.536000 0.991479
0.540000 0.991463
0.544000 0.991448
0.548000 0.991433
0.552000 0.991418
0.556000 0.991404
0.560000 0.991391
0.564000 0.991377
0.568000 0.991365
0.572000 0.991352
0.576000 0.991340
0.580000 0.991329
0.584000 0.991317
0.588000 0.991307
0.592000 0.991296
0.596000 0.991286
0.600000 0.991276
0.604000 0.991267
0.608000 0.991257
0.612000 0.991248
0.616000 0.991240
0.620000 0.991232
0.624000 0.991224
0.628000 0.991216
0.632000 0.991209
0.636000 0.991201
0.640000 0.991194
0.644000 0.991188
0.648000 0.991181
0.652000 0.991175
0.656000 0.991169
0.660000 0.991164
0.664000 0.991158
0.668000 0.991153
0.672000 0.991148
0.676000 0.991143
0.680000 0.991138
0.684000 0.991134
0.688000 0.991129
0.692000 0.991125
0.696000 0.991121
0.700000 0.991117
0.704000 0.991114
0.708000 0.991110
0.712000 0.991107
0.716000 0.991104
0.720000 0.991100
0.724000 0.991097
0.728000 0.991095
0.732000 0.991092
0.736000 0.991089
0.740000 0.991087
0.744000 0.991084
0.748000 0.991082
0.752000 0.991080
0.756000 0.991078
0.760000 0.991076
0.764000 0.991074
0.768000 0.991072
0.772000 0.991070
0.776000 0.991069
0.780000 0.991067
0.784000 0.991066
0.788000 0.991064
0.792000 0.991063
0.796000 0.991061
0.800000 0.991060
0.804000 0.991059
0.808000 0.991058
0.812000 0.991057
0.816000 0.991056
0.820000 0.991055
0.824000 0.991054
0.828000 0.991053
0.832000 0.991052
0.836000 0.991051
0.840000 0.991050
0.844000 0.991050
0.848000 0.991049
0.852000 0.991048
0.856000 0.991048
0.860000 0.991047
0.864000 0.991047
0.868000 0.991046
0.872000 0.991046
0.876000 0.991045
0.880000 0.991045
0.884000 0.991044
0.888000 0.991044
0.892000 0.991043
0.896000 0.991043
0.900000 0.991043
0.904000 0.991042
0.908000 0.991042
0.912000 0.991042
0.916000 0.991042
0.920000 0.991041
0.924000 0.991041
0.928000 0.991041
0.932000 0.991041
0.936000 0.991040
0.940000 0.991040
0.944000 0.991040
0.948000 0.991040
0.952000 0.991040
0.956000 0.991039
0.960000 0.991039
0.964000 0.991039
0.968000 0.991039
0.972000 0.991039
0.976000 0.991039
0.980000 0.991039
0.984000 0.991039
0.988000 0.991038
0.992000 0.991038
0.996000 0.991038
1.000000 0.991038
