-1.000000 0.997928
-0.996000 0.997928
-0.992000 0.997928
-0.988000 0.997928
-0.984000 0.997928
-0.980000 0.997928
-0.976000 0.997928
-0.972000 0.997928
-0.968000 0.997928
-0.964000 0.997928
-0.960000 0.997928
-0.956000 0.997928
-0.952000 0.997928
-0.948000 0.997928
-0.944000 0.997928
-0.940000 0.997928
-0.936000 0.997928
-0.932000 0.997928
-0.928000 0.997928
-0.924000 0.997928
-0.920000 0.997928
-0.916000 0.997928
-0.912000 0.997928
-0.908000 0.997928
-0.904000 0.997928
-0.900000 0.997928
-0.896000 0.997928
-0.892000 0.997928
-0.888000 0.997928
-0.884000 0.997928
-0.880000 0.997928
-0.876000 0.997928
-0.872000 0.997928
-0.868000 0.997928
-0.864000 0.997928
-0.860000 0.997928
-0.856000 0.997928
-0.852000 0.997928
-0.848000 0.997928
-0.844000 0.997928
-0.840000 0.997928
-0.836000 0.997928
-0.832000 0.997928
-0.828000 0.997928
-0.824000 0.997928
-0.820000 0.997928
-0.816000 0.997928
-0.812000 0.997928
-0.808000 0.997928
-0.804000 0.997928
-0.800000 0.997928
-0.796000 0.997928
-0.792000 0.997928
-0.788000 0.997928
-0.784000 0.997928
-0.780000 0.997928
-0.776000 0.997928
-0.772000 0.997928
-0.768000 0.997928
-0.764000 0.997928
-0.760000 0.997928
-0.756000 0.997928
-0.752000 0.997928
-0.748000 0.997928
-0.744000 0.997928
-0.740000 0.997928
-0.736000 0.997928
-0.732000 0.997928
-0.728000 0.997928
-0.724000 0.997928
-0.720000 0.997928
-0.716000 0.997928
-0.712000 0.997928
-0.708000 0.997928
-0.704000 0.997928
-0.700000 0.997928
-0.696000 0.997928
-0.692000 0.997928
-0.688000 0.997928
-0.684000 0.997928
-0.680000 0.997928
-0.676000 0.997928
-0.672000 0.997928
-0.668000 0.997928
-0.664000 0.997928
-0.660000 0.997928
-0.656000 0.997928
-0.652000 0.997928
-0.648000 0.997928
-0.644000 0.997928
-0.640000 0.997928
-0.636000 0.997928
-0.632000 0.997928
-0.628000 0.997928
-0.624000 0.997928
-0.620000 0.997928
-0.616000 0.997928
-0.612000 0.997928
-0.608000 0.997928
-0.604000 0.997928
-0.600000 0.997928
-0.596000 0.997928
-0.592000 0.997928
-0.588000 0.997928
-0.584000 0.997928
-0.580000 0.997928
-0.576000 0.997928
-0.572000 0.997928
-0.568000 0.997928
-0.564000 0.997927
-0.560000 0.997927
-0.556000 0.997927
-0.552000 0.997927
-0.548000 0.997927
-0.544000 0.997927
-0.540000 0.997927
-0.536000 0.997927
-0.532000 0.997927
-0.528000 0.997927
-0.524000 0.997927
-0.520000 0.997926
-0.516000 0.997926
-0.512000 0.997926
-0.508000 0.997926
-0.504000 0.997926
-0.500000 0.997925
-0.496000 0.997925
-0.492000 0.997925
-0.488000 0.997925
-0.484000 0.997924
-0.480000 0.997924
-0.476000 0.997924
-0.472000 0.997923
-0.468000 0.997923
-0.464000 0.997922
-0.460000 0.997922
-0.456000 0.997922
-0.452000 0.997921
-0.448000 0.997920
-0.444000 0.997920
-0.440000 0.997919
-0.436000 0.997918
-0.432000 0.997917
-0.428000 0.997917
-0.424000 0.997916
-0.420000 0.997915
-0.416000 0.997914
-0.412000 0.997913
-0.408000 0.997911
-0.404000 0.997910
-0.400000 0.997909
-0.396000 0.997907
-0.392000 0.997906
-0.388000 0.997904
-0.384000 0.997902
-0.380000 0.997900
-0.376000 0.997898
-0.372000 0.997896
-0.368000 0.997894
-0.364000 0.997891
-0.360000 0.997889
-0.356000 0.997886
-0.352000 0.997883
-0.348000 0.997880
-0.344000 0.997877
-0.340000 0.997873
-0.336000 0.997870
-0.332000 0.997866
-0.328000 0.997862
-0.324000 0.997857
-0.320000 0.997853
-0.316000 0.997848
-0.312000 0.997843
-0.308000 0.997838
-0.304000 0.997832
-0.300000 0.997826
-0.296000 0.997820
-0.292000 0.997814
-0.288000 0.997807
-0.284000 0.997800
-0.280000 0.997792
-0.276000 0.997784
-0.272000 0.997776
-0.268000 0.997768
-0.264000 0.997759
-0.260000 0.997749
-0.256000 0.997739
-0.252000 0.997729
-0.248000 0.997718
-0.244000 0.997707
-0.240000 0.997695
-0.236000 0.997683
-0.232000 0.997671
-0.228000 0.997658
-0.224000 0.997644
-0.220000 0.997630
-0.216000 0.997615
-0.212000 0.997599
-0.208000 0.997584
-0.204000 0.997567
-0.200000 0.997550
-0.196000 0.997532
-0.192000 0.997514
-0.188000 0.997495
-0.184000 0.997475
-0.180000 0.997455
-0.176000 0.997434
-0.172000 0.997412
-0.168000 0.997390
-0.164000 0.997366
-0.160000 0.997343
-0.156000 0.997318
-0.152000 0.997293
-0.148000 0.997267
-0.144000 0.997240
-0.140000 0.997213
-0.136000 0.997184
-0.132000 0.997155
-0.128000 0.997125
-0.124000 0.997095
-0.120000 0.997063
-0.116000 0.997031
-0.112000 0.996998
-0.108000 0.996965
-0.104000 0.996930
-0.100000 0.996895
-0.096000 0.996859
-0.092000 0.996822
-0.088000 0.996784
-0.084000 0.996746
-0.080000 0.996706
-0.076000 0.996666
-0.072000 0.996626
-0.068000 0.996584
-0.064000 0.996542
-0.060000 0.996499
-0.056000 0.996455
-0.052000 0.996411
-0.048000 0.996366
-0.044000 0.996320
-0.040000 0.996273
-0.036000 0.996226
-0.032000 0.996178
-0.028000 0.996129
-0.024000 0.996080
-0.020000 0.996030
-0.016000 0.995980
-0.012000 0.995929
-0.008000 0.995877
-0.004000 0.995825
0.000000 0.995773
0.004000 0.995719
0.008000 0.995666
0.012000 0.995612
0.016000 0.995557
0.020000 0.995502
0.024000 0.995447
0.028000 0.995391
0.032000 0.995335
0.036000 0.995279
0.040000 0.995222
0.044000 0.995165
0.048000 0.995108
0.052000 0.995050
0.056000 0.994993
0.060000 0.994935
0.064000 0.994877
0.068000 0.994819
0.072000 0.994761
0.076000 0.994702
0.080000 0.994644
0.084000 0.994586
0.088000 0.994528
0.092000 0.994469
0.096000 0.994411
0.100000 0.994353
0.104000 0.994295
0.108000 0.994238
0.112000 0.994180
0.116000 0.994122
0.120000 0.994065
0.124000 0.994008
0.128000 0.993952
0.132000 0.993895
0.136000 0.993839
0.140000 0.993783
0.144000 0.993728
0.148000 0.993673
0.152000 0.993618
0.156000 0.993564
0.160000 0.993510
0.164000 0.993457
0.168000 0.993404
0.172000 0.993352
0.176000 0.993300
0.180000 0.993249
0.184000 0.993198
0.188000 0.993148
0.192000 0.993098
0.196000 0.993049
0.200000 0.993000
0.204000 0.992953
0.208000 0.992905
0.212000 0.992859
0.216000 0.992813
0.220000 0.992768
0.224000 0.992723
0.228000 0.992679
0.232000 0.992636
0.236000 0.992593
0.240000 0.992552
0.244000 0.992510
0.248000 0.992470
0.252000 0.992430
0.256000 0.992391
0.260000 0.992353
0.264000 0.992315
0.268000 0.992278
0.272000 0.992242
0.276000 0.992207
0.280000 0.992172
0.284000 0.992138
0.288000 0.992104
0.292000 0.992072
0.296000 0.992040
0.300000 0.992009
0.304000 0.991978
0.308000 0.991948
0.312000 0.991919
0.316000 0.991891
0.320000 0.991863
0.324000 0.991836
0.328000 0.991809
0.332000 0.991784
0.336000 0.991758
0.340000 0.991734
0.344000 0.991710
0.348000 0.991687
0.352000 0.991664
0.356000 0.991642
0.360000 0.991621
0.364000 0.991600
0.368000 0.991580
0.372000 0.991560
0.376000 0.991541
0.380000 0.991523
0.384000 0.991505
0.388000 0.991487
0.392000 0.991470
0.396000 0.991454
0.400000 0.991438
0.404000 0.991423
0.408000 0.991408
0.412000 0.991393
0.416000 0.991379
0.420000 0.991366
0.424000 0.991353
0.428000 0.991340
0.432000 0.991328
0.436000 0.991316
0.440000 0.991305
0.444000 0.991294
0.448000 0.991283
0.452000 0.991273
0.456000 0.991263
0.460000 0.991253
0.464000 0.991244
0.468000 0.991235
0.472000 0.991227
0.476000 0.991219
0.480000 0.991211
0.484000 0.991203
0.488000 0.991196
0.492000 0.991189
0.496000 0.991182
0.500000 0.991175
0.504000 0.991169
0.508000 0.991163
0.512000 0.991157
0.516000 0.991152
0.520000 0.991147
0.524000 0.991142
0.528000 0.991137
0.532000 0.991132
0.536000 0.991128
0.540000 0.991123
0.544000 0.991119
0.548000 0.991115
0.552000 0.991111
0.556000 0.991108
0.560000 0.991104
0.564000 0.991101
0.568000 0.991098
0.572000 0.991095
0.576000 0.991092
0.580000 0.991089
0.584000 0.991087
0.588000 0.991084
0.592000 0.991082
0.596000 0.991079
0.600000 0.991077
0.604000 0.991075
0.608000 0.991073
0.612000 0.991071
0.616000 0.991070
0.620000 0.991068
0.624000 0.991066
0.628000 0.991065
0.632000 0.991063
0.636000 0.991062
0.640000 0.991060
0.644000 0.991059
0.648000 0.991058
0.652000 0.991057
0.656000 0.991056
0.660000 0.991055
0.664000 0.991054
0.668000 0.991053
0.672000 0.991052
0.676000 0.991051
0.680000 0.991050
0.684000 0.991050
0.688000 0.991049
0.692000 0.991048
0.696000 0.991048
0.700000 0.991047
0.704000 0.991046
0.708000 0.991046
0.712000 0.991045
0.716000 0.991045
0.720000 0.991044
0.724000 0.991044
0.728000 0.991044
0.732000 0.991043
0.736000 0.991043
0.740000 0.991042
0.744000 0.991042
0.748000 0.991042
0.752000 0.991041
0.756000 0.991041
0.760000 0.991041
0.764000 0.991041
0.768000 0.991040
0.772000 0.991040
0.776000 0.991040
0.780000 0.991040
0.784000 0.991040
0.788000 0.991040
0.792000 0.991039
0.796000 0.991039
0.800000 0.991039
0.804000 0.991039
0.808000 0.991039
0.812000 0.991039
0.816000 0.991039
0.820000 0.991039
0.824000 0.991038
0.828000 0.991038
0.832000 0.991038
0.836000 0.991038
0.840000 0.991038
0.844000 0.991038
0.848000 0.991038
0.852000 0.991038
0.856000 0.991038
0.860000 0.991038
0.864000 0.991038
0.868000 0.991038
0.872000 0.991038
0.876000 0.991038
0.880000 0.991038
0.884000 0.991038
0.888000 0.991037
0.892000 0.991037
0.896000 0.991037
0.900000 0.991037
0.904000 0.991037
0.908000 0.991037
0.912000 0.991037
0.916000 0.991037
0.920000 0.991037
0.924000 0.991037
0.928000 0.991037
0.932000 0.991037
0.936000 0.991037
0.940000 0.991037
0.944000 0.991037
0.948000 0.991037
0.952000 0.991037
0.956000 0.991037
0.960000 0.991037
0.964000 0.991037
0.968000 0.991037
0.972000 0.991037
0.976000 0.991037
0.980000 0.991037
0.984000 0.991037
0.988000 0.991037
0.992000 0.991037
0.996000 0.991037
1.000000 0.991037
