-1.000000 0.992919
-0.996000 0.992919
-0.992000 0.992919
-0.988000 0.992919
-0.984000 0.992919
-0.980000 0.992919
-0.976000 0.992919
-0.972000 0.992919
-0.968000 0.992919
-0.964000 0.992919
-0.960000 0.992919
-0.956000 0.992919
-0.952000 0.992919
-0.948000 0.992919
-0.944000 0.992919
-0.940000 0.992919
-0.936000 0.992919
-0.932000 0.992919
-0.928000 0.992919
-0.924000 0.992919
-0.920000 0.992919
-0.916000 0.992919
-0.912000 0.992919
-0.908000 0.992919
-0.904000 0.992919
-0.900000 0.992919
-0.896000 0.992919
-0.892000 0.992919
-0.888000 0.992919
-0.884000 0.992919
-0.880000 0.992919
-0.876000 0.992919
-0.872000 0.992919
-0.868000 0.992919
-0.864000 0.992919
-0.860000 0.992919
-0.856000 0.992919
-0.852000 0.992919
-0.848000 0.992919
-0.844000 0.992919
-0.840000 0.992919
-0.836000 0.992919
-0.832000 0.992919
-0.828000 0.992919
-0.824000 0.992919
-0.820000 0.992919
-0.816000 0.992919
-0.812000 0.992919
-0.808000 0.992919
-0.804000 0.992919
-0.800000 0.992919
-0.796000 0.992919
-0.792000 0.992919
-0.788000 0.992919
-0.784000 0.992919
-0.780000 0.992919
-0.776000 0.992919
-0.772000 0.992919
-0.768000 0.992919
-0.764000 0.992919
-0.760000 0.992919
-0.756000 0.992919
-0.752000 0.992919
-0.748000 0.992919
-0.744000 0.992919
-0.740000 0.992919
-0.736000 0.992919
-0.732000 0.992919
-0.728000 0.992919
-0.724000 0.992919
-0.720000 0.992919
-0.716000 0.992919
-0.712000 0.992919
-0.708000 0.992919
-0.704000 0.992919
-0.700000 0.992919
-0.696000 0.992919
-0.692000 0.992919
-0.688000 0.992919
-0.684000 0.992919
-0.680000 0.992919
-0.676000 0.992919
-0.672000 0.992919
-0.668000 0.992919
-0.664000 0.992919
-0.660000 0.992919
-0.656000 0.992919
-0.652000 0.992919
-0.648000 0.992919
-0.644000 0.992919
-0.640000 0.992919
-0.636000 0.992919
-0.632000 0.992919
-0.628000 0.992919
-0.624000 0.992919
-0.620000 0.992919
-0.616000 0.992919
-0.612000 0.992919
-0.608000 0.992919
-0.604000 0.992919
-0.600000 0.992919
-0.596000 0.992919
-0.592000 0.992919
-0.588000 0.992919
-0.584000 0.992919
-0.580000 0.992919
-0.576000 0.992919
-0.572000 0.992919
-0.568000 0.992919
-0.564000 0.992919
-0.560000 0.992919
-0.556000 0.992919
-0.552000 0.992919
-0.548000 0.992919
-0.544000 0.992919
-0.540000 0.992919
-0.536000 0.992919
-0.532000 0.992919
-0.528000 0.992919
-0.524000 0.992919
-0.520000 0.992919
-0.516000 0.992919
-0.512000 0.992919
-0.508000 0.992919
-0.504000 0.992919
-0.500000 0.992919
-0.496000 0.992919
-0.492000 0.992919
-0.488000 0.992919
-0.484000 0.992919
-0.480000 0.992919
-0.476000 0.992919
-0.472000 0.992919
-0.468000 0.992919
-0.464000 0.992919
-0.460000 0.992919
-0.456000 0.992919
-0.452000 0.992919
-0.448000 0.992919
-0.444000 0.992919
-0.440000 0.992919
-0.436000 0.992919
-0.432000 0.992919
-0.428000 0.992919
-0.424000 0.992919
-0.420000 0.992919
-0.416000 0.992919
-0.412000 0.992919
-0.408000 0.992919
-0.404000 0.992919
-0.400000 0.992919
-0.396000 0.992919
-0.392000 0.992919
-0.388000 0.992919
-0.384000 0.992919
-0.380000 0.992919
-0.376000 0.992919
-0.372000 0.992919
-0.368000 0.992919
-0.364000 0.992919
-0.360000 0.992919
-0.356000 0.992919
-0.352000 0.992919
-0.348000 0.992919
-0.344000 0.992919
-0.340000 0.992920
-0.336000 0.992920
-0.332000 0.992920
-0.328000 0.992920
-0.324000 0.992920
-0.320000 0.992920
-0.316000 0.992920
-0.312000 0.992920
-0.308000 0.992920
-0.304000 0.992920
-0.300000 0.992920
-0.296000 0.992920
-0.292000 0.992920
-0.288000 0.992921
-0.284000 0.992921
-0.280000 0.992921
-0.276000 0.992921
-0.272000 0.992921
-0.268000 0.992921
-0.264000 0.992921
-0.260000 0.992922
-0.256000 0.992922
-0.252000 0.992922
-0.248000 0.992922
-0.244000 0.992923
-0.240000 0.992923
-0.236000 0.992923
-0.232000 0.992923
-0.228000 0.992924
-0.224000 0.992924
-0.220000 0.992924
-0.216000 0.992925
-0.212000 0.992925
-0.208000 0.992926
-0.204000 0.992926
-0.200000 0.992927
-0.196000 0.992927
-0.192000 0.992928
-0.188000 0.992929
-0.184000 0.992929
-0.180000 0.992930
-0.176000 0.992931
-0.172000 0.992932
-0.168000 0.992932
-0.164000 0.992933
-0.160000 0.992934
-0.156000 0.992935
-0.152000 0.992936
-0.148000 0.992937
-0.144000 0.992939
-0.140000 0.992940
-0.136000 0.992941
-0.132000 0.992943
-0.128000 0.992944
-0.124000 0.992946
-0.120000 0.992947
-0.116000 0.992949
-0.112000 0.992951
-0.108000 0.992953
-0.104000 0.992955
-0.100000 0.992957
-0.096000 0.992960
-0.092000 0.992962
-0.088000 0.992964
-0.084000 0.992967
-0.080000 0.992970
-0.076000 0.992973
-0.072000 0.992976
-0.068000 0.992979
-0.064000 0.992982
-0.060000 0.992986
-0.056000 0.992990
-0.052000 0.992994
-0.048000 0.992998
-0.044000 0.993002
-0.040000 0.993006
-0.036000 0.993011
-0.032000 0.993016
-0.028000 0.993021
-0.024000 0.993026
-0.020000 0.993032
-0.016000 0.993037
-0.012000 0.993043
-0.008000 0.993050
-0.004000 0.993056
0.000000 0.993063
0.004000 0.993070
0.008000 0.993077
0.012000 0.993085
0.016000 0.993093
0.020000 0.993101
0.024000 0.993109
0.028000 0.993118
0.032000 0.993127
0.036000 0.993137
0.040000 0.993147
0.044000 0.993157
0.048000 0.993168
0.052000 0.993179
0.056000 0.993190
0.060000 0.993202
0.064000 0.993214
0.068000 0.993226
0.072000 0.993239
0.076000 0.993253
0.080000 0.993266
0.084000 0.993281
0.088000 0.993295
0.092000 0.993310
0.096000 0.993326
0.100000 0.993342
0.104000 0.993359
0.108000 0.993376
0.112000 0.993393
0.116000 0.993411
0.120000 0.993430
0.124000 0.993449
0.128000 0.993469
0.132000 0.993489
0.136000 0.993509
0.140000 0.993531
0.144000 0.993552
0.148000 0.993575
0.152000 0.993597
0.156000 0.993621
0.160000 0.993645
0.164000 0.993669
0.168000 0.993694
0.172000 0.993720
0.176000 0.993746
0.180000 0.993773
0.184000 0.993800
0.188000 0.993828
0.192000 0.993857
0.196000 0.993886
0.200000 0.993916
0.204000 0.993946
0.208000 0.993977
0.212000 0.994009
0.216000 0.994041
0.220000 0.994073
0.224000 0.994107
0.228000 0.994141
0.232000 0.994175
0.236000 0.994210
0.240000 0.994245
0.244000 0.994282
0.248000 0.994318
0.252000 0.994356
0.256000 0.994393
0.260000 0.994432
0.264000 0.994471
0.268000 0.994510
0.272000 0.994550
0.276000 0.994591
0.280000 0.994632
0.284000 0.994673
0.288000 0.994715
0.292000 0.994758
0.296000 0.994800
0.300000 0.994844
0.304000 0.994888
0.308000 0.994932
0.312000 0.994977
0.316000 0.995022
0.320000 0.995068
0.324000 0.995114
0.328000 0.995160
0.332000 0.995207
0.336000 0.995254
0.340000 0.995301
0.344000 0.995349
0.348000 0.995397
0.352000 0.995446
0.356000 0.995494
0.360000 0.995543
0.364000 0.995592
0.368000 0.995642
0.372000 0.995691
0.376000 0.995741
0.380000 0.995791
0.384000 0.995842
0.388000 0.995892
0.392000 0.995943
0.396000 0.995993
0.400000 0.996044
0.404000 0.996095
0.408000 0.996146
0.412000 0.996197
0.416000 0.996248
0.420000 0.996299
0.424000 0.996350
0.428000 0.996402
0.432000 0.996453
0.436000 0.996504
0.440000 0.996555
0.444000 0.996606
0.448000 0.996657
0.452000 0.996707
0.456000 0.996758
0.460000 0.996809
0.464000 0.996859
0.468000 0.996909
0.472000 0.996959
0.476000 0.997009
0.480000 0.997058
0.484000 0.997108
0.488000 0.997157
0.492000 0.997206
0.496000 0.997254
0.500000 0.997303
0.504000 0.997351
0.508000 0.997398
0.512000 0.997446
0.516000 0.997493
0.520000 0.997540
0.524000 0.997586
0.528000 0.997632
0.532000 0.997677
0.536000 0.997723
0.540000 0.997767
0.544000 0.997812
0.548000 0.997856
0.552000 0.997899
0.556000 0.997942
0.560000 0.997985
0.564000 0.998027
0.568000 0.998069
0.572000 0.998110
0.576000 0.998151
0.580000 0.998191
0.584000 0.998231
0.588000 0.998270
0.592000 0.998309
0.596000 0.998347
0.600000 0.998385
0.604000 0.998422
0.608000 0.998459
0.612000 0.998495
0.616000 0.998531
0.620000 0.998566
0.624000 0.998601
0.628000 0.998635
0.632000 0.998668
0.636000 0.998701
0.640000 0.998734
0.644000 0.998766
0.648000 0.998797
0.652000 0.998828
0.656000 0.998858
0.660000 0.998888
0.664000 0.998918
0.668000 0.998946
0.672000 0.998974
0.676000 0.999002
0.680000 0.999029
0.684000 0.999056
0.688000 0.999082
0.692000 0.999107
0.696000 0.999132
0.700000 0.999157
0.704000 0.999181
0.708000 0.999204
0.712000 0.999227
0.716000 0.999250
0.720000 0.999272
0.724000 0.999294
0.728000 0.999315
0.732000 0.999335
0.736000 0.999355
0.740000 0.999375
0.744000 0.999394
0.748000 0.999413
0.752000 0.999431
0.756000 0.999449
0.760000 0.999466
0.764000 0.999483
0.768000 0.999500
0.772000 0.999516
0.776000 0.999531
0.780000 0.999547
0.784000 0.999562
0.788000 0.999576
0.792000 0.999590
0.796000 0.999604
0.800000 0.999617
0.804000 0.999630
0.808000 0.999643
0.812000 0.999655
0.816000 0.999667
0.820000 0.999679
0.824000 0.999690
0.828000 0.999701
0.832000 0.999711
0.836000 0.999722
0.840000 0.999732
0.844000 0.999741
0.848000 0.999751
0.852000 0.999760
0.856000 0.999769
0.860000 0.999777
0.864000 0.999785
0.868000 0.999793
0.872000 0.999801
0.876000 0.999809
0.880000 0.999816
0.884000 0.999823
0.888000 0.999830
0.892000 0.999836
0.896000 0.999843
0.900000 0.999849
0.904000 0.999855
0.908000 0.999860
0.912000 0.999866
0.916000 0.999871
0.920000 0.999876
0.924000 0.999881
0.928000 0.999886
0.932000 0.999891
0.936000 0.999895
0.940000 0.999900
0.944000 0.999904
0.948000 0.999908
0.952000 0.999912
0.956000 0.999916
0.960000 0.999919
0.964000 0.999923
0.968000 0.999926
0.972000 0.999930
0.976000 0.999933
0.980000 0.999937
0.984000 0.999940
0.988000 0.999944
0.992000 0.999948
0.996000 0.999953
1.000000 0.999959
