-1.000000 0.991037
-0.996000 0.991037
-0.992000 0.991037
-0.988000 0.991037
-0.984000 0.991037
-0.980000 0.991037
-0.976000 0.991037
-0.972000 0.991037
-0.968000 0.991037
-0.964000 0.991037
-0.960000 0.991037
-0.956000 0.991037
-0.952000 0.991037
-0.948000 0.991037
-0.944000 0.991037
-0.940000 0.991037
-0.936000 0.991037
-0.932000 0.991037
-0.928000 0.991037
-0.924000 0.991037
-0.920000 0.991037
-0.916000 0.991037
-0.912000 0.991037
-0.908000 0.991037
-0.904000 0.991037
-0.900000 0.991037
-0.896000 0.991037
-0.892000 0.991037
-0.888000 0.991037
-0.884000 0.991037
-0.880000 0.991037
-0.876000 0.991037
-0.872000 0.991037
-0.868000 0.991037
-0.864000 0.991037
-0.860000 0.991037
-0.856000 0.991037
-0.852000 0.991037
-0.848000 0.991037
-0.844000 0.991037
-0.840000 0.991037
-0.836000 0.991037
-0.832000 0.991037
-0.828000 0.991037
-0.824000 0.991037
-0.820000 0.991037
-0.816000 0.991037
-0.812000 0.991037
-0.808000 0.991037
-0.804000 0.991037
-0.800000 0.991037
-0.796000 0.991037
-0.792000 0.991037
-0.788000 0.991037
-0.784000 0.991037
-0.780000 0.991037
-0.776000 0.991037
-0.772000 0.991037
-0.768000 0.991037
-0.764000 0.991037
-0.760000 0.991037
-0.756000 0.991037
-0.752000 0.991037
-0.748000 0.991037
-0.744000 0.991037
-0.740000 0.991037
-0.736000 0.991037
-0.732000 0.991037
-0.728000 0.991037
-0.724000 0.991037
-0.720000 0.991037
-0.716000 0.991037
-0.712000 0.991037
-0.708000 0.991037
-0.704000 0.991037
-0.700000 0.991037
-0.696000 0.991037
-0.692000 0.991037
-0.688000 0.991037
-0.684000 0.991037
-0.680000 0.991037
-0.676000 0.991037
-0.672000 0.991037
-0.668000 0.991037
-0.664000 0.991037
-0.660000 0.991037
-0.656000 0.991037
-0.652000 0.991037
-0.648000 0.991037
-0.644000 0.991037
-0.640000 0.991037
-0.636000 0.991037
-0.632000 0.991037
-0.628000 0.991037
-0.624000 0.991037
-0.620000 0.991037
-0.616000 0.991037
-0.612000 0.991037
-0.608000 0.991037
-0.604000 0.991037
-0.600000 0.991037
-0.596000 0.991037
-0.592000 0.991037
-0.588000 0.991037
-0.584000 0.991037
-0.580000 0.991037
-0.576000 0.991037
-0.572000 0.991037
-0.568000 0.991037
-0.564000 0.991037
-0.560000 0.991038
-0.556000 0.991038
-0.552000 0.991038
-0.548000 0.991038
-0.544000 0.991038
-0.540000 0.991038
-0.536000 0.991038
-0.532000 0.991038
-0.528000 0.991038
-0.524000 0.991038
-0.520000 0.991038
-0.516000 0.991039
-0.512000 0.991039
-0.508000 0.991039
-0.504000 0.991039
-0.500000 0.991039
-0.496000 0.991039
-0.492000 0.991040
-0.488000 0.991040
-0.484000 0.991040
-0.480000 0.991040
-0.476000 0.991041
-0.472000 0.991041
-0.468000 0.991041
-0.464000 0.991042
-0.460000 0.991042
-0.456000 0.991042
-0.452000 0.991043
-0.448000 0.991043
-0.444000 0.991044
-0.440000 0.991044
-0.436000 0.991045
-0.432000 0.991046
-0.428000 0.991046
-0.424000 0.991047
-0.420000 0.991048
-0.416000 0.991049
-0.412000 0.991050
-0.408000 0.991051
-0.404000 0.991052
-0.400000 0.991053
-0.396000 0.991054
-0.392000 0.991055
-0.388000 0.991056
-0.384000 0.991058
-0.380000 0.991059
-0.376000 0.991061
-0.372000 0.991062
-0.368000 0.991064
-0.364000 0.991066
-0.360000 0.991068
-0.356000 0.991070
-0.352000 0.991072
-0.348000 0.991074
-0.344000 0.991077
-0.340000 0.991079
-0.336000 0.991082
-0.332000 0.991085
-0.328000 0.991088
-0.324000 0.991091
-0.320000 0.991095
-0.316000 0.991098
-0.312000 0.991102
-0.308000 0.991106
-0.304000 0.991110
-0.300000 0.991114
-0.296000 0.991118
-0.292000 0.991123
-0.288000 0.991128
-0.284000 0.991133
-0.280000 0.991139
-0.276000 0.991144
-0.272000 0.991150
-0.268000 0.991156
-0.264000 0.991162
-0.260000 0.991169
-0.256000 0.991176
-0.252000 0.991183
-0.248000 0.991191
-0.244000 0.991198
-0.240000 0.991207
-0.236000 0.991215
-0.232000 0.991224
-0.228000 0.991233
-0.224000 0.991242
-0.220000 0.991252
-0.216000 0.991262
-0.212000 0.991272
-0.208000 0.991283
-0.204000 0.991294
-0.200000 0.991306
-0.196000 0.991318
-0.192000 0.991330
-0.188000 0.991343
-0.184000 0.991356
-0.180000 0.991370
-0.176000 0.991383
-0.172000 0.991398
-0.168000 0.991413
-0.164000 0.991428
-0.160000 0.991443
-0.156000 0.991459
-0.152000 0.991476
-0.148000 0.991493
-0.144000 0.991510
-0.140000 0.991528
-0.136000 0.991546
-0.132000 0.991564
-0.128000 0.991584
-0.124000 0.991603
-0.120000 0.991623
-0.116000 0.991643
-0.112000 0.991664
-0.108000 0.991685
-0.104000 0.991707
-0.100000 0.991729
-0.096000 0.991752
-0.092000 0.991775
-0.088000 0.991798
-0.084000 0.991822
-0.080000 0.991846
-0.076000 0.991871
-0.072000 0.991896
-0.068000 0.991921
-0.064000 0.991947
-0.060000 0.991973
-0.056000 0.992000
-0.052000 0.992026
-0.048000 0.992054
-0.044000 0.992081
-0.040000 0.992109
-0.036000 0.992138
-0.032000 0.992166
-0.028000 0.992195
-0.024000 0.992224
-0.020000 0.992254
-0.016000 0.992283
-0.012000 0.992313
-0.008000 0.992344
-0.004000 0.992374
0.000000 0.992405
0.004000 0.992436
0.008000 0.992467
0.012000 0.992498
0.016000 0.992530
0.020000 0.992562
0.024000 0.992593
0.028000 0.992625
0.032000 0.992657
0.036000 0.992689
0.040000 0.992722
0.044000 0.992754
0.048000 0.992786
0.052000 0.992819
0.056000 0.992851
0.060000 0.992884
0.064000 0.992916
0.068000 0.992949
0.072000 0.992981
0.076000 0.993014
0.080000 0.993046
0.084000 0.993078
0.088000 0.993110
0.092000 0.993142
0.096000 0.993174
0.100000 0.993206
0.104000 0.993238
0.108000 0.993270
0.112000 0.993301
0.116000 0.993332
0.120000 0.993363
0.124000 0.993394
0.128000 0.993425
0.132000 0.993455
0.136000 0.993485
0.140000 0.993515
0.144000 0.993545
0.148000 0.993574
0.152000 0.993603
0.156000 0.993632
0.160000 0.993661
0.164000 0.993689
0.168000 0.993717
0.172000 0.993744
0.176000 0.993772
0.180000 0.993799
0.184000 0.993825
0.188000 0.993851
0.192000 0.993877
0.196000 0.993903
0.200000 0.993928
0.204000 0.993953
0.208000 0.993977
0.212000 0.994001
0.216000 0.994025
0.220000 0.994048
0.224000 0.994071
0.228000 0.994094
0.232000 0.994116
0.236000 0.994138
0.240000 0.994159
0.244000 0.994180
0.248000 0.994200
0.252000 0.994220
0.256000 0.994240
0.260000 0.994260
0.264000 0.994279
0.268000 0.994297
0.272000 0.994315
0.276000 0.994333
0.280000 0.994350
0.284000 0.994367
0.288000 0.994384
0.292000 0.994400
0.296000 0.994416
0.300000 0.994432
0.304000 0.994447
0.308000 0.994461
0.312000 0.994476
0.316000 0.994490
0.320000 0.994504
0.324000 0.994517
0.328000 0.994530
0.332000 0.994542
0.336000 0.994555
0.340000 0.994567
0.344000 0.994578
0.348000 0.994589
0.352000 0.994600
0.356000 0.994611
0.360000 0.994621
0.364000 0.994631
0.368000 0.994641
0.372000 0.994651
0.376000 0.994660
0.380000 0.994669
0.384000 0.994677
0.388000 0.994685
0.392000 0.994693
0.396000 0.994701
0.400000 0.994709
0.404000 0.994716
0.408000 0.994723
0.412000 0.994730
0.416000 0.994737
0.420000 0.994743
0.424000 0.994749
0.428000 0.994755
0.432000 0.994761
0.436000 0.994766
0.440000 0.994772
0.444000 0.994777
0.448000 0.994782
0.452000 0.994786
0.456000 0.994791
0.460000 0.994795
0.464000 0.994800
0.468000 0.994804
0.472000 0.994808
0.476000 0.994811
0.480000 0.994815
0.484000 0.994818
0.488000 0.994822
0.492000 0.994825
0.496000 0.994828
0.500000 0.994831
0.504000 0.994834
0.508000 0.994837
0.512000 0.994839
0.516000 0.994842
0.520000 0.994844
0.524000 0.994846
0.528000 0.994849
0.532000 0.994851
0.536000 0.994853
0.540000 0.994855
0.544000 0.994856
0.548000 0.994858
0.552000 0.994860
0.556000 0.994862
0.560000 0.994863
0.564000 0.994865
0.568000 0.994866
0.572000 0.994867
0.576000 0.994869
0.580000 0.994870
0.584000 0.994871
0.588000 0.994872
0.592000 0.994873
0.596000 0.994874
0.600000 0.994875
0.604000 0.994876
0.608000 0.994877
0.612000 0.994878
0.616000 0.994878
0.620000 0.994879
0.624000 0.994880
0.628000 0.994880
0.632000 0.994881
0.636000 0.994882
0.640000 0.994882
0.644000 0.994883
0.648000 0.994883
0.652000 0.994884
0.656000 0.994884
0.660000 0.994885
0.664000 0.994885
0.668000 0.994885
0.672000 0.994886
0.676000 0.994886
0.680000 0.994887
0.684000 0.994887
0.688000 0.994887
0.692000 0.994887
0.696000 0.994888
0.700000 0.994888
0.704000 0.994888
0.708000 0.994888
0.712000 0.994889
0.716000 0.994889
0.720000 0.994889
0.724000 0.994889
0.728000 0.994889
0.732000 0.994890
0.736000 0.994890
0.740000 0.994890
0.744000 0.994890
0.748000 0.994890
0.752000 0.994890
0.756000 0.994890
0.760000 0.994890
0.764000 0.994891
0.768000 0.994891
0.772000 0.994891
0.776000 0.994891
0.780000 0.994891
0.784000 0.994891
0.788000 0.994891
0.792000 0.994891
0.796000 0.994891
0.800000 0.994891
0.804000 0.994891
0.808000 0.994891
0.812000 0.994891
0.816000 0.994891
0.820000 0.994891
0.824000 0.994891
0.828000 0.994891
0.832000 0.994892
0.836000 0.994892
0.840000 0.994892
0.844000 0.994892
0.848000 0.994892
0.852000 0.994892
0.856000 0.994892
0.860000 0.994892
0.864000 0.994892
0.868000 0.994892
0.872000 0.994892
0.876000 0.994892
0.880000 0.994892
0.884000 0.994892
0.888000 0.994892
0.892000 0.994892
0.896000 0.994892
0.900000 0.994892
0.904000 0.994892
0.908000 0.994892
0.912000 0.994892
0.916000 0.994892
0.920000 0.994892
0.924000 0.994892
0.928000 0.994892
0.932000 0.994892
0.936000 0.994892
0.940000 0.994892
0.944000 0.994892
0.948000 0.994892
0.952000 0.994892
0.956000 0.994892
0.960000 0.994892
0.964000 0.994892
0.968000 0.994892
0.972000 0.994892
0.976000 0.994892
0.980000 0.994892
0.984000 0.994892
0.988000 0.994892
0.992000 0.994892
0.996000 0.994892
1.000000 0.994892
