-1.000000 0.991037
-0.996000 0.991037
-0.992000 0.991037
-0.988000 0.991037
-0.984000 0.991037
-0.980000 0.991037
-0.976000 0.991037
-0.972000 0.991037
-0.968000 0.991037
-0.964000 0.991037
-0.960000 0.991037
-0.956000 0.991037
-0.952000 0.991037
-0.948000 0.991037
-0.944000 0.991037
-0.940000 0.991037
-0.936000 0.991037
-0.932000 0.991037
-0.928000 0.991037
-0.924000 0.991037
-0.920000 0.991037
-0.916000 0.991037
-0.912000 0.991037
-0.908000 0.991037
-0.904000 0.991037
-0.900000 0.991037
-0.896000 0.991037
-0.892000 0.991037
-0.888000 0.991037
-0.884000 0.991037
-0.880000 0.991037
-0.876000 0.991037
-0.872000 0.991037
-0.868000 0.991037
-0.864000 0.991037
-0.860000 0.991037
-0.856000 0.991037
-0.852000 0.991037
-0.848000 0.991037
-0.844000 0.991037
-0.840000 0.991037
-0.836000 0.991037
-0.832000 0.991037
-0.828000 0.991037
-0.824000 0.991037
-0.820000 0.991037
-0.816000 0.991037
-0.812000 0.991037
-0.808000 0.991037
-0.804000 0.991037
-0.800000 0.991038
-0.796000 0.991038
-0.792000 0.991038
-0.788000 0.991038
-0.784000 0.991038
-0.780000 0.991038
-0.776000 0.991038
-0.772000 0.991038
-0.768000 0.991038
-0.764000 0.991039
-0.760000 0.991039
-0.756000 0.991039
-0.752000 0.991039
-0.748000 0.991039
-0.744000 0.991040
-0.740000 0.991040
-0.736000 0.991040
-0.732000 0.991041
-0.728000 0.991041
-0.724000 0.991042
-0.720000 0.991042
-0.716000 0.991043
-0.712000 0.991044
-0.708000 0.991044
-0.704000 0.991045
-0.700000 0.991046
-0.696000 0.991047
-0.692000 0.991048
-0.688000 0.991049
-0.684000 0.991050
-0.680000 0.991051
-0.676000 0.991053
-0.672000 0.991054
-0.668000 0.991056
-0.664000 0.991058
-0.660000 0.991060
-0.656000 0.991062
-0.652000 0.991064
-0.648000 0.991066
-0.644000 0.991069
-0.640000 0.991072
-0.636000 0.991075
-0.632000 0.991078
-0.628000 0.991081
-0.624000 0.991085
-0.620000 0.991089
-0.616000 0.991093
-0.612000 0.991097
-0.608000 0.991102
-0.604000 0.991107
-0.600000 0.991113
-0.596000 0.991118
-0.592000 0.991124
-0.588000 0.991131
-0.584000 0.991138
-0.580000 0.991145
-0.576000 0.991152
-0.572000 0.991160
-0.568000 0.991169
-0.564000 0.991178
-0.560000 0.991187
-0.556000 0.991197
-0.552000 0.991207
-0.548000 0.991218
-0.544000 0.991230
-0.540000 0.991242
-0.536000 0.991254
-0.532000 0.991267
-0.528000 0.991281
-0.524000 0.991295
-0.520000 0.991310
-0.516000 0.991325
-0.512000 0.991341
-0.508000 0.991358
-0.504000 0.991375
-0.500000 0.991393
-0.496000 0.991412
-0.492000 0.991432
-0.488000 0.991452
-0.484000 0.991472
-0.480000 0.991494
-0.476000 0.991516
-0.472000 0.991539
-0.468000 0.991562
-0.464000 0.991586
-0.460000 0.991611
-0.456000 0.991637
-0.452000 0.991663
-0.448000 0.991690
-0.444000 0.991718
-0.440000 0.991746
-0.436000 0.991775
-0.432000 0.991805
-0.428000 0.991835
-0.424000 0.991866
-0.420000 0.991898
-0.416000 0.991930
-0.412000 0.991963
-0.408000 0.991996
-0.404000 0.992030
-0.400000 0.992065
-0.396000 0.992100
-0.392000 0.992136
-0.388000 0.992172
-0.384000 0.992208
-0.380000 0.992245
-0.376000 0.992283
-0.372000 0.992321
-0.368000 0.992359
-0.364000 0.992397
-0.360000 0.992436
-0.356000 0.992475
-0.352000 0.992515
-0.348000 0.992555
-0.344000 0.992595
-0.340000 0.992635
-0.336000 0.992675
-0.332000 0.992715
-0.328000 0.992756
-0.324000 0.992797
-0.320000 0.992837
-0.316000 0.992878
-0.312000 0.992919
-0.308000 0.992959
-0.304000 0.993000
-0.300000 0.993040
-0.296000 0.993081
-0.292000 0.993121
-0.288000 0.993161
-0.284000 0.993201
-0.280000 0.993240
-0.276000 0.993280
-0.272000 0.993319
-0.268000 0.993358
-0.264000 0.993396
-0.260000 0.993434
-0.256000 0.993472
-0.252000 0.993509
-0.248000 0.993546
-0.244000 0.993583
-0.240000 0.993619
-0.236000 0.993655
-0.232000 0.993690
-0.228000 0.993724
-0.224000 0.993758
-0.220000 0.993792
-0.216000 0.993825
-0.212000 0.993858
-0.208000 0.993890
-0.204000 0.993921
-0.200000 0.993952
-0.196000 0.993982
-0.192000 0.994012
-0.188000 0.994041
-0.184000 0.994069
-0.180000 0.994097
-0.176000 0.994124
-0.172000 0.994151
-0.168000 0.994177
-0.164000 0.994203
-0.160000 0.994227
-0.156000 0.994251
-0.152000 0.994275
-0.148000 0.994298
-0.144000 0.994320
-0.140000 0.994342
-0.136000 0.994363
-0.132000 0.994384
-0.128000 0.994404
-0.124000 0.994423
-0.120000 0.994442
-0.116000 0.994460
-0.112000 0.994478
-0.108000 0.994495
-0.104000 0.994512
-0.100000 0.994528
-0.096000 0.994543
-0.092000 0.994558
-0.088000 0.994573
-0.084000 0.994587
-0.080000 0.994600
-0.076000 0.994613
-0.072000 0.994626
-0.068000 0.994638
-0.064000 0.994649
-0.060000 0.994661
-0.056000 0.994671
-0.052000 0.994682
-0.048000 0.994692
-0.044000 0.994701
-0.040000 0.994711
-0.036000 0.994719
-0.032000 0.994728
-0.028000 0.994736
-0.024000 0.994744
-0.020000 0.994751
-0.016000 0.994758
-0.012000 0.994765
-0.008000 0.994772
-0.004000 0.994778
0.000000 0.994784
0.004000 0.994789
0.008000 0.994795
0.012000 0.994800
0.016000 0.994805
0.020000 0.994810
0.024000 0.994814
0.028000 0.994818
0.032000 0.994822
0.036000 0.994826
0.040000 0.994830
0.044000 0.994833
0.048000 0.994837
0.052000 0.994840
0.056000 0.994843
0.060000 0.994846
0.064000 0.994848
0.068000 0.994851
0.072000 0.994853
0.076000 0.994856
0.080000 0.994858
0.084000 0.994860
0.088000 0.994862
0.092000 0.994864
0.096000 0.994865
0.100000 0.994867
0.104000 0.994869
0.108000 0.994870
0.112000 0.994871
0.116000 0.994873
0.120000 0.994874
0.124000 0.994875
0.128000 0.994876
0.132000 0.994877
0.136000 0.994878
0.140000 0.994879
0.144000 0.994880
0.148000 0.994881
0.152000 0.994881
0.156000 0.994882
0.160000 0.994883
0.164000 0.994883
0.168000 0.994884
0.172000 0.994884
0.176000 0.994885
0.180000 0.994885
0.184000 0.994886
0.188000 0.994886
0.192000 0.994887
0.196000 0.994887
0.200000 0.994887
0.204000 0.994888
0.208000 0.994888
0.212000 0.994888
0.216000 0.994889
0.220000 0.994889
0.224000 0.994889
0.228000 0.994889
0.232000 0.994889
0.236000 0.994890
0.240000 0.994890
0.244000 0.994890
0.248000 0.994890
0.252000 0.994890
0.256000 0.994890
0.260000 0.994891
0.264000 0.994891
0.268000 0.994891
0.272000 0.994891
0.276000 0.994891
0.280000 0.994891
0.284000 0.994891
0.288000 0.994891
0.292000 0.994891
0.296000 0.994891
0.300000 0.994891
0.304000 0.994891
0.308000 0.994891
0.312000 0.994891
0.316000 0.994892
0.320000 0.994892
0.324000 0.994892
0.328000 0.994892
0.332000 0.994892
0.336000 0.994892
0.340000 0.994892
0.344000 0.994892
0.348000 0.994892
0.352000 0.994892
0.356000 0.994892
0.360000 0.994892
0.364000 0.994892
0.368000 0.994892
0.372000 0.994892
0.376000 0.994892
0.380000 0.994892
0.384000 0.994892
0.388000 0.994892
0.392000 0.994892
0.396000 0.994892
0.400000 0.994892
0.404000 0.994892
0.408000 0.994892
0.412000 0.994892
0.416000 0.994892
0.420000 0.994892
0.424000 0.994892
0.428000 0.994892
0.432000 0.994892
0.436000 0.994892
0.440000 0.994892
0.444000 0.994892
0.448000 0.994892
0.452000 0.994892
0.456000 0.994892
0.460000 0.994892
0.464000 0.994892
0.468000 0.994892
0.472000 0.994892
0.476000 0.994892
0.480000 0.994892
0.484000 0.994892
0.488000 0.994892
0.492000 0.994892
0.496000 0.994892
0.500000 0.994892
0.504000 0.994892
0.508000 0.994892
0.512000 0.994892
0.516000 0.994892
0.520000 0.994892
0.524000 0.994892
0.528000 0.994892
0.532000 0.994892
0.536000 0.994892
0.540000 0.994892
0.544000 0.994892
0.548000 0.994892
0.552000 0.994892
0.556000 0.994892
0.560000 0.994892
0.564000 0.994892
0.568000 0.994892
0.572000 0.994892
0.576000 0.994892
0.580000 0.994892
0.584000 0.994892
0.588000 0.994892
0.592000 0.994892
0.596000 0.994892
0.600000 0.994892
0.604000 0.994892
0.608000 0.994892
0.612000 0.994892
0.616000 0.994892
0.620000 0.994892
0.624000 0.994892
0.628000 0.994892
0.632000 0.994892
0.636000 0.994892
0.640000 0.994892
0.644000 0.994892
0.648000 0.994892
0.652000 0.994892
0.656000 0.994892
0.660000 0.994892
0.664000 0.994892
0.668000 0.994892
0.672000 0.994892
0.676000 0.994892
0.680000 0.994892
0.684000 0.994892
0.688000 0.994892
0.692000 0.994892
0.696000 0.994892
0.700000 0.994892
0.704000 0.994892
0.708000 0.994892
0.712000 0.994892
0.716000 0.994892
0.720000 0.994892
0.724000 0.994892
0.728000 0.994892
0.732000 0.994892
0.736000 0.994892
0.740000 0.994892
0.744000 0.994892
0.748000 0.994892
0.752000 0.994892
0.756000 0.994892
0.760000 0.994892
0.764000 0.994892
0.768000 0.994892
0.772000 0.994892
0.776000 0.994892
0.780000 0.994892
0.784000 0.994892
0.788000 0.994892
0.792000 0.994892
0.796000 0.994892
0.800000 0.994892
0.804000 0.994892
0.808000 0.994892
0.812000 0.994892
0.816000 0.994892
0.820000 0.994892
0.824000 0.994892
0.828000 0.994892
0.832000 0.994892
0.836000 0.994892
0.840000 0.994892
0.844000 0.994892
0.848000 0.994892
0.852000 0.994892
0.856000 0.994892
0.860000 0.994892
0.864000 0.994892
0.868000 0.994892
0.872000 0.994892
0.876000 0.994892
0.880000 0.994892
0.884000 0.994892
0.888000 0.994892
0.892000 0.994892
0.896000 0.994892
0.900000 0.994892
0.904000 0.994892
0.908000 0.994892
0.912000 0.994892
0.916000 0.994892
0.920000 0.994892
0.924000 0.994892
0.928000 0.994892
0.932000 0.994892
0.936000 0.994892
0.940000 0.994892
0.944000 0.994892
0.948000 0.994892
0.952000 0.994892
0.956000 0.994892
0.960000 0.994892
0.964000 0.994892
0.968000 0.994892
0.972000 0.994892
0.976000 0.994892
0.980000 0.994892
0.984000 0.994892
0.988000 0.994892
0.992000 0.994892
0.996000 0.994892
1.000000 0.994892
