-1.000000 0.991037
-0.996000 0.991037
-0.992000 0.991037
-0.988000 0.991037
-0.984000 0.991037
-0.980000 0.991037
-0.976000 0.991037
-0.972000 0.991037
-0.968000 0.991037
-0.964000 0.991037
-0.960000 0.991037
-0.956000 0.991037
-0.952000 0.991037
-0.948000 0.991037
-0.944000 0.991037
-0.940000 0.991037
-0.936000 0.991037
-0.932000 0.991037
-0.928000 0.991037
-0.924000 0.991037
-0.920000 0.991037
-0.916000 0.991037
-0.912000 0.991037
-0.908000 0.991037
-0.904000 0.991037
-0.900000 0.991037
-0.896000 0.991037
-0.892000 0.991037
-0.888000 0.991037
-0.884000 0.991037
-0.880000 0.991037
-0.876000 0.991037
-0.872000 0.991037
-0.868000 0.991037
-0.864000 0.991037
-0.860000 0.991037
-0.856000 0.991037
-0.852000 0.991037
-0.848000 0.991037
-0.844000 0.991037
-0.840000 0.991037
-0.836000 0.991037
-0.832000 0.991037
-0.828000 0.991037
-0.824000 0.991037
-0.820000 0.991037
-0.816000 0.991037
-0.812000 0.991037
-0.808000 0.991037
-0.804000 0.991037
-0.800000 0.991037
-0.796000 0.991037
-0.792000 0.991037
-0.788000 0.991037
-0.784000 0.991037
-0.780000 0.991037
-0.776000 0.991037
-0.772000 0.991037
-0.768000 0.991037
-0.764000 0.991037
-0.760000 0.991037
-0.756000 0.991037
-0.752000 0.991037
-0.748000 0.991037
-0.744000 0.991037
-0.740000 0.991037
-0.736000 0.991037
-0.732000 0.991037
-0.728000 0.991037
-0.724000 0.991037
-0.720000 0.991037
-0.716000 0.991037
-0.712000 0.991037
-0.708000 0.991037
-0.704000 0.991037
-0.700000 0.991037
-0.696000 0.991037
-0.692000 0.991037
-0.688000 0.991037
-0.684000 0.991037
-0.680000 0.991037
-0.676000 0.991037
-0.672000 0.991037
-0.668000 0.991037
-0.664000 0.991037
-0.660000 0.991037
-0.656000 0.991037
-0.652000 0.991037
-0.648000 0.991037
-0.644000 0.991037
-0.640000 0.991037
-0.636000 0.991037
-0.632000 0.991037
-0.628000 0.991037
-0.624000 0.991037
-0.620000 0.991037
-0.616000 0.991037
-0.612000 0.991037
-0.608000 0.991037
-0.604000 0.991037
-0.600000 0.991037
-0.596000 0.991037
-0.592000 0.991037
-0.588000 0.991037
-0.584000 0.991037
-0.580000 0.991037
-0.576000 0.991037
-0.572000 0.991037
-0.568000 0.991037
-0.564000 0.991037
-0.560000 0.991037
-0.556000 0.991037
-0.552000 0.991037
-0.548000 0.991037
-0.544000 0.991037
-0.540000 0.991037
-0.536000 0.991037
-0.532000 0.991037
-0.528000 0.991037
-0.524000 0.991037
-0.520000 0.991037
-0.516000 0.991037
-0.512000 0.991037
-0.508000 0.991037
-0.504000 0.991037
-0.500000 0.991037
-0.496000 0.991037
-0.492000 0.991037
-0.488000 0.991037
-0.484000 0.991037
-0.480000 0.991037
-0.476000 0.991037
-0.472000 0.991037
-0.468000 0.991037
-0.464000 0.991037
-0.460000 0.991037
-0.456000 0.991037
-0.452000 0.991037
-0.448000 0.991037
-0.444000 0.991037
-0.440000 0.991037
-0.436000 0.991037
-0.432000 0.991037
-0.428000 0.991037
-0.424000 0.991037
-0.420000 0.991037
-0.416000 0.991037
-0.412000 0.991037
-0.408000 0.991037
-0.404000 0.991037
-0.400000 0.991037
-0.396000 0.991037
-0.392000 0.991037
-0.388000 0.991037
-0.384000 0.991037
-0.380000 0.991037
-0.376000 0.991037
-0.372000 0.991037
-0.368000 0.991037
-0.364000 0.991037
-0.360000 0.991037
-0.356000 0.991037
-0.352000 0.991037
-0.348000 0.991037
-0.344000 0.991037
-0.340000 0.991037
-0.336000 0.991037
-0.332000 0.991037
-0.328000 0.991037
-0.324000 0.991037
-0.320000 0.991037
-0.316000 0.991037
-0.312000 0.991037
-0.308000 0.991037
-0.304000 0.991037
-0.300000 0.991037
-0.296000 0.991037
-0.292000 0.991037
-0.288000 0.991037
-0.284000 0.991037
-0.280000 0.991037
-0.276000 0.991037
-0.272000 0.991037
-0.268000 0.991037
-0.264000 0.991037
-0.260000 0.991037
-0.256000 0.991037
-0.252000 0.991037
-0.248000 0.991037
-0.244000 0.991037
-0.240000 0.991037
-0.236000 0.991037
-0.232000 0.991037
-0.228000 0.991037
-0.224000 0.991037
-0.220000 0.991037
-0.216000 0.991037
-0.212000 0.991037
-0.208000 0.991037
-0.204000 0.991037
-0.200000 0.991037
-0.196000 0.991037
-0.192000 0.991037
-0.188000 0.991037
-0.184000 0.991037
-0.180000 0.991037
-0.176000 0.991037
-0.172000 0.991037
-0.168000 0.991037
-0.164000 0.991037
-0.160000 0.991037
-0.156000 0.991037
-0.152000 0.991037
-0.148000 0.991037
-0.144000 0.991037
-0.140000 0.991037
-0.136000 0.991037
-0.132000 0.991037
-0.128000 0.991037
-0.124000 0.991037
-0.120000 0.991037
-0.116000 0.991037
-0.112000 0.991037
-0.108000 0.991037
-0.104000 0.991037
-0.100000 0.991037
-0.096000 0.991037
-0.092000 0.991037
-0.088000 0.991037
-0.084000 0.991037
-0.080000 0.991037
-0.076000 0.991037
-0.072000 0.991037
-0.068000 0.991037
-0.064000 0.991037
-0.060000 0.991037
-0.056000 0.991037
-0.052000 0.991037
-0.048000 0.991037
-0.044000 0.991037
-0.040000 0.991037
-0.036000 0.991037
-0.032000 0.991037
-0.028000 0.991037
-0.024000 0.991037
-0.020000 0.991037
-0.016000 0.991037
-0.012000 0.991037
-0.008000 0.991037
-0.004000 0.991037
0.000000 0.991037
0.004000 0.991037
0.008000 0.991037
0.012000 0.991037
0.016000 0.991037
0.020000 0.991037
0.024000 0.991037
0.028000 0.991037
0.032000 0.991037
0.036000 0.991037
0.040000 0.991037
0.044000 0.991037
0.048000 0.991037
0.052000 0.991037
0.056000 0.991037
0.060000 0.991037
0.064000 0.991037
0.068000 0.991037
0.072000 0.991037
0.076000 0.991037
0.080000 0.991037
0.084000 0.991037
0.088000 0.991037
0.092000 0.991037
0.096000 0.991037
0.100000 0.991037
0.104000 0.991037
0.108000 0.991037
0.112000 0.991037
0.116000 0.991037
0.120000 0.991037
0.124000 0.991037
0.128000 0.991037
0.132000 0.991037
0.136000 0.991037
0.140000 0.991037
0.144000 0.991037
0.148000 0.991037
0.152000 0.991037
0.156000 0.991037
0.160000 0.991037
0.164000 0.991037
0.168000 0.991037
0.172000 0.991037
0.176000 0.991037
0.180000 0.991037
0.184000 0.991037
0.188000 0.991037
0.192000 0.991037
0.196000 0.991037
0.200000 0.991037
0.204000 0.991037
0.208000 0.991037
0.212000 0.991038
0.216000 0.991038
0.220000 0.991038
0.224000 0.991038
0.228000 0.991038
0.232000 0.991038
0.236000 0.991038
0.240000 0.991038
0.244000 0.991038
0.248000 0.991038
0.252000 0.991038
0.256000 0.991038
0.260000 0.991038
0.264000 0.991038
0.268000 0.991038
0.272000 0.991038
0.276000 0.991038
0.280000 0.991039
0.284000 0.991039
0.288000 0.991039
0.292000 0.991039
0.296000 0.991039
0.300000 0.991039
0.304000 0.991039
0.308000 0.991039
0.312000 0.991039
0.316000 0.991040
0.320000 0.991040
0.324000 0.991040
0.328000 0.991040
0.332000 0.991040
0.336000 0.991040
0.340000 0.991041
0.344000 0.991041
0.348000 0.991041
0.352000 0.991041
0.356000 0.991042
0.360000 0.991042
0.364000 0.991042
0.368000 0.991042
0.372000 0.991043
0.376000 0.991043
0.380000 0.991043
0.384000 0.991044
0.388000 0.991044
0.392000 0.991044
0.396000 0.991045
0.400000 0.991045
0.404000 0.991046
0.408000 0.991046
0.412000 0.991047
0.416000 0.991047
0.420000 0.991048
0.424000 0.991048
0.428000 0.991049
0.432000 0.991049
0.436000 0.991050
0.440000 0.991051
0.444000 0.991051
0.448000 0.991052
0.452000 0.991053
0.456000 0.991054
0.460000 0.991054
0.464000 0.991055
0.468000 0.991056
0.472000 0.991057
0.476000 0.991058
0.480000 0.991059
0.484000 0.991060
0.488000 0.991061
0.492000 0.991062
0.496000 0.991063
0.500000 0.991065
0.504000 0.991066
0.508000 0.991067
0.512000 0.991069
0.516000 0.991070
0.520000 0.991071
0.524000 0.991073
0.528000 0.991075
0.532000 0.991076
0.536000 0.991078
0.540000 0.991080
0.544000 0.991082
0.548000 0.991083
0.552000 0.991085
0.556000 0.991087
0.560000 0.991090
0.564000 0.991092
0.568000 0.991094
0.572000 0.991096
0.576000 0.991099
0.580000 0.991101
0.584000 0.991104
0.588000 0.991107
0.592000 0.991109
0.596000 0.991112
0.600000 0.991115
0.604000 0.991118
0.608000 0.991122
0.612000 0.991125
0.616000 0.991128
0.620000 0.991132
0.624000 0.991135
0.628000 0.991139
0.632000 0.991143
0.636000 0.991147
0.640000 0.991151
0.644000 0.991155
0.648000 0.991159
0.652000 0.991164
0.656000 0.991168
0.660000 0.991173
0.664000 0.991178
0.668000 0.991183
0.672000 0.991188
0.676000 0.991193
0.680000 0.991198
0.684000 0.991204
0.688000 0.991209
0.692000 0.991215
0.696000 0.991221
0.700000 0.991227
0.704000 0.991234
0.708000 0.991240
0.712000 0.991247
0.716000 0.991253
0.720000 0.991260
0.724000 0.991267
0.728000 0.991275
0.732000 0.991282
0.736000 0.991290
0.740000 0.991297
0.744000 0.991305
0.748000 0.991314
0.752000 0.991322
0.756000 0.991330
0.760000 0.991339
0.764000 0.991348
0.768000 0.991357
0.772000 0.991366
0.776000 0.991376
0.780000 0.991386
0.784000 0.991395
0.788000 0.991406
0.792000 0.991416
0.796000 0.991426
0.800000 0.991437
0.804000 0.991448
0.808000 0.991459
0.812000 0.991470
0.816000 0.991482
0.820000 0.991493
0.824000 0.991505
0.828000 0.991518
0.832000 0.991530
0.836000 0.991542
0.840000 0.991555
0.844000 0.991568
0.848000 0.991581
0.852000 0.991595
0.856000 0.991608
0.860000 0.991622
0.864000 0.991636
0.868000 0.991651
0.872000 0.991665
0.876000 0.991680
0.880000 0.991695
0.884000 0.991710
0.888000 0.991725
0.892000 0.991741
0.896000 0.991756
0.900000 0.991772
0.904000 0.991788
0.908000 0.991805
0.912000 0.991821
0.916000 0.991838
0.920000 0.991855
0.924000 0.991872
0.928000 0.991890
0.932000 0.991907
0.936000 0.991925
0.940000 0.991943
0.944000 0.991962
0.948000 0.991981
0.952000 0.992000
0.956000 0.992019
0.960000 0.992039
0.964000 0.992060
0.968000 0.992081
0.972000 0.992103
0.976000 0.992127
0.980000 0.992153
0.984000 0.992181
0.988000 0.992212
0.992000 0.992248
0.996000 0.992290
1.000000 0.992341
