-1.000000 0.997928
-0.996000 0.997928
-0.992000 0.997928
-0.988000 0.997928
-0.984000 0.997928
-0.980000 0.997928
-0.976000 0.997927
-0.972000 0.997927
-0.968000 0.997927
-0.964000 0.997927
-0.960000 0.997926
-0.956000 0.997926
-0.952000 0.997925
-0.948000 0.997924
-0.944000 0.997923
-0.940000 0.997922
-0.936000 0.997921
-0.932000 0.997920
-0.928000 0.997918
-0.924000 0.997916
-0.920000 0.997914
-0.916000 0.997911
-0.912000 0.997908
-0.908000 0.997905
-0.904000 0.997901
-0.900000 0.997896
-0.896000 0.997891
-0.892000 0.997885
-0.888000 0.997879
-0.884000 0.997872
-0.880000 0.997863
-0.876000 0.997854
-0.872000 0.997844
-0.868000 0.997833
-0.864000 0.997820
-0.860000 0.997806
-0.856000 0.997791
-0.852000 0.997775
-0.848000 0.997756
-0.844000 0.997736
-0.840000 0.997715
-0.836000 0.997691
-0.832000 0.997665
-0.828000 0.997638
-0.824000 0.997608
-0.820000 0.997576
-0.816000 0.997542
-0.812000 0.997505
-0.808000 0.997466
-0.804000 0.997424
-0.800000 0.997380
-0.796000 0.997333
-0.792000 0.997283
-0.788000 0.997231
-0.784000 0.997176
-0.780000 0.997118
-0.776000 0.997057
-0.772000 0.996993
-0.768000 0.996926
-0.764000 0.996857
-0.760000 0.996785
-0.756000 0.996710
-0.752000 0.996632
-0.748000 0.996552
-0.744000 0.996469
-0.740000 0.996384
-0.736000 0.996296
-0.732000 0.996206
-0.728000 0.996114
-0.724000 0.996020
-0.720000 0.995924
-0.716000 0.995826
-0.712000 0.995726
-0.708000 0.995625
-0.704000 0.995522
-0.700000 0.995419
-0.696000 0.995314
-0.692000 0.995208
-0.688000 0.995102
-0.684000 0.994995
-0.680000 0.994887
-0.676000 0.994780
-0.672000 0.994672
-0.668000 0.994565
-0.664000 0.994457
-0.660000 0.994351
-0.656000 0.994244
-0.652000 0.994139
-0.648000 0.994034
-0.644000 0.993931
-0.640000 0.993829
-0.636000 0.993728
-0.632000 0.993628
-0.628000 0.993530
-0.624000 0.993433
-0.620000 0.993339
-0.616000 0.993246
-0.612000 0.993155
-0.608000 0.993066
-0.604000 0.992979
-0.600000 0.992895
-0.596000 0.992812
-0.592000 0.992732
-0.588000 0.992654
-0.584000 0.992578
-0.580000 0.992505
-0.576000 0.992434
-0.572000 0.992365
-0.568000 0.992298
-0.564000 0.992234
-0.560000 0.992173
-0.556000 0.992113
-0.552000 0.992056
-0.548000 0.992001
-0.544000 0.991948
-0.540000 0.991898
-0.536000 0.991849
-0.532000 0.991803
-0.528000 0.991759
-0.524000 0.991717
-0.520000 0.991677
-0.516000 0.991638
-0.512000 0.991602
-0.508000 0.991567
-0.504000 0.991534
-0.500000 0.991503
-0.496000 0.991473
-0.492000 0.991445
-0.488000 0.991419
-0.484000 0.991394
-0.480000 0.991370
-0.476000 0.991348
-0.472000 0.991327
-0.468000 0.991307
-0.464000 0.991288
-0.460000 0.991271
-0.456000 0.991254
-0.452000 0.991239
-0.448000 0.991224
-0.444000 0.991211
-0.440000 0.991198
-0.436000 0.991186
-0.432000 0.991175
-0.428000 0.991165
-0.424000 0.991155
-0.420000 0.991146
-0.416000 0.991138
-0.412000 0.991130
-0.408000 0.991123
-0.404000 0.991116
-0.400000 0.991110
-0.396000 0.991104
-0.392000 0.991099
-0.388000 0.991094
-0.384000 0.991089
-0.380000 0.991085
-0.376000 0.991081
-0.372000 0.991077
-0.368000 0.991074
-0.364000 0.991071
-0.360000 0.991068
-0.356000 0.991065
-0.352000 0.991063
-0.348000 0.991061
-0.344000 0.991058
-0.340000 0.991057
-0.336000 0.991055
-0.332000 0.991053
-0.328000 0.991052
-0.324000 0.991051
-0.320000 0.991049
-0.316000 0.991048
-0.312000 0.991047
-0.308000 0.991046
-0.304000 0.991045
-0.300000 0.991045
-0.296000 0.991044
-0.292000 0.991043
-0.288000 0.991043
-0.284000 0.991042
-0.280000 0.991042
-0.276000 0.991041
-0.272000 0.991041
-0.268000 0.991040
-0.264000 0.991040
-0.260000 0.991040
-0.256000 0.991040
-0.252000 0.991039
-0.248000 0.991039
-0.244000 0.991039
-0.240000 0.991039
-0.236000 0.991038
-0.232000 0.991038
-0.228000 0.991038
-0.224000 0.991038
-0.220000 0.991038
-0.216000 0.991038
-0.212000 0.991038
-0.208000 0.991038
-0.204000 0.991038
-0.200000 0.991038
-0.196000 0.991038
-0.192000 0.991037
-0.188000 0.991037
-0.184000 0.991037
-0.180000 0.991037
-0.176000 0.991037
-0.172000 0.991037
-0.168000 0.991037
-0.164000 0.991037
-0.160000 0.991037
-0.156000 0.991037
-0.152000 0.991037
-0.148000 0.991037
-0.144000 0.991037
-0.140000 0.991037
-0.136000 0.991037
-0.132000 0.991037
-0.128000 0.991037
-0.124000 0.991037
-0.120000 0.991037
-0.116000 0.991037
-0.112000 0.991037
-0.108000 0.991037
-0.104000 0.991037
-0.100000 0.991037
-0.096000 0.991037
-0.092000 0.991037
-0.088000 0.991037
-0.084000 0.991037
-0.080000 0.991037
-0.076000 0.991037
-0.072000 0.991037
-0.068000 0.991037
-0.064000 0.991037
-0.060000 0.991037
-0.056000 0.991037
-0.052000 0.991037
-0.048000 0.991037
-0.044000 0.991037
-0.040000 0.991037
-0.036000 0.991037
-0.032000 0.991037
-0.028000 0.991037
-0.024000 0.991037
-0.020000 0.991037
-0.016000 0.991037
-0.012000 0.991037
-0.008000 0.991037
-0.004000 0.991037
0.000000 0.991037
0.004000 0.991037
0.008000 0.991037
0.012000 0.991037
0.016000 0.991037
0.020000 0.991037
0.024000 0.991037
0.028000 0.991037
0.032000 0.991037
0.036000 0.991037
0.040000 0.991037
0.044000 0.991037
0.048000 0.991037
0.052000 0.991037
0.056000 0.991037
0.060000 0.991037
0.064000 0.991037
0.068000 0.991037
0.072000 0.991037
0.076000 0.991037
0.080000 0.991037
0.084000 0.991037
0.088000 0.991037
0.092000 0.991037
0.096000 0.991037
0.100000 0.991037
0.104000 0.991037
0.108000 0.991037
0.112000 0.991037
0.116000 0.991037
0.120000 0.991037
0.124000 0.991037
0.128000 0.991037
0.132000 0.991037
0.136000 0.991037
0.140000 0.991037
0.144000 0.991037
0.148000 0.991037
0.152000 0.991037
0.156000 0.991037
0.160000 0.991037
0.164000 0.991037
0.168000 0.991037
0.172000 0.991037
0.176000 0.991037
0.180000 0.991037
0.184000 0.991037
0.188000 0.991037
0.192000 0.991037
0.196000 0.991037
0.200000 0.991037
0.204000 0.991037
0.208000 0.991037
0.212000 0.991037
0.216000 0.991037
0.220000 0.991037
0.224000 0.991037
0.228000 0.991037
0.232000 0.991037
0.236000 0.991037
0.240000 0.991037
0.244000 0.991037
0.248000 0.991037
0.252000 0.991037
0.256000 0.991037
0.260000 0.991037
0.264000 0.991037
0.268000 0.991037
0.272000 0.991037
0.276000 0.991037
0.280000 0.991037
0.284000 0.991037
0.288000 0.991037
0.292000 0.991037
0.296000 0.991037
0.300000 0.991037
0.304000 0.991037
0.308000 0.991037
0.312000 0.991037
0.316000 0.991037
0.320000 0.991037
0.324000 0.991037
0.328000 0.991037
0.332000 0.991037
0.336000 0.991037
0.340000 0.991037
0.344000 0.991037
0.348000 0.991037
0.352000 0.991037
0.356000 0.991037
0.360000 0.991037
0.364000 0.991037
0.368000 0.991037
0.372000 0.991037
0.376000 0.991037
0.380000 0.991037
0.384000 0.991037
0.388000 0.991037
0.392000 0.991037
0.396000 0.991037
0.400000 0.991037
0.404000 0.991037
0.408000 0.991037
0.412000 0.991037
0.416000 0.991037
0.420000 0.991037
0.424000 0.991037
0.428000 0.991037
0.432000 0.991037
0.436000 0.991037
0.440000 0.991037
0.444000 0.991037
0.448000 0.991037
0.452000 0.991037
0.456000 0.991037
0.460000 0.991037
0.464000 0.991037
0.468000 0.991037
0.472000 0.991037
0.476000 0.991037
0.480000 0.991037
0.484000 0.991037
0.488000 0.991037
0.492000 0.991037
0.496000 0.991037
0.500000 0.991037
0.504000 0.991037
0.508000 0.991037
0.512000 0.991037
0.516000 0.991037
0.520000 0.991037
0.524000 0.991037
0.528000 0.991037
0.532000 0.991037
0.536000 0.991037
0.540000 0.991037
0.544000 0.991037
0.548000 0.991037
0.552000 0.991037
0.556000 0.991037
0.560000 0.991037
0.564000 0.991037
0.568000 0.991037
0.572000 0.991037
0.576000 0.991037
0.580000 0.991037
0.584000 0.991037
0.588000 0.991037
0.592000 0.991037
0.596000 0.991037
0.600000 0.991037
0.604000 0.991037
0.608000 0.991037
0.612000 0.991037
0.616000 0.991037
0.620000 0.991037
0.624000 0.991037
0.628000 0.991037
0.632000 0.991037
0.636000 0.991037
0.640000 0.991037
0.644000 0.991037
0.648000 0.991037
0.652000 0.991037
0.656000 0.991037
0.660000 0.991037
0.664000 0.991037
0.668000 0.991037
0.672000 0.991037
0.676000 0.991037
0.680000 0.991037
0.684000 0.991037
0.688000 0.991037
0.692000 0.991037
0.696000 0.991037
0.700000 0.991037
0.704000 0.991037
0.708000 0.991037
0.712000 0.991037
0.716000 0.991037
0.720000 0.991037
0.724000 0.991037
0.728000 0.991037
0.732000 0.991037
0.736000 0.991037
0.740000 0.991037
0.744000 0.991037
0.748000 0.991037
0.752000 0.991037
0.756000 0.991037
0.760000 0.991037
0.764000 0.991037
0.768000 0.991037
0.772000 0.991037
0.776000 0.991037
0.780000 0.991037
0.784000 0.991037
0.788000 0.991037
0.792000 0.991037
0.796000 0.991037
0.800000 0.991037
0.804000 0.991037
0.808000 0.991037
0.812000 0.991037
0.816000 0.991037
0.820000 0.991037
0.824000 0.991037
0.828000 0.991037
0.832000 0.991037
0.836000 0.991037
0.840000 0.991037
0.844000 0.991037
0.848000 0.991037
0.852000 0.991037
0.856000 0.991037
0.860000 0.991037
0.864000 0.991037
0.868000 0.991037
0.872000 0.991037
0.876000 0.991037
0.880000 0.991037
0.884000 0.991037
0.888000 0.991037
0.892000 0.991037
0.896000 0.991037
0.900000 0.991037
0.904000 0.991037
0.908000 0.991037
0.912000 0.991037
0.916000 0.991037
0.920000 0.991037
0.924000 0.991037
0.928000 0.991037
0.932000 0.991037
0.936000 0.991037
0.940000 0.991037
0.944000 0.991037
0.948000 0.991037
0.952000 0.991037
0.956000 0.991037
0.960000 0.991037
0.964000 0.991037
0.968000 0.991037
0.972000 0.991037
0.976000 0.991037
0.980000 0.991037
0.984000 0.991037
0.988000 0.991037
0.992000 0.991037
0.996000 0.991037
1.000000 0.991037
