-1.000000 0.997928
-0.996000 0.997928
-0.992000 0.997928
-0.988000 0.997928
-0.984000 0.997928
-0.980000 0.997928
-0.976000 0.997928
-0.972000 0.997928
-0.968000 0.997928
-0.964000 0.997928
-0.960000 0.997928
-0.956000 0.997928
-0.952000 0.997928
-0.948000 0.997928
-0.944000 0.997928
-0.940000 0.997928
-0.936000 0.997928
-0.932000 0.997928
-0.928000 0.997928
-0.924000 0.997928
-0.920000 0.997928
-0.916000 0.997928
-0.912000 0.997928
-0.908000 0.997928
-0.904000 0.997928
-0.900000 0.997928
-0.896000 0.997928
-0.892000 0.997928
-0.888000 0.997928
-0.884000 0.997928
-0.880000 0.997928
-0.876000 0.997928
-0.872000 0.997928
-0.868000 0.997928
-0.864000 0.997928
-0.860000 0.997928
-0.856000 0.997928
-0.852000 0.997928
-0.848000 0.997928
-0.844000 0.997928
-0.840000 0.997928
-0.836000 0.997928
-0.832000 0.997928
-0.828000 0.997928
-0.824000 0.997928
-0.820000 0.997928
-0.816000 0.997928
-0.812000 0.997928
-0.808000 0.997928
-0.804000 0.997928
-0.800000 0.997928
-0.796000 0.997928
-0.792000 0.997928
-0.788000 0.997928
-0.784000 0.997928
-0.780000 0.997928
-0.776000 0.997928
-0.772000 0.997928
-0.768000 0.997928
-0.764000 0.997928
-0.760000 0.997928
-0.756000 0.997928
-0.752000 0.997928
-0.748000 0.997928
-0.744000 0.997927
-0.740000 0.997927
-0.736000 0.997927
-0.732000 0.997927
-0.728000 0.997927
-0.724000 0.997927
-0.720000 0.997927
-0.716000 0.997927
-0.712000 0.997927
-0.708000 0.997927
-0.704000 0.997926
-0.700000 0.997926
-0.696000 0.997926
-0.692000 0.997926
-0.688000 0.997925
-0.684000 0.997925
-0.680000 0.997925
-0.676000 0.997924
-0.672000 0.997924
-0.668000 0.997924
-0.664000 0.997923
-0.660000 0.997923
-0.656000 0.997922
-0.652000 0.997922
-0.648000 0.997921
-0.644000 0.997920
-0.640000 0.997919
-0.636000 0.997918
-0.632000 0.997918
-0.628000 0.997917
-0.624000 0.997915
-0.620000 0.997914
-0.616000 0.997913
-0.612000 0.997911
-0.608000 0.997910
-0.604000 0.997908
-0.600000 0.997906
-0.596000 0.997904
-0.592000 0.997902
-0.588000 0.997900
-0.584000 0.997898
-0.580000 0.997895
-0.576000 0.997892
-0.572000 0.997889
-0.568000 0.997886
-0.564000 0.997883
-0.560000 0.997879
-0.556000 0.997875
-0.552000 0.997871
-0.548000 0.997866
-0.544000 0.997861
-0.540000 0.997856
-0.536000 0.997851
-0.532000 0.997845
-0.528000 0.997838
-0.524000 0.997832
-0.520000 0.997825
-0.516000 0.997817
-0.512000 0.997810
-0.508000 0.997801
-0.504000 0.997792
-0.500000 0.997783
-0.496000 0.997773
-0.492000 0.997763
-0.488000 0.997752
-0.484000 0.997740
-0.480000 0.997728
-0.476000 0.997716
-0.472000 0.997702
-0.468000 0.997688
-0.464000 0.997673
-0.460000 0.997658
-0.456000 0.997642
-0.452000 0.997625
-0.448000 0.997607
-0.444000 0.997588
-0.440000 0.997569
-0.436000 0.997549
-0.432000 0.997528
-0.428000 0.997506
-0.424000 0.997483
-0.420000 0.997459
-0.416000 0.997435
-0.412000 0.997409
-0.408000 0.997383
-0.404000 0.997355
-0.400000 0.997327
-0.396000 0.997297
-0.392000 0.997267
-0.388000 0.997235
-0.384000 0.997203
-0.380000 0.997169
-0.376000 0.997134
-0.372000 0.997099
-0.368000 0.997062
-0.364000 0.997024
-0.360000 0.996985
-0.356000 0.996945
-0.352000 0.996904
-0.348000 0.996862
-0.344000 0.996818
-0.340000 0.996774
-0.336000 0.996729
-0.332000 0.996682
-0.328000 0.996635
-0.324000 0.996586
-0.320000 0.996537
-0.316000 0.996486
-0.312000 0.996435
-0.308000 0.996382
-0.304000 0.996329
-0.300000 0.996275
-0.296000 0.996219
-0.292000 0.996163
-0.288000 0.996106
-0.284000 0.996048
-0.280000 0.995990
-0.276000 0.995930
-0.272000 0.995870
-0.268000 0.995809
-0.264000 0.995747
-0.260000 0.995685
-0.256000 0.995622
-0.252000 0.995559
-0.248000 0.995494
-0.244000 0.995430
-0.240000 0.995365
-0.236000 0.995299
-0.232000 0.995233
-0.228000 0.995167
-0.224000 0.995100
-0.220000 0.995033
-0.216000 0.994966
-0.212000 0.994899
-0.208000 0.994832
-0.204000 0.994764
-0.200000 0.994696
-0.196000 0.994628
-0.192000 0.994561
-0.188000 0.994493
-0.184000 0.994425
-0.180000 0.994358
-0.176000 0.994291
-0.172000 0.994224
-0.168000 0.994157
-0.164000 0.994090
-0.160000 0.994024
-0.156000 0.993958
-0.152000 0.993893
-0.148000 0.993828
-0.144000 0.993763
-0.140000 0.993699
-0.136000 0.993636
-0.132000 0.993573
-0.128000 0.993511
-0.124000 0.993449
-0.120000 0.993388
-0.116000 0.993327
-0.112000 0.993268
-0.108000 0.993209
-0.104000 0.993151
-0.100000 0.993093
-0.096000 0.993037
-0.092000 0.992981
-0.088000 0.992926
-0.084000 0.992872
-0.080000 0.992819
-0.076000 0.992766
-0.072000 0.992715
-0.068000 0.992665
-0.064000 0.992615
-0.060000 0.992566
-0.056000 0.992519
-0.052000 0.992472
-0.048000 0.992426
-0.044000 0.992381
-0.040000 0.992337
-0.036000 0.992294
-0.032000 0.992252
-0.028000 0.992211
-0.024000 0.992171
-0.020000 0.992132
-0.016000 0.992094
-0.012000 0.992056
-0.008000 0.992020
-0.004000 0.991985
0.000000 0.991950
0.004000 0.991917
0.008000 0.991884
0.012000 0.991852
0.016000 0.991822
0.020000 0.991792
0.024000 0.991763
0.028000 0.991734
0.032000 0.991707
0.036000 0.991680
0.040000 0.991655
0.044000 0.991630
0.048000 0.991606
0.052000 0.991582
0.056000 0.991560
0.060000 0.991538
0.064000 0.991517
0.068000 0.991496
0.072000 0.991477
0.076000 0.991458
0.080000 0.991439
0.084000 0.991422
0.088000 0.991405
0.092000 0.991388
0.096000 0.991373
0.100000 0.991357
0.104000 0.991343
0.108000 0.991329
0.112000 0.991315
0.116000 0.991302
0.120000 0.991290
0.124000 0.991278
0.128000 0.991266
0.132000 0.991255
0.136000 0.991245
0.140000 0.991235
0.144000 0.991225
0.148000 0.991216
0.152000 0.991207
0.156000 0.991198
0.160000 0.991190
0.164000 0.991182
0.168000 0.991175
0.172000 0.991168
0.176000 0.991161
0.180000 0.991155
0.184000 0.991148
0.188000 0.991143
0.192000 0.991137
0.196000 0.991132
0.200000 0.991127
0.204000 0.991122
0.208000 0.991117
0.212000 0.991113
0.216000 0.991109
0.220000 0.991105
0.224000 0.991101
0.228000 0.991097
0.232000 0.991094
0.236000 0.991091
0.240000 0.991088
0.244000 0.991085
0.248000 0.991082
0.252000 0.991079
0.256000 0.991077
0.260000 0.991075
0.264000 0.991072
0.268000 0.991070
0.272000 0.991068
0.276000 0.991066
0.280000 0.991065
0.284000 0.991063
0.288000 0.991061
0.292000 0.991060
0.296000 0.991058
0.300000 0.991057
0.304000 0.991056
0.308000 0.991055
0.312000 0.991054
0.316000 0.991053
0.320000 0.991052
0.324000 0.991051
0.328000 0.991050
0.332000 0.991049
0.336000 0.991048
0.340000 0.991048
0.344000 0.991047
0.348000 0.991046
0.352000 0.991046
0.356000 0.991045
0.360000 0.991044
0.364000 0.991044
0.368000 0.991044
0.372000 0.991043
0.376000 0.991043
0.380000 0.991042
0.384000 0.991042
0.388000 0.991042
0.392000 0.991041
0.396000 0.991041
0.400000 0.991041
0.404000 0.991040
0.408000 0.991040
0.412000 0.991040
0.416000 0.991040
0.420000 0.991040
0.424000 0.991039
0.428000 0.991039
0.432000 0.991039
0.436000 0.991039
0.440000 0.991039
0.444000 0.991039
0.448000 0.991039
0.452000 0.991038
0.456000 0.991038
0.460000 0.991038
0.464000 0.991038
0.468000 0.991038
0.472000 0.991038
0.476000 0.991038
0.480000 0.991038
0.484000 0.991038
0.488000 0.991038
0.492000 0.991038
0.496000 0.991038
0.500000 0.991038
0.504000 0.991038
0.508000 0.991037
0.512000 0.991037
0.516000 0.991037
0.520000 0.991037
0.524000 0.991037
0.528000 0.991037
0.532000 0.991037
0.536000 0.991037
0.540000 0.991037
0.544000 0.991037
0.548000 0.991037
0.552000 0.991037
0.556000 0.991037
0.560000 0.991037
0.564000 0.991037
0.568000 0.991037
0.572000 0.991037
0.576000 0.991037
0.580000 0.991037
0.584000 0.991037
0.588000 0.991037
0.592000 0.991037
0.596000 0.991037
0.600000 0.991037
0.604000 0.991037
0.608000 0.991037
0.612000 0.991037
0.616000 0.991037
0.620000 0.991037
0.624000 0.991037
0.628000 0.991037
0.632000 0.991037
0.636000 0.991037
0.640000 0.991037
0.644000 0.991037
0.648000 0.991037
0.652000 0.991037
0.656000 0.991037
0.660000 0.991037
0.664000 0.991037
0.668000 0.991037
0.672000 0.991037
0.676000 0.991037
0.680000 0.991037
0.684000 0.991037
0.688000 0.991037
0.692000 0.991037
0.696000 0.991037
0.700000 0.991037
0.704000 0.991037
0.708000 0.991037
0.712000 0.991037
0.716000 0.991037
0.720000 0.991037
0.724000 0.991037
0.728000 0.991037
0.732000 0.991037
0.736000 0.991037
0.740000 0.991037
0.744000 0.991037
0.748000 0.991037
0.752000 0.991037
0.756000 0.991037
0.760000 0.991037
0.764000 0.991037
0.768000 0.991037
0.772000 0.991037
0.776000 0.991037
0.780000 0.991037
0.784000 0.991037
0.788000 0.991037
0.792000 0.991037
0.796000 0.991037
0.800000 0.991037
0.804000 0.991037
0.808000 0.991037
0.812000 0.991037
0.816000 0.991037
0.820000 0.991037
0.824000 0.991037
0.828000 0.991037
0.832000 0.991037
0.836000 0.991037
0.840000 0.991037
0.844000 0.991037
0.848000 0.991037
0.852000 0.991037
0.856000 0.991037
0.860000 0.991037
0.864000 0.991037
0.868000 0.991037
0.872000 0.991037
0.876000 0.991037
0.880000 0.991037
0.884000 0.991037
0.888000 0.991037
0.892000 0.991037
0.896000 0.991037
0.900000 0.991037
0.904000 0.991037
0.908000 0.991037
0.912000 0.991037
0.916000 0.991037
0.920000 0.991037
0.924000 0.991037
0.928000 0.991037
0.932000 0.991037
0.936000 0.991037
0.940000 0.991037
0.944000 0.991037
0.948000 0.991037
0.952000 0.991037
0.956000 0.991037
0.960000 0.991037
0.964000 0.991037
0.968000 0.991037
0.972000 0.991037
0.976000 0.991037
0.980000 0.991037
0.984000 0.991037
0.988000 0.991037
0.992000 0.991037
0.996000 0.991037
1.000000 0.991037
