-1.000000 0.997928
-0.996000 0.997928
-0.992000 0.997928
-0.988000 0.997928
-0.984000 0.997928
-0.980000 0.997928
-0.976000 0.997928
-0.972000 0.997928
-0.968000 0.997928
-0.964000 0.997928
-0.960000 0.997928
-0.956000 0.997928
-0.952000 0.997928
-0.948000 0.997928
-0.944000 0.997928
-0.940000 0.997928
-0.936000 0.997928
-0.932000 0.997928
-0.928000 0.997928
-0.924000 0.997928
-0.920000 0.997928
-0.916000 0.997928
-0.912000 0.997928
-0.908000 0.997928
-0.904000 0.997928
-0.900000 0.997928
-0.896000 0.997928
-0.892000 0.997928
-0.888000 0.997928
-0.884000 0.997928
-0.880000 0.997928
-0.876000 0.997928
-0.872000 0.997928
-0.868000 0.997928
-0.864000 0.997928
-0.860000 0.997928
-0.856000 0.997928
-0.852000 0.997928
-0.848000 0.997928
-0.844000 0.997928
-0.840000 0.997928
-0.836000 0.997928
-0.832000 0.997928
-0.828000 0.997928
-0.824000 0.997928
-0.820000 0.997928
-0.816000 0.997928
-0.812000 0.997928
-0.808000 0.997928
-0.804000 0.997928
-0.800000 0.997928
-0.796000 0.997928
-0.792000 0.997928
-0.788000 0.997928
-0.784000 0.997928
-0.780000 0.997928
-0.776000 0.997928
-0.772000 0.997928
-0.768000 0.997928
-0.764000 0.997928
-0.760000 0.997928
-0.756000 0.997928
-0.752000 0.997928
-0.748000 0.997928
-0.744000 0.997928
-0.740000 0.997928
-0.736000 0.997928
-0.732000 0.997928
-0.728000 0.997928
-0.724000 0.997928
-0.720000 0.997928
-0.716000 0.997928
-0.712000 0.997928
-0.708000 0.997928
-0.704000 0.997928
-0.700000 0.997928
-0.696000 0.997928
-0.692000 0.997928
-0.688000 0.997928
-0.684000 0.997928
-0.680000 0.997928
-0.676000 0.997928
-0.672000 0.997928
-0.668000 0.997928
-0.664000 0.997928
-0.660000 0.997928
-0.656000 0.997928
-0.652000 0.997928
-0.648000 0.997928
-0.644000 0.997928
-0.640000 0.997928
-0.636000 0.997928
-0.632000 0.997928
-0.628000 0.997928
-0.624000 0.997928
-0.620000 0.997928
-0.616000 0.997928
-0.612000 0.997928
-0.608000 0.997928
-0.604000 0.997928
-0.600000 0.997928
-0.596000 0.997928
-0.592000 0.997928
-0.588000 0.997928
-0.584000 0.997928
-0.580000 0.997928
-0.576000 0.997928
-0.572000 0.997928
-0.568000 0.997928
-0.564000 0.997928
-0.560000 0.997928
-0.556000 0.997928
-0.552000 0.997928
-0.548000 0.997928
-0.544000 0.997928
-0.540000 0.997928
-0.536000 0.997928
-0.532000 0.997928
-0.528000 0.997928
-0.524000 0.997928
-0.520000 0.997928
-0.516000 0.997928
-0.512000 0.997928
-0.508000 0.997928
-0.504000 0.997928
-0.500000 0.997928
-0.496000 0.997928
-0.492000 0.997928
-0.488000 0.997928
-0.484000 0.997928
-0.480000 0.997928
-0.476000 0.997928
-0.472000 0.997928
-0.468000 0.997928
-0.464000 0.997928
-0.460000 0.997928
-0.456000 0.997928
-0.452000 0.997928
-0.448000 0.997928
-0.444000 0.997928
-0.440000 0.997928
-0.436000 0.997928
-0.432000 0.997928
-0.428000 0.997928
-0.424000 0.997928
-0.420000 0.997928
-0.416000 0.997928
-0.412000 0.997928
-0.408000 0.997928
-0.404000 0.997928
-0.400000 0.997928
-0.396000 0.997927
-0.392000 0.997927
-0.388000 0.997927
-0.384000 0.997927
-0.380000 0.997927
-0.376000 0.997927
-0.372000 0.997927
-0.368000 0.997927
-0.364000 0.997927
-0.360000 0.997927
-0.356000 0.997927
-0.352000 0.997927
-0.348000 0.997927
-0.344000 0.997926
-0.340000 0.997926
-0.336000 0.997926
-0.332000 0.997926
-0.328000 0.997926
-0.324000 0.997926
-0.320000 0.997925
-0.316000 0.997925
-0.312000 0.997925
-0.308000 0.997925
-0.304000 0.997924
-0.300000 0.997924
-0.296000 0.997924
-0.292000 0.997924
-0.288000 0.997923
-0.284000 0.997923
-0.280000 0.997922
-0.276000 0.997922
-0.272000 0.997921
-0.268000 0.997921
-0.264000 0.997920
-0.260000 0.997920
-0.256000 0.997919
-0.252000 0.997919
-0.248000 0.997918
-0.244000 0.997917
-0.240000 0.997916
-0.236000 0.997916
-0.232000 0.997915
-0.228000 0.997914
-0.224000 0.997913
-0.220000 0.997912
-0.216000 0.997911
-0.212000 0.997910
-0.208000 0.997908
-0.204000 0.997907
-0.200000 0.997906
-0.196000 0.997904
-0.192000 0.997902
-0.188000 0.997901
-0.184000 0.997899
-0.180000 0.997897
-0.176000 0.997895
-0.172000 0.997893
-0.168000 0.997891
-0.164000 0.997889
-0.160000 0.997886
-0.156000 0.997884
-0.152000 0.997881
-0.148000 0.997878
-0.144000 0.997875
-0.140000 0.997872
-0.136000 0.997869
-0.132000 0.997865
-0.128000 0.997862
-0.124000 0.997858
-0.120000 0.997854
-0.116000 0.997850
-0.112000 0.997845
-0.108000 0.997841
-0.104000 0.997836
-0.100000 0.997831
-0.096000 0.997825
-0.092000 0.997820
-0.088000 0.997814
-0.084000 0.997808
-0.080000 0.997802
-0.076000 0.997795
-0.072000 0.997788
-0.068000 0.997781
-0.064000 0.997774
-0.060000 0.997766
-0.056000 0.997758
-0.052000 0.997750
-0.048000 0.997741
-0.044000 0.997732
-0.040000 0.997722
-0.036000 0.997713
-0.032000 0.997702
-0.028000 0.997692
-0.024000 0.997681
-0.020000 0.997670
-0.016000 0.997658
-0.012000 0.997646
-0.008000 0.997633
-0.004000 0.997620
0.000000 0.997606
0.004000 0.997592
0.008000 0.997578
0.012000 0.997563
0.016000 0.997548
0.020000 0.997532
0.024000 0.997515
0.028000 0.997498
0.032000 0.997481
0.036000 0.997463
0.040000 0.997444
0.044000 0.997425
0.048000 0.997406
0.052000 0.997386
0.056000 0.997365
0.060000 0.997344
0.064000 0.997322
0.068000 0.997299
0.072000 0.997276
0.076000 0.997252
0.080000 0.997228
0.084000 0.997203
0.088000 0.997178
0.092000 0.997152
0.096000 0.997125
0.100000 0.997097
0.104000 0.997069
0.108000 0.997041
0.112000 0.997011
0.116000 0.996982
0.120000 0.996951
0.124000 0.996920
0.128000 0.996888
0.132000 0.996856
0.136000 0.996822
0.140000 0.996789
0.144000 0.996754
0.148000 0.996719
0.152000 0.996684
0.156000 0.996648
0.160000 0.996611
0.164000 0.996573
0.168000 0.996535
0.172000 0.996496
0.176000 0.996457
0.180000 0.996417
0.184000 0.996377
0.188000 0.996336
0.192000 0.996294
0.196000 0.996252
0.200000 0.996210
0.204000 0.996166
0.208000 0.996123
0.212000 0.996078
0.216000 0.996034
0.220000 0.995988
0.224000 0.995943
0.228000 0.995896
0.232000 0.995850
0.236000 0.995803
0.240000 0.995755
0.244000 0.995707
0.248000 0.995659
0.252000 0.995610
0.256000 0.995561
0.260000 0.995512
0.264000 0.995462
0.268000 0.995412
0.272000 0.995362
0.276000 0.995311
0.280000 0.995260
0.284000 0.995209
0.288000 0.995158
0.292000 0.995106
0.296000 0.995055
0.300000 0.995003
0.304000 0.994951
0.308000 0.994899
0.312000 0.994846
0.316000 0.994794
0.320000 0.994741
0.324000 0.994689
0.328000 0.994636
0.332000 0.994584
0.336000 0.994531
0.340000 0.994479
0.344000 0.994427
0.348000 0.994374
0.352000 0.994322
0.356000 0.994270
0.360000 0.994218
0.364000 0.994166
0.368000 0.994114
0.372000 0.994062
0.376000 0.994011
0.380000 0.993960
0.384000 0.993909
0.388000 0.993858
0.392000 0.993808
0.396000 0.993757
0.400000 0.993707
0.404000 0.993658
0.408000 0.993609
0.412000 0.993560
0.416000 0.993511
0.420000 0.993463
0.424000 0.993415
0.428000 0.993368
0.432000 0.993321
0.436000 0.993274
0.440000 0.993228
0.444000 0.993182
0.448000 0.993137
0.452000 0.993092
0.456000 0.993048
0.460000 0.993004
0.464000 0.992961
0.468000 0.992918
0.472000 0.992876
0.476000 0.992834
0.480000 0.992793
0.484000 0.992752
0.488000 0.992712
0.492000 0.992672
0.496000 0.992633
0.500000 0.992595
0.504000 0.992557
0.508000 0.992520
0.512000 0.992483
0.516000 0.992447
0.520000 0.992411
0.524000 0.992376
0.528000 0.992341
0.532000 0.992308
0.536000 0.992274
0.540000 0.992241
0.544000 0.992209
0.548000 0.992178
0.552000 0.992147
0.556000 0.992116
0.560000 0.992087
0.564000 0.992057
0.568000 0.992029
0.572000 0.992001
0.576000 0.991973
0.580000 0.991946
0.584000 0.991920
0.588000 0.991894
0.592000 0.991868
0.596000 0.991844
0.600000 0.991820
0.604000 0.991796
0.608000 0.991773
0.612000 0.991750
0.616000 0.991728
0.620000 0.991707
0.624000 0.991686
0.628000 0.991665
0.632000 0.991645
0.636000 0.991626
0.640000 0.991607
0.644000 0.991588
0.648000 0.991570
0.652000 0.991552
0.656000 0.991535
0.660000 0.991519
0.664000 0.991502
0.668000 0.991487
0.672000 0.991471
0.676000 0.991456
0.680000 0.991442
0.684000 0.991428
0.688000 0.991414
0.692000 0.991401
0.696000 0.991388
0.700000 0.991375
0.704000 0.991363
0.708000 0.991351
0.712000 0.991340
0.716000 0.991329
0.720000 0.991318
0.724000 0.991307
0.728000 0.991297
0.732000 0.991287
0.736000 0.991278
0.740000 0.991269
0.744000 0.991260
0.748000 0.991251
0.752000 0.991243
0.756000 0.991235
0.760000 0.991227
0.764000 0.991220
0.768000 0.991213
0.772000 0.991206
0.776000 0.991199
0.780000 0.991192
0.784000 0.991186
0.788000 0.991180
0.792000 0.991174
0.796000 0.991168
0.800000 0.991163
0.804000 0.991158
0.808000 0.991153
0.812000 0.991148
0.816000 0.991143
0.820000 0.991139
0.824000 0.991134
0.828000 0.991130
0.832000 0.991126
0.836000 0.991122
0.840000 0.991118
0.844000 0.991115
0.848000 0.991111
0.852000 0.991108
0.856000 0.991105
0.860000 0.991102
0.864000 0.991099
0.868000 0.991096
0.872000 0.991094
0.876000 0.991091
0.880000 0.991088
0.884000 0.991086
0.888000 0.991084
0.892000 0.991082
0.896000 0.991080
0.900000 0.991078
0.904000 0.991076
0.908000 0.991074
0.912000 0.991072
0.916000 0.991070
0.920000 0.991069
0.924000 0.991067
0.928000 0.991066
0.932000 0.991064
0.936000 0.991063
0.940000 0.991062
0.944000 0.991061
0.948000 0.991059
0.952000 0.991058
0.956000 0.991057
0.960000 0.991056
0.964000 0.991055
0.968000 0.991054
0.972000 0.991053
0.976000 0.991052
0.980000 0.991051
0.984000 0.991050
0.988000 0.991049
0.992000 0.991048
0.996000 0.991047
1.000000 0.991045
