-1.000000 0.991037
-0.996000 0.991037
-0.992000 0.991037
-0.988000 0.991037
-0.984000 0.991037
-0.980000 0.991037
-0.976000 0.991037
-0.972000 0.991037
-0.968000 0.991037
-0.964000 0.991037
-0.960000 0.991037
-0.956000 0.991037
-0.952000 0.991037
-0.948000 0.991037
-0.944000 0.991037
-0.940000 0.991037
-0.936000 0.991037
-0.932000 0.991037
-0.928000 0.991037
-0.924000 0.991037
-0.920000 0.991037
-0.916000 0.991037
-0.912000 0.991037
-0.908000 0.991037
-0.904000 0.991037
-0.900000 0.991037
-0.896000 0.991037
-0.892000 0.991037
-0.888000 0.991037
-0.884000 0.991037
-0.880000 0.991037
-0.876000 0.991037
-0.872000 0.991037
-0.868000 0.991037
-0.864000 0.991037
-0.860000 0.991037
-0.856000 0.991037
-0.852000 0.991037
-0.848000 0.991037
-0.844000 0.991037
-0.840000 0.991037
-0.836000 0.991037
-0.832000 0.991037
-0.828000 0.991037
-0.824000 0.991037
-0.820000 0.991037
-0.816000 0.991037
-0.812000 0.991037
-0.808000 0.991037
-0.804000 0.991037
-0.800000 0.991037
-0.796000 0.991037
-0.792000 0.991037
-0.788000 0.991037
-0.784000 0.991037
-0.780000 0.991037
-0.776000 0.991037
-0.772000 0.991037
-0.768000 0.991037
-0.764000 0.991037
-0.760000 0.991037
-0.756000 0.991037
-0.752000 0.991037
-0.748000 0.991037
-0.744000 0.991037
-0.740000 0.991037
-0.736000 0.991037
-0.732000 0.991037
-0.728000 0.991037
-0.724000 0.991037
-0.720000 0.991037
-0.716000 0.991037
-0.712000 0.991037
-0.708000 0.991037
-0.704000 0.991037
-0.700000 0.991037
-0.696000 0.991037
-0.692000 0.991037
-0.688000 0.991037
-0.684000 0.991037
-0.680000 0.991037
-0.676000 0.991037
-0.672000 0.991037
-0.668000 0.991037
-0.664000 0.991037
-0.660000 0.991037
-0.656000 0.991037
-0.652000 0.991037
-0.648000 0.991037
-0.644000 0.991037
-0.640000 0.991037
-0.636000 0.991037
-0.632000 0.991037
-0.628000 0.991037
-0.624000 0.991037
-0.620000 0.991037
-0.616000 0.991037
-0.612000 0.991037
-0.608000 0.991037
-0.604000 0.991037
-0.600000 0.991037
-0.596000 0.991037
-0.592000 0.991037
-0.588000 0.991037
-0.584000 0.991037
-0.580000 0.991037
-0.576000 0.991037
-0.572000 0.991037
-0.568000 0.991037
-0.564000 0.991037
-0.560000 0.991037
-0.556000 0.991037
-0.552000 0.991037
-0.548000 0.991037
-0.544000 0.991037
-0.540000 0.991037
-0.536000 0.991037
-0.532000 0.991037
-0.528000 0.991037
-0.524000 0.991037
-0.520000 0.991037
-0.516000 0.991037
-0.512000 0.991037
-0.508000 0.991037
-0.504000 0.991037
-0.500000 0.991037
-0.496000 0.991037
-0.492000 0.991037
-0.488000 0.991037
-0.484000 0.991037
-0.480000 0.991037
-0.476000 0.991037
-0.472000 0.991037
-0.468000 0.991037
-0.464000 0.991037
-0.460000 0.991037
-0.456000 0.991037
-0.452000 0.991037
-0.448000 0.991037
-0.444000 0.991037
-0.440000 0.991037
-0.436000 0.991037
-0.432000 0.991037
-0.428000 0.991037
-0.424000 0.991037
-0.420000 0.991037
-0.416000 0.991037
-0.412000 0.991037
-0.408000 0.991037
-0.404000 0.991037
-0.400000 0.991037
-0.396000 0.991037
-0.392000 0.991037
-0.388000 0.991037
-0.384000 0.991037
-0.380000 0.991037
-0.376000 0.991037
-0.372000 0.991037
-0.368000 0.991037
-0.364000 0.991037
-0.360000 0.991037
-0.356000 0.991037
-0.352000 0.991037
-0.348000 0.991037
-0.344000 0.991037
-0.340000 0.991037
-0.336000 0.991037
-0.332000 0.991037
-0.328000 0.991037
-0.324000 0.991037
-0.320000 0.991037
-0.316000 0.991037
-0.312000 0.991037
-0.308000 0.991037
-0.304000 0.991037
-0.300000 0.991037
-0.296000 0.991037
-0.292000 0.991037
-0.288000 0.991037
-0.284000 0.991037
-0.280000 0.991037
-0.276000 0.991037
-0.272000 0.991037
-0.268000 0.991037
-0.264000 0.991037
-0.260000 0.991037
-0.256000 0.991037
-0.252000 0.991037
-0.248000 0.991037
-0.244000 0.991037
-0.240000 0.991037
-0.236000 0.991037
-0.232000 0.991037
-0.228000 0.991037
-0.224000 0.991037
-0.220000 0.991037
-0.216000 0.991037
-0.212000 0.991037
-0.208000 0.991037
-0.204000 0.991037
-0.200000 0.991037
-0.196000 0.991037
-0.192000 0.991037
-0.188000 0.991037
-0.184000 0.991037
-0.180000 0.991037
-0.176000 0.991037
-0.172000 0.991037
-0.168000 0.991037
-0.164000 0.991037
-0.160000 0.991037
-0.156000 0.991037
-0.152000 0.991037
-0.148000 0.991037
-0.144000 0.991037
-0.140000 0.991037
-0.136000 0.991037
-0.132000 0.991037
-0.128000 0.991037
-0.124000 0.991037
-0.120000 0.991038
-0.116000 0.991038
-0.112000 0.991038
-0.108000 0.991038
-0.104000 0.991038
-0.100000 0.991038
-0.096000 0.991038
-0.092000 0.991038
-0.088000 0.991038
-0.084000 0.991038
-0.080000 0.991038
-0.076000 0.991038
-0.072000 0.991038
-0.068000 0.991038
-0.064000 0.991038
-0.060000 0.991038
-0.056000 0.991039
-0.052000 0.991039
-0.048000 0.991039
-0.044000 0.991039
-0.040000 0.991039
-0.036000 0.991039
-0.032000 0.991039
-0.028000 0.991040
-0.024000 0.991040
-0.020000 0.991040
-0.016000 0.991040
-0.012000 0.991040
-0.008000 0.991041
-0.004000 0.991041
0.000000 0.991041
0.004000 0.991041
0.008000 0.991042
0.012000 0.991042
0.016000 0.991042
0.020000 0.991042
0.024000 0.991043
0.028000 0.991043
0.032000 0.991044
0.036000 0.991044
0.040000 0.991044
0.044000 0.991045
0.048000 0.991045
0.052000 0.991046
0.056000 0.991046
0.060000 0.991047
0.064000 0.991047
0.068000 0.991048
0.072000 0.991049
0.076000 0.991049
0.080000 0.991050
0.084000 0.991051
0.088000 0.991052
0.092000 0.991052
0.096000 0.991053
0.100000 0.991054
0.104000 0.991055
0.108000 0.991056
0.112000 0.991057
0.116000 0.991058
0.120000 0.991060
0.124000 0.991061
0.128000 0.991062
0.132000 0.991063
0.136000 0.991065
0.140000 0.991066
0.144000 0.991068
0.148000 0.991069
0.152000 0.991071
0.156000 0.991073
0.160000 0.991074
0.164000 0.991076
0.168000 0.991078
0.172000 0.991080
0.176000 0.991082
0.180000 0.991085
0.184000 0.991087
0.188000 0.991089
0.192000 0.991092
0.196000 0.991094
0.200000 0.991097
0.204000 0.991100
0.208000 0.991103
0.212000 0.991106
0.216000 0.991109
0.220000 0.991112
0.224000 0.991115
0.228000 0.991119
0.232000 0.991123
0.236000 0.991126
0.240000 0.991130
0.244000 0.991134
0.248000 0.991138
0.252000 0.991143
0.256000 0.991147
0.260000 0.991152
0.264000 0.991157
0.268000 0.991161
0.272000 0.991167
0.276000 0.991172
0.280000 0.991177
0.284000 0.991183
0.288000 0.991189
0.292000 0.991195
0.296000 0.991201
0.300000 0.991207
0.304000 0.991213
0.308000 0.991220
0.312000 0.991227
0.316000 0.991234
0.320000 0.991242
0.324000 0.991249
0.328000 0.991257
0.332000 0.991265
0.336000 0.991273
0.340000 0.991281
0.344000 0.991290
0.348000 0.991299
0.352000 0.991308
0.356000 0.991317
0.360000 0.991327
0.364000 0.991336
0.368000 0.991346
0.372000 0.991357
0.376000 0.991367
0.380000 0.991378
0.384000 0.991389
0.388000 0.991400
0.392000 0.991412
0.396000 0.991423
0.400000 0.991435
0.404000 0.991448
0.408000 0.991460
0.412000 0.991473
0.416000 0.991486
0.420000 0.991499
0.424000 0.991513
0.428000 0.991527
0.432000 0.991541
0.436000 0.991555
0.440000 0.991570
0.444000 0.991585
0.448000 0.991600
0.452000 0.991616
0.456000 0.991631
0.460000 0.991648
0.464000 0.991664
0.468000 0.991680
0.472000 0.991697
0.476000 0.991714
0.480000 0.991732
0.484000 0.991749
0.488000 0.991767
0.492000 0.991785
0.496000 0.991804
0.500000 0.991822
0.504000 0.991841
0.508000 0.991861
0.512000 0.991880
0.516000 0.991900
0.520000 0.991920
0.524000 0.991940
0.528000 0.991960
0.532000 0.991981
0.536000 0.992002
0.540000 0.992023
0.544000 0.992044
0.548000 0.992066
0.552000 0.992087
0.556000 0.992109
0.560000 0.992131
0.564000 0.992154
0.568000 0.992176
0.572000 0.992199
0.576000 0.992222
0.580000 0.992245
0.584000 0.992269
0.588000 0.992292
0.592000 0.992316
0.596000 0.992339
0.600000 0.992363
0.604000 0.992387
0.608000 0.992412
0.612000 0.992436
0.616000 0.992461
0.620000 0.992485
0.624000 0.992510
0.628000 0.992535
0.632000 0.992560
0.636000 0.992585
0.640000 0.992610
0.644000 0.992635
0.648000 0.992660
0.652000 0.992686
0.656000 0.992711
0.660000 0.992737
0.664000 0.992762
0.668000 0.992788
0.672000 0.992813
0.676000 0.992839
0.680000 0.992865
0.684000 0.992890
0.688000 0.992916
0.692000 0.992941
0.696000 0.992967
0.700000 0.992993
0.704000 0.993018
0.708000 0.993044
0.712000 0.993069
0.716000 0.993095
0.720000 0.993120
0.724000 0.993146
0.728000 0.993171
0.732000 0.993196
0.736000 0.993221
0.740000 0.993246
0.744000 0.993271
0.748000 0.993296
0.752000 0.993321
0.756000 0.993346
0.760000 0.993370
0.764000 0.993395
0.768000 0.993419
0.772000 0.993443
0.776000 0.993467
0.780000 0.993491
0.784000 0.993515
0.788000 0.993538
0.792000 0.993561
0.796000 0.993585
0.800000 0.993608
0.804000 0.993631
0.808000 0.993653
0.812000 0.993676
0.816000 0.993698
0.820000 0.993720
0.824000 0.993742
0.828000 0.993764
0.832000 0.993785
0.836000 0.993807
0.840000 0.993828
0.844000 0.993849
0.848000 0.993869
0.852000 0.993890
0.856000 0.993910
0.860000 0.993930
0.864000 0.993950
0.868000 0.993969
0.872000 0.993988
0.876000 0.994008
0.880000 0.994026
0.884000 0.994045
0.888000 0.994063
0.892000 0.994081
0.896000 0.994099
0.900000 0.994117
0.904000 0.994134
0.908000 0.994151
0.912000 0.994168
0.916000 0.994185
0.920000 0.994201
0.924000 0.994217
0.928000 0.994233
0.932000 0.994249
0.936000 0.994264
0.940000 0.994279
0.944000 0.994294
0.948000 0.994309
0.952000 0.994324
0.956000 0.994338
0.960000 0.994352
0.964000 0.994367
0.968000 0.994381
0.972000 0.994396
0.976000 0.994411
0.980000 0.994426
0.984000 0.994443
0.988000 0.994461
0.992000 0.994481
0.996000 0.994504
1.000000 0.994533
