-1.000000 0.997928
-0.996000 0.997928
-0.992000 0.997928
-0.988000 0.997928
-0.984000 0.997928
-0.980000 0.997928
-0.976000 0.997928
-0.972000 0.997928
-0.968000 0.997928
-0.964000 0.997928
-0.960000 0.997928
-0.956000 0.997928
-0.952000 0.997928
-0.948000 0.997928
-0.944000 0.997928
-0.940000 0.997928
-0.936000 0.997928
-0.932000 0.997928
-0.928000 0.997928
-0.924000 0.997928
-0.920000 0.997928
-0.916000 0.997928
-0.912000 0.997928
-0.908000 0.997928
-0.904000 0.997928
-0.900000 0.997928
-0.896000 0.997928
-0.892000 0.997928
-0.888000 0.997928
-0.884000 0.997928
-0.880000 0.997928
-0.876000 0.997928
-0.872000 0.997928
-0.868000 0.997928
-0.864000 0.997928
-0.860000 0.997928
-0.856000 0.997928
-0.852000 0.997928
-0.848000 0.997928
-0.844000 0.997928
-0.840000 0.997928
-0.836000 0.997928
-0.832000 0.997928
-0.828000 0.997928
-0.824000 0.997928
-0.820000 0.997928
-0.816000 0.997928
-0.812000 0.997928
-0.808000 0.997928
-0.804000 0.997928
-0.800000 0.997928
-0.796000 0.997928
-0.792000 0.997928
-0.788000 0.997928
-0.784000 0.997928
-0.780000 0.997928
-0.776000 0.997928
-0.772000 0.997928
-0.768000 0.997928
-0.764000 0.997928
-0.760000 0.997928
-0.756000 0.997928
-0.752000 0.997928
-0.748000 0.997928
-0.744000 0.997928
-0.740000 0.997928
-0.736000 0.997928
-0.732000 0.997928
-0.728000 0.997928
-0.724000 0.997928
-0.720000 0.997928
-0.716000 0.997928
-0.712000 0.997928
-0.708000 0.997928
-0.704000 0.997928
-0.700000 0.997928
-0.696000 0.997928
-0.692000 0.997928
-0.688000 0.997928
-0.684000 0.997928
-0.680000 0.997928
-0.676000 0.997928
-0.672000 0.997928
-0.668000 0.997928
-0.664000 0.997928
-0.660000 0.997928
-0.656000 0.997928
-0.652000 0.997928
-0.648000 0.997928
-0.644000 0.997928
-0.640000 0.997928
-0.636000 0.997928
-0.632000 0.997928
-0.628000 0.997928
-0.624000 0.997928
-0.620000 0.997928
-0.616000 0.997928
-0.612000 0.997928
-0.608000 0.997928
-0.604000 0.997928
-0.600000 0.997928
-0.596000 0.997928
-0.592000 0.997928
-0.588000 0.997928
-0.584000 0.997928
-0.580000 0.997928
-0.576000 0.997928
-0.572000 0.997928
-0.568000 0.997928
-0.564000 0.997928
-0.560000 0.997928
-0.556000 0.997928
-0.552000 0.997928
-0.548000 0.997928
-0.544000 0.997928
-0.540000 0.997928
-0.536000 0.997928
-0.532000 0.997928
-0.528000 0.997928
-0.524000 0.997928
-0.520000 0.997928
-0.516000 0.997928
-0.512000 0.997928
-0.508000 0.997928
-0.504000 0.997928
-0.500000 0.997928
-0.496000 0.997928
-0.492000 0.997928
-0.488000 0.997928
-0.484000 0.997928
-0.480000 0.997928
-0.476000 0.997928
-0.472000 0.997928
-0.468000 0.997928
-0.464000 0.997928
-0.460000 0.997928
-0.456000 0.997928
-0.452000 0.997928
-0.448000 0.997928
-0.444000 0.997928
-0.440000 0.997928
-0.436000 0.997928
-0.432000 0.997928
-0.428000 0.997928
-0.424000 0.997928
-0.420000 0.997928
-0.416000 0.997928
-0.412000 0.997928
-0.408000 0.997928
-0.404000 0.997928
-0.400000 0.997928
-0.396000 0.997928
-0.392000 0.997928
-0.388000 0.997928
-0.384000 0.997928
-0.380000 0.997928
-0.376000 0.997928
-0.372000 0.997928
-0.368000 0.997928
-0.364000 0.997928
-0.360000 0.997928
-0.356000 0.997928
-0.352000 0.997928
-0.348000 0.997928
-0.344000 0.997928
-0.340000 0.997928
-0.336000 0.997928
-0.332000 0.997928
-0.328000 0.997928
-0.324000 0.997928
-0.320000 0.997928
-0.316000 0.997928
-0.312000 0.997928
-0.308000 0.997928
-0.304000 0.997928
-0.300000 0.997928
-0.296000 0.997928
-0.292000 0.997928
-0.288000 0.997928
-0.284000 0.997928
-0.280000 0.997928
-0.276000 0.997928
-0.272000 0.997928
-0.268000 0.997928
-0.264000 0.997928
-0.260000 0.997928
-0.256000 0.997928
-0.252000 0.997928
-0.248000 0.997928
-0.244000 0.997928
-0.240000 0.997928
-0.236000 0.997928
-0.232000 0.997928
-0.228000 0.997928
-0.224000 0.997928
-0.220000 0.997928
-0.216000 0.997928
-0.212000 0.997928
-0.208000 0.997928
-0.204000 0.997928
-0.200000 0.997928
-0.196000 0.997928
-0.192000 0.997928
-0.188000 0.997928
-0.184000 0.997928
-0.180000 0.997928
-0.176000 0.997928
-0.172000 0.997928
-0.168000 0.997928
-0.164000 0.997928
-0.160000 0.997928
-0.156000 0.997928
-0.152000 0.997928
-0.148000 0.997928
-0.144000 0.997928
-0.140000 0.997928
-0.136000 0.997928
-0.132000 0.997928
-0.128000 0.997928
-0.124000 0.997928
-0.120000 0.997928
-0.116000 0.997928
-0.112000 0.997928
-0.108000 0.997928
-0.104000 0.997928
-0.100000 0.997928
-0.096000 0.997928
-0.092000 0.997928
-0.088000 0.997928
-0.084000 0.997928
-0.080000 0.997928
-0.076000 0.997928
-0.072000 0.997928
-0.068000 0.997928
-0.064000 0.997928
-0.060000 0.997928
-0.056000 0.997928
-0.052000 0.997928
-0.048000 0.997928
-0.044000 0.997928
-0.040000 0.997928
-0.036000 0.997928
-0.032000 0.997928
-0.028000 0.997928
-0.024000 0.997928
-0.020000 0.997928
-0.016000 0.997928
-0.012000 0.997928
-0.008000 0.997928
-0.004000 0.997928
0.000000 0.997928
0.004000 0.997928
0.008000 0.997928
0.012000 0.997928
0.016000 0.997928
0.020000 0.997928
0.024000 0.997928
0.028000 0.997928
0.032000 0.997928
0.036000 0.997928
0.040000 0.997928
0.044000 0.997928
0.048000 0.997928
0.052000 0.997928
0.056000 0.997928
0.060000 0.997928
0.064000 0.997928
0.068000 0.997928
0.072000 0.997928
0.076000 0.997928
0.080000 0.997928
0.084000 0.997928
0.088000 0.997928
0.092000 0.997928
0.096000 0.997928
0.100000 0.997928
0.104000 0.997928
0.108000 0.997928
0.112000 0.997928
0.116000 0.997928
0.120000 0.997928
0.124000 0.997928
0.128000 0.997928
0.132000 0.997928
0.136000 0.997928
0.140000 0.997928
0.144000 0.997928
0.148000 0.997928
0.152000 0.997928
0.156000 0.997928
0.160000 0.997928
0.164000 0.997928
0.168000 0.997928
0.172000 0.997928
0.176000 0.997928
0.180000 0.997928
0.184000 0.997928
0.188000 0.997928
0.192000 0.997928
0.196000 0.997928
0.200000 0.997928
0.204000 0.997928
0.208000 0.997928
0.212000 0.997928
0.216000 0.997928
0.220000 0.997928
0.224000 0.997928
0.228000 0.997928
0.232000 0.997927
0.236000 0.997927
0.240000 0.997927
0.244000 0.997927
0.248000 0.997927
0.252000 0.997927
0.256000 0.997927
0.260000 0.997927
0.264000 0.997927
0.268000 0.997927
0.272000 0.997927
0.276000 0.997927
0.280000 0.997927
0.284000 0.997927
0.288000 0.997927
0.292000 0.997927
0.296000 0.997927
0.300000 0.997926
0.304000 0.997926
0.308000 0.997926
0.312000 0.997926
0.316000 0.997926
0.320000 0.997926
0.324000 0.997926
0.328000 0.997926
0.332000 0.997925
0.336000 0.997925
0.340000 0.997925
0.344000 0.997925
0.348000 0.997925
0.352000 0.997925
0.356000 0.997924
0.360000 0.997924
0.364000 0.997924
0.368000 0.997924
0.372000 0.997924
0.376000 0.997923
0.380000 0.997923
0.384000 0.997923
0.388000 0.997922
0.392000 0.997922
0.396000 0.997922
0.400000 0.997921
0.404000 0.997921
0.408000 0.997921
0.412000 0.997920
0.416000 0.997920
0.420000 0.997919
0.424000 0.997919
0.428000 0.997918
0.432000 0.997918
0.436000 0.997917
0.440000 0.997917
0.444000 0.997916
0.448000 0.997915
0.452000 0.997915
0.456000 0.997914
0.460000 0.997913
0.464000 0.997912
0.468000 0.997912
0.472000 0.997911
0.476000 0.997910
0.480000 0.997909
0.484000 0.997908
0.488000 0.997907
0.492000 0.997906
0.496000 0.997905
0.500000 0.997904
0.504000 0.997903
0.508000 0.997901
0.512000 0.997900
0.516000 0.997899
0.520000 0.997897
0.524000 0.997896
0.528000 0.997894
0.532000 0.997893
0.536000 0.997891
0.540000 0.997889
0.544000 0.997887
0.548000 0.997885
0.552000 0.997883
0.556000 0.997881
0.560000 0.997879
0.564000 0.997877
0.568000 0.997875
0.572000 0.997872
0.576000 0.997870
0.580000 0.997867
0.584000 0.997865
0.588000 0.997862
0.592000 0.997859
0.596000 0.997856
0.600000 0.997853
0.604000 0.997850
0.608000 0.997846
0.612000 0.997843
0.616000 0.997839
0.620000 0.997836
0.624000 0.997832
0.628000 0.997828
0.632000 0.997824
0.636000 0.997819
0.640000 0.997815
0.644000 0.997811
0.648000 0.997806
0.652000 0.997801
0.656000 0.997796
0.660000 0.997791
0.664000 0.997785
0.668000 0.997780
0.672000 0.997774
0.676000 0.997768
0.680000 0.997762
0.684000 0.997756
0.688000 0.997750
0.692000 0.997743
0.696000 0.997736
0.700000 0.997729
0.704000 0.997722
0.708000 0.997714
0.712000 0.997707
0.716000 0.997699
0.720000 0.997691
0.724000 0.997682
0.728000 0.997674
0.732000 0.997665
0.736000 0.997656
0.740000 0.997646
0.744000 0.997637
0.748000 0.997627
0.752000 0.997617
0.756000 0.997606
0.760000 0.997595
0.764000 0.997585
0.768000 0.997573
0.772000 0.997562
0.776000 0.997550
0.780000 0.997538
0.784000 0.997525
0.788000 0.997513
0.792000 0.997500
0.796000 0.997486
0.800000 0.997473
0.804000 0.997459
0.808000 0.997445
0.812000 0.997430
0.816000 0.997415
0.820000 0.997400
0.824000 0.997384
0.828000 0.997368
0.832000 0.997352
0.836000 0.997335
0.840000 0.997318
0.844000 0.997301
0.848000 0.997283
0.852000 0.997265
0.856000 0.997247
0.860000 0.997228
0.864000 0.997209
0.868000 0.997190
0.872000 0.997170
0.876000 0.997150
0.880000 0.997129
0.884000 0.997108
0.888000 0.997087
0.892000 0.997065
0.896000 0.997043
0.900000 0.997020
0.904000 0.996997
0.908000 0.996974
0.912000 0.996950
0.916000 0.996926
0.920000 0.996902
0.924000 0.996877
0.928000 0.996852
0.932000 0.996826
0.936000 0.996800
0.940000 0.996773
0.944000 0.996746
0.948000 0.996718
0.952000 0.996690
0.956000 0.996661
0.960000 0.996630
0.964000 0.996599
0.968000 0.996567
0.972000 0.996533
0.976000 0.996496
0.980000 0.996457
0.984000 0.996413
0.988000 0.996365
0.992000 0.996309
0.996000 0.996243
1.000000 0.996164
