-1.000000 0.991037
-0.996000 0.991037
-0.992000 0.991037
-0.988000 0.991037
-0.984000 0.991037
-0.980000 0.991037
-0.976000 0.991037
-0.972000 0.991037
-0.968000 0.991037
-0.964000 0.991037
-0.960000 0.991037
-0.956000 0.991037
-0.952000 0.991037
-0.948000 0.991037
-0.944000 0.991037
-0.940000 0.991037
-0.936000 0.991037
-0.932000 0.991037
-0.928000 0.991037
-0.924000 0.991037
-0.920000 0.991037
-0.916000 0.991037
-0.912000 0.991037
-0.908000 0.991037
-0.904000 0.991037
-0.900000 0.991037
-0.896000 0.991037
-0.892000 0.991037
-0.888000 0.991037
-0.884000 0.991037
-0.880000 0.991037
-0.876000 0.991037
-0.872000 0.991037
-0.868000 0.991037
-0.864000 0.991037
-0.860000 0.991037
-0.856000 0.991037
-0.852000 0.991037
-0.848000 0.991037
-0.844000 0.991037
-0.840000 0.991037
-0.836000 0.991037
-0.832000 0.991037
-0.828000 0.991037
-0.824000 0.991037
-0.820000 0.991037
-0.816000 0.991037
-0.812000 0.991037
-0.808000 0.991037
-0.804000 0.991037
-0.800000 0.991037
-0.796000 0.991037
-0.792000 0.991037
-0.788000 0.991037
-0.784000 0.991037
-0.780000 0.991037
-0.776000 0.991037
-0.772000 0.991037
-0.768000 0.991037
-0.764000 0.991037
-0.760000 0.991037
-0.756000 0.991037
-0.752000 0.991037
-0.748000 0.991037
-0.744000 0.991037
-0.740000 0.991037
-0.736000 0.991037
-0.732000 0.991037
-0.728000 0.991037
-0.724000 0.991037
-0.720000 0.991037
-0.716000 0.991037
-0.712000 0.991037
-0.708000 0.991037
-0.704000 0.991037
-0.700000 0.991037
-0.696000 0.991037
-0.692000 0.991037
-0.688000 0.991037
-0.684000 0.991037
-0.680000 0.991037
-0.676000 0.991037
-0.672000 0.991037
-0.668000 0.991037
-0.664000 0.991037
-0.660000 0.991037
-0.656000 0.991037
-0.652000 0.991037
-0.648000 0.991037
-0.644000 0.991037
-0.640000 0.991037
-0.636000 0.991037
-0.632000 0.991037
-0.628000 0.991037
-0.624000 0.991037
-0.620000 0.991037
-0.616000 0.991037
-0.612000 0.991037
-0.608000 0.991037
-0.604000 0.991037
-0.600000 0.991037
-0.596000 0.991037
-0.592000 0.991037
-0.588000 0.991037
-0.584000 0.991037
-0.580000 0.991037
-0.576000 0.991037
-0.572000 0.991037
-0.568000 0.991037
-0.564000 0.991037
-0.560000 0.991037
-0.556000 0.991037
-0.552000 0.991037
-0.548000 0.991037
-0.544000 0.991037
-0.540000 0.991037
-0.536000 0.991037
-0.532000 0.991037
-0.528000 0.991037
-0.524000 0.991037
-0.520000 0.991037
-0.516000 0.991037
-0.512000 0.991037
-0.508000 0.991037
-0.504000 0.991037
-0.500000 0.991037
-0.496000 0.991037
-0.492000 0.991037
-0.488000 0.991037
-0.484000 0.991037
-0.480000 0.991037
-0.476000 0.991037
-0.472000 0.991037
-0.468000 0.991037
-0.464000 0.991037
-0.460000 0.991037
-0.456000 0.991037
-0.452000 0.991037
-0.448000 0.991037
-0.444000 0.991037
-0.440000 0.991037
-0.436000 0.991037
-0.432000 0.991037
-0.428000 0.991037
-0.424000 0.991037
-0.420000 0.991037
-0.416000 0.991037
-0.412000 0.991037
-0.408000 0.991037
-0.404000 0.991037
-0.400000 0.991037
-0.396000 0.991037
-0.392000 0.991037
-0.388000 0.991037
-0.384000 0.991037
-0.380000 0.991037
-0.376000 0.991037
-0.372000 0.991037
-0.368000 0.991037
-0.364000 0.991037
-0.360000 0.991037
-0.356000 0.991037
-0.352000 0.991037
-0.348000 0.991037
-0.344000 0.991037
-0.340000 0.991037
-0.336000 0.991037
-0.332000 0.991037
-0.328000 0.991037
-0.324000 0.991037
-0.320000 0.991037
-0.316000 0.991037
-0.312000 0.991037
-0.308000 0.991037
-0.304000 0.991037
-0.300000 0.991037
-0.296000 0.991037
-0.292000 0.991037
-0.288000 0.991037
-0.284000 0.991037
-0.280000 0.991037
-0.276000 0.991037
-0.272000 0.991037
-0.268000 0.991037
-0.264000 0.991037
-0.260000 0.991037
-0.256000 0.991037
-0.252000 0.991037
-0.248000 0.991037
-0.244000 0.991037
-0.240000 0.991037
-0.236000 0.991038
-0.232000 0.991038
-0.228000 0.991038
-0.224000 0.991038
-0.220000 0.991038
-0.216000 0.991038
-0.212000 0.991038
-0.208000 0.991038
-0.204000 0.991038
-0.200000 0.991038
-0.196000 0.991038
-0.192000 0.991038
-0.188000 0.991038
-0.184000 0.991038
-0.180000 0.991038
-0.176000 0.991039
-0.172000 0.991039
-0.168000 0.991039
-0.164000 0.991039
-0.160000 0.991039
-0.156000 0.991039
-0.152000 0.991039
-0.148000 0.991040
-0.144000 0.991040
-0.140000 0.991040
-0.136000 0.991040
-0.132000 0.991040
-0.128000 0.991041
-0.124000 0.991041
-0.120000 0.991041
-0.116000 0.991041
-0.112000 0.991042
-0.108000 0.991042
-0.104000 0.991042
-0.100000 0.991043
-0.096000 0.991043
-0.092000 0.991044
-0.088000 0.991044
-0.084000 0.991044
-0.080000 0.991045
-0.076000 0.991045
-0.072000 0.991046
-0.068000 0.991047
-0.064000 0.991047
-0.060000 0.991048
-0.056000 0.991049
-0.052000 0.991049
-0.048000 0.991050
-0.044000 0.991051
-0.040000 0.991052
-0.036000 0.991052
-0.032000 0.991053
-0.028000 0.991054
-0.024000 0.991055
-0.020000 0.991056
-0.016000 0.991058
-0.012000 0.991059
-0.008000 0.991060
-0.004000 0.991061
0.000000 0.991063
0.004000 0.991064
0.008000 0.991066
0.012000 0.991067
0.016000 0.991069
0.020000 0.991070
0.024000 0.991072
0.028000 0.991074
0.032000 0.991076
0.036000 0.991078
0.040000 0.991080
0.044000 0.991083
0.048000 0.991085
0.052000 0.991087
0.056000 0.991090
0.060000 0.991093
0.064000 0.991095
0.068000 0.991098
0.072000 0.991101
0.076000 0.991104
0.080000 0.991108
0.084000 0.991111
0.088000 0.991114
0.092000 0.991118
0.096000 0.991122
0.100000 0.991126
0.104000 0.991130
0.108000 0.991134
0.112000 0.991139
0.116000 0.991143
0.120000 0.991148
0.124000 0.991153
0.128000 0.991158
0.132000 0.991163
0.136000 0.991168
0.140000 0.991174
0.144000 0.991180
0.148000 0.991186
0.152000 0.991192
0.156000 0.991198
0.160000 0.991205
0.164000 0.991212
0.168000 0.991219
0.172000 0.991226
0.176000 0.991234
0.180000 0.991241
0.184000 0.991249
0.188000 0.991257
0.192000 0.991266
0.196000 0.991274
0.200000 0.991283
0.204000 0.991293
0.208000 0.991302
0.212000 0.991312
0.216000 0.991321
0.220000 0.991332
0.224000 0.991342
0.228000 0.991353
0.232000 0.991364
0.236000 0.991375
0.240000 0.991387
0.244000 0.991398
0.248000 0.991410
0.252000 0.991423
0.256000 0.991436
0.260000 0.991448
0.264000 0.991462
0.268000 0.991475
0.272000 0.991489
0.276000 0.991503
0.280000 0.991518
0.284000 0.991532
0.288000 0.991547
0.292000 0.991563
0.296000 0.991578
0.300000 0.991594
0.304000 0.991610
0.308000 0.991627
0.312000 0.991644
0.316000 0.991661
0.320000 0.991678
0.324000 0.991696
0.328000 0.991714
0.332000 0.991732
0.336000 0.991751
0.340000 0.991770
0.344000 0.991789
0.348000 0.991808
0.352000 0.991828
0.356000 0.991848
0.360000 0.991868
0.364000 0.991889
0.368000 0.991910
0.372000 0.991931
0.376000 0.991952
0.380000 0.991974
0.384000 0.991996
0.388000 0.992018
0.392000 0.992040
0.396000 0.992063
0.400000 0.992086
0.404000 0.992109
0.408000 0.992132
0.412000 0.992156
0.416000 0.992180
0.420000 0.992204
0.424000 0.992228
0.428000 0.992252
0.432000 0.992277
0.436000 0.992302
0.440000 0.992327
0.444000 0.992352
0.448000 0.992377
0.452000 0.992403
0.456000 0.992428
0.460000 0.992454
0.464000 0.992480
0.468000 0.992506
0.472000 0.992532
0.476000 0.992558
0.480000 0.992584
0.484000 0.992611
0.488000 0.992637
0.492000 0.992664
0.496000 0.992691
0.500000 0.992717
0.504000 0.992744
0.508000 0.992771
0.512000 0.992798
0.516000 0.992825
0.520000 0.992852
0.524000 0.992879
0.528000 0.992906
0.532000 0.992933
0.536000 0.992960
0.540000 0.992987
0.544000 0.993014
0.548000 0.993040
0.552000 0.993067
0.556000 0.993094
0.560000 0.993121
0.564000 0.993147
0.568000 0.993174
0.572000 0.993201
0.576000 0.993227
0.580000 0.993253
0.584000 0.993279
0.588000 0.993306
0.592000 0.993332
0.596000 0.993357
0.600000 0.993383
0.604000 0.993409
0.608000 0.993434
0.612000 0.993459
0.616000 0.993485
0.620000 0.993509
0.624000 0.993534
0.628000 0.993559
0.632000 0.993583
0.636000 0.993607
0.640000 0.993632
0.644000 0.993655
0.648000 0.993679
0.652000 0.993702
0.656000 0.993726
0.660000 0.993749
0.664000 0.993771
0.668000 0.993794
0.672000 0.993816
0.676000 0.993838
0.680000 0.993860
0.684000 0.993881
0.688000 0.993903
0.692000 0.993924
0.696000 0.993945
0.700000 0.993965
0.704000 0.993986
0.708000 0.994006
0.712000 0.994025
0.716000 0.994045
0.720000 0.994064
0.724000 0.994083
0.728000 0.994102
0.732000 0.994120
0.736000 0.994138
0.740000 0.994156
0.744000 0.994174
0.748000 0.994191
0.752000 0.994208
0.756000 0.994225
0.760000 0.994241
0.764000 0.994258
0.768000 0.994274
0.772000 0.994289
0.776000 0.994305
0.780000 0.994320
0.784000 0.994335
0.788000 0.994349
0.792000 0.994364
0.796000 0.994378
0.800000 0.994391
0.804000 0.994405
0.808000 0.994418
0.812000 0.994431
0.816000 0.994444
0.820000 0.994456
0.824000 0.994468
0.828000 0.994480
0.832000 0.994492
0.836000 0.994504
0.840000 0.994515
0.844000 0.994526
0.848000 0.994536
0.852000 0.994547
0.856000 0.994557
0.860000 0.994567
0.864000 0.994577
0.868000 0.994586
0.872000 0.994596
0.876000 0.994605
0.880000 0.994614
0.884000 0.994622
0.888000 0.994631
0.892000 0.994639
0.896000 0.994647
0.900000 0.994655
0.904000 0.994662
0.908000 0.994670
0.912000 0.994677
0.916000 0.994684
0.920000 0.994691
0.924000 0.994698
0.928000 0.994704
0.932000 0.994710
0.936000 0.994717
0.940000 0.994723
0.944000 0.994728
0.948000 0.994734
0.952000 0.994740
0.956000 0.994745
0.960000 0.994750
0.964000 0.994755
0.968000 0.994761
0.972000 0.994766
0.976000 0.994771
0.980000 0.994776
0.984000 0.994782
0.988000 0.994788
0.992000 0.994794
0.996000 0.994802
1.000000 0.994812
