-1.000000 0.991037
-0.996000 0.991037
-0.992000 0.991037
-0.988000 0.991037
-0.984000 0.991037
-0.980000 0.991037
-0.976000 0.991037
-0.972000 0.991037
-0.968000 0.991037
-0.964000 0.991037
-0.960000 0.991037
-0.956000 0.991037
-0.952000 0.991037
-0.948000 0.991037
-0.944000 0.991037
-0.940000 0.991037
-0.936000 0.991037
-0.932000 0.991037
-0.928000 0.991037
-0.924000 0.991037
-0.920000 0.991037
-0.916000 0.991037
-0.912000 0.991037
-0.908000 0.991037
-0.904000 0.991037
-0.900000 0.991037
-0.896000 0.991037
-0.892000 0.991037
-0.888000 0.991037
-0.884000 0.991037
-0.880000 0.991037
-0.876000 0.991037
-0.872000 0.991037
-0.868000 0.991037
-0.864000 0.991037
-0.860000 0.991037
-0.856000 0.991037
-0.852000 0.991037
-0.848000 0.991037
-0.844000 0.991037
-0.840000 0.991037
-0.836000 0.991037
-0.832000 0.991037
-0.828000 0.991037
-0.824000 0.991037
-0.820000 0.991037
-0.816000 0.991037
-0.812000 0.991037
-0.808000 0.991037
-0.804000 0.991037
-0.800000 0.991037
-0.796000 0.991037
-0.792000 0.991037
-0.788000 0.991037
-0.784000 0.991037
-0.780000 0.991037
-0.776000 0.991037
-0.772000 0.991037
-0.768000 0.991037
-0.764000 0.991037
-0.760000 0.991037
-0.756000 0.991037
-0.752000 0.991037
-0.748000 0.991037
-0.744000 0.991037
-0.740000 0.991037
-0.736000 0.991037
-0.732000 0.991037
-0.728000 0.991037
-0.724000 0.991037
-0.720000 0.991037
-0.716000 0.991037
-0.712000 0.991037
-0.708000 0.991037
-0.704000 0.991037
-0.700000 0.991037
-0.696000 0.991037
-0.692000 0.991037
-0.688000 0.991037
-0.684000 0.991037
-0.680000 0.991037
-0.676000 0.991037
-0.672000 0.991037
-0.668000 0.991037
-0.664000 0.991037
-0.660000 0.991037
-0.656000 0.991037
-0.652000 0.991037
-0.648000 0.991037
-0.644000 0.991037
-0.640000 0.991037
-0.636000 0.991037
-0.632000 0.991037
-0.628000 0.991037
-0.624000 0.991037
-0.620000 0.991037
-0.616000 0.991037
-0.612000 0.991037
-0.608000 0.991037
-0.604000 0.991037
-0.600000 0.991037
-0.596000 0.991037
-0.592000 0.991037
-0.588000 0.991038
-0.584000 0.991038
-0.580000 0.991038
-0.576000 0.991038
-0.572000 0.991038
-0.568000 0.991038
-0.564000 0.991038
-0.560000 0.991038
-0.556000 0.991038
-0.552000 0.991038
-0.548000 0.991038
-0.544000 0.991038
-0.540000 0.991039
-0.536000 0.991039
-0.532000 0.991039
-0.528000 0.991039
-0.524000 0.991039
-0.520000 0.991040
-0.516000 0.991040
-0.512000 0.991040
-0.508000 0.991040
-0.504000 0.991041
-0.500000 0.991041
-0.496000 0.991041
-0.492000 0.991042
-0.488000 0.991042
-0.484000 0.991043
-0.480000 0.991043
-0.476000 0.991043
-0.472000 0.991044
-0.468000 0.991045
-0.464000 0.991045
-0.460000 0.991046
-0.456000 0.991047
-0.452000 0.991047
-0.448000 0.991048
-0.444000 0.991049
-0.440000 0.991050
-0.436000 0.991051
-0.432000 0.991052
-0.428000 0.991053
-0.424000 0.991054
-0.420000 0.991056
-0.416000 0.991057
-0.412000 0.991059
-0.408000 0.991060
-0.404000 0.991062
-0.400000 0.991064
-0.396000 0.991065
-0.392000 0.991067
-0.388000 0.991069
-0.384000 0.991072
-0.380000 0.991074
-0.376000 0.991076
-0.372000 0.991079
-0.368000 0.991082
-0.364000 0.991085
-0.360000 0.991088
-0.356000 0.991091
-0.352000 0.991094
-0.348000 0.991098
-0.344000 0.991102
-0.340000 0.991106
-0.336000 0.991110
-0.332000 0.991114
-0.328000 0.991119
-0.324000 0.991124
-0.320000 0.991129
-0.316000 0.991134
-0.312000 0.991139
-0.308000 0.991145
-0.304000 0.991151
-0.300000 0.991158
-0.296000 0.991164
-0.292000 0.991171
-0.288000 0.991178
-0.284000 0.991186
-0.280000 0.991193
-0.276000 0.991201
-0.272000 0.991210
-0.268000 0.991218
-0.264000 0.991228
-0.260000 0.991237
-0.256000 0.991247
-0.252000 0.991257
-0.248000 0.991267
-0.244000 0.991278
-0.240000 0.991289
-0.236000 0.991301
-0.232000 0.991313
-0.228000 0.991325
-0.224000 0.991338
-0.220000 0.991352
-0.216000 0.991365
-0.212000 0.991379
-0.208000 0.991394
-0.204000 0.991409
-0.200000 0.991424
-0.196000 0.991440
-0.192000 0.991456
-0.188000 0.991473
-0.184000 0.991490
-0.180000 0.991508
-0.176000 0.991526
-0.172000 0.991544
-0.168000 0.991563
-0.164000 0.991583
-0.160000 0.991602
-0.156000 0.991623
-0.152000 0.991644
-0.148000 0.991665
-0.144000 0.991687
-0.140000 0.991709
-0.136000 0.991731
-0.132000 0.991754
-0.128000 0.991778
-0.124000 0.991802
-0.120000 0.991826
-0.116000 0.991851
-0.112000 0.991876
-0.108000 0.991902
-0.104000 0.991928
-0.100000 0.991954
-0.096000 0.991981
-0.092000 0.992008
-0.088000 0.992036
-0.084000 0.992064
-0.080000 0.992092
-0.076000 0.992121
-0.072000 0.992150
-0.068000 0.992179
-0.064000 0.992208
-0.060000 0.992238
-0.056000 0.992269
-0.052000 0.992299
-0.048000 0.992330
-0.044000 0.992361
-0.040000 0.992392
-0.036000 0.992424
-0.032000 0.992455
-0.028000 0.992487
-0.024000 0.992519
-0.020000 0.992551
-0.016000 0.992584
-0.012000 0.992616
-0.008000 0.992649
-0.004000 0.992682
0.000000 0.992715
0.004000 0.992748
0.008000 0.992781
0.012000 0.992814
0.016000 0.992847
0.020000 0.992880
0.024000 0.992913
0.028000 0.992946
0.032000 0.992979
0.036000 0.993012
0.040000 0.993045
0.044000 0.993078
0.048000 0.993111
0.052000 0.993144
0.056000 0.993176
0.060000 0.993209
0.064000 0.993241
0.068000 0.993273
0.072000 0.993305
0.076000 0.993337
0.080000 0.993369
0.084000 0.993400
0.088000 0.993431
0.092000 0.993462
0.096000 0.993493
0.100000 0.993523
0.104000 0.993553
0.108000 0.993583
0.112000 0.993613
0.116000 0.993642
0.120000 0.993671
0.124000 0.993700
0.128000 0.993728
0.132000 0.993756
0.136000 0.993784
0.140000 0.993811
0.144000 0.993838
0.148000 0.993864
0.152000 0.993891
0.156000 0.993916
0.160000 0.993942
0.164000 0.993967
0.168000 0.993992
0.172000 0.994016
0.176000 0.994040
0.180000 0.994063
0.184000 0.994086
0.188000 0.994109
0.192000 0.994131
0.196000 0.994153
0.200000 0.994174
0.204000 0.994196
0.208000 0.994216
0.212000 0.994236
0.216000 0.994256
0.220000 0.994275
0.224000 0.994294
0.228000 0.994313
0.232000 0.994331
0.236000 0.994349
0.240000 0.994366
0.244000 0.994383
0.248000 0.994400
0.252000 0.994416
0.256000 0.994432
0.260000 0.994447
0.264000 0.994462
0.268000 0.994477
0.272000 0.994491
0.276000 0.994505
0.280000 0.994518
0.284000 0.994531
0.288000 0.994544
0.292000 0.994557
0.296000 0.994569
0.300000 0.994580
0.304000 0.994592
0.308000 0.994603
0.312000 0.994614
0.316000 0.994624
0.320000 0.994634
0.324000 0.994644
0.328000 0.994654
0.332000 0.994663
0.336000 0.994672
0.340000 0.994680
0.344000 0.994689
0.348000 0.994697
0.352000 0.994705
0.356000 0.994712
0.360000 0.994719
0.364000 0.994727
0.368000 0.994733
0.372000 0.994740
0.376000 0.994746
0.380000 0.994752
0.384000 0.994758
0.388000 0.994764
0.392000 0.994770
0.396000 0.994775
0.400000 0.994780
0.404000 0.994785
0.408000 0.994790
0.412000 0.994794
0.416000 0.994798
0.420000 0.994803
0.424000 0.994807
0.428000 0.994811
0.432000 0.994814
0.436000 0.994818
0.440000 0.994821
0.444000 0.994825
0.448000 0.994828
0.452000 0.994831
0.456000 0.994834
0.460000 0.994836
0.464000 0.994839
0.468000 0.994842
0.472000 0.994844
0.476000 0.994846
0.480000 0.994849
0.484000 0.994851
0.488000 0.994853
0.492000 0.994855
0.496000 0.994857
0.500000 0.994858
0.504000 0.994860
0.508000 0.994862
0.512000 0.994863
0.516000 0.994865
0.520000 0.994866
0.524000 0.994867
0.528000 0.994869
0.532000 0.994870
0.536000 0.994871
0.540000 0.994872
0.544000 0.994873
0.548000 0.994874
0.552000 0.994875
0.556000 0.994876
0.560000 0.994877
0.564000 0.994878
0.568000 0.994879
0.572000 0.994879
0.576000 0.994880
0.580000 0.994881
0.584000 0.994881
0.588000 0.994882
0.592000 0.994882
0.596000 0.994883
0.600000 0.994884
0.604000 0.994884
0.608000 0.994884
0.612000 0.994885
0.616000 0.994885
0.620000 0.994886
0.624000 0.994886
0.628000 0.994886
0.632000 0.994887
0.636000 0.994887
0.640000 0.994887
0.644000 0.994888
0.648000 0.994888
0.652000 0.994888
0.656000 0.994888
0.660000 0.994889
0.664000 0.994889
0.668000 0.994889
0.672000 0.994889
0.676000 0.994889
0.680000 0.994890
0.684000 0.994890
0.688000 0.994890
0.692000 0.994890
0.696000 0.994890
0.700000 0.994890
0.704000 0.994890
0.708000 0.994890
0.712000 0.994891
0.716000 0.994891
0.720000 0.994891
0.724000 0.994891
0.728000 0.994891
0.732000 0.994891
0.736000 0.994891
0.740000 0.994891
0.744000 0.994891
0.748000 0.994891
0.752000 0.994891
0.756000 0.994891
0.760000 0.994891
0.764000 0.994891
0.768000 0.994891
0.772000 0.994891
0.776000 0.994891
0.780000 0.994892
0.784000 0.994892
0.788000 0.994892
0.792000 0.994892
0.796000 0.994892
0.800000 0.994892
0.804000 0.994892
0.808000 0.994892
0.812000 0.994892
0.816000 0.994892
0.820000 0.994892
0.824000 0.994892
0.828000 0.994892
0.832000 0.994892
0.836000 0.994892
0.840000 0.994892
0.844000 0.994892
0.848000 0.994892
0.852000 0.994892
0.856000 0.994892
0.860000 0.994892
0.864000 0.994892
0.868000 0.994892
0.872000 0.994892
0.876000 0.994892
0.880000 0.994892
0.884000 0.994892
0.888000 0.994892
0.892000 0.994892
0.896000 0.994892
0.900000 0.994892
0.904000 0.994892
0.908000 0.994892
0.912000 0.994892
0.916000 0.994892
0.920000 0.994892
0.924000 0.994892
0.928000 0.994892
0.932000 0.994892
0.936000 0.994892
0.940000 0.994892
0.944000 0.994892
0.948000 0.994892
0.952000 0.994892
0.956000 0.994892
0.960000 0.994892
0.964000 0.994892
0.968000 0.994892
0.972000 0.994892
0.976000 0.994892
0.980000 0.994892
0.984000 0.994892
0.988000 0.994892
0.992000 0.994892
0.996000 0.994892
1.000000 0.994892
