-1.000000 0.997928
-0.996000 0.997928
-0.992000 0.997928
-0.988000 0.997928
-0.984000 0.997928
-0.980000 0.997928
-0.976000 0.997928
-0.972000 0.997928
-0.968000 0.997928
-0.964000 0.997928
-0.960000 0.997928
-0.956000 0.997928
-0.952000 0.997928
-0.948000 0.997928
-0.944000 0.997928
-0.940000 0.997928
-0.936000 0.997928
-0.932000 0.997928
-0.928000 0.997928
-0.924000 0.997928
-0.920000 0.997928
-0.916000 0.997928
-0.912000 0.997928
-0.908000 0.997928
-0.904000 0.997928
-0.900000 0.997928
-0.896000 0.997928
-0.892000 0.997928
-0.888000 0.997928
-0.884000 0.997928
-0.880000 0.997928
-0.876000 0.997928
-0.872000 0.997928
-0.868000 0.997928
-0.864000 0.997928
-0.860000 0.997928
-0.856000 0.997928
-0.852000 0.997928
-0.848000 0.997928
-0.844000 0.997928
-0.840000 0.997928
-0.836000 0.997928
-0.832000 0.997928
-0.828000 0.997928
-0.824000 0.997928
-0.820000 0.997928
-0.816000 0.997928
-0.812000 0.997928
-0.808000 0.997928
-0.804000 0.997928
-0.800000 0.997928
-0.796000 0.997928
-0.792000 0.997928
-0.788000 0.997928
-0.784000 0.997928
-0.780000 0.997928
-0.776000 0.997928
-0.772000 0.997928
-0.768000 0.997928
-0.764000 0.997928
-0.760000 0.997928
-0.756000 0.997928
-0.752000 0.997928
-0.748000 0.997928
-0.744000 0.997928
-0.740000 0.997928
-0.736000 0.997928
-0.732000 0.997928
-0.728000 0.997928
-0.724000 0.997928
-0.720000 0.997928
-0.716000 0.997928
-0.712000 0.997928
-0.708000 0.997928
-0.704000 0.997928
-0.700000 0.997928
-0.696000 0.997928
-0.692000 0.997928
-0.688000 0.997928
-0.684000 0.997928
-0.680000 0.997928
-0.676000 0.997928
-0.672000 0.997928
-0.668000 0.997928
-0.664000 0.997928
-0.660000 0.997928
-0.656000 0.997928
-0.652000 0.997928
-0.648000 0.997928
-0.644000 0.997928
-0.640000 0.997928
-0.636000 0.997928
-0.632000 0.997928
-0.628000 0.997928
-0.624000 0.997928
-0.620000 0.997928
-0.616000 0.997928
-0.612000 0.997928
-0.608000 0.997928
-0.604000 0.997928
-0.600000 0.997928
-0.596000 0.997928
-0.592000 0.997928
-0.588000 0.997928
-0.584000 0.997928
-0.580000 0.997928
-0.576000 0.997928
-0.572000 0.997928
-0.568000 0.997928
-0.564000 0.997928
-0.560000 0.997928
-0.556000 0.997928
-0.552000 0.997928
-0.548000 0.997928
-0.544000 0.997928
-0.540000 0.997928
-0.536000 0.997928
-0.532000 0.997928
-0.528000 0.997928
-0.524000 0.997928
-0.520000 0.997928
-0.516000 0.997928
-0.512000 0.997928
-0.508000 0.997928
-0.504000 0.997928
-0.500000 0.997928
-0.496000 0.997928
-0.492000 0.997928
-0.488000 0.997928
-0.484000 0.997928
-0.480000 0.997928
-0.476000 0.997928
-0.472000 0.997928
-0.468000 0.997928
-0.464000 0.997928
-0.460000 0.997928
-0.456000 0.997928
-0.452000 0.997928
-0.448000 0.997928
-0.444000 0.997928
-0.440000 0.997928
-0.436000 0.997928
-0.432000 0.997928
-0.428000 0.997928
-0.424000 0.997927
-0.420000 0.997927
-0.416000 0.997927
-0.412000 0.997927
-0.408000 0.997927
-0.404000 0.997927
-0.400000 0.997927
-0.396000 0.997927
-0.392000 0.997927
-0.388000 0.997927
-0.384000 0.997927
-0.380000 0.997927
-0.376000 0.997926
-0.372000 0.997926
-0.368000 0.997926
-0.364000 0.997926
-0.360000 0.997926
-0.356000 0.997926
-0.352000 0.997926
-0.348000 0.997925
-0.344000 0.997925
-0.340000 0.997925
-0.336000 0.997925
-0.332000 0.997924
-0.328000 0.997924
-0.324000 0.997924
-0.320000 0.997923
-0.316000 0.997923
-0.312000 0.997923
-0.308000 0.997922
-0.304000 0.997922
-0.300000 0.997921
-0.296000 0.997921
-0.292000 0.997920
-0.288000 0.997920
-0.284000 0.997919
-0.280000 0.997918
-0.276000 0.997918
-0.272000 0.997917
-0.268000 0.997916
-0.264000 0.997915
-0.260000 0.997914
-0.256000 0.997913
-0.252000 0.997912
-0.248000 0.997911
-0.244000 0.997910
-0.240000 0.997909
-0.236000 0.997907
-0.232000 0.997906
-0.228000 0.997904
-0.224000 0.997903
-0.220000 0.997901
-0.216000 0.997899
-0.212000 0.997897
-0.208000 0.997895
-0.204000 0.997893
-0.200000 0.997891
-0.196000 0.997889
-0.192000 0.997886
-0.188000 0.997884
-0.184000 0.997881
-0.180000 0.997878
-0.176000 0.997875
-0.172000 0.997872
-0.168000 0.997869
-0.164000 0.997865
-0.160000 0.997861
-0.156000 0.997857
-0.152000 0.997853
-0.148000 0.997849
-0.144000 0.997845
-0.140000 0.997840
-0.136000 0.997835
-0.132000 0.997830
-0.128000 0.997824
-0.124000 0.997819
-0.120000 0.997813
-0.116000 0.997806
-0.112000 0.997800
-0.108000 0.997793
-0.104000 0.997786
-0.100000 0.997779
-0.096000 0.997771
-0.092000 0.997763
-0.088000 0.997755
-0.084000 0.997746
-0.080000 0.997737
-0.076000 0.997728
-0.072000 0.997718
-0.068000 0.997708
-0.064000 0.997697
-0.060000 0.997686
-0.056000 0.997675
-0.052000 0.997663
-0.048000 0.997651
-0.044000 0.997638
-0.040000 0.997625
-0.036000 0.997612
-0.032000 0.997598
-0.028000 0.997583
-0.024000 0.997568
-0.020000 0.997553
-0.016000 0.997537
-0.012000 0.997520
-0.008000 0.997503
-0.004000 0.997486
0.000000 0.997467
0.004000 0.997449
0.008000 0.997430
0.012000 0.997410
0.016000 0.997389
0.020000 0.997368
0.024000 0.997347
0.028000 0.997325
0.032000 0.997302
0.036000 0.997278
0.040000 0.997254
0.044000 0.997230
0.048000 0.997204
0.052000 0.997179
0.056000 0.997152
0.060000 0.997125
0.064000 0.997097
0.068000 0.997068
0.072000 0.997039
0.076000 0.997010
0.080000 0.996979
0.084000 0.996948
0.088000 0.996916
0.092000 0.996884
0.096000 0.996851
0.100000 0.996817
0.104000 0.996783
0.108000 0.996748
0.112000 0.996712
0.116000 0.996676
0.120000 0.996639
0.124000 0.996601
0.128000 0.996563
0.132000 0.996524
0.136000 0.996485
0.140000 0.996445
0.144000 0.996404
0.148000 0.996363
0.152000 0.996321
0.156000 0.996278
0.160000 0.996235
0.164000 0.996192
0.168000 0.996147
0.172000 0.996103
0.176000 0.996058
0.180000 0.996012
0.184000 0.995966
0.188000 0.995919
0.192000 0.995872
0.196000 0.995824
0.200000 0.995776
0.204000 0.995728
0.208000 0.995679
0.212000 0.995630
0.216000 0.995580
0.220000 0.995530
0.224000 0.995479
0.228000 0.995429
0.232000 0.995378
0.236000 0.995326
0.240000 0.995275
0.244000 0.995223
0.248000 0.995171
0.252000 0.995119
0.256000 0.995066
0.260000 0.995014
0.264000 0.994961
0.268000 0.994908
0.272000 0.994855
0.276000 0.994802
0.280000 0.994748
0.284000 0.994695
0.288000 0.994642
0.292000 0.994588
0.296000 0.994535
0.300000 0.994482
0.304000 0.994429
0.308000 0.994375
0.312000 0.994322
0.316000 0.994269
0.320000 0.994216
0.324000 0.994164
0.328000 0.994111
0.332000 0.994059
0.336000 0.994007
0.340000 0.993955
0.344000 0.993903
0.348000 0.993852
0.352000 0.993800
0.356000 0.993749
0.360000 0.993699
0.364000 0.993649
0.368000 0.993599
0.372000 0.993549
0.376000 0.993500
0.380000 0.993451
0.384000 0.993403
0.388000 0.993355
0.392000 0.993307
0.396000 0.993260
0.400000 0.993213
0.404000 0.993167
0.408000 0.993121
0.412000 0.993076
0.416000 0.993031
0.420000 0.992987
0.424000 0.992943
0.428000 0.992900
0.432000 0.992857
0.436000 0.992815
0.440000 0.992774
0.444000 0.992733
0.448000 0.992692
0.452000 0.992652
0.456000 0.992613
0.460000 0.992574
0.464000 0.992536
0.468000 0.992498
0.472000 0.992461
0.476000 0.992425
0.480000 0.992389
0.484000 0.992354
0.488000 0.992319
0.492000 0.992285
0.496000 0.992252
0.500000 0.992219
0.504000 0.992187
0.508000 0.992155
0.512000 0.992124
0.516000 0.992094
0.520000 0.992064
0.524000 0.992035
0.528000 0.992006
0.532000 0.991978
0.536000 0.991951
0.540000 0.991924
0.544000 0.991898
0.548000 0.991872
0.552000 0.991847
0.556000 0.991822
0.560000 0.991798
0.564000 0.991774
0.568000 0.991752
0.572000 0.991729
0.576000 0.991707
0.580000 0.991686
0.584000 0.991665
0.588000 0.991645
0.592000 0.991625
0.596000 0.991606
0.600000 0.991587
0.604000 0.991569
0.608000 0.991551
0.612000 0.991534
0.616000 0.991517
0.620000 0.991500
0.624000 0.991484
0.628000 0.991469
0.632000 0.991454
0.636000 0.991439
0.640000 0.991425
0.644000 0.991411
0.648000 0.991398
0.652000 0.991385
0.656000 0.991372
0.660000 0.991360
0.664000 0.991348
0.668000 0.991336
0.672000 0.991325
0.676000 0.991314
0.680000 0.991304
0.684000 0.991294
0.688000 0.991284
0.692000 0.991274
0.696000 0.991265
0.700000 0.991256
0.704000 0.991248
0.708000 0.991239
0.712000 0.991231
0.716000 0.991224
0.720000 0.991216
0.724000 0.991209
0.728000 0.991202
0.732000 0.991195
0.736000 0.991189
0.740000 0.991183
0.744000 0.991177
0.748000 0.991171
0.752000 0.991165
0.756000 0.991160
0.760000 0.991155
0.764000 0.991150
0.768000 0.991145
0.772000 0.991140
0.776000 0.991136
0.780000 0.991131
0.784000 0.991127
0.788000 0.991123
0.792000 0.991119
0.796000 0.991116
0.800000 0.991112
0.804000 0.991109
0.808000 0.991106
0.812000 0.991103
0.816000 0.991100
0.820000 0.991097
0.824000 0.991094
0.828000 0.991091
0.832000 0.991089
0.836000 0.991086
0.840000 0.991084
0.844000 0.991082
0.848000 0.991080
0.852000 0.991078
0.856000 0.991076
0.860000 0.991074
0.864000 0.991072
0.868000 0.991070
0.872000 0.991069
0.876000 0.991067
0.880000 0.991066
0.884000 0.991064
0.888000 0.991063
0.892000 0.991062
0.896000 0.991060
0.900000 0.991059
0.904000 0.991058
0.908000 0.991057
0.912000 0.991056
0.916000 0.991055
0.920000 0.991054
0.924000 0.991053
0.928000 0.991052
0.932000 0.991052
0.936000 0.991051
0.940000 0.991050
0.944000 0.991049
0.948000 0.991049
0.952000 0.991048
0.956000 0.991048
0.960000 0.991047
0.964000 0.991046
0.968000 0.991046
0.972000 0.991045
0.976000 0.991045
0.980000 0.991044
0.984000 0.991044
0.988000 0.991043
0.992000 0.991043
0.996000 0.991042
1.000000 0.991041
