-1.000000 0.991037
-0.996000 0.991037
-0.992000 0.991037
-0.988000 0.991037
-0.984000 0.991037
-0.980000 0.991037
-0.976000 0.991037
-0.972000 0.991037
-0.968000 0.991037
-0.964000 0.991037
-0.960000 0.991037
-0.956000 0.991037
-0.952000 0.991037
-0.948000 0.991037
-0.944000 0.991037
-0.940000 0.991037
-0.936000 0.991037
-0.932000 0.991037
-0.928000 0.991037
-0.924000 0.991037
-0.920000 0.991037
-0.916000 0.991037
-0.912000 0.991037
-0.908000 0.991037
-0.904000 0.991037
-0.900000 0.991037
-0.896000 0.991037
-0.892000 0.991037
-0.888000 0.991037
-0.884000 0.991037
-0.880000 0.991037
-0.876000 0.991037
-0.872000 0.991037
-0.868000 0.991037
-0.864000 0.991037
-0.860000 0.991037
-0.856000 0.991037
-0.852000 0.991037
-0.848000 0.991037
-0.844000 0.991037
-0.840000 0.991037
-0.836000 0.991037
-0.832000 0.991037
-0.828000 0.991037
-0.824000 0.991037
-0.820000 0.991037
-0.816000 0.991037
-0.812000 0.991037
-0.808000 0.991037
-0.804000 0.991037
-0.800000 0.991037
-0.796000 0.991037
-0.792000 0.991037
-0.788000 0.991037
-0.784000 0.991037
-0.780000 0.991037
-0.776000 0.991037
-0.772000 0.991037
-0.768000 0.991037
-0.764000 0.991037
-0.760000 0.991037
-0.756000 0.991037
-0.752000 0.991037
-0.748000 0.991037
-0.744000 0.991037
-0.740000 0.991037
-0.736000 0.991037
-0.732000 0.991037
-0.728000 0.991037
-0.724000 0.991037
-0.720000 0.991037
-0.716000 0.991037
-0.712000 0.991037
-0.708000 0.991037
-0.704000 0.991038
-0.700000 0.991038
-0.696000 0.991038
-0.692000 0.991038
-0.688000 0.991038
-0.684000 0.991038
-0.680000 0.991038
-0.676000 0.991038
-0.672000 0.991038
-0.668000 0.991038
-0.664000 0.991038
-0.660000 0.991039
-0.656000 0.991039
-0.652000 0.991039
-0.648000 0.991039
-0.644000 0.991039
-0.640000 0.991040
-0.636000 0.991040
-0.632000 0.991040
-0.628000 0.991041
-0.624000 0.991041
-0.620000 0.991041
-0.616000 0.991042
-0.612000 0.991042
-0.608000 0.991043
-0.604000 0.991043
-0.600000 0.991044
-0.596000 0.991045
-0.592000 0.991045
-0.588000 0.991046
-0.584000 0.991047
-0.580000 0.991048
-0.576000 0.991049
-0.572000 0.991050
-0.568000 0.991051
-0.564000 0.991052
-0.560000 0.991054
-0.556000 0.991055
-0.552000 0.991056
-0.548000 0.991058
-0.544000 0.991060
-0.540000 0.991062
-0.536000 0.991063
-0.532000 0.991066
-0.528000 0.991068
-0.524000 0.991070
-0.520000 0.991073
-0.516000 0.991075
-0.512000 0.991078
-0.508000 0.991081
-0.504000 0.991084
-0.500000 0.991088
-0.496000 0.991092
-0.492000 0.991095
-0.488000 0.991099
-0.484000 0.991104
-0.480000 0.991108
-0.476000 0.991113
-0.472000 0.991118
-0.468000 0.991123
-0.464000 0.991129
-0.460000 0.991135
-0.456000 0.991141
-0.452000 0.991148
-0.448000 0.991155
-0.444000 0.991162
-0.440000 0.991169
-0.436000 0.991177
-0.432000 0.991186
-0.428000 0.991194
-0.424000 0.991203
-0.420000 0.991213
-0.416000 0.991223
-0.412000 0.991233
-0.408000 0.991244
-0.404000 0.991255
-0.400000 0.991266
-0.396000 0.991278
-0.392000 0.991291
-0.388000 0.991304
-0.384000 0.991317
-0.380000 0.991331
-0.376000 0.991346
-0.372000 0.991361
-0.368000 0.991377
-0.364000 0.991393
-0.360000 0.991409
-0.356000 0.991426
-0.352000 0.991444
-0.348000 0.991462
-0.344000 0.991481
-0.340000 0.991500
-0.336000 0.991520
-0.332000 0.991541
-0.328000 0.991562
-0.324000 0.991583
-0.320000 0.991605
-0.316000 0.991628
-0.312000 0.991651
-0.308000 0.991675
-0.304000 0.991699
-0.300000 0.991724
-0.296000 0.991749
-0.292000 0.991775
-0.288000 0.991802
-0.284000 0.991829
-0.280000 0.991856
-0.276000 0.991885
-0.272000 0.991913
-0.268000 0.991942
-0.264000 0.991972
-0.260000 0.992002
-0.256000 0.992032
-0.252000 0.992063
-0.248000 0.992094
-0.244000 0.992126
-0.240000 0.992158
-0.236000 0.992191
-0.232000 0.992224
-0.228000 0.992257
-0.224000 0.992291
-0.220000 0.992325
-0.216000 0.992359
-0.212000 0.992393
-0.208000 0.992428
-0.204000 0.992463
-0.200000 0.992499
-0.196000 0.992534
-0.192000 0.992570
-0.188000 0.992606
-0.184000 0.992642
-0.180000 0.992678
-0.176000 0.992714
-0.172000 0.992751
-0.168000 0.992787
-0.164000 0.992823
-0.160000 0.992860
-0.156000 0.992897
-0.152000 0.992933
-0.148000 0.992970
-0.144000 0.993006
-0.140000 0.993042
-0.136000 0.993079
-0.132000 0.993115
-0.128000 0.993151
-0.124000 0.993187
-0.120000 0.993223
-0.116000 0.993258
-0.112000 0.993293
-0.108000 0.993328
-0.104000 0.993363
-0.100000 0.993398
-0.096000 0.993432
-0.092000 0.993466
-0.088000 0.993500
-0.084000 0.993533
-0.080000 0.993567
-0.076000 0.993599
-0.072000 0.993632
-0.068000 0.993664
-0.064000 0.993695
-0.060000 0.993726
-0.056000 0.993757
-0.052000 0.993787
-0.048000 0.993817
-0.044000 0.993847
-0.040000 0.993876
-0.036000 0.993905
-0.032000 0.993933
-0.028000 0.993960
-0.024000 0.993988
-0.020000 0.994014
-0.016000 0.994041
-0.012000 0.994066
-0.008000 0.994092
-0.004000 0.994116
0.000000 0.994141
0.004000 0.994164
0.008000 0.994188
0.012000 0.994210
0.016000 0.994233
0.020000 0.994254
0.024000 0.994276
0.028000 0.994296
0.032000 0.994317
0.036000 0.994337
0.040000 0.994356
0.044000 0.994375
0.048000 0.994393
0.052000 0.994411
0.056000 0.994428
0.060000 0.994445
0.064000 0.994462
0.068000 0.994478
0.072000 0.994493
0.076000 0.994508
0.080000 0.994523
0.084000 0.994537
0.088000 0.994551
0.092000 0.994564
0.096000 0.994577
0.100000 0.994590
0.104000 0.994602
0.108000 0.994614
0.112000 0.994625
0.116000 0.994636
0.120000 0.994647
0.124000 0.994657
0.128000 0.994667
0.132000 0.994677
0.136000 0.994686
0.140000 0.994695
0.144000 0.994704
0.148000 0.994712
0.152000 0.994720
0.156000 0.994727
0.160000 0.994735
0.164000 0.994742
0.168000 0.994749
0.172000 0.994755
0.176000 0.994762
0.180000 0.994768
0.184000 0.994774
0.188000 0.994779
0.192000 0.994785
0.196000 0.994790
0.200000 0.994795
0.204000 0.994799
0.208000 0.994804
0.212000 0.994808
0.216000 0.994812
0.220000 0.994816
0.224000 0.994820
0.228000 0.994824
0.232000 0.994827
0.236000 0.994831
0.240000 0.994834
0.244000 0.994837
0.248000 0.994840
0.252000 0.994842
0.256000 0.994845
0.260000 0.994848
0.264000 0.994850
0.268000 0.994852
0.272000 0.994854
0.276000 0.994856
0.280000 0.994858
0.284000 0.994860
0.288000 0.994862
0.292000 0.994864
0.296000 0.994865
0.300000 0.994867
0.304000 0.994868
0.308000 0.994869
0.312000 0.994871
0.316000 0.994872
0.320000 0.994873
0.324000 0.994874
0.328000 0.994875
0.332000 0.994876
0.336000 0.994877
0.340000 0.994878
0.344000 0.994879
0.348000 0.994880
0.352000 0.994880
0.356000 0.994881
0.360000 0.994882
0.364000 0.994882
0.368000 0.994883
0.372000 0.994884
0.376000 0.994884
0.380000 0.994885
0.384000 0.994885
0.388000 0.994885
0.392000 0.994886
0.396000 0.994886
0.400000 0.994887
0.404000 0.994887
0.408000 0.994887
0.412000 0.994888
0.416000 0.994888
0.420000 0.994888
0.424000 0.994888
0.428000 0.994889
0.432000 0.994889
0.436000 0.994889
0.440000 0.994889
0.444000 0.994889
0.448000 0.994890
0.452000 0.994890
0.456000 0.994890
0.460000 0.994890
0.464000 0.994890
0.468000 0.994890
0.472000 0.994890
0.476000 0.994891
0.480000 0.994891
0.484000 0.994891
0.488000 0.994891
0.492000 0.994891
0.496000 0.994891
0.500000 0.994891
0.504000 0.994891
0.508000 0.994891
0.512000 0.994891
0.516000 0.994891
0.520000 0.994891
0.524000 0.994891
0.528000 0.994891
0.532000 0.994891
0.536000 0.994892
0.540000 0.994892
0.544000 0.994892
0.548000 0.994892
0.552000 0.994892
0.556000 0.994892
0.560000 0.994892
0.564000 0.994892
0.568000 0.994892
0.572000 0.994892
0.576000 0.994892
0.580000 0.994892
0.584000 0.994892
0.588000 0.994892
0.592000 0.994892
0.596000 0.994892
0.600000 0.994892
0.604000 0.994892
0.608000 0.994892
0.612000 0.994892
0.616000 0.994892
0.620000 0.994892
0.624000 0.994892
0.628000 0.994892
0.632000 0.994892
0.636000 0.994892
0.640000 0.994892
0.644000 0.994892
0.648000 0.994892
0.652000 0.994892
0.656000 0.994892
0.660000 0.994892
0.664000 0.994892
0.668000 0.994892
0.672000 0.994892
0.676000 0.994892
0.680000 0.994892
0.684000 0.994892
0.688000 0.994892
0.692000 0.994892
0.696000 0.994892
0.700000 0.994892
0.704000 0.994892
0.708000 0.994892
0.712000 0.994892
0.716000 0.994892
0.720000 0.994892
0.724000 0.994892
0.728000 0.994892
0.732000 0.994892
0.736000 0.994892
0.740000 0.994892
0.744000 0.994892
0.748000 0.994892
0.752000 0.994892
0.756000 0.994892
0.760000 0.994892
0.764000 0.994892
0.768000 0.994892
0.772000 0.994892
0.776000 0.994892
0.780000 0.994892
0.784000 0.994892
0.788000 0.994892
0.792000 0.994892
0.796000 0.994892
0.800000 0.994892
0.804000 0.994892
0.808000 0.994892
0.812000 0.994892
0.816000 0.994892
0.820000 0.994892
0.824000 0.994892
0.828000 0.994892
0.832000 0.994892
0.836000 0.994892
0.840000 0.994892
0.844000 0.994892
0.848000 0.994892
0.852000 0.994892
0.856000 0.994892
0.860000 0.994892
0.864000 0.994892
0.868000 0.994892
0.872000 0.994892
0.876000 0.994892
0.880000 0.994892
0.884000 0.994892
0.888000 0.994892
0.892000 0.994892
0.896000 0.994892
0.900000 0.994892
0.904000 0.994892
0.908000 0.994892
0.912000 0.994892
0.916000 0.994892
0.920000 0.994892
0.924000 0.994892
0.928000 0.994892
0.932000 0.994892
0.936000 0.994892
0.940000 0.994892
0.944000 0.994892
0.948000 0.994892
0.952000 0.994892
0.956000 0.994892
0.960000 0.994892
0.964000 0.994892
0.968000 0.994892
0.972000 0.994892
0.976000 0.994892
0.980000 0.994892
0.984000 0.994892
0.988000 0.994892
0.992000 0.994892
0.996000 0.994892
1.000000 0.994892
