-1.000000 0.992919
-0.996000 0.992919
-0.992000 0.992919
-0.988000 0.992919
-0.984000 0.992919
-0.980000 0.992919
-0.976000 0.992919
-0.972000 0.992919
-0.968000 0.992919
-0.964000 0.992919
-0.960000 0.992919
-0.956000 0.992919
-0.952000 0.992919
-0.948000 0.992919
-0.944000 0.992919
-0.940000 0.992919
-0.936000 0.992919
-0.932000 0.992919
-0.928000 0.992919
-0.924000 0.992919
-0.920000 0.992919
-0.916000 0.992919
-0.912000 0.992919
-0.908000 0.992919
-0.904000 0.992919
-0.900000 0.992919
-0.896000 0.992919
-0.892000 0.992919
-0.888000 0.992919
-0.884000 0.992919
-0.880000 0.992919
-0.876000 0.992919
-0.872000 0.992919
-0.868000 0.992919
-0.864000 0.992919
-0.860000 0.992919
-0.856000 0.992919
-0.852000 0.992919
-0.848000 0.992919
-0.844000 0.992919
-0.840000 0.992919
-0.836000 0.992919
-0.832000 0.992919
-0.828000 0.992919
-0.824000 0.992919
-0.820000 0.992919
-0.816000 0.992919
-0.812000 0.992919
-0.808000 0.992919
-0.804000 0.992919
-0.800000 0.992919
-0.796000 0.992919
-0.792000 0.992919
-0.788000 0.992919
-0.784000 0.992919
-0.780000 0.992919
-0.776000 0.992919
-0.772000 0.992919
-0.768000 0.992919
-0.764000 0.992919
-0.760000 0.992919
-0.756000 0.992919
-0.752000 0.992919
-0.748000 0.992919
-0.744000 0.992919
-0.740000 0.992919
-0.736000 0.992919
-0.732000 0.992919
-0.728000 0.992919
-0.724000 0.992919
-0.720000 0.992919
-0.716000 0.992919
-0.712000 0.992919
-0.708000 0.992919
-0.704000 0.992919
-0.700000 0.992919
-0.696000 0.992919
-0.692000 0.992919
-0.688000 0.992919
-0.684000 0.992919
-0.680000 0.992919
-0.676000 0.992919
-0.672000 0.992919
-0.668000 0.992919
-0.664000 0.992919
-0.660000 0.992919
-0.656000 0.992919
-0.652000 0.992919
-0.648000 0.992919
-0.644000 0.992919
-0.640000 0.992919
-0.636000 0.992919
-0.632000 0.992919
-0.628000 0.992919
-0.624000 0.992919
-0.620000 0.992919
-0.616000 0.992919
-0.612000 0.992919
-0.608000 0.992919
-0.604000 0.992919
-0.600000 0.992919
-0.596000 0.992919
-0.592000 0.992919
-0.588000 0.992919
-0.584000 0.992919
-0.580000 0.992919
-0.576000 0.992919
-0.572000 0.992919
-0.568000 0.992919
-0.564000 0.992919
-0.560000 0.992919
-0.556000 0.992919
-0.552000 0.992919
-0.548000 0.992919
-0.544000 0.992919
-0.540000 0.992919
-0.536000 0.992919
-0.532000 0.992919
-0.528000 0.992919
-0.524000 0.992919
-0.520000 0.992919
-0.516000 0.992919
-0.512000 0.992919
-0.508000 0.992919
-0.504000 0.992919
-0.500000 0.992919
-0.496000 0.992919
-0.492000 0.992919
-0.488000 0.992919
-0.484000 0.992919
-0.480000 0.992919
-0.476000 0.992919
-0.472000 0.992919
-0.468000 0.992919
-0.464000 0.992919
-0.460000 0.992919
-0.456000 0.992919
-0.452000 0.992919
-0.448000 0.992919
-0.444000 0.992919
-0.440000 0.992919
-0.436000 0.992919
-0.432000 0.992919
-0.428000 0.992919
-0.424000 0.992919
-0.420000 0.992919
-0.416000 0.992919
-0.412000 0.992919
-0.408000 0.992919
-0.404000 0.992919
-0.400000 0.992919
-0.396000 0.992919
-0.392000 0.992919
-0.388000 0.992919
-0.384000 0.992919
-0.380000 0.992919
-0.376000 0.992919
-0.372000 0.992919
-0.368000 0.992919
-0.364000 0.992919
-0.360000 0.992919
-0.356000 0.992919
-0.352000 0.992919
-0.348000 0.992919
-0.344000 0.992919
-0.340000 0.992919
-0.336000 0.992919
-0.332000 0.992919
-0.328000 0.992919
-0.324000 0.992919
-0.320000 0.992919
-0.316000 0.992919
-0.312000 0.992919
-0.308000 0.992919
-0.304000 0.992919
-0.300000 0.992919
-0.296000 0.992919
-0.292000 0.992919
-0.288000 0.992919
-0.284000 0.992920
-0.280000 0.992920
-0.276000 0.992920
-0.272000 0.992920
-0.268000 0.992920
-0.264000 0.992920
-0.260000 0.992920
-0.256000 0.992920
-0.252000 0.992920
-0.248000 0.992920
-0.244000 0.992920
-0.240000 0.992920
-0.236000 0.992920
-0.232000 0.992920
-0.228000 0.992921
-0.224000 0.992921
-0.220000 0.992921
-0.216000 0.992921
-0.212000 0.992921
-0.208000 0.992921
-0.204000 0.992921
-0.200000 0.992922
-0.196000 0.992922
-0.192000 0.992922
-0.188000 0.992922
-0.184000 0.992923
-0.180000 0.992923
-0.176000 0.992923
-0.172000 0.992923
-0.168000 0.992924
-0.164000 0.992924
-0.160000 0.992924
-0.156000 0.992925
-0.152000 0.992925
-0.148000 0.992926
-0.144000 0.992926
-0.140000 0.992927
-0.136000 0.992927
-0.132000 0.992928
-0.128000 0.992928
-0.124000 0.992929
-0.120000 0.992930
-0.116000 0.992930
-0.112000 0.992931
-0.108000 0.992932
-0.104000 0.992933
-0.100000 0.992934
-0.096000 0.992935
-0.092000 0.992936
-0.088000 0.992937
-0.084000 0.992938
-0.080000 0.992939
-0.076000 0.992940
-0.072000 0.992942
-0.068000 0.992943
-0.064000 0.992945
-0.060000 0.992946
-0.056000 0.992948
-0.052000 0.992949
-0.048000 0.992951
-0.044000 0.992953
-0.040000 0.992955
-0.036000 0.992957
-0.032000 0.992959
-0.028000 0.992962
-0.024000 0.992964
-0.020000 0.992967
-0.016000 0.992969
-0.012000 0.992972
-0.008000 0.992975
-0.004000 0.992978
0.000000 0.992982
0.004000 0.992985
0.008000 0.992989
0.012000 0.992992
0.016000 0.992996
0.020000 0.993000
0.024000 0.993004
0.028000 0.993009
0.032000 0.993013
0.036000 0.993018
0.040000 0.993023
0.044000 0.993028
0.048000 0.993034
0.052000 0.993039
0.056000 0.993045
0.060000 0.993051
0.064000 0.993058
0.068000 0.993064
0.072000 0.993071
0.076000 0.993078
0.080000 0.993086
0.084000 0.993094
0.088000 0.993102
0.092000 0.993110
0.096000 0.993118
0.100000 0.993127
0.104000 0.993137
0.108000 0.993146
0.112000 0.993156
0.116000 0.993166
0.120000 0.993177
0.124000 0.993188
0.128000 0.993199
0.132000 0.993211
0.136000 0.993223
0.140000 0.993235
0.144000 0.993248
0.148000 0.993261
0.152000 0.993275
0.156000 0.993289
0.160000 0.993304
0.164000 0.993319
0.168000 0.993334
0.172000 0.993350
0.176000 0.993366
0.180000 0.993383
0.184000 0.993400
0.188000 0.993418
0.192000 0.993436
0.196000 0.993455
0.200000 0.993474
0.204000 0.993494
0.208000 0.993514
0.212000 0.993534
0.216000 0.993556
0.220000 0.993577
0.224000 0.993600
0.228000 0.993622
0.232000 0.993646
0.236000 0.993669
0.240000 0.993694
0.244000 0.993719
0.248000 0.993744
0.252000 0.993770
0.256000 0.993797
0.260000 0.993824
0.264000 0.993851
0.268000 0.993880
0.272000 0.993908
0.276000 0.993938
0.280000 0.993968
0.284000 0.993998
0.288000 0.994029
0.292000 0.994061
0.296000 0.994093
0.300000 0.994125
0.304000 0.994158
0.308000 0.994192
0.312000 0.994226
0.316000 0.994261
0.320000 0.994297
0.324000 0.994332
0.328000 0.994369
0.332000 0.994406
0.336000 0.994443
0.340000 0.994481
0.344000 0.994520
0.348000 0.994559
0.352000 0.994598
0.356000 0.994638
0.360000 0.994678
0.364000 0.994719
0.368000 0.994761
0.372000 0.994802
0.376000 0.994845
0.380000 0.994887
0.384000 0.994930
0.388000 0.994974
0.392000 0.995018
0.396000 0.995062
0.400000 0.995106
0.404000 0.995151
0.408000 0.995197
0.412000 0.995243
0.416000 0.995289
0.420000 0.995335
0.424000 0.995382
0.428000 0.995429
0.432000 0.995476
0.436000 0.995523
0.440000 0.995571
0.444000 0.995619
0.448000 0.995667
0.452000 0.995716
0.456000 0.995764
0.460000 0.995813
0.464000 0.995862
0.468000 0.995911
0.472000 0.995960
0.476000 0.996010
0.480000 0.996059
0.484000 0.996108
0.488000 0.996158
0.492000 0.996208
0.496000 0.996257
0.500000 0.996307
0.504000 0.996357
0.508000 0.996407
0.512000 0.996456
0.516000 0.996506
0.520000 0.996556
0.524000 0.996605
0.528000 0.996655
0.532000 0.996704
0.536000 0.996753
0.540000 0.996802
0.544000 0.996851
0.548000 0.996900
0.552000 0.996949
0.556000 0.996997
0.560000 0.997046
0.564000 0.997094
0.568000 0.997142
0.572000 0.997189
0.576000 0.997237
0.580000 0.997284
0.584000 0.997331
0.588000 0.997377
0.592000 0.997423
0.596000 0.997469
0.600000 0.997515
0.604000 0.997560
0.608000 0.997605
0.612000 0.997650
0.616000 0.997694
0.620000 0.997738
0.624000 0.997781
0.628000 0.997824
0.632000 0.997867
0.636000 0.997909
0.640000 0.997951
0.644000 0.997992
0.648000 0.998033
0.652000 0.998074
0.656000 0.998114
0.660000 0.998154
0.664000 0.998193
0.668000 0.998232
0.672000 0.998270
0.676000 0.998308
0.680000 0.998345
0.684000 0.998382
0.688000 0.998418
0.692000 0.998454
0.696000 0.998489
0.700000 0.998524
0.704000 0.998558
0.708000 0.998592
0.712000 0.998626
0.716000 0.998658
0.720000 0.998691
0.724000 0.998722
0.728000 0.998754
0.732000 0.998785
0.736000 0.998815
0.740000 0.998845
0.744000 0.998874
0.748000 0.998903
0.752000 0.998931
0.756000 0.998959
0.760000 0.998986
0.764000 0.999013
0.768000 0.999039
0.772000 0.999064
0.776000 0.999090
0.780000 0.999114
0.784000 0.999139
0.788000 0.999162
0.792000 0.999186
0.796000 0.999209
0.800000 0.999231
0.804000 0.999253
0.808000 0.999274
0.812000 0.999295
0.816000 0.999316
0.820000 0.999336
0.824000 0.999355
0.828000 0.999374
0.832000 0.999393
0.836000 0.999411
0.840000 0.999429
0.844000 0.999446
0.848000 0.999463
0.852000 0.999480
0.856000 0.999496
0.860000 0.999512
0.864000 0.999527
0.868000 0.999542
0.872000 0.999557
0.876000 0.999571
0.880000 0.999585
0.884000 0.999599
0.888000 0.999612
0.892000 0.999625
0.896000 0.999637
0.900000 0.999649
0.904000 0.999661
0.908000 0.999672
0.912000 0.999683
0.916000 0.999694
0.920000 0.999705
0.924000 0.999715
0.928000 0.999725
0.932000 0.999735
0.936000 0.999744
0.940000 0.999753
0.944000 0.999762
0.948000 0.999771
0.952000 0.999779
0.956000 0.999787
0.960000 0.999795
0.964000 0.999803
0.968000 0.999811
0.972000 0.999818
0.976000 0.999826
0.980000 0.999834
0.984000 0.999842
0.988000 0.999851
0.992000 0.999861
0.996000 0.999873
1.000000 0.999887
