-1.000000 0.997928
-0.996000 0.997928
-0.992000 0.997928
-0.988000 0.997928
-0.984000 0.997928
-0.980000 0.997928
-0.976000 0.997928
-0.972000 0.997928
-0.968000 0.997928
-0.964000 0.997928
-0.960000 0.997928
-0.956000 0.997928
-0.952000 0.997928
-0.948000 0.997928
-0.944000 0.997928
-0.940000 0.997928
-0.936000 0.997928
-0.932000 0.997928
-0.928000 0.997928
-0.924000 0.997928
-0.920000 0.997928
-0.916000 0.997928
-0.912000 0.997928
-0.908000 0.997928
-0.904000 0.997928
-0.900000 0.997928
-0.896000 0.997928
-0.892000 0.997928
-0.888000 0.997928
-0.884000 0.997928
-0.880000 0.997928
-0.876000 0.997928
-0.872000 0.997928
-0.868000 0.997928
-0.864000 0.997928
-0.860000 0.997928
-0.856000 0.997928
-0.852000 0.997928
-0.848000 0.997928
-0.844000 0.997928
-0.840000 0.997928
-0.836000 0.997928
-0.832000 0.997928
-0.828000 0.997928
-0.824000 0.997928
-0.820000 0.997928
-0.816000 0.997928
-0.812000 0.997928
-0.808000 0.997928
-0.804000 0.997928
-0.800000 0.997928
-0.796000 0.997928
-0.792000 0.997928
-0.788000 0.997928
-0.784000 0.997928
-0.780000 0.997928
-0.776000 0.997928
-0.772000 0.997928
-0.768000 0.997928
-0.764000 0.997928
-0.760000 0.997928
-0.756000 0.997928
-0.752000 0.997928
-0.748000 0.997928
-0.744000 0.997928
-0.740000 0.997928
-0.736000 0.997928
-0.732000 0.997928
-0.728000 0.997928
-0.724000 0.997928
-0.720000 0.997928
-0.716000 0.997928
-0.712000 0.997928
-0.708000 0.997928
-0.704000 0.997928
-0.700000 0.997928
-0.696000 0.997928
-0.692000 0.997928
-0.688000 0.997928
-0.684000 0.997928
-0.680000 0.997928
-0.676000 0.997928
-0.672000 0.997928
-0.668000 0.997928
-0.664000 0.997928
-0.660000 0.997928
-0.656000 0.997928
-0.652000 0.997928
-0.648000 0.997928
-0.644000 0.997928
-0.640000 0.997928
-0.636000 0.997928
-0.632000 0.997928
-0.628000 0.997928
-0.624000 0.997928
-0.620000 0.997928
-0.616000 0.997928
-0.612000 0.997928
-0.608000 0.997928
-0.604000 0.997928
-0.600000 0.997928
-0.596000 0.997928
-0.592000 0.997928
-0.588000 0.997928
-0.584000 0.997928
-0.580000 0.997928
-0.576000 0.997928
-0.572000 0.997928
-0.568000 0.997928
-0.564000 0.997928
-0.560000 0.997928
-0.556000 0.997928
-0.552000 0.997928
-0.548000 0.997928
-0.544000 0.997928
-0.540000 0.997928
-0.536000 0.997928
-0.532000 0.997928
-0.528000 0.997928
-0.524000 0.997928
-0.520000 0.997928
-0.516000 0.997928
-0.512000 0.997928
-0.508000 0.997928
-0.504000 0.997928
-0.500000 0.997928
-0.496000 0.997928
-0.492000 0.997928
-0.488000 0.997928
-0.484000 0.997928
-0.480000 0.997928
-0.476000 0.997928
-0.472000 0.997928
-0.468000 0.997928
-0.464000 0.997928
-0.460000 0.997928
-0.456000 0.997928
-0.452000 0.997928
-0.448000 0.997928
-0.444000 0.997928
-0.440000 0.997928
-0.436000 0.997928
-0.432000 0.997928
-0.428000 0.997928
-0.424000 0.997928
-0.420000 0.997928
-0.416000 0.997928
-0.412000 0.997928
-0.408000 0.997928
-0.404000 0.997928
-0.400000 0.997928
-0.396000 0.997928
-0.392000 0.997928
-0.388000 0.997928
-0.384000 0.997928
-0.380000 0.997928
-0.376000 0.997928
-0.372000 0.997928
-0.368000 0.997928
-0.364000 0.997928
-0.360000 0.997928
-0.356000 0.997928
-0.352000 0.997928
-0.348000 0.997928
-0.344000 0.997928
-0.340000 0.997928
-0.336000 0.997928
-0.332000 0.997928
-0.328000 0.997928
-0.324000 0.997928
-0.320000 0.997928
-0.316000 0.997928
-0.312000 0.997928
-0.308000 0.997928
-0.304000 0.997928
-0.300000 0.997928
-0.296000 0.997928
-0.292000 0.997928
-0.288000 0.997928
-0.284000 0.997928
-0.280000 0.997928
-0.276000 0.997928
-0.272000 0.997928
-0.268000 0.997928
-0.264000 0.997928
-0.260000 0.997928
-0.256000 0.997928
-0.252000 0.997928
-0.248000 0.997928
-0.244000 0.997928
-0.240000 0.997928
-0.236000 0.997928
-0.232000 0.997928
-0.228000 0.997928
-0.224000 0.997928
-0.220000 0.997928
-0.216000 0.997928
-0.212000 0.997928
-0.208000 0.997928
-0.204000 0.997928
-0.200000 0.997928
-0.196000 0.997928
-0.192000 0.997928
-0.188000 0.997928
-0.184000 0.997928
-0.180000 0.997928
-0.176000 0.997928
-0.172000 0.997928
-0.168000 0.997928
-0.164000 0.997927
-0.160000 0.997927
-0.156000 0.997927
-0.152000 0.997927
-0.148000 0.997927
-0.144000 0.997927
-0.140000 0.997927
-0.136000 0.997927
-0.132000 0.997927
-0.128000 0.997927
-0.124000 0.997927
-0.120000 0.997927
-0.116000 0.997927
-0.112000 0.997927
-0.108000 0.997927
-0.104000 0.997926
-0.100000 0.997926
-0.096000 0.997926
-0.092000 0.997926
-0.088000 0.997926
-0.084000 0.997926
-0.080000 0.997926
-0.076000 0.997925
-0.072000 0.997925
-0.068000 0.997925
-0.064000 0.997925
-0.060000 0.997925
-0.056000 0.997924
-0.052000 0.997924
-0.048000 0.997924
-0.044000 0.997924
-0.040000 0.997923
-0.036000 0.997923
-0.032000 0.997923
-0.028000 0.997922
-0.024000 0.997922
-0.020000 0.997921
-0.016000 0.997921
-0.012000 0.997921
-0.008000 0.997920
-0.004000 0.997920
0.000000 0.997919
0.004000 0.997918
0.008000 0.997918
0.012000 0.997917
0.016000 0.997916
0.020000 0.997916
0.024000 0.997915
0.028000 0.997914
0.032000 0.997913
0.036000 0.997912
0.040000 0.997911
0.044000 0.997910
0.048000 0.997909
0.052000 0.997908
0.056000 0.997907
0.060000 0.997906
0.064000 0.997905
0.068000 0.997903
0.072000 0.997902
0.076000 0.997900
0.080000 0.997899
0.084000 0.997897
0.088000 0.997895
0.092000 0.997894
0.096000 0.997892
0.100000 0.997890
0.104000 0.997888
0.108000 0.997885
0.112000 0.997883
0.116000 0.997881
0.120000 0.997878
0.124000 0.997876
0.128000 0.997873
0.132000 0.997870
0.136000 0.997867
0.140000 0.997864
0.144000 0.997860
0.148000 0.997857
0.152000 0.997853
0.156000 0.997850
0.160000 0.997846
0.164000 0.997842
0.168000 0.997838
0.172000 0.997833
0.176000 0.997829
0.180000 0.997824
0.184000 0.997819
0.188000 0.997814
0.192000 0.997809
0.196000 0.997803
0.200000 0.997797
0.204000 0.997791
0.208000 0.997785
0.212000 0.997779
0.216000 0.997772
0.220000 0.997765
0.224000 0.997758
0.228000 0.997750
0.232000 0.997743
0.236000 0.997735
0.240000 0.997726
0.244000 0.997718
0.248000 0.997709
0.252000 0.997700
0.256000 0.997691
0.260000 0.997681
0.264000 0.997671
0.268000 0.997660
0.272000 0.997650
0.276000 0.997639
0.280000 0.997627
0.284000 0.997615
0.288000 0.997603
0.292000 0.997591
0.296000 0.997578
0.300000 0.997565
0.304000 0.997551
0.308000 0.997537
0.312000 0.997523
0.316000 0.997508
0.320000 0.997493
0.324000 0.997477
0.328000 0.997461
0.332000 0.997445
0.336000 0.997428
0.340000 0.997410
0.344000 0.997392
0.348000 0.997374
0.352000 0.997356
0.356000 0.997336
0.360000 0.997317
0.364000 0.997297
0.368000 0.997276
0.372000 0.997255
0.376000 0.997234
0.380000 0.997212
0.384000 0.997189
0.388000 0.997166
0.392000 0.997143
0.396000 0.997119
0.400000 0.997094
0.404000 0.997069
0.408000 0.997044
0.412000 0.997018
0.416000 0.996991
0.420000 0.996964
0.424000 0.996937
0.428000 0.996909
0.432000 0.996880
0.436000 0.996851
0.440000 0.996822
0.444000 0.996792
0.448000 0.996761
0.452000 0.996730
0.456000 0.996698
0.460000 0.996666
0.464000 0.996634
0.468000 0.996601
0.472000 0.996567
0.476000 0.996533
0.480000 0.996499
0.484000 0.996464
0.488000 0.996428
0.492000 0.996392
0.496000 0.996356
0.500000 0.996319
0.504000 0.996282
0.508000 0.996244
0.512000 0.996206
0.516000 0.996167
0.520000 0.996128
0.524000 0.996089
0.528000 0.996049
0.532000 0.996009
0.536000 0.995968
0.540000 0.995927
0.544000 0.995886
0.548000 0.995844
0.552000 0.995802
0.556000 0.995760
0.560000 0.995717
0.564000 0.995674
0.568000 0.995630
0.572000 0.995587
0.576000 0.995543
0.580000 0.995499
0.584000 0.995454
0.588000 0.995409
0.592000 0.995364
0.596000 0.995319
0.600000 0.995274
0.604000 0.995228
0.608000 0.995182
0.612000 0.995136
0.616000 0.995090
0.620000 0.995044
0.624000 0.994997
0.628000 0.994951
0.632000 0.994904
0.636000 0.994857
0.640000 0.994810
0.644000 0.994763
0.648000 0.994717
0.652000 0.994670
0.656000 0.994622
0.660000 0.994575
0.664000 0.994528
0.668000 0.994481
0.672000 0.994434
0.676000 0.994388
0.680000 0.994341
0.684000 0.994294
0.688000 0.994247
0.692000 0.994201
0.696000 0.994154
0.700000 0.994108
0.704000 0.994061
0.708000 0.994015
0.712000 0.993969
0.716000 0.993924
0.720000 0.993878
0.724000 0.993833
0.728000 0.993788
0.732000 0.993743
0.736000 0.993698
0.740000 0.993654
0.744000 0.993609
0.748000 0.993566
0.752000 0.993522
0.756000 0.993479
0.760000 0.993436
0.764000 0.993393
0.768000 0.993350
0.772000 0.993308
0.776000 0.993267
0.780000 0.993225
0.784000 0.993184
0.788000 0.993144
0.792000 0.993103
0.796000 0.993063
0.800000 0.993024
0.804000 0.992985
0.808000 0.992946
0.812000 0.992908
0.816000 0.992870
0.820000 0.992832
0.824000 0.992795
0.828000 0.992759
0.832000 0.992723
0.836000 0.992687
0.840000 0.992652
0.844000 0.992617
0.848000 0.992582
0.852000 0.992548
0.856000 0.992515
0.860000 0.992482
0.864000 0.992449
0.868000 0.992417
0.872000 0.992385
0.876000 0.992354
0.880000 0.992324
0.884000 0.992293
0.888000 0.992264
0.892000 0.992234
0.896000 0.992205
0.900000 0.992177
0.904000 0.992149
0.908000 0.992122
0.912000 0.992095
0.916000 0.992068
0.920000 0.992042
0.924000 0.992017
0.928000 0.991991
0.932000 0.991967
0.936000 0.991942
0.940000 0.991919
0.944000 0.991895
0.948000 0.991872
0.952000 0.991849
0.956000 0.991827
0.960000 0.991805
0.964000 0.991783
0.968000 0.991761
0.972000 0.991738
0.976000 0.991715
0.980000 0.991692
0.984000 0.991667
0.988000 0.991640
0.992000 0.991609
0.996000 0.991573
1.000000 0.991531
