-1.000000 0.997928
-0.996000 0.997928
-0.992000 0.997928
-0.988000 0.997928
-0.984000 0.997928
-0.980000 0.997928
-0.976000 0.997928
-0.972000 0.997928
-0.968000 0.997928
-0.964000 0.997928
-0.960000 0.997928
-0.956000 0.997928
-0.952000 0.997928
-0.948000 0.997928
-0.944000 0.997928
-0.940000 0.997928
-0.936000 0.997928
-0.932000 0.997928
-0.928000 0.997928
-0.924000 0.997928
-0.920000 0.997928
-0.916000 0.997928
-0.912000 0.997928
-0.908000 0.997928
-0.904000 0.997928
-0.900000 0.997928
-0.896000 0.997928
-0.892000 0.997928
-0.888000 0.997928
-0.884000 0.997928
-0.880000 0.997928
-0.876000 0.997928
-0.872000 0.997928
-0.868000 0.997928
-0.864000 0.997928
-0.860000 0.997928
-0.856000 0.997928
-0.852000 0.997928
-0.848000 0.997928
-0.844000 0.997928
-0.840000 0.997928
-0.836000 0.997928
-0.832000 0.997928
-0.828000 0.997928
-0.824000 0.997928
-0.820000 0.997928
-0.816000 0.997928
-0.812000 0.997928
-0.808000 0.997928
-0.804000 0.997928
-0.800000 0.997928
-0.796000 0.997928
-0.792000 0.997928
-0.788000 0.997928
-0.784000 0.997928
-0.780000 0.997928
-0.776000 0.997928
-0.772000 0.997928
-0.768000 0.997928
-0.764000 0.997928
-0.760000 0.997928
-0.756000 0.997928
-0.752000 0.997928
-0.748000 0.997928
-0.744000 0.997928
-0.740000 0.997928
-0.736000 0.997928
-0.732000 0.997928
-0.728000 0.997928
-0.724000 0.997928
-0.720000 0.997928
-0.716000 0.997928
-0.712000 0.997928
-0.708000 0.997928
-0.704000 0.997928
-0.700000 0.997928
-0.696000 0.997928
-0.692000 0.997928
-0.688000 0.997928
-0.684000 0.997928
-0.680000 0.997928
-0.676000 0.997928
-0.672000 0.997928
-0.668000 0.997928
-0.664000 0.997928
-0.660000 0.997928
-0.656000 0.997928
-0.652000 0.997928
-0.648000 0.997928
-0.644000 0.997928
-0.640000 0.997928
-0.636000 0.997928
-0.632000 0.997928
-0.628000 0.997928
-0.624000 0.997928
-0.620000 0.997928
-0.616000 0.997928
-0.612000 0.997928
-0.608000 0.997928
-0.604000 0.997928
-0.600000 0.997928
-0.596000 0.997928
-0.592000 0.997928
-0.588000 0.997928
-0.584000 0.997928
-0.580000 0.997928
-0.576000 0.997928
-0.572000 0.997928
-0.568000 0.997928
-0.564000 0.997928
-0.560000 0.997928
-0.556000 0.997928
-0.552000 0.997928
-0.548000 0.997928
-0.544000 0.997928
-0.540000 0.997928
-0.536000 0.997928
-0.532000 0.997928
-0.528000 0.997928
-0.524000 0.997928
-0.520000 0.997928
-0.516000 0.997928
-0.512000 0.997928
-0.508000 0.997928
-0.504000 0.997928
-0.500000 0.997928
-0.496000 0.997928
-0.492000 0.997928
-0.488000 0.997928
-0.484000 0.997928
-0.480000 0.997928
-0.476000 0.997928
-0.472000 0.997928
-0.468000 0.997928
-0.464000 0.997928
-0.460000 0.997928
-0.456000 0.997928
-0.452000 0.997928
-0.448000 0.997928
-0.444000 0.997928
-0.440000 0.997928
-0.436000 0.997928
-0.432000 0.997928
-0.428000 0.997928
-0.424000 0.997928
-0.420000 0.997928
-0.416000 0.997928
-0.412000 0.997928
-0.408000 0.997928
-0.404000 0.997928
-0.400000 0.997928
-0.396000 0.997928
-0.392000 0.997928
-0.388000 0.997927
-0.384000 0.997927
-0.380000 0.997927
-0.376000 0.997927
-0.372000 0.997927
-0.368000 0.997927
-0.364000 0.997927
-0.360000 0.997927
-0.356000 0.997927
-0.352000 0.997927
-0.348000 0.997927
-0.344000 0.997927
-0.340000 0.997926
-0.336000 0.997926
-0.332000 0.997926
-0.328000 0.997926
-0.324000 0.997926
-0.320000 0.997926
-0.316000 0.997926
-0.312000 0.997925
-0.308000 0.997925
-0.304000 0.997925
-0.300000 0.997925
-0.296000 0.997924
-0.292000 0.997924
-0.288000 0.997924
-0.284000 0.997923
-0.280000 0.997923
-0.276000 0.997923
-0.272000 0.997922
-0.268000 0.997922
-0.264000 0.997921
-0.260000 0.997921
-0.256000 0.997920
-0.252000 0.997920
-0.248000 0.997919
-0.244000 0.997919
-0.240000 0.997918
-0.236000 0.997917
-0.232000 0.997916
-0.228000 0.997916
-0.224000 0.997915
-0.220000 0.997914
-0.216000 0.997913
-0.212000 0.997912
-0.208000 0.997911
-0.204000 0.997909
-0.200000 0.997908
-0.196000 0.997907
-0.192000 0.997905
-0.188000 0.997904
-0.184000 0.997902
-0.180000 0.997901
-0.176000 0.997899
-0.172000 0.997897
-0.168000 0.997895
-0.164000 0.997893
-0.160000 0.997891
-0.156000 0.997889
-0.152000 0.997886
-0.148000 0.997884
-0.144000 0.997881
-0.140000 0.997878
-0.136000 0.997875
-0.132000 0.997872
-0.128000 0.997869
-0.124000 0.997865
-0.120000 0.997862
-0.116000 0.997858
-0.112000 0.997854
-0.108000 0.997850
-0.104000 0.997845
-0.100000 0.997841
-0.096000 0.997836
-0.092000 0.997831
-0.088000 0.997826
-0.084000 0.997820
-0.080000 0.997815
-0.076000 0.997809
-0.072000 0.997802
-0.068000 0.997796
-0.064000 0.997789
-0.060000 0.997782
-0.056000 0.997775
-0.052000 0.997767
-0.048000 0.997759
-0.044000 0.997750
-0.040000 0.997742
-0.036000 0.997733
-0.032000 0.997723
-0.028000 0.997714
-0.024000 0.997704
-0.020000 0.997693
-0.016000 0.997682
-0.012000 0.997671
-0.008000 0.997659
-0.004000 0.997647
0.000000 0.997635
0.004000 0.997622
0.008000 0.997609
0.012000 0.997595
0.016000 0.997580
0.020000 0.997566
0.024000 0.997550
0.028000 0.997535
0.032000 0.997518
0.036000 0.997502
0.040000 0.997484
0.044000 0.997466
0.048000 0.997448
0.052000 0.997429
0.056000 0.997410
0.060000 0.997390
0.064000 0.997369
0.068000 0.997348
0.072000 0.997327
0.076000 0.997304
0.080000 0.997281
0.084000 0.997258
0.088000 0.997234
0.092000 0.997209
0.096000 0.997184
0.100000 0.997158
0.104000 0.997132
0.108000 0.997104
0.112000 0.997077
0.116000 0.997048
0.120000 0.997019
0.124000 0.996990
0.128000 0.996959
0.132000 0.996929
0.136000 0.996897
0.140000 0.996865
0.144000 0.996832
0.148000 0.996799
0.152000 0.996765
0.156000 0.996730
0.160000 0.996695
0.164000 0.996659
0.168000 0.996622
0.172000 0.996585
0.176000 0.996547
0.180000 0.996509
0.184000 0.996470
0.188000 0.996431
0.192000 0.996391
0.196000 0.996350
0.200000 0.996309
0.204000 0.996267
0.208000 0.996225
0.212000 0.996182
0.216000 0.996138
0.220000 0.996094
0.224000 0.996050
0.228000 0.996005
0.232000 0.995960
0.236000 0.995914
0.240000 0.995868
0.244000 0.995821
0.248000 0.995774
0.252000 0.995726
0.256000 0.995678
0.260000 0.995630
0.264000 0.995581
0.268000 0.995532
0.272000 0.995483
0.276000 0.995433
0.280000 0.995383
0.284000 0.995333
0.288000 0.995282
0.292000 0.995231
0.296000 0.995180
0.300000 0.995129
0.304000 0.995078
0.308000 0.995026
0.312000 0.994974
0.316000 0.994922
0.320000 0.994870
0.324000 0.994818
0.328000 0.994766
0.332000 0.994714
0.336000 0.994661
0.340000 0.994609
0.344000 0.994557
0.348000 0.994504
0.352000 0.994452
0.356000 0.994400
0.360000 0.994348
0.364000 0.994296
0.368000 0.994244
0.372000 0.994192
0.376000 0.994140
0.380000 0.994089
0.384000 0.994037
0.388000 0.993986
0.392000 0.993935
0.396000 0.993885
0.400000 0.993834
0.404000 0.993784
0.408000 0.993734
0.412000 0.993685
0.416000 0.993636
0.420000 0.993587
0.424000 0.993538
0.428000 0.993490
0.432000 0.993442
0.436000 0.993395
0.440000 0.993348
0.444000 0.993301
0.448000 0.993255
0.452000 0.993209
0.456000 0.993164
0.460000 0.993119
0.464000 0.993074
0.468000 0.993030
0.472000 0.992987
0.476000 0.992944
0.480000 0.992901
0.484000 0.992860
0.488000 0.992818
0.492000 0.992777
0.496000 0.992737
0.500000 0.992697
0.504000 0.992658
0.508000 0.992619
0.512000 0.992581
0.516000 0.992543
0.520000 0.992506
0.524000 0.992470
0.528000 0.992434
0.532000 0.992399
0.536000 0.992364
0.540000 0.992330
0.544000 0.992296
0.548000 0.992263
0.552000 0.992231
0.556000 0.992199
0.560000 0.992168
0.564000 0.992137
0.568000 0.992107
0.572000 0.992077
0.576000 0.992048
0.580000 0.992020
0.584000 0.991992
0.588000 0.991965
0.592000 0.991938
0.596000 0.991912
0.600000 0.991886
0.604000 0.991861
0.608000 0.991837
0.612000 0.991813
0.616000 0.991790
0.620000 0.991767
0.624000 0.991744
0.628000 0.991722
0.632000 0.991701
0.636000 0.991680
0.640000 0.991660
0.644000 0.991640
0.648000 0.991621
0.652000 0.991602
0.656000 0.991584
0.660000 0.991566
0.664000 0.991548
0.668000 0.991531
0.672000 0.991515
0.676000 0.991499
0.680000 0.991483
0.684000 0.991468
0.688000 0.991453
0.692000 0.991439
0.696000 0.991425
0.700000 0.991411
0.704000 0.991398
0.708000 0.991385
0.712000 0.991373
0.716000 0.991361
0.720000 0.991349
0.724000 0.991338
0.728000 0.991327
0.732000 0.991316
0.736000 0.991306
0.740000 0.991296
0.744000 0.991286
0.748000 0.991277
0.752000 0.991267
0.756000 0.991259
0.760000 0.991250
0.764000 0.991242
0.768000 0.991234
0.772000 0.991226
0.776000 0.991219
0.780000 0.991212
0.784000 0.991205
0.788000 0.991198
0.792000 0.991191
0.796000 0.991185
0.800000 0.991179
0.804000 0.991173
0.808000 0.991168
0.812000 0.991162
0.816000 0.991157
0.820000 0.991152
0.824000 0.991147
0.828000 0.991143
0.832000 0.991138
0.836000 0.991134
0.840000 0.991130
0.844000 0.991126
0.848000 0.991122
0.852000 0.991118
0.856000 0.991115
0.860000 0.991111
0.864000 0.991108
0.868000 0.991105
0.872000 0.991102
0.876000 0.991099
0.880000 0.991096
0.884000 0.991093
0.888000 0.991091
0.892000 0.991088
0.896000 0.991086
0.900000 0.991084
0.904000 0.991082
0.908000 0.991080
0.912000 0.991078
0.916000 0.991076
0.920000 0.991074
0.924000 0.991072
0.928000 0.991070
0.932000 0.991069
0.936000 0.991067
0.940000 0.991066
0.944000 0.991064
0.948000 0.991063
0.952000 0.991062
0.956000 0.991061
0.960000 0.991059
0.964000 0.991058
0.968000 0.991057
0.972000 0.991056
0.976000 0.991055
0.980000 0.991054
0.984000 0.991053
0.988000 0.991052
0.992000 0.991050
0.996000 0.991049
1.000000 0.991047
