-1.000000 0.992919
-0.996000 0.992919
-0.992000 0.992919
-0.988000 0.992919
-0.984000 0.992919
-0.980000 0.992919
-0.976000 0.992919
-0.972000 0.992919
-0.968000 0.992919
-0.964000 0.992919
-0.960000 0.992919
-0.956000 0.992919
-0.952000 0.992919
-0.948000 0.992919
-0.944000 0.992919
-0.940000 0.992919
-0.936000 0.992919
-0.932000 0.992919
-0.928000 0.992919
-0.924000 0.992919
-0.920000 0.992919
-0.916000 0.992919
-0.912000 0.992919
-0.908000 0.992919
-0.904000 0.992919
-0.900000 0.992919
-0.896000 0.992919
-0.892000 0.992919
-0.888000 0.992919
-0.884000 0.992919
-0.880000 0.992919
-0.876000 0.992919
-0.872000 0.992919
-0.868000 0.992919
-0.864000 0.992919
-0.860000 0.992919
-0.856000 0.992919
-0.852000 0.992919
-0.848000 0.992919
-0.844000 0.992919
-0.840000 0.992919
-0.836000 0.992919
-0.832000 0.992919
-0.828000 0.992919
-0.824000 0.992919
-0.820000 0.992919
-0.816000 0.992919
-0.812000 0.992919
-0.808000 0.992919
-0.804000 0.992919
-0.800000 0.992919
-0.796000 0.992919
-0.792000 0.992919
-0.788000 0.992919
-0.784000 0.992919
-0.780000 0.992919
-0.776000 0.992919
-0.772000 0.992919
-0.768000 0.992919
-0.764000 0.992919
-0.760000 0.992919
-0.756000 0.992919
-0.752000 0.992919
-0.748000 0.992919
-0.744000 0.992919
-0.740000 0.992919
-0.736000 0.992919
-0.732000 0.992919
-0.728000 0.992919
-0.724000 0.992919
-0.720000 0.992919
-0.716000 0.992919
-0.712000 0.992919
-0.708000 0.992919
-0.704000 0.992919
-0.700000 0.992919
-0.696000 0.992919
-0.692000 0.992919
-0.688000 0.992919
-0.684000 0.992919
-0.680000 0.992919
-0.676000 0.992919
-0.672000 0.992919
-0.668000 0.992919
-0.664000 0.992919
-0.660000 0.992919
-0.656000 0.992919
-0.652000 0.992919
-0.648000 0.992919
-0.644000 0.992919
-0.640000 0.992919
-0.636000 0.992919
-0.632000 0.992919
-0.628000 0.992919
-0.624000 0.992919
-0.620000 0.992919
-0.616000 0.992919
-0.612000 0.992919
-0.608000 0.992919
-0.604000 0.992919
-0.600000 0.992919
-0.596000 0.992919
-0.592000 0.992919
-0.588000 0.992919
-0.584000 0.992919
-0.580000 0.992919
-0.576000 0.992919
-0.572000 0.992919
-0.568000 0.992919
-0.564000 0.992919
-0.560000 0.992919
-0.556000 0.992919
-0.552000 0.992919
-0.548000 0.992919
-0.544000 0.992919
-0.540000 0.992919
-0.536000 0.992919
-0.532000 0.992919
-0.528000 0.992919
-0.524000 0.992919
-0.520000 0.992919
-0.516000 0.992919
-0.512000 0.992919
-0.508000 0.992919
-0.504000 0.992919
-0.500000 0.992919
-0.496000 0.992919
-0.492000 0.992919
-0.488000 0.992919
-0.484000 0.992919
-0.480000 0.992919
-0.476000 0.992919
-0.472000 0.992919
-0.468000 0.992919
-0.464000 0.992919
-0.460000 0.992919
-0.456000 0.992919
-0.452000 0.992919
-0.448000 0.992919
-0.444000 0.992919
-0.440000 0.992919
-0.436000 0.992919
-0.432000 0.992919
-0.428000 0.992919
-0.424000 0.992919
-0.420000 0.992919
-0.416000 0.992920
-0.412000 0.992920
-0.408000 0.992920
-0.404000 0.992920
-0.400000 0.992920
-0.396000 0.992920
-0.392000 0.992920
-0.388000 0.992920
-0.384000 0.992920
-0.380000 0.992920
-0.376000 0.992920
-0.372000 0.992920
-0.368000 0.992920
-0.364000 0.992921
-0.360000 0.992921
-0.356000 0.992921
-0.352000 0.992921
-0.348000 0.992921
-0.344000 0.992921
-0.340000 0.992922
-0.336000 0.992922
-0.332000 0.992922
-0.328000 0.992922
-0.324000 0.992923
-0.320000 0.992923
-0.316000 0.992923
-0.312000 0.992924
-0.308000 0.992924
-0.304000 0.992924
-0.300000 0.992925
-0.296000 0.992925
-0.292000 0.992926
-0.288000 0.992926
-0.284000 0.992927
-0.280000 0.992927
-0.276000 0.992928
-0.272000 0.992928
-0.268000 0.992929
-0.264000 0.992930
-0.260000 0.992931
-0.256000 0.992932
-0.252000 0.992932
-0.248000 0.992933
-0.244000 0.992934
-0.240000 0.992935
-0.236000 0.992937
-0.232000 0.992938
-0.228000 0.992939
-0.224000 0.992940
-0.220000 0.992942
-0.216000 0.992943
-0.212000 0.992945
-0.208000 0.992947
-0.204000 0.992948
-0.200000 0.992950
-0.196000 0.992952
-0.192000 0.992955
-0.188000 0.992957
-0.184000 0.992959
-0.180000 0.992962
-0.176000 0.992964
-0.172000 0.992967
-0.168000 0.992970
-0.164000 0.992973
-0.160000 0.992976
-0.156000 0.992980
-0.152000 0.992983
-0.148000 0.992987
-0.144000 0.992991
-0.140000 0.992995
-0.136000 0.992999
-0.132000 0.993004
-0.128000 0.993008
-0.124000 0.993013
-0.120000 0.993019
-0.116000 0.993024
-0.112000 0.993030
-0.108000 0.993036
-0.104000 0.993042
-0.100000 0.993048
-0.096000 0.993055
-0.092000 0.993062
-0.088000 0.993069
-0.084000 0.993077
-0.080000 0.993085
-0.076000 0.993093
-0.072000 0.993102
-0.068000 0.993111
-0.064000 0.993120
-0.060000 0.993130
-0.056000 0.993140
-0.052000 0.993150
-0.048000 0.993161
-0.044000 0.993172
-0.040000 0.993184
-0.036000 0.993196
-0.032000 0.993208
-0.028000 0.993221
-0.024000 0.993235
-0.020000 0.993248
-0.016000 0.993263
-0.012000 0.993278
-0.008000 0.993293
-0.004000 0.993309
0.000000 0.993325
0.004000 0.993342
0.008000 0.993359
0.012000 0.993377
0.016000 0.993395
0.020000 0.993414
0.024000 0.993433
0.028000 0.993453
0.032000 0.993474
0.036000 0.993495
0.040000 0.993517
0.044000 0.993539
0.048000 0.993562
0.052000 0.993586
0.056000 0.993610
0.060000 0.993635
0.064000 0.993660
0.068000 0.993686
0.072000 0.993713
0.076000 0.993740
0.080000 0.993768
0.084000 0.993796
0.088000 0.993825
0.092000 0.993855
0.096000 0.993886
0.100000 0.993917
0.104000 0.993948
0.108000 0.993981
0.112000 0.994014
0.116000 0.994047
0.120000 0.994081
0.124000 0.994116
0.128000 0.994152
0.132000 0.994188
0.136000 0.994225
0.140000 0.994262
0.144000 0.994300
0.148000 0.994339
0.152000 0.994378
0.156000 0.994418
0.160000 0.994458
0.164000 0.994499
0.168000 0.994541
0.172000 0.994583
0.176000 0.994625
0.180000 0.994669
0.184000 0.994712
0.188000 0.994757
0.192000 0.994801
0.196000 0.994847
0.200000 0.994892
0.204000 0.994939
0.208000 0.994986
0.212000 0.995033
0.216000 0.995080
0.220000 0.995128
0.224000 0.995177
0.228000 0.995226
0.232000 0.995275
0.236000 0.995325
0.240000 0.995375
0.244000 0.995425
0.248000 0.995476
0.252000 0.995527
0.256000 0.995578
0.260000 0.995629
0.264000 0.995681
0.268000 0.995733
0.272000 0.995785
0.276000 0.995837
0.280000 0.995890
0.284000 0.995943
0.288000 0.995996
0.292000 0.996048
0.296000 0.996102
0.300000 0.996155
0.304000 0.996208
0.308000 0.996261
0.312000 0.996314
0.316000 0.996368
0.320000 0.996421
0.324000 0.996474
0.328000 0.996527
0.332000 0.996580
0.336000 0.996633
0.340000 0.996686
0.344000 0.996739
0.348000 0.996792
0.352000 0.996844
0.356000 0.996897
0.360000 0.996949
0.364000 0.997001
0.368000 0.997052
0.372000 0.997104
0.376000 0.997155
0.380000 0.997206
0.384000 0.997256
0.388000 0.997307
0.392000 0.997357
0.396000 0.997406
0.400000 0.997455
0.404000 0.997504
0.408000 0.997553
0.412000 0.997601
0.416000 0.997649
0.420000 0.997696
0.424000 0.997743
0.428000 0.997789
0.432000 0.997835
0.436000 0.997881
0.440000 0.997926
0.444000 0.997970
0.448000 0.998014
0.452000 0.998058
0.456000 0.998101
0.460000 0.998144
0.464000 0.998186
0.468000 0.998227
0.472000 0.998268
0.476000 0.998308
0.480000 0.998348
0.484000 0.998387
0.488000 0.998426
0.492000 0.998464
0.496000 0.998502
0.500000 0.998539
0.504000 0.998575
0.508000 0.998611
0.512000 0.998646
0.516000 0.998681
0.520000 0.998715
0.524000 0.998749
0.528000 0.998782
0.532000 0.998814
0.536000 0.998846
0.540000 0.998877
0.544000 0.998908
0.548000 0.998938
0.552000 0.998967
0.556000 0.998996
0.560000 0.999024
0.564000 0.999052
0.568000 0.999079
0.572000 0.999106
0.576000 0.999132
0.580000 0.999157
0.584000 0.999182
0.588000 0.999207
0.592000 0.999231
0.596000 0.999254
0.600000 0.999277
0.604000 0.999299
0.608000 0.999321
0.612000 0.999342
0.616000 0.999363
0.620000 0.999383
0.624000 0.999402
0.628000 0.999422
0.632000 0.999440
0.636000 0.999459
0.640000 0.999476
0.644000 0.999494
0.648000 0.999511
0.652000 0.999527
0.656000 0.999543
0.660000 0.999559
0.664000 0.999574
0.668000 0.999588
0.672000 0.999603
0.676000 0.999617
0.680000 0.999630
0.684000 0.999643
0.688000 0.999656
0.692000 0.999668
0.696000 0.999680
0.700000 0.999692
0.704000 0.999703
0.708000 0.999714
0.712000 0.999725
0.716000 0.999735
0.720000 0.999745
0.724000 0.999754
0.728000 0.999764
0.732000 0.999773
0.736000 0.999781
0.740000 0.999790
0.744000 0.999798
0.748000 0.999806
0.752000 0.999814
0.756000 0.999821
0.760000 0.999828
0.764000 0.999835
0.768000 0.999842
0.772000 0.999848
0.776000 0.999854
0.780000 0.999860
0.784000 0.999866
0.788000 0.999871
0.792000 0.999877
0.796000 0.999882
0.800000 0.999887
0.804000 0.999892
0.808000 0.999896
0.812000 0.999901
0.816000 0.999905
0.820000 0.999909
0.824000 0.999913
0.828000 0.999917
0.832000 0.999920
0.836000 0.999924
0.840000 0.999927
0.844000 0.999930
0.848000 0.999934
0.852000 0.999937
0.856000 0.999939
0.860000 0.999942
0.864000 0.999945
0.868000 0.999947
0.872000 0.999950
0.876000 0.999952
0.880000 0.999954
0.884000 0.999956
0.888000 0.999958
0.892000 0.999960
0.896000 0.999962
0.900000 0.999964
0.904000 0.999966
0.908000 0.999967
0.912000 0.999969
0.916000 0.999970
0.920000 0.999972
0.924000 0.999973
0.928000 0.999975
0.932000 0.999976
0.936000 0.999977
0.940000 0.999978
0.944000 0.999979
0.948000 0.999980
0.952000 0.999981
0.956000 0.999982
0.960000 0.999983
0.964000 0.999984
0.968000 0.999985
0.972000 0.999986
0.976000 0.999987
0.980000 0.999987
0.984000 0.999988
0.988000 0.999989
0.992000 0.999990
0.996000 0.999991
1.000000 0.999993
