-1.000000 0.992919
-0.996000 0.992919
-0.992000 0.992919
-0.988000 0.992919
-0.984000 0.992919
-0.980000 0.992919
-0.976000 0.992919
-0.972000 0.992919
-0.968000 0.992919
-0.964000 0.992919
-0.960000 0.992919
-0.956000 0.992919
-0.952000 0.992919
-0.948000 0.992919
-0.944000 0.992919
-0.940000 0.992919
-0.936000 0.992919
-0.932000 0.992919
-0.928000 0.992919
-0.924000 0.992919
-0.920000 0.992919
-0.916000 0.992919
-0.912000 0.992919
-0.908000 0.992919
-0.904000 0.992919
-0.900000 0.992919
-0.896000 0.992919
-0.892000 0.992919
-0.888000 0.992919
-0.884000 0.992919
-0.880000 0.992919
-0.876000 0.992919
-0.872000 0.992919
-0.868000 0.992919
-0.864000 0.992919
-0.860000 0.992919
-0.856000 0.992919
-0.852000 0.992919
-0.848000 0.992919
-0.844000 0.992919
-0.840000 0.992919
-0.836000 0.992919
-0.832000 0.992919
-0.828000 0.992919
-0.824000 0.992919
-0.820000 0.992919
-0.816000 0.992919
-0.812000 0.992919
-0.808000 0.992919
-0.804000 0.992919
-0.800000 0.992919
-0.796000 0.992919
-0.792000 0.992919
-0.788000 0.992919
-0.784000 0.992919
-0.780000 0.992919
-0.776000 0.992919
-0.772000 0.992919
-0.768000 0.992919
-0.764000 0.992919
-0.760000 0.992919
-0.756000 0.992919
-0.752000 0.992919
-0.748000 0.992919
-0.744000 0.992919
-0.740000 0.992919
-0.736000 0.992919
-0.732000 0.992919
-0.728000 0.992919
-0.724000 0.992919
-0.720000 0.992919
-0.716000 0.992919
-0.712000 0.992919
-0.708000 0.992919
-0.704000 0.992919
-0.700000 0.992919
-0.696000 0.992919
-0.692000 0.992919
-0.688000 0.992919
-0.684000 0.992919
-0.680000 0.992919
-0.676000 0.992919
-0.672000 0.992919
-0.668000 0.992919
-0.664000 0.992919
-0.660000 0.992919
-0.656000 0.992919
-0.652000 0.992919
-0.648000 0.992919
-0.644000 0.992919
-0.640000 0.992919
-0.636000 0.992919
-0.632000 0.992919
-0.628000 0.992919
-0.624000 0.992919
-0.620000 0.992919
-0.616000 0.992919
-0.612000 0.992919
-0.608000 0.992919
-0.604000 0.992919
-0.600000 0.992919
-0.596000 0.992919
-0.592000 0.992919
-0.588000 0.992919
-0.584000 0.992919
-0.580000 0.992919
-0.576000 0.992919
-0.572000 0.992919
-0.568000 0.992919
-0.564000 0.992920
-0.560000 0.992920
-0.556000 0.992920
-0.552000 0.992920
-0.548000 0.992920
-0.544000 0.992920
-0.540000 0.992920
-0.536000 0.992920
-0.532000 0.992920
-0.528000 0.992920
-0.524000 0.992920
-0.520000 0.992921
-0.516000 0.992921
-0.512000 0.992921
-0.508000 0.992921
-0.504000 0.992921
-0.500000 0.992921
-0.496000 0.992922
-0.492000 0.992922
-0.488000 0.992922
-0.484000 0.992922
-0.480000 0.992923
-0.476000 0.992923
-0.472000 0.992923
-0.468000 0.992924
-0.464000 0.992924
-0.460000 0.992925
-0.456000 0.992925
-0.452000 0.992926
-0.448000 0.992926
-0.444000 0.992927
-0.440000 0.992928
-0.436000 0.992928
-0.432000 0.992929
-0.428000 0.992930
-0.424000 0.992931
-0.420000 0.992932
-0.416000 0.992933
-0.412000 0.992934
-0.408000 0.992935
-0.404000 0.992936
-0.400000 0.992937
-0.396000 0.992939
-0.392000 0.992940
-0.388000 0.992942
-0.384000 0.992944
-0.380000 0.992945
-0.376000 0.992947
-0.372000 0.992949
-0.368000 0.992952
-0.364000 0.992954
-0.360000 0.992956
-0.356000 0.992959
-0.352000 0.992962
-0.348000 0.992965
-0.344000 0.992968
-0.340000 0.992971
-0.336000 0.992974
-0.332000 0.992978
-0.328000 0.992982
-0.324000 0.992986
-0.320000 0.992990
-0.316000 0.992995
-0.312000 0.993000
-0.308000 0.993005
-0.304000 0.993010
-0.300000 0.993016
-0.296000 0.993021
-0.292000 0.993028
-0.288000 0.993034
-0.284000 0.993041
-0.280000 0.993048
-0.276000 0.993055
-0.272000 0.993063
-0.268000 0.993071
-0.264000 0.993080
-0.260000 0.993089
-0.256000 0.993098
-0.252000 0.993108
-0.248000 0.993118
-0.244000 0.993129
-0.240000 0.993140
-0.236000 0.993152
-0.232000 0.993164
-0.228000 0.993176
-0.224000 0.993189
-0.220000 0.993203
-0.216000 0.993217
-0.212000 0.993232
-0.208000 0.993247
-0.204000 0.993263
-0.200000 0.993279
-0.196000 0.993296
-0.192000 0.993313
-0.188000 0.993332
-0.184000 0.993350
-0.180000 0.993370
-0.176000 0.993390
-0.172000 0.993411
-0.168000 0.993432
-0.164000 0.993454
-0.160000 0.993477
-0.156000 0.993501
-0.152000 0.993525
-0.148000 0.993550
-0.144000 0.993575
-0.140000 0.993602
-0.136000 0.993629
-0.132000 0.993657
-0.128000 0.993685
-0.124000 0.993715
-0.120000 0.993745
-0.116000 0.993776
-0.112000 0.993808
-0.108000 0.993840
-0.104000 0.993873
-0.100000 0.993907
-0.096000 0.993942
-0.092000 0.993978
-0.088000 0.994014
-0.084000 0.994051
-0.080000 0.994089
-0.076000 0.994128
-0.072000 0.994167
-0.068000 0.994207
-0.064000 0.994248
-0.060000 0.994290
-0.056000 0.994332
-0.052000 0.994375
-0.048000 0.994419
-0.044000 0.994464
-0.040000 0.994509
-0.036000 0.994555
-0.032000 0.994601
-0.028000 0.994649
-0.024000 0.994697
-0.020000 0.994745
-0.016000 0.994794
-0.012000 0.994844
-0.008000 0.994895
-0.004000 0.994946
0.000000 0.994997
0.004000 0.995049
0.008000 0.995102
0.012000 0.995155
0.016000 0.995209
0.020000 0.995263
0.024000 0.995317
0.028000 0.995372
0.032000 0.995427
0.036000 0.995483
0.040000 0.995539
0.044000 0.995596
0.048000 0.995652
0.052000 0.995709
0.056000 0.995766
0.060000 0.995824
0.064000 0.995882
0.068000 0.995940
0.072000 0.995998
0.076000 0.996056
0.080000 0.996114
0.084000 0.996172
0.088000 0.996231
0.092000 0.996289
0.096000 0.996348
0.100000 0.996406
0.104000 0.996465
0.108000 0.996523
0.112000 0.996582
0.116000 0.996640
0.120000 0.996698
0.124000 0.996756
0.128000 0.996813
0.132000 0.996871
0.136000 0.996928
0.140000 0.996985
0.144000 0.997042
0.148000 0.997098
0.152000 0.997154
0.156000 0.997210
0.160000 0.997266
0.164000 0.997321
0.168000 0.997375
0.172000 0.997430
0.176000 0.997483
0.180000 0.997537
0.184000 0.997590
0.188000 0.997642
0.192000 0.997694
0.196000 0.997745
0.200000 0.997796
0.204000 0.997846
0.208000 0.997896
0.212000 0.997945
0.216000 0.997993
0.220000 0.998041
0.224000 0.998089
0.228000 0.998135
0.232000 0.998181
0.236000 0.998227
0.240000 0.998272
0.244000 0.998316
0.248000 0.998359
0.252000 0.998402
0.256000 0.998444
0.260000 0.998485
0.264000 0.998526
0.268000 0.998566
0.272000 0.998605
0.276000 0.998644
0.280000 0.998682
0.284000 0.998719
0.288000 0.998756
0.292000 0.998792
0.296000 0.998827
0.300000 0.998861
0.304000 0.998895
0.308000 0.998928
0.312000 0.998960
0.316000 0.998992
0.320000 0.999023
0.324000 0.999053
0.328000 0.999083
0.332000 0.999112
0.336000 0.999140
0.340000 0.999168
0.344000 0.999195
0.348000 0.999221
0.352000 0.999247
0.356000 0.999272
0.360000 0.999296
0.364000 0.999320
0.368000 0.999343
0.372000 0.999365
0.376000 0.999387
0.380000 0.999409
0.384000 0.999429
0.388000 0.999450
0.392000 0.999469
0.396000 0.999488
0.400000 0.999507
0.404000 0.999525
0.408000 0.999542
0.412000 0.999559
0.416000 0.999576
0.420000 0.999592
0.424000 0.999607
0.428000 0.999622
0.432000 0.999637
0.436000 0.999651
0.440000 0.999664
0.444000 0.999677
0.448000 0.999690
0.452000 0.999702
0.456000 0.999714
0.460000 0.999726
0.464000 0.999737
0.468000 0.999748
0.472000 0.999758
0.476000 0.999768
0.480000 0.999778
0.484000 0.999787
0.488000 0.999796
0.492000 0.999805
0.496000 0.999813
0.500000 0.999821
0.504000 0.999829
0.508000 0.999836
0.512000 0.999843
0.516000 0.999850
0.520000 0.999857
0.524000 0.999863
0.528000 0.999869
0.532000 0.999875
0.536000 0.999881
0.540000 0.999886
0.544000 0.999891
0.548000 0.999896
0.552000 0.999901
0.556000 0.999906
0.560000 0.999910
0.564000 0.999914
0.568000 0.999918
0.572000 0.999922
0.576000 0.999926
0.580000 0.999930
0.584000 0.999933
0.588000 0.999936
0.592000 0.999939
0.596000 0.999942
0.600000 0.999945
0.604000 0.999948
0.608000 0.999950
0.612000 0.999953
0.616000 0.999955
0.620000 0.999958
0.624000 0.999960
0.628000 0.999962
0.632000 0.999964
0.636000 0.999966
0.640000 0.999967
0.644000 0.999969
0.648000 0.999971
0.652000 0.999972
0.656000 0.999974
0.660000 0.999975
0.664000 0.999976
0.668000 0.999978
0.672000 0.999979
0.676000 0.999980
0.680000 0.999981
0.684000 0.999982
0.688000 0.999983
0.692000 0.999984
0.696000 0.999985
0.700000 0.999986
0.704000 0.999987
0.708000 0.999987
0.712000 0.999988
0.716000 0.999989
0.720000 0.999989
0.724000 0.999990
0.728000 0.999991
0.732000 0.999991
0.736000 0.999992
0.740000 0.999992
0.744000 0.999993
0.748000 0.999993
0.752000 0.999993
0.756000 0.999994
0.760000 0.999994
0.764000 0.999994
0.768000 0.999995
0.772000 0.999995
0.776000 0.999995
0.780000 0.999996
0.784000 0.999996
0.788000 0.999996
0.792000 0.999996
0.796000 0.999997
0.800000 0.999997
0.804000 0.999997
0.808000 0.999997
0.812000 0.999997
0.816000 0.999998
0.820000 0.999998
0.824000 0.999998
0.828000 0.999998
0.832000 0.999998
0.836000 0.999998
0.840000 0.999998
0.844000 0.999998
0.848000 0.999999
0.852000 0.999999
0.856000 0.999999
0.860000 0.999999
0.864000 0.999999
0.868000 0.999999
0.872000 0.999999
0.876000 0.999999
0.880000 0.999999
0.884000 0.999999
0.888000 0.999999
0.892000 0.999999
0.896000 0.999999
0.900000 0.999999
0.904000 0.999999
0.908000 0.999999
0.912000 1.000000
0.916000 1.000000
0.920000 1.000000
0.924000 1.000000
0.928000 1.000000
0.932000 1.000000
0.936000 1.000000
0.940000 1.000000
0.944000 1.000000
0.948000 1.000000
0.952000 1.000000
0.956000 1.000000
0.960000 1.000000
0.964000 1.000000
0.968000 1.000000
0.972000 1.000000
0.976000 1.000000
0.980000 1.000000
0.984000 1.000000
0.988000 1.000000
0.992000 1.000000
0.996000 1.000000
1.000000 1.000000
