-1.000000 0.991037
-0.996000 0.991037
-0.992000 0.991037
-0.988000 0.991037
-0.984000 0.991037
-0.980000 0.991037
-0.976000 0.991037
-0.972000 0.991037
-0.968000 0.991037
-0.964000 0.991037
-0.960000 0.991037
-0.956000 0.991037
-0.952000 0.991037
-0.948000 0.991037
-0.944000 0.991037
-0.940000 0.991037
-0.936000 0.991037
-0.932000 0.991037
-0.928000 0.991037
-0.924000 0.991037
-0.920000 0.991037
-0.916000 0.991037
-0.912000 0.991037
-0.908000 0.991037
-0.904000 0.991037
-0.900000 0.991037
-0.896000 0.991037
-0.892000 0.991037
-0.888000 0.991037
-0.884000 0.991037
-0.880000 0.991037
-0.876000 0.991037
-0.872000 0.991037
-0.868000 0.991037
-0.864000 0.991037
-0.860000 0.991037
-0.856000 0.991037
-0.852000 0.991037
-0.848000 0.991037
-0.844000 0.991037
-0.840000 0.991037
-0.836000 0.991037
-0.832000 0.991037
-0.828000 0.991037
-0.824000 0.991037
-0.820000 0.991037
-0.816000 0.991037
-0.812000 0.991037
-0.808000 0.991037
-0.804000 0.991037
-0.800000 0.991037
-0.796000 0.991037
-0.792000 0.991037
-0.788000 0.991037
-0.784000 0.991037
-0.780000 0.991037
-0.776000 0.991037
-0.772000 0.991037
-0.768000 0.991037
-0.764000 0.991037
-0.760000 0.991037
-0.756000 0.991037
-0.752000 0.991037
-0.748000 0.991037
-0.744000 0.991037
-0.740000 0.991037
-0.736000 0.991037
-0.732000 0.991037
-0.728000 0.991037
-0.724000 0.991037
-0.720000 0.991037
-0.716000 0.991037
-0.712000 0.991037
-0.708000 0.991037
-0.704000 0.991037
-0.700000 0.991037
-0.696000 0.991037
-0.692000 0.991037
-0.688000 0.991037
-0.684000 0.991037
-0.680000 0.991037
-0.676000 0.991037
-0.672000 0.991037
-0.668000 0.991037
-0.664000 0.991037
-0.660000 0.991037
-0.656000 0.991037
-0.652000 0.991037
-0.648000 0.991037
-0.644000 0.991037
-0.640000 0.991037
-0.636000 0.991037
-0.632000 0.991037
-0.628000 0.991037
-0.624000 0.991037
-0.620000 0.991037
-0.616000 0.991037
-0.612000 0.991037
-0.608000 0.991037
-0.604000 0.991037
-0.600000 0.991037
-0.596000 0.991037
-0.592000 0.991037
-0.588000 0.991037
-0.584000 0.991037
-0.580000 0.991037
-0.576000 0.991037
-0.572000 0.991037
-0.568000 0.991037
-0.564000 0.991037
-0.560000 0.991037
-0.556000 0.991037
-0.552000 0.991037
-0.548000 0.991037
-0.544000 0.991037
-0.540000 0.991037
-0.536000 0.991037
-0.532000 0.991037
-0.528000 0.991037
-0.524000 0.991037
-0.520000 0.991037
-0.516000 0.991037
-0.512000 0.991037
-0.508000 0.991037
-0.504000 0.991037
-0.500000 0.991037
-0.496000 0.991037
-0.492000 0.991037
-0.488000 0.991037
-0.484000 0.991037
-0.480000 0.991037
-0.476000 0.991037
-0.472000 0.991037
-0.468000 0.991037
-0.464000 0.991037
-0.460000 0.991037
-0.456000 0.991037
-0.452000 0.991037
-0.448000 0.991037
-0.444000 0.991037
-0.440000 0.991037
-0.436000 0.991037
-0.432000 0.991037
-0.428000 0.991037
-0.424000 0.991037
-0.420000 0.991037
-0.416000 0.991037
-0.412000 0.991037
-0.408000 0.991037
-0.404000 0.991037
-0.400000 0.991037
-0.396000 0.991037
-0.392000 0.991037
-0.388000 0.991037
-0.384000 0.991037
-0.380000 0.991037
-0.376000 0.991037
-0.372000 0.991037
-0.368000 0.991037
-0.364000 0.991037
-0.360000 0.991037
-0.356000 0.991037
-0.352000 0.991037
-0.348000 0.991037
-0.344000 0.991037
-0.340000 0.991037
-0.336000 0.991037
-0.332000 0.991037
-0.328000 0.991037
-0.324000 0.991037
-0.320000 0.991037
-0.316000 0.991037
-0.312000 0.991037
-0.308000 0.991037
-0.304000 0.991037
-0.300000 0.991037
-0.296000 0.991037
-0.292000 0.991037
-0.288000 0.991037
-0.284000 0.991037
-0.280000 0.991037
-0.276000 0.991037
-0.272000 0.991037
-0.268000 0.991037
-0.264000 0.991037
-0.260000 0.991037
-0.256000 0.991037
-0.252000 0.991037
-0.248000 0.991037
-0.244000 0.991037
-0.240000 0.991037
-0.236000 0.991037
-0.232000 0.991037
-0.228000 0.991037
-0.224000 0.991037
-0.220000 0.991037
-0.216000 0.991037
-0.212000 0.991037
-0.208000 0.991037
-0.204000 0.991037
-0.200000 0.991037
-0.196000 0.991037
-0.192000 0.991037
-0.188000 0.991037
-0.184000 0.991037
-0.180000 0.991037
-0.176000 0.991037
-0.172000 0.991037
-0.168000 0.991037
-0.164000 0.991037
-0.160000 0.991037
-0.156000 0.991037
-0.152000 0.991037
-0.148000 0.991037
-0.144000 0.991037
-0.140000 0.991037
-0.136000 0.991037
-0.132000 0.991037
-0.128000 0.991037
-0.124000 0.991037
-0.120000 0.991037
-0.116000 0.991037
-0.112000 0.991038
-0.108000 0.991038
-0.104000 0.991038
-0.100000 0.991038
-0.096000 0.991038
-0.092000 0.991038
-0.088000 0.991038
-0.084000 0.991038
-0.080000 0.991038
-0.076000 0.991038
-0.072000 0.991038
-0.068000 0.991038
-0.064000 0.991038
-0.060000 0.991038
-0.056000 0.991038
-0.052000 0.991038
-0.048000 0.991039
-0.044000 0.991039
-0.040000 0.991039
-0.036000 0.991039
-0.032000 0.991039
-0.028000 0.991039
-0.024000 0.991039
-0.020000 0.991040
-0.016000 0.991040
-0.012000 0.991040
-0.008000 0.991040
-0.004000 0.991040
0.000000 0.991041
0.004000 0.991041
0.008000 0.991041
0.012000 0.991041
0.016000 0.991042
0.020000 0.991042
0.024000 0.991042
0.028000 0.991042
0.032000 0.991043
0.036000 0.991043
0.040000 0.991044
0.044000 0.991044
0.048000 0.991044
0.052000 0.991045
0.056000 0.991045
0.060000 0.991046
0.064000 0.991046
0.068000 0.991047
0.072000 0.991047
0.076000 0.991048
0.080000 0.991049
0.084000 0.991049
0.088000 0.991050
0.092000 0.991051
0.096000 0.991052
0.100000 0.991052
0.104000 0.991053
0.108000 0.991054
0.112000 0.991055
0.116000 0.991056
0.120000 0.991057
0.124000 0.991058
0.128000 0.991060
0.132000 0.991061
0.136000 0.991062
0.140000 0.991063
0.144000 0.991065
0.148000 0.991066
0.152000 0.991068
0.156000 0.991069
0.160000 0.991071
0.164000 0.991073
0.168000 0.991074
0.172000 0.991076
0.176000 0.991078
0.180000 0.991080
0.184000 0.991082
0.188000 0.991084
0.192000 0.991087
0.196000 0.991089
0.200000 0.991092
0.204000 0.991094
0.208000 0.991097
0.212000 0.991100
0.216000 0.991102
0.220000 0.991105
0.224000 0.991109
0.228000 0.991112
0.232000 0.991115
0.236000 0.991119
0.240000 0.991122
0.244000 0.991126
0.248000 0.991130
0.252000 0.991134
0.256000 0.991138
0.260000 0.991142
0.264000 0.991147
0.268000 0.991151
0.272000 0.991156
0.276000 0.991161
0.280000 0.991166
0.284000 0.991171
0.288000 0.991176
0.292000 0.991182
0.296000 0.991188
0.300000 0.991193
0.304000 0.991200
0.308000 0.991206
0.312000 0.991212
0.316000 0.991219
0.320000 0.991226
0.324000 0.991233
0.328000 0.991240
0.332000 0.991248
0.336000 0.991255
0.340000 0.991263
0.344000 0.991271
0.348000 0.991279
0.352000 0.991288
0.356000 0.991297
0.360000 0.991306
0.364000 0.991315
0.368000 0.991324
0.372000 0.991334
0.376000 0.991344
0.380000 0.991354
0.384000 0.991365
0.388000 0.991375
0.392000 0.991386
0.396000 0.991397
0.400000 0.991409
0.404000 0.991420
0.408000 0.991432
0.412000 0.991444
0.416000 0.991457
0.420000 0.991470
0.424000 0.991483
0.428000 0.991496
0.432000 0.991509
0.436000 0.991523
0.440000 0.991537
0.444000 0.991551
0.448000 0.991566
0.452000 0.991581
0.456000 0.991596
0.460000 0.991611
0.464000 0.991627
0.468000 0.991643
0.472000 0.991659
0.476000 0.991675
0.480000 0.991692
0.484000 0.991709
0.488000 0.991726
0.492000 0.991744
0.496000 0.991761
0.500000 0.991779
0.504000 0.991798
0.508000 0.991816
0.512000 0.991835
0.516000 0.991854
0.520000 0.991873
0.524000 0.991893
0.528000 0.991913
0.532000 0.991933
0.536000 0.991953
0.540000 0.991973
0.544000 0.991994
0.548000 0.992015
0.552000 0.992036
0.556000 0.992058
0.560000 0.992079
0.564000 0.992101
0.568000 0.992123
0.572000 0.992145
0.576000 0.992168
0.580000 0.992190
0.584000 0.992213
0.588000 0.992236
0.592000 0.992259
0.596000 0.992283
0.600000 0.992306
0.604000 0.992330
0.608000 0.992354
0.612000 0.992378
0.616000 0.992402
0.620000 0.992426
0.624000 0.992450
0.628000 0.992475
0.632000 0.992499
0.636000 0.992524
0.640000 0.992549
0.644000 0.992574
0.648000 0.992599
0.652000 0.992624
0.656000 0.992649
0.660000 0.992674
0.664000 0.992700
0.668000 0.992725
0.672000 0.992750
0.676000 0.992776
0.680000 0.992801
0.684000 0.992827
0.688000 0.992852
0.692000 0.992878
0.696000 0.992904
0.700000 0.992929
0.704000 0.992955
0.708000 0.992980
0.712000 0.993006
0.716000 0.993031
0.720000 0.993057
0.724000 0.993082
0.728000 0.993108
0.732000 0.993133
0.736000 0.993158
0.740000 0.993183
0.744000 0.993208
0.748000 0.993233
0.752000 0.993258
0.756000 0.993283
0.760000 0.993308
0.764000 0.993333
0.768000 0.993357
0.772000 0.993382
0.776000 0.993406
0.780000 0.993430
0.784000 0.993454
0.788000 0.993478
0.792000 0.993502
0.796000 0.993525
0.800000 0.993549
0.804000 0.993572
0.808000 0.993595
0.812000 0.993618
0.816000 0.993641
0.820000 0.993663
0.824000 0.993685
0.828000 0.993708
0.832000 0.993730
0.836000 0.993751
0.840000 0.993773
0.844000 0.993794
0.848000 0.993815
0.852000 0.993836
0.856000 0.993857
0.860000 0.993878
0.864000 0.993898
0.868000 0.993918
0.872000 0.993938
0.876000 0.993957
0.880000 0.993977
0.884000 0.993996
0.888000 0.994015
0.892000 0.994033
0.896000 0.994052
0.900000 0.994070
0.904000 0.994088
0.908000 0.994106
0.912000 0.994123
0.916000 0.994140
0.920000 0.994157
0.924000 0.994174
0.928000 0.994191
0.932000 0.994207
0.936000 0.994223
0.940000 0.994239
0.944000 0.994254
0.948000 0.994270
0.952000 0.994285
0.956000 0.994300
0.960000 0.994315
0.964000 0.994330
0.968000 0.994345
0.972000 0.994360
0.976000 0.994376
0.980000 0.994392
0.984000 0.994409
0.988000 0.994428
0.992000 0.994450
0.996000 0.994475
1.000000 0.994504
