-1.000000 0.992919
-0.996000 0.992919
-0.992000 0.992919
-0.988000 0.992919
-0.984000 0.992919
-0.980000 0.992919
-0.976000 0.992919
-0.972000 0.992919
-0.968000 0.992919
-0.964000 0.992919
-0.960000 0.992919
-0.956000 0.992919
-0.952000 0.992919
-0.948000 0.992919
-0.944000 0.992919
-0.940000 0.992919
-0.936000 0.992919
-0.932000 0.992919
-0.928000 0.992919
-0.924000 0.992919
-0.920000 0.992919
-0.916000 0.992919
-0.912000 0.992919
-0.908000 0.992919
-0.904000 0.992919
-0.900000 0.992919
-0.896000 0.992919
-0.892000 0.992919
-0.888000 0.992919
-0.884000 0.992919
-0.880000 0.992919
-0.876000 0.992919
-0.872000 0.992919
-0.868000 0.992919
-0.864000 0.992919
-0.860000 0.992919
-0.856000 0.992919
-0.852000 0.992919
-0.848000 0.992919
-0.844000 0.992919
-0.840000 0.992919
-0.836000 0.992919
-0.832000 0.992919
-0.828000 0.992919
-0.824000 0.992919
-0.820000 0.992919
-0.816000 0.992919
-0.812000 0.992919
-0.808000 0.992919
-0.804000 0.992919
-0.800000 0.992919
-0.796000 0.992919
-0.792000 0.992919
-0.788000 0.992919
-0.784000 0.992919
-0.780000 0.992919
-0.776000 0.992919
-0.772000 0.992919
-0.768000 0.992919
-0.764000 0.992919
-0.760000 0.992919
-0.756000 0.992919
-0.752000 0.992919
-0.748000 0.992919
-0.744000 0.992919
-0.740000 0.992919
-0.736000 0.992919
-0.732000 0.992919
-0.728000 0.992919
-0.724000 0.992919
-0.720000 0.992919
-0.716000 0.992919
-0.712000 0.992919
-0.708000 0.992919
-0.704000 0.992919
-0.700000 0.992919
-0.696000 0.992919
-0.692000 0.992919
-0.688000 0.992919
-0.684000 0.992919
-0.680000 0.992919
-0.676000 0.992919
-0.672000 0.992919
-0.668000 0.992919
-0.664000 0.992919
-0.660000 0.992919
-0.656000 0.992919
-0.652000 0.992919
-0.648000 0.992919
-0.644000 0.992919
-0.640000 0.992919
-0.636000 0.992919
-0.632000 0.992919
-0.628000 0.992919
-0.624000 0.992919
-0.620000 0.992919
-0.616000 0.992919
-0.612000 0.992919
-0.608000 0.992919
-0.604000 0.992919
-0.600000 0.992919
-0.596000 0.992919
-0.592000 0.992919
-0.588000 0.992919
-0.584000 0.992919
-0.580000 0.992919
-0.576000 0.992919
-0.572000 0.992919
-0.568000 0.992919
-0.564000 0.992919
-0.560000 0.992919
-0.556000 0.992919
-0.552000 0.992919
-0.548000 0.992919
-0.544000 0.992919
-0.540000 0.992919
-0.536000 0.992919
-0.532000 0.992919
-0.528000 0.992919
-0.524000 0.992920
-0.520000 0.992920
-0.516000 0.992920
-0.512000 0.992920
-0.508000 0.992920
-0.504000 0.992920
-0.500000 0.992920
-0.496000 0.992920
-0.492000 0.992920
-0.488000 0.992920
-0.484000 0.992920
-0.480000 0.992920
-0.476000 0.992921
-0.472000 0.992921
-0.468000 0.992921
-0.464000 0.992921
-0.460000 0.992921
-0.456000 0.992922
-0.452000 0.992922
-0.448000 0.992922
-0.444000 0.992922
-0.440000 0.992923
-0.436000 0.992923
-0.432000 0.992923
-0.428000 0.992924
-0.424000 0.992924
-0.420000 0.992924
-0.416000 0.992925
-0.412000 0.992925
-0.408000 0.992926
-0.404000 0.992926
-0.400000 0.992927
-0.396000 0.992928
-0.392000 0.992928
-0.388000 0.992929
-0.384000 0.992930
-0.380000 0.992931
-0.376000 0.992932
-0.372000 0.992932
-0.368000 0.992934
-0.364000 0.992935
-0.360000 0.992936
-0.356000 0.992937
-0.352000 0.992938
-0.348000 0.992940
-0.344000 0.992941
-0.340000 0.992943
-0.336000 0.992945
-0.332000 0.992946
-0.328000 0.992948
-0.324000 0.992950
-0.320000 0.992953
-0.316000 0.992955
-0.312000 0.992957
-0.308000 0.992960
-0.304000 0.992963
-0.300000 0.992966
-0.296000 0.992969
-0.292000 0.992972
-0.288000 0.992975
-0.284000 0.992979
-0.280000 0.992983
-0.276000 0.992987
-0.272000 0.992991
-0.268000 0.992995
-0.264000 0.993000
-0.260000 0.993005
-0.256000 0.993010
-0.252000 0.993015
-0.248000 0.993021
-0.244000 0.993027
-0.240000 0.993033
-0.236000 0.993040
-0.232000 0.993047
-0.228000 0.993054
-0.224000 0.993061
-0.220000 0.993069
-0.216000 0.993078
-0.212000 0.993086
-0.208000 0.993095
-0.204000 0.993104
-0.200000 0.993114
-0.196000 0.993124
-0.192000 0.993135
-0.188000 0.993146
-0.184000 0.993157
-0.180000 0.993169
-0.176000 0.993182
-0.172000 0.993195
-0.168000 0.993208
-0.164000 0.993222
-0.160000 0.993236
-0.156000 0.993251
-0.152000 0.993267
-0.148000 0.993283
-0.144000 0.993299
-0.140000 0.993316
-0.136000 0.993334
-0.132000 0.993352
-0.128000 0.993371
-0.124000 0.993391
-0.120000 0.993411
-0.116000 0.993432
-0.112000 0.993453
-0.108000 0.993476
-0.104000 0.993498
-0.100000 0.993522
-0.096000 0.993546
-0.092000 0.993571
-0.088000 0.993596
-0.084000 0.993622
-0.080000 0.993649
-0.076000 0.993677
-0.072000 0.993705
-0.068000 0.993734
-0.064000 0.993764
-0.060000 0.993795
-0.056000 0.993826
-0.052000 0.993858
-0.048000 0.993890
-0.044000 0.993924
-0.040000 0.993958
-0.036000 0.993993
-0.032000 0.994028
-0.028000 0.994065
-0.024000 0.994102
-0.020000 0.994140
-0.016000 0.994178
-0.012000 0.994217
-0.008000 0.994257
-0.004000 0.994298
0.000000 0.994339
0.004000 0.994381
0.008000 0.994424
0.012000 0.994467
0.016000 0.994511
0.020000 0.994556
0.024000 0.994601
0.028000 0.994647
0.032000 0.994694
0.036000 0.994741
0.040000 0.994789
0.044000 0.994837
0.048000 0.994886
0.052000 0.994936
0.056000 0.994986
0.060000 0.995036
0.064000 0.995087
0.068000 0.995139
0.072000 0.995191
0.076000 0.995243
0.080000 0.995296
0.084000 0.995349
0.088000 0.995403
0.092000 0.995457
0.096000 0.995511
0.100000 0.995566
0.104000 0.995621
0.108000 0.995676
0.112000 0.995732
0.116000 0.995788
0.120000 0.995844
0.124000 0.995900
0.128000 0.995956
0.132000 0.996013
0.136000 0.996069
0.140000 0.996126
0.144000 0.996183
0.148000 0.996240
0.152000 0.996297
0.156000 0.996354
0.160000 0.996411
0.164000 0.996468
0.168000 0.996524
0.172000 0.996581
0.176000 0.996638
0.180000 0.996694
0.184000 0.996751
0.188000 0.996807
0.192000 0.996863
0.196000 0.996919
0.200000 0.996974
0.204000 0.997029
0.208000 0.997084
0.212000 0.997139
0.216000 0.997194
0.220000 0.997248
0.224000 0.997301
0.228000 0.997355
0.232000 0.997408
0.236000 0.997460
0.240000 0.997512
0.244000 0.997564
0.248000 0.997615
0.252000 0.997666
0.256000 0.997716
0.260000 0.997766
0.264000 0.997815
0.268000 0.997864
0.272000 0.997912
0.276000 0.997960
0.280000 0.998007
0.284000 0.998053
0.288000 0.998099
0.292000 0.998145
0.296000 0.998189
0.300000 0.998234
0.304000 0.998277
0.308000 0.998320
0.312000 0.998362
0.316000 0.998404
0.320000 0.998445
0.324000 0.998485
0.328000 0.998525
0.332000 0.998564
0.336000 0.998602
0.340000 0.998640
0.344000 0.998677
0.348000 0.998713
0.352000 0.998749
0.356000 0.998784
0.360000 0.998819
0.364000 0.998852
0.368000 0.998885
0.372000 0.998918
0.376000 0.998949
0.380000 0.998981
0.384000 0.999011
0.388000 0.999041
0.392000 0.999070
0.396000 0.999098
0.400000 0.999126
0.404000 0.999154
0.408000 0.999180
0.412000 0.999206
0.416000 0.999232
0.420000 0.999256
0.424000 0.999280
0.428000 0.999304
0.432000 0.999327
0.436000 0.999349
0.440000 0.999371
0.444000 0.999392
0.448000 0.999413
0.452000 0.999433
0.456000 0.999453
0.460000 0.999472
0.464000 0.999490
0.468000 0.999508
0.472000 0.999526
0.476000 0.999543
0.480000 0.999559
0.484000 0.999575
0.488000 0.999591
0.492000 0.999606
0.496000 0.999621
0.500000 0.999635
0.504000 0.999649
0.508000 0.999662
0.512000 0.999675
0.516000 0.999687
0.520000 0.999700
0.524000 0.999711
0.528000 0.999723
0.532000 0.999733
0.536000 0.999744
0.540000 0.999754
0.544000 0.999764
0.548000 0.999774
0.552000 0.999783
0.556000 0.999792
0.560000 0.999800
0.564000 0.999809
0.568000 0.999817
0.572000 0.999824
0.576000 0.999832
0.580000 0.999839
0.584000 0.999846
0.588000 0.999852
0.592000 0.999859
0.596000 0.999865
0.600000 0.999871
0.604000 0.999877
0.608000 0.999882
0.612000 0.999887
0.616000 0.999892
0.620000 0.999897
0.624000 0.999902
0.628000 0.999906
0.632000 0.999911
0.636000 0.999915
0.640000 0.999919
0.644000 0.999922
0.648000 0.999926
0.652000 0.999930
0.656000 0.999933
0.660000 0.999936
0.664000 0.999939
0.668000 0.999942
0.672000 0.999945
0.676000 0.999947
0.680000 0.999950
0.684000 0.999952
0.688000 0.999955
0.692000 0.999957
0.696000 0.999959
0.700000 0.999961
0.704000 0.999963
0.708000 0.999965
0.712000 0.999967
0.716000 0.999968
0.720000 0.999970
0.724000 0.999972
0.728000 0.999973
0.732000 0.999974
0.736000 0.999976
0.740000 0.999977
0.744000 0.999978
0.748000 0.999979
0.752000 0.999980
0.756000 0.999982
0.760000 0.999982
0.764000 0.999983
0.768000 0.999984
0.772000 0.999985
0.776000 0.999986
0.780000 0.999987
0.784000 0.999987
0.788000 0.999988
0.792000 0.999989
0.796000 0.999989
0.800000 0.999990
0.804000 0.999991
0.808000 0.999991
0.812000 0.999992
0.816000 0.999992
0.820000 0.999993
0.824000 0.999993
0.828000 0.999993
0.832000 0.999994
0.836000 0.999994
0.840000 0.999994
0.844000 0.999995
0.848000 0.999995
0.852000 0.999995
0.856000 0.999996
0.860000 0.999996
0.864000 0.999996
0.868000 0.999996
0.872000 0.999997
0.876000 0.999997
0.880000 0.999997
0.884000 0.999997
0.888000 0.999997
0.892000 0.999997
0.896000 0.999998
0.900000 0.999998
0.904000 0.999998
0.908000 0.999998
0.912000 0.999998
0.916000 0.999998
0.920000 0.999998
0.924000 0.999998
0.928000 0.999999
0.932000 0.999999
0.936000 0.999999
0.940000 0.999999
0.944000 0.999999
0.948000 0.999999
0.952000 0.999999
0.956000 0.999999
0.960000 0.999999
0.964000 0.999999
0.968000 0.999999
0.972000 0.999999
0.976000 0.999999
0.980000 0.999999
0.984000 0.999999
0.988000 1.000000
0.992000 1.000000
0.996000 1.000000
1.000000 1.000000
