-1.000000 0.992919
-0.996000 0.992919
-0.992000 0.992919
-0.988000 0.992919
-0.984000 0.992919
-0.980000 0.992919
-0.976000 0.992919
-0.972000 0.992919
-0.968000 0.992919
-0.964000 0.992919
-0.960000 0.992919
-0.956000 0.992919
-0.952000 0.992919
-0.948000 0.992919
-0.944000 0.992919
-0.940000 0.992919
-0.936000 0.992919
-0.932000 0.992919
-0.928000 0.992919
-0.924000 0.992919
-0.920000 0.992919
-0.916000 0.992919
-0.912000 0.992919
-0.908000 0.992919
-0.904000 0.992919
-0.900000 0.992919
-0.896000 0.992919
-0.892000 0.992919
-0.888000 0.992919
-0.884000 0.992919
-0.880000 0.992919
-0.876000 0.992919
-0.872000 0.992919
-0.868000 0.992919
-0.864000 0.992919
-0.860000 0.992919
-0.856000 0.992919
-0.852000 0.992919
-0.848000 0.992919
-0.844000 0.992919
-0.840000 0.992919
-0.836000 0.992919
-0.832000 0.992919
-0.828000 0.992919
-0.824000 0.992919
-0.820000 0.992919
-0.816000 0.992919
-0.812000 0.992919
-0.808000 0.992919
-0.804000 0.992919
-0.800000 0.992919
-0.796000 0.992919
-0.792000 0.992919
-0.788000 0.992919
-0.784000 0.992919
-0.780000 0.992919
-0.776000 0.992919
-0.772000 0.992919
-0.768000 0.992919
-0.764000 0.992919
-0.760000 0.992919
-0.756000 0.992919
-0.752000 0.992919
-0.748000 0.992919
-0.744000 0.992919
-0.740000 0.992919
-0.736000 0.992919
-0.732000 0.992919
-0.728000 0.992919
-0.724000 0.992919
-0.720000 0.992919
-0.716000 0.992919
-0.712000 0.992919
-0.708000 0.992919
-0.704000 0.992919
-0.700000 0.992919
-0.696000 0.992919
-0.692000 0.992919
-0.688000 0.992919
-0.684000 0.992919
-0.680000 0.992919
-0.676000 0.992919
-0.672000 0.992919
-0.668000 0.992919
-0.664000 0.992919
-0.660000 0.992919
-0.656000 0.992919
-0.652000 0.992919
-0.648000 0.992919
-0.644000 0.992919
-0.640000 0.992919
-0.636000 0.992919
-0.632000 0.992919
-0.628000 0.992919
-0.624000 0.992919
-0.620000 0.992919
-0.616000 0.992919
-0.612000 0.992919
-0.608000 0.992919
-0.604000 0.992919
-0.600000 0.992919
-0.596000 0.992919
-0.592000 0.992919
-0.588000 0.992919
-0.584000 0.992919
-0.580000 0.992919
-0.576000 0.992919
-0.572000 0.992919
-0.568000 0.992919
-0.564000 0.992919
-0.560000 0.992919
-0.556000 0.992919
-0.552000 0.992919
-0.548000 0.992919
-0.544000 0.992919
-0.540000 0.992919
-0.536000 0.992919
-0.532000 0.992919
-0.528000 0.992919
-0.524000 0.992919
-0.520000 0.992919
-0.516000 0.992919
-0.512000 0.992919
-0.508000 0.992919
-0.504000 0.992919
-0.500000 0.992919
-0.496000 0.992919
-0.492000 0.992919
-0.488000 0.992919
-0.484000 0.992919
-0.480000 0.992919
-0.476000 0.992919
-0.472000 0.992919
-0.468000 0.992919
-0.464000 0.992919
-0.460000 0.992919
-0.456000 0.992919
-0.452000 0.992919
-0.448000 0.992919
-0.444000 0.992919
-0.440000 0.992919
-0.436000 0.992919
-0.432000 0.992919
-0.428000 0.992919
-0.424000 0.992919
-0.420000 0.992919
-0.416000 0.992919
-0.412000 0.992919
-0.408000 0.992919
-0.404000 0.992919
-0.400000 0.992919
-0.396000 0.992919
-0.392000 0.992919
-0.388000 0.992919
-0.384000 0.992919
-0.380000 0.992919
-0.376000 0.992919
-0.372000 0.992919
-0.368000 0.992919
-0.364000 0.992919
-0.360000 0.992919
-0.356000 0.992919
-0.352000 0.992919
-0.348000 0.992919
-0.344000 0.992919
-0.340000 0.992919
-0.336000 0.992919
-0.332000 0.992919
-0.328000 0.992919
-0.324000 0.992919
-0.320000 0.992919
-0.316000 0.992919
-0.312000 0.992919
-0.308000 0.992919
-0.304000 0.992919
-0.300000 0.992919
-0.296000 0.992919
-0.292000 0.992919
-0.288000 0.992919
-0.284000 0.992919
-0.280000 0.992919
-0.276000 0.992919
-0.272000 0.992919
-0.268000 0.992919
-0.264000 0.992919
-0.260000 0.992919
-0.256000 0.992919
-0.252000 0.992919
-0.248000 0.992919
-0.244000 0.992919
-0.240000 0.992919
-0.236000 0.992919
-0.232000 0.992919
-0.228000 0.992919
-0.224000 0.992919
-0.220000 0.992919
-0.216000 0.992919
-0.212000 0.992919
-0.208000 0.992919
-0.204000 0.992919
-0.200000 0.992919
-0.196000 0.992920
-0.192000 0.992920
-0.188000 0.992920
-0.184000 0.992920
-0.180000 0.992920
-0.176000 0.992920
-0.172000 0.992920
-0.168000 0.992920
-0.164000 0.992920
-0.160000 0.992920
-0.156000 0.992920
-0.152000 0.992920
-0.148000 0.992920
-0.144000 0.992920
-0.140000 0.992921
-0.136000 0.992921
-0.132000 0.992921
-0.128000 0.992921
-0.124000 0.992921
-0.120000 0.992921
-0.116000 0.992921
-0.112000 0.992922
-0.108000 0.992922
-0.104000 0.992922
-0.100000 0.992922
-0.096000 0.992922
-0.092000 0.992923
-0.088000 0.992923
-0.084000 0.992923
-0.080000 0.992924
-0.076000 0.992924
-0.072000 0.992924
-0.068000 0.992925
-0.064000 0.992925
-0.060000 0.992925
-0.056000 0.992926
-0.052000 0.992926
-0.048000 0.992927
-0.044000 0.992927
-0.040000 0.992928
-0.036000 0.992928
-0.032000 0.992929
-0.028000 0.992930
-0.024000 0.992930
-0.020000 0.992931
-0.016000 0.992932
-0.012000 0.992932
-0.008000 0.992933
-0.004000 0.992934
0.000000 0.992935
0.004000 0.992936
0.008000 0.992937
0.012000 0.992938
0.016000 0.992939
0.020000 0.992941
0.024000 0.992942
0.028000 0.992943
0.032000 0.992945
0.036000 0.992946
0.040000 0.992948
0.044000 0.992949
0.048000 0.992951
0.052000 0.992953
0.056000 0.992955
0.060000 0.992957
0.064000 0.992959
0.068000 0.992961
0.072000 0.992964
0.076000 0.992966
0.080000 0.992968
0.084000 0.992971
0.088000 0.992974
0.092000 0.992977
0.096000 0.992980
0.100000 0.992983
0.104000 0.992986
0.108000 0.992990
0.112000 0.992993
0.116000 0.992997
0.120000 0.993001
0.124000 0.993005
0.128000 0.993009
0.132000 0.993014
0.136000 0.993018
0.140000 0.993023
0.144000 0.993028
0.148000 0.993033
0.152000 0.993039
0.156000 0.993044
0.160000 0.993050
0.164000 0.993056
0.168000 0.993063
0.172000 0.993069
0.176000 0.993076
0.180000 0.993083
0.184000 0.993090
0.188000 0.993098
0.192000 0.993105
0.196000 0.993114
0.200000 0.993122
0.204000 0.993131
0.208000 0.993140
0.212000 0.993149
0.216000 0.993158
0.220000 0.993168
0.224000 0.993178
0.228000 0.993189
0.232000 0.993200
0.236000 0.993211
0.240000 0.993223
0.244000 0.993235
0.248000 0.993247
0.252000 0.993260
0.256000 0.993273
0.260000 0.993286
0.264000 0.993300
0.268000 0.993314
0.272000 0.993329
0.276000 0.993344
0.280000 0.993359
0.284000 0.993375
0.288000 0.993391
0.292000 0.993408
0.296000 0.993425
0.300000 0.993443
0.304000 0.993461
0.308000 0.993480
0.312000 0.993499
0.316000 0.993518
0.320000 0.993538
0.324000 0.993558
0.328000 0.993579
0.332000 0.993601
0.336000 0.993623
0.340000 0.993645
0.344000 0.993668
0.348000 0.993691
0.352000 0.993715
0.356000 0.993739
0.360000 0.993764
0.364000 0.993789
0.368000 0.993815
0.372000 0.993842
0.376000 0.993869
0.380000 0.993896
0.384000 0.993924
0.388000 0.993952
0.392000 0.993981
0.396000 0.994011
0.400000 0.994041
0.404000 0.994071
0.408000 0.994102
0.412000 0.994133
0.416000 0.994165
0.420000 0.994198
0.424000 0.994231
0.428000 0.994264
0.432000 0.994298
0.436000 0.994333
0.440000 0.994368
0.444000 0.994403
0.448000 0.994439
0.452000 0.994476
0.456000 0.994512
0.460000 0.994550
0.464000 0.994587
0.468000 0.994626
0.472000 0.994664
0.476000 0.994703
0.480000 0.994743
0.484000 0.994783
0.488000 0.994823
0.492000 0.994864
0.496000 0.994905
0.500000 0.994947
0.504000 0.994989
0.508000 0.995031
0.512000 0.995073
0.516000 0.995116
0.520000 0.995160
0.524000 0.995203
0.528000 0.995247
0.532000 0.995292
0.536000 0.995336
0.540000 0.995381
0.544000 0.995426
0.548000 0.995472
0.552000 0.995517
0.556000 0.995563
0.560000 0.995609
0.564000 0.995655
0.568000 0.995702
0.572000 0.995749
0.576000 0.995795
0.580000 0.995842
0.584000 0.995889
0.588000 0.995937
0.592000 0.995984
0.596000 0.996032
0.600000 0.996079
0.604000 0.996127
0.608000 0.996174
0.612000 0.996222
0.616000 0.996270
0.620000 0.996318
0.624000 0.996366
0.628000 0.996413
0.632000 0.996461
0.636000 0.996509
0.640000 0.996557
0.644000 0.996604
0.648000 0.996652
0.652000 0.996699
0.656000 0.996747
0.660000 0.996794
0.664000 0.996841
0.668000 0.996888
0.672000 0.996935
0.676000 0.996982
0.680000 0.997028
0.684000 0.997075
0.688000 0.997121
0.692000 0.997167
0.696000 0.997212
0.700000 0.997258
0.704000 0.997303
0.708000 0.997348
0.712000 0.997393
0.716000 0.997437
0.720000 0.997481
0.724000 0.997525
0.728000 0.997569
0.732000 0.997612
0.736000 0.997655
0.740000 0.997697
0.744000 0.997739
0.748000 0.997781
0.752000 0.997823
0.756000 0.997864
0.760000 0.997905
0.764000 0.997945
0.768000 0.997985
0.772000 0.998024
0.776000 0.998063
0.780000 0.998102
0.784000 0.998140
0.788000 0.998178
0.792000 0.998216
0.796000 0.998253
0.800000 0.998289
0.804000 0.998326
0.808000 0.998361
0.812000 0.998397
0.816000 0.998431
0.820000 0.998466
0.824000 0.998500
0.828000 0.998533
0.832000 0.998566
0.836000 0.998598
0.840000 0.998630
0.844000 0.998662
0.848000 0.998693
0.852000 0.998724
0.856000 0.998754
0.860000 0.998783
0.864000 0.998813
0.868000 0.998841
0.872000 0.998870
0.876000 0.998897
0.880000 0.998925
0.884000 0.998951
0.888000 0.998978
0.892000 0.999004
0.896000 0.999029
0.900000 0.999054
0.904000 0.999079
0.908000 0.999103
0.912000 0.999126
0.916000 0.999149
0.920000 0.999172
0.924000 0.999194
0.928000 0.999216
0.932000 0.999238
0.936000 0.999259
0.940000 0.999279
0.944000 0.999300
0.948000 0.999319
0.952000 0.999339
0.956000 0.999358
0.960000 0.999377
0.964000 0.999396
0.968000 0.999415
0.972000 0.999434
0.976000 0.999453
0.980000 0.999473
0.984000 0.999494
0.988000 0.999517
0.992000 0.999543
0.996000 0.999573
1.000000 0.999609
