-1.000000 0.997928
-0.996000 0.997928
-0.992000 0.997928
-0.988000 0.997928
-0.984000 0.997928
-0.980000 0.997928
-0.976000 0.997928
-0.972000 0.997927
-0.968000 0.997927
-0.964000 0.997927
-0.960000 0.997927
-0.956000 0.997926
-0.952000 0.997926
-0.948000 0.997925
-0.944000 0.997924
-0.940000 0.997924
-0.936000 0.997923
-0.932000 0.997921
-0.928000 0.997920
-0.924000 0.997918
-0.920000 0.997917
-0.916000 0.997914
-0.912000 0.997912
-0.908000 0.997909
-0.904000 0.997906
-0.900000 0.997902
-0.896000 0.997898
-0.892000 0.997893
-0.888000 0.997888
-0.884000 0.997882
-0.880000 0.997875
-0.876000 0.997868
-0.872000 0.997859
-0.868000 0.997850
-0.864000 0.997839
-0.860000 0.997828
-0.856000 0.997815
-0.852000 0.997801
-0.848000 0.997786
-0.844000 0.997769
-0.840000 0.997750
-0.836000 0.997730
-0.832000 0.997708
-0.828000 0.997685
-0.824000 0.997659
-0.820000 0.997632
-0.816000 0.997602
-0.812000 0.997570
-0.808000 0.997536
-0.804000 0.997500
-0.800000 0.997461
-0.796000 0.997420
-0.792000 0.997376
-0.788000 0.997330
-0.784000 0.997281
-0.780000 0.997229
-0.776000 0.997175
-0.772000 0.997118
-0.768000 0.997058
-0.764000 0.996996
-0.760000 0.996930
-0.756000 0.996862
-0.752000 0.996792
-0.748000 0.996718
-0.744000 0.996643
-0.740000 0.996564
-0.736000 0.996483
-0.732000 0.996400
-0.728000 0.996314
-0.724000 0.996226
-0.720000 0.996136
-0.716000 0.996043
-0.712000 0.995949
-0.708000 0.995853
-0.704000 0.995756
-0.700000 0.995657
-0.696000 0.995556
-0.692000 0.995454
-0.688000 0.995352
-0.684000 0.995248
-0.680000 0.995143
-0.676000 0.995038
-0.672000 0.994933
-0.668000 0.994827
-0.664000 0.994721
-0.660000 0.994615
-0.656000 0.994509
-0.652000 0.994404
-0.648000 0.994299
-0.644000 0.994195
-0.640000 0.994091
-0.636000 0.993989
-0.632000 0.993887
-0.628000 0.993787
-0.624000 0.993688
-0.620000 0.993591
-0.616000 0.993495
-0.612000 0.993400
-0.608000 0.993308
-0.604000 0.993217
-0.600000 0.993128
-0.596000 0.993041
-0.592000 0.992956
-0.588000 0.992873
-0.584000 0.992792
-0.580000 0.992713
-0.576000 0.992637
-0.572000 0.992563
-0.568000 0.992491
-0.564000 0.992421
-0.560000 0.992354
-0.556000 0.992289
-0.552000 0.992226
-0.548000 0.992165
-0.544000 0.992107
-0.540000 0.992051
-0.536000 0.991997
-0.532000 0.991945
-0.528000 0.991895
-0.524000 0.991848
-0.520000 0.991802
-0.516000 0.991758
-0.512000 0.991717
-0.508000 0.991677
-0.504000 0.991639
-0.500000 0.991603
-0.496000 0.991569
-0.492000 0.991536
-0.488000 0.991505
-0.484000 0.991476
-0.480000 0.991448
-0.476000 0.991422
-0.472000 0.991397
-0.468000 0.991373
-0.464000 0.991351
-0.460000 0.991330
-0.456000 0.991311
-0.452000 0.991292
-0.448000 0.991274
-0.444000 0.991258
-0.440000 0.991242
-0.436000 0.991228
-0.432000 0.991214
-0.428000 0.991202
-0.424000 0.991190
-0.420000 0.991178
-0.416000 0.991168
-0.412000 0.991158
-0.408000 0.991149
-0.404000 0.991141
-0.400000 0.991133
-0.396000 0.991125
-0.392000 0.991119
-0.388000 0.991112
-0.384000 0.991106
-0.380000 0.991101
-0.376000 0.991096
-0.372000 0.991091
-0.368000 0.991087
-0.364000 0.991083
-0.360000 0.991079
-0.356000 0.991075
-0.352000 0.991072
-0.348000 0.991069
-0.344000 0.991067
-0.340000 0.991064
-0.336000 0.991062
-0.332000 0.991060
-0.328000 0.991058
-0.324000 0.991056
-0.320000 0.991054
-0.316000 0.991053
-0.312000 0.991051
-0.308000 0.991050
-0.304000 0.991049
-0.300000 0.991048
-0.296000 0.991047
-0.292000 0.991046
-0.288000 0.991045
-0.284000 0.991044
-0.280000 0.991044
-0.276000 0.991043
-0.272000 0.991043
-0.268000 0.991042
-0.264000 0.991042
-0.260000 0.991041
-0.256000 0.991041
-0.252000 0.991040
-0.248000 0.991040
-0.244000 0.991040
-0.240000 0.991039
-0.236000 0.991039
-0.232000 0.991039
-0.228000 0.991039
-0.224000 0.991039
-0.220000 0.991038
-0.216000 0.991038
-0.212000 0.991038
-0.208000 0.991038
-0.204000 0.991038
-0.200000 0.991038
-0.196000 0.991038
-0.192000 0.991038
-0.188000 0.991038
-0.184000 0.991038
-0.180000 0.991038
-0.176000 0.991037
-0.172000 0.991037
-0.168000 0.991037
-0.164000 0.991037
-0.160000 0.991037
-0.156000 0.991037
-0.152000 0.991037
-0.148000 0.991037
-0.144000 0.991037
-0.140000 0.991037
-0.136000 0.991037
-0.132000 0.991037
-0.128000 0.991037
-0.124000 0.991037
-0.120000 0.991037
-0.116000 0.991037
-0.112000 0.991037
-0.108000 0.991037
-0.104000 0.991037
-0.100000 0.991037
-0.096000 0.991037
-0.092000 0.991037
-0.088000 0.991037
-0.084000 0.991037
-0.080000 0.991037
-0.076000 0.991037
-0.072000 0.991037
-0.068000 0.991037
-0.064000 0.991037
-0.060000 0.991037
-0.056000 0.991037
-0.052000 0.991037
-0.048000 0.991037
-0.044000 0.991037
-0.040000 0.991037
-0.036000 0.991037
-0.032000 0.991037
-0.028000 0.991037
-0.024000 0.991037
-0.020000 0.991037
-0.016000 0.991037
-0.012000 0.991037
-0.008000 0.991037
-0.004000 0.991037
0.000000 0.991037
0.004000 0.991037
0.008000 0.991037
0.012000 0.991037
0.016000 0.991037
0.020000 0.991037
0.024000 0.991037
0.028000 0.991037
0.032000 0.991037
0.036000 0.991037
0.040000 0.991037
0.044000 0.991037
0.048000 0.991037
0.052000 0.991037
0.056000 0.991037
0.060000 0.991037
0.064000 0.991037
0.068000 0.991037
0.072000 0.991037
0.076000 0.991037
0.080000 0.991037
0.084000 0.991037
0.088000 0.991037
0.092000 0.991037
0.096000 0.991037
0.100000 0.991037
0.104000 0.991037
0.108000 0.991037
0.112000 0.991037
0.116000 0.991037
0.120000 0.991037
0.124000 0.991037
0.128000 0.991037
0.132000 0.991037
0.136000 0.991037
0.140000 0.991037
0.144000 0.991037
0.148000 0.991037
0.152000 0.991037
0.156000 0.991037
0.160000 0.991037
0.164000 0.991037
0.168000 0.991037
0.172000 0.991037
0.176000 0.991037
0.180000 0.991037
0.184000 0.991037
0.188000 0.991037
0.192000 0.991037
0.196000 0.991037
0.200000 0.991037
0.204000 0.991037
0.208000 0.991037
0.212000 0.991037
0.216000 0.991037
0.220000 0.991037
0.224000 0.991037
0.228000 0.991037
0.232000 0.991037
0.236000 0.991037
0.240000 0.991037
0.244000 0.991037
0.248000 0.991037
0.252000 0.991037
0.256000 0.991037
0.260000 0.991037
0.264000 0.991037
0.268000 0.991037
0.272000 0.991037
0.276000 0.991037
0.280000 0.991037
0.284000 0.991037
0.288000 0.991037
0.292000 0.991037
0.296000 0.991037
0.300000 0.991037
0.304000 0.991037
0.308000 0.991037
0.312000 0.991037
0.316000 0.991037
0.320000 0.991037
0.324000 0.991037
0.328000 0.991037
0.332000 0.991037
0.336000 0.991037
0.340000 0.991037
0.344000 0.991037
0.348000 0.991037
0.352000 0.991037
0.356000 0.991037
0.360000 0.991037
0.364000 0.991037
0.368000 0.991037
0.372000 0.991037
0.376000 0.991037
0.380000 0.991037
0.384000 0.991037
0.388000 0.991037
0.392000 0.991037
0.396000 0.991037
0.400000 0.991037
0.404000 0.991037
0.408000 0.991037
0.412000 0.991037
0.416000 0.991037
0.420000 0.991037
0.424000 0.991037
0.428000 0.991037
0.432000 0.991037
0.436000 0.991037
0.440000 0.991037
0.444000 0.991037
0.448000 0.991037
0.452000 0.991037
0.456000 0.991037
0.460000 0.991037
0.464000 0.991037
0.468000 0.991037
0.472000 0.991037
0.476000 0.991037
0.480000 0.991037
0.484000 0.991037
0.488000 0.991037
0.492000 0.991037
0.496000 0.991037
0.500000 0.991037
0.504000 0.991037
0.508000 0.991037
0.512000 0.991037
0.516000 0.991037
0.520000 0.991037
0.524000 0.991037
0.528000 0.991037
0.532000 0.991037
0.536000 0.991037
0.540000 0.991037
0.544000 0.991037
0.548000 0.991037
0.552000 0.991037
0.556000 0.991037
0.560000 0.991037
0.564000 0.991037
0.568000 0.991037
0.572000 0.991037
0.576000 0.991037
0.580000 0.991037
0.584000 0.991037
0.588000 0.991037
0.592000 0.991037
0.596000 0.991037
0.600000 0.991037
0.604000 0.991037
0.608000 0.991037
0.612000 0.991037
0.616000 0.991037
0.620000 0.991037
0.624000 0.991037
0.628000 0.991037
0.632000 0.991037
0.636000 0.991037
0.640000 0.991037
0.644000 0.991037
0.648000 0.991037
0.652000 0.991037
0.656000 0.991037
0.660000 0.991037
0.664000 0.991037
0.668000 0.991037
0.672000 0.991037
0.676000 0.991037
0.680000 0.991037
0.684000 0.991037
0.688000 0.991037
0.692000 0.991037
0.696000 0.991037
0.700000 0.991037
0.704000 0.991037
0.708000 0.991037
0.712000 0.991037
0.716000 0.991037
0.720000 0.991037
0.724000 0.991037
0.728000 0.991037
0.732000 0.991037
0.736000 0.991037
0.740000 0.991037
0.744000 0.991037
0.748000 0.991037
0.752000 0.991037
0.756000 0.991037
0.760000 0.991037
0.764000 0.991037
0.768000 0.991037
0.772000 0.991037
0.776000 0.991037
0.780000 0.991037
0.784000 0.991037
0.788000 0.991037
0.792000 0.991037
0.796000 0.991037
0.800000 0.991037
0.804000 0.991037
0.808000 0.991037
0.812000 0.991037
0.816000 0.991037
0.820000 0.991037
0.824000 0.991037
0.828000 0.991037
0.832000 0.991037
0.836000 0.991037
0.840000 0.991037
0.844000 0.991037
0.848000 0.991037
0.852000 0.991037
0.856000 0.991037
0.860000 0.991037
0.864000 0.991037
0.868000 0.991037
0.872000 0.991037
0.876000 0.991037
0.880000 0.991037
0.884000 0.991037
0.888000 0.991037
0.892000 0.991037
0.896000 0.991037
0.900000 0.991037
0.904000 0.991037
0.908000 0.991037
0.912000 0.991037
0.916000 0.991037
0.920000 0.991037
0.924000 0.991037
0.928000 0.991037
0.932000 0.991037
0.936000 0.991037
0.940000 0.991037
0.944000 0.991037
0.948000 0.991037
0.952000 0.991037
0.956000 0.991037
0.960000 0.991037
0.964000 0.991037
0.968000 0.991037
0.972000 0.991037
0.976000 0.991037
0.980000 0.991037
0.984000 0.991037
0.988000 0.991037
0.992000 0.991037
0.996000 0.991037
1.000000 0.991037
