-1.000000 0.992919
-0.996000 0.992919
-0.992000 0.992919
-0.988000 0.992919
-0.984000 0.992919
-0.980000 0.992919
-0.976000 0.992919
-0.972000 0.992919
-0.968000 0.992919
-0.964000 0.992919
-0.960000 0.992919
-0.956000 0.992919
-0.952000 0.992919
-0.948000 0.992919
-0.944000 0.992919
-0.940000 0.992919
-0.936000 0.992919
-0.932000 0.992919
-0.928000 0.992919
-0.924000 0.992919
-0.920000 0.992919
-0.916000 0.992919
-0.912000 0.992919
-0.908000 0.992919
-0.904000 0.992919
-0.900000 0.992919
-0.896000 0.992919
-0.892000 0.992919
-0.888000 0.992919
-0.884000 0.992919
-0.880000 0.992919
-0.876000 0.992919
-0.872000 0.992919
-0.868000 0.992919
-0.864000 0.992919
-0.860000 0.992919
-0.856000 0.992919
-0.852000 0.992919
-0.848000 0.992919
-0.844000 0.992919
-0.840000 0.992919
-0.836000 0.992919
-0.832000 0.992919
-0.828000 0.992919
-0.824000 0.992919
-0.820000 0.992919
-0.816000 0.992919
-0.812000 0.992919
-0.808000 0.992919
-0.804000 0.992919
-0.800000 0.992919
-0.796000 0.992919
-0.792000 0.992919
-0.788000 0.992919
-0.784000 0.992919
-0.780000 0.992919
-0.776000 0.992919
-0.772000 0.992919
-0.768000 0.992919
-0.764000 0.992919
-0.760000 0.992919
-0.756000 0.992919
-0.752000 0.992919
-0.748000 0.992919
-0.744000 0.992919
-0.740000 0.992919
-0.736000 0.992919
-0.732000 0.992919
-0.728000 0.992919
-0.724000 0.992919
-0.720000 0.992919
-0.716000 0.992919
-0.712000 0.992919
-0.708000 0.992919
-0.704000 0.992919
-0.700000 0.992919
-0.696000 0.992919
-0.692000 0.992919
-0.688000 0.992919
-0.684000 0.992919
-0.680000 0.992919
-0.676000 0.992919
-0.672000 0.992919
-0.668000 0.992919
-0.664000 0.992919
-0.660000 0.992919
-0.656000 0.992919
-0.652000 0.992919
-0.648000 0.992919
-0.644000 0.992919
-0.640000 0.992919
-0.636000 0.992919
-0.632000 0.992919
-0.628000 0.992919
-0.624000 0.992919
-0.620000 0.992919
-0.616000 0.992919
-0.612000 0.992919
-0.608000 0.992919
-0.604000 0.992919
-0.600000 0.992919
-0.596000 0.992920
-0.592000 0.992920
-0.588000 0.992920
-0.584000 0.992920
-0.580000 0.992920
-0.576000 0.992920
-0.572000 0.992920
-0.568000 0.992920
-0.564000 0.992920
-0.560000 0.992920
-0.556000 0.992920
-0.552000 0.992921
-0.548000 0.992921
-0.544000 0.992921
-0.540000 0.992921
-0.536000 0.992921
-0.532000 0.992922
-0.528000 0.992922
-0.524000 0.992922
-0.520000 0.992922
-0.516000 0.992923
-0.512000 0.992923
-0.508000 0.992923
-0.504000 0.992924
-0.500000 0.992924
-0.496000 0.992925
-0.492000 0.992925
-0.488000 0.992926
-0.484000 0.992926
-0.480000 0.992927
-0.476000 0.992928
-0.472000 0.992928
-0.468000 0.992929
-0.464000 0.992930
-0.460000 0.992931
-0.456000 0.992932
-0.452000 0.992933
-0.448000 0.992934
-0.444000 0.992935
-0.440000 0.992936
-0.436000 0.992938
-0.432000 0.992939
-0.428000 0.992941
-0.424000 0.992942
-0.420000 0.992944
-0.416000 0.992946
-0.412000 0.992948
-0.408000 0.992950
-0.404000 0.992953
-0.400000 0.992955
-0.396000 0.992958
-0.392000 0.992961
-0.388000 0.992963
-0.384000 0.992967
-0.380000 0.992970
-0.376000 0.992973
-0.372000 0.992977
-0.368000 0.992981
-0.364000 0.992985
-0.360000 0.992990
-0.356000 0.992994
-0.352000 0.992999
-0.348000 0.993004
-0.344000 0.993010
-0.340000 0.993015
-0.336000 0.993021
-0.332000 0.993028
-0.328000 0.993034
-0.324000 0.993041
-0.320000 0.993049
-0.316000 0.993056
-0.312000 0.993064
-0.308000 0.993073
-0.304000 0.993082
-0.300000 0.993091
-0.296000 0.993101
-0.292000 0.993111
-0.288000 0.993121
-0.284000 0.993133
-0.280000 0.993144
-0.276000 0.993156
-0.272000 0.993169
-0.268000 0.993182
-0.264000 0.993195
-0.260000 0.993210
-0.256000 0.993224
-0.252000 0.993240
-0.248000 0.993256
-0.244000 0.993272
-0.240000 0.993289
-0.236000 0.993307
-0.232000 0.993326
-0.228000 0.993345
-0.224000 0.993364
-0.220000 0.993385
-0.216000 0.993406
-0.212000 0.993428
-0.208000 0.993450
-0.204000 0.993474
-0.200000 0.993498
-0.196000 0.993522
-0.192000 0.993548
-0.188000 0.993574
-0.184000 0.993601
-0.180000 0.993629
-0.176000 0.993658
-0.172000 0.993687
-0.168000 0.993717
-0.164000 0.993748
-0.160000 0.993780
-0.156000 0.993813
-0.152000 0.993846
-0.148000 0.993880
-0.144000 0.993915
-0.140000 0.993951
-0.136000 0.993988
-0.132000 0.994025
-0.128000 0.994064
-0.124000 0.994103
-0.120000 0.994143
-0.116000 0.994183
-0.112000 0.994225
-0.108000 0.994267
-0.104000 0.994310
-0.100000 0.994354
-0.096000 0.994399
-0.092000 0.994444
-0.088000 0.994490
-0.084000 0.994537
-0.080000 0.994584
-0.076000 0.994633
-0.072000 0.994682
-0.068000 0.994731
-0.064000 0.994781
-0.060000 0.994832
-0.056000 0.994884
-0.052000 0.994936
-0.048000 0.994989
-0.044000 0.995042
-0.040000 0.995096
-0.036000 0.995150
-0.032000 0.995205
-0.028000 0.995260
-0.024000 0.995316
-0.020000 0.995373
-0.016000 0.995429
-0.012000 0.995486
-0.008000 0.995544
-0.004000 0.995602
0.000000 0.995660
0.004000 0.995718
0.008000 0.995777
0.012000 0.995836
0.016000 0.995895
0.020000 0.995954
0.024000 0.996014
0.028000 0.996073
0.032000 0.996133
0.036000 0.996193
0.040000 0.996253
0.044000 0.996313
0.048000 0.996373
0.052000 0.996433
0.056000 0.996492
0.060000 0.996552
0.064000 0.996612
0.068000 0.996671
0.072000 0.996731
0.076000 0.996790
0.080000 0.996849
0.084000 0.996908
0.088000 0.996966
0.092000 0.997024
0.096000 0.997082
0.100000 0.997140
0.104000 0.997197
0.108000 0.997254
0.112000 0.997310
0.116000 0.997366
0.120000 0.997422
0.124000 0.997477
0.128000 0.997531
0.132000 0.997586
0.136000 0.997639
0.140000 0.997692
0.144000 0.997745
0.148000 0.997797
0.152000 0.997848
0.156000 0.997899
0.160000 0.997949
0.164000 0.997999
0.168000 0.998048
0.172000 0.998096
0.176000 0.998144
0.180000 0.998191
0.184000 0.998237
0.188000 0.998283
0.192000 0.998328
0.196000 0.998372
0.200000 0.998415
0.204000 0.998458
0.208000 0.998500
0.212000 0.998542
0.216000 0.998582
0.220000 0.998622
0.224000 0.998662
0.228000 0.998700
0.232000 0.998738
0.236000 0.998775
0.240000 0.998811
0.244000 0.998847
0.248000 0.998881
0.252000 0.998915
0.256000 0.998949
0.260000 0.998981
0.264000 0.999013
0.268000 0.999045
0.272000 0.999075
0.276000 0.999105
0.280000 0.999134
0.284000 0.999162
0.288000 0.999190
0.292000 0.999217
0.296000 0.999243
0.300000 0.999269
0.304000 0.999294
0.308000 0.999318
0.312000 0.999342
0.316000 0.999365
0.320000 0.999387
0.324000 0.999409
0.328000 0.999430
0.332000 0.999451
0.336000 0.999471
0.340000 0.999490
0.344000 0.999509
0.348000 0.999528
0.352000 0.999545
0.356000 0.999563
0.360000 0.999579
0.364000 0.999595
0.368000 0.999611
0.372000 0.999626
0.376000 0.999641
0.380000 0.999655
0.384000 0.999669
0.388000 0.999682
0.392000 0.999695
0.396000 0.999707
0.400000 0.999719
0.404000 0.999731
0.408000 0.999742
0.412000 0.999753
0.416000 0.999763
0.420000 0.999773
0.424000 0.999783
0.428000 0.999792
0.432000 0.999801
0.436000 0.999810
0.440000 0.999818
0.444000 0.999826
0.448000 0.999834
0.452000 0.999841
0.456000 0.999848
0.460000 0.999855
0.464000 0.999862
0.468000 0.999868
0.472000 0.999874
0.476000 0.999880
0.480000 0.999886
0.484000 0.999891
0.488000 0.999896
0.492000 0.999901
0.496000 0.999906
0.500000 0.999910
0.504000 0.999914
0.508000 0.999919
0.512000 0.999922
0.516000 0.999926
0.520000 0.999930
0.524000 0.999933
0.528000 0.999937
0.532000 0.999940
0.536000 0.999943
0.540000 0.999946
0.544000 0.999948
0.548000 0.999951
0.552000 0.999954
0.556000 0.999956
0.560000 0.999958
0.564000 0.999960
0.568000 0.999962
0.572000 0.999964
0.576000 0.999966
0.580000 0.999968
0.584000 0.999970
0.588000 0.999971
0.592000 0.999973
0.596000 0.999974
0.600000 0.999976
0.604000 0.999977
0.608000 0.999978
0.612000 0.999980
0.616000 0.999981
0.620000 0.999982
0.624000 0.999983
0.628000 0.999984
0.632000 0.999985
0.636000 0.999986
0.640000 0.999986
0.644000 0.999987
0.648000 0.999988
0.652000 0.999989
0.656000 0.999989
0.660000 0.999990
0.664000 0.999990
0.668000 0.999991
0.672000 0.999992
0.676000 0.999992
0.680000 0.999992
0.684000 0.999993
0.688000 0.999993
0.692000 0.999994
0.696000 0.999994
0.700000 0.999994
0.704000 0.999995
0.708000 0.999995
0.712000 0.999995
0.716000 0.999996
0.720000 0.999996
0.724000 0.999996
0.728000 0.999996
0.732000 0.999997
0.736000 0.999997
0.740000 0.999997
0.744000 0.999997
0.748000 0.999997
0.752000 0.999998
0.756000 0.999998
0.760000 0.999998
0.764000 0.999998
0.768000 0.999998
0.772000 0.999998
0.776000 0.999998
0.780000 0.999998
0.784000 0.999999
0.788000 0.999999
0.792000 0.999999
0.796000 0.999999
0.800000 0.999999
0.804000 0.999999
0.808000 0.999999
0.812000 0.999999
0.816000 0.999999
0.820000 0.999999
0.824000 0.999999
0.828000 0.999999
0.832000 0.999999
0.836000 0.999999
0.840000 0.999999
0.844000 1.000000
0.848000 1.000000
0.852000 1.000000
0.856000 1.000000
0.860000 1.000000
0.864000 1.000000
0.868000 1.000000
0.872000 1.000000
0.876000 1.000000
0.880000 1.000000
0.884000 1.000000
0.888000 1.000000
0.892000 1.000000
0.896000 1.000000
0.900000 1.000000
0.904000 1.000000
0.908000 1.000000
0.912000 1.000000
0.916000 1.000000
0.920000 1.000000
0.924000 1.000000
0.928000 1.000000
0.932000 1.000000
0.936000 1.000000
0.940000 1.000000
0.944000 1.000000
0.948000 1.000000
0.952000 1.000000
0.956000 1.000000
0.960000 1.000000
0.964000 1.000000
0.968000 1.000000
0.972000 1.000000
0.976000 1.000000
0.980000 1.000000
0.984000 1.000000
0.988000 1.000000
0.992000 1.000000
0.996000 1.000000
1.000000 1.000000
