-1.000000 0.991037
-0.996000 0.991037
-0.992000 0.991037
-0.988000 0.991037
-0.984000 0.991037
-0.980000 0.991037
-0.976000 0.991037
-0.972000 0.991037
-0.968000 0.991037
-0.964000 0.991037
-0.960000 0.991037
-0.956000 0.991037
-0.952000 0.991037
-0.948000 0.991037
-0.944000 0.991037
-0.940000 0.991037
-0.936000 0.991037
-0.932000 0.991037
-0.928000 0.991037
-0.924000 0.991037
-0.920000 0.991037
-0.916000 0.991037
-0.912000 0.991037
-0.908000 0.991037
-0.904000 0.991037
-0.900000 0.991037
-0.896000 0.991037
-0.892000 0.991037
-0.888000 0.991037
-0.884000 0.991037
-0.880000 0.991037
-0.876000 0.991037
-0.872000 0.991037
-0.868000 0.991037
-0.864000 0.991037
-0.860000 0.991037
-0.856000 0.991037
-0.852000 0.991037
-0.848000 0.991037
-0.844000 0.991037
-0.840000 0.991037
-0.836000 0.991037
-0.832000 0.991037
-0.828000 0.991037
-0.824000 0.991037
-0.820000 0.991037
-0.816000 0.991037
-0.812000 0.991037
-0.808000 0.991037
-0.804000 0.991037
-0.800000 0.991037
-0.796000 0.991037
-0.792000 0.991037
-0.788000 0.991037
-0.784000 0.991037
-0.780000 0.991037
-0.776000 0.991037
-0.772000 0.991037
-0.768000 0.991037
-0.764000 0.991037
-0.760000 0.991037
-0.756000 0.991037
-0.752000 0.991037
-0.748000 0.991037
-0.744000 0.991037
-0.740000 0.991037
-0.736000 0.991037
-0.732000 0.991037
-0.728000 0.991037
-0.724000 0.991037
-0.720000 0.991037
-0.716000 0.991037
-0.712000 0.991037
-0.708000 0.991037
-0.704000 0.991037
-0.700000 0.991037
-0.696000 0.991037
-0.692000 0.991037
-0.688000 0.991037
-0.684000 0.991037
-0.680000 0.991037
-0.676000 0.991037
-0.672000 0.991037
-0.668000 0.991037
-0.664000 0.991037
-0.660000 0.991037
-0.656000 0.991037
-0.652000 0.991037
-0.648000 0.991037
-0.644000 0.991037
-0.640000 0.991037
-0.636000 0.991037
-0.632000 0.991037
-0.628000 0.991037
-0.624000 0.991037
-0.620000 0.991037
-0.616000 0.991037
-0.612000 0.991037
-0.608000 0.991037
-0.604000 0.991037
-0.600000 0.991037
-0.596000 0.991037
-0.592000 0.991037
-0.588000 0.991037
-0.584000 0.991037
-0.580000 0.991037
-0.576000 0.991037
-0.572000 0.991037
-0.568000 0.991037
-0.564000 0.991037
-0.560000 0.991037
-0.556000 0.991037
-0.552000 0.991037
-0.548000 0.991037
-0.544000 0.991037
-0.540000 0.991037
-0.536000 0.991037
-0.532000 0.991037
-0.528000 0.991037
-0.524000 0.991037
-0.520000 0.991037
-0.516000 0.991037
-0.512000 0.991037
-0.508000 0.991037
-0.504000 0.991037
-0.500000 0.991037
-0.496000 0.991037
-0.492000 0.991037
-0.488000 0.991037
-0.484000 0.991037
-0.480000 0.991037
-0.476000 0.991037
-0.472000 0.991037
-0.468000 0.991037
-0.464000 0.991037
-0.460000 0.991037
-0.456000 0.991037
-0.452000 0.991037
-0.448000 0.991037
-0.444000 0.991037
-0.440000 0.991037
-0.436000 0.991037
-0.432000 0.991037
-0.428000 0.991037
-0.424000 0.991037
-0.420000 0.991037
-0.416000 0.991037
-0.412000 0.991037
-0.408000 0.991037
-0.404000 0.991037
-0.400000 0.991037
-0.396000 0.991037
-0.392000 0.991037
-0.388000 0.991037
-0.384000 0.991037
-0.380000 0.991037
-0.376000 0.991037
-0.372000 0.991037
-0.368000 0.991037
-0.364000 0.991037
-0.360000 0.991037
-0.356000 0.991037
-0.352000 0.991037
-0.348000 0.991037
-0.344000 0.991037
-0.340000 0.991037
-0.336000 0.991037
-0.332000 0.991037
-0.328000 0.991037
-0.324000 0.991037
-0.320000 0.991037
-0.316000 0.991037
-0.312000 0.991037
-0.308000 0.991037
-0.304000 0.991037
-0.300000 0.991037
-0.296000 0.991037
-0.292000 0.991037
-0.288000 0.991037
-0.284000 0.991037
-0.280000 0.991037
-0.276000 0.991037
-0.272000 0.991037
-0.268000 0.991037
-0.264000 0.991037
-0.260000 0.991037
-0.256000 0.991037
-0.252000 0.991037
-0.248000 0.991037
-0.244000 0.991037
-0.240000 0.991037
-0.236000 0.991037
-0.232000 0.991037
-0.228000 0.991037
-0.224000 0.991037
-0.220000 0.991037
-0.216000 0.991037
-0.212000 0.991037
-0.208000 0.991037
-0.204000 0.991037
-0.200000 0.991037
-0.196000 0.991037
-0.192000 0.991037
-0.188000 0.991037
-0.184000 0.991037
-0.180000 0.991037
-0.176000 0.991037
-0.172000 0.991037
-0.168000 0.991037
-0.164000 0.991037
-0.160000 0.991037
-0.156000 0.991037
-0.152000 0.991037
-0.148000 0.991037
-0.144000 0.991037
-0.140000 0.991037
-0.136000 0.991037
-0.132000 0.991037
-0.128000 0.991037
-0.124000 0.991037
-0.120000 0.991037
-0.116000 0.991037
-0.112000 0.991037
-0.108000 0.991037
-0.104000 0.991037
-0.100000 0.991037
-0.096000 0.991037
-0.092000 0.991037
-0.088000 0.991037
-0.084000 0.991037
-0.080000 0.991037
-0.076000 0.991037
-0.072000 0.991037
-0.068000 0.991037
-0.064000 0.991037
-0.060000 0.991037
-0.056000 0.991037
-0.052000 0.991037
-0.048000 0.991037
-0.044000 0.991037
-0.040000 0.991037
-0.036000 0.991037
-0.032000 0.991037
-0.028000 0.991037
-0.024000 0.991037
-0.020000 0.991037
-0.016000 0.991037
-0.012000 0.991037
-0.008000 0.991037
-0.004000 0.991037
0.000000 0.991037
0.004000 0.991037
0.008000 0.991037
0.012000 0.991037
0.016000 0.991037
0.020000 0.991037
0.024000 0.991037
0.028000 0.991037
0.032000 0.991037
0.036000 0.991037
0.040000 0.991037
0.044000 0.991037
0.048000 0.991037
0.052000 0.991037
0.056000 0.991037
0.060000 0.991037
0.064000 0.991037
0.068000 0.991037
0.072000 0.991037
0.076000 0.991037
0.080000 0.991037
0.084000 0.991037
0.088000 0.991037
0.092000 0.991037
0.096000 0.991037
0.100000 0.991037
0.104000 0.991037
0.108000 0.991037
0.112000 0.991037
0.116000 0.991037
0.120000 0.991037
0.124000 0.991037
0.128000 0.991037
0.132000 0.991037
0.136000 0.991037
0.140000 0.991037
0.144000 0.991037
0.148000 0.991037
0.152000 0.991037
0.156000 0.991037
0.160000 0.991037
0.164000 0.991037
0.168000 0.991037
0.172000 0.991037
0.176000 0.991037
0.180000 0.991037
0.184000 0.991037
0.188000 0.991037
0.192000 0.991037
0.196000 0.991037
0.200000 0.991037
0.204000 0.991037
0.208000 0.991037
0.212000 0.991037
0.216000 0.991037
0.220000 0.991037
0.224000 0.991037
0.228000 0.991037
0.232000 0.991037
0.236000 0.991037
0.240000 0.991037
0.244000 0.991037
0.248000 0.991037
0.252000 0.991037
0.256000 0.991037
0.260000 0.991037
0.264000 0.991038
0.268000 0.991038
0.272000 0.991038
0.276000 0.991038
0.280000 0.991038
0.284000 0.991038
0.288000 0.991038
0.292000 0.991038
0.296000 0.991038
0.300000 0.991038
0.304000 0.991038
0.308000 0.991038
0.312000 0.991038
0.316000 0.991038
0.320000 0.991038
0.324000 0.991038
0.328000 0.991038
0.332000 0.991038
0.336000 0.991039
0.340000 0.991039
0.344000 0.991039
0.348000 0.991039
0.352000 0.991039
0.356000 0.991039
0.360000 0.991039
0.364000 0.991039
0.368000 0.991039
0.372000 0.991040
0.376000 0.991040
0.380000 0.991040
0.384000 0.991040
0.388000 0.991040
0.392000 0.991040
0.396000 0.991041
0.400000 0.991041
0.404000 0.991041
0.408000 0.991041
0.412000 0.991042
0.416000 0.991042
0.420000 0.991042
0.424000 0.991042
0.428000 0.991043
0.432000 0.991043
0.436000 0.991043
0.440000 0.991044
0.444000 0.991044
0.448000 0.991044
0.452000 0.991045
0.456000 0.991045
0.460000 0.991046
0.464000 0.991046
0.468000 0.991046
0.472000 0.991047
0.476000 0.991047
0.480000 0.991048
0.484000 0.991049
0.488000 0.991049
0.492000 0.991050
0.496000 0.991050
0.500000 0.991051
0.504000 0.991052
0.508000 0.991052
0.512000 0.991053
0.516000 0.991054
0.520000 0.991055
0.524000 0.991056
0.528000 0.991057
0.532000 0.991057
0.536000 0.991058
0.540000 0.991059
0.544000 0.991060
0.548000 0.991062
0.552000 0.991063
0.556000 0.991064
0.560000 0.991065
0.564000 0.991066
0.568000 0.991068
0.572000 0.991069
0.576000 0.991070
0.580000 0.991072
0.584000 0.991073
0.588000 0.991075
0.592000 0.991077
0.596000 0.991078
0.600000 0.991080
0.604000 0.991082
0.608000 0.991084
0.612000 0.991086
0.616000 0.991088
0.620000 0.991090
0.624000 0.991092
0.628000 0.991094
0.632000 0.991096
0.636000 0.991099
0.640000 0.991101
0.644000 0.991104
0.648000 0.991107
0.652000 0.991109
0.656000 0.991112
0.660000 0.991115
0.664000 0.991118
0.668000 0.991121
0.672000 0.991124
0.676000 0.991128
0.680000 0.991131
0.684000 0.991134
0.688000 0.991138
0.692000 0.991142
0.696000 0.991146
0.700000 0.991150
0.704000 0.991154
0.708000 0.991158
0.712000 0.991162
0.716000 0.991167
0.720000 0.991171
0.724000 0.991176
0.728000 0.991181
0.732000 0.991185
0.736000 0.991191
0.740000 0.991196
0.744000 0.991201
0.748000 0.991207
0.752000 0.991212
0.756000 0.991218
0.760000 0.991224
0.764000 0.991230
0.768000 0.991236
0.772000 0.991243
0.776000 0.991249
0.780000 0.991256
0.784000 0.991263
0.788000 0.991270
0.792000 0.991277
0.796000 0.991284
0.800000 0.991292
0.804000 0.991300
0.808000 0.991308
0.812000 0.991316
0.816000 0.991324
0.820000 0.991332
0.824000 0.991341
0.828000 0.991350
0.832000 0.991359
0.836000 0.991368
0.840000 0.991377
0.844000 0.991387
0.848000 0.991396
0.852000 0.991406
0.856000 0.991416
0.860000 0.991427
0.864000 0.991437
0.868000 0.991448
0.872000 0.991459
0.876000 0.991470
0.880000 0.991481
0.884000 0.991493
0.888000 0.991504
0.892000 0.991516
0.896000 0.991528
0.900000 0.991541
0.904000 0.991553
0.908000 0.991566
0.912000 0.991579
0.916000 0.991592
0.920000 0.991606
0.924000 0.991619
0.928000 0.991633
0.932000 0.991647
0.936000 0.991661
0.940000 0.991676
0.944000 0.991691
0.948000 0.991706
0.952000 0.991721
0.956000 0.991737
0.960000 0.991754
0.964000 0.991771
0.968000 0.991788
0.972000 0.991807
0.976000 0.991827
0.980000 0.991848
0.984000 0.991872
0.988000 0.991899
0.992000 0.991929
0.996000 0.991965
1.000000 0.992008
