-1.000000 0.997928
-0.996000 0.997928
-0.992000 0.997928
-0.988000 0.997928
-0.984000 0.997928
-0.980000 0.997928
-0.976000 0.997928
-0.972000 0.997928
-0.968000 0.997928
-0.964000 0.997928
-0.960000 0.997928
-0.956000 0.997928
-0.952000 0.997928
-0.948000 0.997928
-0.944000 0.997928
-0.940000 0.997928
-0.936000 0.997928
-0.932000 0.997928
-0.928000 0.997928
-0.924000 0.997928
-0.920000 0.997928
-0.916000 0.997928
-0.912000 0.997928
-0.908000 0.997928
-0.904000 0.997928
-0.900000 0.997928
-0.896000 0.997928
-0.892000 0.997928
-0.888000 0.997928
-0.884000 0.997928
-0.880000 0.997928
-0.876000 0.997928
-0.872000 0.997928
-0.868000 0.997928
-0.864000 0.997928
-0.860000 0.997928
-0.856000 0.997928
-0.852000 0.997928
-0.848000 0.997928
-0.844000 0.997928
-0.840000 0.997928
-0.836000 0.997928
-0.832000 0.997928
-0.828000 0.997928
-0.824000 0.997928
-0.820000 0.997928
-0.816000 0.997928
-0.812000 0.997928
-0.808000 0.997928
-0.804000 0.997928
-0.800000 0.997928
-0.796000 0.997928
-0.792000 0.997928
-0.788000 0.997928
-0.784000 0.997928
-0.780000 0.997928
-0.776000 0.997928
-0.772000 0.997928
-0.768000 0.997928
-0.764000 0.997928
-0.760000 0.997928
-0.756000 0.997928
-0.752000 0.997928
-0.748000 0.997928
-0.744000 0.997928
-0.740000 0.997928
-0.736000 0.997928
-0.732000 0.997928
-0.728000 0.997928
-0.724000 0.997928
-0.720000 0.997928
-0.716000 0.997928
-0.712000 0.997928
-0.708000 0.997928
-0.704000 0.997928
-0.700000 0.997928
-0.696000 0.997928
-0.692000 0.997928
-0.688000 0.997928
-0.684000 0.997928
-0.680000 0.997928
-0.676000 0.997928
-0.672000 0.997928
-0.668000 0.997928
-0.664000 0.997928
-0.660000 0.997928
-0.656000 0.997928
-0.652000 0.997928
-0.648000 0.997928
-0.644000 0.997928
-0.640000 0.997928
-0.636000 0.997928
-0.632000 0.997928
-0.628000 0.997928
-0.624000 0.997928
-0.620000 0.997928
-0.616000 0.997928
-0.612000 0.997928
-0.608000 0.997928
-0.604000 0.997928
-0.600000 0.997928
-0.596000 0.997928
-0.592000 0.997928
-0.588000 0.997928
-0.584000 0.997928
-0.580000 0.997928
-0.576000 0.997928
-0.572000 0.997928
-0.568000 0.997928
-0.564000 0.997928
-0.560000 0.997928
-0.556000 0.997928
-0.552000 0.997928
-0.548000 0.997928
-0.544000 0.997928
-0.540000 0.997928
-0.536000 0.997928
-0.532000 0.997928
-0.528000 0.997928
-0.524000 0.997928
-0.520000 0.997928
-0.516000 0.997928
-0.512000 0.997928
-0.508000 0.997928
-0.504000 0.997928
-0.500000 0.997928
-0.496000 0.997928
-0.492000 0.997928
-0.488000 0.997928
-0.484000 0.997928
-0.480000 0.997928
-0.476000 0.997928
-0.472000 0.997928
-0.468000 0.997928
-0.464000 0.997928
-0.460000 0.997928
-0.456000 0.997928
-0.452000 0.997928
-0.448000 0.997928
-0.444000 0.997928
-0.440000 0.997928
-0.436000 0.997928
-0.432000 0.997928
-0.428000 0.997928
-0.424000 0.997928
-0.420000 0.997928
-0.416000 0.997928
-0.412000 0.997928
-0.408000 0.997928
-0.404000 0.997928
-0.400000 0.997928
-0.396000 0.997928
-0.392000 0.997928
-0.388000 0.997928
-0.384000 0.997928
-0.380000 0.997928
-0.376000 0.997928
-0.372000 0.997928
-0.368000 0.997928
-0.364000 0.997928
-0.360000 0.997928
-0.356000 0.997928
-0.352000 0.997928
-0.348000 0.997928
-0.344000 0.997928
-0.340000 0.997928
-0.336000 0.997928
-0.332000 0.997928
-0.328000 0.997928
-0.324000 0.997928
-0.320000 0.997928
-0.316000 0.997928
-0.312000 0.997928
-0.308000 0.997928
-0.304000 0.997928
-0.300000 0.997928
-0.296000 0.997928
-0.292000 0.997928
-0.288000 0.997928
-0.284000 0.997928
-0.280000 0.997928
-0.276000 0.997928
-0.272000 0.997928
-0.268000 0.997928
-0.264000 0.997928
-0.260000 0.997928
-0.256000 0.997928
-0.252000 0.997928
-0.248000 0.997928
-0.244000 0.997928
-0.240000 0.997928
-0.236000 0.997928
-0.232000 0.997928
-0.228000 0.997928
-0.224000 0.997928
-0.220000 0.997928
-0.216000 0.997928
-0.212000 0.997928
-0.208000 0.997928
-0.204000 0.997928
-0.200000 0.997928
-0.196000 0.997928
-0.192000 0.997927
-0.188000 0.997927
-0.184000 0.997927
-0.180000 0.997927
-0.176000 0.997927
-0.172000 0.997927
-0.168000 0.997927
-0.164000 0.997927
-0.160000 0.997927
-0.156000 0.997927
-0.152000 0.997927
-0.148000 0.997927
-0.144000 0.997927
-0.140000 0.997927
-0.136000 0.997927
-0.132000 0.997926
-0.128000 0.997926
-0.124000 0.997926
-0.120000 0.997926
-0.116000 0.997926
-0.112000 0.997926
-0.108000 0.997926
-0.104000 0.997925
-0.100000 0.997925
-0.096000 0.997925
-0.092000 0.997925
-0.088000 0.997924
-0.084000 0.997924
-0.080000 0.997924
-0.076000 0.997924
-0.072000 0.997923
-0.068000 0.997923
-0.064000 0.997923
-0.060000 0.997922
-0.056000 0.997922
-0.052000 0.997922
-0.048000 0.997921
-0.044000 0.997921
-0.040000 0.997920
-0.036000 0.997920
-0.032000 0.997919
-0.028000 0.997919
-0.024000 0.997918
-0.020000 0.997917
-0.016000 0.997917
-0.012000 0.997916
-0.008000 0.997915
-0.004000 0.997914
0.000000 0.997913
0.004000 0.997912
0.008000 0.997912
0.012000 0.997911
0.016000 0.997909
0.020000 0.997908
0.024000 0.997907
0.028000 0.997906
0.032000 0.997905
0.036000 0.997903
0.040000 0.997902
0.044000 0.997900
0.048000 0.997899
0.052000 0.997897
0.056000 0.997895
0.060000 0.997893
0.064000 0.997891
0.068000 0.997889
0.072000 0.997887
0.076000 0.997885
0.080000 0.997883
0.084000 0.997880
0.088000 0.997878
0.092000 0.997875
0.096000 0.997872
0.100000 0.997869
0.104000 0.997866
0.108000 0.997863
0.112000 0.997859
0.116000 0.997856
0.120000 0.997852
0.124000 0.997848
0.128000 0.997844
0.132000 0.997840
0.136000 0.997836
0.140000 0.997831
0.144000 0.997827
0.148000 0.997822
0.152000 0.997817
0.156000 0.997812
0.160000 0.997806
0.164000 0.997800
0.168000 0.997794
0.172000 0.997788
0.176000 0.997782
0.180000 0.997775
0.184000 0.997768
0.188000 0.997761
0.192000 0.997754
0.196000 0.997746
0.200000 0.997738
0.204000 0.997730
0.208000 0.997721
0.212000 0.997712
0.216000 0.997703
0.220000 0.997694
0.224000 0.997684
0.228000 0.997674
0.232000 0.997664
0.236000 0.997653
0.240000 0.997642
0.244000 0.997630
0.248000 0.997618
0.252000 0.997606
0.256000 0.997594
0.260000 0.997581
0.264000 0.997568
0.268000 0.997554
0.272000 0.997540
0.276000 0.997525
0.280000 0.997510
0.284000 0.997495
0.288000 0.997479
0.292000 0.997463
0.296000 0.997446
0.300000 0.997429
0.304000 0.997412
0.308000 0.997394
0.312000 0.997375
0.316000 0.997356
0.320000 0.997337
0.324000 0.997317
0.328000 0.997297
0.332000 0.997276
0.336000 0.997254
0.340000 0.997233
0.344000 0.997210
0.348000 0.997187
0.352000 0.997164
0.356000 0.997140
0.360000 0.997116
0.364000 0.997091
0.368000 0.997066
0.372000 0.997040
0.376000 0.997013
0.380000 0.996987
0.384000 0.996959
0.388000 0.996931
0.392000 0.996903
0.396000 0.996874
0.400000 0.996844
0.404000 0.996814
0.408000 0.996784
0.412000 0.996753
0.416000 0.996721
0.420000 0.996689
0.424000 0.996656
0.428000 0.996623
0.432000 0.996590
0.436000 0.996555
0.440000 0.996521
0.444000 0.996486
0.448000 0.996450
0.452000 0.996414
0.456000 0.996377
0.460000 0.996340
0.464000 0.996303
0.468000 0.996265
0.472000 0.996227
0.476000 0.996188
0.480000 0.996149
0.484000 0.996109
0.488000 0.996069
0.492000 0.996028
0.496000 0.995987
0.500000 0.995946
0.504000 0.995904
0.508000 0.995862
0.512000 0.995820
0.516000 0.995777
0.520000 0.995734
0.524000 0.995690
0.528000 0.995646
0.532000 0.995602
0.536000 0.995558
0.540000 0.995513
0.544000 0.995468
0.548000 0.995423
0.552000 0.995377
0.556000 0.995332
0.560000 0.995286
0.564000 0.995239
0.568000 0.995193
0.572000 0.995147
0.576000 0.995100
0.580000 0.995053
0.584000 0.995006
0.588000 0.994959
0.592000 0.994912
0.596000 0.994864
0.600000 0.994817
0.604000 0.994770
0.608000 0.994722
0.612000 0.994674
0.616000 0.994627
0.620000 0.994579
0.624000 0.994532
0.628000 0.994484
0.632000 0.994436
0.636000 0.994389
0.640000 0.994342
0.644000 0.994294
0.648000 0.994247
0.652000 0.994200
0.656000 0.994153
0.660000 0.994106
0.664000 0.994059
0.668000 0.994012
0.672000 0.993966
0.676000 0.993920
0.680000 0.993873
0.684000 0.993828
0.688000 0.993782
0.692000 0.993737
0.696000 0.993691
0.700000 0.993646
0.704000 0.993602
0.708000 0.993557
0.712000 0.993513
0.716000 0.993470
0.720000 0.993426
0.724000 0.993383
0.728000 0.993340
0.732000 0.993298
0.736000 0.993255
0.740000 0.993214
0.744000 0.993172
0.748000 0.993131
0.752000 0.993091
0.756000 0.993050
0.760000 0.993011
0.764000 0.992971
0.768000 0.992932
0.772000 0.992893
0.776000 0.992855
0.780000 0.992818
0.784000 0.992780
0.788000 0.992743
0.792000 0.992707
0.796000 0.992671
0.800000 0.992635
0.804000 0.992600
0.808000 0.992566
0.812000 0.992532
0.816000 0.992498
0.820000 0.992465
0.824000 0.992432
0.828000 0.992400
0.832000 0.992368
0.836000 0.992337
0.840000 0.992306
0.844000 0.992276
0.848000 0.992246
0.852000 0.992217
0.856000 0.992188
0.860000 0.992159
0.864000 0.992131
0.868000 0.992104
0.872000 0.992077
0.876000 0.992050
0.880000 0.992024
0.884000 0.991999
0.888000 0.991974
0.892000 0.991949
0.896000 0.991925
0.900000 0.991901
0.904000 0.991878
0.908000 0.991855
0.912000 0.991833
0.916000 0.991811
0.920000 0.991790
0.924000 0.991769
0.928000 0.991748
0.932000 0.991728
0.936000 0.991709
0.940000 0.991689
0.944000 0.991670
0.948000 0.991652
0.952000 0.991634
0.956000 0.991616
0.960000 0.991598
0.964000 0.991580
0.968000 0.991563
0.972000 0.991545
0.976000 0.991527
0.980000 0.991509
0.984000 0.991489
0.988000 0.991468
0.992000 0.991445
0.996000 0.991417
1.000000 0.991384
