-1.000000 0.997928
-0.996000 0.997928
-0.992000 0.997928
-0.988000 0.997928
-0.984000 0.997928
-0.980000 0.997928
-0.976000 0.997928
-0.972000 0.997928
-0.968000 0.997928
-0.964000 0.997928
-0.960000 0.997928
-0.956000 0.997928
-0.952000 0.997928
-0.948000 0.997928
-0.944000 0.997928
-0.940000 0.997928
-0.936000 0.997928
-0.932000 0.997928
-0.928000 0.997928
-0.924000 0.997928
-0.920000 0.997928
-0.916000 0.997928
-0.912000 0.997928
-0.908000 0.997928
-0.904000 0.997928
-0.900000 0.997928
-0.896000 0.997928
-0.892000 0.997928
-0.888000 0.997928
-0.884000 0.997928
-0.880000 0.997928
-0.876000 0.997928
-0.872000 0.997928
-0.868000 0.997928
-0.864000 0.997928
-0.860000 0.997928
-0.856000 0.997928
-0.852000 0.997928
-0.848000 0.997928
-0.844000 0.997928
-0.840000 0.997928
-0.836000 0.997928
-0.832000 0.997928
-0.828000 0.997928
-0.824000 0.997928
-0.820000 0.997928
-0.816000 0.997928
-0.812000 0.997928
-0.808000 0.997928
-0.804000 0.997928
-0.800000 0.997928
-0.796000 0.997928
-0.792000 0.997928
-0.788000 0.997928
-0.784000 0.997928
-0.780000 0.997928
-0.776000 0.997928
-0.772000 0.997928
-0.768000 0.997928
-0.764000 0.997928
-0.760000 0.997928
-0.756000 0.997928
-0.752000 0.997928
-0.748000 0.997928
-0.744000 0.997928
-0.740000 0.997928
-0.736000 0.997928
-0.732000 0.997928
-0.728000 0.997928
-0.724000 0.997928
-0.720000 0.997928
-0.716000 0.997928
-0.712000 0.997928
-0.708000 0.997928
-0.704000 0.997928
-0.700000 0.997928
-0.696000 0.997928
-0.692000 0.997928
-0.688000 0.997928
-0.684000 0.997928
-0.680000 0.997928
-0.676000 0.997928
-0.672000 0.997928
-0.668000 0.997928
-0.664000 0.997928
-0.660000 0.997928
-0.656000 0.997928
-0.652000 0.997928
-0.648000 0.997928
-0.644000 0.997928
-0.640000 0.997928
-0.636000 0.997928
-0.632000 0.997928
-0.628000 0.997928
-0.624000 0.997928
-0.620000 0.997928
-0.616000 0.997928
-0.612000 0.997928
-0.608000 0.997928
-0.604000 0.997928
-0.600000 0.997928
-0.596000 0.997928
-0.592000 0.997928
-0.588000 0.997928
-0.584000 0.997928
-0.580000 0.997928
-0.576000 0.997928
-0.572000 0.997928
-0.568000 0.997928
-0.564000 0.997928
-0.560000 0.997928
-0.556000 0.997928
-0.552000 0.997928
-0.548000 0.997928
-0.544000 0.997928
-0.540000 0.997928
-0.536000 0.997928
-0.532000 0.997928
-0.528000 0.997928
-0.524000 0.997928
-0.520000 0.997928
-0.516000 0.997928
-0.512000 0.997928
-0.508000 0.997928
-0.504000 0.997928
-0.500000 0.997928
-0.496000 0.997928
-0.492000 0.997928
-0.488000 0.997928
-0.484000 0.997928
-0.480000 0.997928
-0.476000 0.997928
-0.472000 0.997928
-0.468000 0.997928
-0.464000 0.997928
-0.460000 0.997928
-0.456000 0.997928
-0.452000 0.997928
-0.448000 0.997928
-0.444000 0.997928
-0.440000 0.997928
-0.436000 0.997928
-0.432000 0.997928
-0.428000 0.997928
-0.424000 0.997928
-0.420000 0.997928
-0.416000 0.997928
-0.412000 0.997928
-0.408000 0.997928
-0.404000 0.997928
-0.400000 0.997928
-0.396000 0.997928
-0.392000 0.997928
-0.388000 0.997928
-0.384000 0.997928
-0.380000 0.997928
-0.376000 0.997928
-0.372000 0.997928
-0.368000 0.997928
-0.364000 0.997928
-0.360000 0.997928
-0.356000 0.997928
-0.352000 0.997928
-0.348000 0.997928
-0.344000 0.997928
-0.340000 0.997928
-0.336000 0.997928
-0.332000 0.997928
-0.328000 0.997928
-0.324000 0.997928
-0.320000 0.997928
-0.316000 0.997928
-0.312000 0.997928
-0.308000 0.997928
-0.304000 0.997928
-0.300000 0.997928
-0.296000 0.997928
-0.292000 0.997928
-0.288000 0.997928
-0.284000 0.997928
-0.280000 0.997928
-0.276000 0.997928
-0.272000 0.997928
-0.268000 0.997928
-0.264000 0.997928
-0.260000 0.997928
-0.256000 0.997928
-0.252000 0.997928
-0.248000 0.997928
-0.244000 0.997928
-0.240000 0.997928
-0.236000 0.997928
-0.232000 0.997928
-0.228000 0.997928
-0.224000 0.997928
-0.220000 0.997927
-0.216000 0.997927
-0.212000 0.997927
-0.208000 0.997927
-0.204000 0.997927
-0.200000 0.997927
-0.196000 0.997927
-0.192000 0.997927
-0.188000 0.997927
-0.184000 0.997927
-0.180000 0.997927
-0.176000 0.997927
-0.172000 0.997927
-0.168000 0.997927
-0.164000 0.997926
-0.160000 0.997926
-0.156000 0.997926
-0.152000 0.997926
-0.148000 0.997926
-0.144000 0.997926
-0.140000 0.997926
-0.136000 0.997925
-0.132000 0.997925
-0.128000 0.997925
-0.124000 0.997925
-0.120000 0.997925
-0.116000 0.997924
-0.112000 0.997924
-0.108000 0.997924
-0.104000 0.997923
-0.100000 0.997923
-0.096000 0.997923
-0.092000 0.997922
-0.088000 0.997922
-0.084000 0.997922
-0.080000 0.997921
-0.076000 0.997921
-0.072000 0.997920
-0.068000 0.997920
-0.064000 0.997919
-0.060000 0.997919
-0.056000 0.997918
-0.052000 0.997917
-0.048000 0.997917
-0.044000 0.997916
-0.040000 0.997915
-0.036000 0.997914
-0.032000 0.997913
-0.028000 0.997913
-0.024000 0.997912
-0.020000 0.997911
-0.016000 0.997910
-0.012000 0.997908
-0.008000 0.997907
-0.004000 0.997906
0.000000 0.997905
0.004000 0.997903
0.008000 0.997902
0.012000 0.997900
0.016000 0.997899
0.020000 0.997897
0.024000 0.997895
0.028000 0.997893
0.032000 0.997891
0.036000 0.997889
0.040000 0.997887
0.044000 0.997885
0.048000 0.997882
0.052000 0.997880
0.056000 0.997877
0.060000 0.997874
0.064000 0.997871
0.068000 0.997868
0.072000 0.997865
0.076000 0.997862
0.080000 0.997859
0.084000 0.997855
0.088000 0.997851
0.092000 0.997847
0.096000 0.997843
0.100000 0.997839
0.104000 0.997834
0.108000 0.997830
0.112000 0.997825
0.116000 0.997820
0.120000 0.997815
0.124000 0.997809
0.128000 0.997804
0.132000 0.997798
0.136000 0.997792
0.140000 0.997785
0.144000 0.997779
0.148000 0.997772
0.152000 0.997765
0.156000 0.997757
0.160000 0.997750
0.164000 0.997742
0.168000 0.997733
0.172000 0.997725
0.176000 0.997716
0.180000 0.997707
0.184000 0.997697
0.188000 0.997688
0.192000 0.997678
0.196000 0.997667
0.200000 0.997656
0.204000 0.997645
0.208000 0.997634
0.212000 0.997622
0.216000 0.997610
0.220000 0.997597
0.224000 0.997584
0.228000 0.997571
0.232000 0.997557
0.236000 0.997542
0.240000 0.997528
0.244000 0.997513
0.248000 0.997497
0.252000 0.997481
0.256000 0.997465
0.260000 0.997448
0.264000 0.997431
0.268000 0.997413
0.272000 0.997395
0.276000 0.997376
0.280000 0.997357
0.284000 0.997337
0.288000 0.997317
0.292000 0.997297
0.296000 0.997276
0.300000 0.997254
0.304000 0.997232
0.308000 0.997209
0.312000 0.997186
0.316000 0.997162
0.320000 0.997138
0.324000 0.997114
0.328000 0.997088
0.332000 0.997063
0.336000 0.997036
0.340000 0.997009
0.344000 0.996982
0.348000 0.996954
0.352000 0.996926
0.356000 0.996897
0.360000 0.996867
0.364000 0.996837
0.368000 0.996807
0.372000 0.996776
0.376000 0.996744
0.380000 0.996712
0.384000 0.996679
0.388000 0.996646
0.392000 0.996612
0.396000 0.996578
0.400000 0.996544
0.404000 0.996508
0.408000 0.996473
0.412000 0.996436
0.416000 0.996400
0.420000 0.996362
0.424000 0.996325
0.428000 0.996287
0.432000 0.996248
0.436000 0.996209
0.440000 0.996169
0.444000 0.996129
0.448000 0.996089
0.452000 0.996048
0.456000 0.996007
0.460000 0.995965
0.464000 0.995923
0.468000 0.995880
0.472000 0.995838
0.476000 0.995794
0.480000 0.995751
0.484000 0.995707
0.488000 0.995663
0.492000 0.995618
0.496000 0.995573
0.500000 0.995528
0.504000 0.995483
0.508000 0.995437
0.512000 0.995391
0.516000 0.995345
0.520000 0.995298
0.524000 0.995251
0.528000 0.995205
0.532000 0.995157
0.536000 0.995110
0.540000 0.995063
0.544000 0.995015
0.548000 0.994968
0.552000 0.994920
0.556000 0.994872
0.560000 0.994824
0.564000 0.994776
0.568000 0.994728
0.572000 0.994679
0.576000 0.994631
0.580000 0.994583
0.584000 0.994535
0.588000 0.994487
0.592000 0.994439
0.596000 0.994390
0.600000 0.994342
0.604000 0.994294
0.608000 0.994247
0.612000 0.994199
0.616000 0.994151
0.620000 0.994104
0.624000 0.994056
0.628000 0.994009
0.632000 0.993962
0.636000 0.993915
0.640000 0.993869
0.644000 0.993822
0.648000 0.993776
0.652000 0.993730
0.656000 0.993684
0.660000 0.993639
0.664000 0.993594
0.668000 0.993549
0.672000 0.993504
0.676000 0.993460
0.680000 0.993416
0.684000 0.993373
0.688000 0.993329
0.692000 0.993286
0.696000 0.993244
0.700000 0.993202
0.704000 0.993160
0.708000 0.993118
0.712000 0.993077
0.716000 0.993037
0.720000 0.992997
0.724000 0.992957
0.728000 0.992918
0.732000 0.992879
0.736000 0.992840
0.740000 0.992802
0.744000 0.992765
0.748000 0.992727
0.752000 0.992691
0.756000 0.992655
0.760000 0.992619
0.764000 0.992584
0.768000 0.992549
0.772000 0.992514
0.776000 0.992481
0.780000 0.992447
0.784000 0.992414
0.788000 0.992382
0.792000 0.992350
0.796000 0.992319
0.800000 0.992288
0.804000 0.992258
0.808000 0.992228
0.812000 0.992198
0.816000 0.992169
0.820000 0.992141
0.824000 0.992113
0.828000 0.992086
0.832000 0.992059
0.836000 0.992032
0.840000 0.992006
0.844000 0.991981
0.848000 0.991956
0.852000 0.991931
0.856000 0.991907
0.860000 0.991883
0.864000 0.991860
0.868000 0.991838
0.872000 0.991815
0.876000 0.991794
0.880000 0.991772
0.884000 0.991752
0.888000 0.991731
0.892000 0.991711
0.896000 0.991692
0.900000 0.991673
0.904000 0.991654
0.908000 0.991636
0.912000 0.991618
0.916000 0.991601
0.920000 0.991584
0.924000 0.991567
0.928000 0.991551
0.932000 0.991535
0.936000 0.991520
0.940000 0.991505
0.944000 0.991490
0.948000 0.991475
0.952000 0.991461
0.956000 0.991447
0.960000 0.991434
0.964000 0.991420
0.968000 0.991407
0.972000 0.991394
0.976000 0.991380
0.980000 0.991366
0.984000 0.991352
0.988000 0.991336
0.992000 0.991318
0.996000 0.991297
1.000000 0.991273
