-1.000000 0.992919
-0.996000 0.992919
-0.992000 0.992919
-0.988000 0.992919
-0.984000 0.992919
-0.980000 0.992919
-0.976000 0.992919
-0.972000 0.992919
-0.968000 0.992919
-0.964000 0.992919
-0.960000 0.992919
-0.956000 0.992919
-0.952000 0.992919
-0.948000 0.992919
-0.944000 0.992919
-0.940000 0.992919
-0.936000 0.992919
-0.932000 0.992919
-0.928000 0.992919
-0.924000 0.992919
-0.920000 0.992919
-0.916000 0.992919
-0.912000 0.992919
-0.908000 0.992919
-0.904000 0.992919
-0.900000 0.992919
-0.896000 0.992919
-0.892000 0.992919
-0.888000 0.992919
-0.884000 0.992919
-0.880000 0.992919
-0.876000 0.992919
-0.872000 0.992919
-0.868000 0.992919
-0.864000 0.992919
-0.860000 0.992919
-0.856000 0.992919
-0.852000 0.992919
-0.848000 0.992919
-0.844000 0.992919
-0.840000 0.992919
-0.836000 0.992919
-0.832000 0.992919
-0.828000 0.992919
-0.824000 0.992919
-0.820000 0.992919
-0.816000 0.992919
-0.812000 0.992919
-0.808000 0.992919
-0.804000 0.992919
-0.800000 0.992919
-0.796000 0.992919
-0.792000 0.992919
-0.788000 0.992919
-0.784000 0.992919
-0.780000 0.992919
-0.776000 0.992919
-0.772000 0.992919
-0.768000 0.992919
-0.764000 0.992919
-0.760000 0.992919
-0.756000 0.992919
-0.752000 0.992919
-0.748000 0.992919
-0.744000 0.992919
-0.740000 0.992919
-0.736000 0.992919
-0.732000 0.992919
-0.728000 0.992919
-0.724000 0.992919
-0.720000 0.992919
-0.716000 0.992919
-0.712000 0.992919
-0.708000 0.992919
-0.704000 0.992919
-0.700000 0.992919
-0.696000 0.992919
-0.692000 0.992919
-0.688000 0.992919
-0.684000 0.992919
-0.680000 0.992919
-0.676000 0.992919
-0.672000 0.992919
-0.668000 0.992919
-0.664000 0.992919
-0.660000 0.992919
-0.656000 0.992919
-0.652000 0.992919
-0.648000 0.992919
-0.644000 0.992919
-0.640000 0.992919
-0.636000 0.992919
-0.632000 0.992919
-0.628000 0.992919
-0.624000 0.992919
-0.620000 0.992919
-0.616000 0.992919
-0.612000 0.992919
-0.608000 0.992919
-0.604000 0.992919
-0.600000 0.992919
-0.596000 0.992919
-0.592000 0.992919
-0.588000 0.992919
-0.584000 0.992919
-0.580000 0.992919
-0.576000 0.992919
-0.572000 0.992919
-0.568000 0.992919
-0.564000 0.992919
-0.560000 0.992919
-0.556000 0.992919
-0.552000 0.992919
-0.548000 0.992919
-0.544000 0.992919
-0.540000 0.992919
-0.536000 0.992919
-0.532000 0.992919
-0.528000 0.992919
-0.524000 0.992919
-0.520000 0.992919
-0.516000 0.992919
-0.512000 0.992919
-0.508000 0.992919
-0.504000 0.992919
-0.500000 0.992919
-0.496000 0.992919
-0.492000 0.992919
-0.488000 0.992919
-0.484000 0.992919
-0.480000 0.992919
-0.476000 0.992919
-0.472000 0.992919
-0.468000 0.992919
-0.464000 0.992919
-0.460000 0.992919
-0.456000 0.992919
-0.452000 0.992919
-0.448000 0.992919
-0.444000 0.992919
-0.440000 0.992919
-0.436000 0.992919
-0.432000 0.992919
-0.428000 0.992919
-0.424000 0.992919
-0.420000 0.992919
-0.416000 0.992919
-0.412000 0.992919
-0.408000 0.992919
-0.404000 0.992919
-0.400000 0.992919
-0.396000 0.992919
-0.392000 0.992919
-0.388000 0.992919
-0.384000 0.992919
-0.380000 0.992919
-0.376000 0.992919
-0.372000 0.992919
-0.368000 0.992920
-0.364000 0.992920
-0.360000 0.992920
-0.356000 0.992920
-0.352000 0.992920
-0.348000 0.992920
-0.344000 0.992920
-0.340000 0.992920
-0.336000 0.992920
-0.332000 0.992920
-0.328000 0.992920
-0.324000 0.992920
-0.320000 0.992920
-0.316000 0.992921
-0.312000 0.992921
-0.308000 0.992921
-0.304000 0.992921
-0.300000 0.992921
-0.296000 0.992921
-0.292000 0.992921
-0.288000 0.992922
-0.284000 0.992922
-0.280000 0.992922
-0.276000 0.992922
-0.272000 0.992923
-0.268000 0.992923
-0.264000 0.992923
-0.260000 0.992924
-0.256000 0.992924
-0.252000 0.992924
-0.248000 0.992925
-0.244000 0.992925
-0.240000 0.992926
-0.236000 0.992926
-0.232000 0.992927
-0.228000 0.992927
-0.224000 0.992928
-0.220000 0.992928
-0.216000 0.992929
-0.212000 0.992930
-0.208000 0.992930
-0.204000 0.992931
-0.200000 0.992932
-0.196000 0.992933
-0.192000 0.992934
-0.188000 0.992935
-0.184000 0.992936
-0.180000 0.992937
-0.176000 0.992938
-0.172000 0.992940
-0.168000 0.992941
-0.164000 0.992942
-0.160000 0.992944
-0.156000 0.992946
-0.152000 0.992947
-0.148000 0.992949
-0.144000 0.992951
-0.140000 0.992953
-0.136000 0.992955
-0.132000 0.992957
-0.128000 0.992959
-0.124000 0.992962
-0.120000 0.992964
-0.116000 0.992967
-0.112000 0.992970
-0.108000 0.992973
-0.104000 0.992976
-0.100000 0.992979
-0.096000 0.992983
-0.092000 0.992986
-0.088000 0.992990
-0.084000 0.992994
-0.080000 0.992998
-0.076000 0.993003
-0.072000 0.993007
-0.068000 0.993012
-0.064000 0.993017
-0.060000 0.993022
-0.056000 0.993027
-0.052000 0.993033
-0.048000 0.993039
-0.044000 0.993045
-0.040000 0.993052
-0.036000 0.993058
-0.032000 0.993065
-0.028000 0.993072
-0.024000 0.993080
-0.020000 0.993088
-0.016000 0.993096
-0.012000 0.993104
-0.008000 0.993113
-0.004000 0.993122
0.000000 0.993132
0.004000 0.993142
0.008000 0.993152
0.012000 0.993162
0.016000 0.993173
0.020000 0.993185
0.024000 0.993196
0.028000 0.993209
0.032000 0.993221
0.036000 0.993234
0.040000 0.993248
0.044000 0.993261
0.048000 0.993276
0.052000 0.993291
0.056000 0.993306
0.060000 0.993322
0.064000 0.993338
0.068000 0.993354
0.072000 0.993372
0.076000 0.993389
0.080000 0.993408
0.084000 0.993426
0.088000 0.993446
0.092000 0.993465
0.096000 0.993486
0.100000 0.993507
0.104000 0.993528
0.108000 0.993550
0.112000 0.993573
0.116000 0.993596
0.120000 0.993619
0.124000 0.993644
0.128000 0.993669
0.132000 0.993694
0.136000 0.993720
0.140000 0.993747
0.144000 0.993774
0.148000 0.993802
0.152000 0.993830
0.156000 0.993859
0.160000 0.993889
0.164000 0.993919
0.168000 0.993950
0.172000 0.993982
0.176000 0.994014
0.180000 0.994046
0.184000 0.994080
0.188000 0.994113
0.192000 0.994148
0.196000 0.994183
0.200000 0.994219
0.204000 0.994255
0.208000 0.994292
0.212000 0.994329
0.216000 0.994367
0.220000 0.994406
0.224000 0.994445
0.228000 0.994485
0.232000 0.994525
0.236000 0.994566
0.240000 0.994607
0.244000 0.994649
0.248000 0.994691
0.252000 0.994734
0.256000 0.994777
0.260000 0.994821
0.264000 0.994865
0.268000 0.994910
0.272000 0.994955
0.276000 0.995001
0.280000 0.995047
0.284000 0.995094
0.288000 0.995140
0.292000 0.995188
0.296000 0.995235
0.300000 0.995283
0.304000 0.995332
0.308000 0.995380
0.312000 0.995429
0.316000 0.995479
0.320000 0.995528
0.324000 0.995578
0.328000 0.995628
0.332000 0.995679
0.336000 0.995729
0.340000 0.995780
0.344000 0.995831
0.348000 0.995882
0.352000 0.995933
0.356000 0.995985
0.360000 0.996036
0.364000 0.996088
0.368000 0.996140
0.372000 0.996192
0.376000 0.996243
0.380000 0.996295
0.384000 0.996347
0.388000 0.996399
0.392000 0.996451
0.396000 0.996503
0.400000 0.996554
0.404000 0.996606
0.408000 0.996658
0.412000 0.996709
0.416000 0.996761
0.420000 0.996812
0.424000 0.996863
0.428000 0.996914
0.432000 0.996964
0.436000 0.997015
0.440000 0.997065
0.444000 0.997115
0.448000 0.997165
0.452000 0.997215
0.456000 0.997264
0.460000 0.997313
0.464000 0.997361
0.468000 0.997410
0.472000 0.997458
0.476000 0.997505
0.480000 0.997553
0.484000 0.997600
0.488000 0.997646
0.492000 0.997692
0.496000 0.997738
0.500000 0.997783
0.504000 0.997828
0.508000 0.997872
0.512000 0.997916
0.516000 0.997960
0.520000 0.998003
0.524000 0.998046
0.528000 0.998088
0.532000 0.998129
0.536000 0.998170
0.540000 0.998211
0.544000 0.998251
0.548000 0.998291
0.552000 0.998330
0.556000 0.998368
0.560000 0.998406
0.564000 0.998444
0.568000 0.998481
0.572000 0.998517
0.576000 0.998553
0.580000 0.998588
0.584000 0.998623
0.588000 0.998657
0.592000 0.998691
0.596000 0.998724
0.600000 0.998757
0.604000 0.998789
0.608000 0.998820
0.612000 0.998851
0.616000 0.998881
0.620000 0.998911
0.624000 0.998940
0.628000 0.998969
0.632000 0.998997
0.636000 0.999025
0.640000 0.999052
0.644000 0.999078
0.648000 0.999104
0.652000 0.999130
0.656000 0.999155
0.660000 0.999179
0.664000 0.999203
0.668000 0.999226
0.672000 0.999249
0.676000 0.999271
0.680000 0.999293
0.684000 0.999315
0.688000 0.999335
0.692000 0.999356
0.696000 0.999376
0.700000 0.999395
0.704000 0.999414
0.708000 0.999432
0.712000 0.999450
0.716000 0.999468
0.720000 0.999485
0.724000 0.999502
0.728000 0.999518
0.732000 0.999534
0.736000 0.999549
0.740000 0.999564
0.744000 0.999579
0.748000 0.999593
0.752000 0.999607
0.756000 0.999620
0.760000 0.999633
0.764000 0.999646
0.768000 0.999658
0.772000 0.999670
0.776000 0.999682
0.780000 0.999693
0.784000 0.999704
0.788000 0.999715
0.792000 0.999725
0.796000 0.999735
0.800000 0.999745
0.804000 0.999754
0.808000 0.999763
0.812000 0.999772
0.816000 0.999781
0.820000 0.999789
0.824000 0.999797
0.828000 0.999805
0.832000 0.999812
0.836000 0.999820
0.840000 0.999827
0.844000 0.999833
0.848000 0.999840
0.852000 0.999846
0.856000 0.999852
0.860000 0.999858
0.864000 0.999864
0.868000 0.999869
0.872000 0.999875
0.876000 0.999880
0.880000 0.999885
0.884000 0.999889
0.888000 0.999894
0.892000 0.999898
0.896000 0.999903
0.900000 0.999907
0.904000 0.999911
0.908000 0.999914
0.912000 0.999918
0.916000 0.999922
0.920000 0.999925
0.924000 0.999928
0.928000 0.999931
0.932000 0.999934
0.936000 0.999937
0.940000 0.999940
0.944000 0.999943
0.948000 0.999945
0.952000 0.999948
0.956000 0.999950
0.960000 0.999952
0.964000 0.999955
0.968000 0.999957
0.972000 0.999959
0.976000 0.999961
0.980000 0.999963
0.984000 0.999965
0.988000 0.999968
0.992000 0.999970
0.996000 0.999974
1.000000 0.999977
