-1.000000 0.997928
-0.996000 0.997928
-0.992000 0.997928
-0.988000 0.997928
-0.984000 0.997928
-0.980000 0.997928
-0.976000 0.997928
-0.972000 0.997928
-0.968000 0.997928
-0.964000 0.997928
-0.960000 0.997928
-0.956000 0.997928
-0.952000 0.997928
-0.948000 0.997928
-0.944000 0.997928
-0.940000 0.997928
-0.936000 0.997928
-0.932000 0.997928
-0.928000 0.997928
-0.924000 0.997928
-0.920000 0.997928
-0.916000 0.997928
-0.912000 0.997928
-0.908000 0.997928
-0.904000 0.997928
-0.900000 0.997928
-0.896000 0.997928
-0.892000 0.997928
-0.888000 0.997928
-0.884000 0.997928
-0.880000 0.997928
-0.876000 0.997928
-0.872000 0.997928
-0.868000 0.997928
-0.864000 0.997928
-0.860000 0.997928
-0.856000 0.997928
-0.852000 0.997928
-0.848000 0.997928
-0.844000 0.997928
-0.840000 0.997928
-0.836000 0.997928
-0.832000 0.997928
-0.828000 0.997928
-0.824000 0.997928
-0.820000 0.997928
-0.816000 0.997928
-0.812000 0.997928
-0.808000 0.997928
-0.804000 0.997928
-0.800000 0.997928
-0.796000 0.997928
-0.792000 0.997928
-0.788000 0.997928
-0.784000 0.997928
-0.780000 0.997928
-0.776000 0.997928
-0.772000 0.997928
-0.768000 0.997928
-0.764000 0.997928
-0.760000 0.997928
-0.756000 0.997928
-0.752000 0.997928
-0.748000 0.997928
-0.744000 0.997928
-0.740000 0.997928
-0.736000 0.997928
-0.732000 0.997928
-0.728000 0.997928
-0.724000 0.997928
-0.720000 0.997928
-0.716000 0.997928
-0.712000 0.997928
-0.708000 0.997928
-0.704000 0.997928
-0.700000 0.997928
-0.696000 0.997928
-0.692000 0.997928
-0.688000 0.997928
-0.684000 0.997928
-0.680000 0.997928
-0.676000 0.997928
-0.672000 0.997928
-0.668000 0.997928
-0.664000 0.997928
-0.660000 0.997928
-0.656000 0.997928
-0.652000 0.997928
-0.648000 0.997928
-0.644000 0.997928
-0.640000 0.997928
-0.636000 0.997928
-0.632000 0.997928
-0.628000 0.997928
-0.624000 0.997928
-0.620000 0.997928
-0.616000 0.997928
-0.612000 0.997928
-0.608000 0.997928
-0.604000 0.997927
-0.600000 0.997927
-0.596000 0.997927
-0.592000 0.997927
-0.588000 0.997927
-0.584000 0.997927
-0.580000 0.997927
-0.576000 0.997927
-0.572000 0.997927
-0.568000 0.997927
-0.564000 0.997927
-0.560000 0.997926
-0.556000 0.997926
-0.552000 0.997926
-0.548000 0.997926
-0.544000 0.997926
-0.540000 0.997925
-0.536000 0.997925
-0.532000 0.997925
-0.528000 0.997925
-0.524000 0.997924
-0.520000 0.997924
-0.516000 0.997924
-0.512000 0.997923
-0.508000 0.997923
-0.504000 0.997922
-0.500000 0.997922
-0.496000 0.997921
-0.492000 0.997920
-0.488000 0.997920
-0.484000 0.997919
-0.480000 0.997918
-0.476000 0.997918
-0.472000 0.997917
-0.468000 0.997916
-0.464000 0.997915
-0.460000 0.997914
-0.456000 0.997912
-0.452000 0.997911
-0.448000 0.997910
-0.444000 0.997908
-0.440000 0.997907
-0.436000 0.997905
-0.432000 0.997903
-0.428000 0.997901
-0.424000 0.997899
-0.420000 0.997897
-0.416000 0.997895
-0.412000 0.997893
-0.408000 0.997890
-0.404000 0.997887
-0.400000 0.997884
-0.396000 0.997881
-0.392000 0.997878
-0.388000 0.997874
-0.384000 0.997871
-0.380000 0.997867
-0.376000 0.997863
-0.372000 0.997858
-0.368000 0.997854
-0.364000 0.997849
-0.360000 0.997844
-0.356000 0.997838
-0.352000 0.997832
-0.348000 0.997826
-0.344000 0.997820
-0.340000 0.997813
-0.336000 0.997806
-0.332000 0.997799
-0.328000 0.997791
-0.324000 0.997783
-0.320000 0.997774
-0.316000 0.997765
-0.312000 0.997756
-0.308000 0.997746
-0.304000 0.997736
-0.300000 0.997725
-0.296000 0.997714
-0.292000 0.997702
-0.288000 0.997690
-0.284000 0.997677
-0.280000 0.997663
-0.276000 0.997650
-0.272000 0.997635
-0.268000 0.997620
-0.264000 0.997604
-0.260000 0.997588
-0.256000 0.997571
-0.252000 0.997554
-0.248000 0.997536
-0.244000 0.997517
-0.240000 0.997497
-0.236000 0.997477
-0.232000 0.997456
-0.228000 0.997434
-0.224000 0.997412
-0.220000 0.997389
-0.216000 0.997365
-0.212000 0.997340
-0.208000 0.997315
-0.204000 0.997289
-0.200000 0.997262
-0.196000 0.997234
-0.192000 0.997206
-0.188000 0.997176
-0.184000 0.997146
-0.180000 0.997115
-0.176000 0.997083
-0.172000 0.997051
-0.168000 0.997017
-0.164000 0.996983
-0.160000 0.996948
-0.156000 0.996912
-0.152000 0.996875
-0.148000 0.996837
-0.144000 0.996799
-0.140000 0.996759
-0.136000 0.996719
-0.132000 0.996678
-0.128000 0.996637
-0.124000 0.996594
-0.120000 0.996551
-0.116000 0.996506
-0.112000 0.996461
-0.108000 0.996416
-0.104000 0.996369
-0.100000 0.996322
-0.096000 0.996274
-0.092000 0.996225
-0.088000 0.996176
-0.084000 0.996126
-0.080000 0.996075
-0.076000 0.996024
-0.072000 0.995972
-0.068000 0.995919
-0.064000 0.995866
-0.060000 0.995812
-0.056000 0.995758
-0.052000 0.995703
-0.048000 0.995648
-0.044000 0.995592
-0.040000 0.995535
-0.036000 0.995479
-0.032000 0.995422
-0.028000 0.995364
-0.024000 0.995306
-0.020000 0.995248
-0.016000 0.995189
-0.012000 0.995131
-0.008000 0.995072
-0.004000 0.995012
0.000000 0.994953
0.004000 0.994893
0.008000 0.994834
0.012000 0.994774
0.016000 0.994714
0.020000 0.994654
0.024000 0.994594
0.028000 0.994534
0.032000 0.994474
0.036000 0.994414
0.040000 0.994354
0.044000 0.994295
0.048000 0.994235
0.052000 0.994176
0.056000 0.994117
0.060000 0.994058
0.064000 0.994000
0.068000 0.993941
0.072000 0.993883
0.076000 0.993826
0.080000 0.993768
0.084000 0.993712
0.088000 0.993655
0.092000 0.993599
0.096000 0.993543
0.100000 0.993488
0.104000 0.993434
0.108000 0.993380
0.112000 0.993326
0.116000 0.993273
0.120000 0.993221
0.124000 0.993169
0.128000 0.993117
0.132000 0.993067
0.136000 0.993017
0.140000 0.992967
0.144000 0.992919
0.148000 0.992871
0.152000 0.992823
0.156000 0.992777
0.160000 0.992731
0.164000 0.992685
0.168000 0.992641
0.172000 0.992597
0.176000 0.992554
0.180000 0.992512
0.184000 0.992470
0.188000 0.992429
0.192000 0.992389
0.196000 0.992350
0.200000 0.992311
0.204000 0.992273
0.208000 0.992236
0.212000 0.992200
0.216000 0.992164
0.220000 0.992130
0.224000 0.992096
0.228000 0.992062
0.232000 0.992030
0.236000 0.991998
0.240000 0.991967
0.244000 0.991936
0.248000 0.991907
0.252000 0.991878
0.256000 0.991850
0.260000 0.991822
0.264000 0.991795
0.268000 0.991769
0.272000 0.991744
0.276000 0.991719
0.280000 0.991695
0.284000 0.991671
0.288000 0.991649
0.292000 0.991627
0.296000 0.991605
0.300000 0.991584
0.304000 0.991564
0.308000 0.991544
0.312000 0.991525
0.316000 0.991507
0.320000 0.991489
0.324000 0.991471
0.328000 0.991454
0.332000 0.991438
0.336000 0.991422
0.340000 0.991407
0.344000 0.991392
0.348000 0.991378
0.352000 0.991364
0.356000 0.991351
0.360000 0.991338
0.364000 0.991325
0.368000 0.991313
0.372000 0.991302
0.376000 0.991291
0.380000 0.991280
0.384000 0.991269
0.388000 0.991259
0.392000 0.991250
0.396000 0.991240
0.400000 0.991231
0.404000 0.991223
0.408000 0.991215
0.412000 0.991207
0.416000 0.991199
0.420000 0.991192
0.424000 0.991185
0.428000 0.991178
0.432000 0.991171
0.436000 0.991165
0.440000 0.991159
0.444000 0.991153
0.448000 0.991148
0.452000 0.991143
0.456000 0.991138
0.460000 0.991133
0.464000 0.991128
0.468000 0.991124
0.472000 0.991119
0.476000 0.991115
0.480000 0.991112
0.484000 0.991108
0.488000 0.991104
0.492000 0.991101
0.496000 0.991098
0.500000 0.991095
0.504000 0.991092
0.508000 0.991089
0.512000 0.991086
0.516000 0.991084
0.520000 0.991081
0.524000 0.991079
0.528000 0.991077
0.532000 0.991075
0.536000 0.991073
0.540000 0.991071
0.544000 0.991069
0.548000 0.991067
0.552000 0.991066
0.556000 0.991064
0.560000 0.991063
0.564000 0.991061
0.568000 0.991060
0.572000 0.991059
0.576000 0.991057
0.580000 0.991056
0.584000 0.991055
0.588000 0.991054
0.592000 0.991053
0.596000 0.991052
0.600000 0.991051
0.604000 0.991050
0.608000 0.991050
0.612000 0.991049
0.616000 0.991048
0.620000 0.991048
0.624000 0.991047
0.628000 0.991046
0.632000 0.991046
0.636000 0.991045
0.640000 0.991045
0.644000 0.991044
0.648000 0.991044
0.652000 0.991043
0.656000 0.991043
0.660000 0.991043
0.664000 0.991042
0.668000 0.991042
0.672000 0.991042
0.676000 0.991041
0.680000 0.991041
0.684000 0.991041
0.688000 0.991041
0.692000 0.991040
0.696000 0.991040
0.700000 0.991040
0.704000 0.991040
0.708000 0.991040
0.712000 0.991039
0.716000 0.991039
0.720000 0.991039
0.724000 0.991039
0.728000 0.991039
0.732000 0.991039
0.736000 0.991039
0.740000 0.991039
0.744000 0.991038
0.748000 0.991038
0.752000 0.991038
0.756000 0.991038
0.760000 0.991038
0.764000 0.991038
0.768000 0.991038
0.772000 0.991038
0.776000 0.991038
0.780000 0.991038
0.784000 0.991038
0.788000 0.991038
0.792000 0.991038
0.796000 0.991038
0.800000 0.991038
0.804000 0.991038
0.808000 0.991037
0.812000 0.991037
0.816000 0.991037
0.820000 0.991037
0.824000 0.991037
0.828000 0.991037
0.832000 0.991037
0.836000 0.991037
0.840000 0.991037
0.844000 0.991037
0.848000 0.991037
0.852000 0.991037
0.856000 0.991037
0.860000 0.991037
0.864000 0.991037
0.868000 0.991037
0.872000 0.991037
0.876000 0.991037
0.880000 0.991037
0.884000 0.991037
0.888000 0.991037
0.892000 0.991037
0.896000 0.991037
0.900000 0.991037
0.904000 0.991037
0.908000 0.991037
0.912000 0.991037
0.916000 0.991037
0.920000 0.991037
0.924000 0.991037
0.928000 0.991037
0.932000 0.991037
0.936000 0.991037
0.940000 0.991037
0.944000 0.991037
0.948000 0.991037
0.952000 0.991037
0.956000 0.991037
0.960000 0.991037
0.964000 0.991037
0.968000 0.991037
0.972000 0.991037
0.976000 0.991037
0.980000 0.991037
0.984000 0.991037
0.988000 0.991037
0.992000 0.991037
0.996000 0.991037
1.000000 0.991037
