-1.000000 0.992919
-0.996000 0.992919
-0.992000 0.992919
-0.988000 0.992919
-0.984000 0.992919
-0.980000 0.992919
-0.976000 0.992919
-0.972000 0.992919
-0.968000 0.992919
-0.964000 0.992919
-0.960000 0.992919
-0.956000 0.992919
-0.952000 0.992919
-0.948000 0.992919
-0.944000 0.992919
-0.940000 0.992919
-0.936000 0.992919
-0.932000 0.992919
-0.928000 0.992919
-0.924000 0.992919
-0.920000 0.992919
-0.916000 0.992919
-0.912000 0.992919
-0.908000 0.992919
-0.904000 0.992919
-0.900000 0.992919
-0.896000 0.992919
-0.892000 0.992919
-0.888000 0.992919
-0.884000 0.992919
-0.880000 0.992919
-0.876000 0.992919
-0.872000 0.992919
-0.868000 0.992919
-0.864000 0.992919
-0.860000 0.992919
-0.856000 0.992919
-0.852000 0.992919
-0.848000 0.992919
-0.844000 0.992919
-0.840000 0.992919
-0.836000 0.992919
-0.832000 0.992919
-0.828000 0.992919
-0.824000 0.992919
-0.820000 0.992919
-0.816000 0.992919
-0.812000 0.992919
-0.808000 0.992919
-0.804000 0.992919
-0.800000 0.992919
-0.796000 0.992919
-0.792000 0.992919
-0.788000 0.992919
-0.784000 0.992919
-0.780000 0.992919
-0.776000 0.992919
-0.772000 0.992919
-0.768000 0.992919
-0.764000 0.992919
-0.760000 0.992919
-0.756000 0.992919
-0.752000 0.992919
-0.748000 0.992919
-0.744000 0.992919
-0.740000 0.992919
-0.736000 0.992919
-0.732000 0.992919
-0.728000 0.992919
-0.724000 0.992919
-0.720000 0.992919
-0.716000 0.992919
-0.712000 0.992919
-0.708000 0.992919
-0.704000 0.992919
-0.700000 0.992919
-0.696000 0.992919
-0.692000 0.992919
-0.688000 0.992919
-0.684000 0.992919
-0.680000 0.992919
-0.676000 0.992919
-0.672000 0.992919
-0.668000 0.992919
-0.664000 0.992919
-0.660000 0.992919
-0.656000 0.992919
-0.652000 0.992919
-0.648000 0.992919
-0.644000 0.992919
-0.640000 0.992919
-0.636000 0.992919
-0.632000 0.992919
-0.628000 0.992919
-0.624000 0.992919
-0.620000 0.992919
-0.616000 0.992919
-0.612000 0.992919
-0.608000 0.992919
-0.604000 0.992919
-0.600000 0.992919
-0.596000 0.992919
-0.592000 0.992919
-0.588000 0.992919
-0.584000 0.992919
-0.580000 0.992919
-0.576000 0.992919
-0.572000 0.992919
-0.568000 0.992919
-0.564000 0.992919
-0.560000 0.992919
-0.556000 0.992919
-0.552000 0.992919
-0.548000 0.992919
-0.544000 0.992919
-0.540000 0.992919
-0.536000 0.992919
-0.532000 0.992919
-0.528000 0.992919
-0.524000 0.992919
-0.520000 0.992919
-0.516000 0.992919
-0.512000 0.992919
-0.508000 0.992919
-0.504000 0.992919
-0.500000 0.992919
-0.496000 0.992919
-0.492000 0.992919
-0.488000 0.992919
-0.484000 0.992919
-0.480000 0.992919
-0.476000 0.992919
-0.472000 0.992919
-0.468000 0.992919
-0.464000 0.992919
-0.460000 0.992919
-0.456000 0.992919
-0.452000 0.992919
-0.448000 0.992919
-0.444000 0.992919
-0.440000 0.992919
-0.436000 0.992919
-0.432000 0.992919
-0.428000 0.992919
-0.424000 0.992919
-0.420000 0.992919
-0.416000 0.992919
-0.412000 0.992919
-0.408000 0.992919
-0.404000 0.992919
-0.400000 0.992919
-0.396000 0.992919
-0.392000 0.992919
-0.388000 0.992919
-0.384000 0.992919
-0.380000 0.992919
-0.376000 0.992919
-0.372000 0.992919
-0.368000 0.992919
-0.364000 0.992919
-0.360000 0.992919
-0.356000 0.992919
-0.352000 0.992919
-0.348000 0.992919
-0.344000 0.992919
-0.340000 0.992919
-0.336000 0.992919
-0.332000 0.992920
-0.328000 0.992920
-0.324000 0.992920
-0.320000 0.992920
-0.316000 0.992920
-0.312000 0.992920
-0.308000 0.992920
-0.304000 0.992920
-0.300000 0.992920
-0.296000 0.992920
-0.292000 0.992920
-0.288000 0.992920
-0.284000 0.992920
-0.280000 0.992921
-0.276000 0.992921
-0.272000 0.992921
-0.268000 0.992921
-0.264000 0.992921
-0.260000 0.992921
-0.256000 0.992921
-0.252000 0.992922
-0.248000 0.992922
-0.244000 0.992922
-0.240000 0.992922
-0.236000 0.992923
-0.232000 0.992923
-0.228000 0.992923
-0.224000 0.992923
-0.220000 0.992924
-0.216000 0.992924
-0.212000 0.992925
-0.208000 0.992925
-0.204000 0.992925
-0.200000 0.992926
-0.196000 0.992926
-0.192000 0.992927
-0.188000 0.992927
-0.184000 0.992928
-0.180000 0.992929
-0.176000 0.992929
-0.172000 0.992930
-0.168000 0.992931
-0.164000 0.992932
-0.160000 0.992932
-0.156000 0.992933
-0.152000 0.992934
-0.148000 0.992935
-0.144000 0.992936
-0.140000 0.992938
-0.136000 0.992939
-0.132000 0.992940
-0.128000 0.992941
-0.124000 0.992943
-0.120000 0.992944
-0.116000 0.992946
-0.112000 0.992947
-0.108000 0.992949
-0.104000 0.992951
-0.100000 0.992953
-0.096000 0.992955
-0.092000 0.992957
-0.088000 0.992960
-0.084000 0.992962
-0.080000 0.992964
-0.076000 0.992967
-0.072000 0.992970
-0.068000 0.992973
-0.064000 0.992976
-0.060000 0.992979
-0.056000 0.992982
-0.052000 0.992986
-0.048000 0.992990
-0.044000 0.992993
-0.040000 0.992997
-0.036000 0.993002
-0.032000 0.993006
-0.028000 0.993011
-0.024000 0.993015
-0.020000 0.993020
-0.016000 0.993026
-0.012000 0.993031
-0.008000 0.993037
-0.004000 0.993043
0.000000 0.993049
0.004000 0.993055
0.008000 0.993062
0.012000 0.993069
0.016000 0.993076
0.020000 0.993084
0.024000 0.993092
0.028000 0.993100
0.032000 0.993108
0.036000 0.993117
0.040000 0.993126
0.044000 0.993136
0.048000 0.993145
0.052000 0.993156
0.056000 0.993166
0.060000 0.993177
0.064000 0.993188
0.068000 0.993200
0.072000 0.993212
0.076000 0.993224
0.080000 0.993237
0.084000 0.993250
0.088000 0.993264
0.092000 0.993278
0.096000 0.993293
0.100000 0.993308
0.104000 0.993323
0.108000 0.993339
0.112000 0.993356
0.116000 0.993372
0.120000 0.993390
0.124000 0.993408
0.128000 0.993426
0.132000 0.993445
0.136000 0.993464
0.140000 0.993484
0.144000 0.993505
0.148000 0.993526
0.152000 0.993547
0.156000 0.993569
0.160000 0.993592
0.164000 0.993615
0.168000 0.993639
0.172000 0.993663
0.176000 0.993688
0.180000 0.993713
0.184000 0.993739
0.188000 0.993766
0.192000 0.993793
0.196000 0.993821
0.200000 0.993849
0.204000 0.993878
0.208000 0.993908
0.212000 0.993938
0.216000 0.993968
0.220000 0.993999
0.224000 0.994031
0.228000 0.994064
0.232000 0.994097
0.236000 0.994130
0.240000 0.994164
0.244000 0.994199
0.248000 0.994234
0.252000 0.994270
0.256000 0.994306
0.260000 0.994343
0.264000 0.994381
0.268000 0.994419
0.272000 0.994457
0.276000 0.994497
0.280000 0.994536
0.284000 0.994576
0.288000 0.994617
0.292000 0.994658
0.296000 0.994700
0.300000 0.994742
0.304000 0.994785
0.308000 0.994828
0.312000 0.994871
0.316000 0.994915
0.320000 0.994960
0.324000 0.995005
0.328000 0.995050
0.332000 0.995096
0.336000 0.995142
0.340000 0.995188
0.344000 0.995235
0.348000 0.995282
0.352000 0.995329
0.356000 0.995377
0.360000 0.995425
0.364000 0.995474
0.368000 0.995522
0.372000 0.995571
0.376000 0.995620
0.380000 0.995670
0.384000 0.995719
0.388000 0.995769
0.392000 0.995819
0.396000 0.995869
0.400000 0.995920
0.404000 0.995970
0.408000 0.996021
0.412000 0.996071
0.416000 0.996122
0.420000 0.996173
0.424000 0.996224
0.428000 0.996275
0.432000 0.996326
0.436000 0.996377
0.440000 0.996428
0.444000 0.996479
0.448000 0.996529
0.452000 0.996580
0.456000 0.996631
0.460000 0.996682
0.464000 0.996732
0.468000 0.996783
0.472000 0.996833
0.476000 0.996883
0.480000 0.996933
0.484000 0.996983
0.488000 0.997032
0.492000 0.997081
0.496000 0.997130
0.500000 0.997179
0.504000 0.997228
0.508000 0.997276
0.512000 0.997324
0.516000 0.997372
0.520000 0.997419
0.524000 0.997466
0.528000 0.997513
0.532000 0.997559
0.536000 0.997606
0.540000 0.997651
0.544000 0.997696
0.548000 0.997741
0.552000 0.997786
0.556000 0.997830
0.560000 0.997873
0.564000 0.997917
0.568000 0.997959
0.572000 0.998002
0.576000 0.998044
0.580000 0.998085
0.584000 0.998126
0.588000 0.998166
0.592000 0.998206
0.596000 0.998246
0.600000 0.998285
0.604000 0.998323
0.608000 0.998361
0.612000 0.998399
0.616000 0.998436
0.620000 0.998472
0.624000 0.998508
0.628000 0.998543
0.632000 0.998578
0.636000 0.998612
0.640000 0.998646
0.644000 0.998680
0.648000 0.998712
0.652000 0.998744
0.656000 0.998776
0.660000 0.998807
0.664000 0.998838
0.668000 0.998868
0.672000 0.998897
0.676000 0.998926
0.680000 0.998955
0.684000 0.998983
0.688000 0.999010
0.692000 0.999037
0.696000 0.999063
0.700000 0.999089
0.704000 0.999115
0.708000 0.999139
0.712000 0.999164
0.716000 0.999187
0.720000 0.999211
0.724000 0.999234
0.728000 0.999256
0.732000 0.999278
0.736000 0.999299
0.740000 0.999320
0.744000 0.999340
0.748000 0.999360
0.752000 0.999380
0.756000 0.999399
0.760000 0.999417
0.764000 0.999435
0.768000 0.999453
0.772000 0.999470
0.776000 0.999487
0.780000 0.999503
0.784000 0.999519
0.788000 0.999535
0.792000 0.999550
0.796000 0.999565
0.800000 0.999579
0.804000 0.999593
0.808000 0.999607
0.812000 0.999620
0.816000 0.999633
0.820000 0.999645
0.824000 0.999657
0.828000 0.999669
0.832000 0.999681
0.836000 0.999692
0.840000 0.999703
0.844000 0.999713
0.848000 0.999723
0.852000 0.999733
0.856000 0.999743
0.860000 0.999752
0.864000 0.999761
0.868000 0.999770
0.872000 0.999778
0.876000 0.999787
0.880000 0.999794
0.884000 0.999802
0.888000 0.999810
0.892000 0.999817
0.896000 0.999824
0.900000 0.999831
0.904000 0.999837
0.908000 0.999843
0.912000 0.999849
0.916000 0.999855
0.920000 0.999861
0.924000 0.999867
0.928000 0.999872
0.932000 0.999877
0.936000 0.999882
0.940000 0.999887
0.944000 0.999891
0.948000 0.999896
0.952000 0.999900
0.956000 0.999904
0.960000 0.999908
0.964000 0.999912
0.968000 0.999916
0.972000 0.999920
0.976000 0.999924
0.980000 0.999928
0.984000 0.999932
0.988000 0.999936
0.992000 0.999941
0.996000 0.999947
1.000000 0.999953
