-1.000000 0.997928
-0.996000 0.997928
-0.992000 0.997928
-0.988000 0.997928
-0.984000 0.997928
-0.980000 0.997928
-0.976000 0.997928
-0.972000 0.997928
-0.968000 0.997928
-0.964000 0.997928
-0.960000 0.997928
-0.956000 0.997927
-0.952000 0.997927
-0.948000 0.997927
-0.944000 0.997927
-0.940000 0.997927
-0.936000 0.997926
-0.932000 0.997926
-0.928000 0.997925
-0.924000 0.997925
-0.920000 0.997924
-0.916000 0.997923
-0.912000 0.997923
-0.908000 0.997922
-0.904000 0.997920
-0.900000 0.997919
-0.896000 0.997918
-0.892000 0.997916
-0.888000 0.997914
-0.884000 0.997911
-0.880000 0.997909
-0.876000 0.997906
-0.872000 0.997903
-0.868000 0.997899
-0.864000 0.997895
-0.860000 0.997890
-0.856000 0.997885
-0.852000 0.997879
-0.848000 0.997873
-0.844000 0.997866
-0.840000 0.997858
-0.836000 0.997849
-0.832000 0.997840
-0.828000 0.997829
-0.824000 0.997818
-0.820000 0.997806
-0.816000 0.997792
-0.812000 0.997777
-0.808000 0.997761
-0.804000 0.997744
-0.800000 0.997725
-0.796000 0.997705
-0.792000 0.997683
-0.788000 0.997659
-0.784000 0.997634
-0.780000 0.997607
-0.776000 0.997579
-0.772000 0.997548
-0.768000 0.997515
-0.764000 0.997481
-0.760000 0.997444
-0.756000 0.997405
-0.752000 0.997364
-0.748000 0.997321
-0.744000 0.997276
-0.740000 0.997228
-0.736000 0.997178
-0.732000 0.997126
-0.728000 0.997071
-0.724000 0.997014
-0.720000 0.996954
-0.716000 0.996893
-0.712000 0.996829
-0.708000 0.996762
-0.704000 0.996693
-0.700000 0.996623
-0.696000 0.996549
-0.692000 0.996474
-0.688000 0.996397
-0.684000 0.996317
-0.680000 0.996236
-0.676000 0.996153
-0.672000 0.996068
-0.668000 0.995981
-0.664000 0.995893
-0.660000 0.995803
-0.656000 0.995711
-0.652000 0.995619
-0.648000 0.995525
-0.644000 0.995430
-0.640000 0.995335
-0.636000 0.995238
-0.632000 0.995141
-0.628000 0.995043
-0.624000 0.994945
-0.620000 0.994847
-0.616000 0.994748
-0.612000 0.994650
-0.608000 0.994551
-0.604000 0.994453
-0.600000 0.994355
-0.596000 0.994257
-0.592000 0.994160
-0.588000 0.994064
-0.584000 0.993969
-0.580000 0.993874
-0.576000 0.993781
-0.572000 0.993689
-0.568000 0.993597
-0.564000 0.993508
-0.560000 0.993419
-0.556000 0.993332
-0.552000 0.993247
-0.548000 0.993163
-0.544000 0.993081
-0.540000 0.993001
-0.536000 0.992922
-0.532000 0.992845
-0.528000 0.992770
-0.524000 0.992697
-0.520000 0.992626
-0.516000 0.992557
-0.512000 0.992490
-0.508000 0.992424
-0.504000 0.992361
-0.500000 0.992300
-0.496000 0.992240
-0.492000 0.992183
-0.488000 0.992127
-0.484000 0.992074
-0.480000 0.992022
-0.476000 0.991973
-0.472000 0.991925
-0.468000 0.991879
-0.464000 0.991835
-0.460000 0.991793
-0.456000 0.991752
-0.452000 0.991713
-0.448000 0.991676
-0.444000 0.991640
-0.440000 0.991606
-0.436000 0.991574
-0.432000 0.991543
-0.428000 0.991513
-0.424000 0.991485
-0.420000 0.991459
-0.416000 0.991433
-0.412000 0.991409
-0.408000 0.991386
-0.404000 0.991365
-0.400000 0.991344
-0.396000 0.991325
-0.392000 0.991307
-0.388000 0.991289
-0.384000 0.991273
-0.380000 0.991257
-0.376000 0.991243
-0.372000 0.991229
-0.368000 0.991216
-0.364000 0.991204
-0.360000 0.991193
-0.356000 0.991182
-0.352000 0.991172
-0.348000 0.991162
-0.344000 0.991153
-0.340000 0.991145
-0.336000 0.991137
-0.332000 0.991130
-0.328000 0.991123
-0.324000 0.991117
-0.320000 0.991111
-0.316000 0.991106
-0.312000 0.991100
-0.308000 0.991096
-0.304000 0.991091
-0.300000 0.991087
-0.296000 0.991083
-0.292000 0.991080
-0.288000 0.991076
-0.284000 0.991073
-0.280000 0.991070
-0.276000 0.991068
-0.272000 0.991065
-0.268000 0.991063
-0.264000 0.991061
-0.260000 0.991059
-0.256000 0.991057
-0.252000 0.991055
-0.248000 0.991054
-0.244000 0.991052
-0.240000 0.991051
-0.236000 0.991050
-0.232000 0.991049
-0.228000 0.991048
-0.224000 0.991047
-0.220000 0.991046
-0.216000 0.991045
-0.212000 0.991045
-0.208000 0.991044
-0.204000 0.991043
-0.200000 0.991043
-0.196000 0.991042
-0.192000 0.991042
-0.188000 0.991041
-0.184000 0.991041
-0.180000 0.991041
-0.176000 0.991040
-0.172000 0.991040
-0.168000 0.991040
-0.164000 0.991039
-0.160000 0.991039
-0.156000 0.991039
-0.152000 0.991039
-0.148000 0.991039
-0.144000 0.991038
-0.140000 0.991038
-0.136000 0.991038
-0.132000 0.991038
-0.128000 0.991038
-0.124000 0.991038
-0.120000 0.991038
-0.116000 0.991038
-0.112000 0.991038
-0.108000 0.991038
-0.104000 0.991038
-0.100000 0.991037
-0.096000 0.991037
-0.092000 0.991037
-0.088000 0.991037
-0.084000 0.991037
-0.080000 0.991037
-0.076000 0.991037
-0.072000 0.991037
-0.068000 0.991037
-0.064000 0.991037
-0.060000 0.991037
-0.056000 0.991037
-0.052000 0.991037
-0.048000 0.991037
-0.044000 0.991037
-0.040000 0.991037
-0.036000 0.991037
-0.032000 0.991037
-0.028000 0.991037
-0.024000 0.991037
-0.020000 0.991037
-0.016000 0.991037
-0.012000 0.991037
-0.008000 0.991037
-0.004000 0.991037
0.000000 0.991037
0.004000 0.991037
0.008000 0.991037
0.012000 0.991037
0.016000 0.991037
0.020000 0.991037
0.024000 0.991037
0.028000 0.991037
0.032000 0.991037
0.036000 0.991037
0.040000 0.991037
0.044000 0.991037
0.048000 0.991037
0.052000 0.991037
0.056000 0.991037
0.060000 0.991037
0.064000 0.991037
0.068000 0.991037
0.072000 0.991037
0.076000 0.991037
0.080000 0.991037
0.084000 0.991037
0.088000 0.991037
0.092000 0.991037
0.096000 0.991037
0.100000 0.991037
0.104000 0.991037
0.108000 0.991037
0.112000 0.991037
0.116000 0.991037
0.120000 0.991037
0.124000 0.991037
0.128000 0.991037
0.132000 0.991037
0.136000 0.991037
0.140000 0.991037
0.144000 0.991037
0.148000 0.991037
0.152000 0.991037
0.156000 0.991037
0.160000 0.991037
0.164000 0.991037
0.168000 0.991037
0.172000 0.991037
0.176000 0.991037
0.180000 0.991037
0.184000 0.991037
0.188000 0.991037
0.192000 0.991037
0.196000 0.991037
0.200000 0.991037
0.204000 0.991037
0.208000 0.991037
0.212000 0.991037
0.216000 0.991037
0.220000 0.991037
0.224000 0.991037
0.228000 0.991037
0.232000 0.991037
0.236000 0.991037
0.240000 0.991037
0.244000 0.991037
0.248000 0.991037
0.252000 0.991037
0.256000 0.991037
0.260000 0.991037
0.264000 0.991037
0.268000 0.991037
0.272000 0.991037
0.276000 0.991037
0.280000 0.991037
0.284000 0.991037
0.288000 0.991037
0.292000 0.991037
0.296000 0.991037
0.300000 0.991037
0.304000 0.991037
0.308000 0.991037
0.312000 0.991037
0.316000 0.991037
0.320000 0.991037
0.324000 0.991037
0.328000 0.991037
0.332000 0.991037
0.336000 0.991037
0.340000 0.991037
0.344000 0.991037
0.348000 0.991037
0.352000 0.991037
0.356000 0.991037
0.360000 0.991037
0.364000 0.991037
0.368000 0.991037
0.372000 0.991037
0.376000 0.991037
0.380000 0.991037
0.384000 0.991037
0.388000 0.991037
0.392000 0.991037
0.396000 0.991037
0.400000 0.991037
0.404000 0.991037
0.408000 0.991037
0.412000 0.991037
0.416000 0.991037
0.420000 0.991037
0.424000 0.991037
0.428000 0.991037
0.432000 0.991037
0.436000 0.991037
0.440000 0.991037
0.444000 0.991037
0.448000 0.991037
0.452000 0.991037
0.456000 0.991037
0.460000 0.991037
0.464000 0.991037
0.468000 0.991037
0.472000 0.991037
0.476000 0.991037
0.480000 0.991037
0.484000 0.991037
0.488000 0.991037
0.492000 0.991037
0.496000 0.991037
0.500000 0.991037
0.504000 0.991037
0.508000 0.991037
0.512000 0.991037
0.516000 0.991037
0.520000 0.991037
0.524000 0.991037
0.528000 0.991037
0.532000 0.991037
0.536000 0.991037
0.540000 0.991037
0.544000 0.991037
0.548000 0.991037
0.552000 0.991037
0.556000 0.991037
0.560000 0.991037
0.564000 0.991037
0.568000 0.991037
0.572000 0.991037
0.576000 0.991037
0.580000 0.991037
0.584000 0.991037
0.588000 0.991037
0.592000 0.991037
0.596000 0.991037
0.600000 0.991037
0.604000 0.991037
0.608000 0.991037
0.612000 0.991037
0.616000 0.991037
0.620000 0.991037
0.624000 0.991037
0.628000 0.991037
0.632000 0.991037
0.636000 0.991037
0.640000 0.991037
0.644000 0.991037
0.648000 0.991037
0.652000 0.991037
0.656000 0.991037
0.660000 0.991037
0.664000 0.991037
0.668000 0.991037
0.672000 0.991037
0.676000 0.991037
0.680000 0.991037
0.684000 0.991037
0.688000 0.991037
0.692000 0.991037
0.696000 0.991037
0.700000 0.991037
0.704000 0.991037
0.708000 0.991037
0.712000 0.991037
0.716000 0.991037
0.720000 0.991037
0.724000 0.991037
0.728000 0.991037
0.732000 0.991037
0.736000 0.991037
0.740000 0.991037
0.744000 0.991037
0.748000 0.991037
0.752000 0.991037
0.756000 0.991037
0.760000 0.991037
0.764000 0.991037
0.768000 0.991037
0.772000 0.991037
0.776000 0.991037
0.780000 0.991037
0.784000 0.991037
0.788000 0.991037
0.792000 0.991037
0.796000 0.991037
0.800000 0.991037
0.804000 0.991037
0.808000 0.991037
0.812000 0.991037
0.816000 0.991037
0.820000 0.991037
0.824000 0.991037
0.828000 0.991037
0.832000 0.991037
0.836000 0.991037
0.840000 0.991037
0.844000 0.991037
0.848000 0.991037
0.852000 0.991037
0.856000 0.991037
0.860000 0.991037
0.864000 0.991037
0.868000 0.991037
0.872000 0.991037
0.876000 0.991037
0.880000 0.991037
0.884000 0.991037
0.888000 0.991037
0.892000 0.991037
0.896000 0.991037
0.900000 0.991037
0.904000 0.991037
0.908000 0.991037
0.912000 0.991037
0.916000 0.991037
0.920000 0.991037
0.924000 0.991037
0.928000 0.991037
0.932000 0.991037
0.936000 0.991037
0.940000 0.991037
0.944000 0.991037
0.948000 0.991037
0.952000 0.991037
0.956000 0.991037
0.960000 0.991037
0.964000 0.991037
0.968000 0.991037
0.972000 0.991037
0.976000 0.991037
0.980000 0.991037
0.984000 0.991037
0.988000 0.991037
0.992000 0.991037
0.996000 0.991037
1.000000 0.991037
