-1.000000 0.997928
-0.996000 0.997928
-0.992000 0.997928
-0.988000 0.997928
-0.984000 0.997928
-0.980000 0.997928
-0.976000 0.997928
-0.972000 0.997928
-0.968000 0.997928
-0.964000 0.997928
-0.960000 0.997928
-0.956000 0.997928
-0.952000 0.997928
-0.948000 0.997928
-0.944000 0.997928
-0.940000 0.997928
-0.936000 0.997928
-0.932000 0.997928
-0.928000 0.997928
-0.924000 0.997928
-0.920000 0.997928
-0.916000 0.997928
-0.912000 0.997928
-0.908000 0.997928
-0.904000 0.997928
-0.900000 0.997928
-0.896000 0.997928
-0.892000 0.997928
-0.888000 0.997928
-0.884000 0.997928
-0.880000 0.997928
-0.876000 0.997928
-0.872000 0.997928
-0.868000 0.997928
-0.864000 0.997928
-0.860000 0.997928
-0.856000 0.997928
-0.852000 0.997928
-0.848000 0.997928
-0.844000 0.997928
-0.840000 0.997928
-0.836000 0.997928
-0.832000 0.997928
-0.828000 0.997928
-0.824000 0.997928
-0.820000 0.997928
-0.816000 0.997928
-0.812000 0.997928
-0.808000 0.997928
-0.804000 0.997928
-0.800000 0.997928
-0.796000 0.997927
-0.792000 0.997927
-0.788000 0.997927
-0.784000 0.997927
-0.780000 0.997927
-0.776000 0.997927
-0.772000 0.997927
-0.768000 0.997927
-0.764000 0.997927
-0.760000 0.997926
-0.756000 0.997926
-0.752000 0.997926
-0.748000 0.997926
-0.744000 0.997925
-0.740000 0.997925
-0.736000 0.997925
-0.732000 0.997924
-0.728000 0.997924
-0.724000 0.997923
-0.720000 0.997923
-0.716000 0.997922
-0.712000 0.997922
-0.708000 0.997921
-0.704000 0.997920
-0.700000 0.997919
-0.696000 0.997918
-0.692000 0.997917
-0.688000 0.997916
-0.684000 0.997915
-0.680000 0.997913
-0.676000 0.997912
-0.672000 0.997910
-0.668000 0.997909
-0.664000 0.997907
-0.660000 0.997905
-0.656000 0.997902
-0.652000 0.997900
-0.648000 0.997897
-0.644000 0.997894
-0.640000 0.997891
-0.636000 0.997888
-0.632000 0.997884
-0.628000 0.997881
-0.624000 0.997877
-0.620000 0.997872
-0.616000 0.997867
-0.612000 0.997862
-0.608000 0.997857
-0.604000 0.997851
-0.600000 0.997845
-0.596000 0.997838
-0.592000 0.997831
-0.588000 0.997823
-0.584000 0.997815
-0.580000 0.997806
-0.576000 0.997797
-0.572000 0.997788
-0.568000 0.997777
-0.564000 0.997766
-0.560000 0.997755
-0.556000 0.997743
-0.552000 0.997730
-0.548000 0.997716
-0.544000 0.997702
-0.540000 0.997687
-0.536000 0.997671
-0.532000 0.997654
-0.528000 0.997637
-0.524000 0.997618
-0.520000 0.997599
-0.516000 0.997579
-0.512000 0.997558
-0.508000 0.997536
-0.504000 0.997513
-0.500000 0.997489
-0.496000 0.997463
-0.492000 0.997437
-0.488000 0.997410
-0.484000 0.997382
-0.480000 0.997352
-0.476000 0.997322
-0.472000 0.997290
-0.468000 0.997257
-0.464000 0.997223
-0.460000 0.997188
-0.456000 0.997151
-0.452000 0.997114
-0.448000 0.997075
-0.444000 0.997035
-0.440000 0.996994
-0.436000 0.996951
-0.432000 0.996908
-0.428000 0.996863
-0.424000 0.996817
-0.420000 0.996769
-0.416000 0.996721
-0.412000 0.996671
-0.408000 0.996620
-0.404000 0.996568
-0.400000 0.996515
-0.396000 0.996461
-0.392000 0.996406
-0.388000 0.996349
-0.384000 0.996292
-0.380000 0.996233
-0.376000 0.996173
-0.372000 0.996113
-0.368000 0.996051
-0.364000 0.995989
-0.360000 0.995926
-0.356000 0.995861
-0.352000 0.995796
-0.348000 0.995731
-0.344000 0.995664
-0.340000 0.995597
-0.336000 0.995529
-0.332000 0.995461
-0.328000 0.995392
-0.324000 0.995322
-0.320000 0.995252
-0.316000 0.995182
-0.312000 0.995111
-0.308000 0.995040
-0.304000 0.994969
-0.300000 0.994898
-0.296000 0.994826
-0.292000 0.994754
-0.288000 0.994682
-0.284000 0.994610
-0.280000 0.994538
-0.276000 0.994466
-0.272000 0.994395
-0.268000 0.994323
-0.264000 0.994252
-0.260000 0.994181
-0.256000 0.994110
-0.252000 0.994040
-0.248000 0.993970
-0.244000 0.993901
-0.240000 0.993832
-0.236000 0.993763
-0.232000 0.993695
-0.228000 0.993628
-0.224000 0.993561
-0.220000 0.993495
-0.216000 0.993430
-0.212000 0.993366
-0.208000 0.993302
-0.204000 0.993239
-0.200000 0.993177
-0.196000 0.993116
-0.192000 0.993056
-0.188000 0.992996
-0.184000 0.992938
-0.180000 0.992881
-0.176000 0.992824
-0.172000 0.992769
-0.168000 0.992714
-0.164000 0.992661
-0.160000 0.992608
-0.156000 0.992557
-0.152000 0.992507
-0.148000 0.992458
-0.144000 0.992409
-0.140000 0.992362
-0.136000 0.992316
-0.132000 0.992271
-0.128000 0.992227
-0.124000 0.992185
-0.120000 0.992143
-0.116000 0.992102
-0.112000 0.992063
-0.108000 0.992024
-0.104000 0.991987
-0.100000 0.991950
-0.096000 0.991915
-0.092000 0.991880
-0.088000 0.991847
-0.084000 0.991815
-0.080000 0.991783
-0.076000 0.991753
-0.072000 0.991723
-0.068000 0.991695
-0.064000 0.991667
-0.060000 0.991640
-0.056000 0.991615
-0.052000 0.991590
-0.048000 0.991566
-0.044000 0.991542
-0.040000 0.991520
-0.036000 0.991498
-0.032000 0.991478
-0.028000 0.991457
-0.024000 0.991438
-0.020000 0.991420
-0.016000 0.991402
-0.012000 0.991385
-0.008000 0.991368
-0.004000 0.991352
0.000000 0.991337
0.004000 0.991322
0.008000 0.991308
0.012000 0.991295
0.016000 0.991282
0.020000 0.991270
0.024000 0.991258
0.028000 0.991247
0.032000 0.991236
0.036000 0.991226
0.040000 0.991216
0.044000 0.991207
0.048000 0.991198
0.052000 0.991189
0.056000 0.991181
0.060000 0.991173
0.064000 0.991166
0.068000 0.991159
0.072000 0.991152
0.076000 0.991146
0.080000 0.991140
0.084000 0.991134
0.088000 0.991129
0.092000 0.991123
0.096000 0.991118
0.100000 0.991114
0.104000 0.991109
0.108000 0.991105
0.112000 0.991101
0.116000 0.991097
0.120000 0.991094
0.124000 0.991090
0.128000 0.991087
0.132000 0.991084
0.136000 0.991081
0.140000 0.991079
0.144000 0.991076
0.148000 0.991074
0.152000 0.991071
0.156000 0.991069
0.160000 0.991067
0.164000 0.991065
0.168000 0.991064
0.172000 0.991062
0.176000 0.991060
0.180000 0.991059
0.184000 0.991057
0.188000 0.991056
0.192000 0.991055
0.196000 0.991054
0.200000 0.991053
0.204000 0.991052
0.208000 0.991051
0.212000 0.991050
0.216000 0.991049
0.220000 0.991048
0.224000 0.991047
0.228000 0.991047
0.232000 0.991046
0.236000 0.991045
0.240000 0.991045
0.244000 0.991044
0.248000 0.991044
0.252000 0.991043
0.256000 0.991043
0.260000 0.991042
0.264000 0.991042
0.268000 0.991042
0.272000 0.991041
0.276000 0.991041
0.280000 0.991041
0.284000 0.991040
0.288000 0.991040
0.292000 0.991040
0.296000 0.991040
0.300000 0.991040
0.304000 0.991039
0.308000 0.991039
0.312000 0.991039
0.316000 0.991039
0.320000 0.991039
0.324000 0.991039
0.328000 0.991038
0.332000 0.991038
0.336000 0.991038
0.340000 0.991038
0.344000 0.991038
0.348000 0.991038
0.352000 0.991038
0.356000 0.991038
0.360000 0.991038
0.364000 0.991038
0.368000 0.991038
0.372000 0.991038
0.376000 0.991038
0.380000 0.991038
0.384000 0.991037
0.388000 0.991037
0.392000 0.991037
0.396000 0.991037
0.400000 0.991037
0.404000 0.991037
0.408000 0.991037
0.412000 0.991037
0.416000 0.991037
0.420000 0.991037
0.424000 0.991037
0.428000 0.991037
0.432000 0.991037
0.436000 0.991037
0.440000 0.991037
0.444000 0.991037
0.448000 0.991037
0.452000 0.991037
0.456000 0.991037
0.460000 0.991037
0.464000 0.991037
0.468000 0.991037
0.472000 0.991037
0.476000 0.991037
0.480000 0.991037
0.484000 0.991037
0.488000 0.991037
0.492000 0.991037
0.496000 0.991037
0.500000 0.991037
0.504000 0.991037
0.508000 0.991037
0.512000 0.991037
0.516000 0.991037
0.520000 0.991037
0.524000 0.991037
0.528000 0.991037
0.532000 0.991037
0.536000 0.991037
0.540000 0.991037
0.544000 0.991037
0.548000 0.991037
0.552000 0.991037
0.556000 0.991037
0.560000 0.991037
0.564000 0.991037
0.568000 0.991037
0.572000 0.991037
0.576000 0.991037
0.580000 0.991037
0.584000 0.991037
0.588000 0.991037
0.592000 0.991037
0.596000 0.991037
0.600000 0.991037
0.604000 0.991037
0.608000 0.991037
0.612000 0.991037
0.616000 0.991037
0.620000 0.991037
0.624000 0.991037
0.628000 0.991037
0.632000 0.991037
0.636000 0.991037
0.640000 0.991037
0.644000 0.991037
0.648000 0.991037
0.652000 0.991037
0.656000 0.991037
0.660000 0.991037
0.664000 0.991037
0.668000 0.991037
0.672000 0.991037
0.676000 0.991037
0.680000 0.991037
0.684000 0.991037
0.688000 0.991037
0.692000 0.991037
0.696000 0.991037
0.700000 0.991037
0.704000 0.991037
0.708000 0.991037
0.712000 0.991037
0.716000 0.991037
0.720000 0.991037
0.724000 0.991037
0.728000 0.991037
0.732000 0.991037
0.736000 0.991037
0.740000 0.991037
0.744000 0.991037
0.748000 0.991037
0.752000 0.991037
0.756000 0.991037
0.760000 0.991037
0.764000 0.991037
0.768000 0.991037
0.772000 0.991037
0.776000 0.991037
0.780000 0.991037
0.784000 0.991037
0.788000 0.991037
0.792000 0.991037
0.796000 0.991037
0.800000 0.991037
0.804000 0.991037
0.808000 0.991037
0.812000 0.991037
0.816000 0.991037
0.820000 0.991037
0.824000 0.991037
0.828000 0.991037
0.832000 0.991037
0.836000 0.991037
0.840000 0.991037
0.844000 0.991037
0.848000 0.991037
0.852000 0.991037
0.856000 0.991037
0.860000 0.991037
0.864000 0.991037
0.868000 0.991037
0.872000 0.991037
0.876000 0.991037
0.880000 0.991037
0.884000 0.991037
0.888000 0.991037
0.892000 0.991037
0.896000 0.991037
0.900000 0.991037
0.904000 0.991037
0.908000 0.991037
0.912000 0.991037
0.916000 0.991037
0.920000 0.991037
0.924000 0.991037
0.928000 0.991037
0.932000 0.991037
0.936000 0.991037
0.940000 0.991037
0.944000 0.991037
0.948000 0.991037
0.952000 0.991037
0.956000 0.991037
0.960000 0.991037
0.964000 0.991037
0.968000 0.991037
0.972000 0.991037
0.976000 0.991037
0.980000 0.991037
0.984000 0.991037
0.988000 0.991037
0.992000 0.991037
0.996000 0.991037
1.000000 0.991037
