-1.000000 0.991037
-0.996000 0.991037
-0.992000 0.991037
-0.988000 0.991037
-0.984000 0.991037
-0.980000 0.991037
-0.976000 0.991037
-0.972000 0.991037
-0.968000 0.991037
-0.964000 0.991037
-0.960000 0.991037
-0.956000 0.991037
-0.952000 0.991037
-0.948000 0.991037
-0.944000 0.991037
-0.940000 0.991037
-0.936000 0.991037
-0.932000 0.991037
-0.928000 0.991037
-0.924000 0.991037
-0.920000 0.991037
-0.916000 0.991037
-0.912000 0.991037
-0.908000 0.991037
-0.904000 0.991037
-0.900000 0.991037
-0.896000 0.991037
-0.892000 0.991037
-0.888000 0.991037
-0.884000 0.991037
-0.880000 0.991037
-0.876000 0.991037
-0.872000 0.991037
-0.868000 0.991037
-0.864000 0.991037
-0.860000 0.991037
-0.856000 0.991037
-0.852000 0.991037
-0.848000 0.991037
-0.844000 0.991037
-0.840000 0.991037
-0.836000 0.991037
-0.832000 0.991037
-0.828000 0.991037
-0.824000 0.991037
-0.820000 0.991037
-0.816000 0.991037
-0.812000 0.991037
-0.808000 0.991037
-0.804000 0.991037
-0.800000 0.991037
-0.796000 0.991037
-0.792000 0.991037
-0.788000 0.991037
-0.784000 0.991037
-0.780000 0.991037
-0.776000 0.991037
-0.772000 0.991037
-0.768000 0.991037
-0.764000 0.991037
-0.760000 0.991037
-0.756000 0.991037
-0.752000 0.991037
-0.748000 0.991037
-0.744000 0.991037
-0.740000 0.991037
-0.736000 0.991037
-0.732000 0.991037
-0.728000 0.991037
-0.724000 0.991037
-0.720000 0.991037
-0.716000 0.991037
-0.712000 0.991037
-0.708000 0.991037
-0.704000 0.991037
-0.700000 0.991037
-0.696000 0.991037
-0.692000 0.991037
-0.688000 0.991037
-0.684000 0.991037
-0.680000 0.991037
-0.676000 0.991037
-0.672000 0.991037
-0.668000 0.991037
-0.664000 0.991037
-0.660000 0.991037
-0.656000 0.991037
-0.652000 0.991037
-0.648000 0.991037
-0.644000 0.991037
-0.640000 0.991037
-0.636000 0.991037
-0.632000 0.991037
-0.628000 0.991037
-0.624000 0.991037
-0.620000 0.991037
-0.616000 0.991037
-0.612000 0.991037
-0.608000 0.991037
-0.604000 0.991037
-0.600000 0.991037
-0.596000 0.991037
-0.592000 0.991037
-0.588000 0.991037
-0.584000 0.991037
-0.580000 0.991037
-0.576000 0.991037
-0.572000 0.991037
-0.568000 0.991037
-0.564000 0.991037
-0.560000 0.991037
-0.556000 0.991037
-0.552000 0.991037
-0.548000 0.991037
-0.544000 0.991037
-0.540000 0.991037
-0.536000 0.991037
-0.532000 0.991037
-0.528000 0.991037
-0.524000 0.991037
-0.520000 0.991037
-0.516000 0.991038
-0.512000 0.991038
-0.508000 0.991038
-0.504000 0.991038
-0.500000 0.991038
-0.496000 0.991038
-0.492000 0.991038
-0.488000 0.991038
-0.484000 0.991038
-0.480000 0.991038
-0.476000 0.991038
-0.472000 0.991038
-0.468000 0.991038
-0.464000 0.991039
-0.460000 0.991039
-0.456000 0.991039
-0.452000 0.991039
-0.448000 0.991039
-0.444000 0.991039
-0.440000 0.991040
-0.436000 0.991040
-0.432000 0.991040
-0.428000 0.991040
-0.424000 0.991041
-0.420000 0.991041
-0.416000 0.991041
-0.412000 0.991042
-0.408000 0.991042
-0.404000 0.991043
-0.400000 0.991043
-0.396000 0.991043
-0.392000 0.991044
-0.388000 0.991044
-0.384000 0.991045
-0.380000 0.991046
-0.376000 0.991046
-0.372000 0.991047
-0.368000 0.991048
-0.364000 0.991049
-0.360000 0.991049
-0.356000 0.991050
-0.352000 0.991051
-0.348000 0.991052
-0.344000 0.991053
-0.340000 0.991055
-0.336000 0.991056
-0.332000 0.991057
-0.328000 0.991058
-0.324000 0.991060
-0.320000 0.991061
-0.316000 0.991063
-0.312000 0.991065
-0.308000 0.991067
-0.304000 0.991069
-0.300000 0.991071
-0.296000 0.991073
-0.292000 0.991075
-0.288000 0.991077
-0.284000 0.991080
-0.280000 0.991083
-0.276000 0.991085
-0.272000 0.991088
-0.268000 0.991091
-0.264000 0.991095
-0.260000 0.991098
-0.256000 0.991102
-0.252000 0.991105
-0.248000 0.991109
-0.244000 0.991113
-0.240000 0.991118
-0.236000 0.991122
-0.232000 0.991127
-0.228000 0.991132
-0.224000 0.991137
-0.220000 0.991142
-0.216000 0.991147
-0.212000 0.991153
-0.208000 0.991159
-0.204000 0.991166
-0.200000 0.991172
-0.196000 0.991179
-0.192000 0.991186
-0.188000 0.991193
-0.184000 0.991201
-0.180000 0.991209
-0.176000 0.991217
-0.172000 0.991225
-0.168000 0.991234
-0.164000 0.991243
-0.160000 0.991253
-0.156000 0.991263
-0.152000 0.991273
-0.148000 0.991283
-0.144000 0.991294
-0.140000 0.991305
-0.136000 0.991317
-0.132000 0.991328
-0.128000 0.991341
-0.124000 0.991353
-0.120000 0.991366
-0.116000 0.991380
-0.112000 0.991393
-0.108000 0.991407
-0.104000 0.991422
-0.100000 0.991437
-0.096000 0.991452
-0.092000 0.991468
-0.088000 0.991484
-0.084000 0.991500
-0.080000 0.991517
-0.076000 0.991535
-0.072000 0.991552
-0.068000 0.991570
-0.064000 0.991589
-0.060000 0.991608
-0.056000 0.991627
-0.052000 0.991647
-0.048000 0.991667
-0.044000 0.991688
-0.040000 0.991709
-0.036000 0.991730
-0.032000 0.991752
-0.028000 0.991774
-0.024000 0.991797
-0.020000 0.991820
-0.016000 0.991843
-0.012000 0.991867
-0.008000 0.991891
-0.004000 0.991915
0.000000 0.991940
0.004000 0.991966
0.008000 0.991991
0.012000 0.992017
0.016000 0.992043
0.020000 0.992070
0.024000 0.992097
0.028000 0.992124
0.032000 0.992151
0.036000 0.992179
0.040000 0.992207
0.044000 0.992236
0.048000 0.992264
0.052000 0.992293
0.056000 0.992322
0.060000 0.992352
0.064000 0.992381
0.068000 0.992411
0.072000 0.992441
0.076000 0.992471
0.080000 0.992501
0.084000 0.992532
0.088000 0.992563
0.092000 0.992593
0.096000 0.992624
0.100000 0.992655
0.104000 0.992686
0.108000 0.992718
0.112000 0.992749
0.116000 0.992780
0.120000 0.992812
0.124000 0.992843
0.128000 0.992874
0.132000 0.992906
0.136000 0.992937
0.140000 0.992969
0.144000 0.993000
0.148000 0.993031
0.152000 0.993063
0.156000 0.993094
0.160000 0.993125
0.164000 0.993156
0.168000 0.993187
0.172000 0.993218
0.176000 0.993248
0.180000 0.993279
0.184000 0.993309
0.188000 0.993339
0.192000 0.993370
0.196000 0.993399
0.200000 0.993429
0.204000 0.993458
0.208000 0.993488
0.212000 0.993517
0.216000 0.993545
0.220000 0.993574
0.224000 0.993602
0.228000 0.993630
0.232000 0.993658
0.236000 0.993685
0.240000 0.993712
0.244000 0.993739
0.248000 0.993765
0.252000 0.993792
0.256000 0.993817
0.260000 0.993843
0.264000 0.993868
0.268000 0.993893
0.272000 0.993918
0.276000 0.993942
0.280000 0.993966
0.284000 0.993989
0.288000 0.994012
0.292000 0.994035
0.296000 0.994057
0.300000 0.994080
0.304000 0.994101
0.308000 0.994123
0.312000 0.994143
0.316000 0.994164
0.320000 0.994184
0.324000 0.994204
0.328000 0.994224
0.332000 0.994243
0.336000 0.994261
0.340000 0.994280
0.344000 0.994298
0.348000 0.994315
0.352000 0.994333
0.356000 0.994350
0.360000 0.994366
0.364000 0.994382
0.368000 0.994398
0.372000 0.994413
0.376000 0.994429
0.380000 0.994443
0.384000 0.994458
0.388000 0.994472
0.392000 0.994485
0.396000 0.994499
0.400000 0.994512
0.404000 0.994524
0.408000 0.994537
0.412000 0.994549
0.416000 0.994561
0.420000 0.994572
0.424000 0.994583
0.428000 0.994594
0.432000 0.994604
0.436000 0.994615
0.440000 0.994625
0.444000 0.994634
0.448000 0.994644
0.452000 0.994653
0.456000 0.994662
0.460000 0.994670
0.464000 0.994678
0.468000 0.994686
0.472000 0.994694
0.476000 0.994702
0.480000 0.994709
0.484000 0.994716
0.488000 0.994723
0.492000 0.994730
0.496000 0.994736
0.500000 0.994742
0.504000 0.994748
0.508000 0.994754
0.512000 0.994760
0.516000 0.994765
0.520000 0.994770
0.524000 0.994775
0.528000 0.994780
0.532000 0.994785
0.536000 0.994789
0.540000 0.994794
0.544000 0.994798
0.548000 0.994802
0.552000 0.994806
0.556000 0.994809
0.560000 0.994813
0.564000 0.994816
0.568000 0.994820
0.572000 0.994823
0.576000 0.994826
0.580000 0.994829
0.584000 0.994832
0.588000 0.994835
0.592000 0.994837
0.596000 0.994840
0.600000 0.994842
0.604000 0.994844
0.608000 0.994847
0.612000 0.994849
0.616000 0.994851
0.620000 0.994853
0.624000 0.994855
0.628000 0.994856
0.632000 0.994858
0.636000 0.994860
0.640000 0.994861
0.644000 0.994863
0.648000 0.994864
0.652000 0.994866
0.656000 0.994867
0.660000 0.994868
0.664000 0.994869
0.668000 0.994871
0.672000 0.994872
0.676000 0.994873
0.680000 0.994874
0.684000 0.994875
0.688000 0.994875
0.692000 0.994876
0.696000 0.994877
0.700000 0.994878
0.704000 0.994879
0.708000 0.994879
0.712000 0.994880
0.716000 0.994881
0.720000 0.994881
0.724000 0.994882
0.728000 0.994882
0.732000 0.994883
0.736000 0.994883
0.740000 0.994884
0.744000 0.994884
0.748000 0.994885
0.752000 0.994885
0.756000 0.994886
0.760000 0.994886
0.764000 0.994886
0.768000 0.994887
0.772000 0.994887
0.776000 0.994887
0.780000 0.994887
0.784000 0.994888
0.788000 0.994888
0.792000 0.994888
0.796000 0.994888
0.800000 0.994889
0.804000 0.994889
0.808000 0.994889
0.812000 0.994889
0.816000 0.994889
0.820000 0.994889
0.824000 0.994890
0.828000 0.994890
0.832000 0.994890
0.836000 0.994890
0.840000 0.994890
0.844000 0.994890
0.848000 0.994890
0.852000 0.994890
0.856000 0.994891
0.860000 0.994891
0.864000 0.994891
0.868000 0.994891
0.872000 0.994891
0.876000 0.994891
0.880000 0.994891
0.884000 0.994891
0.888000 0.994891
0.892000 0.994891
0.896000 0.994891
0.900000 0.994891
0.904000 0.994891
0.908000 0.994891
0.912000 0.994891
0.916000 0.994891
0.920000 0.994891
0.924000 0.994892
0.928000 0.994892
0.932000 0.994892
0.936000 0.994892
0.940000 0.994892
0.944000 0.994892
0.948000 0.994892
0.952000 0.994892
0.956000 0.994892
0.960000 0.994892
0.964000 0.994892
0.968000 0.994892
0.972000 0.994892
0.976000 0.994892
0.980000 0.994892
0.984000 0.994892
0.988000 0.994892
0.992000 0.994892
0.996000 0.994892
1.000000 0.994892
