-1.000000 0.992919
-0.996000 0.992919
-0.992000 0.992919
-0.988000 0.992919
-0.984000 0.992919
-0.980000 0.992919
-0.976000 0.992919
-0.972000 0.992919
-0.968000 0.992919
-0.964000 0.992919
-0.960000 0.992919
-0.956000 0.992919
-0.952000 0.992919
-0.948000 0.992919
-0.944000 0.992919
-0.940000 0.992919
-0.936000 0.992919
-0.932000 0.992919
-0.928000 0.992919
-0.924000 0.992919
-0.920000 0.992919
-0.916000 0.992919
-0.912000 0.992919
-0.908000 0.992919
-0.904000 0.992919
-0.900000 0.992919
-0.896000 0.992919
-0.892000 0.992919
-0.888000 0.992919
-0.884000 0.992919
-0.880000 0.992919
-0.876000 0.992919
-0.872000 0.992919
-0.868000 0.992919
-0.864000 0.992919
-0.860000 0.992919
-0.856000 0.992919
-0.852000 0.992919
-0.848000 0.992919
-0.844000 0.992919
-0.840000 0.992919
-0.836000 0.992919
-0.832000 0.992919
-0.828000 0.992919
-0.824000 0.992919
-0.820000 0.992919
-0.816000 0.992919
-0.812000 0.992919
-0.808000 0.992919
-0.804000 0.992919
-0.800000 0.992919
-0.796000 0.992919
-0.792000 0.992919
-0.788000 0.992919
-0.784000 0.992919
-0.780000 0.992919
-0.776000 0.992919
-0.772000 0.992919
-0.768000 0.992919
-0.764000 0.992919
-0.760000 0.992919
-0.756000 0.992919
-0.752000 0.992919
-0.748000 0.992919
-0.744000 0.992919
-0.740000 0.992919
-0.736000 0.992919
-0.732000 0.992919
-0.728000 0.992919
-0.724000 0.992919
-0.720000 0.992919
-0.716000 0.992919
-0.712000 0.992919
-0.708000 0.992919
-0.704000 0.992919
-0.700000 0.992919
-0.696000 0.992919
-0.692000 0.992919
-0.688000 0.992919
-0.684000 0.992919
-0.680000 0.992919
-0.676000 0.992919
-0.672000 0.992919
-0.668000 0.992919
-0.664000 0.992919
-0.660000 0.992919
-0.656000 0.992919
-0.652000 0.992919
-0.648000 0.992919
-0.644000 0.992919
-0.640000 0.992919
-0.636000 0.992919
-0.632000 0.992919
-0.628000 0.992919
-0.624000 0.992919
-0.620000 0.992919
-0.616000 0.992919
-0.612000 0.992919
-0.608000 0.992919
-0.604000 0.992919
-0.600000 0.992919
-0.596000 0.992919
-0.592000 0.992919
-0.588000 0.992919
-0.584000 0.992919
-0.580000 0.992919
-0.576000 0.992919
-0.572000 0.992919
-0.568000 0.992919
-0.564000 0.992919
-0.560000 0.992919
-0.556000 0.992919
-0.552000 0.992919
-0.548000 0.992919
-0.544000 0.992919
-0.540000 0.992919
-0.536000 0.992919
-0.532000 0.992919
-0.528000 0.992919
-0.524000 0.992919
-0.520000 0.992919
-0.516000 0.992919
-0.512000 0.992919
-0.508000 0.992919
-0.504000 0.992919
-0.500000 0.992919
-0.496000 0.992919
-0.492000 0.992919
-0.488000 0.992919
-0.484000 0.992919
-0.480000 0.992919
-0.476000 0.992919
-0.472000 0.992919
-0.468000 0.992919
-0.464000 0.992919
-0.460000 0.992919
-0.456000 0.992919
-0.452000 0.992919
-0.448000 0.992919
-0.444000 0.992919
-0.440000 0.992919
-0.436000 0.992919
-0.432000 0.992919
-0.428000 0.992919
-0.424000 0.992919
-0.420000 0.992919
-0.416000 0.992919
-0.412000 0.992919
-0.408000 0.992919
-0.404000 0.992919
-0.400000 0.992919
-0.396000 0.992919
-0.392000 0.992919
-0.388000 0.992919
-0.384000 0.992919
-0.380000 0.992919
-0.376000 0.992919
-0.372000 0.992919
-0.368000 0.992919
-0.364000 0.992919
-0.360000 0.992919
-0.356000 0.992919
-0.352000 0.992919
-0.348000 0.992919
-0.344000 0.992919
-0.340000 0.992919
-0.336000 0.992919
-0.332000 0.992919
-0.328000 0.992919
-0.324000 0.992919
-0.320000 0.992919
-0.316000 0.992919
-0.312000 0.992919
-0.308000 0.992919
-0.304000 0.992919
-0.300000 0.992919
-0.296000 0.992919
-0.292000 0.992919
-0.288000 0.992919
-0.284000 0.992919
-0.280000 0.992919
-0.276000 0.992919
-0.272000 0.992919
-0.268000 0.992919
-0.264000 0.992919
-0.260000 0.992919
-0.256000 0.992919
-0.252000 0.992919
-0.248000 0.992919
-0.244000 0.992919
-0.240000 0.992919
-0.236000 0.992919
-0.232000 0.992919
-0.228000 0.992919
-0.224000 0.992919
-0.220000 0.992919
-0.216000 0.992919
-0.212000 0.992919
-0.208000 0.992919
-0.204000 0.992919
-0.200000 0.992919
-0.196000 0.992919
-0.192000 0.992919
-0.188000 0.992919
-0.184000 0.992919
-0.180000 0.992919
-0.176000 0.992919
-0.172000 0.992919
-0.168000 0.992920
-0.164000 0.992920
-0.160000 0.992920
-0.156000 0.992920
-0.152000 0.992920
-0.148000 0.992920
-0.144000 0.992920
-0.140000 0.992920
-0.136000 0.992920
-0.132000 0.992920
-0.128000 0.992920
-0.124000 0.992920
-0.120000 0.992920
-0.116000 0.992920
-0.112000 0.992921
-0.108000 0.992921
-0.104000 0.992921
-0.100000 0.992921
-0.096000 0.992921
-0.092000 0.992921
-0.088000 0.992921
-0.084000 0.992922
-0.080000 0.992922
-0.076000 0.992922
-0.072000 0.992922
-0.068000 0.992922
-0.064000 0.992923
-0.060000 0.992923
-0.056000 0.992923
-0.052000 0.992923
-0.048000 0.992924
-0.044000 0.992924
-0.040000 0.992924
-0.036000 0.992925
-0.032000 0.992925
-0.028000 0.992925
-0.024000 0.992926
-0.020000 0.992926
-0.016000 0.992927
-0.012000 0.992927
-0.008000 0.992928
-0.004000 0.992928
0.000000 0.992929
0.004000 0.992930
0.008000 0.992930
0.012000 0.992931
0.016000 0.992932
0.020000 0.992933
0.024000 0.992933
0.028000 0.992934
0.032000 0.992935
0.036000 0.992936
0.040000 0.992937
0.044000 0.992938
0.048000 0.992940
0.052000 0.992941
0.056000 0.992942
0.060000 0.992943
0.064000 0.992945
0.068000 0.992946
0.072000 0.992948
0.076000 0.992949
0.080000 0.992951
0.084000 0.992953
0.088000 0.992955
0.092000 0.992957
0.096000 0.992959
0.100000 0.992961
0.104000 0.992963
0.108000 0.992966
0.112000 0.992968
0.116000 0.992971
0.120000 0.992973
0.124000 0.992976
0.128000 0.992979
0.132000 0.992982
0.136000 0.992985
0.140000 0.992989
0.144000 0.992992
0.148000 0.992996
0.152000 0.993000
0.156000 0.993004
0.160000 0.993008
0.164000 0.993012
0.168000 0.993017
0.172000 0.993021
0.176000 0.993026
0.180000 0.993031
0.184000 0.993037
0.188000 0.993042
0.192000 0.993048
0.196000 0.993054
0.200000 0.993060
0.204000 0.993066
0.208000 0.993073
0.212000 0.993079
0.216000 0.993086
0.220000 0.993094
0.224000 0.993101
0.228000 0.993109
0.232000 0.993117
0.236000 0.993126
0.240000 0.993134
0.244000 0.993143
0.248000 0.993152
0.252000 0.993162
0.256000 0.993172
0.260000 0.993182
0.264000 0.993193
0.268000 0.993203
0.272000 0.993215
0.276000 0.993226
0.280000 0.993238
0.284000 0.993250
0.288000 0.993263
0.292000 0.993276
0.296000 0.993289
0.300000 0.993303
0.304000 0.993317
0.308000 0.993332
0.312000 0.993346
0.316000 0.993362
0.320000 0.993377
0.324000 0.993394
0.328000 0.993410
0.332000 0.993427
0.336000 0.993445
0.340000 0.993463
0.344000 0.993481
0.348000 0.993500
0.352000 0.993519
0.356000 0.993539
0.360000 0.993559
0.364000 0.993579
0.368000 0.993600
0.372000 0.993622
0.376000 0.993644
0.380000 0.993667
0.384000 0.993690
0.388000 0.993713
0.392000 0.993737
0.396000 0.993762
0.400000 0.993787
0.404000 0.993812
0.408000 0.993838
0.412000 0.993864
0.416000 0.993891
0.420000 0.993919
0.424000 0.993947
0.428000 0.993975
0.432000 0.994004
0.436000 0.994034
0.440000 0.994064
0.444000 0.994094
0.448000 0.994125
0.452000 0.994156
0.456000 0.994188
0.460000 0.994221
0.464000 0.994254
0.468000 0.994287
0.472000 0.994321
0.476000 0.994355
0.480000 0.994390
0.484000 0.994425
0.488000 0.994461
0.492000 0.994497
0.496000 0.994534
0.500000 0.994571
0.504000 0.994609
0.508000 0.994647
0.512000 0.994685
0.516000 0.994724
0.520000 0.994763
0.524000 0.994803
0.528000 0.994843
0.532000 0.994883
0.536000 0.994924
0.540000 0.994965
0.544000 0.995007
0.548000 0.995049
0.552000 0.995091
0.556000 0.995133
0.560000 0.995176
0.564000 0.995220
0.568000 0.995263
0.572000 0.995307
0.576000 0.995351
0.580000 0.995395
0.584000 0.995440
0.588000 0.995485
0.592000 0.995530
0.596000 0.995575
0.600000 0.995621
0.604000 0.995667
0.608000 0.995713
0.612000 0.995759
0.616000 0.995805
0.620000 0.995851
0.624000 0.995898
0.628000 0.995945
0.632000 0.995992
0.636000 0.996038
0.640000 0.996085
0.644000 0.996132
0.648000 0.996180
0.652000 0.996227
0.656000 0.996274
0.660000 0.996321
0.664000 0.996368
0.668000 0.996416
0.672000 0.996463
0.676000 0.996510
0.680000 0.996557
0.684000 0.996604
0.688000 0.996651
0.692000 0.996698
0.696000 0.996745
0.700000 0.996792
0.704000 0.996838
0.708000 0.996885
0.712000 0.996931
0.716000 0.996977
0.720000 0.997023
0.724000 0.997069
0.728000 0.997115
0.732000 0.997160
0.736000 0.997205
0.740000 0.997250
0.744000 0.997295
0.748000 0.997339
0.752000 0.997383
0.756000 0.997427
0.760000 0.997471
0.764000 0.997514
0.768000 0.997557
0.772000 0.997600
0.776000 0.997643
0.780000 0.997685
0.784000 0.997726
0.788000 0.997768
0.792000 0.997809
0.796000 0.997850
0.800000 0.997890
0.804000 0.997930
0.808000 0.997970
0.812000 0.998009
0.816000 0.998048
0.820000 0.998086
0.824000 0.998124
0.828000 0.998162
0.832000 0.998199
0.836000 0.998236
0.840000 0.998272
0.844000 0.998308
0.848000 0.998343
0.852000 0.998379
0.856000 0.998413
0.860000 0.998447
0.864000 0.998481
0.868000 0.998514
0.872000 0.998547
0.876000 0.998579
0.880000 0.998611
0.884000 0.998643
0.888000 0.998674
0.892000 0.998704
0.896000 0.998734
0.900000 0.998764
0.904000 0.998793
0.908000 0.998822
0.912000 0.998850
0.916000 0.998878
0.920000 0.998905
0.924000 0.998932
0.928000 0.998959
0.932000 0.998985
0.936000 0.999010
0.940000 0.999035
0.944000 0.999060
0.948000 0.999084
0.952000 0.999109
0.956000 0.999132
0.960000 0.999156
0.964000 0.999179
0.968000 0.999203
0.972000 0.999227
0.976000 0.999251
0.980000 0.999276
0.984000 0.999303
0.988000 0.999332
0.992000 0.999365
0.996000 0.999403
1.000000 0.999450
