-1.000000 0.992919
-0.996000 0.992919
-0.992000 0.992919
-0.988000 0.992919
-0.984000 0.992919
-0.980000 0.992919
-0.976000 0.992919
-0.972000 0.992919
-0.968000 0.992919
-0.964000 0.992919
-0.960000 0.992919
-0.956000 0.992919
-0.952000 0.992919
-0.948000 0.992919
-0.944000 0.992919
-0.940000 0.992919
-0.936000 0.992919
-0.932000 0.992919
-0.928000 0.992919
-0.924000 0.992919
-0.920000 0.992919
-0.916000 0.992919
-0.912000 0.992919
-0.908000 0.992919
-0.904000 0.992919
-0.900000 0.992919
-0.896000 0.992919
-0.892000 0.992919
-0.888000 0.992919
-0.884000 0.992919
-0.880000 0.992919
-0.876000 0.992919
-0.872000 0.992919
-0.868000 0.992919
-0.864000 0.992919
-0.860000 0.992919
-0.856000 0.992919
-0.852000 0.992919
-0.848000 0.992919
-0.844000 0.992919
-0.840000 0.992919
-0.836000 0.992919
-0.832000 0.992919
-0.828000 0.992919
-0.824000 0.992919
-0.820000 0.992919
-0.816000 0.992919
-0.812000 0.992919
-0.808000 0.992919
-0.804000 0.992919
-0.800000 0.992919
-0.796000 0.992919
-0.792000 0.992919
-0.788000 0.992919
-0.784000 0.992919
-0.780000 0.992919
-0.776000 0.992919
-0.772000 0.992919
-0.768000 0.992919
-0.764000 0.992919
-0.760000 0.992919
-0.756000 0.992919
-0.752000 0.992919
-0.748000 0.992919
-0.744000 0.992919
-0.740000 0.992919
-0.736000 0.992919
-0.732000 0.992919
-0.728000 0.992919
-0.724000 0.992919
-0.720000 0.992919
-0.716000 0.992919
-0.712000 0.992919
-0.708000 0.992919
-0.704000 0.992919
-0.700000 0.992919
-0.696000 0.992919
-0.692000 0.992919
-0.688000 0.992919
-0.684000 0.992919
-0.680000 0.992919
-0.676000 0.992919
-0.672000 0.992919
-0.668000 0.992919
-0.664000 0.992919
-0.660000 0.992919
-0.656000 0.992919
-0.652000 0.992919
-0.648000 0.992919
-0.644000 0.992919
-0.640000 0.992919
-0.636000 0.992919
-0.632000 0.992919
-0.628000 0.992919
-0.624000 0.992919
-0.620000 0.992919
-0.616000 0.992919
-0.612000 0.992919
-0.608000 0.992919
-0.604000 0.992919
-0.600000 0.992919
-0.596000 0.992919
-0.592000 0.992919
-0.588000 0.992919
-0.584000 0.992919
-0.580000 0.992919
-0.576000 0.992919
-0.572000 0.992919
-0.568000 0.992919
-0.564000 0.992919
-0.560000 0.992919
-0.556000 0.992919
-0.552000 0.992919
-0.548000 0.992919
-0.544000 0.992919
-0.540000 0.992919
-0.536000 0.992919
-0.532000 0.992919
-0.528000 0.992919
-0.524000 0.992919
-0.520000 0.992919
-0.516000 0.992919
-0.512000 0.992919
-0.508000 0.992919
-0.504000 0.992919
-0.500000 0.992919
-0.496000 0.992919
-0.492000 0.992919
-0.488000 0.992919
-0.484000 0.992919
-0.480000 0.992919
-0.476000 0.992919
-0.472000 0.992919
-0.468000 0.992919
-0.464000 0.992919
-0.460000 0.992919
-0.456000 0.992919
-0.452000 0.992919
-0.448000 0.992919
-0.444000 0.992919
-0.440000 0.992919
-0.436000 0.992919
-0.432000 0.992919
-0.428000 0.992919
-0.424000 0.992919
-0.420000 0.992919
-0.416000 0.992919
-0.412000 0.992919
-0.408000 0.992919
-0.404000 0.992919
-0.400000 0.992919
-0.396000 0.992919
-0.392000 0.992919
-0.388000 0.992919
-0.384000 0.992919
-0.380000 0.992919
-0.376000 0.992919
-0.372000 0.992919
-0.368000 0.992919
-0.364000 0.992919
-0.360000 0.992919
-0.356000 0.992919
-0.352000 0.992919
-0.348000 0.992919
-0.344000 0.992919
-0.340000 0.992919
-0.336000 0.992919
-0.332000 0.992919
-0.328000 0.992919
-0.324000 0.992919
-0.320000 0.992919
-0.316000 0.992919
-0.312000 0.992919
-0.308000 0.992919
-0.304000 0.992919
-0.300000 0.992919
-0.296000 0.992919
-0.292000 0.992919
-0.288000 0.992919
-0.284000 0.992919
-0.280000 0.992919
-0.276000 0.992919
-0.272000 0.992919
-0.268000 0.992919
-0.264000 0.992919
-0.260000 0.992919
-0.256000 0.992919
-0.252000 0.992919
-0.248000 0.992919
-0.244000 0.992919
-0.240000 0.992919
-0.236000 0.992919
-0.232000 0.992920
-0.228000 0.992920
-0.224000 0.992920
-0.220000 0.992920
-0.216000 0.992920
-0.212000 0.992920
-0.208000 0.992920
-0.204000 0.992920
-0.200000 0.992920
-0.196000 0.992920
-0.192000 0.992920
-0.188000 0.992920
-0.184000 0.992920
-0.180000 0.992920
-0.176000 0.992921
-0.172000 0.992921
-0.168000 0.992921
-0.164000 0.992921
-0.160000 0.992921
-0.156000 0.992921
-0.152000 0.992921
-0.148000 0.992922
-0.144000 0.992922
-0.140000 0.992922
-0.136000 0.992922
-0.132000 0.992923
-0.128000 0.992923
-0.124000 0.992923
-0.120000 0.992923
-0.116000 0.992924
-0.112000 0.992924
-0.108000 0.992924
-0.104000 0.992925
-0.100000 0.992925
-0.096000 0.992926
-0.092000 0.992926
-0.088000 0.992926
-0.084000 0.992927
-0.080000 0.992928
-0.076000 0.992928
-0.072000 0.992929
-0.068000 0.992929
-0.064000 0.992930
-0.060000 0.992931
-0.056000 0.992932
-0.052000 0.992932
-0.048000 0.992933
-0.044000 0.992934
-0.040000 0.992935
-0.036000 0.992936
-0.032000 0.992937
-0.028000 0.992938
-0.024000 0.992939
-0.020000 0.992941
-0.016000 0.992942
-0.012000 0.992943
-0.008000 0.992945
-0.004000 0.992946
0.000000 0.992948
0.004000 0.992950
0.008000 0.992951
0.012000 0.992953
0.016000 0.992955
0.020000 0.992957
0.024000 0.992959
0.028000 0.992962
0.032000 0.992964
0.036000 0.992966
0.040000 0.992969
0.044000 0.992972
0.048000 0.992975
0.052000 0.992978
0.056000 0.992981
0.060000 0.992984
0.064000 0.992987
0.068000 0.992991
0.072000 0.992995
0.076000 0.992998
0.080000 0.993002
0.084000 0.993007
0.088000 0.993011
0.092000 0.993016
0.096000 0.993020
0.100000 0.993025
0.104000 0.993031
0.108000 0.993036
0.112000 0.993042
0.116000 0.993047
0.120000 0.993053
0.124000 0.993060
0.128000 0.993066
0.132000 0.993073
0.136000 0.993080
0.140000 0.993087
0.144000 0.993095
0.148000 0.993103
0.152000 0.993111
0.156000 0.993119
0.160000 0.993128
0.164000 0.993137
0.168000 0.993146
0.172000 0.993156
0.176000 0.993166
0.180000 0.993176
0.184000 0.993187
0.188000 0.993198
0.192000 0.993209
0.196000 0.993221
0.200000 0.993233
0.204000 0.993246
0.208000 0.993258
0.212000 0.993272
0.216000 0.993285
0.220000 0.993299
0.224000 0.993314
0.228000 0.993329
0.232000 0.993344
0.236000 0.993360
0.240000 0.993376
0.244000 0.993392
0.248000 0.993410
0.252000 0.993427
0.256000 0.993445
0.260000 0.993463
0.264000 0.993482
0.268000 0.993502
0.272000 0.993522
0.276000 0.993542
0.280000 0.993563
0.284000 0.993584
0.288000 0.993606
0.292000 0.993628
0.296000 0.993651
0.300000 0.993675
0.304000 0.993698
0.308000 0.993723
0.312000 0.993748
0.316000 0.993773
0.320000 0.993799
0.324000 0.993826
0.328000 0.993853
0.332000 0.993880
0.336000 0.993908
0.340000 0.993937
0.344000 0.993966
0.348000 0.993996
0.352000 0.994026
0.356000 0.994057
0.360000 0.994088
0.364000 0.994120
0.368000 0.994152
0.372000 0.994185
0.376000 0.994218
0.380000 0.994252
0.384000 0.994286
0.388000 0.994321
0.392000 0.994357
0.396000 0.994393
0.400000 0.994429
0.404000 0.994466
0.408000 0.994503
0.412000 0.994541
0.416000 0.994579
0.420000 0.994618
0.424000 0.994657
0.428000 0.994697
0.432000 0.994737
0.436000 0.994777
0.440000 0.994818
0.444000 0.994860
0.448000 0.994902
0.452000 0.994944
0.456000 0.994986
0.460000 0.995029
0.464000 0.995073
0.468000 0.995116
0.472000 0.995160
0.476000 0.995205
0.480000 0.995249
0.484000 0.995294
0.488000 0.995340
0.492000 0.995385
0.496000 0.995431
0.500000 0.995477
0.504000 0.995524
0.508000 0.995570
0.512000 0.995617
0.516000 0.995664
0.520000 0.995712
0.524000 0.995759
0.528000 0.995807
0.532000 0.995854
0.536000 0.995902
0.540000 0.995950
0.544000 0.995999
0.548000 0.996047
0.552000 0.996095
0.556000 0.996144
0.560000 0.996192
0.564000 0.996241
0.568000 0.996289
0.572000 0.996338
0.576000 0.996386
0.580000 0.996435
0.584000 0.996484
0.588000 0.996532
0.592000 0.996580
0.596000 0.996629
0.600000 0.996677
0.604000 0.996725
0.608000 0.996773
0.612000 0.996821
0.616000 0.996869
0.620000 0.996917
0.624000 0.996964
0.628000 0.997012
0.632000 0.997059
0.636000 0.997106
0.640000 0.997153
0.644000 0.997199
0.648000 0.997245
0.652000 0.997291
0.656000 0.997337
0.660000 0.997382
0.664000 0.997428
0.668000 0.997473
0.672000 0.997517
0.676000 0.997561
0.680000 0.997605
0.684000 0.997649
0.688000 0.997692
0.692000 0.997735
0.696000 0.997778
0.700000 0.997820
0.704000 0.997861
0.708000 0.997903
0.712000 0.997944
0.716000 0.997984
0.720000 0.998024
0.724000 0.998064
0.728000 0.998104
0.732000 0.998142
0.736000 0.998181
0.740000 0.998219
0.744000 0.998256
0.748000 0.998294
0.752000 0.998330
0.756000 0.998366
0.760000 0.998402
0.764000 0.998437
0.768000 0.998472
0.772000 0.998506
0.776000 0.998540
0.780000 0.998574
0.784000 0.998606
0.788000 0.998639
0.792000 0.998671
0.796000 0.998702
0.800000 0.998733
0.804000 0.998764
0.808000 0.998794
0.812000 0.998823
0.816000 0.998852
0.820000 0.998880
0.824000 0.998908
0.828000 0.998936
0.832000 0.998963
0.836000 0.998990
0.840000 0.999016
0.844000 0.999041
0.848000 0.999066
0.852000 0.999091
0.856000 0.999115
0.860000 0.999139
0.864000 0.999162
0.868000 0.999185
0.872000 0.999207
0.876000 0.999229
0.880000 0.999251
0.884000 0.999272
0.888000 0.999292
0.892000 0.999312
0.896000 0.999332
0.900000 0.999351
0.904000 0.999370
0.908000 0.999388
0.912000 0.999406
0.916000 0.999424
0.920000 0.999441
0.924000 0.999458
0.928000 0.999474
0.932000 0.999490
0.936000 0.999506
0.940000 0.999521
0.944000 0.999536
0.948000 0.999551
0.952000 0.999565
0.956000 0.999579
0.960000 0.999593
0.964000 0.999606
0.968000 0.999620
0.972000 0.999634
0.976000 0.999647
0.980000 0.999661
0.984000 0.999676
0.988000 0.999693
0.992000 0.999711
0.996000 0.999732
1.000000 0.999757
