-1.000000 0.991037
-0.996000 0.991037
-0.992000 0.991037
-0.988000 0.991037
-0.984000 0.991037
-0.980000 0.991037
-0.976000 0.991037
-0.972000 0.991037
-0.968000 0.991037
-0.964000 0.991037
-0.960000 0.991037
-0.956000 0.991037
-0.952000 0.991037
-0.948000 0.991037
-0.944000 0.991037
-0.940000 0.991037
-0.936000 0.991037
-0.932000 0.991037
-0.928000 0.991037
-0.924000 0.991037
-0.920000 0.991037
-0.916000 0.991037
-0.912000 0.991037
-0.908000 0.991037
-0.904000 0.991037
-0.900000 0.991037
-0.896000 0.991037
-0.892000 0.991037
-0.888000 0.991037
-0.884000 0.991037
-0.880000 0.991037
-0.876000 0.991037
-0.872000 0.991037
-0.868000 0.991037
-0.864000 0.991037
-0.860000 0.991037
-0.856000 0.991037
-0.852000 0.991037
-0.848000 0.991037
-0.844000 0.991037
-0.840000 0.991037
-0.836000 0.991037
-0.832000 0.991037
-0.828000 0.991037
-0.824000 0.991037
-0.820000 0.991037
-0.816000 0.991037
-0.812000 0.991037
-0.808000 0.991037
-0.804000 0.991037
-0.800000 0.991037
-0.796000 0.991037
-0.792000 0.991037
-0.788000 0.991037
-0.784000 0.991037
-0.780000 0.991037
-0.776000 0.991037
-0.772000 0.991037
-0.768000 0.991037
-0.764000 0.991037
-0.760000 0.991037
-0.756000 0.991037
-0.752000 0.991037
-0.748000 0.991037
-0.744000 0.991037
-0.740000 0.991037
-0.736000 0.991037
-0.732000 0.991037
-0.728000 0.991037
-0.724000 0.991037
-0.720000 0.991037
-0.716000 0.991037
-0.712000 0.991037
-0.708000 0.991037
-0.704000 0.991037
-0.700000 0.991037
-0.696000 0.991037
-0.692000 0.991037
-0.688000 0.991037
-0.684000 0.991037
-0.680000 0.991037
-0.676000 0.991037
-0.672000 0.991037
-0.668000 0.991037
-0.664000 0.991037
-0.660000 0.991037
-0.656000 0.991037
-0.652000 0.991037
-0.648000 0.991037
-0.644000 0.991037
-0.640000 0.991037
-0.636000 0.991037
-0.632000 0.991037
-0.628000 0.991037
-0.624000 0.991037
-0.620000 0.991037
-0.616000 0.991037
-0.612000 0.991037
-0.608000 0.991037
-0.604000 0.991037
-0.600000 0.991037
-0.596000 0.991037
-0.592000 0.991037
-0.588000 0.991037
-0.584000 0.991037
-0.580000 0.991037
-0.576000 0.991037
-0.572000 0.991037
-0.568000 0.991037
-0.564000 0.991037
-0.560000 0.991037
-0.556000 0.991037
-0.552000 0.991037
-0.548000 0.991037
-0.544000 0.991037
-0.540000 0.991037
-0.536000 0.991037
-0.532000 0.991037
-0.528000 0.991037
-0.524000 0.991037
-0.520000 0.991037
-0.516000 0.991037
-0.512000 0.991037
-0.508000 0.991037
-0.504000 0.991037
-0.500000 0.991037
-0.496000 0.991037
-0.492000 0.991037
-0.488000 0.991037
-0.484000 0.991037
-0.480000 0.991037
-0.476000 0.991037
-0.472000 0.991037
-0.468000 0.991037
-0.464000 0.991037
-0.460000 0.991037
-0.456000 0.991037
-0.452000 0.991037
-0.448000 0.991037
-0.444000 0.991037
-0.440000 0.991037
-0.436000 0.991037
-0.432000 0.991037
-0.428000 0.991037
-0.424000 0.991037
-0.420000 0.991037
-0.416000 0.991037
-0.412000 0.991037
-0.408000 0.991037
-0.404000 0.991037
-0.400000 0.991037
-0.396000 0.991037
-0.392000 0.991037
-0.388000 0.991037
-0.384000 0.991037
-0.380000 0.991037
-0.376000 0.991037
-0.372000 0.991037
-0.368000 0.991037
-0.364000 0.991037
-0.360000 0.991037
-0.356000 0.991037
-0.352000 0.991037
-0.348000 0.991037
-0.344000 0.991037
-0.340000 0.991037
-0.336000 0.991037
-0.332000 0.991037
-0.328000 0.991037
-0.324000 0.991037
-0.320000 0.991037
-0.316000 0.991037
-0.312000 0.991038
-0.308000 0.991038
-0.304000 0.991038
-0.300000 0.991038
-0.296000 0.991038
-0.292000 0.991038
-0.288000 0.991038
-0.284000 0.991038
-0.280000 0.991038
-0.276000 0.991038
-0.272000 0.991038
-0.268000 0.991038
-0.264000 0.991038
-0.260000 0.991038
-0.256000 0.991039
-0.252000 0.991039
-0.248000 0.991039
-0.244000 0.991039
-0.240000 0.991039
-0.236000 0.991039
-0.232000 0.991040
-0.228000 0.991040
-0.224000 0.991040
-0.220000 0.991040
-0.216000 0.991040
-0.212000 0.991041
-0.208000 0.991041
-0.204000 0.991041
-0.200000 0.991041
-0.196000 0.991042
-0.192000 0.991042
-0.188000 0.991042
-0.184000 0.991043
-0.180000 0.991043
-0.176000 0.991044
-0.172000 0.991044
-0.168000 0.991045
-0.164000 0.991045
-0.160000 0.991046
-0.156000 0.991046
-0.152000 0.991047
-0.148000 0.991047
-0.144000 0.991048
-0.140000 0.991049
-0.136000 0.991050
-0.132000 0.991050
-0.128000 0.991051
-0.124000 0.991052
-0.120000 0.991053
-0.116000 0.991054
-0.112000 0.991055
-0.108000 0.991056
-0.104000 0.991057
-0.100000 0.991059
-0.096000 0.991060
-0.092000 0.991061
-0.088000 0.991063
-0.084000 0.991064
-0.080000 0.991066
-0.076000 0.991067
-0.072000 0.991069
-0.068000 0.991071
-0.064000 0.991073
-0.060000 0.991075
-0.056000 0.991077
-0.052000 0.991079
-0.048000 0.991081
-0.044000 0.991084
-0.040000 0.991086
-0.036000 0.991089
-0.032000 0.991092
-0.028000 0.991095
-0.024000 0.991098
-0.020000 0.991101
-0.016000 0.991104
-0.012000 0.991107
-0.008000 0.991111
-0.004000 0.991114
0.000000 0.991118
0.004000 0.991122
0.008000 0.991126
0.012000 0.991131
0.016000 0.991135
0.020000 0.991140
0.024000 0.991144
0.028000 0.991149
0.032000 0.991155
0.036000 0.991160
0.040000 0.991165
0.044000 0.991171
0.048000 0.991177
0.052000 0.991183
0.056000 0.991190
0.060000 0.991196
0.064000 0.991203
0.068000 0.991210
0.072000 0.991217
0.076000 0.991225
0.080000 0.991233
0.084000 0.991241
0.088000 0.991249
0.092000 0.991257
0.096000 0.991266
0.100000 0.991275
0.104000 0.991284
0.108000 0.991294
0.112000 0.991304
0.116000 0.991314
0.120000 0.991324
0.124000 0.991335
0.128000 0.991346
0.132000 0.991357
0.136000 0.991369
0.140000 0.991380
0.144000 0.991393
0.148000 0.991405
0.152000 0.991418
0.156000 0.991431
0.160000 0.991444
0.164000 0.991458
0.168000 0.991472
0.172000 0.991486
0.176000 0.991501
0.180000 0.991516
0.184000 0.991531
0.188000 0.991547
0.192000 0.991563
0.196000 0.991579
0.200000 0.991595
0.204000 0.991612
0.208000 0.991630
0.212000 0.991647
0.216000 0.991665
0.220000 0.991683
0.224000 0.991702
0.228000 0.991720
0.232000 0.991740
0.236000 0.991759
0.240000 0.991779
0.244000 0.991799
0.248000 0.991819
0.252000 0.991840
0.256000 0.991861
0.260000 0.991882
0.264000 0.991904
0.268000 0.991926
0.272000 0.991948
0.276000 0.991970
0.280000 0.991993
0.284000 0.992016
0.288000 0.992039
0.292000 0.992063
0.296000 0.992087
0.300000 0.992111
0.304000 0.992135
0.308000 0.992160
0.312000 0.992184
0.316000 0.992209
0.320000 0.992234
0.324000 0.992260
0.328000 0.992286
0.332000 0.992311
0.336000 0.992337
0.340000 0.992364
0.344000 0.992390
0.348000 0.992416
0.352000 0.992443
0.356000 0.992470
0.360000 0.992497
0.364000 0.992524
0.368000 0.992551
0.372000 0.992579
0.376000 0.992606
0.380000 0.992634
0.384000 0.992661
0.388000 0.992689
0.392000 0.992717
0.396000 0.992744
0.400000 0.992772
0.404000 0.992800
0.408000 0.992828
0.412000 0.992856
0.416000 0.992884
0.420000 0.992912
0.424000 0.992940
0.428000 0.992968
0.432000 0.992996
0.436000 0.993024
0.440000 0.993052
0.444000 0.993080
0.448000 0.993108
0.452000 0.993135
0.456000 0.993163
0.460000 0.993191
0.464000 0.993218
0.468000 0.993245
0.472000 0.993273
0.476000 0.993300
0.480000 0.993327
0.484000 0.993354
0.488000 0.993380
0.492000 0.993407
0.496000 0.993433
0.500000 0.993459
0.504000 0.993486
0.508000 0.993511
0.512000 0.993537
0.516000 0.993563
0.520000 0.993588
0.524000 0.993613
0.528000 0.993638
0.532000 0.993663
0.536000 0.993687
0.540000 0.993711
0.544000 0.993735
0.548000 0.993759
0.552000 0.993782
0.556000 0.993806
0.560000 0.993829
0.564000 0.993851
0.568000 0.993874
0.572000 0.993896
0.576000 0.993918
0.580000 0.993940
0.584000 0.993961
0.588000 0.993982
0.592000 0.994003
0.596000 0.994023
0.600000 0.994044
0.604000 0.994064
0.608000 0.994083
0.612000 0.994103
0.616000 0.994122
0.620000 0.994140
0.624000 0.994159
0.628000 0.994177
0.632000 0.994195
0.636000 0.994213
0.640000 0.994230
0.644000 0.994247
0.648000 0.994264
0.652000 0.994280
0.656000 0.994296
0.660000 0.994312
0.664000 0.994328
0.668000 0.994343
0.672000 0.994358
0.676000 0.994373
0.680000 0.994387
0.684000 0.994401
0.688000 0.994415
0.692000 0.994428
0.696000 0.994442
0.700000 0.994454
0.704000 0.994467
0.708000 0.994480
0.712000 0.994492
0.716000 0.994504
0.720000 0.994515
0.724000 0.994527
0.728000 0.994538
0.732000 0.994548
0.736000 0.994559
0.740000 0.994569
0.744000 0.994579
0.748000 0.994589
0.752000 0.994599
0.756000 0.994608
0.760000 0.994617
0.764000 0.994626
0.768000 0.994635
0.772000 0.994643
0.776000 0.994651
0.780000 0.994659
0.784000 0.994667
0.788000 0.994675
0.792000 0.994682
0.796000 0.994689
0.800000 0.994696
0.804000 0.994703
0.808000 0.994709
0.812000 0.994716
0.816000 0.994722
0.820000 0.994728
0.824000 0.994734
0.828000 0.994739
0.832000 0.994745
0.836000 0.994750
0.840000 0.994755
0.844000 0.994760
0.848000 0.994765
0.852000 0.994770
0.856000 0.994774
0.860000 0.994779
0.864000 0.994783
0.868000 0.994787
0.872000 0.994791
0.876000 0.994795
0.880000 0.994799
0.884000 0.994802
0.888000 0.994806
0.892000 0.994809
0.896000 0.994812
0.900000 0.994816
0.904000 0.994819
0.908000 0.994822
0.912000 0.994824
0.916000 0.994827
0.920000 0.994830
0.924000 0.994832
0.928000 0.994835
0.932000 0.994837
0.936000 0.994839
0.940000 0.994842
0.944000 0.994844
0.948000 0.994846
0.952000 0.994848
0.956000 0.994850
0.960000 0.994852
0.964000 0.994853
0.968000 0.994855
0.972000 0.994857
0.976000 0.994859
0.980000 0.994860
0.984000 0.994862
0.988000 0.994864
0.992000 0.994866
0.996000 0.994869
1.000000 0.994872
