-1.000000 0.991037
-0.996000 0.991037
-0.992000 0.991037
-0.988000 0.991037
-0.984000 0.991037
-0.980000 0.991037
-0.976000 0.991037
-0.972000 0.991037
-0.968000 0.991037
-0.964000 0.991037
-0.960000 0.991037
-0.956000 0.991037
-0.952000 0.991037
-0.948000 0.991037
-0.944000 0.991037
-0.940000 0.991037
-0.936000 0.991037
-0.932000 0.991037
-0.928000 0.991037
-0.924000 0.991037
-0.920000 0.991037
-0.916000 0.991037
-0.912000 0.991037
-0.908000 0.991037
-0.904000 0.991037
-0.900000 0.991037
-0.896000 0.991037
-0.892000 0.991037
-0.888000 0.991037
-0.884000 0.991037
-0.880000 0.991037
-0.876000 0.991037
-0.872000 0.991037
-0.868000 0.991037
-0.864000 0.991037
-0.860000 0.991037
-0.856000 0.991037
-0.852000 0.991037
-0.848000 0.991037
-0.844000 0.991037
-0.840000 0.991037
-0.836000 0.991037
-0.832000 0.991037
-0.828000 0.991037
-0.824000 0.991037
-0.820000 0.991037
-0.816000 0.991037
-0.812000 0.991037
-0.808000 0.991037
-0.804000 0.991037
-0.800000 0.991037
-0.796000 0.991037
-0.792000 0.991037
-0.788000 0.991037
-0.784000 0.991037
-0.780000 0.991037
-0.776000 0.991037
-0.772000 0.991037
-0.768000 0.991037
-0.764000 0.991037
-0.760000 0.991037
-0.756000 0.991037
-0.752000 0.991037
-0.748000 0.991037
-0.744000 0.991037
-0.740000 0.991037
-0.736000 0.991037
-0.732000 0.991037
-0.728000 0.991037
-0.724000 0.991037
-0.720000 0.991037
-0.716000 0.991037
-0.712000 0.991037
-0.708000 0.991037
-0.704000 0.991037
-0.700000 0.991037
-0.696000 0.991037
-0.692000 0.991037
-0.688000 0.991037
-0.684000 0.991038
-0.680000 0.991038
-0.676000 0.991038
-0.672000 0.991038
-0.668000 0.991038
-0.664000 0.991038
-0.660000 0.991038
-0.656000 0.991038
-0.652000 0.991038
-0.648000 0.991038
-0.644000 0.991039
-0.640000 0.991039
-0.636000 0.991039
-0.632000 0.991039
-0.628000 0.991039
-0.624000 0.991039
-0.620000 0.991040
-0.616000 0.991040
-0.612000 0.991040
-0.608000 0.991041
-0.604000 0.991041
-0.600000 0.991041
-0.596000 0.991042
-0.592000 0.991042
-0.588000 0.991043
-0.584000 0.991043
-0.580000 0.991044
-0.576000 0.991045
-0.572000 0.991045
-0.568000 0.991046
-0.564000 0.991047
-0.560000 0.991048
-0.556000 0.991048
-0.552000 0.991049
-0.548000 0.991051
-0.544000 0.991052
-0.540000 0.991053
-0.536000 0.991054
-0.532000 0.991056
-0.528000 0.991057
-0.524000 0.991059
-0.520000 0.991060
-0.516000 0.991062
-0.512000 0.991064
-0.508000 0.991066
-0.504000 0.991069
-0.500000 0.991071
-0.496000 0.991074
-0.492000 0.991076
-0.488000 0.991079
-0.484000 0.991082
-0.480000 0.991085
-0.476000 0.991089
-0.472000 0.991092
-0.468000 0.991096
-0.464000 0.991100
-0.460000 0.991104
-0.456000 0.991109
-0.452000 0.991114
-0.448000 0.991119
-0.444000 0.991124
-0.440000 0.991129
-0.436000 0.991135
-0.432000 0.991141
-0.428000 0.991148
-0.424000 0.991154
-0.420000 0.991161
-0.416000 0.991169
-0.412000 0.991177
-0.408000 0.991185
-0.404000 0.991193
-0.400000 0.991202
-0.396000 0.991211
-0.392000 0.991221
-0.388000 0.991231
-0.384000 0.991241
-0.380000 0.991252
-0.376000 0.991263
-0.372000 0.991275
-0.368000 0.991287
-0.364000 0.991300
-0.360000 0.991313
-0.356000 0.991326
-0.352000 0.991340
-0.348000 0.991355
-0.344000 0.991370
-0.340000 0.991385
-0.336000 0.991402
-0.332000 0.991418
-0.328000 0.991435
-0.324000 0.991453
-0.320000 0.991471
-0.316000 0.991490
-0.312000 0.991509
-0.308000 0.991528
-0.304000 0.991549
-0.300000 0.991570
-0.296000 0.991591
-0.292000 0.991613
-0.288000 0.991635
-0.284000 0.991658
-0.280000 0.991682
-0.276000 0.991706
-0.272000 0.991730
-0.268000 0.991755
-0.264000 0.991781
-0.260000 0.991807
-0.256000 0.991834
-0.252000 0.991861
-0.248000 0.991888
-0.244000 0.991916
-0.240000 0.991945
-0.236000 0.991974
-0.232000 0.992003
-0.228000 0.992033
-0.224000 0.992064
-0.220000 0.992094
-0.216000 0.992126
-0.212000 0.992157
-0.208000 0.992189
-0.204000 0.992221
-0.200000 0.992254
-0.196000 0.992287
-0.192000 0.992320
-0.188000 0.992354
-0.184000 0.992388
-0.180000 0.992422
-0.176000 0.992456
-0.172000 0.992491
-0.168000 0.992526
-0.164000 0.992561
-0.160000 0.992596
-0.156000 0.992631
-0.152000 0.992667
-0.148000 0.992703
-0.144000 0.992738
-0.140000 0.992774
-0.136000 0.992810
-0.132000 0.992846
-0.128000 0.992882
-0.124000 0.992918
-0.120000 0.992953
-0.116000 0.992989
-0.112000 0.993025
-0.108000 0.993061
-0.104000 0.993096
-0.100000 0.993132
-0.096000 0.993167
-0.092000 0.993202
-0.088000 0.993237
-0.084000 0.993272
-0.080000 0.993307
-0.076000 0.993341
-0.072000 0.993375
-0.068000 0.993409
-0.064000 0.993443
-0.060000 0.993476
-0.056000 0.993509
-0.052000 0.993542
-0.048000 0.993574
-0.044000 0.993607
-0.040000 0.993638
-0.036000 0.993670
-0.032000 0.993701
-0.028000 0.993731
-0.024000 0.993761
-0.020000 0.993791
-0.016000 0.993821
-0.012000 0.993850
-0.008000 0.993878
-0.004000 0.993906
0.000000 0.993934
0.004000 0.993961
0.008000 0.993988
0.012000 0.994014
0.016000 0.994040
0.020000 0.994065
0.024000 0.994090
0.028000 0.994114
0.032000 0.994138
0.036000 0.994162
0.040000 0.994185
0.044000 0.994207
0.048000 0.994229
0.052000 0.994251
0.056000 0.994272
0.060000 0.994292
0.064000 0.994312
0.068000 0.994332
0.072000 0.994351
0.076000 0.994370
0.080000 0.994388
0.084000 0.994405
0.088000 0.994423
0.092000 0.994439
0.096000 0.994456
0.100000 0.994472
0.104000 0.994487
0.108000 0.994502
0.112000 0.994517
0.116000 0.994531
0.120000 0.994545
0.124000 0.994558
0.128000 0.994571
0.132000 0.994584
0.136000 0.994596
0.140000 0.994608
0.144000 0.994619
0.148000 0.994630
0.152000 0.994641
0.156000 0.994651
0.160000 0.994661
0.164000 0.994671
0.168000 0.994680
0.172000 0.994689
0.176000 0.994698
0.180000 0.994706
0.184000 0.994714
0.188000 0.994722
0.192000 0.994729
0.196000 0.994737
0.200000 0.994744
0.204000 0.994750
0.208000 0.994757
0.212000 0.994763
0.216000 0.994769
0.220000 0.994774
0.224000 0.994780
0.228000 0.994785
0.232000 0.994790
0.236000 0.994795
0.240000 0.994800
0.244000 0.994804
0.248000 0.994808
0.252000 0.994813
0.256000 0.994816
0.260000 0.994820
0.264000 0.994824
0.268000 0.994827
0.272000 0.994830
0.276000 0.994834
0.280000 0.994837
0.284000 0.994839
0.288000 0.994842
0.292000 0.994845
0.296000 0.994847
0.300000 0.994849
0.304000 0.994852
0.308000 0.994854
0.312000 0.994856
0.316000 0.994858
0.320000 0.994860
0.324000 0.994861
0.328000 0.994863
0.332000 0.994865
0.336000 0.994866
0.340000 0.994868
0.344000 0.994869
0.348000 0.994870
0.352000 0.994872
0.356000 0.994873
0.360000 0.994874
0.364000 0.994875
0.368000 0.994876
0.372000 0.994877
0.376000 0.994878
0.380000 0.994878
0.384000 0.994879
0.388000 0.994880
0.392000 0.994881
0.396000 0.994881
0.400000 0.994882
0.404000 0.994883
0.408000 0.994883
0.412000 0.994884
0.416000 0.994884
0.420000 0.994885
0.424000 0.994885
0.428000 0.994886
0.432000 0.994886
0.436000 0.994886
0.440000 0.994887
0.444000 0.994887
0.448000 0.994887
0.452000 0.994888
0.456000 0.994888
0.460000 0.994888
0.464000 0.994888
0.468000 0.994889
0.472000 0.994889
0.476000 0.994889
0.480000 0.994889
0.484000 0.994889
0.488000 0.994890
0.492000 0.994890
0.496000 0.994890
0.500000 0.994890
0.504000 0.994890
0.508000 0.994890
0.512000 0.994890
0.516000 0.994891
0.520000 0.994891
0.524000 0.994891
0.528000 0.994891
0.532000 0.994891
0.536000 0.994891
0.540000 0.994891
0.544000 0.994891
0.548000 0.994891
0.552000 0.994891
0.556000 0.994891
0.560000 0.994891
0.564000 0.994891
0.568000 0.994891
0.572000 0.994891
0.576000 0.994892
0.580000 0.994892
0.584000 0.994892
0.588000 0.994892
0.592000 0.994892
0.596000 0.994892
0.600000 0.994892
0.604000 0.994892
0.608000 0.994892
0.612000 0.994892
0.616000 0.994892
0.620000 0.994892
0.624000 0.994892
0.628000 0.994892
0.632000 0.994892
0.636000 0.994892
0.640000 0.994892
0.644000 0.994892
0.648000 0.994892
0.652000 0.994892
0.656000 0.994892
0.660000 0.994892
0.664000 0.994892
0.668000 0.994892
0.672000 0.994892
0.676000 0.994892
0.680000 0.994892
0.684000 0.994892
0.688000 0.994892
0.692000 0.994892
0.696000 0.994892
0.700000 0.994892
0.704000 0.994892
0.708000 0.994892
0.712000 0.994892
0.716000 0.994892
0.720000 0.994892
0.724000 0.994892
0.728000 0.994892
0.732000 0.994892
0.736000 0.994892
0.740000 0.994892
0.744000 0.994892
0.748000 0.994892
0.752000 0.994892
0.756000 0.994892
0.760000 0.994892
0.764000 0.994892
0.768000 0.994892
0.772000 0.994892
0.776000 0.994892
0.780000 0.994892
0.784000 0.994892
0.788000 0.994892
0.792000 0.994892
0.796000 0.994892
0.800000 0.994892
0.804000 0.994892
0.808000 0.994892
0.812000 0.994892
0.816000 0.994892
0.820000 0.994892
0.824000 0.994892
0.828000 0.994892
0.832000 0.994892
0.836000 0.994892
0.840000 0.994892
0.844000 0.994892
0.848000 0.994892
0.852000 0.994892
0.856000 0.994892
0.860000 0.994892
0.864000 0.994892
0.868000 0.994892
0.872000 0.994892
0.876000 0.994892
0.880000 0.994892
0.884000 0.994892
0.888000 0.994892
0.892000 0.994892
0.896000 0.994892
0.900000 0.994892
0.904000 0.994892
0.908000 0.994892
0.912000 0.994892
0.916000 0.994892
0.920000 0.994892
0.924000 0.994892
0.928000 0.994892
0.932000 0.994892
0.936000 0.994892
0.940000 0.994892
0.944000 0.994892
0.948000 0.994892
0.952000 0.994892
0.956000 0.994892
0.960000 0.994892
0.964000 0.994892
0.968000 0.994892
0.972000 0.994892
0.976000 0.994892
0.980000 0.994892
0.984000 0.994892
0.988000 0.994892
0.992000 0.994892
0.996000 0.994892
1.000000 0.994892
