-1.000000 0.997928
-0.996000 0.997928
-0.992000 0.997928
-0.988000 0.997928
-0.984000 0.997928
-0.980000 0.997928
-0.976000 0.997928
-0.972000 0.997928
-0.968000 0.997928
-0.964000 0.997928
-0.960000 0.997928
-0.956000 0.997928
-0.952000 0.997928
-0.948000 0.997928
-0.944000 0.997928
-0.940000 0.997928
-0.936000 0.997928
-0.932000 0.997928
-0.928000 0.997928
-0.924000 0.997928
-0.920000 0.997928
-0.916000 0.997928
-0.912000 0.997928
-0.908000 0.997928
-0.904000 0.997928
-0.900000 0.997928
-0.896000 0.997928
-0.892000 0.997928
-0.888000 0.997928
-0.884000 0.997928
-0.880000 0.997928
-0.876000 0.997928
-0.872000 0.997928
-0.868000 0.997928
-0.864000 0.997928
-0.860000 0.997928
-0.856000 0.997928
-0.852000 0.997928
-0.848000 0.997928
-0.844000 0.997928
-0.840000 0.997928
-0.836000 0.997928
-0.832000 0.997928
-0.828000 0.997928
-0.824000 0.997928
-0.820000 0.997928
-0.816000 0.997928
-0.812000 0.997928
-0.808000 0.997928
-0.804000 0.997928
-0.800000 0.997928
-0.796000 0.997928
-0.792000 0.997928
-0.788000 0.997928
-0.784000 0.997928
-0.780000 0.997928
-0.776000 0.997928
-0.772000 0.997928
-0.768000 0.997928
-0.764000 0.997928
-0.760000 0.997928
-0.756000 0.997928
-0.752000 0.997928
-0.748000 0.997928
-0.744000 0.997928
-0.740000 0.997928
-0.736000 0.997928
-0.732000 0.997928
-0.728000 0.997928
-0.724000 0.997928
-0.720000 0.997928
-0.716000 0.997928
-0.712000 0.997928
-0.708000 0.997928
-0.704000 0.997928
-0.700000 0.997928
-0.696000 0.997928
-0.692000 0.997928
-0.688000 0.997928
-0.684000 0.997928
-0.680000 0.997928
-0.676000 0.997928
-0.672000 0.997928
-0.668000 0.997928
-0.664000 0.997928
-0.660000 0.997928
-0.656000 0.997928
-0.652000 0.997928
-0.648000 0.997928
-0.644000 0.997928
-0.640000 0.997928
-0.636000 0.997928
-0.632000 0.997928
-0.628000 0.997928
-0.624000 0.997928
-0.620000 0.997928
-0.616000 0.997928
-0.612000 0.997928
-0.608000 0.997928
-0.604000 0.997928
-0.600000 0.997928
-0.596000 0.997928
-0.592000 0.997928
-0.588000 0.997928
-0.584000 0.997928
-0.580000 0.997928
-0.576000 0.997928
-0.572000 0.997928
-0.568000 0.997928
-0.564000 0.997928
-0.560000 0.997928
-0.556000 0.997928
-0.552000 0.997928
-0.548000 0.997928
-0.544000 0.997928
-0.540000 0.997928
-0.536000 0.997928
-0.532000 0.997928
-0.528000 0.997928
-0.524000 0.997928
-0.520000 0.997928
-0.516000 0.997928
-0.512000 0.997928
-0.508000 0.997928
-0.504000 0.997928
-0.500000 0.997928
-0.496000 0.997928
-0.492000 0.997928
-0.488000 0.997928
-0.484000 0.997928
-0.480000 0.997928
-0.476000 0.997928
-0.472000 0.997928
-0.468000 0.997928
-0.464000 0.997928
-0.460000 0.997928
-0.456000 0.997928
-0.452000 0.997928
-0.448000 0.997928
-0.444000 0.997928
-0.440000 0.997928
-0.436000 0.997928
-0.432000 0.997928
-0.428000 0.997928
-0.424000 0.997928
-0.420000 0.997928
-0.416000 0.997928
-0.412000 0.997928
-0.408000 0.997928
-0.404000 0.997928
-0.400000 0.997928
-0.396000 0.997928
-0.392000 0.997928
-0.388000 0.997928
-0.384000 0.997928
-0.380000 0.997928
-0.376000 0.997928
-0.372000 0.997928
-0.368000 0.997928
-0.364000 0.997928
-0.360000 0.997928
-0.356000 0.997928
-0.352000 0.997928
-0.348000 0.997928
-0.344000 0.997928
-0.340000 0.997928
-0.336000 0.997928
-0.332000 0.997928
-0.328000 0.997928
-0.324000 0.997928
-0.320000 0.997928
-0.316000 0.997928
-0.312000 0.997928
-0.308000 0.997928
-0.304000 0.997928
-0.300000 0.997928
-0.296000 0.997928
-0.292000 0.997928
-0.288000 0.997928
-0.284000 0.997928
-0.280000 0.997928
-0.276000 0.997928
-0.272000 0.997928
-0.268000 0.997928
-0.264000 0.997927
-0.260000 0.997927
-0.256000 0.997927
-0.252000 0.997927
-0.248000 0.997927
-0.244000 0.997927
-0.240000 0.997927
-0.236000 0.997927
-0.232000 0.997927
-0.228000 0.997927
-0.224000 0.997927
-0.220000 0.997927
-0.216000 0.997927
-0.212000 0.997927
-0.208000 0.997926
-0.204000 0.997926
-0.200000 0.997926
-0.196000 0.997926
-0.192000 0.997926
-0.188000 0.997926
-0.184000 0.997926
-0.180000 0.997925
-0.176000 0.997925
-0.172000 0.997925
-0.168000 0.997925
-0.164000 0.997925
-0.160000 0.997924
-0.156000 0.997924
-0.152000 0.997924
-0.148000 0.997923
-0.144000 0.997923
-0.140000 0.997923
-0.136000 0.997922
-0.132000 0.997922
-0.128000 0.997921
-0.124000 0.997921
-0.120000 0.997921
-0.116000 0.997920
-0.112000 0.997919
-0.108000 0.997919
-0.104000 0.997918
-0.100000 0.997918
-0.096000 0.997917
-0.092000 0.997916
-0.088000 0.997915
-0.084000 0.997915
-0.080000 0.997914
-0.076000 0.997913
-0.072000 0.997912
-0.068000 0.997911
-0.064000 0.997910
-0.060000 0.997909
-0.056000 0.997907
-0.052000 0.997906
-0.048000 0.997905
-0.044000 0.997903
-0.040000 0.997902
-0.036000 0.997900
-0.032000 0.997899
-0.028000 0.997897
-0.024000 0.997895
-0.020000 0.997893
-0.016000 0.997891
-0.012000 0.997889
-0.008000 0.997887
-0.004000 0.997884
0.000000 0.997882
0.004000 0.997879
0.008000 0.997876
0.012000 0.997874
0.016000 0.997871
0.020000 0.997867
0.024000 0.997864
0.028000 0.997861
0.032000 0.997857
0.036000 0.997853
0.040000 0.997850
0.044000 0.997845
0.048000 0.997841
0.052000 0.997837
0.056000 0.997832
0.060000 0.997827
0.064000 0.997822
0.068000 0.997817
0.072000 0.997811
0.076000 0.997806
0.080000 0.997800
0.084000 0.997794
0.088000 0.997787
0.092000 0.997781
0.096000 0.997774
0.100000 0.997766
0.104000 0.997759
0.108000 0.997751
0.112000 0.997743
0.116000 0.997735
0.120000 0.997726
0.124000 0.997717
0.128000 0.997708
0.132000 0.997698
0.136000 0.997688
0.140000 0.997678
0.144000 0.997667
0.148000 0.997656
0.152000 0.997645
0.156000 0.997633
0.160000 0.997621
0.164000 0.997609
0.168000 0.997596
0.172000 0.997582
0.176000 0.997569
0.180000 0.997554
0.184000 0.997540
0.188000 0.997525
0.192000 0.997509
0.196000 0.997493
0.200000 0.997477
0.204000 0.997460
0.208000 0.997443
0.212000 0.997425
0.216000 0.997407
0.220000 0.997388
0.224000 0.997369
0.228000 0.997349
0.232000 0.997329
0.236000 0.997308
0.240000 0.997287
0.244000 0.997265
0.248000 0.997243
0.252000 0.997220
0.256000 0.997196
0.260000 0.997173
0.264000 0.997148
0.268000 0.997123
0.272000 0.997098
0.276000 0.997071
0.280000 0.997045
0.284000 0.997018
0.288000 0.996990
0.292000 0.996962
0.296000 0.996933
0.300000 0.996903
0.304000 0.996873
0.308000 0.996843
0.312000 0.996812
0.316000 0.996780
0.320000 0.996748
0.324000 0.996715
0.328000 0.996682
0.332000 0.996648
0.336000 0.996614
0.340000 0.996579
0.344000 0.996543
0.348000 0.996507
0.352000 0.996471
0.356000 0.996434
0.360000 0.996396
0.364000 0.996358
0.368000 0.996320
0.372000 0.996281
0.376000 0.996241
0.380000 0.996202
0.384000 0.996161
0.388000 0.996120
0.392000 0.996079
0.396000 0.996037
0.400000 0.995995
0.404000 0.995952
0.408000 0.995909
0.412000 0.995866
0.416000 0.995822
0.420000 0.995778
0.424000 0.995733
0.428000 0.995688
0.432000 0.995643
0.436000 0.995597
0.440000 0.995551
0.444000 0.995505
0.448000 0.995459
0.452000 0.995412
0.456000 0.995365
0.460000 0.995318
0.464000 0.995270
0.468000 0.995222
0.472000 0.995174
0.476000 0.995126
0.480000 0.995078
0.484000 0.995030
0.488000 0.994981
0.492000 0.994932
0.496000 0.994883
0.500000 0.994835
0.504000 0.994786
0.508000 0.994736
0.512000 0.994687
0.516000 0.994638
0.520000 0.994589
0.524000 0.994540
0.528000 0.994491
0.532000 0.994442
0.536000 0.994393
0.540000 0.994344
0.544000 0.994295
0.548000 0.994246
0.552000 0.994197
0.556000 0.994149
0.560000 0.994100
0.564000 0.994052
0.568000 0.994004
0.572000 0.993956
0.576000 0.993908
0.580000 0.993861
0.584000 0.993814
0.588000 0.993767
0.592000 0.993720
0.596000 0.993673
0.600000 0.993627
0.604000 0.993581
0.608000 0.993536
0.612000 0.993490
0.616000 0.993445
0.620000 0.993401
0.624000 0.993356
0.628000 0.993312
0.632000 0.993269
0.636000 0.993226
0.640000 0.993183
0.644000 0.993140
0.648000 0.993098
0.652000 0.993057
0.656000 0.993016
0.660000 0.992975
0.664000 0.992935
0.668000 0.992895
0.672000 0.992855
0.676000 0.992816
0.680000 0.992778
0.684000 0.992740
0.688000 0.992702
0.692000 0.992665
0.696000 0.992629
0.700000 0.992593
0.704000 0.992557
0.708000 0.992522
0.712000 0.992488
0.716000 0.992454
0.720000 0.992420
0.724000 0.992387
0.728000 0.992354
0.732000 0.992322
0.736000 0.992291
0.740000 0.992260
0.744000 0.992229
0.748000 0.992199
0.752000 0.992170
0.756000 0.992141
0.760000 0.992113
0.764000 0.992085
0.768000 0.992057
0.772000 0.992030
0.776000 0.992004
0.780000 0.991978
0.784000 0.991952
0.788000 0.991928
0.792000 0.991903
0.796000 0.991879
0.800000 0.991856
0.804000 0.991833
0.808000 0.991810
0.812000 0.991788
0.816000 0.991767
0.820000 0.991746
0.824000 0.991725
0.828000 0.991705
0.832000 0.991685
0.836000 0.991666
0.840000 0.991647
0.844000 0.991629
0.848000 0.991611
0.852000 0.991593
0.856000 0.991576
0.860000 0.991559
0.864000 0.991543
0.868000 0.991527
0.872000 0.991512
0.876000 0.991497
0.880000 0.991482
0.884000 0.991468
0.888000 0.991454
0.892000 0.991440
0.896000 0.991427
0.900000 0.991414
0.904000 0.991401
0.908000 0.991389
0.912000 0.991377
0.916000 0.991366
0.920000 0.991355
0.924000 0.991344
0.928000 0.991333
0.932000 0.991323
0.936000 0.991313
0.940000 0.991303
0.944000 0.991294
0.948000 0.991285
0.952000 0.991276
0.956000 0.991267
0.960000 0.991258
0.964000 0.991250
0.968000 0.991242
0.972000 0.991233
0.976000 0.991225
0.980000 0.991217
0.984000 0.991208
0.988000 0.991198
0.992000 0.991187
0.996000 0.991175
1.000000 0.991160
