-1.000000 0.991037
-0.996000 0.991037
-0.992000 0.991037
-0.988000 0.991037
-0.984000 0.991037
-0.980000 0.991037
-0.976000 0.991037
-0.972000 0.991037
-0.968000 0.991037
-0.964000 0.991037
-0.960000 0.991037
-0.956000 0.991037
-0.952000 0.991037
-0.948000 0.991037
-0.944000 0.991037
-0.940000 0.991037
-0.936000 0.991037
-0.932000 0.991037
-0.928000 0.991037
-0.924000 0.991037
-0.920000 0.991037
-0.916000 0.991037
-0.912000 0.991037
-0.908000 0.991037
-0.904000 0.991037
-0.900000 0.991037
-0.896000 0.991037
-0.892000 0.991037
-0.888000 0.991037
-0.884000 0.991037
-0.880000 0.991037
-0.876000 0.991037
-0.872000 0.991037
-0.868000 0.991037
-0.864000 0.991037
-0.860000 0.991037
-0.856000 0.991037
-0.852000 0.991037
-0.848000 0.991037
-0.844000 0.991037
-0.840000 0.991037
-0.836000 0.991037
-0.832000 0.991037
-0.828000 0.991037
-0.824000 0.991037
-0.820000 0.991037
-0.816000 0.991037
-0.812000 0.991037
-0.808000 0.991037
-0.804000 0.991037
-0.800000 0.991037
-0.796000 0.991037
-0.792000 0.991037
-0.788000 0.991037
-0.784000 0.991037
-0.780000 0.991037
-0.776000 0.991037
-0.772000 0.991037
-0.768000 0.991037
-0.764000 0.991037
-0.760000 0.991037
-0.756000 0.991037
-0.752000 0.991037
-0.748000 0.991037
-0.744000 0.991037
-0.740000 0.991037
-0.736000 0.991037
-0.732000 0.991037
-0.728000 0.991037
-0.724000 0.991037
-0.720000 0.991037
-0.716000 0.991037
-0.712000 0.991037
-0.708000 0.991037
-0.704000 0.991037
-0.700000 0.991037
-0.696000 0.991037
-0.692000 0.991037
-0.688000 0.991037
-0.684000 0.991037
-0.680000 0.991037
-0.676000 0.991037
-0.672000 0.991037
-0.668000 0.991037
-0.664000 0.991037
-0.660000 0.991037
-0.656000 0.991037
-0.652000 0.991037
-0.648000 0.991037
-0.644000 0.991037
-0.640000 0.991037
-0.636000 0.991037
-0.632000 0.991037
-0.628000 0.991037
-0.624000 0.991037
-0.620000 0.991037
-0.616000 0.991037
-0.612000 0.991037
-0.608000 0.991037
-0.604000 0.991037
-0.600000 0.991037
-0.596000 0.991037
-0.592000 0.991037
-0.588000 0.991037
-0.584000 0.991037
-0.580000 0.991037
-0.576000 0.991037
-0.572000 0.991037
-0.568000 0.991037
-0.564000 0.991037
-0.560000 0.991037
-0.556000 0.991037
-0.552000 0.991037
-0.548000 0.991037
-0.544000 0.991037
-0.540000 0.991037
-0.536000 0.991037
-0.532000 0.991037
-0.528000 0.991037
-0.524000 0.991037
-0.520000 0.991037
-0.516000 0.991037
-0.512000 0.991037
-0.508000 0.991037
-0.504000 0.991037
-0.500000 0.991037
-0.496000 0.991037
-0.492000 0.991037
-0.488000 0.991037
-0.484000 0.991037
-0.480000 0.991037
-0.476000 0.991037
-0.472000 0.991037
-0.468000 0.991037
-0.464000 0.991037
-0.460000 0.991037
-0.456000 0.991037
-0.452000 0.991037
-0.448000 0.991037
-0.444000 0.991037
-0.440000 0.991037
-0.436000 0.991037
-0.432000 0.991037
-0.428000 0.991037
-0.424000 0.991037
-0.420000 0.991037
-0.416000 0.991037
-0.412000 0.991037
-0.408000 0.991037
-0.404000 0.991037
-0.400000 0.991037
-0.396000 0.991037
-0.392000 0.991037
-0.388000 0.991037
-0.384000 0.991037
-0.380000 0.991037
-0.376000 0.991037
-0.372000 0.991037
-0.368000 0.991037
-0.364000 0.991037
-0.360000 0.991037
-0.356000 0.991037
-0.352000 0.991037
-0.348000 0.991037
-0.344000 0.991037
-0.340000 0.991037
-0.336000 0.991037
-0.332000 0.991037
-0.328000 0.991037
-0.324000 0.991037
-0.320000 0.991037
-0.316000 0.991037
-0.312000 0.991037
-0.308000 0.991037
-0.304000 0.991037
-0.300000 0.991037
-0.296000 0.991037
-0.292000 0.991037
-0.288000 0.991037
-0.284000 0.991037
-0.280000 0.991037
-0.276000 0.991037
-0.272000 0.991037
-0.268000 0.991037
-0.264000 0.991037
-0.260000 0.991037
-0.256000 0.991037
-0.252000 0.991037
-0.248000 0.991037
-0.244000 0.991037
-0.240000 0.991037
-0.236000 0.991037
-0.232000 0.991037
-0.228000 0.991037
-0.224000 0.991037
-0.220000 0.991037
-0.216000 0.991037
-0.212000 0.991037
-0.208000 0.991037
-0.204000 0.991037
-0.200000 0.991037
-0.196000 0.991037
-0.192000 0.991037
-0.188000 0.991037
-0.184000 0.991037
-0.180000 0.991037
-0.176000 0.991037
-0.172000 0.991037
-0.168000 0.991037
-0.164000 0.991037
-0.160000 0.991037
-0.156000 0.991037
-0.152000 0.991037
-0.148000 0.991037
-0.144000 0.991037
-0.140000 0.991037
-0.136000 0.991037
-0.132000 0.991037
-0.128000 0.991037
-0.124000 0.991037
-0.120000 0.991037
-0.116000 0.991037
-0.112000 0.991037
-0.108000 0.991037
-0.104000 0.991038
-0.100000 0.991038
-0.096000 0.991038
-0.092000 0.991038
-0.088000 0.991038
-0.084000 0.991038
-0.080000 0.991038
-0.076000 0.991038
-0.072000 0.991038
-0.068000 0.991038
-0.064000 0.991038
-0.060000 0.991038
-0.056000 0.991038
-0.052000 0.991038
-0.048000 0.991038
-0.044000 0.991039
-0.040000 0.991039
-0.036000 0.991039
-0.032000 0.991039
-0.028000 0.991039
-0.024000 0.991039
-0.020000 0.991039
-0.016000 0.991039
-0.012000 0.991040
-0.008000 0.991040
-0.004000 0.991040
0.000000 0.991040
0.004000 0.991040
0.008000 0.991041
0.012000 0.991041
0.016000 0.991041
0.020000 0.991041
0.024000 0.991042
0.028000 0.991042
0.032000 0.991042
0.036000 0.991042
0.040000 0.991043
0.044000 0.991043
0.048000 0.991044
0.052000 0.991044
0.056000 0.991044
0.060000 0.991045
0.064000 0.991045
0.068000 0.991046
0.072000 0.991046
0.076000 0.991047
0.080000 0.991047
0.084000 0.991048
0.088000 0.991049
0.092000 0.991049
0.096000 0.991050
0.100000 0.991051
0.104000 0.991052
0.108000 0.991052
0.112000 0.991053
0.116000 0.991054
0.120000 0.991055
0.124000 0.991056
0.128000 0.991057
0.132000 0.991058
0.136000 0.991059
0.140000 0.991061
0.144000 0.991062
0.148000 0.991063
0.152000 0.991065
0.156000 0.991066
0.160000 0.991068
0.164000 0.991069
0.168000 0.991071
0.172000 0.991072
0.176000 0.991074
0.180000 0.991076
0.184000 0.991078
0.188000 0.991080
0.192000 0.991082
0.196000 0.991084
0.200000 0.991086
0.204000 0.991089
0.208000 0.991091
0.212000 0.991094
0.216000 0.991096
0.220000 0.991099
0.224000 0.991102
0.228000 0.991105
0.232000 0.991108
0.236000 0.991111
0.240000 0.991115
0.244000 0.991118
0.248000 0.991122
0.252000 0.991125
0.256000 0.991129
0.260000 0.991133
0.264000 0.991137
0.268000 0.991141
0.272000 0.991146
0.276000 0.991150
0.280000 0.991155
0.284000 0.991160
0.288000 0.991165
0.292000 0.991170
0.296000 0.991175
0.300000 0.991181
0.304000 0.991187
0.308000 0.991192
0.312000 0.991198
0.316000 0.991205
0.320000 0.991211
0.324000 0.991218
0.328000 0.991224
0.332000 0.991231
0.336000 0.991239
0.340000 0.991246
0.344000 0.991254
0.348000 0.991261
0.352000 0.991269
0.356000 0.991278
0.360000 0.991286
0.364000 0.991295
0.368000 0.991304
0.372000 0.991313
0.376000 0.991322
0.380000 0.991332
0.384000 0.991342
0.388000 0.991352
0.392000 0.991362
0.396000 0.991373
0.400000 0.991383
0.404000 0.991395
0.408000 0.991406
0.412000 0.991417
0.416000 0.991429
0.420000 0.991441
0.424000 0.991454
0.428000 0.991466
0.432000 0.991479
0.436000 0.991492
0.440000 0.991505
0.444000 0.991519
0.448000 0.991533
0.452000 0.991547
0.456000 0.991562
0.460000 0.991576
0.464000 0.991591
0.468000 0.991607
0.472000 0.991622
0.476000 0.991638
0.480000 0.991654
0.484000 0.991670
0.488000 0.991687
0.492000 0.991704
0.496000 0.991721
0.500000 0.991738
0.504000 0.991756
0.508000 0.991773
0.512000 0.991792
0.516000 0.991810
0.520000 0.991829
0.524000 0.991848
0.528000 0.991867
0.532000 0.991886
0.536000 0.991906
0.540000 0.991926
0.544000 0.991946
0.548000 0.991966
0.552000 0.991987
0.556000 0.992007
0.560000 0.992028
0.564000 0.992050
0.568000 0.992071
0.572000 0.992093
0.576000 0.992115
0.580000 0.992137
0.584000 0.992159
0.588000 0.992182
0.592000 0.992204
0.596000 0.992227
0.600000 0.992250
0.604000 0.992273
0.608000 0.992297
0.612000 0.992320
0.616000 0.992344
0.620000 0.992368
0.624000 0.992392
0.628000 0.992416
0.632000 0.992440
0.636000 0.992464
0.640000 0.992489
0.644000 0.992513
0.648000 0.992538
0.652000 0.992563
0.656000 0.992588
0.660000 0.992613
0.664000 0.992638
0.668000 0.992663
0.672000 0.992688
0.676000 0.992714
0.680000 0.992739
0.684000 0.992764
0.688000 0.992790
0.692000 0.992815
0.696000 0.992841
0.700000 0.992866
0.704000 0.992891
0.708000 0.992917
0.712000 0.992942
0.716000 0.992968
0.720000 0.992993
0.724000 0.993019
0.728000 0.993044
0.732000 0.993070
0.736000 0.993095
0.740000 0.993120
0.744000 0.993145
0.748000 0.993171
0.752000 0.993196
0.756000 0.993221
0.760000 0.993246
0.764000 0.993270
0.768000 0.993295
0.772000 0.993320
0.776000 0.993344
0.780000 0.993369
0.784000 0.993393
0.788000 0.993417
0.792000 0.993441
0.796000 0.993465
0.800000 0.993489
0.804000 0.993512
0.808000 0.993536
0.812000 0.993559
0.816000 0.993582
0.820000 0.993605
0.824000 0.993628
0.828000 0.993650
0.832000 0.993673
0.836000 0.993695
0.840000 0.993717
0.844000 0.993739
0.848000 0.993760
0.852000 0.993782
0.856000 0.993803
0.860000 0.993824
0.864000 0.993845
0.868000 0.993865
0.872000 0.993886
0.876000 0.993906
0.880000 0.993926
0.884000 0.993946
0.888000 0.993965
0.892000 0.993984
0.896000 0.994003
0.900000 0.994022
0.904000 0.994040
0.908000 0.994059
0.912000 0.994077
0.916000 0.994095
0.920000 0.994112
0.924000 0.994130
0.928000 0.994147
0.932000 0.994164
0.936000 0.994180
0.940000 0.994197
0.944000 0.994213
0.948000 0.994229
0.952000 0.994245
0.956000 0.994260
0.960000 0.994276
0.964000 0.994292
0.968000 0.994307
0.972000 0.994323
0.976000 0.994340
0.980000 0.994357
0.984000 0.994375
0.988000 0.994395
0.992000 0.994417
0.996000 0.994443
1.000000 0.994475
