-1.000000 0.991037
-0.996000 0.991037
-0.992000 0.991037
-0.988000 0.991037
-0.984000 0.991037
-0.980000 0.991037
-0.976000 0.991037
-0.972000 0.991037
-0.968000 0.991037
-0.964000 0.991037
-0.960000 0.991037
-0.956000 0.991037
-0.952000 0.991037
-0.948000 0.991037
-0.944000 0.991037
-0.940000 0.991037
-0.936000 0.991037
-0.932000 0.991037
-0.928000 0.991037
-0.924000 0.991037
-0.920000 0.991037
-0.916000 0.991037
-0.912000 0.991037
-0.908000 0.991037
-0.904000 0.991037
-0.900000 0.991037
-0.896000 0.991037
-0.892000 0.991037
-0.888000 0.991037
-0.884000 0.991037
-0.880000 0.991037
-0.876000 0.991037
-0.872000 0.991037
-0.868000 0.991037
-0.864000 0.991037
-0.860000 0.991037
-0.856000 0.991037
-0.852000 0.991037
-0.848000 0.991037
-0.844000 0.991037
-0.840000 0.991037
-0.836000 0.991037
-0.832000 0.991037
-0.828000 0.991037
-0.824000 0.991037
-0.820000 0.991037
-0.816000 0.991037
-0.812000 0.991037
-0.808000 0.991037
-0.804000 0.991037
-0.800000 0.991037
-0.796000 0.991037
-0.792000 0.991037
-0.788000 0.991037
-0.784000 0.991037
-0.780000 0.991037
-0.776000 0.991037
-0.772000 0.991037
-0.768000 0.991037
-0.764000 0.991037
-0.760000 0.991037
-0.756000 0.991037
-0.752000 0.991037
-0.748000 0.991037
-0.744000 0.991037
-0.740000 0.991037
-0.736000 0.991037
-0.732000 0.991037
-0.728000 0.991037
-0.724000 0.991037
-0.720000 0.991037
-0.716000 0.991037
-0.712000 0.991037
-0.708000 0.991037
-0.704000 0.991037
-0.700000 0.991037
-0.696000 0.991037
-0.692000 0.991037
-0.688000 0.991037
-0.684000 0.991037
-0.680000 0.991037
-0.676000 0.991037
-0.672000 0.991037
-0.668000 0.991037
-0.664000 0.991037
-0.660000 0.991037
-0.656000 0.991037
-0.652000 0.991037
-0.648000 0.991037
-0.644000 0.991037
-0.640000 0.991037
-0.636000 0.991037
-0.632000 0.991037
-0.628000 0.991037
-0.624000 0.991037
-0.620000 0.991037
-0.616000 0.991037
-0.612000 0.991037
-0.608000 0.991037
-0.604000 0.991037
-0.600000 0.991037
-0.596000 0.991037
-0.592000 0.991037
-0.588000 0.991037
-0.584000 0.991037
-0.580000 0.991037
-0.576000 0.991037
-0.572000 0.991037
-0.568000 0.991037
-0.564000 0.991037
-0.560000 0.991037
-0.556000 0.991037
-0.552000 0.991037
-0.548000 0.991037
-0.544000 0.991037
-0.540000 0.991037
-0.536000 0.991037
-0.532000 0.991037
-0.528000 0.991037
-0.524000 0.991037
-0.520000 0.991037
-0.516000 0.991037
-0.512000 0.991037
-0.508000 0.991037
-0.504000 0.991037
-0.500000 0.991037
-0.496000 0.991037
-0.492000 0.991037
-0.488000 0.991037
-0.484000 0.991037
-0.480000 0.991037
-0.476000 0.991037
-0.472000 0.991037
-0.468000 0.991037
-0.464000 0.991037
-0.460000 0.991037
-0.456000 0.991037
-0.452000 0.991037
-0.448000 0.991037
-0.444000 0.991037
-0.440000 0.991037
-0.436000 0.991037
-0.432000 0.991037
-0.428000 0.991037
-0.424000 0.991037
-0.420000 0.991038
-0.416000 0.991038
-0.412000 0.991038
-0.408000 0.991038
-0.404000 0.991038
-0.400000 0.991038
-0.396000 0.991038
-0.392000 0.991038
-0.388000 0.991038
-0.384000 0.991038
-0.380000 0.991038
-0.376000 0.991038
-0.372000 0.991038
-0.368000 0.991039
-0.364000 0.991039
-0.360000 0.991039
-0.356000 0.991039
-0.352000 0.991039
-0.348000 0.991039
-0.344000 0.991039
-0.340000 0.991040
-0.336000 0.991040
-0.332000 0.991040
-0.328000 0.991040
-0.324000 0.991041
-0.320000 0.991041
-0.316000 0.991041
-0.312000 0.991041
-0.308000 0.991042
-0.304000 0.991042
-0.300000 0.991043
-0.296000 0.991043
-0.292000 0.991043
-0.288000 0.991044
-0.284000 0.991044
-0.280000 0.991045
-0.276000 0.991045
-0.272000 0.991046
-0.268000 0.991047
-0.264000 0.991047
-0.260000 0.991048
-0.256000 0.991049
-0.252000 0.991050
-0.248000 0.991051
-0.244000 0.991051
-0.240000 0.991052
-0.236000 0.991053
-0.232000 0.991055
-0.228000 0.991056
-0.224000 0.991057
-0.220000 0.991058
-0.216000 0.991060
-0.212000 0.991061
-0.208000 0.991062
-0.204000 0.991064
-0.200000 0.991066
-0.196000 0.991067
-0.192000 0.991069
-0.188000 0.991071
-0.184000 0.991073
-0.180000 0.991075
-0.176000 0.991078
-0.172000 0.991080
-0.168000 0.991083
-0.164000 0.991085
-0.160000 0.991088
-0.156000 0.991091
-0.152000 0.991094
-0.148000 0.991097
-0.144000 0.991100
-0.140000 0.991103
-0.136000 0.991107
-0.132000 0.991111
-0.128000 0.991115
-0.124000 0.991119
-0.120000 0.991123
-0.116000 0.991127
-0.112000 0.991132
-0.108000 0.991137
-0.104000 0.991142
-0.100000 0.991147
-0.096000 0.991152
-0.092000 0.991158
-0.088000 0.991164
-0.084000 0.991170
-0.080000 0.991176
-0.076000 0.991183
-0.072000 0.991189
-0.068000 0.991196
-0.064000 0.991204
-0.060000 0.991211
-0.056000 0.991219
-0.052000 0.991227
-0.048000 0.991235
-0.044000 0.991244
-0.040000 0.991253
-0.036000 0.991262
-0.032000 0.991271
-0.028000 0.991281
-0.024000 0.991291
-0.020000 0.991301
-0.016000 0.991312
-0.012000 0.991323
-0.008000 0.991334
-0.004000 0.991346
0.000000 0.991358
0.004000 0.991370
0.008000 0.991383
0.012000 0.991396
0.016000 0.991409
0.020000 0.991423
0.024000 0.991437
0.028000 0.991451
0.032000 0.991466
0.036000 0.991481
0.040000 0.991496
0.044000 0.991512
0.048000 0.991528
0.052000 0.991545
0.056000 0.991562
0.060000 0.991579
0.064000 0.991596
0.068000 0.991614
0.072000 0.991633
0.076000 0.991651
0.080000 0.991670
0.084000 0.991690
0.088000 0.991709
0.092000 0.991730
0.096000 0.991750
0.100000 0.991771
0.104000 0.991792
0.108000 0.991814
0.112000 0.991835
0.116000 0.991858
0.120000 0.991880
0.124000 0.991903
0.128000 0.991926
0.132000 0.991950
0.136000 0.991974
0.140000 0.991998
0.144000 0.992022
0.148000 0.992047
0.152000 0.992072
0.156000 0.992097
0.160000 0.992123
0.164000 0.992149
0.168000 0.992175
0.172000 0.992201
0.176000 0.992228
0.180000 0.992255
0.184000 0.992282
0.188000 0.992309
0.192000 0.992337
0.196000 0.992364
0.200000 0.992392
0.204000 0.992420
0.208000 0.992449
0.212000 0.992477
0.216000 0.992506
0.220000 0.992534
0.224000 0.992563
0.228000 0.992592
0.232000 0.992621
0.236000 0.992651
0.240000 0.992680
0.244000 0.992709
0.248000 0.992739
0.252000 0.992768
0.256000 0.992798
0.260000 0.992827
0.264000 0.992857
0.268000 0.992887
0.272000 0.992916
0.276000 0.992946
0.280000 0.992976
0.284000 0.993005
0.288000 0.993035
0.292000 0.993064
0.296000 0.993094
0.300000 0.993123
0.304000 0.993152
0.308000 0.993181
0.312000 0.993210
0.316000 0.993239
0.320000 0.993268
0.324000 0.993297
0.328000 0.993325
0.332000 0.993354
0.336000 0.993382
0.340000 0.993410
0.344000 0.993438
0.348000 0.993466
0.352000 0.993493
0.356000 0.993521
0.360000 0.993548
0.364000 0.993574
0.368000 0.993601
0.372000 0.993628
0.376000 0.993654
0.380000 0.993680
0.384000 0.993705
0.388000 0.993731
0.392000 0.993756
0.396000 0.993781
0.400000 0.993805
0.404000 0.993829
0.408000 0.993853
0.412000 0.993877
0.416000 0.993900
0.420000 0.993924
0.424000 0.993946
0.428000 0.993969
0.432000 0.993991
0.436000 0.994013
0.440000 0.994034
0.444000 0.994056
0.448000 0.994076
0.452000 0.994097
0.456000 0.994117
0.460000 0.994137
0.464000 0.994157
0.468000 0.994176
0.472000 0.994195
0.476000 0.994213
0.480000 0.994232
0.484000 0.994250
0.488000 0.994267
0.492000 0.994284
0.496000 0.994301
0.500000 0.994318
0.504000 0.994334
0.508000 0.994350
0.512000 0.994366
0.516000 0.994381
0.520000 0.994396
0.524000 0.994411
0.528000 0.994425
0.532000 0.994439
0.536000 0.994453
0.540000 0.994466
0.544000 0.994479
0.548000 0.994492
0.552000 0.994505
0.556000 0.994517
0.560000 0.994529
0.564000 0.994540
0.568000 0.994552
0.572000 0.994563
0.576000 0.994573
0.580000 0.994584
0.584000 0.994594
0.588000 0.994604
0.592000 0.994614
0.596000 0.994623
0.600000 0.994632
0.604000 0.994641
0.608000 0.994650
0.612000 0.994658
0.616000 0.994667
0.620000 0.994675
0.624000 0.994682
0.628000 0.994690
0.632000 0.994697
0.636000 0.994704
0.640000 0.994711
0.644000 0.994718
0.648000 0.994724
0.652000 0.994730
0.656000 0.994736
0.660000 0.994742
0.664000 0.994748
0.668000 0.994753
0.672000 0.994759
0.676000 0.994764
0.680000 0.994769
0.684000 0.994774
0.688000 0.994778
0.692000 0.994783
0.696000 0.994787
0.700000 0.994791
0.704000 0.994795
0.708000 0.994799
0.712000 0.994803
0.716000 0.994807
0.720000 0.994810
0.724000 0.994814
0.728000 0.994817
0.732000 0.994820
0.736000 0.994823
0.740000 0.994826
0.744000 0.994829
0.748000 0.994832
0.752000 0.994834
0.756000 0.994837
0.760000 0.994839
0.764000 0.994841
0.768000 0.994844
0.772000 0.994846
0.776000 0.994848
0.780000 0.994850
0.784000 0.994852
0.788000 0.994853
0.792000 0.994855
0.796000 0.994857
0.800000 0.994859
0.804000 0.994860
0.808000 0.994862
0.812000 0.994863
0.816000 0.994864
0.820000 0.994866
0.824000 0.994867
0.828000 0.994868
0.832000 0.994869
0.836000 0.994870
0.840000 0.994871
0.844000 0.994872
0.848000 0.994873
0.852000 0.994874
0.856000 0.994875
0.860000 0.994876
0.864000 0.994877
0.868000 0.994877
0.872000 0.994878
0.876000 0.994879
0.880000 0.994880
0.884000 0.994880
0.888000 0.994881
0.892000 0.994881
0.896000 0.994882
0.900000 0.994882
0.904000 0.994883
0.908000 0.994883
0.912000 0.994884
0.916000 0.994884
0.920000 0.994885
0.924000 0.994885
0.928000 0.994885
0.932000 0.994886
0.936000 0.994886
0.940000 0.994886
0.944000 0.994887
0.948000 0.994887
0.952000 0.994887
0.956000 0.994888
0.960000 0.994888
0.964000 0.994888
0.968000 0.994888
0.972000 0.994888
0.976000 0.994889
0.980000 0.994889
0.984000 0.994889
0.988000 0.994889
0.992000 0.994890
0.996000 0.994890
1.000000 0.994890
