-1.000000 0.991037
-0.996000 0.991037
-0.992000 0.991037
-0.988000 0.991037
-0.984000 0.991037
-0.980000 0.991037
-0.976000 0.991037
-0.972000 0.991037
-0.968000 0.991037
-0.964000 0.991037
-0.960000 0.991037
-0.956000 0.991037
-0.952000 0.991037
-0.948000 0.991037
-0.944000 0.991037
-0.940000 0.991037
-0.936000 0.991037
-0.932000 0.991037
-0.928000 0.991037
-0.924000 0.991037
-0.920000 0.991037
-0.916000 0.991037
-0.912000 0.991037
-0.908000 0.991037
-0.904000 0.991037
-0.900000 0.991037
-0.896000 0.991037
-0.892000 0.991037
-0.888000 0.991037
-0.884000 0.991037
-0.880000 0.991037
-0.876000 0.991037
-0.872000 0.991037
-0.868000 0.991037
-0.864000 0.991037
-0.860000 0.991037
-0.856000 0.991037
-0.852000 0.991037
-0.848000 0.991037
-0.844000 0.991037
-0.840000 0.991037
-0.836000 0.991037
-0.832000 0.991037
-0.828000 0.991037
-0.824000 0.991037
-0.820000 0.991037
-0.816000 0.991037
-0.812000 0.991037
-0.808000 0.991037
-0.804000 0.991037
-0.800000 0.991037
-0.796000 0.991037
-0.792000 0.991037
-0.788000 0.991037
-0.784000 0.991037
-0.780000 0.991037
-0.776000 0.991037
-0.772000 0.991037
-0.768000 0.991037
-0.764000 0.991037
-0.760000 0.991037
-0.756000 0.991037
-0.752000 0.991037
-0.748000 0.991037
-0.744000 0.991037
-0.740000 0.991037
-0.736000 0.991037
-0.732000 0.991037
-0.728000 0.991037
-0.724000 0.991037
-0.720000 0.991037
-0.716000 0.991038
-0.712000 0.991038
-0.708000 0.991038
-0.704000 0.991038
-0.700000 0.991038
-0.696000 0.991038
-0.692000 0.991038
-0.688000 0.991038
-0.684000 0.991038
-0.680000 0.991038
-0.676000 0.991039
-0.672000 0.991039
-0.668000 0.991039
-0.664000 0.991039
-0.660000 0.991039
-0.656000 0.991040
-0.652000 0.991040
-0.648000 0.991040
-0.644000 0.991040
-0.640000 0.991041
-0.636000 0.991041
-0.632000 0.991042
-0.628000 0.991042
-0.624000 0.991043
-0.620000 0.991043
-0.616000 0.991044
-0.612000 0.991044
-0.608000 0.991045
-0.604000 0.991046
-0.600000 0.991047
-0.596000 0.991047
-0.592000 0.991048
-0.588000 0.991049
-0.584000 0.991051
-0.580000 0.991052
-0.576000 0.991053
-0.572000 0.991054
-0.568000 0.991056
-0.564000 0.991057
-0.560000 0.991059
-0.556000 0.991061
-0.552000 0.991063
-0.548000 0.991065
-0.544000 0.991067
-0.540000 0.991070
-0.536000 0.991072
-0.532000 0.991075
-0.528000 0.991078
-0.524000 0.991081
-0.520000 0.991084
-0.516000 0.991087
-0.512000 0.991091
-0.508000 0.991095
-0.504000 0.991099
-0.500000 0.991103
-0.496000 0.991108
-0.492000 0.991113
-0.488000 0.991118
-0.484000 0.991123
-0.480000 0.991129
-0.476000 0.991135
-0.472000 0.991141
-0.468000 0.991148
-0.464000 0.991155
-0.460000 0.991162
-0.456000 0.991170
-0.452000 0.991178
-0.448000 0.991186
-0.444000 0.991195
-0.440000 0.991204
-0.436000 0.991214
-0.432000 0.991224
-0.428000 0.991234
-0.424000 0.991245
-0.420000 0.991257
-0.416000 0.991268
-0.412000 0.991281
-0.408000 0.991293
-0.404000 0.991307
-0.400000 0.991321
-0.396000 0.991335
-0.392000 0.991350
-0.388000 0.991365
-0.384000 0.991381
-0.380000 0.991397
-0.376000 0.991414
-0.372000 0.991432
-0.368000 0.991450
-0.364000 0.991469
-0.360000 0.991488
-0.356000 0.991508
-0.352000 0.991528
-0.348000 0.991549
-0.344000 0.991570
-0.340000 0.991592
-0.336000 0.991615
-0.332000 0.991638
-0.328000 0.991662
-0.324000 0.991686
-0.320000 0.991711
-0.316000 0.991737
-0.312000 0.991763
-0.308000 0.991789
-0.304000 0.991816
-0.300000 0.991844
-0.296000 0.991872
-0.292000 0.991901
-0.288000 0.991930
-0.284000 0.991960
-0.280000 0.991990
-0.276000 0.992021
-0.272000 0.992052
-0.268000 0.992083
-0.264000 0.992115
-0.260000 0.992148
-0.256000 0.992181
-0.252000 0.992214
-0.248000 0.992248
-0.244000 0.992282
-0.240000 0.992316
-0.236000 0.992350
-0.232000 0.992385
-0.228000 0.992421
-0.224000 0.992456
-0.220000 0.992492
-0.216000 0.992528
-0.212000 0.992564
-0.208000 0.992600
-0.204000 0.992637
-0.200000 0.992673
-0.196000 0.992710
-0.192000 0.992747
-0.188000 0.992784
-0.184000 0.992821
-0.180000 0.992858
-0.176000 0.992894
-0.172000 0.992931
-0.168000 0.992968
-0.164000 0.993005
-0.160000 0.993042
-0.156000 0.993079
-0.152000 0.993115
-0.148000 0.993152
-0.144000 0.993188
-0.140000 0.993224
-0.136000 0.993260
-0.132000 0.993296
-0.128000 0.993332
-0.124000 0.993367
-0.120000 0.993402
-0.116000 0.993437
-0.112000 0.993471
-0.108000 0.993505
-0.104000 0.993539
-0.100000 0.993572
-0.096000 0.993605
-0.092000 0.993638
-0.088000 0.993670
-0.084000 0.993702
-0.080000 0.993734
-0.076000 0.993765
-0.072000 0.993795
-0.068000 0.993825
-0.064000 0.993855
-0.060000 0.993884
-0.056000 0.993913
-0.052000 0.993941
-0.048000 0.993969
-0.044000 0.993997
-0.040000 0.994024
-0.036000 0.994050
-0.032000 0.994076
-0.028000 0.994101
-0.024000 0.994126
-0.020000 0.994150
-0.016000 0.994174
-0.012000 0.994197
-0.008000 0.994220
-0.004000 0.994243
0.000000 0.994264
0.004000 0.994286
0.008000 0.994306
0.012000 0.994327
0.016000 0.994347
0.020000 0.994366
0.024000 0.994385
0.028000 0.994403
0.032000 0.994421
0.036000 0.994438
0.040000 0.994455
0.044000 0.994471
0.048000 0.994487
0.052000 0.994503
0.056000 0.994518
0.060000 0.994532
0.064000 0.994546
0.068000 0.994560
0.072000 0.994573
0.076000 0.994586
0.080000 0.994598
0.084000 0.994610
0.088000 0.994622
0.092000 0.994633
0.096000 0.994644
0.100000 0.994655
0.104000 0.994665
0.108000 0.994675
0.112000 0.994684
0.116000 0.994693
0.120000 0.994702
0.124000 0.994710
0.128000 0.994718
0.132000 0.994726
0.136000 0.994734
0.140000 0.994741
0.144000 0.994748
0.148000 0.994755
0.152000 0.994761
0.156000 0.994767
0.160000 0.994773
0.164000 0.994779
0.168000 0.994784
0.172000 0.994789
0.176000 0.994794
0.180000 0.994799
0.184000 0.994804
0.188000 0.994808
0.192000 0.994812
0.196000 0.994816
0.200000 0.994820
0.204000 0.994824
0.208000 0.994827
0.212000 0.994831
0.216000 0.994834
0.220000 0.994837
0.224000 0.994840
0.228000 0.994843
0.232000 0.994845
0.236000 0.994848
0.240000 0.994850
0.244000 0.994852
0.248000 0.994855
0.252000 0.994857
0.256000 0.994859
0.260000 0.994860
0.264000 0.994862
0.268000 0.994864
0.272000 0.994865
0.276000 0.994867
0.280000 0.994868
0.284000 0.994870
0.288000 0.994871
0.292000 0.994872
0.296000 0.994873
0.300000 0.994874
0.304000 0.994876
0.308000 0.994877
0.312000 0.994877
0.316000 0.994878
0.320000 0.994879
0.324000 0.994880
0.328000 0.994881
0.332000 0.994881
0.336000 0.994882
0.340000 0.994883
0.344000 0.994883
0.348000 0.994884
0.352000 0.994884
0.356000 0.994885
0.360000 0.994885
0.364000 0.994886
0.368000 0.994886
0.372000 0.994886
0.376000 0.994887
0.380000 0.994887
0.384000 0.994887
0.388000 0.994888
0.392000 0.994888
0.396000 0.994888
0.400000 0.994889
0.404000 0.994889
0.408000 0.994889
0.412000 0.994889
0.416000 0.994889
0.420000 0.994890
0.424000 0.994890
0.428000 0.994890
0.432000 0.994890
0.436000 0.994890
0.440000 0.994890
0.444000 0.994890
0.448000 0.994890
0.452000 0.994891
0.456000 0.994891
0.460000 0.994891
0.464000 0.994891
0.468000 0.994891
0.472000 0.994891
0.476000 0.994891
0.480000 0.994891
0.484000 0.994891
0.488000 0.994891
0.492000 0.994891
0.496000 0.994891
0.500000 0.994891
0.504000 0.994891
0.508000 0.994892
0.512000 0.994892
0.516000 0.994892
0.520000 0.994892
0.524000 0.994892
0.528000 0.994892
0.532000 0.994892
0.536000 0.994892
0.540000 0.994892
0.544000 0.994892
0.548000 0.994892
0.552000 0.994892
0.556000 0.994892
0.560000 0.994892
0.564000 0.994892
0.568000 0.994892
0.572000 0.994892
0.576000 0.994892
0.580000 0.994892
0.584000 0.994892
0.588000 0.994892
0.592000 0.994892
0.596000 0.994892
0.600000 0.994892
0.604000 0.994892
0.608000 0.994892
0.612000 0.994892
0.616000 0.994892
0.620000 0.994892
0.624000 0.994892
0.628000 0.994892
0.632000 0.994892
0.636000 0.994892
0.640000 0.994892
0.644000 0.994892
0.648000 0.994892
0.652000 0.994892
0.656000 0.994892
0.660000 0.994892
0.664000 0.994892
0.668000 0.994892
0.672000 0.994892
0.676000 0.994892
0.680000 0.994892
0.684000 0.994892
0.688000 0.994892
0.692000 0.994892
0.696000 0.994892
0.700000 0.994892
0.704000 0.994892
0.708000 0.994892
0.712000 0.994892
0.716000 0.994892
0.720000 0.994892
0.724000 0.994892
0.728000 0.994892
0.732000 0.994892
0.736000 0.994892
0.740000 0.994892
0.744000 0.994892
0.748000 0.994892
0.752000 0.994892
0.756000 0.994892
0.760000 0.994892
0.764000 0.994892
0.768000 0.994892
0.772000 0.994892
0.776000 0.994892
0.780000 0.994892
0.784000 0.994892
0.788000 0.994892
0.792000 0.994892
0.796000 0.994892
0.800000 0.994892
0.804000 0.994892
0.808000 0.994892
0.812000 0.994892
0.816000 0.994892
0.820000 0.994892
0.824000 0.994892
0.828000 0.994892
0.832000 0.994892
0.836000 0.994892
0.840000 0.994892
0.844000 0.994892
0.848000 0.994892
0.852000 0.994892
0.856000 0.994892
0.860000 0.994892
0.864000 0.994892
0.868000 0.994892
0.872000 0.994892
0.876000 0.994892
0.880000 0.994892
0.884000 0.994892
0.888000 0.994892
0.892000 0.994892
0.896000 0.994892
0.900000 0.994892
0.904000 0.994892
0.908000 0.994892
0.912000 0.994892
0.916000 0.994892
0.920000 0.994892
0.924000 0.994892
0.928000 0.994892
0.932000 0.994892
0.936000 0.994892
0.940000 0.994892
0.944000 0.994892
0.948000 0.994892
0.952000 0.994892
0.956000 0.994892
0.960000 0.994892
0.964000 0.994892
0.968000 0.994892
0.972000 0.994892
0.976000 0.994892
0.980000 0.994892
0.984000 0.994892
0.988000 0.994892
0.992000 0.994892
0.996000 0.994892
1.000000 0.994892
