-1.000000 0.997928
-0.996000 0.997928
-0.992000 0.997928
-0.988000 0.997928
-0.984000 0.997928
-0.980000 0.997928
-0.976000 0.997928
-0.972000 0.997928
-0.968000 0.997928
-0.964000 0.997928
-0.960000 0.997928
-0.956000 0.997928
-0.952000 0.997928
-0.948000 0.997928
-0.944000 0.997928
-0.940000 0.997928
-0.936000 0.997928
-0.932000 0.997928
-0.928000 0.997928
-0.924000 0.997928
-0.920000 0.997928
-0.916000 0.997928
-0.912000 0.997928
-0.908000 0.997928
-0.904000 0.997928
-0.900000 0.997928
-0.896000 0.997928
-0.892000 0.997928
-0.888000 0.997928
-0.884000 0.997928
-0.880000 0.997928
-0.876000 0.997928
-0.872000 0.997928
-0.868000 0.997928
-0.864000 0.997928
-0.860000 0.997928
-0.856000 0.997928
-0.852000 0.997928
-0.848000 0.997928
-0.844000 0.997928
-0.840000 0.997928
-0.836000 0.997928
-0.832000 0.997928
-0.828000 0.997928
-0.824000 0.997928
-0.820000 0.997928
-0.816000 0.997928
-0.812000 0.997928
-0.808000 0.997928
-0.804000 0.997928
-0.800000 0.997928
-0.796000 0.997928
-0.792000 0.997928
-0.788000 0.997928
-0.784000 0.997928
-0.780000 0.997928
-0.776000 0.997928
-0.772000 0.997928
-0.768000 0.997928
-0.764000 0.997928
-0.760000 0.997928
-0.756000 0.997928
-0.752000 0.997928
-0.748000 0.997928
-0.744000 0.997928
-0.740000 0.997928
-0.736000 0.997928
-0.732000 0.997928
-0.728000 0.997928
-0.724000 0.997928
-0.720000 0.997928
-0.716000 0.997928
-0.712000 0.997928
-0.708000 0.997928
-0.704000 0.997928
-0.700000 0.997928
-0.696000 0.997928
-0.692000 0.997928
-0.688000 0.997928
-0.684000 0.997928
-0.680000 0.997928
-0.676000 0.997928
-0.672000 0.997928
-0.668000 0.997928
-0.664000 0.997928
-0.660000 0.997928
-0.656000 0.997928
-0.652000 0.997928
-0.648000 0.997928
-0.644000 0.997928
-0.640000 0.997928
-0.636000 0.997928
-0.632000 0.997928
-0.628000 0.997928
-0.624000 0.997928
-0.620000 0.997928
-0.616000 0.997928
-0.612000 0.997928
-0.608000 0.997928
-0.604000 0.997928
-0.600000 0.997928
-0.596000 0.997928
-0.592000 0.997928
-0.588000 0.997928
-0.584000 0.997928
-0.580000 0.997928
-0.576000 0.997928
-0.572000 0.997928
-0.568000 0.997928
-0.564000 0.997928
-0.560000 0.997928
-0.556000 0.997928
-0.552000 0.997928
-0.548000 0.997928
-0.544000 0.997928
-0.540000 0.997928
-0.536000 0.997928
-0.532000 0.997928
-0.528000 0.997928
-0.524000 0.997928
-0.520000 0.997928
-0.516000 0.997928
-0.512000 0.997928
-0.508000 0.997928
-0.504000 0.997928
-0.500000 0.997928
-0.496000 0.997928
-0.492000 0.997928
-0.488000 0.997928
-0.484000 0.997928
-0.480000 0.997928
-0.476000 0.997928
-0.472000 0.997928
-0.468000 0.997928
-0.464000 0.997928
-0.460000 0.997928
-0.456000 0.997928
-0.452000 0.997928
-0.448000 0.997928
-0.444000 0.997928
-0.440000 0.997928
-0.436000 0.997928
-0.432000 0.997928
-0.428000 0.997928
-0.424000 0.997928
-0.420000 0.997928
-0.416000 0.997928
-0.412000 0.997928
-0.408000 0.997928
-0.404000 0.997928
-0.400000 0.997928
-0.396000 0.997928
-0.392000 0.997928
-0.388000 0.997928
-0.384000 0.997928
-0.380000 0.997928
-0.376000 0.997928
-0.372000 0.997928
-0.368000 0.997928
-0.364000 0.997928
-0.360000 0.997928
-0.356000 0.997928
-0.352000 0.997928
-0.348000 0.997928
-0.344000 0.997928
-0.340000 0.997928
-0.336000 0.997928
-0.332000 0.997928
-0.328000 0.997928
-0.324000 0.997928
-0.320000 0.997928
-0.316000 0.997928
-0.312000 0.997928
-0.308000 0.997928
-0.304000 0.997928
-0.300000 0.997928
-0.296000 0.997928
-0.292000 0.997928
-0.288000 0.997928
-0.284000 0.997928
-0.280000 0.997928
-0.276000 0.997928
-0.272000 0.997928
-0.268000 0.997928
-0.264000 0.997928
-0.260000 0.997928
-0.256000 0.997928
-0.252000 0.997928
-0.248000 0.997928
-0.244000 0.997928
-0.240000 0.997928
-0.236000 0.997928
-0.232000 0.997928
-0.228000 0.997928
-0.224000 0.997928
-0.220000 0.997928
-0.216000 0.997928
-0.212000 0.997928
-0.208000 0.997928
-0.204000 0.997928
-0.200000 0.997928
-0.196000 0.997928
-0.192000 0.997928
-0.188000 0.997928
-0.184000 0.997928
-0.180000 0.997928
-0.176000 0.997927
-0.172000 0.997927
-0.168000 0.997927
-0.164000 0.997927
-0.160000 0.997927
-0.156000 0.997927
-0.152000 0.997927
-0.148000 0.997927
-0.144000 0.997927
-0.140000 0.997927
-0.136000 0.997927
-0.132000 0.997927
-0.128000 0.997927
-0.124000 0.997927
-0.120000 0.997926
-0.116000 0.997926
-0.112000 0.997926
-0.108000 0.997926
-0.104000 0.997926
-0.100000 0.997926
-0.096000 0.997926
-0.092000 0.997925
-0.088000 0.997925
-0.084000 0.997925
-0.080000 0.997925
-0.076000 0.997925
-0.072000 0.997924
-0.068000 0.997924
-0.064000 0.997924
-0.060000 0.997924
-0.056000 0.997923
-0.052000 0.997923
-0.048000 0.997923
-0.044000 0.997922
-0.040000 0.997922
-0.036000 0.997921
-0.032000 0.997921
-0.028000 0.997921
-0.024000 0.997920
-0.020000 0.997920
-0.016000 0.997919
-0.012000 0.997918
-0.008000 0.997918
-0.004000 0.997917
0.000000 0.997917
0.004000 0.997916
0.008000 0.997915
0.012000 0.997914
0.016000 0.997913
0.020000 0.997912
0.024000 0.997911
0.028000 0.997910
0.032000 0.997909
0.036000 0.997908
0.040000 0.997907
0.044000 0.997906
0.048000 0.997905
0.052000 0.997903
0.056000 0.997902
0.060000 0.997900
0.064000 0.997899
0.068000 0.997897
0.072000 0.997895
0.076000 0.997893
0.080000 0.997892
0.084000 0.997890
0.088000 0.997887
0.092000 0.997885
0.096000 0.997883
0.100000 0.997880
0.104000 0.997878
0.108000 0.997875
0.112000 0.997872
0.116000 0.997870
0.120000 0.997866
0.124000 0.997863
0.128000 0.997860
0.132000 0.997856
0.136000 0.997853
0.140000 0.997849
0.144000 0.997845
0.148000 0.997841
0.152000 0.997837
0.156000 0.997832
0.160000 0.997828
0.164000 0.997823
0.168000 0.997818
0.172000 0.997813
0.176000 0.997807
0.180000 0.997802
0.184000 0.997796
0.188000 0.997790
0.192000 0.997783
0.196000 0.997777
0.200000 0.997770
0.204000 0.997763
0.208000 0.997756
0.212000 0.997748
0.216000 0.997740
0.220000 0.997732
0.224000 0.997724
0.228000 0.997715
0.232000 0.997706
0.236000 0.997697
0.240000 0.997687
0.244000 0.997677
0.248000 0.997667
0.252000 0.997657
0.256000 0.997646
0.260000 0.997634
0.264000 0.997623
0.268000 0.997611
0.272000 0.997599
0.276000 0.997586
0.280000 0.997573
0.284000 0.997559
0.288000 0.997545
0.292000 0.997531
0.296000 0.997517
0.300000 0.997501
0.304000 0.997486
0.308000 0.997470
0.312000 0.997454
0.316000 0.997437
0.320000 0.997420
0.324000 0.997402
0.328000 0.997384
0.332000 0.997365
0.336000 0.997346
0.340000 0.997327
0.344000 0.997307
0.348000 0.997286
0.352000 0.997265
0.356000 0.997244
0.360000 0.997222
0.364000 0.997200
0.368000 0.997177
0.372000 0.997153
0.376000 0.997129
0.380000 0.997105
0.384000 0.997080
0.388000 0.997055
0.392000 0.997029
0.396000 0.997002
0.400000 0.996975
0.404000 0.996948
0.408000 0.996920
0.412000 0.996891
0.416000 0.996862
0.420000 0.996833
0.424000 0.996803
0.428000 0.996772
0.432000 0.996741
0.436000 0.996710
0.440000 0.996678
0.444000 0.996645
0.448000 0.996612
0.452000 0.996578
0.456000 0.996544
0.460000 0.996510
0.464000 0.996475
0.468000 0.996439
0.472000 0.996403
0.476000 0.996367
0.480000 0.996330
0.484000 0.996292
0.488000 0.996255
0.492000 0.996216
0.496000 0.996178
0.500000 0.996138
0.504000 0.996099
0.508000 0.996059
0.512000 0.996018
0.516000 0.995978
0.520000 0.995937
0.524000 0.995895
0.528000 0.995853
0.532000 0.995811
0.536000 0.995768
0.540000 0.995725
0.544000 0.995682
0.548000 0.995638
0.552000 0.995594
0.556000 0.995550
0.560000 0.995506
0.564000 0.995461
0.568000 0.995416
0.572000 0.995371
0.576000 0.995325
0.580000 0.995280
0.584000 0.995234
0.588000 0.995188
0.592000 0.995141
0.596000 0.995095
0.600000 0.995048
0.604000 0.995002
0.608000 0.994955
0.612000 0.994908
0.616000 0.994861
0.620000 0.994814
0.624000 0.994766
0.628000 0.994719
0.632000 0.994672
0.636000 0.994625
0.640000 0.994577
0.644000 0.994530
0.648000 0.994483
0.652000 0.994435
0.656000 0.994388
0.660000 0.994341
0.664000 0.994294
0.668000 0.994247
0.672000 0.994200
0.676000 0.994153
0.680000 0.994107
0.684000 0.994060
0.688000 0.994014
0.692000 0.993968
0.696000 0.993922
0.700000 0.993876
0.704000 0.993830
0.708000 0.993785
0.712000 0.993740
0.716000 0.993695
0.720000 0.993650
0.724000 0.993606
0.728000 0.993561
0.732000 0.993518
0.736000 0.993474
0.740000 0.993431
0.744000 0.993388
0.748000 0.993345
0.752000 0.993303
0.756000 0.993261
0.760000 0.993220
0.764000 0.993178
0.768000 0.993138
0.772000 0.993097
0.776000 0.993057
0.780000 0.993017
0.784000 0.992978
0.788000 0.992939
0.792000 0.992901
0.796000 0.992863
0.800000 0.992825
0.804000 0.992788
0.808000 0.992751
0.812000 0.992715
0.816000 0.992679
0.820000 0.992644
0.824000 0.992609
0.828000 0.992574
0.832000 0.992540
0.836000 0.992507
0.840000 0.992473
0.844000 0.992441
0.848000 0.992409
0.852000 0.992377
0.856000 0.992346
0.860000 0.992315
0.864000 0.992285
0.868000 0.992255
0.872000 0.992225
0.876000 0.992197
0.880000 0.992168
0.884000 0.992140
0.888000 0.992113
0.892000 0.992086
0.896000 0.992059
0.900000 0.992033
0.904000 0.992008
0.908000 0.991983
0.912000 0.991958
0.916000 0.991934
0.920000 0.991910
0.924000 0.991887
0.928000 0.991864
0.932000 0.991842
0.936000 0.991820
0.940000 0.991798
0.944000 0.991777
0.948000 0.991756
0.952000 0.991736
0.956000 0.991716
0.960000 0.991696
0.964000 0.991676
0.968000 0.991656
0.972000 0.991636
0.976000 0.991616
0.980000 0.991595
0.984000 0.991573
0.988000 0.991549
0.992000 0.991522
0.996000 0.991490
1.000000 0.991452
