-1.000000 0.997928
-0.996000 0.997928
-0.992000 0.997928
-0.988000 0.997928
-0.984000 0.997928
-0.980000 0.997928
-0.976000 0.997928
-0.972000 0.997928
-0.968000 0.997928
-0.964000 0.997928
-0.960000 0.997928
-0.956000 0.997928
-0.952000 0.997928
-0.948000 0.997928
-0.944000 0.997928
-0.940000 0.997928
-0.936000 0.997928
-0.932000 0.997928
-0.928000 0.997928
-0.924000 0.997928
-0.920000 0.997928
-0.916000 0.997928
-0.912000 0.997928
-0.908000 0.997928
-0.904000 0.997928
-0.900000 0.997928
-0.896000 0.997928
-0.892000 0.997928
-0.888000 0.997928
-0.884000 0.997928
-0.880000 0.997928
-0.876000 0.997928
-0.872000 0.997928
-0.868000 0.997928
-0.864000 0.997928
-0.860000 0.997928
-0.856000 0.997928
-0.852000 0.997928
-0.848000 0.997928
-0.844000 0.997928
-0.840000 0.997928
-0.836000 0.997928
-0.832000 0.997928
-0.828000 0.997928
-0.824000 0.997928
-0.820000 0.997928
-0.816000 0.997928
-0.812000 0.997928
-0.808000 0.997928
-0.804000 0.997928
-0.800000 0.997928
-0.796000 0.997928
-0.792000 0.997928
-0.788000 0.997928
-0.784000 0.997928
-0.780000 0.997928
-0.776000 0.997928
-0.772000 0.997928
-0.768000 0.997928
-0.764000 0.997928
-0.760000 0.997928
-0.756000 0.997928
-0.752000 0.997928
-0.748000 0.997928
-0.744000 0.997928
-0.740000 0.997928
-0.736000 0.997928
-0.732000 0.997928
-0.728000 0.997928
-0.724000 0.997928
-0.720000 0.997928
-0.716000 0.997928
-0.712000 0.997928
-0.708000 0.997928
-0.704000 0.997928
-0.700000 0.997928
-0.696000 0.997928
-0.692000 0.997928
-0.688000 0.997928
-0.684000 0.997928
-0.680000 0.997928
-0.676000 0.997928
-0.672000 0.997928
-0.668000 0.997928
-0.664000 0.997928
-0.660000 0.997928
-0.656000 0.997928
-0.652000 0.997928
-0.648000 0.997928
-0.644000 0.997928
-0.640000 0.997928
-0.636000 0.997928
-0.632000 0.997928
-0.628000 0.997928
-0.624000 0.997928
-0.620000 0.997928
-0.616000 0.997928
-0.612000 0.997928
-0.608000 0.997928
-0.604000 0.997928
-0.600000 0.997928
-0.596000 0.997928
-0.592000 0.997928
-0.588000 0.997928
-0.584000 0.997928
-0.580000 0.997928
-0.576000 0.997928
-0.572000 0.997928
-0.568000 0.997928
-0.564000 0.997928
-0.560000 0.997928
-0.556000 0.997928
-0.552000 0.997928
-0.548000 0.997928
-0.544000 0.997928
-0.540000 0.997928
-0.536000 0.997928
-0.532000 0.997928
-0.528000 0.997928
-0.524000 0.997928
-0.520000 0.997928
-0.516000 0.997928
-0.512000 0.997928
-0.508000 0.997928
-0.504000 0.997928
-0.500000 0.997928
-0.496000 0.997928
-0.492000 0.997928
-0.488000 0.997928
-0.484000 0.997928
-0.480000 0.997928
-0.476000 0.997928
-0.472000 0.997928
-0.468000 0.997928
-0.464000 0.997928
-0.460000 0.997928
-0.456000 0.997928
-0.452000 0.997928
-0.448000 0.997928
-0.444000 0.997928
-0.440000 0.997928
-0.436000 0.997928
-0.432000 0.997928
-0.428000 0.997928
-0.424000 0.997928
-0.420000 0.997928
-0.416000 0.997928
-0.412000 0.997928
-0.408000 0.997928
-0.404000 0.997928
-0.400000 0.997928
-0.396000 0.997928
-0.392000 0.997928
-0.388000 0.997928
-0.384000 0.997928
-0.380000 0.997928
-0.376000 0.997928
-0.372000 0.997928
-0.368000 0.997928
-0.364000 0.997928
-0.360000 0.997928
-0.356000 0.997928
-0.352000 0.997928
-0.348000 0.997928
-0.344000 0.997928
-0.340000 0.997928
-0.336000 0.997928
-0.332000 0.997928
-0.328000 0.997928
-0.324000 0.997928
-0.320000 0.997928
-0.316000 0.997928
-0.312000 0.997928
-0.308000 0.997928
-0.304000 0.997928
-0.300000 0.997928
-0.296000 0.997928
-0.292000 0.997928
-0.288000 0.997928
-0.284000 0.997928
-0.280000 0.997928
-0.276000 0.997928
-0.272000 0.997928
-0.268000 0.997928
-0.264000 0.997928
-0.260000 0.997928
-0.256000 0.997928
-0.252000 0.997928
-0.248000 0.997928
-0.244000 0.997928
-0.240000 0.997928
-0.236000 0.997927
-0.232000 0.997927
-0.228000 0.997927
-0.224000 0.997927
-0.220000 0.997927
-0.216000 0.997927
-0.212000 0.997927
-0.208000 0.997927
-0.204000 0.997927
-0.200000 0.997927
-0.196000 0.997927
-0.192000 0.997927
-0.188000 0.997927
-0.184000 0.997927
-0.180000 0.997926
-0.176000 0.997926
-0.172000 0.997926
-0.168000 0.997926
-0.164000 0.997926
-0.160000 0.997926
-0.156000 0.997926
-0.152000 0.997925
-0.148000 0.997925
-0.144000 0.997925
-0.140000 0.997925
-0.136000 0.997925
-0.132000 0.997924
-0.128000 0.997924
-0.124000 0.997924
-0.120000 0.997924
-0.116000 0.997923
-0.112000 0.997923
-0.108000 0.997923
-0.104000 0.997922
-0.100000 0.997922
-0.096000 0.997921
-0.092000 0.997921
-0.088000 0.997920
-0.084000 0.997920
-0.080000 0.997919
-0.076000 0.997919
-0.072000 0.997918
-0.068000 0.997917
-0.064000 0.997917
-0.060000 0.997916
-0.056000 0.997915
-0.052000 0.997914
-0.048000 0.997914
-0.044000 0.997913
-0.040000 0.997912
-0.036000 0.997911
-0.032000 0.997910
-0.028000 0.997908
-0.024000 0.997907
-0.020000 0.997906
-0.016000 0.997905
-0.012000 0.997903
-0.008000 0.997902
-0.004000 0.997900
0.000000 0.997899
0.004000 0.997897
0.008000 0.997895
0.012000 0.997893
0.016000 0.997891
0.020000 0.997889
0.024000 0.997887
0.028000 0.997884
0.032000 0.997882
0.036000 0.997880
0.040000 0.997877
0.044000 0.997874
0.048000 0.997871
0.052000 0.997868
0.056000 0.997865
0.060000 0.997862
0.064000 0.997858
0.068000 0.997854
0.072000 0.997851
0.076000 0.997847
0.080000 0.997842
0.084000 0.997838
0.088000 0.997834
0.092000 0.997829
0.096000 0.997824
0.100000 0.997819
0.104000 0.997814
0.108000 0.997808
0.112000 0.997802
0.116000 0.997796
0.120000 0.997790
0.124000 0.997784
0.128000 0.997777
0.132000 0.997770
0.136000 0.997763
0.140000 0.997755
0.144000 0.997747
0.148000 0.997739
0.152000 0.997731
0.156000 0.997722
0.160000 0.997713
0.164000 0.997704
0.168000 0.997694
0.172000 0.997684
0.176000 0.997674
0.180000 0.997664
0.184000 0.997653
0.188000 0.997641
0.192000 0.997630
0.196000 0.997617
0.200000 0.997605
0.204000 0.997592
0.208000 0.997579
0.212000 0.997565
0.216000 0.997551
0.220000 0.997537
0.224000 0.997522
0.228000 0.997506
0.232000 0.997491
0.236000 0.997474
0.240000 0.997458
0.244000 0.997441
0.248000 0.997423
0.252000 0.997405
0.256000 0.997386
0.260000 0.997367
0.264000 0.997348
0.268000 0.997328
0.272000 0.997307
0.276000 0.997286
0.280000 0.997265
0.284000 0.997243
0.288000 0.997220
0.292000 0.997197
0.296000 0.997174
0.300000 0.997150
0.304000 0.997125
0.308000 0.997100
0.312000 0.997074
0.316000 0.997048
0.320000 0.997021
0.324000 0.996994
0.328000 0.996966
0.332000 0.996938
0.336000 0.996909
0.340000 0.996879
0.344000 0.996849
0.348000 0.996819
0.352000 0.996788
0.356000 0.996756
0.360000 0.996724
0.364000 0.996691
0.368000 0.996658
0.372000 0.996624
0.376000 0.996590
0.380000 0.996555
0.384000 0.996520
0.388000 0.996484
0.392000 0.996448
0.396000 0.996411
0.400000 0.996374
0.404000 0.996336
0.408000 0.996297
0.412000 0.996259
0.416000 0.996219
0.420000 0.996180
0.424000 0.996140
0.428000 0.996099
0.432000 0.996058
0.436000 0.996017
0.440000 0.995975
0.444000 0.995932
0.448000 0.995890
0.452000 0.995847
0.456000 0.995803
0.460000 0.995760
0.464000 0.995715
0.468000 0.995671
0.472000 0.995626
0.476000 0.995581
0.480000 0.995536
0.484000 0.995490
0.488000 0.995444
0.492000 0.995398
0.496000 0.995351
0.500000 0.995304
0.504000 0.995258
0.508000 0.995210
0.512000 0.995163
0.516000 0.995115
0.520000 0.995068
0.524000 0.995020
0.528000 0.994972
0.532000 0.994924
0.536000 0.994876
0.540000 0.994827
0.544000 0.994779
0.548000 0.994731
0.552000 0.994682
0.556000 0.994634
0.560000 0.994585
0.564000 0.994537
0.568000 0.994488
0.572000 0.994440
0.576000 0.994391
0.580000 0.994343
0.584000 0.994295
0.588000 0.994246
0.592000 0.994198
0.596000 0.994150
0.600000 0.994103
0.604000 0.994055
0.608000 0.994007
0.612000 0.993960
0.616000 0.993913
0.620000 0.993866
0.624000 0.993819
0.628000 0.993773
0.632000 0.993727
0.636000 0.993681
0.640000 0.993635
0.644000 0.993590
0.648000 0.993545
0.652000 0.993500
0.656000 0.993455
0.660000 0.993411
0.664000 0.993367
0.668000 0.993324
0.672000 0.993281
0.676000 0.993238
0.680000 0.993195
0.684000 0.993153
0.688000 0.993112
0.692000 0.993071
0.696000 0.993030
0.700000 0.992990
0.704000 0.992950
0.708000 0.992910
0.712000 0.992871
0.716000 0.992832
0.720000 0.992794
0.724000 0.992757
0.728000 0.992719
0.732000 0.992682
0.736000 0.992646
0.740000 0.992610
0.744000 0.992575
0.748000 0.992540
0.752000 0.992506
0.756000 0.992472
0.760000 0.992438
0.764000 0.992405
0.768000 0.992373
0.772000 0.992341
0.776000 0.992310
0.780000 0.992279
0.784000 0.992248
0.788000 0.992218
0.792000 0.992189
0.796000 0.992160
0.800000 0.992132
0.804000 0.992104
0.808000 0.992076
0.812000 0.992049
0.816000 0.992023
0.820000 0.991997
0.824000 0.991971
0.828000 0.991946
0.832000 0.991922
0.836000 0.991898
0.840000 0.991874
0.844000 0.991851
0.848000 0.991829
0.852000 0.991806
0.856000 0.991785
0.860000 0.991764
0.864000 0.991743
0.868000 0.991723
0.872000 0.991703
0.876000 0.991683
0.880000 0.991664
0.884000 0.991646
0.888000 0.991628
0.892000 0.991610
0.896000 0.991593
0.900000 0.991576
0.904000 0.991559
0.908000 0.991543
0.912000 0.991527
0.916000 0.991512
0.920000 0.991497
0.924000 0.991483
0.928000 0.991468
0.932000 0.991455
0.936000 0.991441
0.940000 0.991428
0.944000 0.991415
0.948000 0.991403
0.952000 0.991390
0.956000 0.991378
0.960000 0.991367
0.964000 0.991355
0.968000 0.991343
0.972000 0.991332
0.976000 0.991320
0.980000 0.991308
0.984000 0.991296
0.988000 0.991282
0.992000 0.991267
0.996000 0.991250
1.000000 0.991229
