-1.000000 0.991037
-0.996000 0.991037
-0.992000 0.991037
-0.988000 0.991037
-0.984000 0.991037
-0.980000 0.991037
-0.976000 0.991037
-0.972000 0.991037
-0.968000 0.991037
-0.964000 0.991037
-0.960000 0.991037
-0.956000 0.991038
-0.952000 0.991038
-0.948000 0.991038
-0.944000 0.991038
-0.940000 0.991038
-0.936000 0.991039
-0.932000 0.991039
-0.928000 0.991039
-0.924000 0.991040
-0.920000 0.991041
-0.916000 0.991041
-0.912000 0.991042
-0.908000 0.991043
-0.904000 0.991044
-0.900000 0.991045
-0.896000 0.991046
-0.892000 0.991048
-0.888000 0.991050
-0.884000 0.991052
-0.880000 0.991054
-0.876000 0.991056
-0.872000 0.991059
-0.868000 0.991062
-0.864000 0.991066
-0.860000 0.991070
-0.856000 0.991074
-0.852000 0.991079
-0.848000 0.991084
-0.844000 0.991090
-0.840000 0.991096
-0.836000 0.991103
-0.832000 0.991111
-0.828000 0.991119
-0.824000 0.991128
-0.820000 0.991138
-0.816000 0.991149
-0.812000 0.991161
-0.808000 0.991173
-0.804000 0.991187
-0.800000 0.991201
-0.796000 0.991217
-0.792000 0.991233
-0.788000 0.991251
-0.784000 0.991270
-0.780000 0.991290
-0.776000 0.991311
-0.772000 0.991334
-0.768000 0.991358
-0.764000 0.991383
-0.760000 0.991409
-0.756000 0.991437
-0.752000 0.991466
-0.748000 0.991497
-0.744000 0.991529
-0.740000 0.991562
-0.736000 0.991597
-0.732000 0.991633
-0.728000 0.991670
-0.724000 0.991709
-0.720000 0.991749
-0.716000 0.991790
-0.712000 0.991833
-0.708000 0.991877
-0.704000 0.991922
-0.700000 0.991968
-0.696000 0.992015
-0.692000 0.992064
-0.688000 0.992113
-0.684000 0.992163
-0.680000 0.992215
-0.676000 0.992267
-0.672000 0.992319
-0.668000 0.992373
-0.664000 0.992427
-0.660000 0.992481
-0.656000 0.992537
-0.652000 0.992592
-0.648000 0.992648
-0.644000 0.992704
-0.640000 0.992760
-0.636000 0.992816
-0.632000 0.992873
-0.628000 0.992929
-0.624000 0.992985
-0.620000 0.993041
-0.616000 0.993096
-0.612000 0.993152
-0.608000 0.993206
-0.604000 0.993261
-0.600000 0.993314
-0.596000 0.993368
-0.592000 0.993420
-0.588000 0.993472
-0.584000 0.993523
-0.580000 0.993573
-0.576000 0.993622
-0.572000 0.993671
-0.568000 0.993718
-0.564000 0.993765
-0.560000 0.993810
-0.556000 0.993855
-0.552000 0.993898
-0.548000 0.993940
-0.544000 0.993981
-0.540000 0.994021
-0.536000 0.994060
-0.532000 0.994098
-0.528000 0.994135
-0.524000 0.994170
-0.520000 0.994204
-0.516000 0.994238
-0.512000 0.994270
-0.508000 0.994300
-0.504000 0.994330
-0.500000 0.994359
-0.496000 0.994387
-0.492000 0.994413
-0.488000 0.994439
-0.484000 0.994463
-0.480000 0.994486
-0.476000 0.994509
-0.472000 0.994530
-0.468000 0.994551
-0.464000 0.994570
-0.460000 0.994589
-0.456000 0.994606
-0.452000 0.994623
-0.448000 0.994639
-0.444000 0.994655
-0.440000 0.994669
-0.436000 0.994683
-0.432000 0.994696
-0.428000 0.994708
-0.424000 0.994720
-0.420000 0.994731
-0.416000 0.994742
-0.412000 0.994751
-0.408000 0.994761
-0.404000 0.994769
-0.400000 0.994778
-0.396000 0.994786
-0.392000 0.994793
-0.388000 0.994800
-0.384000 0.994806
-0.380000 0.994812
-0.376000 0.994818
-0.372000 0.994823
-0.368000 0.994828
-0.364000 0.994833
-0.360000 0.994837
-0.356000 0.994841
-0.352000 0.994845
-0.348000 0.994848
-0.344000 0.994852
-0.340000 0.994855
-0.336000 0.994858
-0.332000 0.994860
-0.328000 0.994863
-0.324000 0.994865
-0.320000 0.994867
-0.316000 0.994869
-0.312000 0.994871
-0.308000 0.994873
-0.304000 0.994874
-0.300000 0.994876
-0.296000 0.994877
-0.292000 0.994878
-0.288000 0.994879
-0.284000 0.994880
-0.280000 0.994881
-0.276000 0.994882
-0.272000 0.994883
-0.268000 0.994884
-0.264000 0.994885
-0.260000 0.994885
-0.256000 0.994886
-0.252000 0.994886
-0.248000 0.994887
-0.244000 0.994887
-0.240000 0.994888
-0.236000 0.994888
-0.232000 0.994888
-0.228000 0.994889
-0.224000 0.994889
-0.220000 0.994889
-0.216000 0.994890
-0.212000 0.994890
-0.208000 0.994890
-0.204000 0.994890
-0.200000 0.994890
-0.196000 0.994891
-0.192000 0.994891
-0.188000 0.994891
-0.184000 0.994891
-0.180000 0.994891
-0.176000 0.994891
-0.172000 0.994891
-0.168000 0.994891
-0.164000 0.994891
-0.160000 0.994891
-0.156000 0.994891
-0.152000 0.994892
-0.148000 0.994892
-0.144000 0.994892
-0.140000 0.994892
-0.136000 0.994892
-0.132000 0.994892
-0.128000 0.994892
-0.124000 0.994892
-0.120000 0.994892
-0.116000 0.994892
-0.112000 0.994892
-0.108000 0.994892
-0.104000 0.994892
-0.100000 0.994892
-0.096000 0.994892
-0.092000 0.994892
-0.088000 0.994892
-0.084000 0.994892
-0.080000 0.994892
-0.076000 0.994892
-0.072000 0.994892
-0.068000 0.994892
-0.064000 0.994892
-0.060000 0.994892
-0.056000 0.994892
-0.052000 0.994892
-0.048000 0.994892
-0.044000 0.994892
-0.040000 0.994892
-0.036000 0.994892
-0.032000 0.994892
-0.028000 0.994892
-0.024000 0.994892
-0.020000 0.994892
-0.016000 0.994892
-0.012000 0.994892
-0.008000 0.994892
-0.004000 0.994892
0.000000 0.994892
0.004000 0.994892
0.008000 0.994892
0.012000 0.994892
0.016000 0.994892
0.020000 0.994892
0.024000 0.994892
0.028000 0.994892
0.032000 0.994892
0.036000 0.994892
0.040000 0.994892
0.044000 0.994892
0.048000 0.994892
0.052000 0.994892
0.056000 0.994892
0.060000 0.994892
0.064000 0.994892
0.068000 0.994892
0.072000 0.994892
0.076000 0.994892
0.080000 0.994892
0.084000 0.994892
0.088000 0.994892
0.092000 0.994892
0.096000 0.994892
0.100000 0.994892
0.104000 0.994892
0.108000 0.994892
0.112000 0.994892
0.116000 0.994892
0.120000 0.994892
0.124000 0.994892
0.128000 0.994892
0.132000 0.994892
0.136000 0.994892
0.140000 0.994892
0.144000 0.994892
0.148000 0.994892
0.152000 0.994892
0.156000 0.994892
0.160000 0.994892
0.164000 0.994892
0.168000 0.994892
0.172000 0.994892
0.176000 0.994892
0.180000 0.994892
0.184000 0.994892
0.188000 0.994892
0.192000 0.994892
0.196000 0.994892
0.200000 0.994892
0.204000 0.994892
0.208000 0.994892
0.212000 0.994892
0.216000 0.994892
0.220000 0.994892
0.224000 0.994892
0.228000 0.994892
0.232000 0.994892
0.236000 0.994892
0.240000 0.994892
0.244000 0.994892
0.248000 0.994892
0.252000 0.994892
0.256000 0.994892
0.260000 0.994892
0.264000 0.994892
0.268000 0.994892
0.272000 0.994892
0.276000 0.994892
0.280000 0.994892
0.284000 0.994892
0.288000 0.994892
0.292000 0.994892
0.296000 0.994892
0.300000 0.994892
0.304000 0.994892
0.308000 0.994892
0.312000 0.994892
0.316000 0.994892
0.320000 0.994892
0.324000 0.994892
0.328000 0.994892
0.332000 0.994892
0.336000 0.994892
0.340000 0.994892
0.344000 0.994892
0.348000 0.994892
0.352000 0.994892
0.356000 0.994892
0.360000 0.994892
0.364000 0.994892
0.368000 0.994892
0.372000 0.994892
0.376000 0.994892
0.380000 0.994892
0.384000 0.994892
0.388000 0.994892
0.392000 0.994892
0.396000 0.994892
0.400000 0.994892
0.404000 0.994892
0.408000 0.994892
0.412000 0.994892
0.416000 0.994892
0.420000 0.994892
0.424000 0.994892
0.428000 0.994892
0.432000 0.994892
0.436000 0.994892
0.440000 0.994892
0.444000 0.994892
0.448000 0.994892
0.452000 0.994892
0.456000 0.994892
0.460000 0.994892
0.464000 0.994892
0.468000 0.994892
0.472000 0.994892
0.476000 0.994892
0.480000 0.994892
0.484000 0.994892
0.488000 0.994892
0.492000 0.994892
0.496000 0.994892
0.500000 0.994892
0.504000 0.994892
0.508000 0.994892
0.512000 0.994892
0.516000 0.994892
0.520000 0.994892
0.524000 0.994892
0.528000 0.994892
0.532000 0.994892
0.536000 0.994892
0.540000 0.994892
0.544000 0.994892
0.548000 0.994892
0.552000 0.994892
0.556000 0.994892
0.560000 0.994892
0.564000 0.994892
0.568000 0.994892
0.572000 0.994892
0.576000 0.994892
0.580000 0.994892
0.584000 0.994892
0.588000 0.994892
0.592000 0.994892
0.596000 0.994892
0.600000 0.994892
0.604000 0.994892
0.608000 0.994892
0.612000 0.994892
0.616000 0.994892
0.620000 0.994892
0.624000 0.994892
0.628000 0.994892
0.632000 0.994892
0.636000 0.994892
0.640000 0.994892
0.644000 0.994892
0.648000 0.994892
0.652000 0.994892
0.656000 0.994892
0.660000 0.994892
0.664000 0.994892
0.668000 0.994892
0.672000 0.994892
0.676000 0.994892
0.680000 0.994892
0.684000 0.994892
0.688000 0.994892
0.692000 0.994892
0.696000 0.994892
0.700000 0.994892
0.704000 0.994892
0.708000 0.994892
0.712000 0.994892
0.716000 0.994892
0.720000 0.994892
0.724000 0.994892
0.728000 0.994892
0.732000 0.994892
0.736000 0.994892
0.740000 0.994892
0.744000 0.994892
0.748000 0.994892
0.752000 0.994892
0.756000 0.994892
0.760000 0.994892
0.764000 0.994892
0.768000 0.994892
0.772000 0.994892
0.776000 0.994892
0.780000 0.994892
0.784000 0.994892
0.788000 0.994892
0.792000 0.994892
0.796000 0.994892
0.800000 0.994892
0.804000 0.994892
0.808000 0.994892
0.812000 0.994892
0.816000 0.994892
0.820000 0.994892
0.824000 0.994892
0.828000 0.994892
0.832000 0.994892
0.836000 0.994892
0.840000 0.994892
0.844000 0.994892
0.848000 0.994892
0.852000 0.994892
0.856000 0.994892
0.860000 0.994892
0.864000 0.994892
0.868000 0.994892
0.872000 0.994892
0.876000 0.994892
0.880000 0.994892
0.884000 0.994892
0.888000 0.994892
0.892000 0.994892
0.896000 0.994892
0.900000 0.994892
0.904000 0.994892
0.908000 0.994892
0.912000 0.994892
0.916000 0.994892
0.920000 0.994892
0.924000 0.994892
0.928000 0.994892
0.932000 0.994892
0.936000 0.994892
0.940000 0.994892
0.944000 0.994892
0.948000 0.994892
0.952000 0.994892
0.956000 0.994892
0.960000 0.994892
0.964000 0.994892
0.968000 0.994892
0.972000 0.994892
0.976000 0.994892
0.980000 0.994892
0.984000 0.994892
0.988000 0.994892
0.992000 0.994892
0.996000 0.994892
1.000000 0.994892
