-1.000000 0.991037
-0.996000 0.991037
-0.992000 0.991037
-0.988000 0.991037
-0.984000 0.991037
-0.980000 0.991037
-0.976000 0.991037
-0.972000 0.991037
-0.968000 0.991037
-0.964000 0.991037
-0.960000 0.991037
-0.956000 0.991037
-0.952000 0.991037
-0.948000 0.991037
-0.944000 0.991037
-0.940000 0.991037
-0.936000 0.991037
-0.932000 0.991037
-0.928000 0.991037
-0.924000 0.991037
-0.920000 0.991037
-0.916000 0.991037
-0.912000 0.991037
-0.908000 0.991037
-0.904000 0.991037
-0.900000 0.991037
-0.896000 0.991037
-0.892000 0.991037
-0.888000 0.991037
-0.884000 0.991037
-0.880000 0.991037
-0.876000 0.991037
-0.872000 0.991037
-0.868000 0.991037
-0.864000 0.991037
-0.860000 0.991037
-0.856000 0.991037
-0.852000 0.991037
-0.848000 0.991037
-0.844000 0.991037
-0.840000 0.991037
-0.836000 0.991037
-0.832000 0.991037
-0.828000 0.991037
-0.824000 0.991037
-0.820000 0.991037
-0.816000 0.991037
-0.812000 0.991037
-0.808000 0.991037
-0.804000 0.991037
-0.800000 0.991037
-0.796000 0.991037
-0.792000 0.991037
-0.788000 0.991037
-0.784000 0.991037
-0.780000 0.991037
-0.776000 0.991037
-0.772000 0.991037
-0.768000 0.991037
-0.764000 0.991037
-0.760000 0.991037
-0.756000 0.991037
-0.752000 0.991037
-0.748000 0.991037
-0.744000 0.991037
-0.740000 0.991037
-0.736000 0.991037
-0.732000 0.991037
-0.728000 0.991037
-0.724000 0.991037
-0.720000 0.991037
-0.716000 0.991037
-0.712000 0.991037
-0.708000 0.991037
-0.704000 0.991037
-0.700000 0.991037
-0.696000 0.991037
-0.692000 0.991037
-0.688000 0.991037
-0.684000 0.991037
-0.680000 0.991037
-0.676000 0.991037
-0.672000 0.991037
-0.668000 0.991037
-0.664000 0.991037
-0.660000 0.991037
-0.656000 0.991037
-0.652000 0.991037
-0.648000 0.991037
-0.644000 0.991037
-0.640000 0.991037
-0.636000 0.991037
-0.632000 0.991037
-0.628000 0.991037
-0.624000 0.991037
-0.620000 0.991037
-0.616000 0.991037
-0.612000 0.991037
-0.608000 0.991037
-0.604000 0.991037
-0.600000 0.991037
-0.596000 0.991037
-0.592000 0.991037
-0.588000 0.991037
-0.584000 0.991037
-0.580000 0.991037
-0.576000 0.991037
-0.572000 0.991037
-0.568000 0.991037
-0.564000 0.991037
-0.560000 0.991037
-0.556000 0.991037
-0.552000 0.991037
-0.548000 0.991037
-0.544000 0.991037
-0.540000 0.991037
-0.536000 0.991037
-0.532000 0.991037
-0.528000 0.991037
-0.524000 0.991037
-0.520000 0.991037
-0.516000 0.991037
-0.512000 0.991037
-0.508000 0.991037
-0.504000 0.991037
-0.500000 0.991037
-0.496000 0.991037
-0.492000 0.991037
-0.488000 0.991037
-0.484000 0.991037
-0.480000 0.991037
-0.476000 0.991037
-0.472000 0.991037
-0.468000 0.991037
-0.464000 0.991037
-0.460000 0.991037
-0.456000 0.991037
-0.452000 0.991037
-0.448000 0.991037
-0.444000 0.991037
-0.440000 0.991037
-0.436000 0.991037
-0.432000 0.991037
-0.428000 0.991037
-0.424000 0.991037
-0.420000 0.991037
-0.416000 0.991037
-0.412000 0.991037
-0.408000 0.991037
-0.404000 0.991037
-0.400000 0.991037
-0.396000 0.991037
-0.392000 0.991038
-0.388000 0.991038
-0.384000 0.991038
-0.380000 0.991038
-0.376000 0.991038
-0.372000 0.991038
-0.368000 0.991038
-0.364000 0.991038
-0.360000 0.991038
-0.356000 0.991038
-0.352000 0.991038
-0.348000 0.991038
-0.344000 0.991038
-0.340000 0.991038
-0.336000 0.991039
-0.332000 0.991039
-0.328000 0.991039
-0.324000 0.991039
-0.320000 0.991039
-0.316000 0.991039
-0.312000 0.991040
-0.308000 0.991040
-0.304000 0.991040
-0.300000 0.991040
-0.296000 0.991040
-0.292000 0.991041
-0.288000 0.991041
-0.284000 0.991041
-0.280000 0.991042
-0.276000 0.991042
-0.272000 0.991042
-0.268000 0.991043
-0.264000 0.991043
-0.260000 0.991044
-0.256000 0.991044
-0.252000 0.991045
-0.248000 0.991045
-0.244000 0.991046
-0.240000 0.991046
-0.236000 0.991047
-0.232000 0.991048
-0.228000 0.991048
-0.224000 0.991049
-0.220000 0.991050
-0.216000 0.991051
-0.212000 0.991052
-0.208000 0.991053
-0.204000 0.991054
-0.200000 0.991055
-0.196000 0.991056
-0.192000 0.991057
-0.188000 0.991058
-0.184000 0.991060
-0.180000 0.991061
-0.176000 0.991063
-0.172000 0.991064
-0.168000 0.991066
-0.164000 0.991068
-0.160000 0.991069
-0.156000 0.991071
-0.152000 0.991073
-0.148000 0.991075
-0.144000 0.991078
-0.140000 0.991080
-0.136000 0.991082
-0.132000 0.991085
-0.128000 0.991088
-0.124000 0.991090
-0.120000 0.991093
-0.116000 0.991096
-0.112000 0.991099
-0.108000 0.991103
-0.104000 0.991106
-0.100000 0.991110
-0.096000 0.991114
-0.092000 0.991118
-0.088000 0.991122
-0.084000 0.991126
-0.080000 0.991131
-0.076000 0.991135
-0.072000 0.991140
-0.068000 0.991145
-0.064000 0.991150
-0.060000 0.991156
-0.056000 0.991161
-0.052000 0.991167
-0.048000 0.991173
-0.044000 0.991180
-0.040000 0.991186
-0.036000 0.991193
-0.032000 0.991200
-0.028000 0.991207
-0.024000 0.991215
-0.020000 0.991222
-0.016000 0.991230
-0.012000 0.991239
-0.008000 0.991247
-0.004000 0.991256
0.000000 0.991265
0.004000 0.991274
0.008000 0.991284
0.012000 0.991294
0.016000 0.991304
0.020000 0.991315
0.024000 0.991326
0.028000 0.991337
0.032000 0.991348
0.036000 0.991360
0.040000 0.991372
0.044000 0.991385
0.048000 0.991398
0.052000 0.991411
0.056000 0.991424
0.060000 0.991438
0.064000 0.991452
0.068000 0.991467
0.072000 0.991482
0.076000 0.991497
0.080000 0.991512
0.084000 0.991528
0.088000 0.991544
0.092000 0.991561
0.096000 0.991578
0.100000 0.991595
0.104000 0.991613
0.108000 0.991631
0.112000 0.991649
0.116000 0.991668
0.120000 0.991687
0.124000 0.991706
0.128000 0.991726
0.132000 0.991746
0.136000 0.991767
0.140000 0.991787
0.144000 0.991808
0.148000 0.991830
0.152000 0.991852
0.156000 0.991874
0.160000 0.991896
0.164000 0.991919
0.168000 0.991942
0.172000 0.991965
0.176000 0.991989
0.180000 0.992013
0.184000 0.992037
0.188000 0.992061
0.192000 0.992086
0.196000 0.992111
0.200000 0.992137
0.204000 0.992162
0.208000 0.992188
0.212000 0.992214
0.216000 0.992240
0.220000 0.992267
0.224000 0.992294
0.228000 0.992321
0.232000 0.992348
0.236000 0.992375
0.240000 0.992403
0.244000 0.992431
0.248000 0.992458
0.252000 0.992486
0.256000 0.992515
0.260000 0.992543
0.264000 0.992571
0.268000 0.992600
0.272000 0.992629
0.276000 0.992658
0.280000 0.992686
0.284000 0.992715
0.288000 0.992744
0.292000 0.992773
0.296000 0.992802
0.300000 0.992832
0.304000 0.992861
0.308000 0.992890
0.312000 0.992919
0.316000 0.992948
0.320000 0.992977
0.324000 0.993007
0.328000 0.993036
0.332000 0.993065
0.336000 0.993094
0.340000 0.993122
0.344000 0.993151
0.348000 0.993180
0.352000 0.993209
0.356000 0.993237
0.360000 0.993266
0.364000 0.993294
0.368000 0.993322
0.372000 0.993350
0.376000 0.993378
0.380000 0.993405
0.384000 0.993433
0.388000 0.993460
0.392000 0.993487
0.396000 0.993514
0.400000 0.993541
0.404000 0.993567
0.408000 0.993594
0.412000 0.993620
0.416000 0.993646
0.420000 0.993671
0.424000 0.993697
0.428000 0.993722
0.432000 0.993747
0.436000 0.993771
0.440000 0.993795
0.444000 0.993819
0.448000 0.993843
0.452000 0.993867
0.456000 0.993890
0.460000 0.993913
0.464000 0.993935
0.468000 0.993958
0.472000 0.993980
0.476000 0.994001
0.480000 0.994023
0.484000 0.994044
0.488000 0.994064
0.492000 0.994085
0.496000 0.994105
0.500000 0.994125
0.504000 0.994144
0.508000 0.994163
0.512000 0.994182
0.516000 0.994201
0.520000 0.994219
0.524000 0.994237
0.528000 0.994254
0.532000 0.994272
0.536000 0.994289
0.540000 0.994305
0.544000 0.994321
0.548000 0.994337
0.552000 0.994353
0.556000 0.994368
0.560000 0.994383
0.564000 0.994398
0.568000 0.994413
0.572000 0.994427
0.576000 0.994440
0.580000 0.994454
0.584000 0.994467
0.588000 0.994480
0.592000 0.994493
0.596000 0.994505
0.600000 0.994517
0.604000 0.994529
0.608000 0.994540
0.612000 0.994551
0.616000 0.994562
0.620000 0.994573
0.624000 0.994583
0.628000 0.994593
0.632000 0.994603
0.636000 0.994613
0.640000 0.994622
0.644000 0.994631
0.648000 0.994640
0.652000 0.994648
0.656000 0.994657
0.660000 0.994665
0.664000 0.994673
0.668000 0.994680
0.672000 0.994688
0.676000 0.994695
0.680000 0.994702
0.684000 0.994709
0.688000 0.994716
0.692000 0.994722
0.696000 0.994728
0.700000 0.994734
0.704000 0.994740
0.708000 0.994746
0.712000 0.994751
0.716000 0.994757
0.720000 0.994762
0.724000 0.994767
0.728000 0.994772
0.732000 0.994776
0.736000 0.994781
0.740000 0.994785
0.744000 0.994789
0.748000 0.994793
0.752000 0.994797
0.756000 0.994801
0.760000 0.994805
0.764000 0.994808
0.768000 0.994812
0.772000 0.994815
0.776000 0.994818
0.780000 0.994821
0.784000 0.994824
0.788000 0.994827
0.792000 0.994830
0.796000 0.994832
0.800000 0.994835
0.804000 0.994837
0.808000 0.994840
0.812000 0.994842
0.816000 0.994844
0.820000 0.994846
0.824000 0.994848
0.828000 0.994850
0.832000 0.994852
0.836000 0.994854
0.840000 0.994855
0.844000 0.994857
0.848000 0.994859
0.852000 0.994860
0.856000 0.994862
0.860000 0.994863
0.864000 0.994864
0.868000 0.994866
0.872000 0.994867
0.876000 0.994868
0.880000 0.994869
0.884000 0.994870
0.888000 0.994871
0.892000 0.994872
0.896000 0.994873
0.900000 0.994874
0.904000 0.994875
0.908000 0.994876
0.912000 0.994877
0.916000 0.994877
0.920000 0.994878
0.924000 0.994879
0.928000 0.994879
0.932000 0.994880
0.936000 0.994881
0.940000 0.994881
0.944000 0.994882
0.948000 0.994882
0.952000 0.994883
0.956000 0.994883
0.960000 0.994884
0.964000 0.994884
0.968000 0.994885
0.972000 0.994885
0.976000 0.994885
0.980000 0.994886
0.984000 0.994886
0.988000 0.994887
0.992000 0.994887
0.996000 0.994888
1.000000 0.994888
