-1.000000 0.991037
-0.996000 0.991037
-0.992000 0.991037
-0.988000 0.991037
-0.984000 0.991037
-0.980000 0.991037
-0.976000 0.991037
-0.972000 0.991037
-0.968000 0.991037
-0.964000 0.991037
-0.960000 0.991037
-0.956000 0.991037
-0.952000 0.991037
-0.948000 0.991037
-0.944000 0.991037
-0.940000 0.991037
-0.936000 0.991037
-0.932000 0.991037
-0.928000 0.991037
-0.924000 0.991037
-0.920000 0.991037
-0.916000 0.991037
-0.912000 0.991037
-0.908000 0.991037
-0.904000 0.991037
-0.900000 0.991037
-0.896000 0.991037
-0.892000 0.991037
-0.888000 0.991037
-0.884000 0.991037
-0.880000 0.991037
-0.876000 0.991037
-0.872000 0.991037
-0.868000 0.991037
-0.864000 0.991037
-0.860000 0.991037
-0.856000 0.991037
-0.852000 0.991037
-0.848000 0.991037
-0.844000 0.991037
-0.840000 0.991037
-0.836000 0.991037
-0.832000 0.991037
-0.828000 0.991037
-0.824000 0.991037
-0.820000 0.991038
-0.816000 0.991038
-0.812000 0.991038
-0.808000 0.991038
-0.804000 0.991038
-0.800000 0.991038
-0.796000 0.991038
-0.792000 0.991038
-0.788000 0.991039
-0.784000 0.991039
-0.780000 0.991039
-0.776000 0.991039
-0.772000 0.991040
-0.768000 0.991040
-0.764000 0.991040
-0.760000 0.991041
-0.756000 0.991041
-0.752000 0.991041
-0.748000 0.991042
-0.744000 0.991043
-0.740000 0.991043
-0.736000 0.991044
-0.732000 0.991045
-0.728000 0.991046
-0.724000 0.991046
-0.720000 0.991047
-0.716000 0.991049
-0.712000 0.991050
-0.708000 0.991051
-0.704000 0.991053
-0.700000 0.991054
-0.696000 0.991056
-0.692000 0.991058
-0.688000 0.991060
-0.684000 0.991062
-0.680000 0.991064
-0.676000 0.991067
-0.672000 0.991069
-0.668000 0.991072
-0.664000 0.991075
-0.660000 0.991079
-0.656000 0.991082
-0.652000 0.991086
-0.648000 0.991090
-0.644000 0.991095
-0.640000 0.991100
-0.636000 0.991105
-0.632000 0.991110
-0.628000 0.991116
-0.624000 0.991122
-0.620000 0.991129
-0.616000 0.991135
-0.612000 0.991143
-0.608000 0.991151
-0.604000 0.991159
-0.600000 0.991167
-0.596000 0.991177
-0.592000 0.991186
-0.588000 0.991196
-0.584000 0.991207
-0.580000 0.991218
-0.576000 0.991230
-0.572000 0.991243
-0.568000 0.991255
-0.564000 0.991269
-0.560000 0.991283
-0.556000 0.991298
-0.552000 0.991314
-0.548000 0.991330
-0.544000 0.991347
-0.540000 0.991364
-0.536000 0.991382
-0.532000 0.991401
-0.528000 0.991421
-0.524000 0.991441
-0.520000 0.991462
-0.516000 0.991484
-0.512000 0.991507
-0.508000 0.991530
-0.504000 0.991554
-0.500000 0.991579
-0.496000 0.991605
-0.492000 0.991631
-0.488000 0.991658
-0.484000 0.991686
-0.480000 0.991714
-0.476000 0.991743
-0.472000 0.991773
-0.468000 0.991804
-0.464000 0.991835
-0.460000 0.991867
-0.456000 0.991900
-0.452000 0.991933
-0.448000 0.991967
-0.444000 0.992002
-0.440000 0.992037
-0.436000 0.992073
-0.432000 0.992109
-0.428000 0.992146
-0.424000 0.992184
-0.420000 0.992221
-0.416000 0.992260
-0.412000 0.992299
-0.408000 0.992338
-0.404000 0.992377
-0.400000 0.992417
-0.396000 0.992458
-0.392000 0.992498
-0.388000 0.992539
-0.384000 0.992580
-0.380000 0.992622
-0.376000 0.992663
-0.372000 0.992705
-0.368000 0.992747
-0.364000 0.992789
-0.360000 0.992831
-0.356000 0.992873
-0.352000 0.992914
-0.348000 0.992956
-0.344000 0.992998
-0.340000 0.993040
-0.336000 0.993082
-0.332000 0.993123
-0.328000 0.993164
-0.324000 0.993205
-0.320000 0.993246
-0.316000 0.993287
-0.312000 0.993327
-0.308000 0.993367
-0.304000 0.993406
-0.300000 0.993446
-0.296000 0.993484
-0.292000 0.993523
-0.288000 0.993561
-0.284000 0.993598
-0.280000 0.993635
-0.276000 0.993671
-0.272000 0.993707
-0.268000 0.993743
-0.264000 0.993778
-0.260000 0.993812
-0.256000 0.993846
-0.252000 0.993879
-0.248000 0.993911
-0.244000 0.993943
-0.240000 0.993975
-0.236000 0.994005
-0.232000 0.994035
-0.228000 0.994065
-0.224000 0.994094
-0.220000 0.994122
-0.216000 0.994149
-0.212000 0.994176
-0.208000 0.994202
-0.204000 0.994228
-0.200000 0.994252
-0.196000 0.994277
-0.192000 0.994300
-0.188000 0.994323
-0.184000 0.994345
-0.180000 0.994367
-0.176000 0.994388
-0.172000 0.994409
-0.168000 0.994428
-0.164000 0.994447
-0.160000 0.994466
-0.156000 0.994484
-0.152000 0.994501
-0.148000 0.994518
-0.144000 0.994535
-0.140000 0.994550
-0.136000 0.994565
-0.132000 0.994580
-0.128000 0.994594
-0.124000 0.994608
-0.120000 0.994621
-0.116000 0.994633
-0.112000 0.994646
-0.108000 0.994657
-0.104000 0.994668
-0.100000 0.994679
-0.096000 0.994690
-0.092000 0.994700
-0.088000 0.994709
-0.084000 0.994718
-0.080000 0.994727
-0.076000 0.994735
-0.072000 0.994743
-0.068000 0.994751
-0.064000 0.994758
-0.060000 0.994765
-0.056000 0.994772
-0.052000 0.994778
-0.048000 0.994784
-0.044000 0.994790
-0.040000 0.994796
-0.036000 0.994801
-0.032000 0.994806
-0.028000 0.994811
-0.024000 0.994815
-0.020000 0.994820
-0.016000 0.994824
-0.012000 0.994828
-0.008000 0.994831
-0.004000 0.994835
0.000000 0.994838
0.004000 0.994841
0.008000 0.994844
0.012000 0.994847
0.016000 0.994850
0.020000 0.994852
0.024000 0.994855
0.028000 0.994857
0.032000 0.994859
0.036000 0.994861
0.040000 0.994863
0.044000 0.994865
0.048000 0.994867
0.052000 0.994868
0.056000 0.994870
0.060000 0.994871
0.064000 0.994872
0.068000 0.994874
0.072000 0.994875
0.076000 0.994876
0.080000 0.994877
0.084000 0.994878
0.088000 0.994879
0.092000 0.994880
0.096000 0.994881
0.100000 0.994881
0.104000 0.994882
0.108000 0.994883
0.112000 0.994883
0.116000 0.994884
0.120000 0.994885
0.124000 0.994885
0.128000 0.994886
0.132000 0.994886
0.136000 0.994886
0.140000 0.994887
0.144000 0.994887
0.148000 0.994888
0.152000 0.994888
0.156000 0.994888
0.160000 0.994888
0.164000 0.994889
0.168000 0.994889
0.172000 0.994889
0.176000 0.994889
0.180000 0.994890
0.184000 0.994890
0.188000 0.994890
0.192000 0.994890
0.196000 0.994890
0.200000 0.994890
0.204000 0.994890
0.208000 0.994891
0.212000 0.994891
0.216000 0.994891
0.220000 0.994891
0.224000 0.994891
0.228000 0.994891
0.232000 0.994891
0.236000 0.994891
0.240000 0.994891
0.244000 0.994891
0.248000 0.994891
0.252000 0.994891
0.256000 0.994891
0.260000 0.994892
0.264000 0.994892
0.268000 0.994892
0.272000 0.994892
0.276000 0.994892
0.280000 0.994892
0.284000 0.994892
0.288000 0.994892
0.292000 0.994892
0.296000 0.994892
0.300000 0.994892
0.304000 0.994892
0.308000 0.994892
0.312000 0.994892
0.316000 0.994892
0.320000 0.994892
0.324000 0.994892
0.328000 0.994892
0.332000 0.994892
0.336000 0.994892
0.340000 0.994892
0.344000 0.994892
0.348000 0.994892
0.352000 0.994892
0.356000 0.994892
0.360000 0.994892
0.364000 0.994892
0.368000 0.994892
0.372000 0.994892
0.376000 0.994892
0.380000 0.994892
0.384000 0.994892
0.388000 0.994892
0.392000 0.994892
0.396000 0.994892
0.400000 0.994892
0.404000 0.994892
0.408000 0.994892
0.412000 0.994892
0.416000 0.994892
0.420000 0.994892
0.424000 0.994892
0.428000 0.994892
0.432000 0.994892
0.436000 0.994892
0.440000 0.994892
0.444000 0.994892
0.448000 0.994892
0.452000 0.994892
0.456000 0.994892
0.460000 0.994892
0.464000 0.994892
0.468000 0.994892
0.472000 0.994892
0.476000 0.994892
0.480000 0.994892
0.484000 0.994892
0.488000 0.994892
0.492000 0.994892
0.496000 0.994892
0.500000 0.994892
0.504000 0.994892
0.508000 0.994892
0.512000 0.994892
0.516000 0.994892
0.520000 0.994892
0.524000 0.994892
0.528000 0.994892
0.532000 0.994892
0.536000 0.994892
0.540000 0.994892
0.544000 0.994892
0.548000 0.994892
0.552000 0.994892
0.556000 0.994892
0.560000 0.994892
0.564000 0.994892
0.568000 0.994892
0.572000 0.994892
0.576000 0.994892
0.580000 0.994892
0.584000 0.994892
0.588000 0.994892
0.592000 0.994892
0.596000 0.994892
0.600000 0.994892
0.604000 0.994892
0.608000 0.994892
0.612000 0.994892
0.616000 0.994892
0.620000 0.994892
0.624000 0.994892
0.628000 0.994892
0.632000 0.994892
0.636000 0.994892
0.640000 0.994892
0.644000 0.994892
0.648000 0.994892
0.652000 0.994892
0.656000 0.994892
0.660000 0.994892
0.664000 0.994892
0.668000 0.994892
0.672000 0.994892
0.676000 0.994892
0.680000 0.994892
0.684000 0.994892
0.688000 0.994892
0.692000 0.994892
0.696000 0.994892
0.700000 0.994892
0.704000 0.994892
0.708000 0.994892
0.712000 0.994892
0.716000 0.994892
0.720000 0.994892
0.724000 0.994892
0.728000 0.994892
0.732000 0.994892
0.736000 0.994892
0.740000 0.994892
0.744000 0.994892
0.748000 0.994892
0.752000 0.994892
0.756000 0.994892
0.760000 0.994892
0.764000 0.994892
0.768000 0.994892
0.772000 0.994892
0.776000 0.994892
0.780000 0.994892
0.784000 0.994892
0.788000 0.994892
0.792000 0.994892
0.796000 0.994892
0.800000 0.994892
0.804000 0.994892
0.808000 0.994892
0.812000 0.994892
0.816000 0.994892
0.820000 0.994892
0.824000 0.994892
0.828000 0.994892
0.832000 0.994892
0.836000 0.994892
0.840000 0.994892
0.844000 0.994892
0.848000 0.994892
0.852000 0.994892
0.856000 0.994892
0.860000 0.994892
0.864000 0.994892
0.868000 0.994892
0.872000 0.994892
0.876000 0.994892
0.880000 0.994892
0.884000 0.994892
0.888000 0.994892
0.892000 0.994892
0.896000 0.994892
0.900000 0.994892
0.904000 0.994892
0.908000 0.994892
0.912000 0.994892
0.916000 0.994892
0.920000 0.994892
0.924000 0.994892
0.928000 0.994892
0.932000 0.994892
0.936000 0.994892
0.940000 0.994892
0.944000 0.994892
0.948000 0.994892
0.952000 0.994892
0.956000 0.994892
0.960000 0.994892
0.964000 0.994892
0.968000 0.994892
0.972000 0.994892
0.976000 0.994892
0.980000 0.994892
0.984000 0.994892
0.988000 0.994892
0.992000 0.994892
0.996000 0.994892
1.000000 0.994892
