-1.000000 0.991037
-0.996000 0.991037
-0.992000 0.991037
-0.988000 0.991037
-0.984000 0.991037
-0.980000 0.991037
-0.976000 0.991037
-0.972000 0.991037
-0.968000 0.991037
-0.964000 0.991037
-0.960000 0.991037
-0.956000 0.991037
-0.952000 0.991037
-0.948000 0.991037
-0.944000 0.991037
-0.940000 0.991037
-0.936000 0.991037
-0.932000 0.991037
-0.928000 0.991037
-0.924000 0.991037
-0.920000 0.991037
-0.916000 0.991037
-0.912000 0.991037
-0.908000 0.991037
-0.904000 0.991037
-0.900000 0.991037
-0.896000 0.991037
-0.892000 0.991037
-0.888000 0.991037
-0.884000 0.991037
-0.880000 0.991037
-0.876000 0.991037
-0.872000 0.991037
-0.868000 0.991037
-0.864000 0.991037
-0.860000 0.991037
-0.856000 0.991037
-0.852000 0.991037
-0.848000 0.991037
-0.844000 0.991037
-0.840000 0.991037
-0.836000 0.991037
-0.832000 0.991037
-0.828000 0.991037
-0.824000 0.991037
-0.820000 0.991037
-0.816000 0.991037
-0.812000 0.991037
-0.808000 0.991037
-0.804000 0.991037
-0.800000 0.991037
-0.796000 0.991037
-0.792000 0.991037
-0.788000 0.991037
-0.784000 0.991037
-0.780000 0.991037
-0.776000 0.991037
-0.772000 0.991037
-0.768000 0.991037
-0.764000 0.991037
-0.760000 0.991037
-0.756000 0.991037
-0.752000 0.991037
-0.748000 0.991037
-0.744000 0.991037
-0.740000 0.991038
-0.736000 0.991038
-0.732000 0.991038
-0.728000 0.991038
-0.724000 0.991038
-0.720000 0.991038
-0.716000 0.991038
-0.712000 0.991038
-0.708000 0.991038
-0.704000 0.991038
-0.700000 0.991039
-0.696000 0.991039
-0.692000 0.991039
-0.688000 0.991039
-0.684000 0.991039
-0.680000 0.991040
-0.676000 0.991040
-0.672000 0.991040
-0.668000 0.991041
-0.664000 0.991041
-0.660000 0.991042
-0.656000 0.991042
-0.652000 0.991042
-0.648000 0.991043
-0.644000 0.991044
-0.640000 0.991044
-0.636000 0.991045
-0.632000 0.991046
-0.628000 0.991047
-0.624000 0.991048
-0.620000 0.991048
-0.616000 0.991050
-0.612000 0.991051
-0.608000 0.991052
-0.604000 0.991053
-0.600000 0.991055
-0.596000 0.991056
-0.592000 0.991058
-0.588000 0.991060
-0.584000 0.991062
-0.580000 0.991064
-0.576000 0.991066
-0.572000 0.991068
-0.568000 0.991071
-0.564000 0.991073
-0.560000 0.991076
-0.556000 0.991079
-0.552000 0.991082
-0.548000 0.991086
-0.544000 0.991090
-0.540000 0.991093
-0.536000 0.991098
-0.532000 0.991102
-0.528000 0.991107
-0.524000 0.991112
-0.520000 0.991117
-0.516000 0.991122
-0.512000 0.991128
-0.508000 0.991134
-0.504000 0.991141
-0.500000 0.991147
-0.496000 0.991155
-0.492000 0.991162
-0.488000 0.991170
-0.484000 0.991178
-0.480000 0.991187
-0.476000 0.991196
-0.472000 0.991206
-0.468000 0.991215
-0.464000 0.991226
-0.460000 0.991237
-0.456000 0.991248
-0.452000 0.991260
-0.448000 0.991272
-0.444000 0.991285
-0.440000 0.991298
-0.436000 0.991312
-0.432000 0.991327
-0.428000 0.991342
-0.424000 0.991357
-0.420000 0.991373
-0.416000 0.991390
-0.412000 0.991407
-0.408000 0.991425
-0.404000 0.991443
-0.400000 0.991462
-0.396000 0.991482
-0.392000 0.991502
-0.388000 0.991523
-0.384000 0.991544
-0.380000 0.991566
-0.376000 0.991588
-0.372000 0.991612
-0.368000 0.991635
-0.364000 0.991660
-0.360000 0.991685
-0.356000 0.991710
-0.352000 0.991736
-0.348000 0.991763
-0.344000 0.991790
-0.340000 0.991818
-0.336000 0.991847
-0.332000 0.991876
-0.328000 0.991905
-0.324000 0.991935
-0.320000 0.991966
-0.316000 0.991997
-0.312000 0.992029
-0.308000 0.992061
-0.304000 0.992093
-0.300000 0.992126
-0.296000 0.992160
-0.292000 0.992194
-0.288000 0.992228
-0.284000 0.992262
-0.280000 0.992297
-0.276000 0.992333
-0.272000 0.992368
-0.268000 0.992404
-0.264000 0.992441
-0.260000 0.992477
-0.256000 0.992514
-0.252000 0.992551
-0.248000 0.992588
-0.244000 0.992626
-0.240000 0.992663
-0.236000 0.992701
-0.232000 0.992739
-0.228000 0.992776
-0.224000 0.992814
-0.220000 0.992852
-0.216000 0.992890
-0.212000 0.992928
-0.208000 0.992966
-0.204000 0.993004
-0.200000 0.993042
-0.196000 0.993079
-0.192000 0.993117
-0.188000 0.993154
-0.184000 0.993191
-0.180000 0.993228
-0.176000 0.993265
-0.172000 0.993302
-0.168000 0.993338
-0.164000 0.993374
-0.160000 0.993410
-0.156000 0.993446
-0.152000 0.993481
-0.148000 0.993516
-0.144000 0.993550
-0.140000 0.993584
-0.136000 0.993618
-0.132000 0.993651
-0.128000 0.993684
-0.124000 0.993717
-0.120000 0.993749
-0.116000 0.993780
-0.112000 0.993811
-0.108000 0.993842
-0.104000 0.993872
-0.100000 0.993902
-0.096000 0.993931
-0.092000 0.993960
-0.088000 0.993988
-0.084000 0.994016
-0.080000 0.994043
-0.076000 0.994070
-0.072000 0.994096
-0.068000 0.994121
-0.064000 0.994146
-0.060000 0.994171
-0.056000 0.994195
-0.052000 0.994218
-0.048000 0.994241
-0.044000 0.994263
-0.040000 0.994285
-0.036000 0.994306
-0.032000 0.994327
-0.028000 0.994347
-0.024000 0.994367
-0.020000 0.994386
-0.016000 0.994405
-0.012000 0.994423
-0.008000 0.994441
-0.004000 0.994458
0.000000 0.994475
0.004000 0.994491
0.008000 0.994507
0.012000 0.994522
0.016000 0.994537
0.020000 0.994551
0.024000 0.994565
0.028000 0.994578
0.032000 0.994591
0.036000 0.994604
0.040000 0.994616
0.044000 0.994627
0.048000 0.994639
0.052000 0.994650
0.056000 0.994660
0.060000 0.994670
0.064000 0.994680
0.068000 0.994690
0.072000 0.994699
0.076000 0.994707
0.080000 0.994716
0.084000 0.994724
0.088000 0.994732
0.092000 0.994739
0.096000 0.994746
0.100000 0.994753
0.104000 0.994760
0.108000 0.994766
0.112000 0.994772
0.116000 0.994778
0.120000 0.994784
0.124000 0.994789
0.128000 0.994794
0.132000 0.994799
0.136000 0.994804
0.140000 0.994808
0.144000 0.994813
0.148000 0.994817
0.152000 0.994821
0.156000 0.994824
0.160000 0.994828
0.164000 0.994831
0.168000 0.994834
0.172000 0.994838
0.176000 0.994841
0.180000 0.994843
0.184000 0.994846
0.188000 0.994848
0.192000 0.994851
0.196000 0.994853
0.200000 0.994855
0.204000 0.994857
0.208000 0.994859
0.212000 0.994861
0.216000 0.994863
0.220000 0.994865
0.224000 0.994866
0.228000 0.994868
0.232000 0.994869
0.236000 0.994870
0.240000 0.994872
0.244000 0.994873
0.248000 0.994874
0.252000 0.994875
0.256000 0.994876
0.260000 0.994877
0.264000 0.994878
0.268000 0.994879
0.272000 0.994880
0.276000 0.994880
0.280000 0.994881
0.284000 0.994882
0.288000 0.994882
0.292000 0.994883
0.296000 0.994884
0.300000 0.994884
0.304000 0.994885
0.308000 0.994885
0.312000 0.994886
0.316000 0.994886
0.320000 0.994886
0.324000 0.994887
0.328000 0.994887
0.332000 0.994887
0.336000 0.994888
0.340000 0.994888
0.344000 0.994888
0.348000 0.994889
0.352000 0.994889
0.356000 0.994889
0.360000 0.994889
0.364000 0.994889
0.368000 0.994890
0.372000 0.994890
0.376000 0.994890
0.380000 0.994890
0.384000 0.994890
0.388000 0.994890
0.392000 0.994890
0.396000 0.994891
0.400000 0.994891
0.404000 0.994891
0.408000 0.994891
0.412000 0.994891
0.416000 0.994891
0.420000 0.994891
0.424000 0.994891
0.428000 0.994891
0.432000 0.994891
0.436000 0.994891
0.440000 0.994891
0.444000 0.994891
0.448000 0.994891
0.452000 0.994891
0.456000 0.994892
0.460000 0.994892
0.464000 0.994892
0.468000 0.994892
0.472000 0.994892
0.476000 0.994892
0.480000 0.994892
0.484000 0.994892
0.488000 0.994892
0.492000 0.994892
0.496000 0.994892
0.500000 0.994892
0.504000 0.994892
0.508000 0.994892
0.512000 0.994892
0.516000 0.994892
0.520000 0.994892
0.524000 0.994892
0.528000 0.994892
0.532000 0.994892
0.536000 0.994892
0.540000 0.994892
0.544000 0.994892
0.548000 0.994892
0.552000 0.994892
0.556000 0.994892
0.560000 0.994892
0.564000 0.994892
0.568000 0.994892
0.572000 0.994892
0.576000 0.994892
0.580000 0.994892
0.584000 0.994892
0.588000 0.994892
0.592000 0.994892
0.596000 0.994892
0.600000 0.994892
0.604000 0.994892
0.608000 0.994892
0.612000 0.994892
0.616000 0.994892
0.620000 0.994892
0.624000 0.994892
0.628000 0.994892
0.632000 0.994892
0.636000 0.994892
0.640000 0.994892
0.644000 0.994892
0.648000 0.994892
0.652000 0.994892
0.656000 0.994892
0.660000 0.994892
0.664000 0.994892
0.668000 0.994892
0.672000 0.994892
0.676000 0.994892
0.680000 0.994892
0.684000 0.994892
0.688000 0.994892
0.692000 0.994892
0.696000 0.994892
0.700000 0.994892
0.704000 0.994892
0.708000 0.994892
0.712000 0.994892
0.716000 0.994892
0.720000 0.994892
0.724000 0.994892
0.728000 0.994892
0.732000 0.994892
0.736000 0.994892
0.740000 0.994892
0.744000 0.994892
0.748000 0.994892
0.752000 0.994892
0.756000 0.994892
0.760000 0.994892
0.764000 0.994892
0.768000 0.994892
0.772000 0.994892
0.776000 0.994892
0.780000 0.994892
0.784000 0.994892
0.788000 0.994892
0.792000 0.994892
0.796000 0.994892
0.800000 0.994892
0.804000 0.994892
0.808000 0.994892
0.812000 0.994892
0.816000 0.994892
0.820000 0.994892
0.824000 0.994892
0.828000 0.994892
0.832000 0.994892
0.836000 0.994892
0.840000 0.994892
0.844000 0.994892
0.848000 0.994892
0.852000 0.994892
0.856000 0.994892
0.860000 0.994892
0.864000 0.994892
0.868000 0.994892
0.872000 0.994892
0.876000 0.994892
0.880000 0.994892
0.884000 0.994892
0.888000 0.994892
0.892000 0.994892
0.896000 0.994892
0.900000 0.994892
0.904000 0.994892
0.908000 0.994892
0.912000 0.994892
0.916000 0.994892
0.920000 0.994892
0.924000 0.994892
0.928000 0.994892
0.932000 0.994892
0.936000 0.994892
0.940000 0.994892
0.944000 0.994892
0.948000 0.994892
0.952000 0.994892
0.956000 0.994892
0.960000 0.994892
0.964000 0.994892
0.968000 0.994892
0.972000 0.994892
0.976000 0.994892
0.980000 0.994892
0.984000 0.994892
0.988000 0.994892
0.992000 0.994892
0.996000 0.994892
1.000000 0.994892
