-1.000000 0.997928
-0.996000 0.997928
-0.992000 0.997928
-0.988000 0.997928
-0.984000 0.997928
-0.980000 0.997928
-0.976000 0.997928
-0.972000 0.997928
-0.968000 0.997928
-0.964000 0.997928
-0.960000 0.997928
-0.956000 0.997928
-0.952000 0.997928
-0.948000 0.997928
-0.944000 0.997928
-0.940000 0.997928
-0.936000 0.997928
-0.932000 0.997928
-0.928000 0.997928
-0.924000 0.997928
-0.920000 0.997928
-0.916000 0.997928
-0.912000 0.997928
-0.908000 0.997928
-0.904000 0.997928
-0.900000 0.997928
-0.896000 0.997928
-0.892000 0.997928
-0.888000 0.997928
-0.884000 0.997928
-0.880000 0.997928
-0.876000 0.997928
-0.872000 0.997928
-0.868000 0.997928
-0.864000 0.997928
-0.860000 0.997928
-0.856000 0.997928
-0.852000 0.997928
-0.848000 0.997928
-0.844000 0.997928
-0.840000 0.997928
-0.836000 0.997928
-0.832000 0.997928
-0.828000 0.997928
-0.824000 0.997928
-0.820000 0.997928
-0.816000 0.997928
-0.812000 0.997928
-0.808000 0.997928
-0.804000 0.997928
-0.800000 0.997928
-0.796000 0.997928
-0.792000 0.997928
-0.788000 0.997928
-0.784000 0.997928
-0.780000 0.997928
-0.776000 0.997928
-0.772000 0.997928
-0.768000 0.997928
-0.764000 0.997928
-0.760000 0.997928
-0.756000 0.997928
-0.752000 0.997928
-0.748000 0.997928
-0.744000 0.997928
-0.740000 0.997928
-0.736000 0.997928
-0.732000 0.997928
-0.728000 0.997928
-0.724000 0.997928
-0.720000 0.997928
-0.716000 0.997928
-0.712000 0.997928
-0.708000 0.997928
-0.704000 0.997928
-0.700000 0.997928
-0.696000 0.997928
-0.692000 0.997928
-0.688000 0.997928
-0.684000 0.997928
-0.680000 0.997928
-0.676000 0.997928
-0.672000 0.997928
-0.668000 0.997928
-0.664000 0.997928
-0.660000 0.997928
-0.656000 0.997928
-0.652000 0.997928
-0.648000 0.997928
-0.644000 0.997928
-0.640000 0.997928
-0.636000 0.997928
-0.632000 0.997928
-0.628000 0.997928
-0.624000 0.997928
-0.620000 0.997928
-0.616000 0.997928
-0.612000 0.997928
-0.608000 0.997928
-0.604000 0.997928
-0.600000 0.997928
-0.596000 0.997928
-0.592000 0.997928
-0.588000 0.997928
-0.584000 0.997928
-0.580000 0.997928
-0.576000 0.997928
-0.572000 0.997928
-0.568000 0.997928
-0.564000 0.997928
-0.560000 0.997928
-0.556000 0.997928
-0.552000 0.997928
-0.548000 0.997928
-0.544000 0.997928
-0.540000 0.997928
-0.536000 0.997928
-0.532000 0.997928
-0.528000 0.997928
-0.524000 0.997928
-0.520000 0.997928
-0.516000 0.997928
-0.512000 0.997928
-0.508000 0.997928
-0.504000 0.997928
-0.500000 0.997927
-0.496000 0.997927
-0.492000 0.997927
-0.488000 0.997927
-0.484000 0.997927
-0.480000 0.997927
-0.476000 0.997927
-0.472000 0.997927
-0.468000 0.997927
-0.464000 0.997927
-0.460000 0.997927
-0.456000 0.997927
-0.452000 0.997926
-0.448000 0.997926
-0.444000 0.997926
-0.440000 0.997926
-0.436000 0.997926
-0.432000 0.997926
-0.428000 0.997925
-0.424000 0.997925
-0.420000 0.997925
-0.416000 0.997925
-0.412000 0.997924
-0.408000 0.997924
-0.404000 0.997924
-0.400000 0.997923
-0.396000 0.997923
-0.392000 0.997923
-0.388000 0.997922
-0.384000 0.997922
-0.380000 0.997921
-0.376000 0.997921
-0.372000 0.997920
-0.368000 0.997919
-0.364000 0.997919
-0.360000 0.997918
-0.356000 0.997917
-0.352000 0.997916
-0.348000 0.997915
-0.344000 0.997914
-0.340000 0.997913
-0.336000 0.997912
-0.332000 0.997911
-0.328000 0.997910
-0.324000 0.997908
-0.320000 0.997907
-0.316000 0.997906
-0.312000 0.997904
-0.308000 0.997902
-0.304000 0.997901
-0.300000 0.997899
-0.296000 0.997897
-0.292000 0.997894
-0.288000 0.997892
-0.284000 0.997890
-0.280000 0.997887
-0.276000 0.997885
-0.272000 0.997882
-0.268000 0.997879
-0.264000 0.997876
-0.260000 0.997872
-0.256000 0.997869
-0.252000 0.997865
-0.248000 0.997861
-0.244000 0.997857
-0.240000 0.997853
-0.236000 0.997848
-0.232000 0.997843
-0.228000 0.997838
-0.224000 0.997833
-0.220000 0.997827
-0.216000 0.997822
-0.212000 0.997815
-0.208000 0.997809
-0.204000 0.997802
-0.200000 0.997795
-0.196000 0.997788
-0.192000 0.997780
-0.188000 0.997772
-0.184000 0.997764
-0.180000 0.997755
-0.176000 0.997746
-0.172000 0.997737
-0.168000 0.997727
-0.164000 0.997717
-0.160000 0.997706
-0.156000 0.997695
-0.152000 0.997683
-0.148000 0.997671
-0.144000 0.997659
-0.140000 0.997646
-0.136000 0.997632
-0.132000 0.997618
-0.128000 0.997604
-0.124000 0.997589
-0.120000 0.997573
-0.116000 0.997557
-0.112000 0.997540
-0.108000 0.997523
-0.104000 0.997505
-0.100000 0.997487
-0.096000 0.997468
-0.092000 0.997448
-0.088000 0.997428
-0.084000 0.997407
-0.080000 0.997386
-0.076000 0.997364
-0.072000 0.997341
-0.068000 0.997317
-0.064000 0.997293
-0.060000 0.997269
-0.056000 0.997243
-0.052000 0.997217
-0.048000 0.997190
-0.044000 0.997163
-0.040000 0.997134
-0.036000 0.997105
-0.032000 0.997076
-0.028000 0.997045
-0.024000 0.997014
-0.020000 0.996982
-0.016000 0.996950
-0.012000 0.996917
-0.008000 0.996883
-0.004000 0.996848
0.000000 0.996813
0.004000 0.996776
0.008000 0.996740
0.012000 0.996702
0.016000 0.996664
0.020000 0.996625
0.024000 0.996585
0.028000 0.996545
0.032000 0.996504
0.036000 0.996462
0.040000 0.996420
0.044000 0.996377
0.048000 0.996333
0.052000 0.996289
0.056000 0.996244
0.060000 0.996199
0.064000 0.996152
0.068000 0.996106
0.072000 0.996058
0.076000 0.996011
0.080000 0.995962
0.084000 0.995913
0.088000 0.995864
0.092000 0.995814
0.096000 0.995764
0.100000 0.995713
0.104000 0.995661
0.108000 0.995610
0.112000 0.995557
0.116000 0.995505
0.120000 0.995452
0.124000 0.995399
0.128000 0.995345
0.132000 0.995291
0.136000 0.995237
0.140000 0.995183
0.144000 0.995128
0.148000 0.995073
0.152000 0.995018
0.156000 0.994963
0.160000 0.994908
0.164000 0.994852
0.168000 0.994797
0.172000 0.994741
0.176000 0.994685
0.180000 0.994630
0.184000 0.994574
0.188000 0.994518
0.192000 0.994462
0.196000 0.994407
0.200000 0.994351
0.204000 0.994296
0.208000 0.994240
0.212000 0.994185
0.216000 0.994130
0.220000 0.994075
0.224000 0.994021
0.228000 0.993967
0.232000 0.993912
0.236000 0.993859
0.240000 0.993805
0.244000 0.993752
0.248000 0.993699
0.252000 0.993647
0.256000 0.993594
0.260000 0.993543
0.264000 0.993491
0.268000 0.993440
0.272000 0.993390
0.276000 0.993340
0.280000 0.993290
0.284000 0.993241
0.288000 0.993193
0.292000 0.993145
0.296000 0.993097
0.300000 0.993050
0.304000 0.993004
0.308000 0.992958
0.312000 0.992913
0.316000 0.992868
0.320000 0.992824
0.324000 0.992780
0.328000 0.992737
0.332000 0.992695
0.336000 0.992653
0.340000 0.992612
0.344000 0.992572
0.348000 0.992532
0.352000 0.992493
0.356000 0.992454
0.360000 0.992417
0.364000 0.992379
0.368000 0.992343
0.372000 0.992307
0.376000 0.992272
0.380000 0.992237
0.384000 0.992203
0.388000 0.992170
0.392000 0.992137
0.396000 0.992105
0.400000 0.992074
0.404000 0.992043
0.408000 0.992013
0.412000 0.991984
0.416000 0.991955
0.420000 0.991927
0.424000 0.991900
0.428000 0.991873
0.432000 0.991846
0.436000 0.991821
0.440000 0.991796
0.444000 0.991771
0.448000 0.991747
0.452000 0.991724
0.456000 0.991702
0.460000 0.991680
0.464000 0.991658
0.468000 0.991637
0.472000 0.991617
0.476000 0.991597
0.480000 0.991577
0.484000 0.991559
0.488000 0.991540
0.492000 0.991523
0.496000 0.991505
0.500000 0.991489
0.504000 0.991472
0.508000 0.991457
0.512000 0.991441
0.516000 0.991426
0.520000 0.991412
0.524000 0.991398
0.528000 0.991384
0.532000 0.991371
0.536000 0.991358
0.540000 0.991346
0.544000 0.991334
0.548000 0.991323
0.552000 0.991311
0.556000 0.991301
0.560000 0.991290
0.564000 0.991280
0.568000 0.991270
0.572000 0.991261
0.576000 0.991252
0.580000 0.991243
0.584000 0.991235
0.588000 0.991226
0.592000 0.991219
0.596000 0.991211
0.600000 0.991204
0.604000 0.991197
0.608000 0.991190
0.612000 0.991183
0.616000 0.991177
0.620000 0.991171
0.624000 0.991165
0.628000 0.991159
0.632000 0.991154
0.636000 0.991149
0.640000 0.991144
0.644000 0.991139
0.648000 0.991134
0.652000 0.991130
0.656000 0.991126
0.660000 0.991122
0.664000 0.991118
0.668000 0.991114
0.672000 0.991111
0.676000 0.991107
0.680000 0.991104
0.684000 0.991101
0.688000 0.991098
0.692000 0.991095
0.696000 0.991092
0.700000 0.991089
0.704000 0.991087
0.708000 0.991084
0.712000 0.991082
0.716000 0.991080
0.720000 0.991078
0.724000 0.991076
0.728000 0.991074
0.732000 0.991072
0.736000 0.991070
0.740000 0.991069
0.744000 0.991067
0.748000 0.991065
0.752000 0.991064
0.756000 0.991063
0.760000 0.991061
0.764000 0.991060
0.768000 0.991059
0.772000 0.991058
0.776000 0.991057
0.780000 0.991056
0.784000 0.991055
0.788000 0.991054
0.792000 0.991053
0.796000 0.991052
0.800000 0.991051
0.804000 0.991050
0.808000 0.991050
0.812000 0.991049
0.816000 0.991048
0.820000 0.991048
0.824000 0.991047
0.828000 0.991046
0.832000 0.991046
0.836000 0.991045
0.840000 0.991045
0.844000 0.991045
0.848000 0.991044
0.852000 0.991044
0.856000 0.991043
0.860000 0.991043
0.864000 0.991043
0.868000 0.991042
0.872000 0.991042
0.876000 0.991042
0.880000 0.991041
0.884000 0.991041
0.888000 0.991041
0.892000 0.991041
0.896000 0.991040
0.900000 0.991040
0.904000 0.991040
0.908000 0.991040
0.912000 0.991040
0.916000 0.991040
0.920000 0.991039
0.924000 0.991039
0.928000 0.991039
0.932000 0.991039
0.936000 0.991039
0.940000 0.991039
0.944000 0.991039
0.948000 0.991039
0.952000 0.991038
0.956000 0.991038
0.960000 0.991038
0.964000 0.991038
0.968000 0.991038
0.972000 0.991038
0.976000 0.991038
0.980000 0.991038
0.984000 0.991038
0.988000 0.991038
0.992000 0.991038
0.996000 0.991038
1.000000 0.991037
