-1.000000 0.991037
-0.996000 0.991037
-0.992000 0.991037
-0.988000 0.991037
-0.984000 0.991037
-0.980000 0.991037
-0.976000 0.991037
-0.972000 0.991037
-0.968000 0.991037
-0.964000 0.991037
-0.960000 0.991037
-0.956000 0.991037
-0.952000 0.991037
-0.948000 0.991037
-0.944000 0.991037
-0.940000 0.991037
-0.936000 0.991037
-0.932000 0.991037
-0.928000 0.991037
-0.924000 0.991037
-0.920000 0.991037
-0.916000 0.991037
-0.912000 0.991037
-0.908000 0.991037
-0.904000 0.991037
-0.900000 0.991038
-0.896000 0.991038
-0.892000 0.991038
-0.888000 0.991038
-0.884000 0.991038
-0.880000 0.991038
-0.876000 0.991038
-0.872000 0.991039
-0.868000 0.991039
-0.864000 0.991039
-0.860000 0.991040
-0.856000 0.991040
-0.852000 0.991040
-0.848000 0.991041
-0.844000 0.991041
-0.840000 0.991042
-0.836000 0.991043
-0.832000 0.991044
-0.828000 0.991044
-0.824000 0.991045
-0.820000 0.991047
-0.816000 0.991048
-0.812000 0.991049
-0.808000 0.991051
-0.804000 0.991052
-0.800000 0.991054
-0.796000 0.991056
-0.792000 0.991058
-0.788000 0.991061
-0.784000 0.991063
-0.780000 0.991066
-0.776000 0.991070
-0.772000 0.991073
-0.768000 0.991077
-0.764000 0.991081
-0.760000 0.991085
-0.756000 0.991090
-0.752000 0.991095
-0.748000 0.991101
-0.744000 0.991107
-0.740000 0.991114
-0.736000 0.991121
-0.732000 0.991128
-0.728000 0.991137
-0.724000 0.991145
-0.720000 0.991155
-0.716000 0.991164
-0.712000 0.991175
-0.708000 0.991186
-0.704000 0.991198
-0.700000 0.991211
-0.696000 0.991224
-0.692000 0.991238
-0.688000 0.991253
-0.684000 0.991269
-0.680000 0.991286
-0.676000 0.991303
-0.672000 0.991322
-0.668000 0.991341
-0.664000 0.991361
-0.660000 0.991382
-0.656000 0.991404
-0.652000 0.991427
-0.648000 0.991451
-0.644000 0.991476
-0.640000 0.991502
-0.636000 0.991529
-0.632000 0.991557
-0.628000 0.991586
-0.624000 0.991616
-0.620000 0.991647
-0.616000 0.991678
-0.612000 0.991711
-0.608000 0.991745
-0.604000 0.991780
-0.600000 0.991815
-0.596000 0.991852
-0.592000 0.991889
-0.588000 0.991928
-0.584000 0.991967
-0.580000 0.992007
-0.576000 0.992047
-0.572000 0.992089
-0.568000 0.992131
-0.564000 0.992174
-0.560000 0.992218
-0.556000 0.992262
-0.552000 0.992306
-0.548000 0.992352
-0.544000 0.992397
-0.540000 0.992444
-0.536000 0.992490
-0.532000 0.992537
-0.528000 0.992584
-0.524000 0.992632
-0.520000 0.992679
-0.516000 0.992727
-0.512000 0.992775
-0.508000 0.992823
-0.504000 0.992871
-0.500000 0.992920
-0.496000 0.992968
-0.492000 0.993015
-0.488000 0.993063
-0.484000 0.993111
-0.480000 0.993158
-0.476000 0.993205
-0.472000 0.993251
-0.468000 0.993298
-0.464000 0.993343
-0.460000 0.993389
-0.456000 0.993434
-0.452000 0.993478
-0.448000 0.993522
-0.444000 0.993565
-0.440000 0.993608
-0.436000 0.993650
-0.432000 0.993691
-0.428000 0.993731
-0.424000 0.993771
-0.420000 0.993810
-0.416000 0.993849
-0.412000 0.993886
-0.408000 0.993923
-0.404000 0.993959
-0.400000 0.993994
-0.396000 0.994029
-0.392000 0.994062
-0.388000 0.994095
-0.384000 0.994127
-0.380000 0.994158
-0.376000 0.994188
-0.372000 0.994217
-0.368000 0.994246
-0.364000 0.994273
-0.360000 0.994300
-0.356000 0.994326
-0.352000 0.994351
-0.348000 0.994375
-0.344000 0.994399
-0.340000 0.994421
-0.336000 0.994443
-0.332000 0.994464
-0.328000 0.994485
-0.324000 0.994504
-0.320000 0.994523
-0.316000 0.994541
-0.312000 0.994559
-0.308000 0.994576
-0.304000 0.994592
-0.300000 0.994607
-0.296000 0.994622
-0.292000 0.994636
-0.288000 0.994649
-0.284000 0.994662
-0.280000 0.994675
-0.276000 0.994687
-0.272000 0.994698
-0.268000 0.994709
-0.264000 0.994719
-0.260000 0.994729
-0.256000 0.994738
-0.252000 0.994747
-0.248000 0.994755
-0.244000 0.994763
-0.240000 0.994771
-0.236000 0.994778
-0.232000 0.994785
-0.228000 0.994791
-0.224000 0.994797
-0.220000 0.994803
-0.216000 0.994809
-0.212000 0.994814
-0.208000 0.994819
-0.204000 0.994823
-0.200000 0.994828
-0.196000 0.994832
-0.192000 0.994836
-0.188000 0.994839
-0.184000 0.994843
-0.180000 0.994846
-0.176000 0.994849
-0.172000 0.994852
-0.168000 0.994855
-0.164000 0.994857
-0.160000 0.994860
-0.156000 0.994862
-0.152000 0.994864
-0.148000 0.994866
-0.144000 0.994868
-0.140000 0.994869
-0.136000 0.994871
-0.132000 0.994873
-0.128000 0.994874
-0.124000 0.994875
-0.120000 0.994876
-0.116000 0.994878
-0.112000 0.994879
-0.108000 0.994880
-0.104000 0.994881
-0.100000 0.994881
-0.096000 0.994882
-0.092000 0.994883
-0.088000 0.994884
-0.084000 0.994884
-0.080000 0.994885
-0.076000 0.994885
-0.072000 0.994886
-0.068000 0.994886
-0.064000 0.994887
-0.060000 0.994887
-0.056000 0.994888
-0.052000 0.994888
-0.048000 0.994888
-0.044000 0.994889
-0.040000 0.994889
-0.036000 0.994889
-0.032000 0.994889
-0.028000 0.994890
-0.024000 0.994890
-0.020000 0.994890
-0.016000 0.994890
-0.012000 0.994890
-0.008000 0.994890
-0.004000 0.994891
0.000000 0.994891
0.004000 0.994891
0.008000 0.994891
0.012000 0.994891
0.016000 0.994891
0.020000 0.994891
0.024000 0.994891
0.028000 0.994891
0.032000 0.994891
0.036000 0.994891
0.040000 0.994891
0.044000 0.994892
0.048000 0.994892
0.052000 0.994892
0.056000 0.994892
0.060000 0.994892
0.064000 0.994892
0.068000 0.994892
0.072000 0.994892
0.076000 0.994892
0.080000 0.994892
0.084000 0.994892
0.088000 0.994892
0.092000 0.994892
0.096000 0.994892
0.100000 0.994892
0.104000 0.994892
0.108000 0.994892
0.112000 0.994892
0.116000 0.994892
0.120000 0.994892
0.124000 0.994892
0.128000 0.994892
0.132000 0.994892
0.136000 0.994892
0.140000 0.994892
0.144000 0.994892
0.148000 0.994892
0.152000 0.994892
0.156000 0.994892
0.160000 0.994892
0.164000 0.994892
0.168000 0.994892
0.172000 0.994892
0.176000 0.994892
0.180000 0.994892
0.184000 0.994892
0.188000 0.994892
0.192000 0.994892
0.196000 0.994892
0.200000 0.994892
0.204000 0.994892
0.208000 0.994892
0.212000 0.994892
0.216000 0.994892
0.220000 0.994892
0.224000 0.994892
0.228000 0.994892
0.232000 0.994892
0.236000 0.994892
0.240000 0.994892
0.244000 0.994892
0.248000 0.994892
0.252000 0.994892
0.256000 0.994892
0.260000 0.994892
0.264000 0.994892
0.268000 0.994892
0.272000 0.994892
0.276000 0.994892
0.280000 0.994892
0.284000 0.994892
0.288000 0.994892
0.292000 0.994892
0.296000 0.994892
0.300000 0.994892
0.304000 0.994892
0.308000 0.994892
0.312000 0.994892
0.316000 0.994892
0.320000 0.994892
0.324000 0.994892
0.328000 0.994892
0.332000 0.994892
0.336000 0.994892
0.340000 0.994892
0.344000 0.994892
0.348000 0.994892
0.352000 0.994892
0.356000 0.994892
0.360000 0.994892
0.364000 0.994892
0.368000 0.994892
0.372000 0.994892
0.376000 0.994892
0.380000 0.994892
0.384000 0.994892
0.388000 0.994892
0.392000 0.994892
0.396000 0.994892
0.400000 0.994892
0.404000 0.994892
0.408000 0.994892
0.412000 0.994892
0.416000 0.994892
0.420000 0.994892
0.424000 0.994892
0.428000 0.994892
0.432000 0.994892
0.436000 0.994892
0.440000 0.994892
0.444000 0.994892
0.448000 0.994892
0.452000 0.994892
0.456000 0.994892
0.460000 0.994892
0.464000 0.994892
0.468000 0.994892
0.472000 0.994892
0.476000 0.994892
0.480000 0.994892
0.484000 0.994892
0.488000 0.994892
0.492000 0.994892
0.496000 0.994892
0.500000 0.994892
0.504000 0.994892
0.508000 0.994892
0.512000 0.994892
0.516000 0.994892
0.520000 0.994892
0.524000 0.994892
0.528000 0.994892
0.532000 0.994892
0.536000 0.994892
0.540000 0.994892
0.544000 0.994892
0.548000 0.994892
0.552000 0.994892
0.556000 0.994892
0.560000 0.994892
0.564000 0.994892
0.568000 0.994892
0.572000 0.994892
0.576000 0.994892
0.580000 0.994892
0.584000 0.994892
0.588000 0.994892
0.592000 0.994892
0.596000 0.994892
0.600000 0.994892
0.604000 0.994892
0.608000 0.994892
0.612000 0.994892
0.616000 0.994892
0.620000 0.994892
0.624000 0.994892
0.628000 0.994892
0.632000 0.994892
0.636000 0.994892
0.640000 0.994892
0.644000 0.994892
0.648000 0.994892
0.652000 0.994892
0.656000 0.994892
0.660000 0.994892
0.664000 0.994892
0.668000 0.994892
0.672000 0.994892
0.676000 0.994892
0.680000 0.994892
0.684000 0.994892
0.688000 0.994892
0.692000 0.994892
0.696000 0.994892
0.700000 0.994892
0.704000 0.994892
0.708000 0.994892
0.712000 0.994892
0.716000 0.994892
0.720000 0.994892
0.724000 0.994892
0.728000 0.994892
0.732000 0.994892
0.736000 0.994892
0.740000 0.994892
0.744000 0.994892
0.748000 0.994892
0.752000 0.994892
0.756000 0.994892
0.760000 0.994892
0.764000 0.994892
0.768000 0.994892
0.772000 0.994892
0.776000 0.994892
0.780000 0.994892
0.784000 0.994892
0.788000 0.994892
0.792000 0.994892
0.796000 0.994892
0.800000 0.994892
0.804000 0.994892
0.808000 0.994892
0.812000 0.994892
0.816000 0.994892
0.820000 0.994892
0.824000 0.994892
0.828000 0.994892
0.832000 0.994892
0.836000 0.994892
0.840000 0.994892
0.844000 0.994892
0.848000 0.994892
0.852000 0.994892
0.856000 0.994892
0.860000 0.994892
0.864000 0.994892
0.868000 0.994892
0.872000 0.994892
0.876000 0.994892
0.880000 0.994892
0.884000 0.994892
0.888000 0.994892
0.892000 0.994892
0.896000 0.994892
0.900000 0.994892
0.904000 0.994892
0.908000 0.994892
0.912000 0.994892
0.916000 0.994892
0.920000 0.994892
0.924000 0.994892
0.928000 0.994892
0.932000 0.994892
0.936000 0.994892
0.940000 0.994892
0.944000 0.994892
0.948000 0.994892
0.952000 0.994892
0.956000 0.994892
0.960000 0.994892
0.964000 0.994892
0.968000 0.994892
0.972000 0.994892
0.976000 0.994892
0.980000 0.994892
0.984000 0.994892
0.988000 0.994892
0.992000 0.994892
0.996000 0.994892
1.000000 0.994892
