-1.000000 0.991037
-0.996000 0.991037
-0.992000 0.991037
-0.988000 0.991037
-0.984000 0.991037
-0.980000 0.991037
-0.976000 0.991037
-0.972000 0.991037
-0.968000 0.991037
-0.964000 0.991037
-0.960000 0.991037
-0.956000 0.991037
-0.952000 0.991037
-0.948000 0.991037
-0.944000 0.991037
-0.940000 0.991037
-0.936000 0.991037
-0.932000 0.991037
-0.928000 0.991037
-0.924000 0.991037
-0.920000 0.991037
-0.916000 0.991037
-0.912000 0.991037
-0.908000 0.991037
-0.904000 0.991037
-0.900000 0.991037
-0.896000 0.991037
-0.892000 0.991037
-0.888000 0.991037
-0.884000 0.991037
-0.880000 0.991037
-0.876000 0.991037
-0.872000 0.991037
-0.868000 0.991037
-0.864000 0.991037
-0.860000 0.991037
-0.856000 0.991037
-0.852000 0.991037
-0.848000 0.991037
-0.844000 0.991037
-0.840000 0.991037
-0.836000 0.991037
-0.832000 0.991037
-0.828000 0.991037
-0.824000 0.991037
-0.820000 0.991037
-0.816000 0.991037
-0.812000 0.991037
-0.808000 0.991037
-0.804000 0.991037
-0.800000 0.991037
-0.796000 0.991037
-0.792000 0.991037
-0.788000 0.991037
-0.784000 0.991037
-0.780000 0.991037
-0.776000 0.991037
-0.772000 0.991037
-0.768000 0.991037
-0.764000 0.991037
-0.760000 0.991037
-0.756000 0.991037
-0.752000 0.991037
-0.748000 0.991037
-0.744000 0.991037
-0.740000 0.991037
-0.736000 0.991037
-0.732000 0.991037
-0.728000 0.991037
-0.724000 0.991037
-0.720000 0.991037
-0.716000 0.991037
-0.712000 0.991037
-0.708000 0.991037
-0.704000 0.991037
-0.700000 0.991037
-0.696000 0.991037
-0.692000 0.991037
-0.688000 0.991037
-0.684000 0.991037
-0.680000 0.991037
-0.676000 0.991037
-0.672000 0.991037
-0.668000 0.991037
-0.664000 0.991037
-0.660000 0.991037
-0.656000 0.991037
-0.652000 0.991037
-0.648000 0.991037
-0.644000 0.991037
-0.640000 0.991037
-0.636000 0.991037
-0.632000 0.991037
-0.628000 0.991037
-0.624000 0.991037
-0.620000 0.991037
-0.616000 0.991037
-0.612000 0.991037
-0.608000 0.991037
-0.604000 0.991037
-0.600000 0.991037
-0.596000 0.991037
-0.592000 0.991037
-0.588000 0.991037
-0.584000 0.991037
-0.580000 0.991037
-0.576000 0.991037
-0.572000 0.991037
-0.568000 0.991037
-0.564000 0.991037
-0.560000 0.991037
-0.556000 0.991037
-0.552000 0.991037
-0.548000 0.991037
-0.544000 0.991037
-0.540000 0.991037
-0.536000 0.991037
-0.532000 0.991037
-0.528000 0.991037
-0.524000 0.991037
-0.520000 0.991037
-0.516000 0.991037
-0.512000 0.991037
-0.508000 0.991037
-0.504000 0.991037
-0.500000 0.991037
-0.496000 0.991037
-0.492000 0.991037
-0.488000 0.991037
-0.484000 0.991037
-0.480000 0.991037
-0.476000 0.991037
-0.472000 0.991037
-0.468000 0.991037
-0.464000 0.991037
-0.460000 0.991037
-0.456000 0.991037
-0.452000 0.991037
-0.448000 0.991037
-0.444000 0.991037
-0.440000 0.991037
-0.436000 0.991037
-0.432000 0.991037
-0.428000 0.991037
-0.424000 0.991037
-0.420000 0.991037
-0.416000 0.991037
-0.412000 0.991037
-0.408000 0.991037
-0.404000 0.991037
-0.400000 0.991037
-0.396000 0.991037
-0.392000 0.991037
-0.388000 0.991037
-0.384000 0.991037
-0.380000 0.991037
-0.376000 0.991037
-0.372000 0.991037
-0.368000 0.991037
-0.364000 0.991038
-0.360000 0.991038
-0.356000 0.991038
-0.352000 0.991038
-0.348000 0.991038
-0.344000 0.991038
-0.340000 0.991038
-0.336000 0.991038
-0.332000 0.991038
-0.328000 0.991038
-0.324000 0.991038
-0.320000 0.991038
-0.316000 0.991038
-0.312000 0.991038
-0.308000 0.991039
-0.304000 0.991039
-0.300000 0.991039
-0.296000 0.991039
-0.292000 0.991039
-0.288000 0.991039
-0.284000 0.991040
-0.280000 0.991040
-0.276000 0.991040
-0.272000 0.991040
-0.268000 0.991040
-0.264000 0.991041
-0.260000 0.991041
-0.256000 0.991041
-0.252000 0.991041
-0.248000 0.991042
-0.244000 0.991042
-0.240000 0.991043
-0.236000 0.991043
-0.232000 0.991043
-0.228000 0.991044
-0.224000 0.991044
-0.220000 0.991045
-0.216000 0.991045
-0.212000 0.991046
-0.208000 0.991047
-0.204000 0.991047
-0.200000 0.991048
-0.196000 0.991049
-0.192000 0.991049
-0.188000 0.991050
-0.184000 0.991051
-0.180000 0.991052
-0.176000 0.991053
-0.172000 0.991054
-0.168000 0.991055
-0.164000 0.991056
-0.160000 0.991057
-0.156000 0.991059
-0.152000 0.991060
-0.148000 0.991061
-0.144000 0.991063
-0.140000 0.991064
-0.136000 0.991066
-0.132000 0.991068
-0.128000 0.991069
-0.124000 0.991071
-0.120000 0.991073
-0.116000 0.991075
-0.112000 0.991077
-0.108000 0.991080
-0.104000 0.991082
-0.100000 0.991085
-0.096000 0.991087
-0.092000 0.991090
-0.088000 0.991093
-0.084000 0.991096
-0.080000 0.991099
-0.076000 0.991102
-0.072000 0.991105
-0.068000 0.991109
-0.064000 0.991113
-0.060000 0.991116
-0.056000 0.991120
-0.052000 0.991125
-0.048000 0.991129
-0.044000 0.991134
-0.040000 0.991138
-0.036000 0.991143
-0.032000 0.991148
-0.028000 0.991153
-0.024000 0.991159
-0.020000 0.991164
-0.016000 0.991170
-0.012000 0.991176
-0.008000 0.991183
-0.004000 0.991189
0.000000 0.991196
0.004000 0.991203
0.008000 0.991210
0.012000 0.991218
0.016000 0.991225
0.020000 0.991233
0.024000 0.991242
0.028000 0.991250
0.032000 0.991259
0.036000 0.991268
0.040000 0.991277
0.044000 0.991287
0.048000 0.991297
0.052000 0.991307
0.056000 0.991318
0.060000 0.991328
0.064000 0.991339
0.068000 0.991351
0.072000 0.991362
0.076000 0.991374
0.080000 0.991387
0.084000 0.991399
0.088000 0.991412
0.092000 0.991426
0.096000 0.991439
0.100000 0.991453
0.104000 0.991468
0.108000 0.991482
0.112000 0.991497
0.116000 0.991512
0.120000 0.991528
0.124000 0.991544
0.128000 0.991560
0.132000 0.991577
0.136000 0.991594
0.140000 0.991611
0.144000 0.991629
0.148000 0.991647
0.152000 0.991665
0.156000 0.991684
0.160000 0.991703
0.164000 0.991722
0.168000 0.991742
0.172000 0.991762
0.176000 0.991782
0.180000 0.991803
0.184000 0.991824
0.188000 0.991845
0.192000 0.991867
0.196000 0.991889
0.200000 0.991911
0.204000 0.991934
0.208000 0.991957
0.212000 0.991980
0.216000 0.992003
0.220000 0.992027
0.224000 0.992051
0.228000 0.992075
0.232000 0.992100
0.236000 0.992125
0.240000 0.992150
0.244000 0.992175
0.248000 0.992201
0.252000 0.992227
0.256000 0.992253
0.260000 0.992279
0.264000 0.992305
0.268000 0.992332
0.272000 0.992359
0.276000 0.992386
0.280000 0.992413
0.284000 0.992440
0.288000 0.992468
0.292000 0.992495
0.296000 0.992523
0.300000 0.992551
0.304000 0.992579
0.308000 0.992607
0.312000 0.992636
0.316000 0.992664
0.320000 0.992693
0.324000 0.992721
0.328000 0.992750
0.332000 0.992778
0.336000 0.992807
0.340000 0.992836
0.344000 0.992864
0.348000 0.992893
0.352000 0.992922
0.356000 0.992951
0.360000 0.992979
0.364000 0.993008
0.368000 0.993037
0.372000 0.993065
0.376000 0.993094
0.380000 0.993122
0.384000 0.993150
0.388000 0.993179
0.392000 0.993207
0.396000 0.993235
0.400000 0.993263
0.404000 0.993291
0.408000 0.993319
0.412000 0.993346
0.416000 0.993374
0.420000 0.993401
0.424000 0.993428
0.428000 0.993455
0.432000 0.993482
0.436000 0.993508
0.440000 0.993535
0.444000 0.993561
0.448000 0.993587
0.452000 0.993613
0.456000 0.993638
0.460000 0.993663
0.464000 0.993688
0.468000 0.993713
0.472000 0.993738
0.476000 0.993762
0.480000 0.993786
0.484000 0.993810
0.488000 0.993833
0.492000 0.993857
0.496000 0.993880
0.500000 0.993902
0.504000 0.993925
0.508000 0.993947
0.512000 0.993969
0.516000 0.993990
0.520000 0.994011
0.524000 0.994032
0.528000 0.994053
0.532000 0.994073
0.536000 0.994093
0.540000 0.994113
0.544000 0.994132
0.548000 0.994151
0.552000 0.994170
0.556000 0.994189
0.560000 0.994207
0.564000 0.994225
0.568000 0.994242
0.572000 0.994259
0.576000 0.994276
0.580000 0.994293
0.584000 0.994309
0.588000 0.994325
0.592000 0.994341
0.596000 0.994356
0.600000 0.994371
0.604000 0.994386
0.608000 0.994400
0.612000 0.994414
0.616000 0.994428
0.620000 0.994442
0.624000 0.994455
0.628000 0.994468
0.632000 0.994481
0.636000 0.994493
0.640000 0.994505
0.644000 0.994517
0.648000 0.994529
0.652000 0.994540
0.656000 0.994551
0.660000 0.994562
0.664000 0.994572
0.668000 0.994582
0.672000 0.994592
0.676000 0.994602
0.680000 0.994612
0.684000 0.994621
0.688000 0.994630
0.692000 0.994639
0.696000 0.994647
0.700000 0.994655
0.704000 0.994663
0.708000 0.994671
0.712000 0.994679
0.716000 0.994686
0.720000 0.994693
0.724000 0.994700
0.728000 0.994707
0.732000 0.994714
0.736000 0.994720
0.740000 0.994726
0.744000 0.994732
0.748000 0.994738
0.752000 0.994744
0.756000 0.994749
0.760000 0.994755
0.764000 0.994760
0.768000 0.994765
0.772000 0.994770
0.776000 0.994774
0.780000 0.994779
0.784000 0.994783
0.788000 0.994787
0.792000 0.994791
0.796000 0.994795
0.800000 0.994799
0.804000 0.994803
0.808000 0.994806
0.812000 0.994810
0.816000 0.994813
0.820000 0.994816
0.824000 0.994819
0.828000 0.994822
0.832000 0.994825
0.836000 0.994828
0.840000 0.994831
0.844000 0.994833
0.848000 0.994836
0.852000 0.994838
0.856000 0.994840
0.860000 0.994843
0.864000 0.994845
0.868000 0.994847
0.872000 0.994849
0.876000 0.994851
0.880000 0.994852
0.884000 0.994854
0.888000 0.994856
0.892000 0.994857
0.896000 0.994859
0.900000 0.994860
0.904000 0.994862
0.908000 0.994863
0.912000 0.994865
0.916000 0.994866
0.920000 0.994867
0.924000 0.994868
0.928000 0.994869
0.932000 0.994870
0.936000 0.994871
0.940000 0.994872
0.944000 0.994873
0.948000 0.994874
0.952000 0.994875
0.956000 0.994876
0.960000 0.994877
0.964000 0.994877
0.968000 0.994878
0.972000 0.994879
0.976000 0.994880
0.980000 0.994880
0.984000 0.994881
0.988000 0.994882
0.992000 0.994883
0.996000 0.994884
1.000000 0.994885
