-1.000000 0.991037
-0.996000 0.991037
-0.992000 0.991037
-0.988000 0.991037
-0.984000 0.991037
-0.980000 0.991037
-0.976000 0.991037
-0.972000 0.991037
-0.968000 0.991037
-0.964000 0.991037
-0.960000 0.991037
-0.956000 0.991037
-0.952000 0.991037
-0.948000 0.991037
-0.944000 0.991037
-0.940000 0.991037
-0.936000 0.991037
-0.932000 0.991037
-0.928000 0.991037
-0.924000 0.991037
-0.920000 0.991037
-0.916000 0.991037
-0.912000 0.991037
-0.908000 0.991037
-0.904000 0.991037
-0.900000 0.991037
-0.896000 0.991037
-0.892000 0.991037
-0.888000 0.991037
-0.884000 0.991037
-0.880000 0.991037
-0.876000 0.991037
-0.872000 0.991037
-0.868000 0.991037
-0.864000 0.991037
-0.860000 0.991037
-0.856000 0.991037
-0.852000 0.991037
-0.848000 0.991037
-0.844000 0.991037
-0.840000 0.991037
-0.836000 0.991037
-0.832000 0.991037
-0.828000 0.991037
-0.824000 0.991037
-0.820000 0.991037
-0.816000 0.991037
-0.812000 0.991037
-0.808000 0.991037
-0.804000 0.991037
-0.800000 0.991037
-0.796000 0.991037
-0.792000 0.991037
-0.788000 0.991037
-0.784000 0.991037
-0.780000 0.991037
-0.776000 0.991037
-0.772000 0.991037
-0.768000 0.991037
-0.764000 0.991037
-0.760000 0.991037
-0.756000 0.991037
-0.752000 0.991037
-0.748000 0.991037
-0.744000 0.991037
-0.740000 0.991037
-0.736000 0.991037
-0.732000 0.991037
-0.728000 0.991037
-0.724000 0.991037
-0.720000 0.991037
-0.716000 0.991037
-0.712000 0.991037
-0.708000 0.991037
-0.704000 0.991037
-0.700000 0.991037
-0.696000 0.991037
-0.692000 0.991037
-0.688000 0.991037
-0.684000 0.991037
-0.680000 0.991037
-0.676000 0.991037
-0.672000 0.991037
-0.668000 0.991037
-0.664000 0.991037
-0.660000 0.991037
-0.656000 0.991037
-0.652000 0.991037
-0.648000 0.991037
-0.644000 0.991037
-0.640000 0.991037
-0.636000 0.991037
-0.632000 0.991037
-0.628000 0.991037
-0.624000 0.991037
-0.620000 0.991037
-0.616000 0.991037
-0.612000 0.991037
-0.608000 0.991037
-0.604000 0.991037
-0.600000 0.991037
-0.596000 0.991037
-0.592000 0.991037
-0.588000 0.991037
-0.584000 0.991037
-0.580000 0.991037
-0.576000 0.991037
-0.572000 0.991037
-0.568000 0.991037
-0.564000 0.991037
-0.560000 0.991037
-0.556000 0.991037
-0.552000 0.991037
-0.548000 0.991037
-0.544000 0.991037
-0.540000 0.991037
-0.536000 0.991037
-0.532000 0.991037
-0.528000 0.991037
-0.524000 0.991037
-0.520000 0.991037
-0.516000 0.991037
-0.512000 0.991037
-0.508000 0.991037
-0.504000 0.991037
-0.500000 0.991037
-0.496000 0.991037
-0.492000 0.991037
-0.488000 0.991037
-0.484000 0.991037
-0.480000 0.991037
-0.476000 0.991037
-0.472000 0.991037
-0.468000 0.991037
-0.464000 0.991037
-0.460000 0.991037
-0.456000 0.991037
-0.452000 0.991037
-0.448000 0.991037
-0.444000 0.991037
-0.440000 0.991037
-0.436000 0.991037
-0.432000 0.991037
-0.428000 0.991037
-0.424000 0.991037
-0.420000 0.991037
-0.416000 0.991037
-0.412000 0.991037
-0.408000 0.991037
-0.404000 0.991037
-0.400000 0.991037
-0.396000 0.991037
-0.392000 0.991037
-0.388000 0.991037
-0.384000 0.991037
-0.380000 0.991037
-0.376000 0.991037
-0.372000 0.991037
-0.368000 0.991037
-0.364000 0.991037
-0.360000 0.991037
-0.356000 0.991037
-0.352000 0.991037
-0.348000 0.991037
-0.344000 0.991037
-0.340000 0.991037
-0.336000 0.991037
-0.332000 0.991037
-0.328000 0.991037
-0.324000 0.991037
-0.320000 0.991037
-0.316000 0.991037
-0.312000 0.991037
-0.308000 0.991037
-0.304000 0.991037
-0.300000 0.991037
-0.296000 0.991037
-0.292000 0.991037
-0.288000 0.991037
-0.284000 0.991037
-0.280000 0.991037
-0.276000 0.991037
-0.272000 0.991037
-0.268000 0.991037
-0.264000 0.991037
-0.260000 0.991037
-0.256000 0.991037
-0.252000 0.991037
-0.248000 0.991037
-0.244000 0.991037
-0.240000 0.991037
-0.236000 0.991037
-0.232000 0.991037
-0.228000 0.991037
-0.224000 0.991037
-0.220000 0.991037
-0.216000 0.991037
-0.212000 0.991037
-0.208000 0.991037
-0.204000 0.991037
-0.200000 0.991037
-0.196000 0.991037
-0.192000 0.991037
-0.188000 0.991037
-0.184000 0.991037
-0.180000 0.991037
-0.176000 0.991037
-0.172000 0.991037
-0.168000 0.991037
-0.164000 0.991037
-0.160000 0.991037
-0.156000 0.991037
-0.152000 0.991037
-0.148000 0.991037
-0.144000 0.991037
-0.140000 0.991037
-0.136000 0.991037
-0.132000 0.991037
-0.128000 0.991037
-0.124000 0.991037
-0.120000 0.991037
-0.116000 0.991037
-0.112000 0.991037
-0.108000 0.991037
-0.104000 0.991037
-0.100000 0.991037
-0.096000 0.991037
-0.092000 0.991037
-0.088000 0.991037
-0.084000 0.991037
-0.080000 0.991037
-0.076000 0.991037
-0.072000 0.991037
-0.068000 0.991037
-0.064000 0.991037
-0.060000 0.991037
-0.056000 0.991037
-0.052000 0.991037
-0.048000 0.991037
-0.044000 0.991037
-0.040000 0.991037
-0.036000 0.991037
-0.032000 0.991037
-0.028000 0.991037
-0.024000 0.991037
-0.020000 0.991037
-0.016000 0.991037
-0.012000 0.991037
-0.008000 0.991037
-0.004000 0.991037
0.000000 0.991037
0.004000 0.991037
0.008000 0.991037
0.012000 0.991037
0.016000 0.991037
0.020000 0.991037
0.024000 0.991037
0.028000 0.991037
0.032000 0.991037
0.036000 0.991037
0.040000 0.991037
0.044000 0.991037
0.048000 0.991037
0.052000 0.991037
0.056000 0.991037
0.060000 0.991037
0.064000 0.991037
0.068000 0.991037
0.072000 0.991037
0.076000 0.991037
0.080000 0.991037
0.084000 0.991037
0.088000 0.991037
0.092000 0.991037
0.096000 0.991037
0.100000 0.991037
0.104000 0.991037
0.108000 0.991037
0.112000 0.991037
0.116000 0.991037
0.120000 0.991037
0.124000 0.991037
0.128000 0.991037
0.132000 0.991037
0.136000 0.991037
0.140000 0.991037
0.144000 0.991037
0.148000 0.991037
0.152000 0.991037
0.156000 0.991037
0.160000 0.991037
0.164000 0.991037
0.168000 0.991037
0.172000 0.991037
0.176000 0.991037
0.180000 0.991037
0.184000 0.991037
0.188000 0.991037
0.192000 0.991037
0.196000 0.991037
0.200000 0.991037
0.204000 0.991037
0.208000 0.991037
0.212000 0.991037
0.216000 0.991037
0.220000 0.991038
0.224000 0.991038
0.228000 0.991038
0.232000 0.991038
0.236000 0.991038
0.240000 0.991038
0.244000 0.991038
0.248000 0.991038
0.252000 0.991038
0.256000 0.991038
0.260000 0.991038
0.264000 0.991038
0.268000 0.991038
0.272000 0.991038
0.276000 0.991038
0.280000 0.991038
0.284000 0.991038
0.288000 0.991039
0.292000 0.991039
0.296000 0.991039
0.300000 0.991039
0.304000 0.991039
0.308000 0.991039
0.312000 0.991039
0.316000 0.991039
0.320000 0.991039
0.324000 0.991040
0.328000 0.991040
0.332000 0.991040
0.336000 0.991040
0.340000 0.991040
0.344000 0.991040
0.348000 0.991041
0.352000 0.991041
0.356000 0.991041
0.360000 0.991041
0.364000 0.991042
0.368000 0.991042
0.372000 0.991042
0.376000 0.991042
0.380000 0.991043
0.384000 0.991043
0.388000 0.991043
0.392000 0.991044
0.396000 0.991044
0.400000 0.991044
0.404000 0.991045
0.408000 0.991045
0.412000 0.991046
0.416000 0.991046
0.420000 0.991047
0.424000 0.991047
0.428000 0.991048
0.432000 0.991048
0.436000 0.991049
0.440000 0.991049
0.444000 0.991050
0.448000 0.991051
0.452000 0.991051
0.456000 0.991052
0.460000 0.991053
0.464000 0.991054
0.468000 0.991054
0.472000 0.991055
0.476000 0.991056
0.480000 0.991057
0.484000 0.991058
0.488000 0.991059
0.492000 0.991060
0.496000 0.991061
0.500000 0.991062
0.504000 0.991063
0.508000 0.991064
0.512000 0.991066
0.516000 0.991067
0.520000 0.991068
0.524000 0.991070
0.528000 0.991071
0.532000 0.991073
0.536000 0.991074
0.540000 0.991076
0.544000 0.991078
0.548000 0.991079
0.552000 0.991081
0.556000 0.991083
0.560000 0.991085
0.564000 0.991087
0.568000 0.991089
0.572000 0.991091
0.576000 0.991094
0.580000 0.991096
0.584000 0.991099
0.588000 0.991101
0.592000 0.991104
0.596000 0.991106
0.600000 0.991109
0.604000 0.991112
0.608000 0.991115
0.612000 0.991118
0.616000 0.991121
0.620000 0.991124
0.624000 0.991128
0.628000 0.991131
0.632000 0.991135
0.636000 0.991138
0.640000 0.991142
0.644000 0.991146
0.648000 0.991150
0.652000 0.991154
0.656000 0.991158
0.660000 0.991163
0.664000 0.991167
0.668000 0.991172
0.672000 0.991177
0.676000 0.991182
0.680000 0.991187
0.684000 0.991192
0.688000 0.991197
0.692000 0.991203
0.696000 0.991208
0.700000 0.991214
0.704000 0.991220
0.708000 0.991226
0.712000 0.991232
0.716000 0.991239
0.720000 0.991245
0.724000 0.991252
0.728000 0.991259
0.732000 0.991266
0.736000 0.991273
0.740000 0.991280
0.744000 0.991288
0.748000 0.991296
0.752000 0.991303
0.756000 0.991312
0.760000 0.991320
0.764000 0.991328
0.768000 0.991337
0.772000 0.991346
0.776000 0.991355
0.780000 0.991364
0.784000 0.991373
0.788000 0.991383
0.792000 0.991393
0.796000 0.991403
0.800000 0.991413
0.804000 0.991423
0.808000 0.991434
0.812000 0.991445
0.816000 0.991456
0.820000 0.991467
0.824000 0.991478
0.828000 0.991490
0.832000 0.991502
0.836000 0.991514
0.840000 0.991526
0.844000 0.991539
0.848000 0.991551
0.852000 0.991564
0.856000 0.991577
0.860000 0.991591
0.864000 0.991604
0.868000 0.991618
0.872000 0.991632
0.876000 0.991646
0.880000 0.991660
0.884000 0.991675
0.888000 0.991690
0.892000 0.991705
0.896000 0.991720
0.900000 0.991735
0.904000 0.991751
0.908000 0.991767
0.912000 0.991783
0.916000 0.991799
0.920000 0.991816
0.924000 0.991832
0.928000 0.991849
0.932000 0.991866
0.936000 0.991884
0.940000 0.991901
0.944000 0.991919
0.948000 0.991938
0.952000 0.991956
0.956000 0.991975
0.960000 0.991995
0.964000 0.992015
0.968000 0.992036
0.972000 0.992057
0.976000 0.992081
0.980000 0.992106
0.984000 0.992133
0.988000 0.992164
0.992000 0.992199
0.996000 0.992240
1.000000 0.992290
