-1.000000 0.991037
-0.996000 0.991037
-0.992000 0.991037
-0.988000 0.991037
-0.984000 0.991037
-0.980000 0.991037
-0.976000 0.991037
-0.972000 0.991037
-0.968000 0.991037
-0.964000 0.991037
-0.960000 0.991037
-0.956000 0.991037
-0.952000 0.991037
-0.948000 0.991037
-0.944000 0.991037
-0.940000 0.991037
-0.936000 0.991037
-0.932000 0.991037
-0.928000 0.991037
-0.924000 0.991037
-0.920000 0.991037
-0.916000 0.991037
-0.912000 0.991037
-0.908000 0.991037
-0.904000 0.991037
-0.900000 0.991037
-0.896000 0.991037
-0.892000 0.991037
-0.888000 0.991037
-0.884000 0.991037
-0.880000 0.991037
-0.876000 0.991037
-0.872000 0.991037
-0.868000 0.991037
-0.864000 0.991037
-0.860000 0.991037
-0.856000 0.991037
-0.852000 0.991037
-0.848000 0.991037
-0.844000 0.991037
-0.840000 0.991037
-0.836000 0.991037
-0.832000 0.991037
-0.828000 0.991037
-0.824000 0.991037
-0.820000 0.991037
-0.816000 0.991037
-0.812000 0.991037
-0.808000 0.991037
-0.804000 0.991037
-0.800000 0.991037
-0.796000 0.991037
-0.792000 0.991037
-0.788000 0.991037
-0.784000 0.991037
-0.780000 0.991037
-0.776000 0.991037
-0.772000 0.991037
-0.768000 0.991037
-0.764000 0.991037
-0.760000 0.991037
-0.756000 0.991037
-0.752000 0.991037
-0.748000 0.991037
-0.744000 0.991037
-0.740000 0.991037
-0.736000 0.991037
-0.732000 0.991037
-0.728000 0.991037
-0.724000 0.991037
-0.720000 0.991037
-0.716000 0.991037
-0.712000 0.991037
-0.708000 0.991037
-0.704000 0.991037
-0.700000 0.991037
-0.696000 0.991037
-0.692000 0.991037
-0.688000 0.991037
-0.684000 0.991037
-0.680000 0.991037
-0.676000 0.991037
-0.672000 0.991037
-0.668000 0.991037
-0.664000 0.991037
-0.660000 0.991037
-0.656000 0.991037
-0.652000 0.991037
-0.648000 0.991037
-0.644000 0.991037
-0.640000 0.991037
-0.636000 0.991037
-0.632000 0.991037
-0.628000 0.991037
-0.624000 0.991037
-0.620000 0.991037
-0.616000 0.991037
-0.612000 0.991037
-0.608000 0.991037
-0.604000 0.991037
-0.600000 0.991037
-0.596000 0.991037
-0.592000 0.991037
-0.588000 0.991037
-0.584000 0.991037
-0.580000 0.991037
-0.576000 0.991037
-0.572000 0.991037
-0.568000 0.991037
-0.564000 0.991037
-0.560000 0.991037
-0.556000 0.991037
-0.552000 0.991037
-0.548000 0.991037
-0.544000 0.991037
-0.540000 0.991037
-0.536000 0.991037
-0.532000 0.991037
-0.528000 0.991037
-0.524000 0.991037
-0.520000 0.991037
-0.516000 0.991037
-0.512000 0.991037
-0.508000 0.991037
-0.504000 0.991037
-0.500000 0.991037
-0.496000 0.991037
-0.492000 0.991037
-0.488000 0.991037
-0.484000 0.991037
-0.480000 0.991037
-0.476000 0.991037
-0.472000 0.991037
-0.468000 0.991037
-0.464000 0.991037
-0.460000 0.991037
-0.456000 0.991037
-0.452000 0.991037
-0.448000 0.991037
-0.444000 0.991037
-0.440000 0.991037
-0.436000 0.991037
-0.432000 0.991037
-0.428000 0.991037
-0.424000 0.991037
-0.420000 0.991037
-0.416000 0.991037
-0.412000 0.991037
-0.408000 0.991037
-0.404000 0.991037
-0.400000 0.991037
-0.396000 0.991037
-0.392000 0.991037
-0.388000 0.991037
-0.384000 0.991037
-0.380000 0.991037
-0.376000 0.991037
-0.372000 0.991037
-0.368000 0.991037
-0.364000 0.991037
-0.360000 0.991037
-0.356000 0.991037
-0.352000 0.991037
-0.348000 0.991037
-0.344000 0.991037
-0.340000 0.991037
-0.336000 0.991037
-0.332000 0.991037
-0.328000 0.991037
-0.324000 0.991037
-0.320000 0.991037
-0.316000 0.991037
-0.312000 0.991037
-0.308000 0.991037
-0.304000 0.991037
-0.300000 0.991037
-0.296000 0.991037
-0.292000 0.991037
-0.288000 0.991037
-0.284000 0.991037
-0.280000 0.991037
-0.276000 0.991037
-0.272000 0.991037
-0.268000 0.991037
-0.264000 0.991037
-0.260000 0.991037
-0.256000 0.991037
-0.252000 0.991037
-0.248000 0.991037
-0.244000 0.991037
-0.240000 0.991037
-0.236000 0.991037
-0.232000 0.991037
-0.228000 0.991037
-0.224000 0.991037
-0.220000 0.991037
-0.216000 0.991037
-0.212000 0.991037
-0.208000 0.991037
-0.204000 0.991037
-0.200000 0.991037
-0.196000 0.991037
-0.192000 0.991037
-0.188000 0.991037
-0.184000 0.991037
-0.180000 0.991037
-0.176000 0.991037
-0.172000 0.991037
-0.168000 0.991037
-0.164000 0.991037
-0.160000 0.991037
-0.156000 0.991037
-0.152000 0.991037
-0.148000 0.991038
-0.144000 0.991038
-0.140000 0.991038
-0.136000 0.991038
-0.132000 0.991038
-0.128000 0.991038
-0.124000 0.991038
-0.120000 0.991038
-0.116000 0.991038
-0.112000 0.991038
-0.108000 0.991038
-0.104000 0.991038
-0.100000 0.991038
-0.096000 0.991038
-0.092000 0.991038
-0.088000 0.991039
-0.084000 0.991039
-0.080000 0.991039
-0.076000 0.991039
-0.072000 0.991039
-0.068000 0.991039
-0.064000 0.991039
-0.060000 0.991039
-0.056000 0.991040
-0.052000 0.991040
-0.048000 0.991040
-0.044000 0.991040
-0.040000 0.991040
-0.036000 0.991041
-0.032000 0.991041
-0.028000 0.991041
-0.024000 0.991041
-0.020000 0.991042
-0.016000 0.991042
-0.012000 0.991042
-0.008000 0.991043
-0.004000 0.991043
0.000000 0.991043
0.004000 0.991044
0.008000 0.991044
0.012000 0.991045
0.016000 0.991045
0.020000 0.991046
0.024000 0.991046
0.028000 0.991047
0.032000 0.991047
0.036000 0.991048
0.040000 0.991049
0.044000 0.991049
0.048000 0.991050
0.052000 0.991051
0.056000 0.991052
0.060000 0.991053
0.064000 0.991053
0.068000 0.991054
0.072000 0.991055
0.076000 0.991056
0.080000 0.991057
0.084000 0.991059
0.088000 0.991060
0.092000 0.991061
0.096000 0.991062
0.100000 0.991064
0.104000 0.991065
0.108000 0.991066
0.112000 0.991068
0.116000 0.991070
0.120000 0.991071
0.124000 0.991073
0.128000 0.991075
0.132000 0.991077
0.136000 0.991079
0.140000 0.991081
0.144000 0.991083
0.148000 0.991085
0.152000 0.991088
0.156000 0.991090
0.160000 0.991093
0.164000 0.991095
0.168000 0.991098
0.172000 0.991101
0.176000 0.991104
0.180000 0.991107
0.184000 0.991110
0.188000 0.991114
0.192000 0.991117
0.196000 0.991121
0.200000 0.991124
0.204000 0.991128
0.208000 0.991132
0.212000 0.991136
0.216000 0.991141
0.220000 0.991145
0.224000 0.991150
0.228000 0.991155
0.232000 0.991159
0.236000 0.991165
0.240000 0.991170
0.244000 0.991175
0.248000 0.991181
0.252000 0.991187
0.256000 0.991193
0.260000 0.991199
0.264000 0.991205
0.268000 0.991212
0.272000 0.991218
0.276000 0.991225
0.280000 0.991232
0.284000 0.991240
0.288000 0.991247
0.292000 0.991255
0.296000 0.991263
0.300000 0.991271
0.304000 0.991280
0.308000 0.991288
0.312000 0.991297
0.316000 0.991307
0.320000 0.991316
0.324000 0.991326
0.328000 0.991335
0.332000 0.991345
0.336000 0.991356
0.340000 0.991366
0.344000 0.991377
0.348000 0.991388
0.352000 0.991400
0.356000 0.991412
0.360000 0.991423
0.364000 0.991436
0.368000 0.991448
0.372000 0.991461
0.376000 0.991474
0.380000 0.991487
0.384000 0.991501
0.388000 0.991514
0.392000 0.991528
0.396000 0.991543
0.400000 0.991557
0.404000 0.991572
0.408000 0.991587
0.412000 0.991603
0.416000 0.991619
0.420000 0.991635
0.424000 0.991651
0.428000 0.991668
0.432000 0.991684
0.436000 0.991701
0.440000 0.991719
0.444000 0.991736
0.448000 0.991754
0.452000 0.991773
0.456000 0.991791
0.460000 0.991810
0.464000 0.991829
0.468000 0.991848
0.472000 0.991868
0.476000 0.991887
0.480000 0.991907
0.484000 0.991928
0.488000 0.991948
0.492000 0.991969
0.496000 0.991990
0.500000 0.992011
0.504000 0.992033
0.508000 0.992054
0.512000 0.992076
0.516000 0.992098
0.520000 0.992121
0.524000 0.992143
0.528000 0.992166
0.532000 0.992189
0.536000 0.992212
0.540000 0.992235
0.544000 0.992259
0.548000 0.992283
0.552000 0.992306
0.556000 0.992330
0.560000 0.992355
0.564000 0.992379
0.568000 0.992403
0.572000 0.992428
0.576000 0.992453
0.580000 0.992478
0.584000 0.992503
0.588000 0.992528
0.592000 0.992553
0.596000 0.992578
0.600000 0.992604
0.604000 0.992629
0.608000 0.992655
0.612000 0.992681
0.616000 0.992706
0.620000 0.992732
0.624000 0.992758
0.628000 0.992784
0.632000 0.992810
0.636000 0.992836
0.640000 0.992862
0.644000 0.992887
0.648000 0.992913
0.652000 0.992939
0.656000 0.992965
0.660000 0.992991
0.664000 0.993017
0.668000 0.993043
0.672000 0.993069
0.676000 0.993095
0.680000 0.993120
0.684000 0.993146
0.688000 0.993172
0.692000 0.993197
0.696000 0.993223
0.700000 0.993248
0.704000 0.993273
0.708000 0.993298
0.712000 0.993323
0.716000 0.993348
0.720000 0.993373
0.724000 0.993398
0.728000 0.993422
0.732000 0.993447
0.736000 0.993471
0.740000 0.993495
0.744000 0.993519
0.748000 0.993543
0.752000 0.993567
0.756000 0.993590
0.760000 0.993613
0.764000 0.993636
0.768000 0.993659
0.772000 0.993682
0.776000 0.993705
0.780000 0.993727
0.784000 0.993749
0.788000 0.993771
0.792000 0.993793
0.796000 0.993814
0.800000 0.993835
0.804000 0.993856
0.808000 0.993877
0.812000 0.993898
0.816000 0.993918
0.820000 0.993938
0.824000 0.993958
0.828000 0.993978
0.832000 0.993997
0.836000 0.994016
0.840000 0.994035
0.844000 0.994054
0.848000 0.994072
0.852000 0.994091
0.856000 0.994109
0.860000 0.994126
0.864000 0.994144
0.868000 0.994161
0.872000 0.994178
0.876000 0.994194
0.880000 0.994211
0.884000 0.994227
0.888000 0.994243
0.892000 0.994258
0.896000 0.994274
0.900000 0.994289
0.904000 0.994304
0.908000 0.994318
0.912000 0.994333
0.916000 0.994347
0.920000 0.994361
0.924000 0.994374
0.928000 0.994388
0.932000 0.994401
0.936000 0.994414
0.940000 0.994426
0.944000 0.994439
0.948000 0.994451
0.952000 0.994463
0.956000 0.994475
0.960000 0.994487
0.964000 0.994499
0.968000 0.994510
0.972000 0.994522
0.976000 0.994534
0.980000 0.994547
0.984000 0.994560
0.988000 0.994574
0.992000 0.994591
0.996000 0.994609
1.000000 0.994632
