-1.000000 0.992919
-0.996000 0.992919
-0.992000 0.992919
-0.988000 0.992919
-0.984000 0.992919
-0.980000 0.992919
-0.976000 0.992919
-0.972000 0.992919
-0.968000 0.992919
-0.964000 0.992919
-0.960000 0.992919
-0.956000 0.992919
-0.952000 0.992919
-0.948000 0.992919
-0.944000 0.992919
-0.940000 0.992919
-0.936000 0.992919
-0.932000 0.992919
-0.928000 0.992919
-0.924000 0.992919
-0.920000 0.992919
-0.916000 0.992919
-0.912000 0.992919
-0.908000 0.992919
-0.904000 0.992919
-0.900000 0.992919
-0.896000 0.992919
-0.892000 0.992919
-0.888000 0.992919
-0.884000 0.992919
-0.880000 0.992919
-0.876000 0.992919
-0.872000 0.992919
-0.868000 0.992919
-0.864000 0.992919
-0.860000 0.992919
-0.856000 0.992919
-0.852000 0.992919
-0.848000 0.992919
-0.844000 0.992919
-0.840000 0.992919
-0.836000 0.992919
-0.832000 0.992919
-0.828000 0.992919
-0.824000 0.992919
-0.820000 0.992919
-0.816000 0.992919
-0.812000 0.992919
-0.808000 0.992919
-0.804000 0.992919
-0.800000 0.992919
-0.796000 0.992919
-0.792000 0.992919
-0.788000 0.992919
-0.784000 0.992919
-0.780000 0.992919
-0.776000 0.992919
-0.772000 0.992919
-0.768000 0.992919
-0.764000 0.992919
-0.760000 0.992919
-0.756000 0.992919
-0.752000 0.992919
-0.748000 0.992919
-0.744000 0.992919
-0.740000 0.992919
-0.736000 0.992919
-0.732000 0.992919
-0.728000 0.992919
-0.724000 0.992919
-0.720000 0.992919
-0.716000 0.992919
-0.712000 0.992919
-0.708000 0.992919
-0.704000 0.992919
-0.700000 0.992919
-0.696000 0.992919
-0.692000 0.992919
-0.688000 0.992919
-0.684000 0.992919
-0.680000 0.992919
-0.676000 0.992919
-0.672000 0.992919
-0.668000 0.992919
-0.664000 0.992919
-0.660000 0.992919
-0.656000 0.992919
-0.652000 0.992919
-0.648000 0.992919
-0.644000 0.992919
-0.640000 0.992919
-0.636000 0.992919
-0.632000 0.992919
-0.628000 0.992919
-0.624000 0.992919
-0.620000 0.992919
-0.616000 0.992919
-0.612000 0.992919
-0.608000 0.992919
-0.604000 0.992919
-0.600000 0.992919
-0.596000 0.992919
-0.592000 0.992919
-0.588000 0.992919
-0.584000 0.992919
-0.580000 0.992919
-0.576000 0.992919
-0.572000 0.992919
-0.568000 0.992919
-0.564000 0.992919
-0.560000 0.992919
-0.556000 0.992919
-0.552000 0.992919
-0.548000 0.992919
-0.544000 0.992919
-0.540000 0.992919
-0.536000 0.992919
-0.532000 0.992920
-0.528000 0.992920
-0.524000 0.992920
-0.520000 0.992920
-0.516000 0.992920
-0.512000 0.992920
-0.508000 0.992920
-0.504000 0.992920
-0.500000 0.992920
-0.496000 0.992920
-0.492000 0.992920
-0.488000 0.992920
-0.484000 0.992921
-0.480000 0.992921
-0.476000 0.992921
-0.472000 0.992921
-0.468000 0.992921
-0.464000 0.992921
-0.460000 0.992922
-0.456000 0.992922
-0.452000 0.992922
-0.448000 0.992922
-0.444000 0.992923
-0.440000 0.992923
-0.436000 0.992923
-0.432000 0.992924
-0.428000 0.992924
-0.424000 0.992925
-0.420000 0.992925
-0.416000 0.992926
-0.412000 0.992926
-0.408000 0.992927
-0.404000 0.992927
-0.400000 0.992928
-0.396000 0.992929
-0.392000 0.992930
-0.388000 0.992930
-0.384000 0.992931
-0.380000 0.992932
-0.376000 0.992933
-0.372000 0.992934
-0.368000 0.992936
-0.364000 0.992937
-0.360000 0.992938
-0.356000 0.992940
-0.352000 0.992941
-0.348000 0.992943
-0.344000 0.992944
-0.340000 0.992946
-0.336000 0.992948
-0.332000 0.992950
-0.328000 0.992952
-0.324000 0.992955
-0.320000 0.992957
-0.316000 0.992960
-0.312000 0.992963
-0.308000 0.992965
-0.304000 0.992968
-0.300000 0.992972
-0.296000 0.992975
-0.292000 0.992979
-0.288000 0.992983
-0.284000 0.992987
-0.280000 0.992991
-0.276000 0.992995
-0.272000 0.993000
-0.268000 0.993005
-0.264000 0.993010
-0.260000 0.993016
-0.256000 0.993021
-0.252000 0.993027
-0.248000 0.993034
-0.244000 0.993040
-0.240000 0.993047
-0.236000 0.993054
-0.232000 0.993062
-0.228000 0.993070
-0.224000 0.993078
-0.220000 0.993087
-0.216000 0.993096
-0.212000 0.993105
-0.208000 0.993115
-0.204000 0.993125
-0.200000 0.993136
-0.196000 0.993147
-0.192000 0.993158
-0.188000 0.993170
-0.184000 0.993183
-0.180000 0.993196
-0.176000 0.993209
-0.172000 0.993223
-0.168000 0.993238
-0.164000 0.993253
-0.160000 0.993269
-0.156000 0.993285
-0.152000 0.993302
-0.148000 0.993319
-0.144000 0.993337
-0.140000 0.993355
-0.136000 0.993374
-0.132000 0.993394
-0.128000 0.993415
-0.124000 0.993436
-0.120000 0.993457
-0.116000 0.993480
-0.112000 0.993503
-0.108000 0.993526
-0.104000 0.993551
-0.100000 0.993576
-0.096000 0.993602
-0.092000 0.993628
-0.088000 0.993655
-0.084000 0.993683
-0.080000 0.993712
-0.076000 0.993741
-0.072000 0.993771
-0.068000 0.993802
-0.064000 0.993833
-0.060000 0.993866
-0.056000 0.993899
-0.052000 0.993933
-0.048000 0.993967
-0.044000 0.994002
-0.040000 0.994038
-0.036000 0.994075
-0.032000 0.994112
-0.028000 0.994151
-0.024000 0.994189
-0.020000 0.994229
-0.016000 0.994269
-0.012000 0.994310
-0.008000 0.994352
-0.004000 0.994395
0.000000 0.994438
0.004000 0.994482
0.008000 0.994526
0.012000 0.994571
0.016000 0.994617
0.020000 0.994663
0.024000 0.994710
0.028000 0.994758
0.032000 0.994806
0.036000 0.994855
0.040000 0.994904
0.044000 0.994954
0.048000 0.995005
0.052000 0.995056
0.056000 0.995107
0.060000 0.995159
0.064000 0.995211
0.068000 0.995264
0.072000 0.995317
0.076000 0.995371
0.080000 0.995425
0.084000 0.995480
0.088000 0.995534
0.092000 0.995589
0.096000 0.995645
0.100000 0.995700
0.104000 0.995756
0.108000 0.995812
0.112000 0.995869
0.116000 0.995925
0.120000 0.995982
0.124000 0.996039
0.128000 0.996096
0.132000 0.996153
0.136000 0.996210
0.140000 0.996267
0.144000 0.996324
0.148000 0.996381
0.152000 0.996439
0.156000 0.996496
0.160000 0.996553
0.164000 0.996610
0.168000 0.996666
0.172000 0.996723
0.176000 0.996780
0.180000 0.996836
0.184000 0.996892
0.188000 0.996948
0.192000 0.997004
0.196000 0.997059
0.200000 0.997114
0.204000 0.997169
0.208000 0.997223
0.212000 0.997277
0.216000 0.997331
0.220000 0.997385
0.224000 0.997438
0.228000 0.997490
0.232000 0.997542
0.236000 0.997594
0.240000 0.997645
0.244000 0.997696
0.248000 0.997746
0.252000 0.997796
0.256000 0.997845
0.260000 0.997893
0.264000 0.997941
0.268000 0.997989
0.272000 0.998036
0.276000 0.998082
0.280000 0.998128
0.284000 0.998173
0.288000 0.998218
0.292000 0.998262
0.296000 0.998305
0.300000 0.998348
0.304000 0.998390
0.308000 0.998431
0.312000 0.998472
0.316000 0.998512
0.320000 0.998551
0.324000 0.998590
0.328000 0.998628
0.332000 0.998665
0.336000 0.998702
0.340000 0.998738
0.344000 0.998774
0.348000 0.998808
0.352000 0.998842
0.356000 0.998876
0.360000 0.998909
0.364000 0.998941
0.368000 0.998972
0.372000 0.999003
0.376000 0.999033
0.380000 0.999062
0.384000 0.999091
0.388000 0.999119
0.392000 0.999147
0.396000 0.999174
0.400000 0.999200
0.404000 0.999225
0.408000 0.999251
0.412000 0.999275
0.416000 0.999299
0.420000 0.999322
0.424000 0.999345
0.428000 0.999367
0.432000 0.999388
0.436000 0.999409
0.440000 0.999429
0.444000 0.999449
0.448000 0.999468
0.452000 0.999487
0.456000 0.999505
0.460000 0.999523
0.464000 0.999540
0.468000 0.999557
0.472000 0.999573
0.476000 0.999588
0.480000 0.999604
0.484000 0.999618
0.488000 0.999633
0.492000 0.999647
0.496000 0.999660
0.500000 0.999673
0.504000 0.999686
0.508000 0.999698
0.512000 0.999710
0.516000 0.999721
0.520000 0.999732
0.524000 0.999743
0.528000 0.999753
0.532000 0.999763
0.536000 0.999773
0.540000 0.999782
0.544000 0.999791
0.548000 0.999800
0.552000 0.999808
0.556000 0.999816
0.560000 0.999824
0.564000 0.999831
0.568000 0.999838
0.572000 0.999845
0.576000 0.999852
0.580000 0.999858
0.584000 0.999865
0.588000 0.999871
0.592000 0.999876
0.596000 0.999882
0.600000 0.999887
0.604000 0.999892
0.608000 0.999897
0.612000 0.999902
0.616000 0.999906
0.620000 0.999910
0.624000 0.999915
0.628000 0.999919
0.632000 0.999922
0.636000 0.999926
0.640000 0.999930
0.644000 0.999933
0.648000 0.999936
0.652000 0.999939
0.656000 0.999942
0.660000 0.999945
0.664000 0.999948
0.668000 0.999950
0.672000 0.999953
0.676000 0.999955
0.680000 0.999957
0.684000 0.999959
0.688000 0.999961
0.692000 0.999963
0.696000 0.999965
0.700000 0.999967
0.704000 0.999969
0.708000 0.999970
0.712000 0.999972
0.716000 0.999973
0.720000 0.999975
0.724000 0.999976
0.728000 0.999977
0.732000 0.999978
0.736000 0.999979
0.740000 0.999981
0.744000 0.999982
0.748000 0.999983
0.752000 0.999984
0.756000 0.999984
0.760000 0.999985
0.764000 0.999986
0.768000 0.999987
0.772000 0.999988
0.776000 0.999988
0.780000 0.999989
0.784000 0.999990
0.788000 0.999990
0.792000 0.999991
0.796000 0.999991
0.800000 0.999992
0.804000 0.999992
0.808000 0.999993
0.812000 0.999993
0.816000 0.999993
0.820000 0.999994
0.824000 0.999994
0.828000 0.999994
0.832000 0.999995
0.836000 0.999995
0.840000 0.999995
0.844000 0.999996
0.848000 0.999996
0.852000 0.999996
0.856000 0.999996
0.860000 0.999997
0.864000 0.999997
0.868000 0.999997
0.872000 0.999997
0.876000 0.999997
0.880000 0.999998
0.884000 0.999998
0.888000 0.999998
0.892000 0.999998
0.896000 0.999998
0.900000 0.999998
0.904000 0.999998
0.908000 0.999998
0.912000 0.999999
0.916000 0.999999
0.920000 0.999999
0.924000 0.999999
0.928000 0.999999
0.932000 0.999999
0.936000 0.999999
0.940000 0.999999
0.944000 0.999999
0.948000 0.999999
0.952000 0.999999
0.956000 0.999999
0.960000 0.999999
0.964000 0.999999
0.968000 0.999999
0.972000 0.999999
0.976000 0.999999
0.980000 1.000000
0.984000 1.000000
0.988000 1.000000
0.992000 1.000000
0.996000 1.000000
1.000000 1.000000
