-1.000000 0.992919
-0.996000 0.992919
-0.992000 0.992919
-0.988000 0.992919
-0.984000 0.992919
-0.980000 0.992919
-0.976000 0.992919
-0.972000 0.992919
-0.968000 0.992919
-0.964000 0.992919
-0.960000 0.992919
-0.956000 0.992919
-0.952000 0.992919
-0.948000 0.992919
-0.944000 0.992919
-0.940000 0.992919
-0.936000 0.992919
-0.932000 0.992919
-0.928000 0.992919
-0.924000 0.992919
-0.920000 0.992919
-0.916000 0.992919
-0.912000 0.992919
-0.908000 0.992919
-0.904000 0.992919
-0.900000 0.992919
-0.896000 0.992919
-0.892000 0.992919
-0.888000 0.992919
-0.884000 0.992919
-0.880000 0.992919
-0.876000 0.992919
-0.872000 0.992919
-0.868000 0.992919
-0.864000 0.992919
-0.860000 0.992919
-0.856000 0.992919
-0.852000 0.992919
-0.848000 0.992919
-0.844000 0.992919
-0.840000 0.992919
-0.836000 0.992919
-0.832000 0.992919
-0.828000 0.992919
-0.824000 0.992919
-0.820000 0.992919
-0.816000 0.992919
-0.812000 0.992919
-0.808000 0.992919
-0.804000 0.992919
-0.800000 0.992919
-0.796000 0.992919
-0.792000 0.992919
-0.788000 0.992919
-0.784000 0.992919
-0.780000 0.992919
-0.776000 0.992919
-0.772000 0.992919
-0.768000 0.992919
-0.764000 0.992919
-0.760000 0.992919
-0.756000 0.992919
-0.752000 0.992919
-0.748000 0.992919
-0.744000 0.992919
-0.740000 0.992919
-0.736000 0.992919
-0.732000 0.992919
-0.728000 0.992919
-0.724000 0.992919
-0.720000 0.992919
-0.716000 0.992919
-0.712000 0.992919
-0.708000 0.992919
-0.704000 0.992919
-0.700000 0.992919
-0.696000 0.992919
-0.692000 0.992919
-0.688000 0.992919
-0.684000 0.992919
-0.680000 0.992919
-0.676000 0.992919
-0.672000 0.992919
-0.668000 0.992919
-0.664000 0.992919
-0.660000 0.992919
-0.656000 0.992919
-0.652000 0.992919
-0.648000 0.992919
-0.644000 0.992919
-0.640000 0.992919
-0.636000 0.992919
-0.632000 0.992919
-0.628000 0.992919
-0.624000 0.992919
-0.620000 0.992919
-0.616000 0.992919
-0.612000 0.992919
-0.608000 0.992919
-0.604000 0.992919
-0.600000 0.992919
-0.596000 0.992919
-0.592000 0.992919
-0.588000 0.992919
-0.584000 0.992919
-0.580000 0.992919
-0.576000 0.992919
-0.572000 0.992919
-0.568000 0.992919
-0.564000 0.992919
-0.560000 0.992919
-0.556000 0.992919
-0.552000 0.992919
-0.548000 0.992919
-0.544000 0.992919
-0.540000 0.992919
-0.536000 0.992919
-0.532000 0.992919
-0.528000 0.992919
-0.524000 0.992919
-0.520000 0.992919
-0.516000 0.992919
-0.512000 0.992919
-0.508000 0.992919
-0.504000 0.992919
-0.500000 0.992919
-0.496000 0.992919
-0.492000 0.992920
-0.488000 0.992920
-0.484000 0.992920
-0.480000 0.992920
-0.476000 0.992920
-0.472000 0.992920
-0.468000 0.992920
-0.464000 0.992920
-0.460000 0.992920
-0.456000 0.992920
-0.452000 0.992920
-0.448000 0.992920
-0.444000 0.992921
-0.440000 0.992921
-0.436000 0.992921
-0.432000 0.992921
-0.428000 0.992921
-0.424000 0.992921
-0.420000 0.992922
-0.416000 0.992922
-0.412000 0.992922
-0.408000 0.992922
-0.404000 0.992923
-0.400000 0.992923
-0.396000 0.992923
-0.392000 0.992924
-0.388000 0.992924
-0.384000 0.992924
-0.380000 0.992925
-0.376000 0.992925
-0.372000 0.992926
-0.368000 0.992926
-0.364000 0.992927
-0.360000 0.992927
-0.356000 0.992928
-0.352000 0.992929
-0.348000 0.992930
-0.344000 0.992930
-0.340000 0.992931
-0.336000 0.992932
-0.332000 0.992933
-0.328000 0.992934
-0.324000 0.992935
-0.320000 0.992937
-0.316000 0.992938
-0.312000 0.992939
-0.308000 0.992941
-0.304000 0.992942
-0.300000 0.992944
-0.296000 0.992945
-0.292000 0.992947
-0.288000 0.992949
-0.284000 0.992951
-0.280000 0.992953
-0.276000 0.992956
-0.272000 0.992958
-0.268000 0.992961
-0.264000 0.992963
-0.260000 0.992966
-0.256000 0.992969
-0.252000 0.992972
-0.248000 0.992976
-0.244000 0.992979
-0.240000 0.992983
-0.236000 0.992987
-0.232000 0.992991
-0.228000 0.992995
-0.224000 0.993000
-0.220000 0.993005
-0.216000 0.993010
-0.212000 0.993015
-0.208000 0.993021
-0.204000 0.993026
-0.200000 0.993032
-0.196000 0.993039
-0.192000 0.993045
-0.188000 0.993052
-0.184000 0.993060
-0.180000 0.993067
-0.176000 0.993075
-0.172000 0.993083
-0.168000 0.993092
-0.164000 0.993101
-0.160000 0.993110
-0.156000 0.993120
-0.152000 0.993130
-0.148000 0.993141
-0.144000 0.993152
-0.140000 0.993163
-0.136000 0.993175
-0.132000 0.993188
-0.128000 0.993200
-0.124000 0.993214
-0.120000 0.993227
-0.116000 0.993242
-0.112000 0.993256
-0.108000 0.993272
-0.104000 0.993288
-0.100000 0.993304
-0.096000 0.993321
-0.092000 0.993338
-0.088000 0.993356
-0.084000 0.993375
-0.080000 0.993394
-0.076000 0.993414
-0.072000 0.993434
-0.068000 0.993456
-0.064000 0.993477
-0.060000 0.993499
-0.056000 0.993522
-0.052000 0.993546
-0.048000 0.993570
-0.044000 0.993595
-0.040000 0.993621
-0.036000 0.993647
-0.032000 0.993674
-0.028000 0.993701
-0.024000 0.993730
-0.020000 0.993759
-0.016000 0.993788
-0.012000 0.993819
-0.008000 0.993850
-0.004000 0.993882
0.000000 0.993914
0.004000 0.993947
0.008000 0.993981
0.012000 0.994016
0.016000 0.994051
0.020000 0.994087
0.024000 0.994124
0.028000 0.994161
0.032000 0.994199
0.036000 0.994238
0.040000 0.994277
0.044000 0.994317
0.048000 0.994358
0.052000 0.994399
0.056000 0.994441
0.060000 0.994484
0.064000 0.994527
0.068000 0.994571
0.072000 0.994616
0.076000 0.994661
0.080000 0.994706
0.084000 0.994753
0.088000 0.994800
0.092000 0.994847
0.096000 0.994895
0.100000 0.994943
0.104000 0.994992
0.108000 0.995042
0.112000 0.995092
0.116000 0.995142
0.120000 0.995193
0.124000 0.995245
0.128000 0.995296
0.132000 0.995348
0.136000 0.995401
0.140000 0.995454
0.144000 0.995507
0.148000 0.995560
0.152000 0.995614
0.156000 0.995668
0.160000 0.995722
0.164000 0.995777
0.168000 0.995832
0.172000 0.995887
0.176000 0.995942
0.180000 0.995997
0.184000 0.996052
0.188000 0.996108
0.192000 0.996163
0.196000 0.996219
0.200000 0.996275
0.204000 0.996330
0.208000 0.996386
0.212000 0.996442
0.216000 0.996497
0.220000 0.996553
0.224000 0.996609
0.228000 0.996664
0.232000 0.996719
0.236000 0.996774
0.240000 0.996829
0.244000 0.996884
0.248000 0.996938
0.252000 0.996993
0.256000 0.997047
0.260000 0.997100
0.264000 0.997154
0.268000 0.997207
0.272000 0.997260
0.276000 0.997312
0.280000 0.997365
0.284000 0.997416
0.288000 0.997468
0.292000 0.997519
0.296000 0.997569
0.300000 0.997619
0.304000 0.997669
0.308000 0.997718
0.312000 0.997767
0.316000 0.997815
0.320000 0.997863
0.324000 0.997910
0.328000 0.997957
0.332000 0.998003
0.336000 0.998049
0.340000 0.998094
0.344000 0.998138
0.348000 0.998182
0.352000 0.998225
0.356000 0.998268
0.360000 0.998310
0.364000 0.998352
0.368000 0.998393
0.372000 0.998433
0.376000 0.998473
0.380000 0.998512
0.384000 0.998550
0.388000 0.998588
0.392000 0.998625
0.396000 0.998662
0.400000 0.998698
0.404000 0.998733
0.408000 0.998768
0.412000 0.998802
0.416000 0.998835
0.420000 0.998868
0.424000 0.998900
0.428000 0.998931
0.432000 0.998962
0.436000 0.998992
0.440000 0.999022
0.444000 0.999051
0.448000 0.999079
0.452000 0.999107
0.456000 0.999134
0.460000 0.999161
0.464000 0.999187
0.468000 0.999212
0.472000 0.999237
0.476000 0.999261
0.480000 0.999284
0.484000 0.999307
0.488000 0.999330
0.492000 0.999352
0.496000 0.999373
0.500000 0.999394
0.504000 0.999414
0.508000 0.999434
0.512000 0.999453
0.516000 0.999472
0.520000 0.999490
0.524000 0.999507
0.528000 0.999525
0.532000 0.999541
0.536000 0.999558
0.540000 0.999573
0.544000 0.999589
0.548000 0.999604
0.552000 0.999618
0.556000 0.999632
0.560000 0.999646
0.564000 0.999659
0.568000 0.999671
0.572000 0.999684
0.576000 0.999696
0.580000 0.999707
0.584000 0.999719
0.588000 0.999730
0.592000 0.999740
0.596000 0.999750
0.600000 0.999760
0.604000 0.999770
0.608000 0.999779
0.612000 0.999788
0.616000 0.999796
0.620000 0.999804
0.624000 0.999812
0.628000 0.999820
0.632000 0.999828
0.636000 0.999835
0.640000 0.999842
0.644000 0.999848
0.648000 0.999855
0.652000 0.999861
0.656000 0.999867
0.660000 0.999873
0.664000 0.999878
0.668000 0.999883
0.672000 0.999888
0.676000 0.999893
0.680000 0.999898
0.684000 0.999903
0.688000 0.999907
0.692000 0.999911
0.696000 0.999915
0.700000 0.999919
0.704000 0.999923
0.708000 0.999926
0.712000 0.999930
0.716000 0.999933
0.720000 0.999936
0.724000 0.999939
0.728000 0.999942
0.732000 0.999945
0.736000 0.999947
0.740000 0.999950
0.744000 0.999952
0.748000 0.999954
0.752000 0.999957
0.756000 0.999959
0.760000 0.999961
0.764000 0.999963
0.768000 0.999965
0.772000 0.999966
0.776000 0.999968
0.780000 0.999970
0.784000 0.999971
0.788000 0.999973
0.792000 0.999974
0.796000 0.999975
0.800000 0.999977
0.804000 0.999978
0.808000 0.999979
0.812000 0.999980
0.816000 0.999981
0.820000 0.999982
0.824000 0.999983
0.828000 0.999984
0.832000 0.999985
0.836000 0.999986
0.840000 0.999986
0.844000 0.999987
0.848000 0.999988
0.852000 0.999988
0.856000 0.999989
0.860000 0.999990
0.864000 0.999990
0.868000 0.999991
0.872000 0.999991
0.876000 0.999992
0.880000 0.999992
0.884000 0.999993
0.888000 0.999993
0.892000 0.999993
0.896000 0.999994
0.900000 0.999994
0.904000 0.999994
0.908000 0.999995
0.912000 0.999995
0.916000 0.999995
0.920000 0.999996
0.924000 0.999996
0.928000 0.999996
0.932000 0.999996
0.936000 0.999997
0.940000 0.999997
0.944000 0.999997
0.948000 0.999997
0.952000 0.999997
0.956000 0.999997
0.960000 0.999998
0.964000 0.999998
0.968000 0.999998
0.972000 0.999998
0.976000 0.999998
0.980000 0.999998
0.984000 0.999998
0.988000 0.999999
0.992000 0.999999
0.996000 0.999999
1.000000 0.999999
