-1.000000 0.991037
-0.996000 0.991037
-0.992000 0.991037
-0.988000 0.991037
-0.984000 0.991037
-0.980000 0.991037
-0.976000 0.991037
-0.972000 0.991037
-0.968000 0.991037
-0.964000 0.991037
-0.960000 0.991037
-0.956000 0.991037
-0.952000 0.991037
-0.948000 0.991037
-0.944000 0.991037
-0.940000 0.991037
-0.936000 0.991037
-0.932000 0.991037
-0.928000 0.991037
-0.924000 0.991037
-0.920000 0.991037
-0.916000 0.991037
-0.912000 0.991037
-0.908000 0.991037
-0.904000 0.991037
-0.900000 0.991037
-0.896000 0.991037
-0.892000 0.991037
-0.888000 0.991037
-0.884000 0.991037
-0.880000 0.991037
-0.876000 0.991037
-0.872000 0.991037
-0.868000 0.991037
-0.864000 0.991037
-0.860000 0.991037
-0.856000 0.991037
-0.852000 0.991037
-0.848000 0.991037
-0.844000 0.991037
-0.840000 0.991037
-0.836000 0.991037
-0.832000 0.991037
-0.828000 0.991037
-0.824000 0.991037
-0.820000 0.991037
-0.816000 0.991037
-0.812000 0.991037
-0.808000 0.991037
-0.804000 0.991037
-0.800000 0.991037
-0.796000 0.991037
-0.792000 0.991037
-0.788000 0.991037
-0.784000 0.991037
-0.780000 0.991037
-0.776000 0.991037
-0.772000 0.991037
-0.768000 0.991037
-0.764000 0.991037
-0.760000 0.991037
-0.756000 0.991037
-0.752000 0.991037
-0.748000 0.991037
-0.744000 0.991037
-0.740000 0.991037
-0.736000 0.991037
-0.732000 0.991037
-0.728000 0.991037
-0.724000 0.991037
-0.720000 0.991037
-0.716000 0.991037
-0.712000 0.991037
-0.708000 0.991037
-0.704000 0.991037
-0.700000 0.991037
-0.696000 0.991037
-0.692000 0.991037
-0.688000 0.991037
-0.684000 0.991037
-0.680000 0.991037
-0.676000 0.991037
-0.672000 0.991037
-0.668000 0.991037
-0.664000 0.991037
-0.660000 0.991037
-0.656000 0.991037
-0.652000 0.991037
-0.648000 0.991037
-0.644000 0.991037
-0.640000 0.991037
-0.636000 0.991037
-0.632000 0.991037
-0.628000 0.991037
-0.624000 0.991037
-0.620000 0.991037
-0.616000 0.991037
-0.612000 0.991037
-0.608000 0.991037
-0.604000 0.991037
-0.600000 0.991037
-0.596000 0.991037
-0.592000 0.991037
-0.588000 0.991037
-0.584000 0.991037
-0.580000 0.991037
-0.576000 0.991037
-0.572000 0.991037
-0.568000 0.991037
-0.564000 0.991037
-0.560000 0.991037
-0.556000 0.991037
-0.552000 0.991037
-0.548000 0.991037
-0.544000 0.991037
-0.540000 0.991037
-0.536000 0.991037
-0.532000 0.991037
-0.528000 0.991037
-0.524000 0.991037
-0.520000 0.991037
-0.516000 0.991037
-0.512000 0.991037
-0.508000 0.991037
-0.504000 0.991037
-0.500000 0.991037
-0.496000 0.991037
-0.492000 0.991037
-0.488000 0.991037
-0.484000 0.991037
-0.480000 0.991037
-0.476000 0.991037
-0.472000 0.991037
-0.468000 0.991037
-0.464000 0.991037
-0.460000 0.991037
-0.456000 0.991037
-0.452000 0.991037
-0.448000 0.991037
-0.444000 0.991037
-0.440000 0.991037
-0.436000 0.991037
-0.432000 0.991037
-0.428000 0.991037
-0.424000 0.991037
-0.420000 0.991037
-0.416000 0.991037
-0.412000 0.991037
-0.408000 0.991037
-0.404000 0.991037
-0.400000 0.991037
-0.396000 0.991037
-0.392000 0.991037
-0.388000 0.991037
-0.384000 0.991037
-0.380000 0.991037
-0.376000 0.991037
-0.372000 0.991037
-0.368000 0.991037
-0.364000 0.991037
-0.360000 0.991037
-0.356000 0.991037
-0.352000 0.991037
-0.348000 0.991037
-0.344000 0.991037
-0.340000 0.991037
-0.336000 0.991037
-0.332000 0.991037
-0.328000 0.991037
-0.324000 0.991037
-0.320000 0.991037
-0.316000 0.991037
-0.312000 0.991037
-0.308000 0.991037
-0.304000 0.991037
-0.300000 0.991037
-0.296000 0.991037
-0.292000 0.991037
-0.288000 0.991037
-0.284000 0.991037
-0.280000 0.991037
-0.276000 0.991037
-0.272000 0.991037
-0.268000 0.991037
-0.264000 0.991037
-0.260000 0.991037
-0.256000 0.991037
-0.252000 0.991037
-0.248000 0.991037
-0.244000 0.991037
-0.240000 0.991037
-0.236000 0.991037
-0.232000 0.991037
-0.228000 0.991037
-0.224000 0.991037
-0.220000 0.991037
-0.216000 0.991037
-0.212000 0.991037
-0.208000 0.991037
-0.204000 0.991037
-0.200000 0.991037
-0.196000 0.991037
-0.192000 0.991037
-0.188000 0.991037
-0.184000 0.991037
-0.180000 0.991037
-0.176000 0.991037
-0.172000 0.991037
-0.168000 0.991037
-0.164000 0.991037
-0.160000 0.991037
-0.156000 0.991037
-0.152000 0.991037
-0.148000 0.991037
-0.144000 0.991037
-0.140000 0.991037
-0.136000 0.991037
-0.132000 0.991037
-0.128000 0.991037
-0.124000 0.991037
-0.120000 0.991037
-0.116000 0.991037
-0.112000 0.991037
-0.108000 0.991037
-0.104000 0.991037
-0.100000 0.991037
-0.096000 0.991037
-0.092000 0.991037
-0.088000 0.991037
-0.084000 0.991037
-0.080000 0.991037
-0.076000 0.991037
-0.072000 0.991037
-0.068000 0.991037
-0.064000 0.991037
-0.060000 0.991037
-0.056000 0.991037
-0.052000 0.991037
-0.048000 0.991037
-0.044000 0.991037
-0.040000 0.991037
-0.036000 0.991037
-0.032000 0.991037
-0.028000 0.991037
-0.024000 0.991038
-0.020000 0.991038
-0.016000 0.991038
-0.012000 0.991038
-0.008000 0.991038
-0.004000 0.991038
0.000000 0.991038
0.004000 0.991038
0.008000 0.991038
0.012000 0.991038
0.016000 0.991038
0.020000 0.991038
0.024000 0.991038
0.028000 0.991038
0.032000 0.991038
0.036000 0.991038
0.040000 0.991039
0.044000 0.991039
0.048000 0.991039
0.052000 0.991039
0.056000 0.991039
0.060000 0.991039
0.064000 0.991039
0.068000 0.991039
0.072000 0.991040
0.076000 0.991040
0.080000 0.991040
0.084000 0.991040
0.088000 0.991040
0.092000 0.991040
0.096000 0.991041
0.100000 0.991041
0.104000 0.991041
0.108000 0.991041
0.112000 0.991042
0.116000 0.991042
0.120000 0.991042
0.124000 0.991043
0.128000 0.991043
0.132000 0.991043
0.136000 0.991044
0.140000 0.991044
0.144000 0.991045
0.148000 0.991045
0.152000 0.991045
0.156000 0.991046
0.160000 0.991046
0.164000 0.991047
0.168000 0.991047
0.172000 0.991048
0.176000 0.991049
0.180000 0.991049
0.184000 0.991050
0.188000 0.991051
0.192000 0.991052
0.196000 0.991052
0.200000 0.991053
0.204000 0.991054
0.208000 0.991055
0.212000 0.991056
0.216000 0.991057
0.220000 0.991058
0.224000 0.991059
0.228000 0.991060
0.232000 0.991061
0.236000 0.991062
0.240000 0.991064
0.244000 0.991065
0.248000 0.991067
0.252000 0.991068
0.256000 0.991070
0.260000 0.991071
0.264000 0.991073
0.268000 0.991075
0.272000 0.991076
0.276000 0.991078
0.280000 0.991080
0.284000 0.991082
0.288000 0.991084
0.292000 0.991086
0.296000 0.991089
0.300000 0.991091
0.304000 0.991094
0.308000 0.991096
0.312000 0.991099
0.316000 0.991101
0.320000 0.991104
0.324000 0.991107
0.328000 0.991110
0.332000 0.991113
0.336000 0.991117
0.340000 0.991120
0.344000 0.991124
0.348000 0.991127
0.352000 0.991131
0.356000 0.991135
0.360000 0.991139
0.364000 0.991143
0.368000 0.991147
0.372000 0.991152
0.376000 0.991156
0.380000 0.991161
0.384000 0.991166
0.388000 0.991171
0.392000 0.991176
0.396000 0.991182
0.400000 0.991187
0.404000 0.991193
0.408000 0.991199
0.412000 0.991205
0.416000 0.991211
0.420000 0.991217
0.424000 0.991224
0.428000 0.991230
0.432000 0.991237
0.436000 0.991245
0.440000 0.991252
0.444000 0.991259
0.448000 0.991267
0.452000 0.991275
0.456000 0.991283
0.460000 0.991291
0.464000 0.991300
0.468000 0.991309
0.472000 0.991318
0.476000 0.991327
0.480000 0.991336
0.484000 0.991346
0.488000 0.991356
0.492000 0.991366
0.496000 0.991376
0.500000 0.991386
0.504000 0.991397
0.508000 0.991408
0.512000 0.991419
0.516000 0.991431
0.520000 0.991443
0.524000 0.991455
0.528000 0.991467
0.532000 0.991479
0.536000 0.991492
0.540000 0.991505
0.544000 0.991518
0.548000 0.991531
0.552000 0.991545
0.556000 0.991559
0.560000 0.991573
0.564000 0.991588
0.568000 0.991602
0.572000 0.991617
0.576000 0.991632
0.580000 0.991648
0.584000 0.991663
0.588000 0.991679
0.592000 0.991696
0.596000 0.991712
0.600000 0.991729
0.604000 0.991746
0.608000 0.991763
0.612000 0.991780
0.616000 0.991798
0.620000 0.991816
0.624000 0.991834
0.628000 0.991852
0.632000 0.991871
0.636000 0.991889
0.640000 0.991909
0.644000 0.991928
0.648000 0.991947
0.652000 0.991967
0.656000 0.991987
0.660000 0.992007
0.664000 0.992027
0.668000 0.992048
0.672000 0.992069
0.676000 0.992090
0.680000 0.992111
0.684000 0.992132
0.688000 0.992154
0.692000 0.992175
0.696000 0.992197
0.700000 0.992219
0.704000 0.992242
0.708000 0.992264
0.712000 0.992287
0.716000 0.992309
0.720000 0.992332
0.724000 0.992355
0.728000 0.992378
0.732000 0.992402
0.736000 0.992425
0.740000 0.992449
0.744000 0.992472
0.748000 0.992496
0.752000 0.992520
0.756000 0.992544
0.760000 0.992568
0.764000 0.992592
0.768000 0.992616
0.772000 0.992640
0.776000 0.992665
0.780000 0.992689
0.784000 0.992714
0.788000 0.992738
0.792000 0.992763
0.796000 0.992787
0.800000 0.992812
0.804000 0.992837
0.808000 0.992861
0.812000 0.992886
0.816000 0.992911
0.820000 0.992936
0.824000 0.992960
0.828000 0.992985
0.832000 0.993010
0.836000 0.993034
0.840000 0.993059
0.844000 0.993083
0.848000 0.993108
0.852000 0.993132
0.856000 0.993157
0.860000 0.993181
0.864000 0.993205
0.868000 0.993230
0.872000 0.993254
0.876000 0.993278
0.880000 0.993302
0.884000 0.993325
0.888000 0.993349
0.892000 0.993373
0.896000 0.993396
0.900000 0.993420
0.904000 0.993443
0.908000 0.993466
0.912000 0.993489
0.916000 0.993512
0.920000 0.993535
0.924000 0.993557
0.928000 0.993580
0.932000 0.993602
0.936000 0.993624
0.940000 0.993646
0.944000 0.993668
0.948000 0.993690
0.952000 0.993712
0.956000 0.993734
0.960000 0.993756
0.964000 0.993778
0.968000 0.993800
0.972000 0.993823
0.976000 0.993847
0.980000 0.993872
0.984000 0.993899
0.988000 0.993929
0.992000 0.993962
0.996000 0.994001
1.000000 0.994048
