-1.000000 0.991037
-0.996000 0.991037
-0.992000 0.991037
-0.988000 0.991037
-0.984000 0.991037
-0.980000 0.991037
-0.976000 0.991037
-0.972000 0.991037
-0.968000 0.991037
-0.964000 0.991037
-0.960000 0.991037
-0.956000 0.991037
-0.952000 0.991037
-0.948000 0.991037
-0.944000 0.991037
-0.940000 0.991037
-0.936000 0.991037
-0.932000 0.991037
-0.928000 0.991037
-0.924000 0.991037
-0.920000 0.991037
-0.916000 0.991037
-0.912000 0.991037
-0.908000 0.991037
-0.904000 0.991037
-0.900000 0.991037
-0.896000 0.991037
-0.892000 0.991037
-0.888000 0.991037
-0.884000 0.991037
-0.880000 0.991037
-0.876000 0.991037
-0.872000 0.991037
-0.868000 0.991037
-0.864000 0.991037
-0.860000 0.991037
-0.856000 0.991037
-0.852000 0.991037
-0.848000 0.991037
-0.844000 0.991037
-0.840000 0.991037
-0.836000 0.991037
-0.832000 0.991037
-0.828000 0.991037
-0.824000 0.991037
-0.820000 0.991037
-0.816000 0.991037
-0.812000 0.991037
-0.808000 0.991037
-0.804000 0.991037
-0.800000 0.991037
-0.796000 0.991037
-0.792000 0.991037
-0.788000 0.991037
-0.784000 0.991037
-0.780000 0.991037
-0.776000 0.991037
-0.772000 0.991037
-0.768000 0.991037
-0.764000 0.991037
-0.760000 0.991037
-0.756000 0.991037
-0.752000 0.991037
-0.748000 0.991037
-0.744000 0.991037
-0.740000 0.991037
-0.736000 0.991037
-0.732000 0.991037
-0.728000 0.991037
-0.724000 0.991037
-0.720000 0.991037
-0.716000 0.991037
-0.712000 0.991037
-0.708000 0.991037
-0.704000 0.991037
-0.700000 0.991037
-0.696000 0.991037
-0.692000 0.991037
-0.688000 0.991037
-0.684000 0.991037
-0.680000 0.991037
-0.676000 0.991037
-0.672000 0.991037
-0.668000 0.991037
-0.664000 0.991037
-0.660000 0.991037
-0.656000 0.991037
-0.652000 0.991037
-0.648000 0.991037
-0.644000 0.991037
-0.640000 0.991037
-0.636000 0.991037
-0.632000 0.991037
-0.628000 0.991037
-0.624000 0.991037
-0.620000 0.991037
-0.616000 0.991037
-0.612000 0.991037
-0.608000 0.991037
-0.604000 0.991037
-0.600000 0.991037
-0.596000 0.991037
-0.592000 0.991037
-0.588000 0.991037
-0.584000 0.991037
-0.580000 0.991037
-0.576000 0.991037
-0.572000 0.991037
-0.568000 0.991038
-0.564000 0.991038
-0.560000 0.991038
-0.556000 0.991038
-0.552000 0.991038
-0.548000 0.991038
-0.544000 0.991038
-0.540000 0.991038
-0.536000 0.991038
-0.532000 0.991038
-0.528000 0.991038
-0.524000 0.991038
-0.520000 0.991039
-0.516000 0.991039
-0.512000 0.991039
-0.508000 0.991039
-0.504000 0.991039
-0.500000 0.991040
-0.496000 0.991040
-0.492000 0.991040
-0.488000 0.991040
-0.484000 0.991041
-0.480000 0.991041
-0.476000 0.991041
-0.472000 0.991042
-0.468000 0.991042
-0.464000 0.991042
-0.460000 0.991043
-0.456000 0.991043
-0.452000 0.991044
-0.448000 0.991044
-0.444000 0.991045
-0.440000 0.991046
-0.436000 0.991046
-0.432000 0.991047
-0.428000 0.991048
-0.424000 0.991049
-0.420000 0.991049
-0.416000 0.991050
-0.412000 0.991051
-0.408000 0.991052
-0.404000 0.991054
-0.400000 0.991055
-0.396000 0.991056
-0.392000 0.991058
-0.388000 0.991059
-0.384000 0.991061
-0.380000 0.991062
-0.376000 0.991064
-0.372000 0.991066
-0.368000 0.991068
-0.364000 0.991070
-0.360000 0.991072
-0.356000 0.991074
-0.352000 0.991077
-0.348000 0.991079
-0.344000 0.991082
-0.340000 0.991085
-0.336000 0.991088
-0.332000 0.991091
-0.328000 0.991095
-0.324000 0.991098
-0.320000 0.991102
-0.316000 0.991106
-0.312000 0.991110
-0.308000 0.991114
-0.304000 0.991119
-0.300000 0.991123
-0.296000 0.991128
-0.292000 0.991133
-0.288000 0.991139
-0.284000 0.991144
-0.280000 0.991150
-0.276000 0.991156
-0.272000 0.991163
-0.268000 0.991170
-0.264000 0.991177
-0.260000 0.991184
-0.256000 0.991191
-0.252000 0.991199
-0.248000 0.991207
-0.244000 0.991216
-0.240000 0.991225
-0.236000 0.991234
-0.232000 0.991243
-0.228000 0.991253
-0.224000 0.991263
-0.220000 0.991274
-0.216000 0.991285
-0.212000 0.991296
-0.208000 0.991308
-0.204000 0.991320
-0.200000 0.991332
-0.196000 0.991345
-0.192000 0.991358
-0.188000 0.991372
-0.184000 0.991386
-0.180000 0.991400
-0.176000 0.991415
-0.172000 0.991431
-0.168000 0.991446
-0.164000 0.991463
-0.160000 0.991479
-0.156000 0.991496
-0.152000 0.991514
-0.148000 0.991532
-0.144000 0.991550
-0.140000 0.991569
-0.136000 0.991588
-0.132000 0.991608
-0.128000 0.991628
-0.124000 0.991649
-0.120000 0.991670
-0.116000 0.991691
-0.112000 0.991713
-0.108000 0.991735
-0.104000 0.991758
-0.100000 0.991781
-0.096000 0.991805
-0.092000 0.991829
-0.088000 0.991853
-0.084000 0.991878
-0.080000 0.991904
-0.076000 0.991929
-0.072000 0.991955
-0.068000 0.991982
-0.064000 0.992008
-0.060000 0.992036
-0.056000 0.992063
-0.052000 0.992091
-0.048000 0.992119
-0.044000 0.992148
-0.040000 0.992176
-0.036000 0.992206
-0.032000 0.992235
-0.028000 0.992265
-0.024000 0.992295
-0.020000 0.992325
-0.016000 0.992356
-0.012000 0.992386
-0.008000 0.992417
-0.004000 0.992448
0.000000 0.992480
0.004000 0.992511
0.008000 0.992543
0.012000 0.992575
0.016000 0.992607
0.020000 0.992639
0.024000 0.992671
0.028000 0.992704
0.032000 0.992736
0.036000 0.992769
0.040000 0.992801
0.044000 0.992834
0.048000 0.992867
0.052000 0.992899
0.056000 0.992932
0.060000 0.992964
0.064000 0.992997
0.068000 0.993030
0.072000 0.993062
0.076000 0.993094
0.080000 0.993127
0.084000 0.993159
0.088000 0.993191
0.092000 0.993223
0.096000 0.993255
0.100000 0.993286
0.104000 0.993318
0.108000 0.993349
0.112000 0.993380
0.116000 0.993411
0.120000 0.993441
0.124000 0.993472
0.128000 0.993502
0.132000 0.993532
0.136000 0.993562
0.140000 0.993591
0.144000 0.993620
0.148000 0.993649
0.152000 0.993677
0.156000 0.993706
0.160000 0.993733
0.164000 0.993761
0.168000 0.993788
0.172000 0.993815
0.176000 0.993841
0.180000 0.993868
0.184000 0.993893
0.188000 0.993919
0.192000 0.993944
0.196000 0.993969
0.200000 0.993993
0.204000 0.994017
0.208000 0.994040
0.212000 0.994063
0.216000 0.994086
0.220000 0.994109
0.224000 0.994130
0.228000 0.994152
0.232000 0.994173
0.236000 0.994194
0.240000 0.994214
0.244000 0.994234
0.248000 0.994254
0.252000 0.994273
0.256000 0.994292
0.260000 0.994310
0.264000 0.994328
0.268000 0.994346
0.272000 0.994363
0.276000 0.994380
0.280000 0.994396
0.284000 0.994412
0.288000 0.994428
0.292000 0.994443
0.296000 0.994458
0.300000 0.994472
0.304000 0.994487
0.308000 0.994500
0.312000 0.994514
0.316000 0.994527
0.320000 0.994540
0.324000 0.994552
0.328000 0.994564
0.332000 0.994576
0.336000 0.994587
0.340000 0.994598
0.344000 0.994609
0.348000 0.994619
0.352000 0.994630
0.356000 0.994639
0.360000 0.994649
0.364000 0.994658
0.368000 0.994667
0.372000 0.994676
0.376000 0.994684
0.380000 0.994692
0.384000 0.994700
0.388000 0.994708
0.392000 0.994715
0.396000 0.994722
0.400000 0.994729
0.404000 0.994736
0.408000 0.994742
0.412000 0.994748
0.416000 0.994754
0.420000 0.994760
0.424000 0.994766
0.428000 0.994771
0.432000 0.994776
0.436000 0.994781
0.440000 0.994786
0.444000 0.994791
0.448000 0.994795
0.452000 0.994799
0.456000 0.994803
0.460000 0.994807
0.464000 0.994811
0.468000 0.994815
0.472000 0.994818
0.476000 0.994822
0.480000 0.994825
0.484000 0.994828
0.488000 0.994831
0.492000 0.994834
0.496000 0.994837
0.500000 0.994839
0.504000 0.994842
0.508000 0.994844
0.512000 0.994846
0.516000 0.994849
0.520000 0.994851
0.524000 0.994853
0.528000 0.994855
0.532000 0.994857
0.536000 0.994858
0.540000 0.994860
0.544000 0.994862
0.548000 0.994863
0.552000 0.994865
0.556000 0.994866
0.560000 0.994867
0.564000 0.994869
0.568000 0.994870
0.572000 0.994871
0.576000 0.994872
0.580000 0.994873
0.584000 0.994874
0.588000 0.994875
0.592000 0.994876
0.596000 0.994877
0.600000 0.994878
0.604000 0.994878
0.608000 0.994879
0.612000 0.994880
0.616000 0.994880
0.620000 0.994881
0.624000 0.994882
0.628000 0.994882
0.632000 0.994883
0.636000 0.994883
0.640000 0.994884
0.644000 0.994884
0.648000 0.994885
0.652000 0.994885
0.656000 0.994886
0.660000 0.994886
0.664000 0.994886
0.668000 0.994887
0.672000 0.994887
0.676000 0.994887
0.680000 0.994887
0.684000 0.994888
0.688000 0.994888
0.692000 0.994888
0.696000 0.994888
0.700000 0.994889
0.704000 0.994889
0.708000 0.994889
0.712000 0.994889
0.716000 0.994889
0.720000 0.994890
0.724000 0.994890
0.728000 0.994890
0.732000 0.994890
0.736000 0.994890
0.740000 0.994890
0.744000 0.994890
0.748000 0.994890
0.752000 0.994891
0.756000 0.994891
0.760000 0.994891
0.764000 0.994891
0.768000 0.994891
0.772000 0.994891
0.776000 0.994891
0.780000 0.994891
0.784000 0.994891
0.788000 0.994891
0.792000 0.994891
0.796000 0.994891
0.800000 0.994891
0.804000 0.994891
0.808000 0.994891
0.812000 0.994891
0.816000 0.994892
0.820000 0.994892
0.824000 0.994892
0.828000 0.994892
0.832000 0.994892
0.836000 0.994892
0.840000 0.994892
0.844000 0.994892
0.848000 0.994892
0.852000 0.994892
0.856000 0.994892
0.860000 0.994892
0.864000 0.994892
0.868000 0.994892
0.872000 0.994892
0.876000 0.994892
0.880000 0.994892
0.884000 0.994892
0.888000 0.994892
0.892000 0.994892
0.896000 0.994892
0.900000 0.994892
0.904000 0.994892
0.908000 0.994892
0.912000 0.994892
0.916000 0.994892
0.920000 0.994892
0.924000 0.994892
0.928000 0.994892
0.932000 0.994892
0.936000 0.994892
0.940000 0.994892
0.944000 0.994892
0.948000 0.994892
0.952000 0.994892
0.956000 0.994892
0.960000 0.994892
0.964000 0.994892
0.968000 0.994892
0.972000 0.994892
0.976000 0.994892
0.980000 0.994892
0.984000 0.994892
0.988000 0.994892
0.992000 0.994892
0.996000 0.994892
1.000000 0.994892
