-1.000000 0.991037
-0.996000 0.991037
-0.992000 0.991037
-0.988000 0.991037
-0.984000 0.991037
-0.980000 0.991037
-0.976000 0.991037
-0.972000 0.991037
-0.968000 0.991037
-0.964000 0.991037
-0.960000 0.991037
-0.956000 0.991037
-0.952000 0.991037
-0.948000 0.991037
-0.944000 0.991037
-0.940000 0.991037
-0.936000 0.991037
-0.932000 0.991037
-0.928000 0.991037
-0.924000 0.991037
-0.920000 0.991037
-0.916000 0.991037
-0.912000 0.991037
-0.908000 0.991037
-0.904000 0.991037
-0.900000 0.991037
-0.896000 0.991037
-0.892000 0.991037
-0.888000 0.991037
-0.884000 0.991037
-0.880000 0.991037
-0.876000 0.991037
-0.872000 0.991037
-0.868000 0.991037
-0.864000 0.991037
-0.860000 0.991037
-0.856000 0.991037
-0.852000 0.991037
-0.848000 0.991037
-0.844000 0.991037
-0.840000 0.991037
-0.836000 0.991037
-0.832000 0.991037
-0.828000 0.991037
-0.824000 0.991037
-0.820000 0.991037
-0.816000 0.991037
-0.812000 0.991037
-0.808000 0.991037
-0.804000 0.991037
-0.800000 0.991037
-0.796000 0.991037
-0.792000 0.991037
-0.788000 0.991037
-0.784000 0.991037
-0.780000 0.991037
-0.776000 0.991037
-0.772000 0.991037
-0.768000 0.991037
-0.764000 0.991037
-0.760000 0.991037
-0.756000 0.991037
-0.752000 0.991037
-0.748000 0.991037
-0.744000 0.991037
-0.740000 0.991037
-0.736000 0.991037
-0.732000 0.991037
-0.728000 0.991037
-0.724000 0.991037
-0.720000 0.991037
-0.716000 0.991037
-0.712000 0.991037
-0.708000 0.991037
-0.704000 0.991037
-0.700000 0.991037
-0.696000 0.991037
-0.692000 0.991037
-0.688000 0.991037
-0.684000 0.991037
-0.680000 0.991037
-0.676000 0.991037
-0.672000 0.991037
-0.668000 0.991037
-0.664000 0.991037
-0.660000 0.991037
-0.656000 0.991037
-0.652000 0.991037
-0.648000 0.991037
-0.644000 0.991037
-0.640000 0.991037
-0.636000 0.991037
-0.632000 0.991037
-0.628000 0.991037
-0.624000 0.991037
-0.620000 0.991037
-0.616000 0.991037
-0.612000 0.991037
-0.608000 0.991037
-0.604000 0.991037
-0.600000 0.991037
-0.596000 0.991037
-0.592000 0.991037
-0.588000 0.991037
-0.584000 0.991037
-0.580000 0.991037
-0.576000 0.991037
-0.572000 0.991037
-0.568000 0.991037
-0.564000 0.991037
-0.560000 0.991037
-0.556000 0.991037
-0.552000 0.991037
-0.548000 0.991037
-0.544000 0.991037
-0.540000 0.991037
-0.536000 0.991037
-0.532000 0.991037
-0.528000 0.991037
-0.524000 0.991037
-0.520000 0.991037
-0.516000 0.991037
-0.512000 0.991037
-0.508000 0.991037
-0.504000 0.991037
-0.500000 0.991037
-0.496000 0.991037
-0.492000 0.991037
-0.488000 0.991037
-0.484000 0.991037
-0.480000 0.991037
-0.476000 0.991037
-0.472000 0.991037
-0.468000 0.991037
-0.464000 0.991037
-0.460000 0.991037
-0.456000 0.991037
-0.452000 0.991037
-0.448000 0.991037
-0.444000 0.991037
-0.440000 0.991037
-0.436000 0.991037
-0.432000 0.991037
-0.428000 0.991037
-0.424000 0.991037
-0.420000 0.991037
-0.416000 0.991037
-0.412000 0.991037
-0.408000 0.991037
-0.404000 0.991037
-0.400000 0.991037
-0.396000 0.991037
-0.392000 0.991037
-0.388000 0.991037
-0.384000 0.991037
-0.380000 0.991037
-0.376000 0.991037
-0.372000 0.991037
-0.368000 0.991037
-0.364000 0.991037
-0.360000 0.991037
-0.356000 0.991037
-0.352000 0.991037
-0.348000 0.991037
-0.344000 0.991037
-0.340000 0.991037
-0.336000 0.991037
-0.332000 0.991037
-0.328000 0.991037
-0.324000 0.991037
-0.320000 0.991037
-0.316000 0.991037
-0.312000 0.991037
-0.308000 0.991037
-0.304000 0.991037
-0.300000 0.991037
-0.296000 0.991037
-0.292000 0.991037
-0.288000 0.991037
-0.284000 0.991037
-0.280000 0.991037
-0.276000 0.991037
-0.272000 0.991037
-0.268000 0.991037
-0.264000 0.991037
-0.260000 0.991037
-0.256000 0.991037
-0.252000 0.991037
-0.248000 0.991037
-0.244000 0.991037
-0.240000 0.991037
-0.236000 0.991037
-0.232000 0.991037
-0.228000 0.991037
-0.224000 0.991037
-0.220000 0.991037
-0.216000 0.991037
-0.212000 0.991037
-0.208000 0.991037
-0.204000 0.991037
-0.200000 0.991037
-0.196000 0.991037
-0.192000 0.991037
-0.188000 0.991037
-0.184000 0.991037
-0.180000 0.991037
-0.176000 0.991037
-0.172000 0.991037
-0.168000 0.991037
-0.164000 0.991037
-0.160000 0.991037
-0.156000 0.991037
-0.152000 0.991037
-0.148000 0.991037
-0.144000 0.991037
-0.140000 0.991037
-0.136000 0.991037
-0.132000 0.991037
-0.128000 0.991037
-0.124000 0.991037
-0.120000 0.991037
-0.116000 0.991037
-0.112000 0.991037
-0.108000 0.991037
-0.104000 0.991037
-0.100000 0.991037
-0.096000 0.991037
-0.092000 0.991037
-0.088000 0.991037
-0.084000 0.991037
-0.080000 0.991037
-0.076000 0.991037
-0.072000 0.991037
-0.068000 0.991037
-0.064000 0.991037
-0.060000 0.991037
-0.056000 0.991037
-0.052000 0.991037
-0.048000 0.991037
-0.044000 0.991037
-0.040000 0.991037
-0.036000 0.991037
-0.032000 0.991037
-0.028000 0.991037
-0.024000 0.991037
-0.020000 0.991037
-0.016000 0.991038
-0.012000 0.991038
-0.008000 0.991038
-0.004000 0.991038
0.000000 0.991038
0.004000 0.991038
0.008000 0.991038
0.012000 0.991038
0.016000 0.991038
0.020000 0.991038
0.024000 0.991038
0.028000 0.991038
0.032000 0.991038
0.036000 0.991038
0.040000 0.991038
0.044000 0.991038
0.048000 0.991039
0.052000 0.991039
0.056000 0.991039
0.060000 0.991039
0.064000 0.991039
0.068000 0.991039
0.072000 0.991039
0.076000 0.991039
0.080000 0.991040
0.084000 0.991040
0.088000 0.991040
0.092000 0.991040
0.096000 0.991040
0.100000 0.991040
0.104000 0.991041
0.108000 0.991041
0.112000 0.991041
0.116000 0.991041
0.120000 0.991042
0.124000 0.991042
0.128000 0.991042
0.132000 0.991043
0.136000 0.991043
0.140000 0.991043
0.144000 0.991044
0.148000 0.991044
0.152000 0.991045
0.156000 0.991045
0.160000 0.991045
0.164000 0.991046
0.168000 0.991046
0.172000 0.991047
0.176000 0.991047
0.180000 0.991048
0.184000 0.991049
0.188000 0.991049
0.192000 0.991050
0.196000 0.991051
0.200000 0.991051
0.204000 0.991052
0.208000 0.991053
0.212000 0.991054
0.216000 0.991055
0.220000 0.991056
0.224000 0.991057
0.228000 0.991058
0.232000 0.991059
0.236000 0.991060
0.240000 0.991061
0.244000 0.991062
0.248000 0.991064
0.252000 0.991065
0.256000 0.991066
0.260000 0.991068
0.264000 0.991069
0.268000 0.991071
0.272000 0.991073
0.276000 0.991074
0.280000 0.991076
0.284000 0.991078
0.288000 0.991080
0.292000 0.991082
0.296000 0.991084
0.300000 0.991086
0.304000 0.991088
0.308000 0.991091
0.312000 0.991093
0.316000 0.991096
0.320000 0.991098
0.324000 0.991101
0.328000 0.991104
0.332000 0.991107
0.336000 0.991110
0.340000 0.991113
0.344000 0.991116
0.348000 0.991120
0.352000 0.991123
0.356000 0.991127
0.360000 0.991131
0.364000 0.991134
0.368000 0.991138
0.372000 0.991143
0.376000 0.991147
0.380000 0.991151
0.384000 0.991156
0.388000 0.991160
0.392000 0.991165
0.396000 0.991170
0.400000 0.991175
0.404000 0.991181
0.408000 0.991186
0.412000 0.991192
0.416000 0.991198
0.420000 0.991204
0.424000 0.991210
0.428000 0.991216
0.432000 0.991222
0.436000 0.991229
0.440000 0.991236
0.444000 0.991243
0.448000 0.991250
0.452000 0.991258
0.456000 0.991265
0.460000 0.991273
0.464000 0.991281
0.468000 0.991289
0.472000 0.991298
0.476000 0.991307
0.480000 0.991315
0.484000 0.991325
0.488000 0.991334
0.492000 0.991343
0.496000 0.991353
0.500000 0.991363
0.504000 0.991373
0.508000 0.991384
0.512000 0.991394
0.516000 0.991405
0.520000 0.991416
0.524000 0.991428
0.528000 0.991439
0.532000 0.991451
0.536000 0.991463
0.540000 0.991476
0.544000 0.991488
0.548000 0.991501
0.552000 0.991514
0.556000 0.991528
0.560000 0.991541
0.564000 0.991555
0.568000 0.991569
0.572000 0.991583
0.576000 0.991598
0.580000 0.991613
0.584000 0.991628
0.588000 0.991643
0.592000 0.991659
0.596000 0.991674
0.600000 0.991690
0.604000 0.991707
0.608000 0.991723
0.612000 0.991740
0.616000 0.991757
0.620000 0.991774
0.624000 0.991792
0.628000 0.991810
0.632000 0.991828
0.636000 0.991846
0.640000 0.991864
0.644000 0.991883
0.648000 0.991902
0.652000 0.991921
0.656000 0.991940
0.660000 0.991960
0.664000 0.991980
0.668000 0.992000
0.672000 0.992020
0.676000 0.992040
0.680000 0.992061
0.684000 0.992082
0.688000 0.992103
0.692000 0.992124
0.696000 0.992145
0.700000 0.992167
0.704000 0.992189
0.708000 0.992211
0.712000 0.992233
0.716000 0.992255
0.720000 0.992277
0.724000 0.992300
0.728000 0.992323
0.732000 0.992346
0.736000 0.992369
0.740000 0.992392
0.744000 0.992415
0.748000 0.992439
0.752000 0.992462
0.756000 0.992486
0.760000 0.992510
0.764000 0.992533
0.768000 0.992557
0.772000 0.992581
0.776000 0.992605
0.780000 0.992630
0.784000 0.992654
0.788000 0.992678
0.792000 0.992703
0.796000 0.992727
0.800000 0.992752
0.804000 0.992776
0.808000 0.992801
0.812000 0.992825
0.816000 0.992850
0.820000 0.992874
0.824000 0.992899
0.828000 0.992924
0.832000 0.992948
0.836000 0.992973
0.840000 0.992998
0.844000 0.993022
0.848000 0.993047
0.852000 0.993071
0.856000 0.993096
0.860000 0.993120
0.864000 0.993144
0.868000 0.993169
0.872000 0.993193
0.876000 0.993217
0.880000 0.993241
0.884000 0.993265
0.888000 0.993289
0.892000 0.993313
0.896000 0.993337
0.900000 0.993360
0.904000 0.993384
0.908000 0.993407
0.912000 0.993431
0.916000 0.993454
0.920000 0.993477
0.924000 0.993500
0.928000 0.993522
0.932000 0.993545
0.936000 0.993568
0.940000 0.993590
0.944000 0.993612
0.948000 0.993635
0.952000 0.993657
0.956000 0.993679
0.960000 0.993702
0.964000 0.993724
0.968000 0.993747
0.972000 0.993770
0.976000 0.993795
0.980000 0.993820
0.984000 0.993848
0.988000 0.993878
0.992000 0.993913
0.996000 0.993953
1.000000 0.994001
