-1.000000 0.991037
-0.996000 0.991037
-0.992000 0.991037
-0.988000 0.991037
-0.984000 0.991037
-0.980000 0.991037
-0.976000 0.991037
-0.972000 0.991037
-0.968000 0.991037
-0.964000 0.991037
-0.960000 0.991037
-0.956000 0.991037
-0.952000 0.991037
-0.948000 0.991037
-0.944000 0.991037
-0.940000 0.991037
-0.936000 0.991037
-0.932000 0.991037
-0.928000 0.991037
-0.924000 0.991037
-0.920000 0.991037
-0.916000 0.991037
-0.912000 0.991037
-0.908000 0.991037
-0.904000 0.991037
-0.900000 0.991037
-0.896000 0.991037
-0.892000 0.991037
-0.888000 0.991037
-0.884000 0.991037
-0.880000 0.991037
-0.876000 0.991037
-0.872000 0.991037
-0.868000 0.991037
-0.864000 0.991037
-0.860000 0.991037
-0.856000 0.991037
-0.852000 0.991037
-0.848000 0.991037
-0.844000 0.991037
-0.840000 0.991037
-0.836000 0.991037
-0.832000 0.991037
-0.828000 0.991037
-0.824000 0.991037
-0.820000 0.991037
-0.816000 0.991037
-0.812000 0.991037
-0.808000 0.991037
-0.804000 0.991037
-0.800000 0.991037
-0.796000 0.991037
-0.792000 0.991037
-0.788000 0.991037
-0.784000 0.991037
-0.780000 0.991037
-0.776000 0.991037
-0.772000 0.991037
-0.768000 0.991037
-0.764000 0.991037
-0.760000 0.991037
-0.756000 0.991037
-0.752000 0.991037
-0.748000 0.991037
-0.744000 0.991037
-0.740000 0.991037
-0.736000 0.991037
-0.732000 0.991037
-0.728000 0.991037
-0.724000 0.991037
-0.720000 0.991037
-0.716000 0.991037
-0.712000 0.991037
-0.708000 0.991037
-0.704000 0.991037
-0.700000 0.991037
-0.696000 0.991037
-0.692000 0.991037
-0.688000 0.991037
-0.684000 0.991037
-0.680000 0.991037
-0.676000 0.991037
-0.672000 0.991037
-0.668000 0.991037
-0.664000 0.991037
-0.660000 0.991037
-0.656000 0.991037
-0.652000 0.991037
-0.648000 0.991037
-0.644000 0.991037
-0.640000 0.991037
-0.636000 0.991037
-0.632000 0.991037
-0.628000 0.991037
-0.624000 0.991037
-0.620000 0.991037
-0.616000 0.991037
-0.612000 0.991037
-0.608000 0.991037
-0.604000 0.991037
-0.600000 0.991037
-0.596000 0.991037
-0.592000 0.991037
-0.588000 0.991037
-0.584000 0.991037
-0.580000 0.991037
-0.576000 0.991037
-0.572000 0.991037
-0.568000 0.991037
-0.564000 0.991037
-0.560000 0.991037
-0.556000 0.991037
-0.552000 0.991037
-0.548000 0.991037
-0.544000 0.991037
-0.540000 0.991037
-0.536000 0.991037
-0.532000 0.991037
-0.528000 0.991037
-0.524000 0.991037
-0.520000 0.991037
-0.516000 0.991037
-0.512000 0.991037
-0.508000 0.991037
-0.504000 0.991037
-0.500000 0.991037
-0.496000 0.991037
-0.492000 0.991037
-0.488000 0.991037
-0.484000 0.991037
-0.480000 0.991037
-0.476000 0.991037
-0.472000 0.991037
-0.468000 0.991037
-0.464000 0.991037
-0.460000 0.991037
-0.456000 0.991037
-0.452000 0.991037
-0.448000 0.991037
-0.444000 0.991037
-0.440000 0.991037
-0.436000 0.991037
-0.432000 0.991037
-0.428000 0.991037
-0.424000 0.991037
-0.420000 0.991037
-0.416000 0.991037
-0.412000 0.991037
-0.408000 0.991037
-0.404000 0.991037
-0.400000 0.991037
-0.396000 0.991037
-0.392000 0.991037
-0.388000 0.991037
-0.384000 0.991037
-0.380000 0.991037
-0.376000 0.991037
-0.372000 0.991037
-0.368000 0.991037
-0.364000 0.991037
-0.360000 0.991037
-0.356000 0.991037
-0.352000 0.991037
-0.348000 0.991037
-0.344000 0.991037
-0.340000 0.991037
-0.336000 0.991037
-0.332000 0.991037
-0.328000 0.991037
-0.324000 0.991037
-0.320000 0.991037
-0.316000 0.991037
-0.312000 0.991037
-0.308000 0.991037
-0.304000 0.991037
-0.300000 0.991037
-0.296000 0.991037
-0.292000 0.991037
-0.288000 0.991037
-0.284000 0.991037
-0.280000 0.991037
-0.276000 0.991037
-0.272000 0.991037
-0.268000 0.991037
-0.264000 0.991037
-0.260000 0.991037
-0.256000 0.991037
-0.252000 0.991037
-0.248000 0.991037
-0.244000 0.991037
-0.240000 0.991037
-0.236000 0.991037
-0.232000 0.991037
-0.228000 0.991037
-0.224000 0.991037
-0.220000 0.991037
-0.216000 0.991037
-0.212000 0.991037
-0.208000 0.991037
-0.204000 0.991037
-0.200000 0.991037
-0.196000 0.991037
-0.192000 0.991037
-0.188000 0.991037
-0.184000 0.991037
-0.180000 0.991037
-0.176000 0.991037
-0.172000 0.991037
-0.168000 0.991037
-0.164000 0.991037
-0.160000 0.991037
-0.156000 0.991037
-0.152000 0.991037
-0.148000 0.991037
-0.144000 0.991037
-0.140000 0.991037
-0.136000 0.991037
-0.132000 0.991037
-0.128000 0.991037
-0.124000 0.991037
-0.120000 0.991037
-0.116000 0.991037
-0.112000 0.991037
-0.108000 0.991037
-0.104000 0.991037
-0.100000 0.991037
-0.096000 0.991037
-0.092000 0.991037
-0.088000 0.991037
-0.084000 0.991037
-0.080000 0.991037
-0.076000 0.991037
-0.072000 0.991037
-0.068000 0.991037
-0.064000 0.991037
-0.060000 0.991037
-0.056000 0.991037
-0.052000 0.991037
-0.048000 0.991037
-0.044000 0.991037
-0.040000 0.991037
-0.036000 0.991037
-0.032000 0.991037
-0.028000 0.991037
-0.024000 0.991037
-0.020000 0.991037
-0.016000 0.991037
-0.012000 0.991037
-0.008000 0.991037
-0.004000 0.991037
0.000000 0.991037
0.004000 0.991037
0.008000 0.991037
0.012000 0.991037
0.016000 0.991037
0.020000 0.991037
0.024000 0.991037
0.028000 0.991037
0.032000 0.991037
0.036000 0.991037
0.040000 0.991037
0.044000 0.991037
0.048000 0.991037
0.052000 0.991037
0.056000 0.991037
0.060000 0.991037
0.064000 0.991037
0.068000 0.991037
0.072000 0.991037
0.076000 0.991037
0.080000 0.991037
0.084000 0.991037
0.088000 0.991037
0.092000 0.991037
0.096000 0.991037
0.100000 0.991037
0.104000 0.991037
0.108000 0.991037
0.112000 0.991037
0.116000 0.991037
0.120000 0.991037
0.124000 0.991037
0.128000 0.991037
0.132000 0.991037
0.136000 0.991037
0.140000 0.991037
0.144000 0.991037
0.148000 0.991037
0.152000 0.991037
0.156000 0.991037
0.160000 0.991037
0.164000 0.991037
0.168000 0.991037
0.172000 0.991037
0.176000 0.991037
0.180000 0.991037
0.184000 0.991037
0.188000 0.991037
0.192000 0.991037
0.196000 0.991038
0.200000 0.991038
0.204000 0.991038
0.208000 0.991038
0.212000 0.991038
0.216000 0.991038
0.220000 0.991038
0.224000 0.991038
0.228000 0.991038
0.232000 0.991038
0.236000 0.991038
0.240000 0.991038
0.244000 0.991038
0.248000 0.991038
0.252000 0.991038
0.256000 0.991038
0.260000 0.991038
0.264000 0.991039
0.268000 0.991039
0.272000 0.991039
0.276000 0.991039
0.280000 0.991039
0.284000 0.991039
0.288000 0.991039
0.292000 0.991039
0.296000 0.991039
0.300000 0.991040
0.304000 0.991040
0.308000 0.991040
0.312000 0.991040
0.316000 0.991040
0.320000 0.991040
0.324000 0.991041
0.328000 0.991041
0.332000 0.991041
0.336000 0.991041
0.340000 0.991042
0.344000 0.991042
0.348000 0.991042
0.352000 0.991042
0.356000 0.991043
0.360000 0.991043
0.364000 0.991043
0.368000 0.991044
0.372000 0.991044
0.376000 0.991044
0.380000 0.991045
0.384000 0.991045
0.388000 0.991046
0.392000 0.991046
0.396000 0.991047
0.400000 0.991047
0.404000 0.991048
0.408000 0.991048
0.412000 0.991049
0.416000 0.991049
0.420000 0.991050
0.424000 0.991051
0.428000 0.991051
0.432000 0.991052
0.436000 0.991053
0.440000 0.991054
0.444000 0.991054
0.448000 0.991055
0.452000 0.991056
0.456000 0.991057
0.460000 0.991058
0.464000 0.991059
0.468000 0.991060
0.472000 0.991061
0.476000 0.991062
0.480000 0.991064
0.484000 0.991065
0.488000 0.991066
0.492000 0.991067
0.496000 0.991069
0.500000 0.991070
0.504000 0.991072
0.508000 0.991073
0.512000 0.991075
0.516000 0.991077
0.520000 0.991078
0.524000 0.991080
0.528000 0.991082
0.532000 0.991084
0.536000 0.991086
0.540000 0.991088
0.544000 0.991090
0.548000 0.991092
0.552000 0.991095
0.556000 0.991097
0.560000 0.991100
0.564000 0.991102
0.568000 0.991105
0.572000 0.991107
0.576000 0.991110
0.580000 0.991113
0.584000 0.991116
0.588000 0.991119
0.592000 0.991123
0.596000 0.991126
0.600000 0.991129
0.604000 0.991133
0.608000 0.991136
0.612000 0.991140
0.616000 0.991144
0.620000 0.991148
0.624000 0.991152
0.628000 0.991156
0.632000 0.991161
0.636000 0.991165
0.640000 0.991170
0.644000 0.991175
0.648000 0.991180
0.652000 0.991185
0.656000 0.991190
0.660000 0.991195
0.664000 0.991200
0.668000 0.991206
0.672000 0.991212
0.676000 0.991218
0.680000 0.991224
0.684000 0.991230
0.688000 0.991236
0.692000 0.991243
0.696000 0.991250
0.700000 0.991256
0.704000 0.991264
0.708000 0.991271
0.712000 0.991278
0.716000 0.991286
0.720000 0.991293
0.724000 0.991301
0.728000 0.991309
0.732000 0.991318
0.736000 0.991326
0.740000 0.991335
0.744000 0.991344
0.748000 0.991353
0.752000 0.991362
0.756000 0.991371
0.760000 0.991381
0.764000 0.991391
0.768000 0.991401
0.772000 0.991411
0.776000 0.991422
0.780000 0.991432
0.784000 0.991443
0.788000 0.991454
0.792000 0.991465
0.796000 0.991477
0.800000 0.991489
0.804000 0.991500
0.808000 0.991513
0.812000 0.991525
0.816000 0.991537
0.820000 0.991550
0.824000 0.991563
0.828000 0.991576
0.832000 0.991590
0.836000 0.991603
0.840000 0.991617
0.844000 0.991631
0.848000 0.991645
0.852000 0.991660
0.856000 0.991675
0.860000 0.991689
0.864000 0.991705
0.868000 0.991720
0.872000 0.991735
0.876000 0.991751
0.880000 0.991767
0.884000 0.991783
0.888000 0.991800
0.892000 0.991816
0.896000 0.991833
0.900000 0.991850
0.904000 0.991867
0.908000 0.991885
0.912000 0.991902
0.916000 0.991920
0.920000 0.991938
0.924000 0.991956
0.928000 0.991975
0.932000 0.991993
0.936000 0.992012
0.940000 0.992031
0.944000 0.992051
0.948000 0.992070
0.952000 0.992090
0.956000 0.992111
0.960000 0.992132
0.964000 0.992153
0.968000 0.992175
0.972000 0.992199
0.976000 0.992224
0.980000 0.992250
0.984000 0.992279
0.988000 0.992312
0.992000 0.992349
0.996000 0.992393
1.000000 0.992445
