-1.000000 0.991037
-0.996000 0.991037
-0.992000 0.991037
-0.988000 0.991037
-0.984000 0.991037
-0.980000 0.991037
-0.976000 0.991037
-0.972000 0.991037
-0.968000 0.991037
-0.964000 0.991037
-0.960000 0.991037
-0.956000 0.991037
-0.952000 0.991037
-0.948000 0.991037
-0.944000 0.991037
-0.940000 0.991038
-0.936000 0.991038
-0.932000 0.991038
-0.928000 0.991038
-0.924000 0.991038
-0.920000 0.991038
-0.916000 0.991039
-0.912000 0.991039
-0.908000 0.991040
-0.904000 0.991040
-0.900000 0.991041
-0.896000 0.991041
-0.892000 0.991042
-0.888000 0.991043
-0.884000 0.991043
-0.880000 0.991045
-0.876000 0.991046
-0.872000 0.991047
-0.868000 0.991048
-0.864000 0.991050
-0.860000 0.991052
-0.856000 0.991054
-0.852000 0.991056
-0.848000 0.991059
-0.844000 0.991062
-0.840000 0.991065
-0.836000 0.991069
-0.832000 0.991073
-0.828000 0.991077
-0.824000 0.991082
-0.820000 0.991087
-0.816000 0.991092
-0.812000 0.991099
-0.808000 0.991105
-0.804000 0.991113
-0.800000 0.991121
-0.796000 0.991129
-0.792000 0.991138
-0.788000 0.991149
-0.784000 0.991159
-0.780000 0.991171
-0.776000 0.991183
-0.772000 0.991197
-0.768000 0.991211
-0.764000 0.991226
-0.760000 0.991242
-0.756000 0.991259
-0.752000 0.991278
-0.748000 0.991297
-0.744000 0.991317
-0.740000 0.991339
-0.736000 0.991361
-0.732000 0.991385
-0.728000 0.991410
-0.724000 0.991436
-0.720000 0.991464
-0.716000 0.991492
-0.712000 0.991522
-0.708000 0.991553
-0.704000 0.991585
-0.700000 0.991619
-0.696000 0.991654
-0.692000 0.991690
-0.688000 0.991727
-0.684000 0.991765
-0.680000 0.991805
-0.676000 0.991845
-0.672000 0.991887
-0.668000 0.991930
-0.664000 0.991973
-0.660000 0.992018
-0.656000 0.992064
-0.652000 0.992110
-0.648000 0.992158
-0.644000 0.992206
-0.640000 0.992255
-0.636000 0.992305
-0.632000 0.992355
-0.628000 0.992406
-0.624000 0.992458
-0.620000 0.992510
-0.616000 0.992562
-0.612000 0.992615
-0.608000 0.992668
-0.604000 0.992721
-0.600000 0.992774
-0.596000 0.992827
-0.592000 0.992881
-0.588000 0.992934
-0.584000 0.992987
-0.580000 0.993040
-0.576000 0.993093
-0.572000 0.993145
-0.568000 0.993197
-0.564000 0.993249
-0.560000 0.993300
-0.556000 0.993351
-0.552000 0.993401
-0.548000 0.993450
-0.544000 0.993499
-0.540000 0.993547
-0.536000 0.993594
-0.532000 0.993641
-0.528000 0.993686
-0.524000 0.993731
-0.520000 0.993775
-0.516000 0.993818
-0.512000 0.993860
-0.508000 0.993901
-0.504000 0.993941
-0.500000 0.993981
-0.496000 0.994019
-0.492000 0.994056
-0.488000 0.994092
-0.484000 0.994127
-0.480000 0.994161
-0.476000 0.994194
-0.472000 0.994226
-0.468000 0.994257
-0.464000 0.994287
-0.460000 0.994316
-0.456000 0.994344
-0.452000 0.994370
-0.448000 0.994396
-0.444000 0.994421
-0.440000 0.994445
-0.436000 0.994468
-0.432000 0.994490
-0.428000 0.994512
-0.424000 0.994532
-0.420000 0.994551
-0.416000 0.994570
-0.412000 0.994588
-0.408000 0.994605
-0.404000 0.994621
-0.400000 0.994636
-0.396000 0.994651
-0.392000 0.994665
-0.388000 0.994679
-0.384000 0.994691
-0.380000 0.994703
-0.376000 0.994715
-0.372000 0.994726
-0.368000 0.994736
-0.364000 0.994746
-0.360000 0.994755
-0.356000 0.994764
-0.352000 0.994772
-0.348000 0.994780
-0.344000 0.994787
-0.340000 0.994794
-0.336000 0.994800
-0.332000 0.994807
-0.328000 0.994812
-0.324000 0.994818
-0.320000 0.994823
-0.316000 0.994828
-0.312000 0.994832
-0.308000 0.994836
-0.304000 0.994840
-0.300000 0.994844
-0.296000 0.994847
-0.292000 0.994851
-0.288000 0.994854
-0.284000 0.994856
-0.280000 0.994859
-0.276000 0.994862
-0.272000 0.994864
-0.268000 0.994866
-0.264000 0.994868
-0.260000 0.994870
-0.256000 0.994871
-0.252000 0.994873
-0.248000 0.994875
-0.244000 0.994876
-0.240000 0.994877
-0.236000 0.994878
-0.232000 0.994879
-0.228000 0.994880
-0.224000 0.994881
-0.220000 0.994882
-0.216000 0.994883
-0.212000 0.994884
-0.208000 0.994884
-0.204000 0.994885
-0.200000 0.994886
-0.196000 0.994886
-0.192000 0.994887
-0.188000 0.994887
-0.184000 0.994888
-0.180000 0.994888
-0.176000 0.994888
-0.172000 0.994889
-0.168000 0.994889
-0.164000 0.994889
-0.160000 0.994889
-0.156000 0.994890
-0.152000 0.994890
-0.148000 0.994890
-0.144000 0.994890
-0.140000 0.994890
-0.136000 0.994891
-0.132000 0.994891
-0.128000 0.994891
-0.124000 0.994891
-0.120000 0.994891
-0.116000 0.994891
-0.112000 0.994891
-0.108000 0.994891
-0.104000 0.994891
-0.100000 0.994891
-0.096000 0.994891
-0.092000 0.994891
-0.088000 0.994892
-0.084000 0.994892
-0.080000 0.994892
-0.076000 0.994892
-0.072000 0.994892
-0.068000 0.994892
-0.064000 0.994892
-0.060000 0.994892
-0.056000 0.994892
-0.052000 0.994892
-0.048000 0.994892
-0.044000 0.994892
-0.040000 0.994892
-0.036000 0.994892
-0.032000 0.994892
-0.028000 0.994892
-0.024000 0.994892
-0.020000 0.994892
-0.016000 0.994892
-0.012000 0.994892
-0.008000 0.994892
-0.004000 0.994892
0.000000 0.994892
0.004000 0.994892
0.008000 0.994892
0.012000 0.994892
0.016000 0.994892
0.020000 0.994892
0.024000 0.994892
0.028000 0.994892
0.032000 0.994892
0.036000 0.994892
0.040000 0.994892
0.044000 0.994892
0.048000 0.994892
0.052000 0.994892
0.056000 0.994892
0.060000 0.994892
0.064000 0.994892
0.068000 0.994892
0.072000 0.994892
0.076000 0.994892
0.080000 0.994892
0.084000 0.994892
0.088000 0.994892
0.092000 0.994892
0.096000 0.994892
0.100000 0.994892
0.104000 0.994892
0.108000 0.994892
0.112000 0.994892
0.116000 0.994892
0.120000 0.994892
0.124000 0.994892
0.128000 0.994892
0.132000 0.994892
0.136000 0.994892
0.140000 0.994892
0.144000 0.994892
0.148000 0.994892
0.152000 0.994892
0.156000 0.994892
0.160000 0.994892
0.164000 0.994892
0.168000 0.994892
0.172000 0.994892
0.176000 0.994892
0.180000 0.994892
0.184000 0.994892
0.188000 0.994892
0.192000 0.994892
0.196000 0.994892
0.200000 0.994892
0.204000 0.994892
0.208000 0.994892
0.212000 0.994892
0.216000 0.994892
0.220000 0.994892
0.224000 0.994892
0.228000 0.994892
0.232000 0.994892
0.236000 0.994892
0.240000 0.994892
0.244000 0.994892
0.248000 0.994892
0.252000 0.994892
0.256000 0.994892
0.260000 0.994892
0.264000 0.994892
0.268000 0.994892
0.272000 0.994892
0.276000 0.994892
0.280000 0.994892
0.284000 0.994892
0.288000 0.994892
0.292000 0.994892
0.296000 0.994892
0.300000 0.994892
0.304000 0.994892
0.308000 0.994892
0.312000 0.994892
0.316000 0.994892
0.320000 0.994892
0.324000 0.994892
0.328000 0.994892
0.332000 0.994892
0.336000 0.994892
0.340000 0.994892
0.344000 0.994892
0.348000 0.994892
0.352000 0.994892
0.356000 0.994892
0.360000 0.994892
0.364000 0.994892
0.368000 0.994892
0.372000 0.994892
0.376000 0.994892
0.380000 0.994892
0.384000 0.994892
0.388000 0.994892
0.392000 0.994892
0.396000 0.994892
0.400000 0.994892
0.404000 0.994892
0.408000 0.994892
0.412000 0.994892
0.416000 0.994892
0.420000 0.994892
0.424000 0.994892
0.428000 0.994892
0.432000 0.994892
0.436000 0.994892
0.440000 0.994892
0.444000 0.994892
0.448000 0.994892
0.452000 0.994892
0.456000 0.994892
0.460000 0.994892
0.464000 0.994892
0.468000 0.994892
0.472000 0.994892
0.476000 0.994892
0.480000 0.994892
0.484000 0.994892
0.488000 0.994892
0.492000 0.994892
0.496000 0.994892
0.500000 0.994892
0.504000 0.994892
0.508000 0.994892
0.512000 0.994892
0.516000 0.994892
0.520000 0.994892
0.524000 0.994892
0.528000 0.994892
0.532000 0.994892
0.536000 0.994892
0.540000 0.994892
0.544000 0.994892
0.548000 0.994892
0.552000 0.994892
0.556000 0.994892
0.560000 0.994892
0.564000 0.994892
0.568000 0.994892
0.572000 0.994892
0.576000 0.994892
0.580000 0.994892
0.584000 0.994892
0.588000 0.994892
0.592000 0.994892
0.596000 0.994892
0.600000 0.994892
0.604000 0.994892
0.608000 0.994892
0.612000 0.994892
0.616000 0.994892
0.620000 0.994892
0.624000 0.994892
0.628000 0.994892
0.632000 0.994892
0.636000 0.994892
0.640000 0.994892
0.644000 0.994892
0.648000 0.994892
0.652000 0.994892
0.656000 0.994892
0.660000 0.994892
0.664000 0.994892
0.668000 0.994892
0.672000 0.994892
0.676000 0.994892
0.680000 0.994892
0.684000 0.994892
0.688000 0.994892
0.692000 0.994892
0.696000 0.994892
0.700000 0.994892
0.704000 0.994892
0.708000 0.994892
0.712000 0.994892
0.716000 0.994892
0.720000 0.994892
0.724000 0.994892
0.728000 0.994892
0.732000 0.994892
0.736000 0.994892
0.740000 0.994892
0.744000 0.994892
0.748000 0.994892
0.752000 0.994892
0.756000 0.994892
0.760000 0.994892
0.764000 0.994892
0.768000 0.994892
0.772000 0.994892
0.776000 0.994892
0.780000 0.994892
0.784000 0.994892
0.788000 0.994892
0.792000 0.994892
0.796000 0.994892
0.800000 0.994892
0.804000 0.994892
0.808000 0.994892
0.812000 0.994892
0.816000 0.994892
0.820000 0.994892
0.824000 0.994892
0.828000 0.994892
0.832000 0.994892
0.836000 0.994892
0.840000 0.994892
0.844000 0.994892
0.848000 0.994892
0.852000 0.994892
0.856000 0.994892
0.860000 0.994892
0.864000 0.994892
0.868000 0.994892
0.872000 0.994892
0.876000 0.994892
0.880000 0.994892
0.884000 0.994892
0.888000 0.994892
0.892000 0.994892
0.896000 0.994892
0.900000 0.994892
0.904000 0.994892
0.908000 0.994892
0.912000 0.994892
0.916000 0.994892
0.920000 0.994892
0.924000 0.994892
0.928000 0.994892
0.932000 0.994892
0.936000 0.994892
0.940000 0.994892
0.944000 0.994892
0.948000 0.994892
0.952000 0.994892
0.956000 0.994892
0.960000 0.994892
0.964000 0.994892
0.968000 0.994892
0.972000 0.994892
0.976000 0.994892
0.980000 0.994892
0.984000 0.994892
0.988000 0.994892
0.992000 0.994892
0.996000 0.994892
1.000000 0.994892
