-1.000000 0.997928
-0.996000 0.997928
-0.992000 0.997928
-0.988000 0.997928
-0.984000 0.997928
-0.980000 0.997928
-0.976000 0.997928
-0.972000 0.997928
-0.968000 0.997928
-0.964000 0.997928
-0.960000 0.997928
-0.956000 0.997928
-0.952000 0.997928
-0.948000 0.997928
-0.944000 0.997928
-0.940000 0.997928
-0.936000 0.997928
-0.932000 0.997928
-0.928000 0.997928
-0.924000 0.997928
-0.920000 0.997928
-0.916000 0.997928
-0.912000 0.997928
-0.908000 0.997928
-0.904000 0.997928
-0.900000 0.997928
-0.896000 0.997928
-0.892000 0.997928
-0.888000 0.997928
-0.884000 0.997928
-0.880000 0.997928
-0.876000 0.997928
-0.872000 0.997928
-0.868000 0.997928
-0.864000 0.997928
-0.860000 0.997928
-0.856000 0.997928
-0.852000 0.997928
-0.848000 0.997928
-0.844000 0.997928
-0.840000 0.997928
-0.836000 0.997928
-0.832000 0.997928
-0.828000 0.997928
-0.824000 0.997928
-0.820000 0.997928
-0.816000 0.997928
-0.812000 0.997928
-0.808000 0.997928
-0.804000 0.997928
-0.800000 0.997928
-0.796000 0.997928
-0.792000 0.997928
-0.788000 0.997928
-0.784000 0.997928
-0.780000 0.997928
-0.776000 0.997928
-0.772000 0.997928
-0.768000 0.997928
-0.764000 0.997928
-0.760000 0.997928
-0.756000 0.997928
-0.752000 0.997928
-0.748000 0.997928
-0.744000 0.997928
-0.740000 0.997928
-0.736000 0.997928
-0.732000 0.997928
-0.728000 0.997928
-0.724000 0.997928
-0.720000 0.997928
-0.716000 0.997928
-0.712000 0.997928
-0.708000 0.997928
-0.704000 0.997928
-0.700000 0.997928
-0.696000 0.997928
-0.692000 0.997928
-0.688000 0.997928
-0.684000 0.997928
-0.680000 0.997928
-0.676000 0.997928
-0.672000 0.997928
-0.668000 0.997928
-0.664000 0.997928
-0.660000 0.997928
-0.656000 0.997928
-0.652000 0.997928
-0.648000 0.997928
-0.644000 0.997928
-0.640000 0.997928
-0.636000 0.997928
-0.632000 0.997928
-0.628000 0.997928
-0.624000 0.997928
-0.620000 0.997928
-0.616000 0.997928
-0.612000 0.997928
-0.608000 0.997928
-0.604000 0.997928
-0.600000 0.997928
-0.596000 0.997928
-0.592000 0.997928
-0.588000 0.997928
-0.584000 0.997928
-0.580000 0.997928
-0.576000 0.997928
-0.572000 0.997928
-0.568000 0.997928
-0.564000 0.997928
-0.560000 0.997928
-0.556000 0.997928
-0.552000 0.997928
-0.548000 0.997928
-0.544000 0.997928
-0.540000 0.997928
-0.536000 0.997928
-0.532000 0.997928
-0.528000 0.997928
-0.524000 0.997928
-0.520000 0.997928
-0.516000 0.997928
-0.512000 0.997928
-0.508000 0.997928
-0.504000 0.997928
-0.500000 0.997928
-0.496000 0.997928
-0.492000 0.997928
-0.488000 0.997928
-0.484000 0.997928
-0.480000 0.997928
-0.476000 0.997928
-0.472000 0.997928
-0.468000 0.997928
-0.464000 0.997928
-0.460000 0.997928
-0.456000 0.997928
-0.452000 0.997928
-0.448000 0.997928
-0.444000 0.997928
-0.440000 0.997928
-0.436000 0.997928
-0.432000 0.997928
-0.428000 0.997928
-0.424000 0.997928
-0.420000 0.997928
-0.416000 0.997928
-0.412000 0.997928
-0.408000 0.997928
-0.404000 0.997928
-0.400000 0.997928
-0.396000 0.997928
-0.392000 0.997928
-0.388000 0.997928
-0.384000 0.997928
-0.380000 0.997928
-0.376000 0.997928
-0.372000 0.997928
-0.368000 0.997928
-0.364000 0.997928
-0.360000 0.997928
-0.356000 0.997928
-0.352000 0.997928
-0.348000 0.997927
-0.344000 0.997927
-0.340000 0.997927
-0.336000 0.997927
-0.332000 0.997927
-0.328000 0.997927
-0.324000 0.997927
-0.320000 0.997927
-0.316000 0.997927
-0.312000 0.997927
-0.308000 0.997927
-0.304000 0.997927
-0.300000 0.997927
-0.296000 0.997926
-0.292000 0.997926
-0.288000 0.997926
-0.284000 0.997926
-0.280000 0.997926
-0.276000 0.997926
-0.272000 0.997926
-0.268000 0.997925
-0.264000 0.997925
-0.260000 0.997925
-0.256000 0.997925
-0.252000 0.997924
-0.248000 0.997924
-0.244000 0.997924
-0.240000 0.997924
-0.236000 0.997923
-0.232000 0.997923
-0.228000 0.997922
-0.224000 0.997922
-0.220000 0.997922
-0.216000 0.997921
-0.212000 0.997921
-0.208000 0.997920
-0.204000 0.997919
-0.200000 0.997919
-0.196000 0.997918
-0.192000 0.997918
-0.188000 0.997917
-0.184000 0.997916
-0.180000 0.997915
-0.176000 0.997914
-0.172000 0.997913
-0.168000 0.997912
-0.164000 0.997911
-0.160000 0.997910
-0.156000 0.997909
-0.152000 0.997908
-0.148000 0.997906
-0.144000 0.997905
-0.140000 0.997904
-0.136000 0.997902
-0.132000 0.997900
-0.128000 0.997899
-0.124000 0.997897
-0.120000 0.997895
-0.116000 0.997893
-0.112000 0.997891
-0.108000 0.997889
-0.104000 0.997886
-0.100000 0.997884
-0.096000 0.997881
-0.092000 0.997878
-0.088000 0.997875
-0.084000 0.997872
-0.080000 0.997869
-0.076000 0.997866
-0.072000 0.997862
-0.068000 0.997859
-0.064000 0.997855
-0.060000 0.997851
-0.056000 0.997847
-0.052000 0.997842
-0.048000 0.997838
-0.044000 0.997833
-0.040000 0.997828
-0.036000 0.997822
-0.032000 0.997817
-0.028000 0.997811
-0.024000 0.997805
-0.020000 0.997799
-0.016000 0.997793
-0.012000 0.997786
-0.008000 0.997779
-0.004000 0.997771
0.000000 0.997764
0.004000 0.997756
0.008000 0.997748
0.012000 0.997739
0.016000 0.997730
0.020000 0.997721
0.024000 0.997711
0.028000 0.997701
0.032000 0.997691
0.036000 0.997680
0.040000 0.997669
0.044000 0.997658
0.048000 0.997646
0.052000 0.997634
0.056000 0.997621
0.060000 0.997608
0.064000 0.997594
0.068000 0.997580
0.072000 0.997566
0.076000 0.997551
0.080000 0.997536
0.084000 0.997520
0.088000 0.997504
0.092000 0.997487
0.096000 0.997470
0.100000 0.997452
0.104000 0.997433
0.108000 0.997415
0.112000 0.997395
0.116000 0.997375
0.120000 0.997355
0.124000 0.997334
0.128000 0.997312
0.132000 0.997290
0.136000 0.997267
0.140000 0.997244
0.144000 0.997220
0.148000 0.997196
0.152000 0.997171
0.156000 0.997145
0.160000 0.997119
0.164000 0.997092
0.168000 0.997065
0.172000 0.997037
0.176000 0.997008
0.180000 0.996979
0.184000 0.996949
0.188000 0.996919
0.192000 0.996888
0.196000 0.996856
0.200000 0.996824
0.204000 0.996791
0.208000 0.996758
0.212000 0.996724
0.216000 0.996689
0.220000 0.996654
0.224000 0.996619
0.228000 0.996582
0.232000 0.996545
0.236000 0.996508
0.240000 0.996470
0.244000 0.996431
0.248000 0.996392
0.252000 0.996352
0.256000 0.996312
0.260000 0.996271
0.264000 0.996230
0.268000 0.996188
0.272000 0.996146
0.276000 0.996103
0.280000 0.996059
0.284000 0.996016
0.288000 0.995971
0.292000 0.995927
0.296000 0.995882
0.300000 0.995836
0.304000 0.995790
0.308000 0.995744
0.312000 0.995697
0.316000 0.995650
0.320000 0.995602
0.324000 0.995554
0.328000 0.995506
0.332000 0.995458
0.336000 0.995409
0.340000 0.995360
0.344000 0.995311
0.348000 0.995261
0.352000 0.995211
0.356000 0.995161
0.360000 0.995111
0.364000 0.995061
0.368000 0.995010
0.372000 0.994959
0.376000 0.994909
0.380000 0.994858
0.384000 0.994807
0.388000 0.994756
0.392000 0.994704
0.396000 0.994653
0.400000 0.994602
0.404000 0.994551
0.408000 0.994500
0.412000 0.994449
0.416000 0.994397
0.420000 0.994346
0.424000 0.994296
0.428000 0.994245
0.432000 0.994194
0.436000 0.994143
0.440000 0.994093
0.444000 0.994043
0.448000 0.993993
0.452000 0.993943
0.456000 0.993893
0.460000 0.993844
0.464000 0.993795
0.468000 0.993746
0.472000 0.993697
0.476000 0.993649
0.480000 0.993601
0.484000 0.993553
0.488000 0.993506
0.492000 0.993459
0.496000 0.993413
0.500000 0.993366
0.504000 0.993321
0.508000 0.993275
0.512000 0.993230
0.516000 0.993186
0.520000 0.993141
0.524000 0.993098
0.528000 0.993054
0.532000 0.993012
0.536000 0.992969
0.540000 0.992927
0.544000 0.992886
0.548000 0.992845
0.552000 0.992805
0.556000 0.992765
0.560000 0.992726
0.564000 0.992687
0.568000 0.992648
0.572000 0.992611
0.576000 0.992573
0.580000 0.992537
0.584000 0.992501
0.588000 0.992465
0.592000 0.992430
0.596000 0.992395
0.600000 0.992361
0.604000 0.992328
0.608000 0.992295
0.612000 0.992263
0.616000 0.992231
0.620000 0.992200
0.624000 0.992169
0.628000 0.992139
0.632000 0.992110
0.636000 0.992081
0.640000 0.992052
0.644000 0.992024
0.648000 0.991997
0.652000 0.991970
0.656000 0.991944
0.660000 0.991918
0.664000 0.991893
0.668000 0.991868
0.672000 0.991844
0.676000 0.991820
0.680000 0.991797
0.684000 0.991775
0.688000 0.991753
0.692000 0.991731
0.696000 0.991710
0.700000 0.991689
0.704000 0.991669
0.708000 0.991650
0.712000 0.991630
0.716000 0.991612
0.720000 0.991594
0.724000 0.991576
0.728000 0.991558
0.732000 0.991542
0.736000 0.991525
0.740000 0.991509
0.744000 0.991493
0.748000 0.991478
0.752000 0.991463
0.756000 0.991449
0.760000 0.991435
0.764000 0.991422
0.768000 0.991408
0.772000 0.991395
0.776000 0.991383
0.780000 0.991371
0.784000 0.991359
0.788000 0.991348
0.792000 0.991337
0.796000 0.991326
0.800000 0.991315
0.804000 0.991305
0.808000 0.991295
0.812000 0.991286
0.816000 0.991277
0.820000 0.991268
0.824000 0.991259
0.828000 0.991251
0.832000 0.991243
0.836000 0.991235
0.840000 0.991227
0.844000 0.991220
0.848000 0.991213
0.852000 0.991206
0.856000 0.991199
0.860000 0.991193
0.864000 0.991187
0.868000 0.991181
0.872000 0.991175
0.876000 0.991170
0.880000 0.991164
0.884000 0.991159
0.888000 0.991154
0.892000 0.991149
0.896000 0.991145
0.900000 0.991140
0.904000 0.991136
0.908000 0.991132
0.912000 0.991128
0.916000 0.991124
0.920000 0.991120
0.924000 0.991117
0.928000 0.991113
0.932000 0.991110
0.936000 0.991107
0.940000 0.991104
0.944000 0.991101
0.948000 0.991098
0.952000 0.991095
0.956000 0.991093
0.960000 0.991090
0.964000 0.991088
0.968000 0.991085
0.972000 0.991083
0.976000 0.991080
0.980000 0.991078
0.984000 0.991076
0.988000 0.991073
0.992000 0.991070
0.996000 0.991067
1.000000 0.991063
