-1.000000 0.992919
-0.996000 0.992919
-0.992000 0.992919
-0.988000 0.992919
-0.984000 0.992919
-0.980000 0.992919
-0.976000 0.992919
-0.972000 0.992919
-0.968000 0.992919
-0.964000 0.992919
-0.960000 0.992919
-0.956000 0.992919
-0.952000 0.992919
-0.948000 0.992919
-0.944000 0.992919
-0.940000 0.992919
-0.936000 0.992919
-0.932000 0.992919
-0.928000 0.992919
-0.924000 0.992919
-0.920000 0.992919
-0.916000 0.992919
-0.912000 0.992919
-0.908000 0.992919
-0.904000 0.992919
-0.900000 0.992919
-0.896000 0.992919
-0.892000 0.992919
-0.888000 0.992919
-0.884000 0.992919
-0.880000 0.992919
-0.876000 0.992919
-0.872000 0.992919
-0.868000 0.992919
-0.864000 0.992919
-0.860000 0.992919
-0.856000 0.992919
-0.852000 0.992919
-0.848000 0.992919
-0.844000 0.992919
-0.840000 0.992919
-0.836000 0.992919
-0.832000 0.992919
-0.828000 0.992919
-0.824000 0.992919
-0.820000 0.992919
-0.816000 0.992919
-0.812000 0.992919
-0.808000 0.992919
-0.804000 0.992919
-0.800000 0.992919
-0.796000 0.992919
-0.792000 0.992919
-0.788000 0.992919
-0.784000 0.992919
-0.780000 0.992919
-0.776000 0.992919
-0.772000 0.992919
-0.768000 0.992919
-0.764000 0.992919
-0.760000 0.992919
-0.756000 0.992919
-0.752000 0.992919
-0.748000 0.992919
-0.744000 0.992919
-0.740000 0.992919
-0.736000 0.992919
-0.732000 0.992919
-0.728000 0.992919
-0.724000 0.992919
-0.720000 0.992919
-0.716000 0.992919
-0.712000 0.992919
-0.708000 0.992919
-0.704000 0.992919
-0.700000 0.992919
-0.696000 0.992919
-0.692000 0.992919
-0.688000 0.992919
-0.684000 0.992919
-0.680000 0.992919
-0.676000 0.992919
-0.672000 0.992919
-0.668000 0.992919
-0.664000 0.992919
-0.660000 0.992919
-0.656000 0.992919
-0.652000 0.992919
-0.648000 0.992919
-0.644000 0.992919
-0.640000 0.992919
-0.636000 0.992919
-0.632000 0.992919
-0.628000 0.992919
-0.624000 0.992919
-0.620000 0.992919
-0.616000 0.992919
-0.612000 0.992919
-0.608000 0.992920
-0.604000 0.992920
-0.600000 0.992920
-0.596000 0.992920
-0.592000 0.992920
-0.588000 0.992920
-0.584000 0.992920
-0.580000 0.992920
-0.576000 0.992920
-0.572000 0.992920
-0.568000 0.992920
-0.564000 0.992921
-0.560000 0.992921
-0.556000 0.992921
-0.552000 0.992921
-0.548000 0.992921
-0.544000 0.992922
-0.540000 0.992922
-0.536000 0.992922
-0.532000 0.992922
-0.528000 0.992923
-0.524000 0.992923
-0.520000 0.992924
-0.516000 0.992924
-0.512000 0.992924
-0.508000 0.992925
-0.504000 0.992925
-0.500000 0.992926
-0.496000 0.992927
-0.492000 0.992927
-0.488000 0.992928
-0.484000 0.992929
-0.480000 0.992930
-0.476000 0.992930
-0.472000 0.992931
-0.468000 0.992932
-0.464000 0.992934
-0.460000 0.992935
-0.456000 0.992936
-0.452000 0.992937
-0.448000 0.992939
-0.444000 0.992940
-0.440000 0.992942
-0.436000 0.992944
-0.432000 0.992946
-0.428000 0.992948
-0.424000 0.992950
-0.420000 0.992952
-0.416000 0.992955
-0.412000 0.992957
-0.408000 0.992960
-0.404000 0.992963
-0.400000 0.992966
-0.396000 0.992969
-0.392000 0.992973
-0.388000 0.992977
-0.384000 0.992981
-0.380000 0.992985
-0.376000 0.992989
-0.372000 0.992994
-0.368000 0.992999
-0.364000 0.993004
-0.360000 0.993009
-0.356000 0.993015
-0.352000 0.993021
-0.348000 0.993028
-0.344000 0.993034
-0.340000 0.993041
-0.336000 0.993049
-0.332000 0.993057
-0.328000 0.993065
-0.324000 0.993073
-0.320000 0.993082
-0.316000 0.993092
-0.312000 0.993102
-0.308000 0.993112
-0.304000 0.993123
-0.300000 0.993134
-0.296000 0.993146
-0.292000 0.993158
-0.288000 0.993171
-0.284000 0.993184
-0.280000 0.993198
-0.276000 0.993212
-0.272000 0.993227
-0.268000 0.993243
-0.264000 0.993259
-0.260000 0.993276
-0.256000 0.993293
-0.252000 0.993312
-0.248000 0.993330
-0.244000 0.993350
-0.240000 0.993370
-0.236000 0.993391
-0.232000 0.993412
-0.228000 0.993435
-0.224000 0.993458
-0.220000 0.993482
-0.216000 0.993506
-0.212000 0.993531
-0.208000 0.993557
-0.204000 0.993584
-0.200000 0.993612
-0.196000 0.993640
-0.192000 0.993670
-0.188000 0.993700
-0.184000 0.993730
-0.180000 0.993762
-0.176000 0.993795
-0.172000 0.993828
-0.168000 0.993862
-0.164000 0.993897
-0.160000 0.993933
-0.156000 0.993969
-0.152000 0.994007
-0.148000 0.994045
-0.144000 0.994084
-0.140000 0.994124
-0.136000 0.994165
-0.132000 0.994207
-0.128000 0.994249
-0.124000 0.994292
-0.120000 0.994336
-0.116000 0.994381
-0.112000 0.994426
-0.108000 0.994473
-0.104000 0.994520
-0.100000 0.994567
-0.096000 0.994616
-0.092000 0.994665
-0.088000 0.994715
-0.084000 0.994766
-0.080000 0.994817
-0.076000 0.994869
-0.072000 0.994921
-0.068000 0.994974
-0.064000 0.995028
-0.060000 0.995082
-0.056000 0.995137
-0.052000 0.995192
-0.048000 0.995248
-0.044000 0.995304
-0.040000 0.995361
-0.036000 0.995418
-0.032000 0.995476
-0.028000 0.995534
-0.024000 0.995592
-0.020000 0.995651
-0.016000 0.995710
-0.012000 0.995769
-0.008000 0.995829
-0.004000 0.995888
0.000000 0.995948
0.004000 0.996008
0.008000 0.996069
0.012000 0.996129
0.016000 0.996189
0.020000 0.996250
0.024000 0.996310
0.028000 0.996371
0.032000 0.996431
0.036000 0.996492
0.040000 0.996552
0.044000 0.996612
0.048000 0.996672
0.052000 0.996732
0.056000 0.996792
0.060000 0.996852
0.064000 0.996911
0.068000 0.996970
0.072000 0.997029
0.076000 0.997087
0.080000 0.997145
0.084000 0.997203
0.088000 0.997260
0.092000 0.997317
0.096000 0.997374
0.100000 0.997430
0.104000 0.997485
0.108000 0.997540
0.112000 0.997595
0.116000 0.997649
0.120000 0.997703
0.124000 0.997756
0.128000 0.997808
0.132000 0.997860
0.136000 0.997911
0.140000 0.997961
0.144000 0.998011
0.148000 0.998061
0.152000 0.998109
0.156000 0.998157
0.160000 0.998204
0.164000 0.998251
0.168000 0.998297
0.172000 0.998342
0.176000 0.998386
0.180000 0.998430
0.184000 0.998473
0.188000 0.998515
0.192000 0.998557
0.196000 0.998598
0.200000 0.998638
0.204000 0.998677
0.208000 0.998715
0.212000 0.998753
0.216000 0.998790
0.220000 0.998827
0.224000 0.998862
0.228000 0.998897
0.232000 0.998931
0.236000 0.998964
0.240000 0.998997
0.244000 0.999029
0.248000 0.999060
0.252000 0.999090
0.256000 0.999120
0.260000 0.999149
0.264000 0.999177
0.268000 0.999205
0.272000 0.999232
0.276000 0.999258
0.280000 0.999283
0.284000 0.999308
0.288000 0.999332
0.292000 0.999356
0.296000 0.999379
0.300000 0.999401
0.304000 0.999423
0.308000 0.999444
0.312000 0.999464
0.316000 0.999484
0.320000 0.999503
0.324000 0.999522
0.328000 0.999540
0.332000 0.999557
0.336000 0.999574
0.340000 0.999591
0.344000 0.999607
0.348000 0.999622
0.352000 0.999637
0.356000 0.999652
0.360000 0.999666
0.364000 0.999679
0.368000 0.999692
0.372000 0.999705
0.376000 0.999717
0.380000 0.999729
0.384000 0.999740
0.388000 0.999751
0.392000 0.999761
0.396000 0.999772
0.400000 0.999781
0.404000 0.999791
0.408000 0.999800
0.412000 0.999809
0.416000 0.999817
0.420000 0.999825
0.424000 0.999833
0.428000 0.999841
0.432000 0.999848
0.436000 0.999855
0.440000 0.999861
0.444000 0.999868
0.448000 0.999874
0.452000 0.999880
0.456000 0.999885
0.460000 0.999891
0.464000 0.999896
0.468000 0.999901
0.472000 0.999906
0.476000 0.999910
0.480000 0.999914
0.484000 0.999919
0.488000 0.999923
0.492000 0.999926
0.496000 0.999930
0.500000 0.999934
0.504000 0.999937
0.508000 0.999940
0.512000 0.999943
0.516000 0.999946
0.520000 0.999949
0.524000 0.999951
0.528000 0.999954
0.532000 0.999956
0.536000 0.999959
0.540000 0.999961
0.544000 0.999963
0.548000 0.999965
0.552000 0.999967
0.556000 0.999968
0.560000 0.999970
0.564000 0.999972
0.568000 0.999973
0.572000 0.999975
0.576000 0.999976
0.580000 0.999977
0.584000 0.999979
0.588000 0.999980
0.592000 0.999981
0.596000 0.999982
0.600000 0.999983
0.604000 0.999984
0.608000 0.999985
0.612000 0.999986
0.616000 0.999987
0.620000 0.999987
0.624000 0.999988
0.628000 0.999989
0.632000 0.999989
0.636000 0.999990
0.640000 0.999991
0.644000 0.999991
0.648000 0.999992
0.652000 0.999992
0.656000 0.999993
0.660000 0.999993
0.664000 0.999994
0.668000 0.999994
0.672000 0.999994
0.676000 0.999995
0.680000 0.999995
0.684000 0.999995
0.688000 0.999996
0.692000 0.999996
0.696000 0.999996
0.700000 0.999996
0.704000 0.999997
0.708000 0.999997
0.712000 0.999997
0.716000 0.999997
0.720000 0.999997
0.724000 0.999998
0.728000 0.999998
0.732000 0.999998
0.736000 0.999998
0.740000 0.999998
0.744000 0.999998
0.748000 0.999998
0.752000 0.999998
0.756000 0.999999
0.760000 0.999999
0.764000 0.999999
0.768000 0.999999
0.772000 0.999999
0.776000 0.999999
0.780000 0.999999
0.784000 0.999999
0.788000 0.999999
0.792000 0.999999
0.796000 0.999999
0.800000 0.999999
0.804000 0.999999
0.808000 0.999999
0.812000 0.999999
0.816000 0.999999
0.820000 1.000000
0.824000 1.000000
0.828000 1.000000
0.832000 1.000000
0.836000 1.000000
0.840000 1.000000
0.844000 1.000000
0.848000 1.000000
0.852000 1.000000
0.856000 1.000000
0.860000 1.000000
0.864000 1.000000
0.868000 1.000000
0.872000 1.000000
0.876000 1.000000
0.880000 1.000000
0.884000 1.000000
0.888000 1.000000
0.892000 1.000000
0.896000 1.000000
0.900000 1.000000
0.904000 1.000000
0.908000 1.000000
0.912000 1.000000
0.916000 1.000000
0.920000 1.000000
0.924000 1.000000
0.928000 1.000000
0.932000 1.000000
0.936000 1.000000
0.940000 1.000000
0.944000 1.000000
0.948000 1.000000
0.952000 1.000000
0.956000 1.000000
0.960000 1.000000
0.964000 1.000000
0.968000 1.000000
0.972000 1.000000
0.976000 1.000000
0.980000 1.000000
0.984000 1.000000
0.988000 1.000000
0.992000 1.000000
0.996000 1.000000
1.000000 1.000000
