-1.000000 0.997928
-0.996000 0.997928
-0.992000 0.997928
-0.988000 0.997928
-0.984000 0.997928
-0.980000 0.997928
-0.976000 0.997928
-0.972000 0.997928
-0.968000 0.997928
-0.964000 0.997928
-0.960000 0.997928
-0.956000 0.997928
-0.952000 0.997928
-0.948000 0.997927
-0.944000 0.997927
-0.940000 0.997927
-0.936000 0.997927
-0.932000 0.997927
-0.928000 0.997927
-0.924000 0.997926
-0.920000 0.997926
-0.916000 0.997926
-0.912000 0.997925
-0.908000 0.997925
-0.904000 0.997924
-0.900000 0.997923
-0.896000 0.997922
-0.892000 0.997921
-0.888000 0.997920
-0.884000 0.997919
-0.880000 0.997918
-0.876000 0.997916
-0.872000 0.997914
-0.868000 0.997912
-0.864000 0.997910
-0.860000 0.997907
-0.856000 0.997904
-0.852000 0.997901
-0.848000 0.997897
-0.844000 0.997893
-0.840000 0.997888
-0.836000 0.997883
-0.832000 0.997878
-0.828000 0.997871
-0.824000 0.997865
-0.820000 0.997857
-0.816000 0.997849
-0.812000 0.997840
-0.808000 0.997830
-0.804000 0.997819
-0.800000 0.997807
-0.796000 0.997794
-0.792000 0.997781
-0.788000 0.997765
-0.784000 0.997749
-0.780000 0.997732
-0.776000 0.997713
-0.772000 0.997693
-0.768000 0.997671
-0.764000 0.997648
-0.760000 0.997623
-0.756000 0.997597
-0.752000 0.997569
-0.748000 0.997539
-0.744000 0.997507
-0.740000 0.997474
-0.736000 0.997438
-0.732000 0.997401
-0.728000 0.997361
-0.724000 0.997320
-0.720000 0.997277
-0.716000 0.997231
-0.712000 0.997183
-0.708000 0.997133
-0.704000 0.997081
-0.700000 0.997027
-0.696000 0.996971
-0.692000 0.996912
-0.688000 0.996852
-0.684000 0.996789
-0.680000 0.996724
-0.676000 0.996657
-0.672000 0.996588
-0.668000 0.996517
-0.664000 0.996443
-0.660000 0.996368
-0.656000 0.996292
-0.652000 0.996213
-0.648000 0.996133
-0.644000 0.996051
-0.640000 0.995967
-0.636000 0.995882
-0.632000 0.995795
-0.628000 0.995708
-0.624000 0.995619
-0.620000 0.995529
-0.616000 0.995438
-0.612000 0.995346
-0.608000 0.995253
-0.604000 0.995160
-0.600000 0.995066
-0.596000 0.994972
-0.592000 0.994877
-0.588000 0.994782
-0.584000 0.994687
-0.580000 0.994593
-0.576000 0.994498
-0.572000 0.994403
-0.568000 0.994309
-0.564000 0.994216
-0.560000 0.994123
-0.556000 0.994030
-0.552000 0.993939
-0.548000 0.993848
-0.544000 0.993758
-0.540000 0.993669
-0.536000 0.993582
-0.532000 0.993496
-0.528000 0.993411
-0.524000 0.993327
-0.520000 0.993245
-0.516000 0.993164
-0.512000 0.993085
-0.508000 0.993007
-0.504000 0.992931
-0.500000 0.992857
-0.496000 0.992784
-0.492000 0.992713
-0.488000 0.992644
-0.484000 0.992577
-0.480000 0.992511
-0.476000 0.992448
-0.472000 0.992386
-0.468000 0.992326
-0.464000 0.992268
-0.460000 0.992211
-0.456000 0.992157
-0.452000 0.992104
-0.448000 0.992053
-0.444000 0.992004
-0.440000 0.991957
-0.436000 0.991911
-0.432000 0.991867
-0.428000 0.991825
-0.424000 0.991784
-0.420000 0.991745
-0.416000 0.991708
-0.412000 0.991672
-0.408000 0.991638
-0.404000 0.991605
-0.400000 0.991574
-0.396000 0.991544
-0.392000 0.991515
-0.388000 0.991488
-0.384000 0.991462
-0.380000 0.991438
-0.376000 0.991414
-0.372000 0.991392
-0.368000 0.991370
-0.364000 0.991350
-0.360000 0.991331
-0.356000 0.991313
-0.352000 0.991296
-0.348000 0.991280
-0.344000 0.991264
-0.340000 0.991250
-0.336000 0.991236
-0.332000 0.991223
-0.328000 0.991211
-0.324000 0.991199
-0.320000 0.991189
-0.316000 0.991178
-0.312000 0.991169
-0.308000 0.991160
-0.304000 0.991151
-0.300000 0.991143
-0.296000 0.991136
-0.292000 0.991129
-0.288000 0.991123
-0.284000 0.991116
-0.280000 0.991111
-0.276000 0.991105
-0.272000 0.991100
-0.268000 0.991096
-0.264000 0.991091
-0.260000 0.991087
-0.256000 0.991084
-0.252000 0.991080
-0.248000 0.991077
-0.244000 0.991074
-0.240000 0.991071
-0.236000 0.991068
-0.232000 0.991066
-0.228000 0.991064
-0.224000 0.991062
-0.220000 0.991060
-0.216000 0.991058
-0.212000 0.991056
-0.208000 0.991055
-0.204000 0.991053
-0.200000 0.991052
-0.196000 0.991051
-0.192000 0.991049
-0.188000 0.991048
-0.184000 0.991047
-0.180000 0.991047
-0.176000 0.991046
-0.172000 0.991045
-0.168000 0.991044
-0.164000 0.991044
-0.160000 0.991043
-0.156000 0.991043
-0.152000 0.991042
-0.148000 0.991042
-0.144000 0.991041
-0.140000 0.991041
-0.136000 0.991041
-0.132000 0.991040
-0.128000 0.991040
-0.124000 0.991040
-0.120000 0.991039
-0.116000 0.991039
-0.112000 0.991039
-0.108000 0.991039
-0.104000 0.991039
-0.100000 0.991039
-0.096000 0.991038
-0.092000 0.991038
-0.088000 0.991038
-0.084000 0.991038
-0.080000 0.991038
-0.076000 0.991038
-0.072000 0.991038
-0.068000 0.991038
-0.064000 0.991038
-0.060000 0.991038
-0.056000 0.991038
-0.052000 0.991037
-0.048000 0.991037
-0.044000 0.991037
-0.040000 0.991037
-0.036000 0.991037
-0.032000 0.991037
-0.028000 0.991037
-0.024000 0.991037
-0.020000 0.991037
-0.016000 0.991037
-0.012000 0.991037
-0.008000 0.991037
-0.004000 0.991037
0.000000 0.991037
0.004000 0.991037
0.008000 0.991037
0.012000 0.991037
0.016000 0.991037
0.020000 0.991037
0.024000 0.991037
0.028000 0.991037
0.032000 0.991037
0.036000 0.991037
0.040000 0.991037
0.044000 0.991037
0.048000 0.991037
0.052000 0.991037
0.056000 0.991037
0.060000 0.991037
0.064000 0.991037
0.068000 0.991037
0.072000 0.991037
0.076000 0.991037
0.080000 0.991037
0.084000 0.991037
0.088000 0.991037
0.092000 0.991037
0.096000 0.991037
0.100000 0.991037
0.104000 0.991037
0.108000 0.991037
0.112000 0.991037
0.116000 0.991037
0.120000 0.991037
0.124000 0.991037
0.128000 0.991037
0.132000 0.991037
0.136000 0.991037
0.140000 0.991037
0.144000 0.991037
0.148000 0.991037
0.152000 0.991037
0.156000 0.991037
0.160000 0.991037
0.164000 0.991037
0.168000 0.991037
0.172000 0.991037
0.176000 0.991037
0.180000 0.991037
0.184000 0.991037
0.188000 0.991037
0.192000 0.991037
0.196000 0.991037
0.200000 0.991037
0.204000 0.991037
0.208000 0.991037
0.212000 0.991037
0.216000 0.991037
0.220000 0.991037
0.224000 0.991037
0.228000 0.991037
0.232000 0.991037
0.236000 0.991037
0.240000 0.991037
0.244000 0.991037
0.248000 0.991037
0.252000 0.991037
0.256000 0.991037
0.260000 0.991037
0.264000 0.991037
0.268000 0.991037
0.272000 0.991037
0.276000 0.991037
0.280000 0.991037
0.284000 0.991037
0.288000 0.991037
0.292000 0.991037
0.296000 0.991037
0.300000 0.991037
0.304000 0.991037
0.308000 0.991037
0.312000 0.991037
0.316000 0.991037
0.320000 0.991037
0.324000 0.991037
0.328000 0.991037
0.332000 0.991037
0.336000 0.991037
0.340000 0.991037
0.344000 0.991037
0.348000 0.991037
0.352000 0.991037
0.356000 0.991037
0.360000 0.991037
0.364000 0.991037
0.368000 0.991037
0.372000 0.991037
0.376000 0.991037
0.380000 0.991037
0.384000 0.991037
0.388000 0.991037
0.392000 0.991037
0.396000 0.991037
0.400000 0.991037
0.404000 0.991037
0.408000 0.991037
0.412000 0.991037
0.416000 0.991037
0.420000 0.991037
0.424000 0.991037
0.428000 0.991037
0.432000 0.991037
0.436000 0.991037
0.440000 0.991037
0.444000 0.991037
0.448000 0.991037
0.452000 0.991037
0.456000 0.991037
0.460000 0.991037
0.464000 0.991037
0.468000 0.991037
0.472000 0.991037
0.476000 0.991037
0.480000 0.991037
0.484000 0.991037
0.488000 0.991037
0.492000 0.991037
0.496000 0.991037
0.500000 0.991037
0.504000 0.991037
0.508000 0.991037
0.512000 0.991037
0.516000 0.991037
0.520000 0.991037
0.524000 0.991037
0.528000 0.991037
0.532000 0.991037
0.536000 0.991037
0.540000 0.991037
0.544000 0.991037
0.548000 0.991037
0.552000 0.991037
0.556000 0.991037
0.560000 0.991037
0.564000 0.991037
0.568000 0.991037
0.572000 0.991037
0.576000 0.991037
0.580000 0.991037
0.584000 0.991037
0.588000 0.991037
0.592000 0.991037
0.596000 0.991037
0.600000 0.991037
0.604000 0.991037
0.608000 0.991037
0.612000 0.991037
0.616000 0.991037
0.620000 0.991037
0.624000 0.991037
0.628000 0.991037
0.632000 0.991037
0.636000 0.991037
0.640000 0.991037
0.644000 0.991037
0.648000 0.991037
0.652000 0.991037
0.656000 0.991037
0.660000 0.991037
0.664000 0.991037
0.668000 0.991037
0.672000 0.991037
0.676000 0.991037
0.680000 0.991037
0.684000 0.991037
0.688000 0.991037
0.692000 0.991037
0.696000 0.991037
0.700000 0.991037
0.704000 0.991037
0.708000 0.991037
0.712000 0.991037
0.716000 0.991037
0.720000 0.991037
0.724000 0.991037
0.728000 0.991037
0.732000 0.991037
0.736000 0.991037
0.740000 0.991037
0.744000 0.991037
0.748000 0.991037
0.752000 0.991037
0.756000 0.991037
0.760000 0.991037
0.764000 0.991037
0.768000 0.991037
0.772000 0.991037
0.776000 0.991037
0.780000 0.991037
0.784000 0.991037
0.788000 0.991037
0.792000 0.991037
0.796000 0.991037
0.800000 0.991037
0.804000 0.991037
0.808000 0.991037
0.812000 0.991037
0.816000 0.991037
0.820000 0.991037
0.824000 0.991037
0.828000 0.991037
0.832000 0.991037
0.836000 0.991037
0.840000 0.991037
0.844000 0.991037
0.848000 0.991037
0.852000 0.991037
0.856000 0.991037
0.860000 0.991037
0.864000 0.991037
0.868000 0.991037
0.872000 0.991037
0.876000 0.991037
0.880000 0.991037
0.884000 0.991037
0.888000 0.991037
0.892000 0.991037
0.896000 0.991037
0.900000 0.991037
0.904000 0.991037
0.908000 0.991037
0.912000 0.991037
0.916000 0.991037
0.920000 0.991037
0.924000 0.991037
0.928000 0.991037
0.932000 0.991037
0.936000 0.991037
0.940000 0.991037
0.944000 0.991037
0.948000 0.991037
0.952000 0.991037
0.956000 0.991037
0.960000 0.991037
0.964000 0.991037
0.968000 0.991037
0.972000 0.991037
0.976000 0.991037
0.980000 0.991037
0.984000 0.991037
0.988000 0.991037
0.992000 0.991037
0.996000 0.991037
1.000000 0.991037
