-1.000000 0.997928
-0.996000 0.997928
-0.992000 0.997928
-0.988000 0.997928
-0.984000 0.997928
-0.980000 0.997928
-0.976000 0.997928
-0.972000 0.997928
-0.968000 0.997928
-0.964000 0.997928
-0.960000 0.997928
-0.956000 0.997928
-0.952000 0.997927
-0.948000 0.997927
-0.944000 0.997927
-0.940000 0.997927
-0.936000 0.997927
-0.932000 0.997926
-0.928000 0.997926
-0.924000 0.997925
-0.920000 0.997925
-0.916000 0.997924
-0.912000 0.997924
-0.908000 0.997923
-0.904000 0.997922
-0.900000 0.997921
-0.896000 0.997919
-0.892000 0.997918
-0.888000 0.997916
-0.884000 0.997915
-0.880000 0.997912
-0.876000 0.997910
-0.872000 0.997907
-0.868000 0.997904
-0.864000 0.997901
-0.860000 0.997897
-0.856000 0.997893
-0.852000 0.997888
-0.848000 0.997883
-0.844000 0.997877
-0.840000 0.997870
-0.836000 0.997863
-0.832000 0.997855
-0.828000 0.997846
-0.824000 0.997836
-0.820000 0.997826
-0.816000 0.997814
-0.812000 0.997802
-0.808000 0.997788
-0.804000 0.997773
-0.800000 0.997757
-0.796000 0.997740
-0.792000 0.997721
-0.788000 0.997700
-0.784000 0.997679
-0.780000 0.997655
-0.776000 0.997630
-0.772000 0.997604
-0.768000 0.997575
-0.764000 0.997545
-0.760000 0.997512
-0.756000 0.997478
-0.752000 0.997442
-0.748000 0.997404
-0.744000 0.997363
-0.740000 0.997321
-0.736000 0.997276
-0.732000 0.997229
-0.728000 0.997179
-0.724000 0.997128
-0.720000 0.997074
-0.716000 0.997018
-0.712000 0.996960
-0.708000 0.996899
-0.704000 0.996836
-0.700000 0.996771
-0.696000 0.996704
-0.692000 0.996634
-0.688000 0.996562
-0.684000 0.996488
-0.680000 0.996413
-0.676000 0.996335
-0.672000 0.996255
-0.668000 0.996173
-0.664000 0.996090
-0.660000 0.996005
-0.656000 0.995918
-0.652000 0.995830
-0.648000 0.995740
-0.644000 0.995649
-0.640000 0.995557
-0.636000 0.995464
-0.632000 0.995370
-0.628000 0.995275
-0.624000 0.995179
-0.620000 0.995083
-0.616000 0.994987
-0.612000 0.994890
-0.608000 0.994792
-0.604000 0.994695
-0.600000 0.994598
-0.596000 0.994501
-0.592000 0.994404
-0.588000 0.994307
-0.584000 0.994211
-0.580000 0.994116
-0.576000 0.994021
-0.572000 0.993927
-0.568000 0.993835
-0.564000 0.993743
-0.560000 0.993652
-0.556000 0.993563
-0.552000 0.993474
-0.548000 0.993388
-0.544000 0.993302
-0.540000 0.993219
-0.536000 0.993136
-0.532000 0.993056
-0.528000 0.992977
-0.524000 0.992900
-0.520000 0.992824
-0.516000 0.992751
-0.512000 0.992679
-0.508000 0.992609
-0.504000 0.992541
-0.500000 0.992475
-0.496000 0.992411
-0.492000 0.992349
-0.488000 0.992289
-0.484000 0.992231
-0.480000 0.992174
-0.476000 0.992120
-0.472000 0.992067
-0.468000 0.992016
-0.464000 0.991967
-0.460000 0.991920
-0.456000 0.991875
-0.452000 0.991832
-0.448000 0.991790
-0.444000 0.991750
-0.440000 0.991712
-0.436000 0.991675
-0.432000 0.991640
-0.428000 0.991606
-0.424000 0.991574
-0.420000 0.991544
-0.416000 0.991514
-0.412000 0.991487
-0.408000 0.991460
-0.404000 0.991435
-0.400000 0.991411
-0.396000 0.991388
-0.392000 0.991367
-0.388000 0.991346
-0.384000 0.991327
-0.380000 0.991309
-0.376000 0.991292
-0.372000 0.991275
-0.368000 0.991260
-0.364000 0.991245
-0.360000 0.991232
-0.356000 0.991219
-0.352000 0.991206
-0.348000 0.991195
-0.344000 0.991184
-0.340000 0.991174
-0.336000 0.991165
-0.332000 0.991156
-0.328000 0.991147
-0.324000 0.991139
-0.320000 0.991132
-0.316000 0.991125
-0.312000 0.991119
-0.308000 0.991113
-0.304000 0.991107
-0.300000 0.991102
-0.296000 0.991097
-0.292000 0.991093
-0.288000 0.991088
-0.284000 0.991085
-0.280000 0.991081
-0.276000 0.991078
-0.272000 0.991074
-0.268000 0.991071
-0.264000 0.991069
-0.260000 0.991066
-0.256000 0.991064
-0.252000 0.991062
-0.248000 0.991060
-0.244000 0.991058
-0.240000 0.991056
-0.236000 0.991055
-0.232000 0.991053
-0.228000 0.991052
-0.224000 0.991051
-0.220000 0.991049
-0.216000 0.991048
-0.212000 0.991047
-0.208000 0.991047
-0.204000 0.991046
-0.200000 0.991045
-0.196000 0.991044
-0.192000 0.991044
-0.188000 0.991043
-0.184000 0.991043
-0.180000 0.991042
-0.176000 0.991042
-0.172000 0.991041
-0.168000 0.991041
-0.164000 0.991040
-0.160000 0.991040
-0.156000 0.991040
-0.152000 0.991040
-0.148000 0.991039
-0.144000 0.991039
-0.140000 0.991039
-0.136000 0.991039
-0.132000 0.991039
-0.128000 0.991038
-0.124000 0.991038
-0.120000 0.991038
-0.116000 0.991038
-0.112000 0.991038
-0.108000 0.991038
-0.104000 0.991038
-0.100000 0.991038
-0.096000 0.991038
-0.092000 0.991038
-0.088000 0.991038
-0.084000 0.991037
-0.080000 0.991037
-0.076000 0.991037
-0.072000 0.991037
-0.068000 0.991037
-0.064000 0.991037
-0.060000 0.991037
-0.056000 0.991037
-0.052000 0.991037
-0.048000 0.991037
-0.044000 0.991037
-0.040000 0.991037
-0.036000 0.991037
-0.032000 0.991037
-0.028000 0.991037
-0.024000 0.991037
-0.020000 0.991037
-0.016000 0.991037
-0.012000 0.991037
-0.008000 0.991037
-0.004000 0.991037
0.000000 0.991037
0.004000 0.991037
0.008000 0.991037
0.012000 0.991037
0.016000 0.991037
0.020000 0.991037
0.024000 0.991037
0.028000 0.991037
0.032000 0.991037
0.036000 0.991037
0.040000 0.991037
0.044000 0.991037
0.048000 0.991037
0.052000 0.991037
0.056000 0.991037
0.060000 0.991037
0.064000 0.991037
0.068000 0.991037
0.072000 0.991037
0.076000 0.991037
0.080000 0.991037
0.084000 0.991037
0.088000 0.991037
0.092000 0.991037
0.096000 0.991037
0.100000 0.991037
0.104000 0.991037
0.108000 0.991037
0.112000 0.991037
0.116000 0.991037
0.120000 0.991037
0.124000 0.991037
0.128000 0.991037
0.132000 0.991037
0.136000 0.991037
0.140000 0.991037
0.144000 0.991037
0.148000 0.991037
0.152000 0.991037
0.156000 0.991037
0.160000 0.991037
0.164000 0.991037
0.168000 0.991037
0.172000 0.991037
0.176000 0.991037
0.180000 0.991037
0.184000 0.991037
0.188000 0.991037
0.192000 0.991037
0.196000 0.991037
0.200000 0.991037
0.204000 0.991037
0.208000 0.991037
0.212000 0.991037
0.216000 0.991037
0.220000 0.991037
0.224000 0.991037
0.228000 0.991037
0.232000 0.991037
0.236000 0.991037
0.240000 0.991037
0.244000 0.991037
0.248000 0.991037
0.252000 0.991037
0.256000 0.991037
0.260000 0.991037
0.264000 0.991037
0.268000 0.991037
0.272000 0.991037
0.276000 0.991037
0.280000 0.991037
0.284000 0.991037
0.288000 0.991037
0.292000 0.991037
0.296000 0.991037
0.300000 0.991037
0.304000 0.991037
0.308000 0.991037
0.312000 0.991037
0.316000 0.991037
0.320000 0.991037
0.324000 0.991037
0.328000 0.991037
0.332000 0.991037
0.336000 0.991037
0.340000 0.991037
0.344000 0.991037
0.348000 0.991037
0.352000 0.991037
0.356000 0.991037
0.360000 0.991037
0.364000 0.991037
0.368000 0.991037
0.372000 0.991037
0.376000 0.991037
0.380000 0.991037
0.384000 0.991037
0.388000 0.991037
0.392000 0.991037
0.396000 0.991037
0.400000 0.991037
0.404000 0.991037
0.408000 0.991037
0.412000 0.991037
0.416000 0.991037
0.420000 0.991037
0.424000 0.991037
0.428000 0.991037
0.432000 0.991037
0.436000 0.991037
0.440000 0.991037
0.444000 0.991037
0.448000 0.991037
0.452000 0.991037
0.456000 0.991037
0.460000 0.991037
0.464000 0.991037
0.468000 0.991037
0.472000 0.991037
0.476000 0.991037
0.480000 0.991037
0.484000 0.991037
0.488000 0.991037
0.492000 0.991037
0.496000 0.991037
0.500000 0.991037
0.504000 0.991037
0.508000 0.991037
0.512000 0.991037
0.516000 0.991037
0.520000 0.991037
0.524000 0.991037
0.528000 0.991037
0.532000 0.991037
0.536000 0.991037
0.540000 0.991037
0.544000 0.991037
0.548000 0.991037
0.552000 0.991037
0.556000 0.991037
0.560000 0.991037
0.564000 0.991037
0.568000 0.991037
0.572000 0.991037
0.576000 0.991037
0.580000 0.991037
0.584000 0.991037
0.588000 0.991037
0.592000 0.991037
0.596000 0.991037
0.600000 0.991037
0.604000 0.991037
0.608000 0.991037
0.612000 0.991037
0.616000 0.991037
0.620000 0.991037
0.624000 0.991037
0.628000 0.991037
0.632000 0.991037
0.636000 0.991037
0.640000 0.991037
0.644000 0.991037
0.648000 0.991037
0.652000 0.991037
0.656000 0.991037
0.660000 0.991037
0.664000 0.991037
0.668000 0.991037
0.672000 0.991037
0.676000 0.991037
0.680000 0.991037
0.684000 0.991037
0.688000 0.991037
0.692000 0.991037
0.696000 0.991037
0.700000 0.991037
0.704000 0.991037
0.708000 0.991037
0.712000 0.991037
0.716000 0.991037
0.720000 0.991037
0.724000 0.991037
0.728000 0.991037
0.732000 0.991037
0.736000 0.991037
0.740000 0.991037
0.744000 0.991037
0.748000 0.991037
0.752000 0.991037
0.756000 0.991037
0.760000 0.991037
0.764000 0.991037
0.768000 0.991037
0.772000 0.991037
0.776000 0.991037
0.780000 0.991037
0.784000 0.991037
0.788000 0.991037
0.792000 0.991037
0.796000 0.991037
0.800000 0.991037
0.804000 0.991037
0.808000 0.991037
0.812000 0.991037
0.816000 0.991037
0.820000 0.991037
0.824000 0.991037
0.828000 0.991037
0.832000 0.991037
0.836000 0.991037
0.840000 0.991037
0.844000 0.991037
0.848000 0.991037
0.852000 0.991037
0.856000 0.991037
0.860000 0.991037
0.864000 0.991037
0.868000 0.991037
0.872000 0.991037
0.876000 0.991037
0.880000 0.991037
0.884000 0.991037
0.888000 0.991037
0.892000 0.991037
0.896000 0.991037
0.900000 0.991037
0.904000 0.991037
0.908000 0.991037
0.912000 0.991037
0.916000 0.991037
0.920000 0.991037
0.924000 0.991037
0.928000 0.991037
0.932000 0.991037
0.936000 0.991037
0.940000 0.991037
0.944000 0.991037
0.948000 0.991037
0.952000 0.991037
0.956000 0.991037
0.960000 0.991037
0.964000 0.991037
0.968000 0.991037
0.972000 0.991037
0.976000 0.991037
0.980000 0.991037
0.984000 0.991037
0.988000 0.991037
0.992000 0.991037
0.996000 0.991037
1.000000 0.991037
