-1.000000 0.997928
-0.996000 0.997928
-0.992000 0.997928
-0.988000 0.997928
-0.984000 0.997928
-0.980000 0.997928
-0.976000 0.997928
-0.972000 0.997928
-0.968000 0.997928
-0.964000 0.997928
-0.960000 0.997928
-0.956000 0.997928
-0.952000 0.997928
-0.948000 0.997928
-0.944000 0.997928
-0.940000 0.997928
-0.936000 0.997928
-0.932000 0.997928
-0.928000 0.997928
-0.924000 0.997928
-0.920000 0.997928
-0.916000 0.997928
-0.912000 0.997928
-0.908000 0.997928
-0.904000 0.997928
-0.900000 0.997928
-0.896000 0.997928
-0.892000 0.997928
-0.888000 0.997928
-0.884000 0.997928
-0.880000 0.997928
-0.876000 0.997928
-0.872000 0.997928
-0.868000 0.997928
-0.864000 0.997928
-0.860000 0.997928
-0.856000 0.997928
-0.852000 0.997928
-0.848000 0.997928
-0.844000 0.997928
-0.840000 0.997928
-0.836000 0.997928
-0.832000 0.997928
-0.828000 0.997928
-0.824000 0.997928
-0.820000 0.997928
-0.816000 0.997928
-0.812000 0.997928
-0.808000 0.997928
-0.804000 0.997928
-0.800000 0.997928
-0.796000 0.997928
-0.792000 0.997928
-0.788000 0.997928
-0.784000 0.997928
-0.780000 0.997928
-0.776000 0.997928
-0.772000 0.997928
-0.768000 0.997928
-0.764000 0.997928
-0.760000 0.997928
-0.756000 0.997928
-0.752000 0.997928
-0.748000 0.997928
-0.744000 0.997928
-0.740000 0.997928
-0.736000 0.997928
-0.732000 0.997928
-0.728000 0.997928
-0.724000 0.997928
-0.720000 0.997928
-0.716000 0.997928
-0.712000 0.997928
-0.708000 0.997928
-0.704000 0.997928
-0.700000 0.997928
-0.696000 0.997928
-0.692000 0.997928
-0.688000 0.997928
-0.684000 0.997928
-0.680000 0.997928
-0.676000 0.997928
-0.672000 0.997928
-0.668000 0.997928
-0.664000 0.997928
-0.660000 0.997928
-0.656000 0.997928
-0.652000 0.997928
-0.648000 0.997928
-0.644000 0.997928
-0.640000 0.997928
-0.636000 0.997928
-0.632000 0.997928
-0.628000 0.997928
-0.624000 0.997928
-0.620000 0.997928
-0.616000 0.997928
-0.612000 0.997928
-0.608000 0.997928
-0.604000 0.997928
-0.600000 0.997928
-0.596000 0.997928
-0.592000 0.997928
-0.588000 0.997928
-0.584000 0.997928
-0.580000 0.997928
-0.576000 0.997928
-0.572000 0.997928
-0.568000 0.997928
-0.564000 0.997928
-0.560000 0.997928
-0.556000 0.997928
-0.552000 0.997928
-0.548000 0.997928
-0.544000 0.997928
-0.540000 0.997928
-0.536000 0.997928
-0.532000 0.997928
-0.528000 0.997928
-0.524000 0.997928
-0.520000 0.997928
-0.516000 0.997928
-0.512000 0.997928
-0.508000 0.997928
-0.504000 0.997928
-0.500000 0.997928
-0.496000 0.997928
-0.492000 0.997928
-0.488000 0.997928
-0.484000 0.997928
-0.480000 0.997928
-0.476000 0.997928
-0.472000 0.997928
-0.468000 0.997928
-0.464000 0.997928
-0.460000 0.997928
-0.456000 0.997928
-0.452000 0.997928
-0.448000 0.997928
-0.444000 0.997928
-0.440000 0.997928
-0.436000 0.997928
-0.432000 0.997928
-0.428000 0.997928
-0.424000 0.997928
-0.420000 0.997928
-0.416000 0.997928
-0.412000 0.997928
-0.408000 0.997928
-0.404000 0.997928
-0.400000 0.997928
-0.396000 0.997928
-0.392000 0.997928
-0.388000 0.997928
-0.384000 0.997928
-0.380000 0.997928
-0.376000 0.997928
-0.372000 0.997928
-0.368000 0.997928
-0.364000 0.997928
-0.360000 0.997928
-0.356000 0.997928
-0.352000 0.997928
-0.348000 0.997928
-0.344000 0.997928
-0.340000 0.997928
-0.336000 0.997928
-0.332000 0.997928
-0.328000 0.997928
-0.324000 0.997928
-0.320000 0.997928
-0.316000 0.997928
-0.312000 0.997928
-0.308000 0.997928
-0.304000 0.997928
-0.300000 0.997928
-0.296000 0.997928
-0.292000 0.997928
-0.288000 0.997928
-0.284000 0.997928
-0.280000 0.997928
-0.276000 0.997928
-0.272000 0.997928
-0.268000 0.997928
-0.264000 0.997928
-0.260000 0.997928
-0.256000 0.997928
-0.252000 0.997928
-0.248000 0.997928
-0.244000 0.997928
-0.240000 0.997928
-0.236000 0.997928
-0.232000 0.997928
-0.228000 0.997928
-0.224000 0.997928
-0.220000 0.997928
-0.216000 0.997928
-0.212000 0.997928
-0.208000 0.997928
-0.204000 0.997928
-0.200000 0.997928
-0.196000 0.997928
-0.192000 0.997928
-0.188000 0.997928
-0.184000 0.997928
-0.180000 0.997928
-0.176000 0.997928
-0.172000 0.997928
-0.168000 0.997928
-0.164000 0.997928
-0.160000 0.997928
-0.156000 0.997928
-0.152000 0.997928
-0.148000 0.997928
-0.144000 0.997928
-0.140000 0.997928
-0.136000 0.997928
-0.132000 0.997928
-0.128000 0.997928
-0.124000 0.997928
-0.120000 0.997928
-0.116000 0.997928
-0.112000 0.997928
-0.108000 0.997928
-0.104000 0.997928
-0.100000 0.997928
-0.096000 0.997928
-0.092000 0.997928
-0.088000 0.997928
-0.084000 0.997928
-0.080000 0.997927
-0.076000 0.997927
-0.072000 0.997927
-0.068000 0.997927
-0.064000 0.997927
-0.060000 0.997927
-0.056000 0.997927
-0.052000 0.997927
-0.048000 0.997927
-0.044000 0.997927
-0.040000 0.997927
-0.036000 0.997927
-0.032000 0.997927
-0.028000 0.997927
-0.024000 0.997927
-0.020000 0.997926
-0.016000 0.997926
-0.012000 0.997926
-0.008000 0.997926
-0.004000 0.997926
0.000000 0.997926
0.004000 0.997926
0.008000 0.997925
0.012000 0.997925
0.016000 0.997925
0.020000 0.997925
0.024000 0.997925
0.028000 0.997924
0.032000 0.997924
0.036000 0.997924
0.040000 0.997924
0.044000 0.997923
0.048000 0.997923
0.052000 0.997923
0.056000 0.997922
0.060000 0.997922
0.064000 0.997922
0.068000 0.997921
0.072000 0.997921
0.076000 0.997920
0.080000 0.997920
0.084000 0.997919
0.088000 0.997919
0.092000 0.997918
0.096000 0.997918
0.100000 0.997917
0.104000 0.997916
0.108000 0.997916
0.112000 0.997915
0.116000 0.997914
0.120000 0.997913
0.124000 0.997912
0.128000 0.997911
0.132000 0.997910
0.136000 0.997909
0.140000 0.997908
0.144000 0.997907
0.148000 0.997906
0.152000 0.997905
0.156000 0.997904
0.160000 0.997902
0.164000 0.997901
0.168000 0.997899
0.172000 0.997898
0.176000 0.997896
0.180000 0.997894
0.184000 0.997893
0.188000 0.997891
0.192000 0.997889
0.196000 0.997887
0.200000 0.997884
0.204000 0.997882
0.208000 0.997880
0.212000 0.997877
0.216000 0.997875
0.220000 0.997872
0.224000 0.997869
0.228000 0.997866
0.232000 0.997863
0.236000 0.997860
0.240000 0.997857
0.244000 0.997853
0.248000 0.997850
0.252000 0.997846
0.256000 0.997842
0.260000 0.997838
0.264000 0.997834
0.268000 0.997829
0.272000 0.997825
0.276000 0.997820
0.280000 0.997815
0.284000 0.997810
0.288000 0.997805
0.292000 0.997799
0.296000 0.997794
0.300000 0.997788
0.304000 0.997782
0.308000 0.997775
0.312000 0.997769
0.316000 0.997762
0.320000 0.997755
0.324000 0.997748
0.328000 0.997740
0.332000 0.997732
0.336000 0.997724
0.340000 0.997716
0.344000 0.997707
0.348000 0.997699
0.352000 0.997689
0.356000 0.997680
0.360000 0.997670
0.364000 0.997660
0.368000 0.997650
0.372000 0.997639
0.376000 0.997628
0.380000 0.997617
0.384000 0.997605
0.388000 0.997593
0.392000 0.997581
0.396000 0.997568
0.400000 0.997555
0.404000 0.997542
0.408000 0.997528
0.412000 0.997514
0.416000 0.997499
0.420000 0.997484
0.424000 0.997469
0.428000 0.997453
0.432000 0.997437
0.436000 0.997421
0.440000 0.997404
0.444000 0.997386
0.448000 0.997369
0.452000 0.997350
0.456000 0.997332
0.460000 0.997313
0.464000 0.997293
0.468000 0.997273
0.472000 0.997253
0.476000 0.997232
0.480000 0.997211
0.484000 0.997189
0.488000 0.997167
0.492000 0.997144
0.496000 0.997121
0.500000 0.997097
0.504000 0.997073
0.508000 0.997048
0.512000 0.997023
0.516000 0.996998
0.520000 0.996972
0.524000 0.996945
0.528000 0.996919
0.532000 0.996891
0.536000 0.996863
0.540000 0.996835
0.544000 0.996806
0.548000 0.996777
0.552000 0.996747
0.556000 0.996717
0.560000 0.996686
0.564000 0.996655
0.568000 0.996623
0.572000 0.996591
0.576000 0.996559
0.580000 0.996526
0.584000 0.996492
0.588000 0.996458
0.592000 0.996424
0.596000 0.996389
0.600000 0.996354
0.604000 0.996318
0.608000 0.996282
0.612000 0.996245
0.616000 0.996209
0.620000 0.996171
0.624000 0.996134
0.628000 0.996095
0.632000 0.996057
0.636000 0.996018
0.640000 0.995979
0.644000 0.995939
0.648000 0.995899
0.652000 0.995859
0.656000 0.995818
0.660000 0.995778
0.664000 0.995736
0.668000 0.995695
0.672000 0.995653
0.676000 0.995611
0.680000 0.995568
0.684000 0.995526
0.688000 0.995483
0.692000 0.995439
0.696000 0.995396
0.700000 0.995352
0.704000 0.995309
0.708000 0.995265
0.712000 0.995220
0.716000 0.995176
0.720000 0.995131
0.724000 0.995087
0.728000 0.995042
0.732000 0.994997
0.736000 0.994952
0.740000 0.994907
0.744000 0.994861
0.748000 0.994816
0.752000 0.994770
0.756000 0.994725
0.760000 0.994679
0.764000 0.994634
0.768000 0.994588
0.772000 0.994543
0.776000 0.994497
0.780000 0.994452
0.784000 0.994406
0.788000 0.994361
0.792000 0.994315
0.796000 0.994270
0.800000 0.994225
0.804000 0.994180
0.808000 0.994135
0.812000 0.994090
0.816000 0.994045
0.820000 0.994001
0.824000 0.993956
0.828000 0.993912
0.832000 0.993868
0.836000 0.993824
0.840000 0.993780
0.844000 0.993737
0.848000 0.993694
0.852000 0.993650
0.856000 0.993608
0.860000 0.993565
0.864000 0.993523
0.868000 0.993481
0.872000 0.993439
0.876000 0.993398
0.880000 0.993357
0.884000 0.993316
0.888000 0.993275
0.892000 0.993235
0.896000 0.993195
0.900000 0.993156
0.904000 0.993117
0.908000 0.993078
0.912000 0.993039
0.916000 0.993001
0.920000 0.992964
0.924000 0.992926
0.928000 0.992889
0.932000 0.992852
0.936000 0.992816
0.940000 0.992780
0.944000 0.992745
0.948000 0.992709
0.952000 0.992674
0.956000 0.992639
0.960000 0.992604
0.964000 0.992569
0.968000 0.992533
0.972000 0.992497
0.976000 0.992460
0.980000 0.992421
0.984000 0.992379
0.988000 0.992333
0.992000 0.992282
0.996000 0.992221
1.000000 0.992149
