-1.000000 0.997928
-0.996000 0.997928
-0.992000 0.997928
-0.988000 0.997928
-0.984000 0.997928
-0.980000 0.997928
-0.976000 0.997928
-0.972000 0.997928
-0.968000 0.997928
-0.964000 0.997928
-0.960000 0.997928
-0.956000 0.997928
-0.952000 0.997928
-0.948000 0.997928
-0.944000 0.997928
-0.940000 0.997928
-0.936000 0.997928
-0.932000 0.997928
-0.928000 0.997928
-0.924000 0.997928
-0.920000 0.997928
-0.916000 0.997928
-0.912000 0.997928
-0.908000 0.997928
-0.904000 0.997928
-0.900000 0.997928
-0.896000 0.997928
-0.892000 0.997928
-0.888000 0.997928
-0.884000 0.997928
-0.880000 0.997928
-0.876000 0.997928
-0.872000 0.997928
-0.868000 0.997928
-0.864000 0.997928
-0.860000 0.997928
-0.856000 0.997928
-0.852000 0.997928
-0.848000 0.997928
-0.844000 0.997928
-0.840000 0.997928
-0.836000 0.997928
-0.832000 0.997928
-0.828000 0.997928
-0.824000 0.997928
-0.820000 0.997928
-0.816000 0.997928
-0.812000 0.997928
-0.808000 0.997928
-0.804000 0.997928
-0.800000 0.997928
-0.796000 0.997928
-0.792000 0.997928
-0.788000 0.997928
-0.784000 0.997928
-0.780000 0.997928
-0.776000 0.997928
-0.772000 0.997928
-0.768000 0.997928
-0.764000 0.997928
-0.760000 0.997928
-0.756000 0.997927
-0.752000 0.997927
-0.748000 0.997927
-0.744000 0.997927
-0.740000 0.997927
-0.736000 0.997927
-0.732000 0.997927
-0.728000 0.997927
-0.724000 0.997927
-0.720000 0.997927
-0.716000 0.997926
-0.712000 0.997926
-0.708000 0.997926
-0.704000 0.997926
-0.700000 0.997925
-0.696000 0.997925
-0.692000 0.997925
-0.688000 0.997924
-0.684000 0.997924
-0.680000 0.997924
-0.676000 0.997923
-0.672000 0.997923
-0.668000 0.997922
-0.664000 0.997921
-0.660000 0.997921
-0.656000 0.997920
-0.652000 0.997919
-0.648000 0.997918
-0.644000 0.997917
-0.640000 0.997916
-0.636000 0.997915
-0.632000 0.997914
-0.628000 0.997912
-0.624000 0.997911
-0.620000 0.997909
-0.616000 0.997907
-0.612000 0.997905
-0.608000 0.997903
-0.604000 0.997901
-0.600000 0.997899
-0.596000 0.997896
-0.592000 0.997893
-0.588000 0.997890
-0.584000 0.997887
-0.580000 0.997884
-0.576000 0.997880
-0.572000 0.997876
-0.568000 0.997872
-0.564000 0.997867
-0.560000 0.997862
-0.556000 0.997857
-0.552000 0.997852
-0.548000 0.997846
-0.544000 0.997840
-0.540000 0.997833
-0.536000 0.997826
-0.532000 0.997818
-0.528000 0.997811
-0.524000 0.997802
-0.520000 0.997793
-0.516000 0.997784
-0.512000 0.997774
-0.508000 0.997763
-0.504000 0.997752
-0.500000 0.997741
-0.496000 0.997728
-0.492000 0.997715
-0.488000 0.997702
-0.484000 0.997687
-0.480000 0.997672
-0.476000 0.997657
-0.472000 0.997640
-0.468000 0.997623
-0.464000 0.997605
-0.460000 0.997586
-0.456000 0.997566
-0.452000 0.997546
-0.448000 0.997524
-0.444000 0.997502
-0.440000 0.997479
-0.436000 0.997454
-0.432000 0.997429
-0.428000 0.997403
-0.424000 0.997376
-0.420000 0.997348
-0.416000 0.997319
-0.412000 0.997288
-0.408000 0.997257
-0.404000 0.997225
-0.400000 0.997191
-0.396000 0.997157
-0.392000 0.997121
-0.388000 0.997085
-0.384000 0.997047
-0.380000 0.997008
-0.376000 0.996968
-0.372000 0.996927
-0.368000 0.996885
-0.364000 0.996842
-0.360000 0.996798
-0.356000 0.996752
-0.352000 0.996706
-0.348000 0.996658
-0.344000 0.996610
-0.340000 0.996560
-0.336000 0.996509
-0.332000 0.996457
-0.328000 0.996405
-0.324000 0.996351
-0.320000 0.996296
-0.316000 0.996241
-0.312000 0.996184
-0.308000 0.996127
-0.304000 0.996068
-0.300000 0.996009
-0.296000 0.995949
-0.292000 0.995888
-0.288000 0.995827
-0.284000 0.995764
-0.280000 0.995701
-0.276000 0.995638
-0.272000 0.995574
-0.268000 0.995509
-0.264000 0.995443
-0.260000 0.995378
-0.256000 0.995311
-0.252000 0.995245
-0.248000 0.995177
-0.244000 0.995110
-0.240000 0.995042
-0.236000 0.994974
-0.232000 0.994906
-0.228000 0.994838
-0.224000 0.994769
-0.220000 0.994701
-0.216000 0.994632
-0.212000 0.994564
-0.208000 0.994495
-0.204000 0.994427
-0.200000 0.994358
-0.196000 0.994290
-0.192000 0.994222
-0.188000 0.994155
-0.184000 0.994087
-0.180000 0.994020
-0.176000 0.993954
-0.172000 0.993887
-0.168000 0.993822
-0.164000 0.993756
-0.160000 0.993691
-0.156000 0.993627
-0.152000 0.993564
-0.148000 0.993501
-0.144000 0.993438
-0.140000 0.993377
-0.136000 0.993316
-0.132000 0.993255
-0.128000 0.993196
-0.124000 0.993137
-0.120000 0.993079
-0.116000 0.993022
-0.112000 0.992966
-0.108000 0.992911
-0.104000 0.992856
-0.100000 0.992803
-0.096000 0.992750
-0.092000 0.992698
-0.088000 0.992647
-0.084000 0.992598
-0.080000 0.992549
-0.076000 0.992501
-0.072000 0.992454
-0.068000 0.992408
-0.064000 0.992363
-0.060000 0.992319
-0.056000 0.992276
-0.052000 0.992233
-0.048000 0.992192
-0.044000 0.992152
-0.040000 0.992113
-0.036000 0.992075
-0.032000 0.992038
-0.028000 0.992001
-0.024000 0.991966
-0.020000 0.991932
-0.016000 0.991898
-0.012000 0.991866
-0.008000 0.991834
-0.004000 0.991804
0.000000 0.991774
0.004000 0.991745
0.008000 0.991717
0.012000 0.991690
0.016000 0.991663
0.020000 0.991638
0.024000 0.991613
0.028000 0.991589
0.032000 0.991566
0.036000 0.991544
0.040000 0.991523
0.044000 0.991502
0.048000 0.991482
0.052000 0.991462
0.056000 0.991444
0.060000 0.991426
0.064000 0.991408
0.068000 0.991391
0.072000 0.991375
0.076000 0.991360
0.080000 0.991345
0.084000 0.991331
0.088000 0.991317
0.092000 0.991304
0.096000 0.991291
0.100000 0.991279
0.104000 0.991267
0.108000 0.991256
0.112000 0.991245
0.116000 0.991235
0.120000 0.991225
0.124000 0.991216
0.128000 0.991207
0.132000 0.991198
0.136000 0.991190
0.140000 0.991182
0.144000 0.991175
0.148000 0.991168
0.152000 0.991161
0.156000 0.991154
0.160000 0.991148
0.164000 0.991142
0.168000 0.991136
0.172000 0.991131
0.176000 0.991126
0.180000 0.991121
0.184000 0.991116
0.188000 0.991112
0.192000 0.991108
0.196000 0.991104
0.200000 0.991100
0.204000 0.991097
0.208000 0.991093
0.212000 0.991090
0.216000 0.991087
0.220000 0.991084
0.224000 0.991081
0.228000 0.991079
0.232000 0.991076
0.236000 0.991074
0.240000 0.991072
0.244000 0.991070
0.248000 0.991068
0.252000 0.991066
0.256000 0.991064
0.260000 0.991062
0.264000 0.991061
0.268000 0.991059
0.272000 0.991058
0.276000 0.991057
0.280000 0.991055
0.284000 0.991054
0.288000 0.991053
0.292000 0.991052
0.296000 0.991051
0.300000 0.991050
0.304000 0.991049
0.308000 0.991049
0.312000 0.991048
0.316000 0.991047
0.320000 0.991046
0.324000 0.991046
0.328000 0.991045
0.332000 0.991045
0.336000 0.991044
0.340000 0.991044
0.344000 0.991043
0.348000 0.991043
0.352000 0.991042
0.356000 0.991042
0.360000 0.991042
0.364000 0.991041
0.368000 0.991041
0.372000 0.991041
0.376000 0.991041
0.380000 0.991040
0.384000 0.991040
0.388000 0.991040
0.392000 0.991040
0.396000 0.991039
0.400000 0.991039
0.404000 0.991039
0.408000 0.991039
0.412000 0.991039
0.416000 0.991039
0.420000 0.991039
0.424000 0.991038
0.428000 0.991038
0.432000 0.991038
0.436000 0.991038
0.440000 0.991038
0.444000 0.991038
0.448000 0.991038
0.452000 0.991038
0.456000 0.991038
0.460000 0.991038
0.464000 0.991038
0.468000 0.991038
0.472000 0.991038
0.476000 0.991038
0.480000 0.991037
0.484000 0.991037
0.488000 0.991037
0.492000 0.991037
0.496000 0.991037
0.500000 0.991037
0.504000 0.991037
0.508000 0.991037
0.512000 0.991037
0.516000 0.991037
0.520000 0.991037
0.524000 0.991037
0.528000 0.991037
0.532000 0.991037
0.536000 0.991037
0.540000 0.991037
0.544000 0.991037
0.548000 0.991037
0.552000 0.991037
0.556000 0.991037
0.560000 0.991037
0.564000 0.991037
0.568000 0.991037
0.572000 0.991037
0.576000 0.991037
0.580000 0.991037
0.584000 0.991037
0.588000 0.991037
0.592000 0.991037
0.596000 0.991037
0.600000 0.991037
0.604000 0.991037
0.608000 0.991037
0.612000 0.991037
0.616000 0.991037
0.620000 0.991037
0.624000 0.991037
0.628000 0.991037
0.632000 0.991037
0.636000 0.991037
0.640000 0.991037
0.644000 0.991037
0.648000 0.991037
0.652000 0.991037
0.656000 0.991037
0.660000 0.991037
0.664000 0.991037
0.668000 0.991037
0.672000 0.991037
0.676000 0.991037
0.680000 0.991037
0.684000 0.991037
0.688000 0.991037
0.692000 0.991037
0.696000 0.991037
0.700000 0.991037
0.704000 0.991037
0.708000 0.991037
0.712000 0.991037
0.716000 0.991037
0.720000 0.991037
0.724000 0.991037
0.728000 0.991037
0.732000 0.991037
0.736000 0.991037
0.740000 0.991037
0.744000 0.991037
0.748000 0.991037
0.752000 0.991037
0.756000 0.991037
0.760000 0.991037
0.764000 0.991037
0.768000 0.991037
0.772000 0.991037
0.776000 0.991037
0.780000 0.991037
0.784000 0.991037
0.788000 0.991037
0.792000 0.991037
0.796000 0.991037
0.800000 0.991037
0.804000 0.991037
0.808000 0.991037
0.812000 0.991037
0.816000 0.991037
0.820000 0.991037
0.824000 0.991037
0.828000 0.991037
0.832000 0.991037
0.836000 0.991037
0.840000 0.991037
0.844000 0.991037
0.848000 0.991037
0.852000 0.991037
0.856000 0.991037
0.860000 0.991037
0.864000 0.991037
0.868000 0.991037
0.872000 0.991037
0.876000 0.991037
0.880000 0.991037
0.884000 0.991037
0.888000 0.991037
0.892000 0.991037
0.896000 0.991037
0.900000 0.991037
0.904000 0.991037
0.908000 0.991037
0.912000 0.991037
0.916000 0.991037
0.920000 0.991037
0.924000 0.991037
0.928000 0.991037
0.932000 0.991037
0.936000 0.991037
0.940000 0.991037
0.944000 0.991037
0.948000 0.991037
0.952000 0.991037
0.956000 0.991037
0.960000 0.991037
0.964000 0.991037
0.968000 0.991037
0.972000 0.991037
0.976000 0.991037
0.980000 0.991037
0.984000 0.991037
0.988000 0.991037
0.992000 0.991037
0.996000 0.991037
1.000000 0.991037
