-1.000000 0.997928
-0.996000 0.997928
-0.992000 0.997928
-0.988000 0.997928
-0.984000 0.997928
-0.980000 0.997928
-0.976000 0.997928
-0.972000 0.997928
-0.968000 0.997928
-0.964000 0.997928
-0.960000 0.997928
-0.956000 0.997928
-0.952000 0.997928
-0.948000 0.997928
-0.944000 0.997928
-0.940000 0.997928
-0.936000 0.997928
-0.932000 0.997928
-0.928000 0.997928
-0.924000 0.997928
-0.920000 0.997928
-0.916000 0.997928
-0.912000 0.997928
-0.908000 0.997928
-0.904000 0.997928
-0.900000 0.997928
-0.896000 0.997928
-0.892000 0.997928
-0.888000 0.997928
-0.884000 0.997928
-0.880000 0.997928
-0.876000 0.997928
-0.872000 0.997928
-0.868000 0.997928
-0.864000 0.997928
-0.860000 0.997928
-0.856000 0.997928
-0.852000 0.997928
-0.848000 0.997928
-0.844000 0.997928
-0.840000 0.997928
-0.836000 0.997928
-0.832000 0.997928
-0.828000 0.997928
-0.824000 0.997928
-0.820000 0.997928
-0.816000 0.997928
-0.812000 0.997928
-0.808000 0.997928
-0.804000 0.997928
-0.800000 0.997928
-0.796000 0.997928
-0.792000 0.997928
-0.788000 0.997928
-0.784000 0.997928
-0.780000 0.997928
-0.776000 0.997928
-0.772000 0.997928
-0.768000 0.997928
-0.764000 0.997928
-0.760000 0.997928
-0.756000 0.997928
-0.752000 0.997928
-0.748000 0.997928
-0.744000 0.997928
-0.740000 0.997928
-0.736000 0.997928
-0.732000 0.997928
-0.728000 0.997928
-0.724000 0.997928
-0.720000 0.997928
-0.716000 0.997928
-0.712000 0.997928
-0.708000 0.997928
-0.704000 0.997928
-0.700000 0.997928
-0.696000 0.997928
-0.692000 0.997928
-0.688000 0.997928
-0.684000 0.997928
-0.680000 0.997928
-0.676000 0.997928
-0.672000 0.997928
-0.668000 0.997928
-0.664000 0.997928
-0.660000 0.997928
-0.656000 0.997928
-0.652000 0.997928
-0.648000 0.997928
-0.644000 0.997928
-0.640000 0.997928
-0.636000 0.997928
-0.632000 0.997928
-0.628000 0.997928
-0.624000 0.997928
-0.620000 0.997928
-0.616000 0.997928
-0.612000 0.997928
-0.608000 0.997928
-0.604000 0.997928
-0.600000 0.997928
-0.596000 0.997928
-0.592000 0.997928
-0.588000 0.997928
-0.584000 0.997928
-0.580000 0.997928
-0.576000 0.997928
-0.572000 0.997928
-0.568000 0.997928
-0.564000 0.997928
-0.560000 0.997928
-0.556000 0.997928
-0.552000 0.997928
-0.548000 0.997928
-0.544000 0.997928
-0.540000 0.997928
-0.536000 0.997928
-0.532000 0.997928
-0.528000 0.997928
-0.524000 0.997928
-0.520000 0.997928
-0.516000 0.997928
-0.512000 0.997928
-0.508000 0.997928
-0.504000 0.997928
-0.500000 0.997928
-0.496000 0.997928
-0.492000 0.997928
-0.488000 0.997928
-0.484000 0.997928
-0.480000 0.997928
-0.476000 0.997928
-0.472000 0.997928
-0.468000 0.997928
-0.464000 0.997928
-0.460000 0.997928
-0.456000 0.997928
-0.452000 0.997928
-0.448000 0.997928
-0.444000 0.997928
-0.440000 0.997928
-0.436000 0.997928
-0.432000 0.997928
-0.428000 0.997928
-0.424000 0.997928
-0.420000 0.997928
-0.416000 0.997928
-0.412000 0.997928
-0.408000 0.997928
-0.404000 0.997928
-0.400000 0.997928
-0.396000 0.997928
-0.392000 0.997928
-0.388000 0.997928
-0.384000 0.997927
-0.380000 0.997927
-0.376000 0.997927
-0.372000 0.997927
-0.368000 0.997927
-0.364000 0.997927
-0.360000 0.997927
-0.356000 0.997927
-0.352000 0.997927
-0.348000 0.997927
-0.344000 0.997927
-0.340000 0.997927
-0.336000 0.997927
-0.332000 0.997926
-0.328000 0.997926
-0.324000 0.997926
-0.320000 0.997926
-0.316000 0.997926
-0.312000 0.997926
-0.308000 0.997926
-0.304000 0.997925
-0.300000 0.997925
-0.296000 0.997925
-0.292000 0.997925
-0.288000 0.997924
-0.284000 0.997924
-0.280000 0.997924
-0.276000 0.997923
-0.272000 0.997923
-0.268000 0.997923
-0.264000 0.997922
-0.260000 0.997922
-0.256000 0.997921
-0.252000 0.997921
-0.248000 0.997920
-0.244000 0.997920
-0.240000 0.997919
-0.236000 0.997919
-0.232000 0.997918
-0.228000 0.997917
-0.224000 0.997916
-0.220000 0.997916
-0.216000 0.997915
-0.212000 0.997914
-0.208000 0.997913
-0.204000 0.997912
-0.200000 0.997911
-0.196000 0.997909
-0.192000 0.997908
-0.188000 0.997907
-0.184000 0.997905
-0.180000 0.997904
-0.176000 0.997902
-0.172000 0.997901
-0.168000 0.997899
-0.164000 0.997897
-0.160000 0.997895
-0.156000 0.997893
-0.152000 0.997891
-0.148000 0.997889
-0.144000 0.997886
-0.140000 0.997884
-0.136000 0.997881
-0.132000 0.997878
-0.128000 0.997875
-0.124000 0.997872
-0.120000 0.997869
-0.116000 0.997865
-0.112000 0.997862
-0.108000 0.997858
-0.104000 0.997854
-0.100000 0.997850
-0.096000 0.997846
-0.092000 0.997841
-0.088000 0.997836
-0.084000 0.997831
-0.080000 0.997826
-0.076000 0.997821
-0.072000 0.997815
-0.068000 0.997809
-0.064000 0.997803
-0.060000 0.997796
-0.056000 0.997790
-0.052000 0.997783
-0.048000 0.997775
-0.044000 0.997768
-0.040000 0.997760
-0.036000 0.997751
-0.032000 0.997743
-0.028000 0.997734
-0.024000 0.997725
-0.020000 0.997715
-0.016000 0.997705
-0.012000 0.997695
-0.008000 0.997684
-0.004000 0.997673
0.000000 0.997661
0.004000 0.997649
0.008000 0.997637
0.012000 0.997624
0.016000 0.997611
0.020000 0.997597
0.024000 0.997583
0.028000 0.997568
0.032000 0.997553
0.036000 0.997537
0.040000 0.997521
0.044000 0.997505
0.048000 0.997488
0.052000 0.997470
0.056000 0.997452
0.060000 0.997433
0.064000 0.997414
0.068000 0.997394
0.072000 0.997374
0.076000 0.997353
0.080000 0.997331
0.084000 0.997309
0.088000 0.997287
0.092000 0.997263
0.096000 0.997240
0.100000 0.997215
0.104000 0.997190
0.108000 0.997165
0.112000 0.997138
0.116000 0.997111
0.120000 0.997084
0.124000 0.997056
0.128000 0.997027
0.132000 0.996998
0.136000 0.996968
0.140000 0.996937
0.144000 0.996906
0.148000 0.996874
0.152000 0.996842
0.156000 0.996809
0.160000 0.996775
0.164000 0.996741
0.168000 0.996706
0.172000 0.996670
0.176000 0.996634
0.180000 0.996597
0.184000 0.996560
0.188000 0.996522
0.192000 0.996483
0.196000 0.996444
0.200000 0.996404
0.204000 0.996364
0.208000 0.996323
0.212000 0.996282
0.216000 0.996240
0.220000 0.996197
0.224000 0.996154
0.228000 0.996110
0.232000 0.996066
0.236000 0.996022
0.240000 0.995977
0.244000 0.995931
0.248000 0.995885
0.252000 0.995839
0.256000 0.995792
0.260000 0.995745
0.264000 0.995697
0.268000 0.995649
0.272000 0.995601
0.276000 0.995552
0.280000 0.995503
0.284000 0.995454
0.288000 0.995404
0.292000 0.995354
0.296000 0.995304
0.300000 0.995253
0.304000 0.995202
0.308000 0.995151
0.312000 0.995100
0.316000 0.995049
0.320000 0.994997
0.324000 0.994946
0.328000 0.994894
0.332000 0.994842
0.336000 0.994790
0.340000 0.994738
0.344000 0.994686
0.348000 0.994634
0.352000 0.994582
0.356000 0.994530
0.360000 0.994478
0.364000 0.994426
0.368000 0.994374
0.372000 0.994322
0.376000 0.994270
0.380000 0.994218
0.384000 0.994167
0.388000 0.994115
0.392000 0.994064
0.396000 0.994013
0.400000 0.993962
0.404000 0.993911
0.408000 0.993861
0.412000 0.993811
0.416000 0.993761
0.420000 0.993712
0.424000 0.993662
0.428000 0.993613
0.432000 0.993565
0.436000 0.993517
0.440000 0.993469
0.444000 0.993421
0.448000 0.993374
0.452000 0.993327
0.456000 0.993281
0.460000 0.993235
0.464000 0.993190
0.468000 0.993145
0.472000 0.993100
0.476000 0.993056
0.480000 0.993013
0.484000 0.992970
0.488000 0.992927
0.492000 0.992885
0.496000 0.992843
0.500000 0.992802
0.504000 0.992762
0.508000 0.992722
0.512000 0.992682
0.516000 0.992643
0.520000 0.992605
0.524000 0.992567
0.528000 0.992530
0.532000 0.992493
0.536000 0.992457
0.540000 0.992422
0.544000 0.992387
0.548000 0.992352
0.552000 0.992318
0.556000 0.992285
0.560000 0.992252
0.564000 0.992220
0.568000 0.992189
0.572000 0.992158
0.576000 0.992127
0.580000 0.992098
0.584000 0.992068
0.588000 0.992040
0.592000 0.992011
0.596000 0.991984
0.600000 0.991957
0.604000 0.991930
0.608000 0.991905
0.612000 0.991879
0.616000 0.991854
0.620000 0.991830
0.624000 0.991806
0.628000 0.991783
0.632000 0.991761
0.636000 0.991738
0.640000 0.991717
0.644000 0.991696
0.648000 0.991675
0.652000 0.991655
0.656000 0.991635
0.660000 0.991616
0.664000 0.991598
0.668000 0.991579
0.672000 0.991562
0.676000 0.991544
0.680000 0.991528
0.684000 0.991511
0.688000 0.991495
0.692000 0.991480
0.696000 0.991465
0.700000 0.991450
0.704000 0.991436
0.708000 0.991422
0.712000 0.991409
0.716000 0.991395
0.720000 0.991383
0.724000 0.991370
0.728000 0.991359
0.732000 0.991347
0.736000 0.991336
0.740000 0.991325
0.744000 0.991314
0.748000 0.991304
0.752000 0.991294
0.756000 0.991284
0.760000 0.991275
0.764000 0.991266
0.768000 0.991257
0.772000 0.991249
0.776000 0.991241
0.780000 0.991233
0.784000 0.991225
0.788000 0.991218
0.792000 0.991211
0.796000 0.991204
0.800000 0.991197
0.804000 0.991191
0.808000 0.991184
0.812000 0.991179
0.816000 0.991173
0.820000 0.991167
0.824000 0.991162
0.828000 0.991157
0.832000 0.991152
0.836000 0.991147
0.840000 0.991142
0.844000 0.991138
0.848000 0.991134
0.852000 0.991129
0.856000 0.991125
0.860000 0.991122
0.864000 0.991118
0.868000 0.991114
0.872000 0.991111
0.876000 0.991108
0.880000 0.991105
0.884000 0.991102
0.888000 0.991099
0.892000 0.991096
0.896000 0.991093
0.900000 0.991091
0.904000 0.991088
0.908000 0.991086
0.912000 0.991084
0.916000 0.991082
0.920000 0.991079
0.924000 0.991077
0.928000 0.991076
0.932000 0.991074
0.936000 0.991072
0.940000 0.991070
0.944000 0.991069
0.948000 0.991067
0.952000 0.991066
0.956000 0.991064
0.960000 0.991063
0.964000 0.991062
0.968000 0.991060
0.972000 0.991059
0.976000 0.991058
0.980000 0.991057
0.984000 0.991055
0.988000 0.991054
0.992000 0.991053
0.996000 0.991051
1.000000 0.991049
