-1.000000 0.997928
-0.996000 0.997928
-0.992000 0.997928
-0.988000 0.997928
-0.984000 0.997928
-0.980000 0.997928
-0.976000 0.997928
-0.972000 0.997928
-0.968000 0.997928
-0.964000 0.997928
-0.960000 0.997928
-0.956000 0.997928
-0.952000 0.997928
-0.948000 0.997928
-0.944000 0.997928
-0.940000 0.997928
-0.936000 0.997928
-0.932000 0.997928
-0.928000 0.997928
-0.924000 0.997928
-0.920000 0.997928
-0.916000 0.997928
-0.912000 0.997928
-0.908000 0.997928
-0.904000 0.997928
-0.900000 0.997928
-0.896000 0.997928
-0.892000 0.997928
-0.888000 0.997928
-0.884000 0.997928
-0.880000 0.997928
-0.876000 0.997928
-0.872000 0.997928
-0.868000 0.997928
-0.864000 0.997928
-0.860000 0.997928
-0.856000 0.997928
-0.852000 0.997928
-0.848000 0.997928
-0.844000 0.997928
-0.840000 0.997928
-0.836000 0.997928
-0.832000 0.997928
-0.828000 0.997928
-0.824000 0.997928
-0.820000 0.997928
-0.816000 0.997928
-0.812000 0.997928
-0.808000 0.997928
-0.804000 0.997928
-0.800000 0.997928
-0.796000 0.997928
-0.792000 0.997928
-0.788000 0.997928
-0.784000 0.997928
-0.780000 0.997928
-0.776000 0.997928
-0.772000 0.997928
-0.768000 0.997928
-0.764000 0.997928
-0.760000 0.997928
-0.756000 0.997928
-0.752000 0.997928
-0.748000 0.997928
-0.744000 0.997928
-0.740000 0.997928
-0.736000 0.997928
-0.732000 0.997928
-0.728000 0.997928
-0.724000 0.997928
-0.720000 0.997928
-0.716000 0.997928
-0.712000 0.997928
-0.708000 0.997928
-0.704000 0.997928
-0.700000 0.997928
-0.696000 0.997928
-0.692000 0.997928
-0.688000 0.997928
-0.684000 0.997928
-0.680000 0.997928
-0.676000 0.997928
-0.672000 0.997928
-0.668000 0.997928
-0.664000 0.997928
-0.660000 0.997928
-0.656000 0.997928
-0.652000 0.997928
-0.648000 0.997928
-0.644000 0.997928
-0.640000 0.997928
-0.636000 0.997928
-0.632000 0.997928
-0.628000 0.997928
-0.624000 0.997928
-0.620000 0.997928
-0.616000 0.997928
-0.612000 0.997928
-0.608000 0.997928
-0.604000 0.997928
-0.600000 0.997928
-0.596000 0.997928
-0.592000 0.997928
-0.588000 0.997928
-0.584000 0.997928
-0.580000 0.997928
-0.576000 0.997928
-0.572000 0.997928
-0.568000 0.997928
-0.564000 0.997928
-0.560000 0.997928
-0.556000 0.997928
-0.552000 0.997928
-0.548000 0.997928
-0.544000 0.997928
-0.540000 0.997928
-0.536000 0.997928
-0.532000 0.997928
-0.528000 0.997928
-0.524000 0.997928
-0.520000 0.997928
-0.516000 0.997928
-0.512000 0.997928
-0.508000 0.997928
-0.504000 0.997928
-0.500000 0.997928
-0.496000 0.997928
-0.492000 0.997928
-0.488000 0.997928
-0.484000 0.997928
-0.480000 0.997928
-0.476000 0.997928
-0.472000 0.997928
-0.468000 0.997928
-0.464000 0.997928
-0.460000 0.997928
-0.456000 0.997928
-0.452000 0.997928
-0.448000 0.997928
-0.444000 0.997928
-0.440000 0.997928
-0.436000 0.997928
-0.432000 0.997928
-0.428000 0.997928
-0.424000 0.997928
-0.420000 0.997928
-0.416000 0.997928
-0.412000 0.997928
-0.408000 0.997928
-0.404000 0.997928
-0.400000 0.997928
-0.396000 0.997928
-0.392000 0.997928
-0.388000 0.997928
-0.384000 0.997928
-0.380000 0.997928
-0.376000 0.997928
-0.372000 0.997928
-0.368000 0.997928
-0.364000 0.997928
-0.360000 0.997928
-0.356000 0.997928
-0.352000 0.997928
-0.348000 0.997928
-0.344000 0.997928
-0.340000 0.997928
-0.336000 0.997928
-0.332000 0.997928
-0.328000 0.997928
-0.324000 0.997928
-0.320000 0.997928
-0.316000 0.997928
-0.312000 0.997928
-0.308000 0.997928
-0.304000 0.997928
-0.300000 0.997928
-0.296000 0.997928
-0.292000 0.997928
-0.288000 0.997928
-0.284000 0.997928
-0.280000 0.997928
-0.276000 0.997928
-0.272000 0.997928
-0.268000 0.997928
-0.264000 0.997928
-0.260000 0.997928
-0.256000 0.997928
-0.252000 0.997928
-0.248000 0.997928
-0.244000 0.997928
-0.240000 0.997928
-0.236000 0.997928
-0.232000 0.997928
-0.228000 0.997928
-0.224000 0.997928
-0.220000 0.997928
-0.216000 0.997928
-0.212000 0.997928
-0.208000 0.997928
-0.204000 0.997928
-0.200000 0.997928
-0.196000 0.997928
-0.192000 0.997928
-0.188000 0.997928
-0.184000 0.997928
-0.180000 0.997928
-0.176000 0.997928
-0.172000 0.997928
-0.168000 0.997928
-0.164000 0.997928
-0.160000 0.997928
-0.156000 0.997928
-0.152000 0.997928
-0.148000 0.997928
-0.144000 0.997928
-0.140000 0.997928
-0.136000 0.997928
-0.132000 0.997928
-0.128000 0.997928
-0.124000 0.997928
-0.120000 0.997928
-0.116000 0.997928
-0.112000 0.997928
-0.108000 0.997928
-0.104000 0.997928
-0.100000 0.997928
-0.096000 0.997927
-0.092000 0.997927
-0.088000 0.997927
-0.084000 0.997927
-0.080000 0.997927
-0.076000 0.997927
-0.072000 0.997927
-0.068000 0.997927
-0.064000 0.997927
-0.060000 0.997927
-0.056000 0.997927
-0.052000 0.997927
-0.048000 0.997927
-0.044000 0.997927
-0.040000 0.997927
-0.036000 0.997926
-0.032000 0.997926
-0.028000 0.997926
-0.024000 0.997926
-0.020000 0.997926
-0.016000 0.997926
-0.012000 0.997926
-0.008000 0.997925
-0.004000 0.997925
0.000000 0.997925
0.004000 0.997925
0.008000 0.997925
0.012000 0.997924
0.016000 0.997924
0.020000 0.997924
0.024000 0.997924
0.028000 0.997923
0.032000 0.997923
0.036000 0.997923
0.040000 0.997922
0.044000 0.997922
0.048000 0.997922
0.052000 0.997921
0.056000 0.997921
0.060000 0.997920
0.064000 0.997920
0.068000 0.997919
0.072000 0.997919
0.076000 0.997918
0.080000 0.997918
0.084000 0.997917
0.088000 0.997916
0.092000 0.997916
0.096000 0.997915
0.100000 0.997914
0.104000 0.997913
0.108000 0.997912
0.112000 0.997911
0.116000 0.997910
0.120000 0.997909
0.124000 0.997908
0.128000 0.997907
0.132000 0.997906
0.136000 0.997905
0.140000 0.997903
0.144000 0.997902
0.148000 0.997901
0.152000 0.997899
0.156000 0.997898
0.160000 0.997896
0.164000 0.997894
0.168000 0.997892
0.172000 0.997890
0.176000 0.997888
0.180000 0.997886
0.184000 0.997884
0.188000 0.997882
0.192000 0.997879
0.196000 0.997877
0.200000 0.997874
0.204000 0.997872
0.208000 0.997869
0.212000 0.997866
0.216000 0.997863
0.220000 0.997860
0.224000 0.997856
0.228000 0.997853
0.232000 0.997849
0.236000 0.997845
0.240000 0.997841
0.244000 0.997837
0.248000 0.997833
0.252000 0.997828
0.256000 0.997824
0.260000 0.997819
0.264000 0.997814
0.268000 0.997809
0.272000 0.997804
0.276000 0.997798
0.280000 0.997792
0.284000 0.997786
0.288000 0.997780
0.292000 0.997774
0.296000 0.997767
0.300000 0.997760
0.304000 0.997753
0.308000 0.997745
0.312000 0.997738
0.316000 0.997730
0.320000 0.997722
0.324000 0.997713
0.328000 0.997704
0.332000 0.997695
0.336000 0.997686
0.340000 0.997677
0.344000 0.997667
0.348000 0.997656
0.352000 0.997646
0.356000 0.997635
0.360000 0.997624
0.364000 0.997612
0.368000 0.997600
0.372000 0.997588
0.376000 0.997576
0.380000 0.997563
0.384000 0.997549
0.388000 0.997536
0.392000 0.997522
0.396000 0.997507
0.400000 0.997493
0.404000 0.997477
0.408000 0.997462
0.412000 0.997446
0.416000 0.997429
0.420000 0.997413
0.424000 0.997395
0.428000 0.997378
0.432000 0.997359
0.436000 0.997341
0.440000 0.997322
0.444000 0.997303
0.448000 0.997283
0.452000 0.997262
0.456000 0.997242
0.460000 0.997220
0.464000 0.997199
0.468000 0.997177
0.472000 0.997154
0.476000 0.997131
0.480000 0.997107
0.484000 0.997083
0.488000 0.997059
0.492000 0.997034
0.496000 0.997008
0.500000 0.996982
0.504000 0.996956
0.508000 0.996929
0.512000 0.996902
0.516000 0.996874
0.520000 0.996845
0.524000 0.996817
0.528000 0.996787
0.532000 0.996758
0.536000 0.996727
0.540000 0.996697
0.544000 0.996665
0.548000 0.996634
0.552000 0.996602
0.556000 0.996569
0.560000 0.996536
0.564000 0.996502
0.568000 0.996468
0.572000 0.996434
0.576000 0.996399
0.580000 0.996364
0.584000 0.996328
0.588000 0.996292
0.592000 0.996255
0.596000 0.996218
0.600000 0.996181
0.604000 0.996143
0.608000 0.996105
0.612000 0.996066
0.616000 0.996027
0.620000 0.995988
0.624000 0.995948
0.628000 0.995908
0.632000 0.995867
0.636000 0.995827
0.640000 0.995786
0.644000 0.995744
0.648000 0.995702
0.652000 0.995660
0.656000 0.995618
0.660000 0.995575
0.664000 0.995532
0.668000 0.995489
0.672000 0.995446
0.676000 0.995402
0.680000 0.995358
0.684000 0.995314
0.688000 0.995270
0.692000 0.995226
0.696000 0.995181
0.700000 0.995136
0.704000 0.995091
0.708000 0.995046
0.712000 0.995001
0.716000 0.994956
0.720000 0.994910
0.724000 0.994865
0.728000 0.994819
0.732000 0.994773
0.736000 0.994728
0.740000 0.994682
0.744000 0.994636
0.748000 0.994590
0.752000 0.994544
0.756000 0.994499
0.760000 0.994453
0.764000 0.994407
0.768000 0.994361
0.772000 0.994316
0.776000 0.994270
0.780000 0.994225
0.784000 0.994179
0.788000 0.994134
0.792000 0.994089
0.796000 0.994044
0.800000 0.993999
0.804000 0.993955
0.808000 0.993910
0.812000 0.993866
0.816000 0.993822
0.820000 0.993778
0.824000 0.993734
0.828000 0.993690
0.832000 0.993647
0.836000 0.993604
0.840000 0.993561
0.844000 0.993519
0.848000 0.993477
0.852000 0.993435
0.856000 0.993393
0.860000 0.993352
0.864000 0.993311
0.868000 0.993270
0.872000 0.993230
0.876000 0.993190
0.880000 0.993150
0.884000 0.993111
0.888000 0.993072
0.892000 0.993033
0.896000 0.992995
0.900000 0.992957
0.904000 0.992920
0.908000 0.992883
0.912000 0.992846
0.916000 0.992810
0.920000 0.992774
0.924000 0.992738
0.928000 0.992703
0.932000 0.992668
0.936000 0.992634
0.940000 0.992600
0.944000 0.992566
0.948000 0.992533
0.952000 0.992500
0.956000 0.992467
0.960000 0.992434
0.964000 0.992402
0.968000 0.992368
0.972000 0.992335
0.976000 0.992300
0.980000 0.992264
0.984000 0.992225
0.988000 0.992183
0.992000 0.992135
0.996000 0.992079
1.000000 0.992012
