-1.000000 0.997928
-0.996000 0.997928
-0.992000 0.997928
-0.988000 0.997928
-0.984000 0.997928
-0.980000 0.997928
-0.976000 0.997928
-0.972000 0.997928
-0.968000 0.997928
-0.964000 0.997928
-0.960000 0.997928
-0.956000 0.997928
-0.952000 0.997928
-0.948000 0.997928
-0.944000 0.997928
-0.940000 0.997928
-0.936000 0.997928
-0.932000 0.997928
-0.928000 0.997928
-0.924000 0.997928
-0.920000 0.997928
-0.916000 0.997928
-0.912000 0.997928
-0.908000 0.997928
-0.904000 0.997928
-0.900000 0.997928
-0.896000 0.997928
-0.892000 0.997928
-0.888000 0.997928
-0.884000 0.997928
-0.880000 0.997928
-0.876000 0.997928
-0.872000 0.997928
-0.868000 0.997928
-0.864000 0.997928
-0.860000 0.997928
-0.856000 0.997928
-0.852000 0.997928
-0.848000 0.997928
-0.844000 0.997928
-0.840000 0.997928
-0.836000 0.997928
-0.832000 0.997928
-0.828000 0.997928
-0.824000 0.997928
-0.820000 0.997928
-0.816000 0.997928
-0.812000 0.997928
-0.808000 0.997928
-0.804000 0.997928
-0.800000 0.997928
-0.796000 0.997928
-0.792000 0.997928
-0.788000 0.997928
-0.784000 0.997928
-0.780000 0.997928
-0.776000 0.997928
-0.772000 0.997928
-0.768000 0.997928
-0.764000 0.997928
-0.760000 0.997928
-0.756000 0.997928
-0.752000 0.997928
-0.748000 0.997928
-0.744000 0.997928
-0.740000 0.997928
-0.736000 0.997928
-0.732000 0.997928
-0.728000 0.997928
-0.724000 0.997928
-0.720000 0.997928
-0.716000 0.997928
-0.712000 0.997928
-0.708000 0.997928
-0.704000 0.997928
-0.700000 0.997928
-0.696000 0.997928
-0.692000 0.997928
-0.688000 0.997928
-0.684000 0.997928
-0.680000 0.997928
-0.676000 0.997928
-0.672000 0.997928
-0.668000 0.997928
-0.664000 0.997928
-0.660000 0.997928
-0.656000 0.997928
-0.652000 0.997928
-0.648000 0.997928
-0.644000 0.997927
-0.640000 0.997927
-0.636000 0.997927
-0.632000 0.997927
-0.628000 0.997927
-0.624000 0.997927
-0.620000 0.997927
-0.616000 0.997927
-0.612000 0.997927
-0.608000 0.997927
-0.604000 0.997927
-0.600000 0.997926
-0.596000 0.997926
-0.592000 0.997926
-0.588000 0.997926
-0.584000 0.997926
-0.580000 0.997925
-0.576000 0.997925
-0.572000 0.997925
-0.568000 0.997924
-0.564000 0.997924
-0.560000 0.997924
-0.556000 0.997923
-0.552000 0.997923
-0.548000 0.997922
-0.544000 0.997922
-0.540000 0.997921
-0.536000 0.997921
-0.532000 0.997920
-0.528000 0.997919
-0.524000 0.997919
-0.520000 0.997918
-0.516000 0.997917
-0.512000 0.997916
-0.508000 0.997915
-0.504000 0.997914
-0.500000 0.997912
-0.496000 0.997911
-0.492000 0.997910
-0.488000 0.997908
-0.484000 0.997907
-0.480000 0.997905
-0.476000 0.997903
-0.472000 0.997901
-0.468000 0.997899
-0.464000 0.997897
-0.460000 0.997894
-0.456000 0.997892
-0.452000 0.997889
-0.448000 0.997886
-0.444000 0.997883
-0.440000 0.997879
-0.436000 0.997876
-0.432000 0.997872
-0.428000 0.997868
-0.424000 0.997864
-0.420000 0.997860
-0.416000 0.997855
-0.412000 0.997850
-0.408000 0.997845
-0.404000 0.997839
-0.400000 0.997833
-0.396000 0.997827
-0.392000 0.997820
-0.388000 0.997813
-0.384000 0.997806
-0.380000 0.997798
-0.376000 0.997790
-0.372000 0.997782
-0.368000 0.997773
-0.364000 0.997763
-0.360000 0.997754
-0.356000 0.997743
-0.352000 0.997732
-0.348000 0.997721
-0.344000 0.997709
-0.340000 0.997697
-0.336000 0.997684
-0.332000 0.997671
-0.328000 0.997657
-0.324000 0.997642
-0.320000 0.997627
-0.316000 0.997611
-0.312000 0.997594
-0.308000 0.997577
-0.304000 0.997559
-0.300000 0.997540
-0.296000 0.997521
-0.292000 0.997501
-0.288000 0.997480
-0.284000 0.997459
-0.280000 0.997437
-0.276000 0.997414
-0.272000 0.997390
-0.268000 0.997365
-0.264000 0.997340
-0.260000 0.997313
-0.256000 0.997286
-0.252000 0.997258
-0.248000 0.997229
-0.244000 0.997200
-0.240000 0.997169
-0.236000 0.997138
-0.232000 0.997106
-0.228000 0.997072
-0.224000 0.997038
-0.220000 0.997004
-0.216000 0.996968
-0.212000 0.996931
-0.208000 0.996893
-0.204000 0.996855
-0.200000 0.996816
-0.196000 0.996775
-0.192000 0.996734
-0.188000 0.996692
-0.184000 0.996649
-0.180000 0.996606
-0.176000 0.996561
-0.172000 0.996516
-0.168000 0.996470
-0.164000 0.996423
-0.160000 0.996375
-0.156000 0.996326
-0.152000 0.996277
-0.148000 0.996226
-0.144000 0.996175
-0.140000 0.996124
-0.136000 0.996071
-0.132000 0.996018
-0.128000 0.995965
-0.124000 0.995910
-0.120000 0.995855
-0.116000 0.995799
-0.112000 0.995743
-0.108000 0.995687
-0.104000 0.995629
-0.100000 0.995571
-0.096000 0.995513
-0.092000 0.995455
-0.088000 0.995395
-0.084000 0.995336
-0.080000 0.995276
-0.076000 0.995216
-0.072000 0.995155
-0.068000 0.995095
-0.064000 0.995034
-0.060000 0.994972
-0.056000 0.994911
-0.052000 0.994849
-0.048000 0.994788
-0.044000 0.994726
-0.040000 0.994664
-0.036000 0.994602
-0.032000 0.994541
-0.028000 0.994479
-0.024000 0.994417
-0.020000 0.994356
-0.016000 0.994294
-0.012000 0.994233
-0.008000 0.994172
-0.004000 0.994111
0.000000 0.994050
0.004000 0.993990
0.008000 0.993930
0.012000 0.993870
0.016000 0.993811
0.020000 0.993752
0.024000 0.993694
0.028000 0.993636
0.032000 0.993578
0.036000 0.993521
0.040000 0.993464
0.044000 0.993408
0.048000 0.993353
0.052000 0.993298
0.056000 0.993244
0.060000 0.993190
0.064000 0.993137
0.068000 0.993085
0.072000 0.993033
0.076000 0.992982
0.080000 0.992932
0.084000 0.992882
0.088000 0.992833
0.092000 0.992785
0.096000 0.992737
0.100000 0.992691
0.104000 0.992645
0.108000 0.992600
0.112000 0.992555
0.116000 0.992512
0.120000 0.992469
0.124000 0.992427
0.128000 0.992386
0.132000 0.992345
0.136000 0.992306
0.140000 0.992267
0.144000 0.992229
0.148000 0.992192
0.152000 0.992155
0.156000 0.992120
0.160000 0.992085
0.164000 0.992051
0.168000 0.992017
0.172000 0.991985
0.176000 0.991953
0.180000 0.991922
0.184000 0.991892
0.188000 0.991863
0.192000 0.991834
0.196000 0.991806
0.200000 0.991779
0.204000 0.991753
0.208000 0.991727
0.212000 0.991702
0.216000 0.991678
0.220000 0.991654
0.224000 0.991631
0.228000 0.991609
0.232000 0.991587
0.236000 0.991567
0.240000 0.991546
0.244000 0.991527
0.248000 0.991507
0.252000 0.991489
0.256000 0.991471
0.260000 0.991454
0.264000 0.991437
0.268000 0.991421
0.272000 0.991405
0.276000 0.991390
0.280000 0.991375
0.284000 0.991361
0.288000 0.991348
0.292000 0.991335
0.296000 0.991322
0.300000 0.991310
0.304000 0.991298
0.308000 0.991286
0.312000 0.991276
0.316000 0.991265
0.320000 0.991255
0.324000 0.991245
0.328000 0.991236
0.332000 0.991227
0.336000 0.991218
0.340000 0.991210
0.344000 0.991202
0.348000 0.991194
0.352000 0.991187
0.356000 0.991180
0.360000 0.991173
0.364000 0.991167
0.368000 0.991160
0.372000 0.991154
0.376000 0.991149
0.380000 0.991143
0.384000 0.991138
0.388000 0.991133
0.392000 0.991128
0.396000 0.991124
0.400000 0.991119
0.404000 0.991115
0.408000 0.991111
0.412000 0.991108
0.416000 0.991104
0.420000 0.991100
0.424000 0.991097
0.428000 0.991094
0.432000 0.991091
0.436000 0.991088
0.440000 0.991085
0.444000 0.991083
0.448000 0.991080
0.452000 0.991078
0.456000 0.991076
0.460000 0.991074
0.464000 0.991072
0.468000 0.991070
0.472000 0.991068
0.476000 0.991066
0.480000 0.991065
0.484000 0.991063
0.488000 0.991062
0.492000 0.991060
0.496000 0.991059
0.500000 0.991058
0.504000 0.991057
0.508000 0.991055
0.512000 0.991054
0.516000 0.991053
0.520000 0.991052
0.524000 0.991051
0.528000 0.991051
0.532000 0.991050
0.536000 0.991049
0.540000 0.991048
0.544000 0.991048
0.548000 0.991047
0.552000 0.991046
0.556000 0.991046
0.560000 0.991045
0.564000 0.991045
0.568000 0.991044
0.572000 0.991044
0.576000 0.991043
0.580000 0.991043
0.584000 0.991043
0.588000 0.991042
0.592000 0.991042
0.596000 0.991042
0.600000 0.991041
0.604000 0.991041
0.608000 0.991041
0.612000 0.991041
0.616000 0.991040
0.620000 0.991040
0.624000 0.991040
0.628000 0.991040
0.632000 0.991040
0.636000 0.991039
0.640000 0.991039
0.644000 0.991039
0.648000 0.991039
0.652000 0.991039
0.656000 0.991039
0.660000 0.991039
0.664000 0.991038
0.668000 0.991038
0.672000 0.991038
0.676000 0.991038
0.680000 0.991038
0.684000 0.991038
0.688000 0.991038
0.692000 0.991038
0.696000 0.991038
0.700000 0.991038
0.704000 0.991038
0.708000 0.991038
0.712000 0.991038
0.716000 0.991038
0.720000 0.991038
0.724000 0.991038
0.728000 0.991037
0.732000 0.991037
0.736000 0.991037
0.740000 0.991037
0.744000 0.991037
0.748000 0.991037
0.752000 0.991037
0.756000 0.991037
0.760000 0.991037
0.764000 0.991037
0.768000 0.991037
0.772000 0.991037
0.776000 0.991037
0.780000 0.991037
0.784000 0.991037
0.788000 0.991037
0.792000 0.991037
0.796000 0.991037
0.800000 0.991037
0.804000 0.991037
0.808000 0.991037
0.812000 0.991037
0.816000 0.991037
0.820000 0.991037
0.824000 0.991037
0.828000 0.991037
0.832000 0.991037
0.836000 0.991037
0.840000 0.991037
0.844000 0.991037
0.848000 0.991037
0.852000 0.991037
0.856000 0.991037
0.860000 0.991037
0.864000 0.991037
0.868000 0.991037
0.872000 0.991037
0.876000 0.991037
0.880000 0.991037
0.884000 0.991037
0.888000 0.991037
0.892000 0.991037
0.896000 0.991037
0.900000 0.991037
0.904000 0.991037
0.908000 0.991037
0.912000 0.991037
0.916000 0.991037
0.920000 0.991037
0.924000 0.991037
0.928000 0.991037
0.932000 0.991037
0.936000 0.991037
0.940000 0.991037
0.944000 0.991037
0.948000 0.991037
0.952000 0.991037
0.956000 0.991037
0.960000 0.991037
0.964000 0.991037
0.968000 0.991037
0.972000 0.991037
0.976000 0.991037
0.980000 0.991037
0.984000 0.991037
0.988000 0.991037
0.992000 0.991037
0.996000 0.991037
1.000000 0.991037
