-1.000000 0.991037
-0.996000 0.991037
-0.992000 0.991037
-0.988000 0.991037
-0.984000 0.991037
-0.980000 0.991037
-0.976000 0.991037
-0.972000 0.991037
-0.968000 0.991037
-0.964000 0.991037
-0.960000 0.991037
-0.956000 0.991037
-0.952000 0.991037
-0.948000 0.991037
-0.944000 0.991038
-0.940000 0.991038
-0.936000 0.991038
-0.932000 0.991038
-0.928000 0.991038
-0.924000 0.991039
-0.920000 0.991039
-0.916000 0.991039
-0.912000 0.991040
-0.908000 0.991040
-0.904000 0.991041
-0.900000 0.991041
-0.896000 0.991042
-0.892000 0.991043
-0.888000 0.991044
-0.884000 0.991045
-0.880000 0.991046
-0.876000 0.991048
-0.872000 0.991049
-0.868000 0.991051
-0.864000 0.991053
-0.860000 0.991055
-0.856000 0.991058
-0.852000 0.991061
-0.848000 0.991064
-0.844000 0.991067
-0.840000 0.991071
-0.836000 0.991075
-0.832000 0.991080
-0.828000 0.991085
-0.824000 0.991090
-0.820000 0.991097
-0.816000 0.991103
-0.812000 0.991110
-0.808000 0.991118
-0.804000 0.991127
-0.800000 0.991136
-0.796000 0.991146
-0.792000 0.991157
-0.788000 0.991169
-0.784000 0.991181
-0.780000 0.991194
-0.776000 0.991209
-0.772000 0.991224
-0.768000 0.991240
-0.764000 0.991258
-0.760000 0.991276
-0.756000 0.991295
-0.752000 0.991316
-0.748000 0.991338
-0.744000 0.991361
-0.740000 0.991385
-0.736000 0.991410
-0.732000 0.991437
-0.728000 0.991465
-0.724000 0.991494
-0.720000 0.991524
-0.716000 0.991556
-0.712000 0.991588
-0.708000 0.991623
-0.704000 0.991658
-0.700000 0.991694
-0.696000 0.991732
-0.692000 0.991771
-0.688000 0.991812
-0.684000 0.991853
-0.680000 0.991895
-0.676000 0.991939
-0.672000 0.991984
-0.668000 0.992029
-0.664000 0.992076
-0.660000 0.992123
-0.656000 0.992172
-0.652000 0.992221
-0.648000 0.992271
-0.644000 0.992321
-0.640000 0.992373
-0.636000 0.992424
-0.632000 0.992477
-0.628000 0.992529
-0.624000 0.992583
-0.620000 0.992636
-0.616000 0.992690
-0.612000 0.992744
-0.608000 0.992798
-0.604000 0.992852
-0.600000 0.992906
-0.596000 0.992960
-0.592000 0.993013
-0.588000 0.993067
-0.584000 0.993120
-0.580000 0.993173
-0.576000 0.993225
-0.572000 0.993278
-0.568000 0.993329
-0.564000 0.993380
-0.560000 0.993430
-0.556000 0.993480
-0.552000 0.993529
-0.548000 0.993577
-0.544000 0.993624
-0.540000 0.993671
-0.536000 0.993717
-0.532000 0.993761
-0.528000 0.993805
-0.524000 0.993848
-0.520000 0.993890
-0.516000 0.993931
-0.512000 0.993971
-0.508000 0.994010
-0.504000 0.994047
-0.500000 0.994084
-0.496000 0.994120
-0.492000 0.994154
-0.488000 0.994188
-0.484000 0.994221
-0.480000 0.994252
-0.476000 0.994282
-0.472000 0.994312
-0.468000 0.994340
-0.464000 0.994367
-0.460000 0.994394
-0.456000 0.994419
-0.452000 0.994443
-0.448000 0.994467
-0.444000 0.994489
-0.440000 0.994511
-0.436000 0.994531
-0.432000 0.994551
-0.428000 0.994570
-0.424000 0.994588
-0.420000 0.994605
-0.416000 0.994621
-0.412000 0.994637
-0.408000 0.994652
-0.404000 0.994666
-0.400000 0.994680
-0.396000 0.994692
-0.392000 0.994704
-0.388000 0.994716
-0.384000 0.994727
-0.380000 0.994737
-0.376000 0.994747
-0.372000 0.994756
-0.368000 0.994765
-0.364000 0.994773
-0.360000 0.994781
-0.356000 0.994788
-0.352000 0.994795
-0.348000 0.994802
-0.344000 0.994808
-0.340000 0.994814
-0.336000 0.994819
-0.332000 0.994824
-0.328000 0.994829
-0.324000 0.994833
-0.320000 0.994837
-0.316000 0.994841
-0.312000 0.994845
-0.308000 0.994848
-0.304000 0.994852
-0.300000 0.994855
-0.296000 0.994857
-0.292000 0.994860
-0.288000 0.994862
-0.284000 0.994865
-0.280000 0.994867
-0.276000 0.994869
-0.272000 0.994870
-0.268000 0.994872
-0.264000 0.994874
-0.260000 0.994875
-0.256000 0.994876
-0.252000 0.994878
-0.248000 0.994879
-0.244000 0.994880
-0.240000 0.994881
-0.236000 0.994882
-0.232000 0.994883
-0.228000 0.994883
-0.224000 0.994884
-0.220000 0.994885
-0.216000 0.994885
-0.212000 0.994886
-0.208000 0.994886
-0.204000 0.994887
-0.200000 0.994887
-0.196000 0.994888
-0.192000 0.994888
-0.188000 0.994888
-0.184000 0.994889
-0.180000 0.994889
-0.176000 0.994889
-0.172000 0.994890
-0.168000 0.994890
-0.164000 0.994890
-0.160000 0.994890
-0.156000 0.994890
-0.152000 0.994890
-0.148000 0.994891
-0.144000 0.994891
-0.140000 0.994891
-0.136000 0.994891
-0.132000 0.994891
-0.128000 0.994891
-0.124000 0.994891
-0.120000 0.994891
-0.116000 0.994891
-0.112000 0.994891
-0.108000 0.994891
-0.104000 0.994892
-0.100000 0.994892
-0.096000 0.994892
-0.092000 0.994892
-0.088000 0.994892
-0.084000 0.994892
-0.080000 0.994892
-0.076000 0.994892
-0.072000 0.994892
-0.068000 0.994892
-0.064000 0.994892
-0.060000 0.994892
-0.056000 0.994892
-0.052000 0.994892
-0.048000 0.994892
-0.044000 0.994892
-0.040000 0.994892
-0.036000 0.994892
-0.032000 0.994892
-0.028000 0.994892
-0.024000 0.994892
-0.020000 0.994892
-0.016000 0.994892
-0.012000 0.994892
-0.008000 0.994892
-0.004000 0.994892
0.000000 0.994892
0.004000 0.994892
0.008000 0.994892
0.012000 0.994892
0.016000 0.994892
0.020000 0.994892
0.024000 0.994892
0.028000 0.994892
0.032000 0.994892
0.036000 0.994892
0.040000 0.994892
0.044000 0.994892
0.048000 0.994892
0.052000 0.994892
0.056000 0.994892
0.060000 0.994892
0.064000 0.994892
0.068000 0.994892
0.072000 0.994892
0.076000 0.994892
0.080000 0.994892
0.084000 0.994892
0.088000 0.994892
0.092000 0.994892
0.096000 0.994892
0.100000 0.994892
0.104000 0.994892
0.108000 0.994892
0.112000 0.994892
0.116000 0.994892
0.120000 0.994892
0.124000 0.994892
0.128000 0.994892
0.132000 0.994892
0.136000 0.994892
0.140000 0.994892
0.144000 0.994892
0.148000 0.994892
0.152000 0.994892
0.156000 0.994892
0.160000 0.994892
0.164000 0.994892
0.168000 0.994892
0.172000 0.994892
0.176000 0.994892
0.180000 0.994892
0.184000 0.994892
0.188000 0.994892
0.192000 0.994892
0.196000 0.994892
0.200000 0.994892
0.204000 0.994892
0.208000 0.994892
0.212000 0.994892
0.216000 0.994892
0.220000 0.994892
0.224000 0.994892
0.228000 0.994892
0.232000 0.994892
0.236000 0.994892
0.240000 0.994892
0.244000 0.994892
0.248000 0.994892
0.252000 0.994892
0.256000 0.994892
0.260000 0.994892
0.264000 0.994892
0.268000 0.994892
0.272000 0.994892
0.276000 0.994892
0.280000 0.994892
0.284000 0.994892
0.288000 0.994892
0.292000 0.994892
0.296000 0.994892
0.300000 0.994892
0.304000 0.994892
0.308000 0.994892
0.312000 0.994892
0.316000 0.994892
0.320000 0.994892
0.324000 0.994892
0.328000 0.994892
0.332000 0.994892
0.336000 0.994892
0.340000 0.994892
0.344000 0.994892
0.348000 0.994892
0.352000 0.994892
0.356000 0.994892
0.360000 0.994892
0.364000 0.994892
0.368000 0.994892
0.372000 0.994892
0.376000 0.994892
0.380000 0.994892
0.384000 0.994892
0.388000 0.994892
0.392000 0.994892
0.396000 0.994892
0.400000 0.994892
0.404000 0.994892
0.408000 0.994892
0.412000 0.994892
0.416000 0.994892
0.420000 0.994892
0.424000 0.994892
0.428000 0.994892
0.432000 0.994892
0.436000 0.994892
0.440000 0.994892
0.444000 0.994892
0.448000 0.994892
0.452000 0.994892
0.456000 0.994892
0.460000 0.994892
0.464000 0.994892
0.468000 0.994892
0.472000 0.994892
0.476000 0.994892
0.480000 0.994892
0.484000 0.994892
0.488000 0.994892
0.492000 0.994892
0.496000 0.994892
0.500000 0.994892
0.504000 0.994892
0.508000 0.994892
0.512000 0.994892
0.516000 0.994892
0.520000 0.994892
0.524000 0.994892
0.528000 0.994892
0.532000 0.994892
0.536000 0.994892
0.540000 0.994892
0.544000 0.994892
0.548000 0.994892
0.552000 0.994892
0.556000 0.994892
0.560000 0.994892
0.564000 0.994892
0.568000 0.994892
0.572000 0.994892
0.576000 0.994892
0.580000 0.994892
0.584000 0.994892
0.588000 0.994892
0.592000 0.994892
0.596000 0.994892
0.600000 0.994892
0.604000 0.994892
0.608000 0.994892
0.612000 0.994892
0.616000 0.994892
0.620000 0.994892
0.624000 0.994892
0.628000 0.994892
0.632000 0.994892
0.636000 0.994892
0.640000 0.994892
0.644000 0.994892
0.648000 0.994892
0.652000 0.994892
0.656000 0.994892
0.660000 0.994892
0.664000 0.994892
0.668000 0.994892
0.672000 0.994892
0.676000 0.994892
0.680000 0.994892
0.684000 0.994892
0.688000 0.994892
0.692000 0.994892
0.696000 0.994892
0.700000 0.994892
0.704000 0.994892
0.708000 0.994892
0.712000 0.994892
0.716000 0.994892
0.720000 0.994892
0.724000 0.994892
0.728000 0.994892
0.732000 0.994892
0.736000 0.994892
0.740000 0.994892
0.744000 0.994892
0.748000 0.994892
0.752000 0.994892
0.756000 0.994892
0.760000 0.994892
0.764000 0.994892
0.768000 0.994892
0.772000 0.994892
0.776000 0.994892
0.780000 0.994892
0.784000 0.994892
0.788000 0.994892
0.792000 0.994892
0.796000 0.994892
0.800000 0.994892
0.804000 0.994892
0.808000 0.994892
0.812000 0.994892
0.816000 0.994892
0.820000 0.994892
0.824000 0.994892
0.828000 0.994892
0.832000 0.994892
0.836000 0.994892
0.840000 0.994892
0.844000 0.994892
0.848000 0.994892
0.852000 0.994892
0.856000 0.994892
0.860000 0.994892
0.864000 0.994892
0.868000 0.994892
0.872000 0.994892
0.876000 0.994892
0.880000 0.994892
0.884000 0.994892
0.888000 0.994892
0.892000 0.994892
0.896000 0.994892
0.900000 0.994892
0.904000 0.994892
0.908000 0.994892
0.912000 0.994892
0.916000 0.994892
0.920000 0.994892
0.924000 0.994892
0.928000 0.994892
0.932000 0.994892
0.936000 0.994892
0.940000 0.994892
0.944000 0.994892
0.948000 0.994892
0.952000 0.994892
0.956000 0.994892
0.960000 0.994892
0.964000 0.994892
0.968000 0.994892
0.972000 0.994892
0.976000 0.994892
0.980000 0.994892
0.984000 0.994892
0.988000 0.994892
0.992000 0.994892
0.996000 0.994892
1.000000 0.994892
