-1.000000 0.991037
-0.996000 0.991037
-0.992000 0.991037
-0.988000 0.991037
-0.984000 0.991037
-0.980000 0.991037
-0.976000 0.991037
-0.972000 0.991037
-0.968000 0.991037
-0.964000 0.991037
-0.960000 0.991037
-0.956000 0.991037
-0.952000 0.991037
-0.948000 0.991037
-0.944000 0.991037
-0.940000 0.991037
-0.936000 0.991037
-0.932000 0.991037
-0.928000 0.991037
-0.924000 0.991037
-0.920000 0.991037
-0.916000 0.991037
-0.912000 0.991037
-0.908000 0.991037
-0.904000 0.991037
-0.900000 0.991037
-0.896000 0.991037
-0.892000 0.991037
-0.888000 0.991037
-0.884000 0.991037
-0.880000 0.991037
-0.876000 0.991037
-0.872000 0.991037
-0.868000 0.991037
-0.864000 0.991037
-0.860000 0.991037
-0.856000 0.991037
-0.852000 0.991037
-0.848000 0.991037
-0.844000 0.991037
-0.840000 0.991037
-0.836000 0.991037
-0.832000 0.991037
-0.828000 0.991037
-0.824000 0.991037
-0.820000 0.991037
-0.816000 0.991037
-0.812000 0.991037
-0.808000 0.991037
-0.804000 0.991037
-0.800000 0.991037
-0.796000 0.991037
-0.792000 0.991037
-0.788000 0.991037
-0.784000 0.991037
-0.780000 0.991037
-0.776000 0.991037
-0.772000 0.991037
-0.768000 0.991037
-0.764000 0.991037
-0.760000 0.991037
-0.756000 0.991037
-0.752000 0.991037
-0.748000 0.991037
-0.744000 0.991037
-0.740000 0.991037
-0.736000 0.991037
-0.732000 0.991037
-0.728000 0.991037
-0.724000 0.991037
-0.720000 0.991037
-0.716000 0.991037
-0.712000 0.991037
-0.708000 0.991037
-0.704000 0.991037
-0.700000 0.991037
-0.696000 0.991037
-0.692000 0.991037
-0.688000 0.991037
-0.684000 0.991037
-0.680000 0.991037
-0.676000 0.991037
-0.672000 0.991037
-0.668000 0.991037
-0.664000 0.991037
-0.660000 0.991037
-0.656000 0.991037
-0.652000 0.991037
-0.648000 0.991037
-0.644000 0.991037
-0.640000 0.991037
-0.636000 0.991037
-0.632000 0.991037
-0.628000 0.991038
-0.624000 0.991038
-0.620000 0.991038
-0.616000 0.991038
-0.612000 0.991038
-0.608000 0.991038
-0.604000 0.991038
-0.600000 0.991038
-0.596000 0.991038
-0.592000 0.991038
-0.588000 0.991038
-0.584000 0.991039
-0.580000 0.991039
-0.576000 0.991039
-0.572000 0.991039
-0.568000 0.991039
-0.564000 0.991039
-0.560000 0.991040
-0.556000 0.991040
-0.552000 0.991040
-0.548000 0.991040
-0.544000 0.991041
-0.540000 0.991041
-0.536000 0.991042
-0.532000 0.991042
-0.528000 0.991042
-0.524000 0.991043
-0.520000 0.991043
-0.516000 0.991044
-0.512000 0.991045
-0.508000 0.991045
-0.504000 0.991046
-0.500000 0.991047
-0.496000 0.991047
-0.492000 0.991048
-0.488000 0.991049
-0.484000 0.991050
-0.480000 0.991051
-0.476000 0.991052
-0.472000 0.991053
-0.468000 0.991055
-0.464000 0.991056
-0.460000 0.991058
-0.456000 0.991059
-0.452000 0.991061
-0.448000 0.991062
-0.444000 0.991064
-0.440000 0.991066
-0.436000 0.991068
-0.432000 0.991071
-0.428000 0.991073
-0.424000 0.991076
-0.420000 0.991078
-0.416000 0.991081
-0.412000 0.991084
-0.408000 0.991087
-0.404000 0.991090
-0.400000 0.991094
-0.396000 0.991098
-0.392000 0.991101
-0.388000 0.991106
-0.384000 0.991110
-0.380000 0.991114
-0.376000 0.991119
-0.372000 0.991124
-0.368000 0.991129
-0.364000 0.991135
-0.360000 0.991141
-0.356000 0.991147
-0.352000 0.991153
-0.348000 0.991159
-0.344000 0.991166
-0.340000 0.991174
-0.336000 0.991181
-0.332000 0.991189
-0.328000 0.991197
-0.324000 0.991205
-0.320000 0.991214
-0.316000 0.991224
-0.312000 0.991233
-0.308000 0.991243
-0.304000 0.991253
-0.300000 0.991264
-0.296000 0.991275
-0.292000 0.991287
-0.288000 0.991299
-0.284000 0.991311
-0.280000 0.991324
-0.276000 0.991337
-0.272000 0.991351
-0.268000 0.991365
-0.264000 0.991379
-0.260000 0.991394
-0.256000 0.991410
-0.252000 0.991426
-0.248000 0.991442
-0.244000 0.991459
-0.240000 0.991476
-0.236000 0.991494
-0.232000 0.991512
-0.228000 0.991531
-0.224000 0.991551
-0.220000 0.991570
-0.216000 0.991591
-0.212000 0.991611
-0.208000 0.991633
-0.204000 0.991654
-0.200000 0.991676
-0.196000 0.991699
-0.192000 0.991722
-0.188000 0.991746
-0.184000 0.991770
-0.180000 0.991794
-0.176000 0.991819
-0.172000 0.991845
-0.168000 0.991871
-0.164000 0.991897
-0.160000 0.991924
-0.156000 0.991951
-0.152000 0.991979
-0.148000 0.992007
-0.144000 0.992035
-0.140000 0.992064
-0.136000 0.992093
-0.132000 0.992123
-0.128000 0.992153
-0.124000 0.992183
-0.120000 0.992214
-0.116000 0.992245
-0.112000 0.992276
-0.108000 0.992308
-0.104000 0.992339
-0.100000 0.992372
-0.096000 0.992404
-0.092000 0.992436
-0.088000 0.992469
-0.084000 0.992502
-0.080000 0.992535
-0.076000 0.992569
-0.072000 0.992602
-0.068000 0.992636
-0.064000 0.992670
-0.060000 0.992703
-0.056000 0.992737
-0.052000 0.992771
-0.048000 0.992806
-0.044000 0.992840
-0.040000 0.992874
-0.036000 0.992908
-0.032000 0.992942
-0.028000 0.992976
-0.024000 0.993010
-0.020000 0.993044
-0.016000 0.993078
-0.012000 0.993112
-0.008000 0.993146
-0.004000 0.993179
0.000000 0.993213
0.004000 0.993246
0.008000 0.993279
0.012000 0.993312
0.016000 0.993345
0.020000 0.993377
0.024000 0.993410
0.028000 0.993442
0.032000 0.993473
0.036000 0.993505
0.040000 0.993536
0.044000 0.993567
0.048000 0.993598
0.052000 0.993628
0.056000 0.993658
0.060000 0.993688
0.064000 0.993717
0.068000 0.993746
0.072000 0.993775
0.076000 0.993803
0.080000 0.993831
0.084000 0.993858
0.088000 0.993885
0.092000 0.993912
0.096000 0.993938
0.100000 0.993964
0.104000 0.993989
0.108000 0.994015
0.112000 0.994039
0.116000 0.994063
0.120000 0.994087
0.124000 0.994110
0.128000 0.994133
0.132000 0.994156
0.136000 0.994178
0.140000 0.994199
0.144000 0.994220
0.148000 0.994241
0.152000 0.994261
0.156000 0.994281
0.160000 0.994301
0.164000 0.994320
0.168000 0.994338
0.172000 0.994356
0.176000 0.994374
0.180000 0.994391
0.184000 0.994408
0.188000 0.994424
0.192000 0.994440
0.196000 0.994456
0.200000 0.994471
0.204000 0.994486
0.208000 0.994500
0.212000 0.994514
0.216000 0.994528
0.220000 0.994541
0.224000 0.994554
0.228000 0.994567
0.232000 0.994579
0.236000 0.994591
0.240000 0.994602
0.244000 0.994613
0.248000 0.994624
0.252000 0.994634
0.256000 0.994644
0.260000 0.994654
0.264000 0.994663
0.268000 0.994673
0.272000 0.994681
0.276000 0.994690
0.280000 0.994698
0.284000 0.994706
0.288000 0.994714
0.292000 0.994721
0.296000 0.994729
0.300000 0.994736
0.304000 0.994742
0.308000 0.994749
0.312000 0.994755
0.316000 0.994761
0.320000 0.994767
0.324000 0.994772
0.328000 0.994778
0.332000 0.994783
0.336000 0.994788
0.340000 0.994792
0.344000 0.994797
0.348000 0.994801
0.352000 0.994805
0.356000 0.994809
0.360000 0.994813
0.364000 0.994817
0.368000 0.994821
0.372000 0.994824
0.376000 0.994827
0.380000 0.994830
0.384000 0.994833
0.388000 0.994836
0.392000 0.994839
0.396000 0.994842
0.400000 0.994844
0.404000 0.994846
0.408000 0.994849
0.412000 0.994851
0.416000 0.994853
0.420000 0.994855
0.424000 0.994857
0.428000 0.994859
0.432000 0.994860
0.436000 0.994862
0.440000 0.994864
0.444000 0.994865
0.448000 0.994867
0.452000 0.994868
0.456000 0.994869
0.460000 0.994870
0.464000 0.994872
0.468000 0.994873
0.472000 0.994874
0.476000 0.994875
0.480000 0.994876
0.484000 0.994877
0.488000 0.994878
0.492000 0.994878
0.496000 0.994879
0.500000 0.994880
0.504000 0.994881
0.508000 0.994881
0.512000 0.994882
0.516000 0.994882
0.520000 0.994883
0.524000 0.994883
0.528000 0.994884
0.532000 0.994884
0.536000 0.994885
0.540000 0.994885
0.544000 0.994886
0.548000 0.994886
0.552000 0.994886
0.556000 0.994887
0.560000 0.994887
0.564000 0.994887
0.568000 0.994888
0.572000 0.994888
0.576000 0.994888
0.580000 0.994888
0.584000 0.994889
0.588000 0.994889
0.592000 0.994889
0.596000 0.994889
0.600000 0.994889
0.604000 0.994890
0.608000 0.994890
0.612000 0.994890
0.616000 0.994890
0.620000 0.994890
0.624000 0.994890
0.628000 0.994890
0.632000 0.994890
0.636000 0.994891
0.640000 0.994891
0.644000 0.994891
0.648000 0.994891
0.652000 0.994891
0.656000 0.994891
0.660000 0.994891
0.664000 0.994891
0.668000 0.994891
0.672000 0.994891
0.676000 0.994891
0.680000 0.994891
0.684000 0.994891
0.688000 0.994891
0.692000 0.994891
0.696000 0.994891
0.700000 0.994892
0.704000 0.994892
0.708000 0.994892
0.712000 0.994892
0.716000 0.994892
0.720000 0.994892
0.724000 0.994892
0.728000 0.994892
0.732000 0.994892
0.736000 0.994892
0.740000 0.994892
0.744000 0.994892
0.748000 0.994892
0.752000 0.994892
0.756000 0.994892
0.760000 0.994892
0.764000 0.994892
0.768000 0.994892
0.772000 0.994892
0.776000 0.994892
0.780000 0.994892
0.784000 0.994892
0.788000 0.994892
0.792000 0.994892
0.796000 0.994892
0.800000 0.994892
0.804000 0.994892
0.808000 0.994892
0.812000 0.994892
0.816000 0.994892
0.820000 0.994892
0.824000 0.994892
0.828000 0.994892
0.832000 0.994892
0.836000 0.994892
0.840000 0.994892
0.844000 0.994892
0.848000 0.994892
0.852000 0.994892
0.856000 0.994892
0.860000 0.994892
0.864000 0.994892
0.868000 0.994892
0.872000 0.994892
0.876000 0.994892
0.880000 0.994892
0.884000 0.994892
0.888000 0.994892
0.892000 0.994892
0.896000 0.994892
0.900000 0.994892
0.904000 0.994892
0.908000 0.994892
0.912000 0.994892
0.916000 0.994892
0.920000 0.994892
0.924000 0.994892
0.928000 0.994892
0.932000 0.994892
0.936000 0.994892
0.940000 0.994892
0.944000 0.994892
0.948000 0.994892
0.952000 0.994892
0.956000 0.994892
0.960000 0.994892
0.964000 0.994892
0.968000 0.994892
0.972000 0.994892
0.976000 0.994892
0.980000 0.994892
0.984000 0.994892
0.988000 0.994892
0.992000 0.994892
0.996000 0.994892
1.000000 0.994892
