-1.000000 0.992919
-0.996000 0.992919
-0.992000 0.992919
-0.988000 0.992919
-0.984000 0.992919
-0.980000 0.992919
-0.976000 0.992919
-0.972000 0.992919
-0.968000 0.992919
-0.964000 0.992919
-0.960000 0.992919
-0.956000 0.992919
-0.952000 0.992919
-0.948000 0.992919
-0.944000 0.992919
-0.940000 0.992919
-0.936000 0.992919
-0.932000 0.992919
-0.928000 0.992919
-0.924000 0.992919
-0.920000 0.992919
-0.916000 0.992919
-0.912000 0.992919
-0.908000 0.992919
-0.904000 0.992919
-0.900000 0.992919
-0.896000 0.992919
-0.892000 0.992919
-0.888000 0.992919
-0.884000 0.992919
-0.880000 0.992919
-0.876000 0.992919
-0.872000 0.992919
-0.868000 0.992919
-0.864000 0.992919
-0.860000 0.992919
-0.856000 0.992919
-0.852000 0.992919
-0.848000 0.992919
-0.844000 0.992919
-0.840000 0.992919
-0.836000 0.992919
-0.832000 0.992919
-0.828000 0.992919
-0.824000 0.992919
-0.820000 0.992919
-0.816000 0.992919
-0.812000 0.992919
-0.808000 0.992919
-0.804000 0.992919
-0.800000 0.992919
-0.796000 0.992919
-0.792000 0.992919
-0.788000 0.992919
-0.784000 0.992919
-0.780000 0.992919
-0.776000 0.992919
-0.772000 0.992919
-0.768000 0.992919
-0.764000 0.992919
-0.760000 0.992919
-0.756000 0.992919
-0.752000 0.992919
-0.748000 0.992919
-0.744000 0.992919
-0.740000 0.992919
-0.736000 0.992919
-0.732000 0.992919
-0.728000 0.992919
-0.724000 0.992919
-0.720000 0.992919
-0.716000 0.992919
-0.712000 0.992919
-0.708000 0.992919
-0.704000 0.992919
-0.700000 0.992919
-0.696000 0.992919
-0.692000 0.992919
-0.688000 0.992919
-0.684000 0.992919
-0.680000 0.992919
-0.676000 0.992919
-0.672000 0.992919
-0.668000 0.992919
-0.664000 0.992919
-0.660000 0.992919
-0.656000 0.992919
-0.652000 0.992919
-0.648000 0.992919
-0.644000 0.992919
-0.640000 0.992919
-0.636000 0.992919
-0.632000 0.992919
-0.628000 0.992919
-0.624000 0.992919
-0.620000 0.992919
-0.616000 0.992919
-0.612000 0.992919
-0.608000 0.992919
-0.604000 0.992919
-0.600000 0.992919
-0.596000 0.992919
-0.592000 0.992919
-0.588000 0.992919
-0.584000 0.992919
-0.580000 0.992919
-0.576000 0.992919
-0.572000 0.992919
-0.568000 0.992919
-0.564000 0.992919
-0.560000 0.992919
-0.556000 0.992919
-0.552000 0.992919
-0.548000 0.992919
-0.544000 0.992919
-0.540000 0.992919
-0.536000 0.992919
-0.532000 0.992919
-0.528000 0.992919
-0.524000 0.992919
-0.520000 0.992919
-0.516000 0.992919
-0.512000 0.992919
-0.508000 0.992919
-0.504000 0.992919
-0.500000 0.992919
-0.496000 0.992919
-0.492000 0.992919
-0.488000 0.992919
-0.484000 0.992919
-0.480000 0.992919
-0.476000 0.992919
-0.472000 0.992919
-0.468000 0.992919
-0.464000 0.992919
-0.460000 0.992919
-0.456000 0.992919
-0.452000 0.992919
-0.448000 0.992919
-0.444000 0.992919
-0.440000 0.992919
-0.436000 0.992919
-0.432000 0.992919
-0.428000 0.992919
-0.424000 0.992919
-0.420000 0.992919
-0.416000 0.992919
-0.412000 0.992919
-0.408000 0.992919
-0.404000 0.992919
-0.400000 0.992919
-0.396000 0.992919
-0.392000 0.992919
-0.388000 0.992919
-0.384000 0.992919
-0.380000 0.992919
-0.376000 0.992919
-0.372000 0.992919
-0.368000 0.992919
-0.364000 0.992919
-0.360000 0.992919
-0.356000 0.992919
-0.352000 0.992919
-0.348000 0.992919
-0.344000 0.992919
-0.340000 0.992919
-0.336000 0.992919
-0.332000 0.992919
-0.328000 0.992919
-0.324000 0.992919
-0.320000 0.992919
-0.316000 0.992919
-0.312000 0.992919
-0.308000 0.992919
-0.304000 0.992919
-0.300000 0.992919
-0.296000 0.992919
-0.292000 0.992919
-0.288000 0.992919
-0.284000 0.992919
-0.280000 0.992919
-0.276000 0.992919
-0.272000 0.992919
-0.268000 0.992919
-0.264000 0.992919
-0.260000 0.992919
-0.256000 0.992919
-0.252000 0.992919
-0.248000 0.992919
-0.244000 0.992919
-0.240000 0.992919
-0.236000 0.992919
-0.232000 0.992919
-0.228000 0.992919
-0.224000 0.992919
-0.220000 0.992919
-0.216000 0.992919
-0.212000 0.992919
-0.208000 0.992919
-0.204000 0.992919
-0.200000 0.992919
-0.196000 0.992919
-0.192000 0.992919
-0.188000 0.992919
-0.184000 0.992919
-0.180000 0.992919
-0.176000 0.992919
-0.172000 0.992919
-0.168000 0.992919
-0.164000 0.992919
-0.160000 0.992919
-0.156000 0.992919
-0.152000 0.992919
-0.148000 0.992919
-0.144000 0.992919
-0.140000 0.992919
-0.136000 0.992919
-0.132000 0.992919
-0.128000 0.992919
-0.124000 0.992919
-0.120000 0.992919
-0.116000 0.992919
-0.112000 0.992919
-0.108000 0.992919
-0.104000 0.992919
-0.100000 0.992919
-0.096000 0.992919
-0.092000 0.992919
-0.088000 0.992919
-0.084000 0.992919
-0.080000 0.992919
-0.076000 0.992919
-0.072000 0.992919
-0.068000 0.992920
-0.064000 0.992920
-0.060000 0.992920
-0.056000 0.992920
-0.052000 0.992920
-0.048000 0.992920
-0.044000 0.992920
-0.040000 0.992920
-0.036000 0.992920
-0.032000 0.992920
-0.028000 0.992920
-0.024000 0.992920
-0.020000 0.992920
-0.016000 0.992920
-0.012000 0.992920
-0.008000 0.992921
-0.004000 0.992921
0.000000 0.992921
0.004000 0.992921
0.008000 0.992921
0.012000 0.992921
0.016000 0.992921
0.020000 0.992921
0.024000 0.992922
0.028000 0.992922
0.032000 0.992922
0.036000 0.992922
0.040000 0.992922
0.044000 0.992923
0.048000 0.992923
0.052000 0.992923
0.056000 0.992923
0.060000 0.992924
0.064000 0.992924
0.068000 0.992924
0.072000 0.992925
0.076000 0.992925
0.080000 0.992925
0.084000 0.992926
0.088000 0.992926
0.092000 0.992927
0.096000 0.992927
0.100000 0.992928
0.104000 0.992928
0.108000 0.992929
0.112000 0.992929
0.116000 0.992930
0.120000 0.992931
0.124000 0.992931
0.128000 0.992932
0.132000 0.992933
0.136000 0.992934
0.140000 0.992935
0.144000 0.992935
0.148000 0.992936
0.152000 0.992937
0.156000 0.992938
0.160000 0.992940
0.164000 0.992941
0.168000 0.992942
0.172000 0.992943
0.176000 0.992944
0.180000 0.992946
0.184000 0.992947
0.188000 0.992949
0.192000 0.992950
0.196000 0.992952
0.200000 0.992954
0.204000 0.992956
0.208000 0.992958
0.212000 0.992960
0.216000 0.992962
0.220000 0.992964
0.224000 0.992966
0.228000 0.992969
0.232000 0.992971
0.236000 0.992974
0.240000 0.992977
0.244000 0.992979
0.248000 0.992982
0.252000 0.992985
0.256000 0.992989
0.260000 0.992992
0.264000 0.992995
0.268000 0.992999
0.272000 0.993003
0.276000 0.993007
0.280000 0.993011
0.284000 0.993015
0.288000 0.993019
0.292000 0.993024
0.296000 0.993029
0.300000 0.993034
0.304000 0.993039
0.308000 0.993044
0.312000 0.993050
0.316000 0.993055
0.320000 0.993061
0.324000 0.993067
0.328000 0.993074
0.332000 0.993080
0.336000 0.993087
0.340000 0.993094
0.344000 0.993101
0.348000 0.993109
0.352000 0.993116
0.356000 0.993124
0.360000 0.993133
0.364000 0.993141
0.368000 0.993150
0.372000 0.993159
0.376000 0.993168
0.380000 0.993178
0.384000 0.993188
0.388000 0.993198
0.392000 0.993209
0.396000 0.993219
0.400000 0.993231
0.404000 0.993242
0.408000 0.993254
0.412000 0.993266
0.416000 0.993279
0.420000 0.993291
0.424000 0.993305
0.428000 0.993318
0.432000 0.993332
0.436000 0.993346
0.440000 0.993361
0.444000 0.993376
0.448000 0.993392
0.452000 0.993407
0.456000 0.993424
0.460000 0.993440
0.464000 0.993457
0.468000 0.993475
0.472000 0.993493
0.476000 0.993511
0.480000 0.993529
0.484000 0.993549
0.488000 0.993568
0.492000 0.993588
0.496000 0.993608
0.500000 0.993629
0.504000 0.993650
0.508000 0.993672
0.512000 0.993694
0.516000 0.993717
0.520000 0.993740
0.524000 0.993763
0.528000 0.993787
0.532000 0.993812
0.536000 0.993837
0.540000 0.993862
0.544000 0.993888
0.548000 0.993914
0.552000 0.993941
0.556000 0.993968
0.560000 0.993995
0.564000 0.994023
0.568000 0.994052
0.572000 0.994081
0.576000 0.994110
0.580000 0.994140
0.584000 0.994171
0.588000 0.994202
0.592000 0.994233
0.596000 0.994264
0.600000 0.994297
0.604000 0.994329
0.608000 0.994362
0.612000 0.994396
0.616000 0.994430
0.620000 0.994464
0.624000 0.994499
0.628000 0.994534
0.632000 0.994569
0.636000 0.994605
0.640000 0.994642
0.644000 0.994678
0.648000 0.994715
0.652000 0.994753
0.656000 0.994791
0.660000 0.994829
0.664000 0.994868
0.668000 0.994907
0.672000 0.994946
0.676000 0.994986
0.680000 0.995026
0.684000 0.995066
0.688000 0.995107
0.692000 0.995148
0.696000 0.995189
0.700000 0.995230
0.704000 0.995272
0.708000 0.995314
0.712000 0.995357
0.716000 0.995399
0.720000 0.995442
0.724000 0.995485
0.728000 0.995528
0.732000 0.995572
0.736000 0.995616
0.740000 0.995659
0.744000 0.995703
0.748000 0.995748
0.752000 0.995792
0.756000 0.995836
0.760000 0.995881
0.764000 0.995926
0.768000 0.995971
0.772000 0.996016
0.776000 0.996061
0.780000 0.996106
0.784000 0.996151
0.788000 0.996196
0.792000 0.996242
0.796000 0.996287
0.800000 0.996332
0.804000 0.996378
0.808000 0.996423
0.812000 0.996468
0.816000 0.996513
0.820000 0.996559
0.824000 0.996604
0.828000 0.996649
0.832000 0.996694
0.836000 0.996739
0.840000 0.996784
0.844000 0.996828
0.848000 0.996873
0.852000 0.996918
0.856000 0.996962
0.860000 0.997006
0.864000 0.997050
0.868000 0.997094
0.872000 0.997138
0.876000 0.997181
0.880000 0.997224
0.884000 0.997268
0.888000 0.997310
0.892000 0.997353
0.896000 0.997395
0.900000 0.997438
0.904000 0.997479
0.908000 0.997521
0.912000 0.997562
0.916000 0.997603
0.920000 0.997644
0.924000 0.997685
0.928000 0.997725
0.932000 0.997765
0.936000 0.997805
0.940000 0.997844
0.944000 0.997883
0.948000 0.997922
0.952000 0.997961
0.956000 0.998000
0.960000 0.998039
0.964000 0.998078
0.968000 0.998118
0.972000 0.998158
0.976000 0.998201
0.980000 0.998245
0.984000 0.998292
0.988000 0.998345
0.992000 0.998404
0.996000 0.998473
1.000000 0.998557
