-1.000000 0.991037
-0.996000 0.991037
-0.992000 0.991037
-0.988000 0.991037
-0.984000 0.991037
-0.980000 0.991037
-0.976000 0.991037
-0.972000 0.991037
-0.968000 0.991037
-0.964000 0.991037
-0.960000 0.991037
-0.956000 0.991037
-0.952000 0.991037
-0.948000 0.991037
-0.944000 0.991037
-0.940000 0.991037
-0.936000 0.991037
-0.932000 0.991037
-0.928000 0.991037
-0.924000 0.991037
-0.920000 0.991037
-0.916000 0.991037
-0.912000 0.991037
-0.908000 0.991037
-0.904000 0.991037
-0.900000 0.991037
-0.896000 0.991037
-0.892000 0.991037
-0.888000 0.991037
-0.884000 0.991037
-0.880000 0.991037
-0.876000 0.991037
-0.872000 0.991037
-0.868000 0.991037
-0.864000 0.991037
-0.860000 0.991037
-0.856000 0.991037
-0.852000 0.991037
-0.848000 0.991037
-0.844000 0.991037
-0.840000 0.991037
-0.836000 0.991037
-0.832000 0.991037
-0.828000 0.991037
-0.824000 0.991037
-0.820000 0.991037
-0.816000 0.991037
-0.812000 0.991037
-0.808000 0.991037
-0.804000 0.991037
-0.800000 0.991037
-0.796000 0.991037
-0.792000 0.991037
-0.788000 0.991037
-0.784000 0.991037
-0.780000 0.991037
-0.776000 0.991037
-0.772000 0.991037
-0.768000 0.991037
-0.764000 0.991037
-0.760000 0.991037
-0.756000 0.991037
-0.752000 0.991037
-0.748000 0.991037
-0.744000 0.991037
-0.740000 0.991037
-0.736000 0.991037
-0.732000 0.991037
-0.728000 0.991037
-0.724000 0.991037
-0.720000 0.991037
-0.716000 0.991037
-0.712000 0.991037
-0.708000 0.991037
-0.704000 0.991037
-0.700000 0.991037
-0.696000 0.991037
-0.692000 0.991037
-0.688000 0.991037
-0.684000 0.991037
-0.680000 0.991037
-0.676000 0.991037
-0.672000 0.991037
-0.668000 0.991037
-0.664000 0.991037
-0.660000 0.991037
-0.656000 0.991037
-0.652000 0.991037
-0.648000 0.991037
-0.644000 0.991037
-0.640000 0.991037
-0.636000 0.991037
-0.632000 0.991037
-0.628000 0.991037
-0.624000 0.991037
-0.620000 0.991037
-0.616000 0.991037
-0.612000 0.991037
-0.608000 0.991037
-0.604000 0.991037
-0.600000 0.991037
-0.596000 0.991037
-0.592000 0.991037
-0.588000 0.991037
-0.584000 0.991037
-0.580000 0.991037
-0.576000 0.991037
-0.572000 0.991037
-0.568000 0.991037
-0.564000 0.991037
-0.560000 0.991037
-0.556000 0.991037
-0.552000 0.991037
-0.548000 0.991037
-0.544000 0.991037
-0.540000 0.991037
-0.536000 0.991037
-0.532000 0.991037
-0.528000 0.991037
-0.524000 0.991037
-0.520000 0.991037
-0.516000 0.991037
-0.512000 0.991037
-0.508000 0.991037
-0.504000 0.991037
-0.500000 0.991037
-0.496000 0.991037
-0.492000 0.991037
-0.488000 0.991037
-0.484000 0.991037
-0.480000 0.991037
-0.476000 0.991037
-0.472000 0.991038
-0.468000 0.991038
-0.464000 0.991038
-0.460000 0.991038
-0.456000 0.991038
-0.452000 0.991038
-0.448000 0.991038
-0.444000 0.991038
-0.440000 0.991038
-0.436000 0.991038
-0.432000 0.991038
-0.428000 0.991038
-0.424000 0.991039
-0.420000 0.991039
-0.416000 0.991039
-0.412000 0.991039
-0.408000 0.991039
-0.404000 0.991039
-0.400000 0.991040
-0.396000 0.991040
-0.392000 0.991040
-0.388000 0.991040
-0.384000 0.991040
-0.380000 0.991041
-0.376000 0.991041
-0.372000 0.991041
-0.368000 0.991042
-0.364000 0.991042
-0.360000 0.991043
-0.356000 0.991043
-0.352000 0.991043
-0.348000 0.991044
-0.344000 0.991044
-0.340000 0.991045
-0.336000 0.991046
-0.332000 0.991046
-0.328000 0.991047
-0.324000 0.991048
-0.320000 0.991048
-0.316000 0.991049
-0.312000 0.991050
-0.308000 0.991051
-0.304000 0.991052
-0.300000 0.991053
-0.296000 0.991054
-0.292000 0.991055
-0.288000 0.991056
-0.284000 0.991058
-0.280000 0.991059
-0.276000 0.991060
-0.272000 0.991062
-0.268000 0.991064
-0.264000 0.991065
-0.260000 0.991067
-0.256000 0.991069
-0.252000 0.991071
-0.248000 0.991073
-0.244000 0.991075
-0.240000 0.991078
-0.236000 0.991080
-0.232000 0.991083
-0.228000 0.991085
-0.224000 0.991088
-0.220000 0.991091
-0.216000 0.991094
-0.212000 0.991098
-0.208000 0.991101
-0.204000 0.991105
-0.200000 0.991108
-0.196000 0.991112
-0.192000 0.991116
-0.188000 0.991121
-0.184000 0.991125
-0.180000 0.991130
-0.176000 0.991135
-0.172000 0.991140
-0.168000 0.991145
-0.164000 0.991151
-0.160000 0.991156
-0.156000 0.991162
-0.152000 0.991169
-0.148000 0.991175
-0.144000 0.991182
-0.140000 0.991189
-0.136000 0.991196
-0.132000 0.991203
-0.128000 0.991211
-0.124000 0.991219
-0.120000 0.991228
-0.116000 0.991236
-0.112000 0.991245
-0.108000 0.991254
-0.104000 0.991264
-0.100000 0.991274
-0.096000 0.991284
-0.092000 0.991294
-0.088000 0.991305
-0.084000 0.991316
-0.080000 0.991328
-0.076000 0.991340
-0.072000 0.991352
-0.068000 0.991365
-0.064000 0.991378
-0.060000 0.991391
-0.056000 0.991405
-0.052000 0.991419
-0.048000 0.991433
-0.044000 0.991448
-0.040000 0.991463
-0.036000 0.991478
-0.032000 0.991494
-0.028000 0.991511
-0.024000 0.991527
-0.020000 0.991544
-0.016000 0.991562
-0.012000 0.991580
-0.008000 0.991598
-0.004000 0.991617
0.000000 0.991636
0.004000 0.991655
0.008000 0.991675
0.012000 0.991695
0.016000 0.991715
0.020000 0.991736
0.024000 0.991758
0.028000 0.991779
0.032000 0.991801
0.036000 0.991824
0.040000 0.991847
0.044000 0.991870
0.048000 0.991893
0.052000 0.991917
0.056000 0.991941
0.060000 0.991966
0.064000 0.991991
0.068000 0.992016
0.072000 0.992042
0.076000 0.992067
0.080000 0.992093
0.084000 0.992120
0.088000 0.992147
0.092000 0.992174
0.096000 0.992201
0.100000 0.992228
0.104000 0.992256
0.108000 0.992284
0.112000 0.992313
0.116000 0.992341
0.120000 0.992370
0.124000 0.992399
0.128000 0.992428
0.132000 0.992457
0.136000 0.992487
0.140000 0.992516
0.144000 0.992546
0.148000 0.992576
0.152000 0.992606
0.156000 0.992636
0.160000 0.992666
0.164000 0.992697
0.168000 0.992727
0.172000 0.992758
0.176000 0.992788
0.180000 0.992819
0.184000 0.992849
0.188000 0.992880
0.192000 0.992911
0.196000 0.992941
0.200000 0.992972
0.204000 0.993002
0.208000 0.993033
0.212000 0.993063
0.216000 0.993094
0.220000 0.993124
0.224000 0.993154
0.228000 0.993184
0.232000 0.993214
0.236000 0.993244
0.240000 0.993274
0.244000 0.993304
0.248000 0.993333
0.252000 0.993362
0.256000 0.993392
0.260000 0.993420
0.264000 0.993449
0.268000 0.993478
0.272000 0.993506
0.276000 0.993534
0.280000 0.993562
0.284000 0.993590
0.288000 0.993617
0.292000 0.993644
0.296000 0.993671
0.300000 0.993697
0.304000 0.993724
0.308000 0.993750
0.312000 0.993775
0.316000 0.993801
0.320000 0.993826
0.324000 0.993851
0.328000 0.993875
0.332000 0.993899
0.336000 0.993923
0.340000 0.993947
0.344000 0.993970
0.348000 0.993993
0.352000 0.994015
0.356000 0.994038
0.360000 0.994059
0.364000 0.994081
0.368000 0.994102
0.372000 0.994123
0.376000 0.994143
0.380000 0.994163
0.384000 0.994183
0.388000 0.994202
0.392000 0.994221
0.396000 0.994240
0.400000 0.994258
0.404000 0.994276
0.408000 0.994294
0.412000 0.994311
0.416000 0.994328
0.420000 0.994345
0.424000 0.994361
0.428000 0.994377
0.432000 0.994392
0.436000 0.994408
0.440000 0.994422
0.444000 0.994437
0.448000 0.994451
0.452000 0.994465
0.456000 0.994479
0.460000 0.994492
0.464000 0.994505
0.468000 0.994517
0.472000 0.994529
0.476000 0.994541
0.480000 0.994553
0.484000 0.994564
0.488000 0.994575
0.492000 0.994586
0.496000 0.994597
0.500000 0.994607
0.504000 0.994617
0.508000 0.994626
0.512000 0.994636
0.516000 0.994645
0.520000 0.994654
0.524000 0.994662
0.528000 0.994671
0.532000 0.994679
0.536000 0.994687
0.540000 0.994694
0.544000 0.994702
0.548000 0.994709
0.552000 0.994716
0.556000 0.994722
0.560000 0.994729
0.564000 0.994735
0.568000 0.994741
0.572000 0.994747
0.576000 0.994753
0.580000 0.994758
0.584000 0.994764
0.588000 0.994769
0.592000 0.994774
0.596000 0.994778
0.600000 0.994783
0.604000 0.994788
0.608000 0.994792
0.612000 0.994796
0.616000 0.994800
0.620000 0.994804
0.624000 0.994808
0.628000 0.994811
0.632000 0.994815
0.636000 0.994818
0.640000 0.994821
0.644000 0.994824
0.648000 0.994827
0.652000 0.994830
0.656000 0.994833
0.660000 0.994835
0.664000 0.994838
0.668000 0.994840
0.672000 0.994843
0.676000 0.994845
0.680000 0.994847
0.684000 0.994849
0.688000 0.994851
0.692000 0.994853
0.696000 0.994855
0.700000 0.994857
0.704000 0.994858
0.708000 0.994860
0.712000 0.994861
0.716000 0.994863
0.720000 0.994864
0.724000 0.994866
0.728000 0.994867
0.732000 0.994868
0.736000 0.994869
0.740000 0.994870
0.744000 0.994871
0.748000 0.994872
0.752000 0.994873
0.756000 0.994874
0.760000 0.994875
0.764000 0.994876
0.768000 0.994877
0.772000 0.994878
0.776000 0.994878
0.780000 0.994879
0.784000 0.994880
0.788000 0.994880
0.792000 0.994881
0.796000 0.994882
0.800000 0.994882
0.804000 0.994883
0.808000 0.994883
0.812000 0.994884
0.816000 0.994884
0.820000 0.994884
0.824000 0.994885
0.828000 0.994885
0.832000 0.994886
0.836000 0.994886
0.840000 0.994886
0.844000 0.994887
0.848000 0.994887
0.852000 0.994887
0.856000 0.994887
0.860000 0.994888
0.864000 0.994888
0.868000 0.994888
0.872000 0.994888
0.876000 0.994889
0.880000 0.994889
0.884000 0.994889
0.888000 0.994889
0.892000 0.994889
0.896000 0.994889
0.900000 0.994890
0.904000 0.994890
0.908000 0.994890
0.912000 0.994890
0.916000 0.994890
0.920000 0.994890
0.924000 0.994890
0.928000 0.994890
0.932000 0.994891
0.936000 0.994891
0.940000 0.994891
0.944000 0.994891
0.948000 0.994891
0.952000 0.994891
0.956000 0.994891
0.960000 0.994891
0.964000 0.994891
0.968000 0.994891
0.972000 0.994891
0.976000 0.994891
0.980000 0.994891
0.984000 0.994891
0.988000 0.994891
0.992000 0.994892
0.996000 0.994892
1.000000 0.994892
