-1.000000 0.991037
-0.996000 0.991037
-0.992000 0.991037
-0.988000 0.991037
-0.984000 0.991037
-0.980000 0.991037
-0.976000 0.991037
-0.972000 0.991037
-0.968000 0.991037
-0.964000 0.991037
-0.960000 0.991037
-0.956000 0.991037
-0.952000 0.991037
-0.948000 0.991037
-0.944000 0.991037
-0.940000 0.991037
-0.936000 0.991037
-0.932000 0.991037
-0.928000 0.991037
-0.924000 0.991037
-0.920000 0.991037
-0.916000 0.991037
-0.912000 0.991037
-0.908000 0.991037
-0.904000 0.991037
-0.900000 0.991037
-0.896000 0.991037
-0.892000 0.991037
-0.888000 0.991037
-0.884000 0.991037
-0.880000 0.991037
-0.876000 0.991037
-0.872000 0.991037
-0.868000 0.991037
-0.864000 0.991037
-0.860000 0.991037
-0.856000 0.991037
-0.852000 0.991037
-0.848000 0.991037
-0.844000 0.991037
-0.840000 0.991037
-0.836000 0.991037
-0.832000 0.991037
-0.828000 0.991037
-0.824000 0.991037
-0.820000 0.991037
-0.816000 0.991037
-0.812000 0.991037
-0.808000 0.991037
-0.804000 0.991037
-0.800000 0.991037
-0.796000 0.991037
-0.792000 0.991037
-0.788000 0.991037
-0.784000 0.991037
-0.780000 0.991037
-0.776000 0.991037
-0.772000 0.991037
-0.768000 0.991037
-0.764000 0.991037
-0.760000 0.991037
-0.756000 0.991037
-0.752000 0.991037
-0.748000 0.991037
-0.744000 0.991037
-0.740000 0.991037
-0.736000 0.991037
-0.732000 0.991037
-0.728000 0.991037
-0.724000 0.991037
-0.720000 0.991037
-0.716000 0.991037
-0.712000 0.991037
-0.708000 0.991037
-0.704000 0.991037
-0.700000 0.991037
-0.696000 0.991037
-0.692000 0.991037
-0.688000 0.991037
-0.684000 0.991037
-0.680000 0.991037
-0.676000 0.991037
-0.672000 0.991037
-0.668000 0.991037
-0.664000 0.991037
-0.660000 0.991037
-0.656000 0.991037
-0.652000 0.991037
-0.648000 0.991037
-0.644000 0.991037
-0.640000 0.991037
-0.636000 0.991037
-0.632000 0.991037
-0.628000 0.991037
-0.624000 0.991037
-0.620000 0.991037
-0.616000 0.991037
-0.612000 0.991037
-0.608000 0.991037
-0.604000 0.991037
-0.600000 0.991037
-0.596000 0.991037
-0.592000 0.991037
-0.588000 0.991037
-0.584000 0.991037
-0.580000 0.991037
-0.576000 0.991037
-0.572000 0.991037
-0.568000 0.991037
-0.564000 0.991037
-0.560000 0.991037
-0.556000 0.991037
-0.552000 0.991037
-0.548000 0.991037
-0.544000 0.991037
-0.540000 0.991038
-0.536000 0.991038
-0.532000 0.991038
-0.528000 0.991038
-0.524000 0.991038
-0.520000 0.991038
-0.516000 0.991038
-0.512000 0.991038
-0.508000 0.991038
-0.504000 0.991038
-0.500000 0.991038
-0.496000 0.991038
-0.492000 0.991039
-0.488000 0.991039
-0.484000 0.991039
-0.480000 0.991039
-0.476000 0.991039
-0.472000 0.991039
-0.468000 0.991040
-0.464000 0.991040
-0.460000 0.991040
-0.456000 0.991040
-0.452000 0.991041
-0.448000 0.991041
-0.444000 0.991041
-0.440000 0.991042
-0.436000 0.991042
-0.432000 0.991043
-0.428000 0.991043
-0.424000 0.991044
-0.420000 0.991044
-0.416000 0.991045
-0.412000 0.991045
-0.408000 0.991046
-0.404000 0.991047
-0.400000 0.991047
-0.396000 0.991048
-0.392000 0.991049
-0.388000 0.991050
-0.384000 0.991051
-0.380000 0.991052
-0.376000 0.991053
-0.372000 0.991054
-0.368000 0.991055
-0.364000 0.991057
-0.360000 0.991058
-0.356000 0.991060
-0.352000 0.991061
-0.348000 0.991063
-0.344000 0.991064
-0.340000 0.991066
-0.336000 0.991068
-0.332000 0.991070
-0.328000 0.991072
-0.324000 0.991075
-0.320000 0.991077
-0.316000 0.991080
-0.312000 0.991082
-0.308000 0.991085
-0.304000 0.991088
-0.300000 0.991091
-0.296000 0.991095
-0.292000 0.991098
-0.288000 0.991102
-0.284000 0.991106
-0.280000 0.991110
-0.276000 0.991114
-0.272000 0.991118
-0.268000 0.991123
-0.264000 0.991128
-0.260000 0.991133
-0.256000 0.991138
-0.252000 0.991143
-0.248000 0.991149
-0.244000 0.991155
-0.240000 0.991161
-0.236000 0.991168
-0.232000 0.991174
-0.228000 0.991181
-0.224000 0.991189
-0.220000 0.991196
-0.216000 0.991204
-0.212000 0.991212
-0.208000 0.991221
-0.204000 0.991230
-0.200000 0.991239
-0.196000 0.991248
-0.192000 0.991258
-0.188000 0.991268
-0.184000 0.991279
-0.180000 0.991290
-0.176000 0.991301
-0.172000 0.991312
-0.168000 0.991324
-0.164000 0.991337
-0.160000 0.991349
-0.156000 0.991362
-0.152000 0.991376
-0.148000 0.991390
-0.144000 0.991404
-0.140000 0.991419
-0.136000 0.991434
-0.132000 0.991449
-0.128000 0.991465
-0.124000 0.991482
-0.120000 0.991499
-0.116000 0.991516
-0.112000 0.991533
-0.108000 0.991551
-0.104000 0.991570
-0.100000 0.991589
-0.096000 0.991608
-0.092000 0.991628
-0.088000 0.991648
-0.084000 0.991669
-0.080000 0.991690
-0.076000 0.991711
-0.072000 0.991733
-0.068000 0.991755
-0.064000 0.991778
-0.060000 0.991801
-0.056000 0.991824
-0.052000 0.991848
-0.048000 0.991873
-0.044000 0.991897
-0.040000 0.991922
-0.036000 0.991948
-0.032000 0.991974
-0.028000 0.992000
-0.024000 0.992026
-0.020000 0.992053
-0.016000 0.992080
-0.012000 0.992108
-0.008000 0.992136
-0.004000 0.992164
0.000000 0.992192
0.004000 0.992221
0.008000 0.992250
0.012000 0.992279
0.016000 0.992309
0.020000 0.992339
0.024000 0.992369
0.028000 0.992399
0.032000 0.992429
0.036000 0.992460
0.040000 0.992491
0.044000 0.992522
0.048000 0.992553
0.052000 0.992584
0.056000 0.992616
0.060000 0.992647
0.064000 0.992679
0.068000 0.992711
0.072000 0.992743
0.076000 0.992775
0.080000 0.992807
0.084000 0.992839
0.088000 0.992871
0.092000 0.992903
0.096000 0.992935
0.100000 0.992967
0.104000 0.992999
0.108000 0.993030
0.112000 0.993062
0.116000 0.993094
0.120000 0.993126
0.124000 0.993157
0.128000 0.993189
0.132000 0.993220
0.136000 0.993251
0.140000 0.993282
0.144000 0.993313
0.148000 0.993344
0.152000 0.993375
0.156000 0.993405
0.160000 0.993435
0.164000 0.993465
0.168000 0.993495
0.172000 0.993524
0.176000 0.993553
0.180000 0.993582
0.184000 0.993611
0.188000 0.993639
0.192000 0.993667
0.196000 0.993695
0.200000 0.993722
0.204000 0.993750
0.208000 0.993776
0.212000 0.993803
0.216000 0.993829
0.220000 0.993855
0.224000 0.993880
0.228000 0.993906
0.232000 0.993930
0.236000 0.993955
0.240000 0.993979
0.244000 0.994003
0.248000 0.994026
0.252000 0.994049
0.256000 0.994071
0.260000 0.994094
0.264000 0.994116
0.268000 0.994137
0.272000 0.994158
0.276000 0.994179
0.280000 0.994199
0.284000 0.994219
0.288000 0.994238
0.292000 0.994258
0.296000 0.994276
0.300000 0.994295
0.304000 0.994313
0.308000 0.994330
0.312000 0.994348
0.316000 0.994364
0.320000 0.994381
0.324000 0.994397
0.328000 0.994413
0.332000 0.994428
0.336000 0.994443
0.340000 0.994458
0.344000 0.994472
0.348000 0.994486
0.352000 0.994499
0.356000 0.994513
0.360000 0.994526
0.364000 0.994538
0.368000 0.994550
0.372000 0.994562
0.376000 0.994574
0.380000 0.994585
0.384000 0.994596
0.388000 0.994607
0.392000 0.994617
0.396000 0.994627
0.400000 0.994637
0.404000 0.994646
0.408000 0.994655
0.412000 0.994664
0.416000 0.994673
0.420000 0.994681
0.424000 0.994689
0.428000 0.994697
0.432000 0.994705
0.436000 0.994712
0.440000 0.994719
0.444000 0.994726
0.448000 0.994733
0.452000 0.994739
0.456000 0.994745
0.460000 0.994751
0.464000 0.994757
0.468000 0.994763
0.472000 0.994768
0.476000 0.994773
0.480000 0.994778
0.484000 0.994783
0.488000 0.994788
0.492000 0.994792
0.496000 0.994796
0.500000 0.994801
0.504000 0.994805
0.508000 0.994808
0.512000 0.994812
0.516000 0.994816
0.520000 0.994819
0.524000 0.994822
0.528000 0.994825
0.532000 0.994828
0.536000 0.994831
0.540000 0.994834
0.544000 0.994837
0.548000 0.994839
0.552000 0.994842
0.556000 0.994844
0.560000 0.994847
0.564000 0.994849
0.568000 0.994851
0.572000 0.994853
0.576000 0.994855
0.580000 0.994856
0.584000 0.994858
0.588000 0.994860
0.592000 0.994861
0.596000 0.994863
0.600000 0.994864
0.604000 0.994866
0.608000 0.994867
0.612000 0.994868
0.616000 0.994870
0.620000 0.994871
0.624000 0.994872
0.628000 0.994873
0.632000 0.994874
0.636000 0.994875
0.640000 0.994876
0.644000 0.994877
0.648000 0.994877
0.652000 0.994878
0.656000 0.994879
0.660000 0.994880
0.664000 0.994880
0.668000 0.994881
0.672000 0.994881
0.676000 0.994882
0.680000 0.994883
0.684000 0.994883
0.688000 0.994884
0.692000 0.994884
0.696000 0.994885
0.700000 0.994885
0.704000 0.994885
0.708000 0.994886
0.712000 0.994886
0.716000 0.994886
0.720000 0.994887
0.724000 0.994887
0.728000 0.994887
0.732000 0.994888
0.736000 0.994888
0.740000 0.994888
0.744000 0.994888
0.748000 0.994889
0.752000 0.994889
0.756000 0.994889
0.760000 0.994889
0.764000 0.994889
0.768000 0.994889
0.772000 0.994890
0.776000 0.994890
0.780000 0.994890
0.784000 0.994890
0.788000 0.994890
0.792000 0.994890
0.796000 0.994890
0.800000 0.994890
0.804000 0.994891
0.808000 0.994891
0.812000 0.994891
0.816000 0.994891
0.820000 0.994891
0.824000 0.994891
0.828000 0.994891
0.832000 0.994891
0.836000 0.994891
0.840000 0.994891
0.844000 0.994891
0.848000 0.994891
0.852000 0.994891
0.856000 0.994891
0.860000 0.994891
0.864000 0.994891
0.868000 0.994891
0.872000 0.994892
0.876000 0.994892
0.880000 0.994892
0.884000 0.994892
0.888000 0.994892
0.892000 0.994892
0.896000 0.994892
0.900000 0.994892
0.904000 0.994892
0.908000 0.994892
0.912000 0.994892
0.916000 0.994892
0.920000 0.994892
0.924000 0.994892
0.928000 0.994892
0.932000 0.994892
0.936000 0.994892
0.940000 0.994892
0.944000 0.994892
0.948000 0.994892
0.952000 0.994892
0.956000 0.994892
0.960000 0.994892
0.964000 0.994892
0.968000 0.994892
0.972000 0.994892
0.976000 0.994892
0.980000 0.994892
0.984000 0.994892
0.988000 0.994892
0.992000 0.994892
0.996000 0.994892
1.000000 0.994892
