-1.000000 0.992919
-0.996000 0.992919
-0.992000 0.992919
-0.988000 0.992919
-0.984000 0.992919
-0.980000 0.992919
-0.976000 0.992919
-0.972000 0.992919
-0.968000 0.992919
-0.964000 0.992919
-0.960000 0.992919
-0.956000 0.992919
-0.952000 0.992919
-0.948000 0.992919
-0.944000 0.992919
-0.940000 0.992919
-0.936000 0.992919
-0.932000 0.992919
-0.928000 0.992919
-0.924000 0.992919
-0.920000 0.992919
-0.916000 0.992919
-0.912000 0.992919
-0.908000 0.992919
-0.904000 0.992919
-0.900000 0.992919
-0.896000 0.992919
-0.892000 0.992919
-0.888000 0.992919
-0.884000 0.992919
-0.880000 0.992919
-0.876000 0.992919
-0.872000 0.992919
-0.868000 0.992919
-0.864000 0.992919
-0.860000 0.992919
-0.856000 0.992919
-0.852000 0.992919
-0.848000 0.992919
-0.844000 0.992919
-0.840000 0.992919
-0.836000 0.992919
-0.832000 0.992919
-0.828000 0.992919
-0.824000 0.992919
-0.820000 0.992919
-0.816000 0.992919
-0.812000 0.992919
-0.808000 0.992919
-0.804000 0.992919
-0.800000 0.992919
-0.796000 0.992919
-0.792000 0.992919
-0.788000 0.992919
-0.784000 0.992919
-0.780000 0.992919
-0.776000 0.992919
-0.772000 0.992919
-0.768000 0.992919
-0.764000 0.992919
-0.760000 0.992919
-0.756000 0.992919
-0.752000 0.992919
-0.748000 0.992919
-0.744000 0.992919
-0.740000 0.992919
-0.736000 0.992919
-0.732000 0.992919
-0.728000 0.992919
-0.724000 0.992919
-0.720000 0.992919
-0.716000 0.992919
-0.712000 0.992919
-0.708000 0.992919
-0.704000 0.992919
-0.700000 0.992919
-0.696000 0.992919
-0.692000 0.992919
-0.688000 0.992919
-0.684000 0.992919
-0.680000 0.992919
-0.676000 0.992919
-0.672000 0.992919
-0.668000 0.992919
-0.664000 0.992919
-0.660000 0.992919
-0.656000 0.992919
-0.652000 0.992919
-0.648000 0.992919
-0.644000 0.992919
-0.640000 0.992919
-0.636000 0.992919
-0.632000 0.992919
-0.628000 0.992919
-0.624000 0.992919
-0.620000 0.992919
-0.616000 0.992919
-0.612000 0.992919
-0.608000 0.992919
-0.604000 0.992919
-0.600000 0.992919
-0.596000 0.992919
-0.592000 0.992919
-0.588000 0.992919
-0.584000 0.992919
-0.580000 0.992919
-0.576000 0.992919
-0.572000 0.992919
-0.568000 0.992919
-0.564000 0.992919
-0.560000 0.992919
-0.556000 0.992919
-0.552000 0.992919
-0.548000 0.992919
-0.544000 0.992919
-0.540000 0.992919
-0.536000 0.992919
-0.532000 0.992919
-0.528000 0.992919
-0.524000 0.992919
-0.520000 0.992919
-0.516000 0.992919
-0.512000 0.992919
-0.508000 0.992919
-0.504000 0.992919
-0.500000 0.992919
-0.496000 0.992919
-0.492000 0.992919
-0.488000 0.992919
-0.484000 0.992919
-0.480000 0.992919
-0.476000 0.992919
-0.472000 0.992919
-0.468000 0.992919
-0.464000 0.992919
-0.460000 0.992919
-0.456000 0.992919
-0.452000 0.992919
-0.448000 0.992919
-0.444000 0.992919
-0.440000 0.992919
-0.436000 0.992919
-0.432000 0.992919
-0.428000 0.992919
-0.424000 0.992919
-0.420000 0.992919
-0.416000 0.992919
-0.412000 0.992919
-0.408000 0.992919
-0.404000 0.992919
-0.400000 0.992919
-0.396000 0.992919
-0.392000 0.992919
-0.388000 0.992919
-0.384000 0.992919
-0.380000 0.992919
-0.376000 0.992919
-0.372000 0.992919
-0.368000 0.992919
-0.364000 0.992919
-0.360000 0.992919
-0.356000 0.992919
-0.352000 0.992919
-0.348000 0.992919
-0.344000 0.992919
-0.340000 0.992919
-0.336000 0.992919
-0.332000 0.992919
-0.328000 0.992919
-0.324000 0.992919
-0.320000 0.992919
-0.316000 0.992919
-0.312000 0.992919
-0.308000 0.992919
-0.304000 0.992919
-0.300000 0.992919
-0.296000 0.992919
-0.292000 0.992919
-0.288000 0.992919
-0.284000 0.992919
-0.280000 0.992919
-0.276000 0.992919
-0.272000 0.992919
-0.268000 0.992919
-0.264000 0.992919
-0.260000 0.992919
-0.256000 0.992919
-0.252000 0.992919
-0.248000 0.992919
-0.244000 0.992919
-0.240000 0.992919
-0.236000 0.992919
-0.232000 0.992919
-0.228000 0.992919
-0.224000 0.992919
-0.220000 0.992919
-0.216000 0.992919
-0.212000 0.992919
-0.208000 0.992919
-0.204000 0.992919
-0.200000 0.992919
-0.196000 0.992919
-0.192000 0.992919
-0.188000 0.992919
-0.184000 0.992919
-0.180000 0.992919
-0.176000 0.992919
-0.172000 0.992919
-0.168000 0.992919
-0.164000 0.992919
-0.160000 0.992919
-0.156000 0.992919
-0.152000 0.992919
-0.148000 0.992920
-0.144000 0.992920
-0.140000 0.992920
-0.136000 0.992920
-0.132000 0.992920
-0.128000 0.992920
-0.124000 0.992920
-0.120000 0.992920
-0.116000 0.992920
-0.112000 0.992920
-0.108000 0.992920
-0.104000 0.992920
-0.100000 0.992920
-0.096000 0.992920
-0.092000 0.992920
-0.088000 0.992921
-0.084000 0.992921
-0.080000 0.992921
-0.076000 0.992921
-0.072000 0.992921
-0.068000 0.992921
-0.064000 0.992921
-0.060000 0.992922
-0.056000 0.992922
-0.052000 0.992922
-0.048000 0.992922
-0.044000 0.992922
-0.040000 0.992923
-0.036000 0.992923
-0.032000 0.992923
-0.028000 0.992923
-0.024000 0.992924
-0.020000 0.992924
-0.016000 0.992924
-0.012000 0.992925
-0.008000 0.992925
-0.004000 0.992926
0.000000 0.992926
0.004000 0.992926
0.008000 0.992927
0.012000 0.992927
0.016000 0.992928
0.020000 0.992929
0.024000 0.992929
0.028000 0.992930
0.032000 0.992930
0.036000 0.992931
0.040000 0.992932
0.044000 0.992933
0.048000 0.992934
0.052000 0.992934
0.056000 0.992935
0.060000 0.992936
0.064000 0.992937
0.068000 0.992938
0.072000 0.992940
0.076000 0.992941
0.080000 0.992942
0.084000 0.992943
0.088000 0.992945
0.092000 0.992946
0.096000 0.992948
0.100000 0.992949
0.104000 0.992951
0.108000 0.992953
0.112000 0.992955
0.116000 0.992957
0.120000 0.992959
0.124000 0.992961
0.128000 0.992963
0.132000 0.992965
0.136000 0.992968
0.140000 0.992970
0.144000 0.992973
0.148000 0.992976
0.152000 0.992979
0.156000 0.992982
0.160000 0.992985
0.164000 0.992988
0.168000 0.992992
0.172000 0.992995
0.176000 0.992999
0.180000 0.993003
0.184000 0.993007
0.188000 0.993011
0.192000 0.993015
0.196000 0.993020
0.200000 0.993025
0.204000 0.993030
0.208000 0.993035
0.212000 0.993040
0.216000 0.993046
0.220000 0.993051
0.224000 0.993057
0.228000 0.993064
0.232000 0.993070
0.236000 0.993077
0.240000 0.993084
0.244000 0.993091
0.248000 0.993098
0.252000 0.993106
0.256000 0.993114
0.260000 0.993122
0.264000 0.993130
0.268000 0.993139
0.272000 0.993148
0.276000 0.993157
0.280000 0.993167
0.284000 0.993177
0.288000 0.993187
0.292000 0.993198
0.296000 0.993209
0.300000 0.993220
0.304000 0.993231
0.308000 0.993243
0.312000 0.993256
0.316000 0.993268
0.320000 0.993281
0.324000 0.993295
0.328000 0.993308
0.332000 0.993323
0.336000 0.993337
0.340000 0.993352
0.344000 0.993367
0.348000 0.993383
0.352000 0.993399
0.356000 0.993416
0.360000 0.993433
0.364000 0.993450
0.368000 0.993468
0.372000 0.993486
0.376000 0.993505
0.380000 0.993524
0.384000 0.993544
0.388000 0.993564
0.392000 0.993584
0.396000 0.993605
0.400000 0.993627
0.404000 0.993649
0.408000 0.993671
0.412000 0.993694
0.416000 0.993718
0.420000 0.993741
0.424000 0.993766
0.428000 0.993791
0.432000 0.993816
0.436000 0.993842
0.440000 0.993868
0.444000 0.993895
0.448000 0.993922
0.452000 0.993950
0.456000 0.993978
0.460000 0.994007
0.464000 0.994036
0.468000 0.994066
0.472000 0.994096
0.476000 0.994126
0.480000 0.994158
0.484000 0.994189
0.488000 0.994221
0.492000 0.994254
0.496000 0.994287
0.500000 0.994321
0.504000 0.994355
0.508000 0.994389
0.512000 0.994424
0.516000 0.994459
0.520000 0.994495
0.524000 0.994532
0.528000 0.994568
0.532000 0.994605
0.536000 0.994643
0.540000 0.994681
0.544000 0.994719
0.548000 0.994758
0.552000 0.994798
0.556000 0.994837
0.560000 0.994877
0.564000 0.994918
0.568000 0.994958
0.572000 0.994999
0.576000 0.995041
0.580000 0.995083
0.584000 0.995125
0.588000 0.995167
0.592000 0.995210
0.596000 0.995253
0.600000 0.995296
0.604000 0.995340
0.608000 0.995384
0.612000 0.995428
0.616000 0.995472
0.620000 0.995517
0.624000 0.995562
0.628000 0.995607
0.632000 0.995652
0.636000 0.995698
0.640000 0.995743
0.644000 0.995789
0.648000 0.995835
0.652000 0.995881
0.656000 0.995927
0.660000 0.995974
0.664000 0.996020
0.668000 0.996067
0.672000 0.996113
0.676000 0.996160
0.680000 0.996207
0.684000 0.996253
0.688000 0.996300
0.692000 0.996347
0.696000 0.996394
0.700000 0.996441
0.704000 0.996487
0.708000 0.996534
0.712000 0.996581
0.716000 0.996627
0.720000 0.996674
0.724000 0.996720
0.728000 0.996767
0.732000 0.996813
0.736000 0.996859
0.740000 0.996905
0.744000 0.996951
0.748000 0.996997
0.752000 0.997042
0.756000 0.997087
0.760000 0.997132
0.764000 0.997177
0.768000 0.997222
0.772000 0.997266
0.776000 0.997311
0.780000 0.997355
0.784000 0.997398
0.788000 0.997442
0.792000 0.997485
0.796000 0.997528
0.800000 0.997570
0.804000 0.997613
0.808000 0.997655
0.812000 0.997696
0.816000 0.997738
0.820000 0.997779
0.824000 0.997819
0.828000 0.997860
0.832000 0.997899
0.836000 0.997939
0.840000 0.997978
0.844000 0.998017
0.848000 0.998055
0.852000 0.998093
0.856000 0.998131
0.860000 0.998168
0.864000 0.998205
0.868000 0.998241
0.872000 0.998277
0.876000 0.998313
0.880000 0.998348
0.884000 0.998383
0.888000 0.998417
0.892000 0.998451
0.896000 0.998484
0.900000 0.998517
0.904000 0.998550
0.908000 0.998582
0.912000 0.998613
0.916000 0.998644
0.920000 0.998675
0.924000 0.998705
0.928000 0.998735
0.932000 0.998765
0.936000 0.998794
0.940000 0.998822
0.944000 0.998851
0.948000 0.998878
0.952000 0.998906
0.956000 0.998933
0.960000 0.998960
0.964000 0.998987
0.968000 0.999014
0.972000 0.999042
0.976000 0.999070
0.980000 0.999100
0.984000 0.999131
0.988000 0.999165
0.992000 0.999204
0.996000 0.999249
1.000000 0.999303
