-1.000000 0.997928
-0.996000 0.997928
-0.992000 0.997928
-0.988000 0.997928
-0.984000 0.997928
-0.980000 0.997928
-0.976000 0.997928
-0.972000 0.997928
-0.968000 0.997928
-0.964000 0.997928
-0.960000 0.997928
-0.956000 0.997928
-0.952000 0.997928
-0.948000 0.997928
-0.944000 0.997928
-0.940000 0.997928
-0.936000 0.997928
-0.932000 0.997928
-0.928000 0.997928
-0.924000 0.997928
-0.920000 0.997928
-0.916000 0.997928
-0.912000 0.997928
-0.908000 0.997928
-0.904000 0.997928
-0.900000 0.997928
-0.896000 0.997928
-0.892000 0.997928
-0.888000 0.997928
-0.884000 0.997928
-0.880000 0.997928
-0.876000 0.997928
-0.872000 0.997928
-0.868000 0.997928
-0.864000 0.997928
-0.860000 0.997928
-0.856000 0.997928
-0.852000 0.997928
-0.848000 0.997928
-0.844000 0.997928
-0.840000 0.997928
-0.836000 0.997928
-0.832000 0.997928
-0.828000 0.997928
-0.824000 0.997928
-0.820000 0.997928
-0.816000 0.997928
-0.812000 0.997928
-0.808000 0.997928
-0.804000 0.997928
-0.800000 0.997928
-0.796000 0.997928
-0.792000 0.997928
-0.788000 0.997928
-0.784000 0.997928
-0.780000 0.997928
-0.776000 0.997928
-0.772000 0.997928
-0.768000 0.997928
-0.764000 0.997928
-0.760000 0.997928
-0.756000 0.997928
-0.752000 0.997928
-0.748000 0.997928
-0.744000 0.997928
-0.740000 0.997928
-0.736000 0.997928
-0.732000 0.997928
-0.728000 0.997928
-0.724000 0.997928
-0.720000 0.997928
-0.716000 0.997928
-0.712000 0.997928
-0.708000 0.997928
-0.704000 0.997928
-0.700000 0.997928
-0.696000 0.997928
-0.692000 0.997928
-0.688000 0.997928
-0.684000 0.997928
-0.680000 0.997928
-0.676000 0.997928
-0.672000 0.997928
-0.668000 0.997928
-0.664000 0.997928
-0.660000 0.997928
-0.656000 0.997928
-0.652000 0.997928
-0.648000 0.997928
-0.644000 0.997928
-0.640000 0.997928
-0.636000 0.997928
-0.632000 0.997928
-0.628000 0.997928
-0.624000 0.997928
-0.620000 0.997928
-0.616000 0.997928
-0.612000 0.997928
-0.608000 0.997928
-0.604000 0.997928
-0.600000 0.997928
-0.596000 0.997928
-0.592000 0.997928
-0.588000 0.997928
-0.584000 0.997928
-0.580000 0.997928
-0.576000 0.997928
-0.572000 0.997928
-0.568000 0.997928
-0.564000 0.997928
-0.560000 0.997928
-0.556000 0.997928
-0.552000 0.997928
-0.548000 0.997928
-0.544000 0.997928
-0.540000 0.997928
-0.536000 0.997928
-0.532000 0.997928
-0.528000 0.997928
-0.524000 0.997928
-0.520000 0.997928
-0.516000 0.997928
-0.512000 0.997928
-0.508000 0.997928
-0.504000 0.997928
-0.500000 0.997928
-0.496000 0.997928
-0.492000 0.997928
-0.488000 0.997928
-0.484000 0.997928
-0.480000 0.997928
-0.476000 0.997928
-0.472000 0.997928
-0.468000 0.997928
-0.464000 0.997928
-0.460000 0.997928
-0.456000 0.997928
-0.452000 0.997928
-0.448000 0.997928
-0.444000 0.997928
-0.440000 0.997928
-0.436000 0.997928
-0.432000 0.997928
-0.428000 0.997928
-0.424000 0.997928
-0.420000 0.997928
-0.416000 0.997928
-0.412000 0.997928
-0.408000 0.997928
-0.404000 0.997928
-0.400000 0.997928
-0.396000 0.997928
-0.392000 0.997928
-0.388000 0.997928
-0.384000 0.997928
-0.380000 0.997928
-0.376000 0.997928
-0.372000 0.997928
-0.368000 0.997928
-0.364000 0.997928
-0.360000 0.997928
-0.356000 0.997928
-0.352000 0.997928
-0.348000 0.997928
-0.344000 0.997928
-0.340000 0.997928
-0.336000 0.997928
-0.332000 0.997928
-0.328000 0.997928
-0.324000 0.997928
-0.320000 0.997928
-0.316000 0.997928
-0.312000 0.997928
-0.308000 0.997928
-0.304000 0.997928
-0.300000 0.997928
-0.296000 0.997928
-0.292000 0.997928
-0.288000 0.997928
-0.284000 0.997928
-0.280000 0.997928
-0.276000 0.997928
-0.272000 0.997928
-0.268000 0.997928
-0.264000 0.997928
-0.260000 0.997928
-0.256000 0.997928
-0.252000 0.997928
-0.248000 0.997928
-0.244000 0.997928
-0.240000 0.997928
-0.236000 0.997928
-0.232000 0.997928
-0.228000 0.997928
-0.224000 0.997928
-0.220000 0.997928
-0.216000 0.997928
-0.212000 0.997928
-0.208000 0.997928
-0.204000 0.997928
-0.200000 0.997928
-0.196000 0.997928
-0.192000 0.997928
-0.188000 0.997928
-0.184000 0.997928
-0.180000 0.997928
-0.176000 0.997928
-0.172000 0.997928
-0.168000 0.997928
-0.164000 0.997928
-0.160000 0.997928
-0.156000 0.997928
-0.152000 0.997928
-0.148000 0.997928
-0.144000 0.997928
-0.140000 0.997928
-0.136000 0.997928
-0.132000 0.997928
-0.128000 0.997928
-0.124000 0.997928
-0.120000 0.997928
-0.116000 0.997928
-0.112000 0.997928
-0.108000 0.997928
-0.104000 0.997928
-0.100000 0.997928
-0.096000 0.997928
-0.092000 0.997928
-0.088000 0.997928
-0.084000 0.997928
-0.080000 0.997928
-0.076000 0.997928
-0.072000 0.997928
-0.068000 0.997928
-0.064000 0.997928
-0.060000 0.997928
-0.056000 0.997928
-0.052000 0.997928
-0.048000 0.997928
-0.044000 0.997928
-0.040000 0.997928
-0.036000 0.997928
-0.032000 0.997927
-0.028000 0.997927
-0.024000 0.997927
-0.020000 0.997927
-0.016000 0.997927
-0.012000 0.997927
-0.008000 0.997927
-0.004000 0.997927
0.000000 0.997927
0.004000 0.997927
0.008000 0.997927
0.012000 0.997927
0.016000 0.997927
0.020000 0.997927
0.024000 0.997927
0.028000 0.997927
0.032000 0.997926
0.036000 0.997926
0.040000 0.997926
0.044000 0.997926
0.048000 0.997926
0.052000 0.997926
0.056000 0.997926
0.060000 0.997925
0.064000 0.997925
0.068000 0.997925
0.072000 0.997925
0.076000 0.997925
0.080000 0.997925
0.084000 0.997924
0.088000 0.997924
0.092000 0.997924
0.096000 0.997924
0.100000 0.997923
0.104000 0.997923
0.108000 0.997923
0.112000 0.997922
0.116000 0.997922
0.120000 0.997921
0.124000 0.997921
0.128000 0.997921
0.132000 0.997920
0.136000 0.997920
0.140000 0.997919
0.144000 0.997919
0.148000 0.997918
0.152000 0.997918
0.156000 0.997917
0.160000 0.997916
0.164000 0.997916
0.168000 0.997915
0.172000 0.997914
0.176000 0.997913
0.180000 0.997912
0.184000 0.997911
0.188000 0.997911
0.192000 0.997910
0.196000 0.997909
0.200000 0.997907
0.204000 0.997906
0.208000 0.997905
0.212000 0.997904
0.216000 0.997903
0.220000 0.997901
0.224000 0.997900
0.228000 0.997898
0.232000 0.997897
0.236000 0.997895
0.240000 0.997893
0.244000 0.997891
0.248000 0.997889
0.252000 0.997887
0.256000 0.997885
0.260000 0.997883
0.264000 0.997881
0.268000 0.997879
0.272000 0.997876
0.276000 0.997874
0.280000 0.997871
0.284000 0.997868
0.288000 0.997865
0.292000 0.997862
0.296000 0.997859
0.300000 0.997856
0.304000 0.997852
0.308000 0.997849
0.312000 0.997845
0.316000 0.997841
0.320000 0.997837
0.324000 0.997833
0.328000 0.997829
0.332000 0.997824
0.336000 0.997820
0.340000 0.997815
0.344000 0.997810
0.348000 0.997804
0.352000 0.997799
0.356000 0.997794
0.360000 0.997788
0.364000 0.997782
0.368000 0.997776
0.372000 0.997769
0.376000 0.997762
0.380000 0.997756
0.384000 0.997749
0.388000 0.997741
0.392000 0.997734
0.396000 0.997726
0.400000 0.997718
0.404000 0.997709
0.408000 0.997701
0.412000 0.997692
0.416000 0.997683
0.420000 0.997673
0.424000 0.997663
0.428000 0.997653
0.432000 0.997643
0.436000 0.997632
0.440000 0.997621
0.444000 0.997610
0.448000 0.997599
0.452000 0.997587
0.456000 0.997574
0.460000 0.997562
0.464000 0.997549
0.468000 0.997535
0.472000 0.997522
0.476000 0.997508
0.480000 0.997493
0.484000 0.997479
0.488000 0.997463
0.492000 0.997448
0.496000 0.997432
0.500000 0.997416
0.504000 0.997399
0.508000 0.997382
0.512000 0.997364
0.516000 0.997346
0.520000 0.997328
0.524000 0.997309
0.528000 0.997290
0.532000 0.997270
0.536000 0.997250
0.540000 0.997230
0.544000 0.997209
0.548000 0.997188
0.552000 0.997166
0.556000 0.997143
0.560000 0.997121
0.564000 0.997098
0.568000 0.997074
0.572000 0.997050
0.576000 0.997025
0.580000 0.997001
0.584000 0.996975
0.588000 0.996949
0.592000 0.996923
0.596000 0.996896
0.600000 0.996869
0.604000 0.996841
0.608000 0.996813
0.612000 0.996784
0.616000 0.996755
0.620000 0.996726
0.624000 0.996696
0.628000 0.996666
0.632000 0.996635
0.636000 0.996603
0.640000 0.996572
0.644000 0.996539
0.648000 0.996507
0.652000 0.996474
0.656000 0.996440
0.660000 0.996406
0.664000 0.996372
0.668000 0.996337
0.672000 0.996302
0.676000 0.996267
0.680000 0.996231
0.684000 0.996194
0.688000 0.996158
0.692000 0.996120
0.696000 0.996083
0.700000 0.996045
0.704000 0.996007
0.708000 0.995968
0.712000 0.995929
0.716000 0.995890
0.720000 0.995851
0.724000 0.995811
0.728000 0.995771
0.732000 0.995730
0.736000 0.995689
0.740000 0.995648
0.744000 0.995607
0.748000 0.995565
0.752000 0.995523
0.756000 0.995481
0.760000 0.995439
0.764000 0.995396
0.768000 0.995354
0.772000 0.995311
0.776000 0.995267
0.780000 0.995224
0.784000 0.995180
0.788000 0.995137
0.792000 0.995093
0.796000 0.995049
0.800000 0.995005
0.804000 0.994961
0.808000 0.994916
0.812000 0.994872
0.816000 0.994827
0.820000 0.994783
0.824000 0.994738
0.828000 0.994694
0.832000 0.994649
0.836000 0.994604
0.840000 0.994560
0.844000 0.994515
0.848000 0.994470
0.852000 0.994426
0.856000 0.994381
0.860000 0.994337
0.864000 0.994292
0.868000 0.994248
0.872000 0.994203
0.876000 0.994159
0.880000 0.994115
0.884000 0.994071
0.888000 0.994027
0.892000 0.993984
0.896000 0.993940
0.900000 0.993897
0.904000 0.993853
0.908000 0.993810
0.912000 0.993768
0.916000 0.993725
0.920000 0.993683
0.924000 0.993640
0.928000 0.993598
0.932000 0.993556
0.936000 0.993515
0.940000 0.993473
0.944000 0.993432
0.948000 0.993391
0.952000 0.993350
0.956000 0.993308
0.960000 0.993267
0.964000 0.993225
0.968000 0.993183
0.972000 0.993139
0.976000 0.993094
0.980000 0.993047
0.984000 0.992995
0.988000 0.992939
0.992000 0.992875
0.996000 0.992801
1.000000 0.992711
