-1.000000 0.991037
-0.996000 0.991037
-0.992000 0.991037
-0.988000 0.991037
-0.984000 0.991037
-0.980000 0.991037
-0.976000 0.991037
-0.972000 0.991037
-0.968000 0.991037
-0.964000 0.991037
-0.960000 0.991037
-0.956000 0.991037
-0.952000 0.991037
-0.948000 0.991037
-0.944000 0.991037
-0.940000 0.991037
-0.936000 0.991037
-0.932000 0.991037
-0.928000 0.991037
-0.924000 0.991037
-0.920000 0.991037
-0.916000 0.991037
-0.912000 0.991037
-0.908000 0.991037
-0.904000 0.991037
-0.900000 0.991037
-0.896000 0.991037
-0.892000 0.991037
-0.888000 0.991037
-0.884000 0.991037
-0.880000 0.991037
-0.876000 0.991037
-0.872000 0.991037
-0.868000 0.991037
-0.864000 0.991037
-0.860000 0.991037
-0.856000 0.991037
-0.852000 0.991037
-0.848000 0.991037
-0.844000 0.991037
-0.840000 0.991037
-0.836000 0.991037
-0.832000 0.991037
-0.828000 0.991037
-0.824000 0.991037
-0.820000 0.991037
-0.816000 0.991037
-0.812000 0.991037
-0.808000 0.991037
-0.804000 0.991037
-0.800000 0.991037
-0.796000 0.991037
-0.792000 0.991037
-0.788000 0.991037
-0.784000 0.991037
-0.780000 0.991037
-0.776000 0.991037
-0.772000 0.991037
-0.768000 0.991037
-0.764000 0.991037
-0.760000 0.991037
-0.756000 0.991037
-0.752000 0.991037
-0.748000 0.991037
-0.744000 0.991037
-0.740000 0.991037
-0.736000 0.991037
-0.732000 0.991037
-0.728000 0.991037
-0.724000 0.991037
-0.720000 0.991037
-0.716000 0.991037
-0.712000 0.991037
-0.708000 0.991037
-0.704000 0.991037
-0.700000 0.991037
-0.696000 0.991037
-0.692000 0.991037
-0.688000 0.991037
-0.684000 0.991037
-0.680000 0.991037
-0.676000 0.991037
-0.672000 0.991037
-0.668000 0.991037
-0.664000 0.991037
-0.660000 0.991037
-0.656000 0.991037
-0.652000 0.991037
-0.648000 0.991037
-0.644000 0.991037
-0.640000 0.991037
-0.636000 0.991037
-0.632000 0.991037
-0.628000 0.991037
-0.624000 0.991037
-0.620000 0.991037
-0.616000 0.991037
-0.612000 0.991037
-0.608000 0.991037
-0.604000 0.991037
-0.600000 0.991037
-0.596000 0.991037
-0.592000 0.991037
-0.588000 0.991037
-0.584000 0.991037
-0.580000 0.991037
-0.576000 0.991037
-0.572000 0.991037
-0.568000 0.991037
-0.564000 0.991037
-0.560000 0.991037
-0.556000 0.991037
-0.552000 0.991037
-0.548000 0.991037
-0.544000 0.991037
-0.540000 0.991037
-0.536000 0.991037
-0.532000 0.991037
-0.528000 0.991037
-0.524000 0.991037
-0.520000 0.991037
-0.516000 0.991037
-0.512000 0.991037
-0.508000 0.991037
-0.504000 0.991037
-0.500000 0.991037
-0.496000 0.991037
-0.492000 0.991037
-0.488000 0.991037
-0.484000 0.991037
-0.480000 0.991037
-0.476000 0.991037
-0.472000 0.991037
-0.468000 0.991037
-0.464000 0.991037
-0.460000 0.991037
-0.456000 0.991037
-0.452000 0.991037
-0.448000 0.991037
-0.444000 0.991037
-0.440000 0.991037
-0.436000 0.991037
-0.432000 0.991037
-0.428000 0.991037
-0.424000 0.991037
-0.420000 0.991037
-0.416000 0.991037
-0.412000 0.991037
-0.408000 0.991037
-0.404000 0.991037
-0.400000 0.991037
-0.396000 0.991037
-0.392000 0.991037
-0.388000 0.991037
-0.384000 0.991037
-0.380000 0.991037
-0.376000 0.991037
-0.372000 0.991037
-0.368000 0.991037
-0.364000 0.991037
-0.360000 0.991037
-0.356000 0.991037
-0.352000 0.991037
-0.348000 0.991037
-0.344000 0.991037
-0.340000 0.991037
-0.336000 0.991037
-0.332000 0.991037
-0.328000 0.991037
-0.324000 0.991037
-0.320000 0.991037
-0.316000 0.991037
-0.312000 0.991037
-0.308000 0.991037
-0.304000 0.991037
-0.300000 0.991037
-0.296000 0.991037
-0.292000 0.991037
-0.288000 0.991037
-0.284000 0.991037
-0.280000 0.991037
-0.276000 0.991037
-0.272000 0.991037
-0.268000 0.991037
-0.264000 0.991037
-0.260000 0.991037
-0.256000 0.991037
-0.252000 0.991037
-0.248000 0.991037
-0.244000 0.991037
-0.240000 0.991037
-0.236000 0.991037
-0.232000 0.991037
-0.228000 0.991037
-0.224000 0.991037
-0.220000 0.991037
-0.216000 0.991037
-0.212000 0.991037
-0.208000 0.991037
-0.204000 0.991037
-0.200000 0.991037
-0.196000 0.991037
-0.192000 0.991037
-0.188000 0.991037
-0.184000 0.991037
-0.180000 0.991037
-0.176000 0.991037
-0.172000 0.991037
-0.168000 0.991037
-0.164000 0.991037
-0.160000 0.991037
-0.156000 0.991037
-0.152000 0.991037
-0.148000 0.991037
-0.144000 0.991037
-0.140000 0.991037
-0.136000 0.991037
-0.132000 0.991037
-0.128000 0.991037
-0.124000 0.991037
-0.120000 0.991037
-0.116000 0.991037
-0.112000 0.991037
-0.108000 0.991037
-0.104000 0.991037
-0.100000 0.991037
-0.096000 0.991037
-0.092000 0.991037
-0.088000 0.991037
-0.084000 0.991037
-0.080000 0.991037
-0.076000 0.991037
-0.072000 0.991037
-0.068000 0.991037
-0.064000 0.991037
-0.060000 0.991037
-0.056000 0.991037
-0.052000 0.991037
-0.048000 0.991037
-0.044000 0.991037
-0.040000 0.991037
-0.036000 0.991037
-0.032000 0.991037
-0.028000 0.991037
-0.024000 0.991037
-0.020000 0.991037
-0.016000 0.991037
-0.012000 0.991037
-0.008000 0.991037
-0.004000 0.991037
0.000000 0.991037
0.004000 0.991037
0.008000 0.991037
0.012000 0.991037
0.016000 0.991037
0.020000 0.991037
0.024000 0.991037
0.028000 0.991037
0.032000 0.991037
0.036000 0.991037
0.040000 0.991037
0.044000 0.991037
0.048000 0.991037
0.052000 0.991037
0.056000 0.991037
0.060000 0.991037
0.064000 0.991037
0.068000 0.991037
0.072000 0.991037
0.076000 0.991037
0.080000 0.991037
0.084000 0.991037
0.088000 0.991037
0.092000 0.991037
0.096000 0.991037
0.100000 0.991037
0.104000 0.991037
0.108000 0.991037
0.112000 0.991037
0.116000 0.991037
0.120000 0.991037
0.124000 0.991037
0.128000 0.991037
0.132000 0.991037
0.136000 0.991037
0.140000 0.991037
0.144000 0.991037
0.148000 0.991037
0.152000 0.991037
0.156000 0.991037
0.160000 0.991037
0.164000 0.991037
0.168000 0.991037
0.172000 0.991037
0.176000 0.991037
0.180000 0.991037
0.184000 0.991037
0.188000 0.991038
0.192000 0.991038
0.196000 0.991038
0.200000 0.991038
0.204000 0.991038
0.208000 0.991038
0.212000 0.991038
0.216000 0.991038
0.220000 0.991038
0.224000 0.991038
0.228000 0.991038
0.232000 0.991038
0.236000 0.991038
0.240000 0.991038
0.244000 0.991038
0.248000 0.991038
0.252000 0.991038
0.256000 0.991039
0.260000 0.991039
0.264000 0.991039
0.268000 0.991039
0.272000 0.991039
0.276000 0.991039
0.280000 0.991039
0.284000 0.991039
0.288000 0.991039
0.292000 0.991040
0.296000 0.991040
0.300000 0.991040
0.304000 0.991040
0.308000 0.991040
0.312000 0.991040
0.316000 0.991041
0.320000 0.991041
0.324000 0.991041
0.328000 0.991041
0.332000 0.991042
0.336000 0.991042
0.340000 0.991042
0.344000 0.991042
0.348000 0.991043
0.352000 0.991043
0.356000 0.991043
0.360000 0.991044
0.364000 0.991044
0.368000 0.991044
0.372000 0.991045
0.376000 0.991045
0.380000 0.991046
0.384000 0.991046
0.388000 0.991047
0.392000 0.991047
0.396000 0.991048
0.400000 0.991048
0.404000 0.991049
0.408000 0.991049
0.412000 0.991050
0.416000 0.991051
0.420000 0.991051
0.424000 0.991052
0.428000 0.991053
0.432000 0.991054
0.436000 0.991055
0.440000 0.991055
0.444000 0.991056
0.448000 0.991057
0.452000 0.991058
0.456000 0.991059
0.460000 0.991060
0.464000 0.991061
0.468000 0.991063
0.472000 0.991064
0.476000 0.991065
0.480000 0.991066
0.484000 0.991068
0.488000 0.991069
0.492000 0.991070
0.496000 0.991072
0.500000 0.991073
0.504000 0.991075
0.508000 0.991077
0.512000 0.991079
0.516000 0.991080
0.520000 0.991082
0.524000 0.991084
0.528000 0.991086
0.532000 0.991088
0.536000 0.991090
0.540000 0.991093
0.544000 0.991095
0.548000 0.991097
0.552000 0.991100
0.556000 0.991102
0.560000 0.991105
0.564000 0.991108
0.568000 0.991111
0.572000 0.991114
0.576000 0.991117
0.580000 0.991120
0.584000 0.991123
0.588000 0.991126
0.592000 0.991130
0.596000 0.991133
0.600000 0.991137
0.604000 0.991141
0.608000 0.991145
0.612000 0.991149
0.616000 0.991153
0.620000 0.991157
0.624000 0.991162
0.628000 0.991166
0.632000 0.991171
0.636000 0.991176
0.640000 0.991181
0.644000 0.991186
0.648000 0.991191
0.652000 0.991196
0.656000 0.991202
0.660000 0.991207
0.664000 0.991213
0.668000 0.991219
0.672000 0.991225
0.676000 0.991231
0.680000 0.991238
0.684000 0.991244
0.688000 0.991251
0.692000 0.991258
0.696000 0.991265
0.700000 0.991272
0.704000 0.991280
0.708000 0.991288
0.712000 0.991295
0.716000 0.991303
0.720000 0.991311
0.724000 0.991320
0.728000 0.991328
0.732000 0.991337
0.736000 0.991346
0.740000 0.991355
0.744000 0.991364
0.748000 0.991374
0.752000 0.991384
0.756000 0.991394
0.760000 0.991404
0.764000 0.991414
0.768000 0.991425
0.772000 0.991435
0.776000 0.991446
0.780000 0.991457
0.784000 0.991469
0.788000 0.991480
0.792000 0.991492
0.796000 0.991504
0.800000 0.991516
0.804000 0.991529
0.808000 0.991541
0.812000 0.991554
0.816000 0.991567
0.820000 0.991580
0.824000 0.991594
0.828000 0.991608
0.832000 0.991622
0.836000 0.991636
0.840000 0.991650
0.844000 0.991665
0.848000 0.991679
0.852000 0.991694
0.856000 0.991710
0.860000 0.991725
0.864000 0.991741
0.868000 0.991757
0.872000 0.991773
0.876000 0.991789
0.880000 0.991805
0.884000 0.991822
0.888000 0.991839
0.892000 0.991856
0.896000 0.991873
0.900000 0.991891
0.904000 0.991909
0.908000 0.991926
0.912000 0.991945
0.916000 0.991963
0.920000 0.991981
0.924000 0.992000
0.928000 0.992019
0.932000 0.992038
0.936000 0.992057
0.940000 0.992077
0.944000 0.992097
0.948000 0.992117
0.952000 0.992137
0.956000 0.992158
0.960000 0.992180
0.964000 0.992202
0.968000 0.992224
0.972000 0.992248
0.976000 0.992273
0.980000 0.992300
0.984000 0.992330
0.988000 0.992363
0.992000 0.992401
0.996000 0.992445
1.000000 0.992499
