-1.000000 0.992919
-0.996000 0.992919
-0.992000 0.992919
-0.988000 0.992919
-0.984000 0.992919
-0.980000 0.992919
-0.976000 0.992919
-0.972000 0.992919
-0.968000 0.992919
-0.964000 0.992919
-0.960000 0.992919
-0.956000 0.992919
-0.952000 0.992919
-0.948000 0.992919
-0.944000 0.992919
-0.940000 0.992919
-0.936000 0.992919
-0.932000 0.992919
-0.928000 0.992919
-0.924000 0.992919
-0.920000 0.992919
-0.916000 0.992919
-0.912000 0.992919
-0.908000 0.992919
-0.904000 0.992919
-0.900000 0.992919
-0.896000 0.992919
-0.892000 0.992919
-0.888000 0.992919
-0.884000 0.992919
-0.880000 0.992919
-0.876000 0.992919
-0.872000 0.992919
-0.868000 0.992919
-0.864000 0.992919
-0.860000 0.992919
-0.856000 0.992919
-0.852000 0.992919
-0.848000 0.992919
-0.844000 0.992919
-0.840000 0.992919
-0.836000 0.992919
-0.832000 0.992919
-0.828000 0.992919
-0.824000 0.992919
-0.820000 0.992919
-0.816000 0.992919
-0.812000 0.992919
-0.808000 0.992919
-0.804000 0.992919
-0.800000 0.992919
-0.796000 0.992919
-0.792000 0.992919
-0.788000 0.992919
-0.784000 0.992919
-0.780000 0.992919
-0.776000 0.992919
-0.772000 0.992919
-0.768000 0.992919
-0.764000 0.992919
-0.760000 0.992919
-0.756000 0.992919
-0.752000 0.992919
-0.748000 0.992919
-0.744000 0.992919
-0.740000 0.992919
-0.736000 0.992919
-0.732000 0.992919
-0.728000 0.992919
-0.724000 0.992919
-0.720000 0.992919
-0.716000 0.992919
-0.712000 0.992919
-0.708000 0.992919
-0.704000 0.992919
-0.700000 0.992919
-0.696000 0.992919
-0.692000 0.992919
-0.688000 0.992919
-0.684000 0.992919
-0.680000 0.992919
-0.676000 0.992919
-0.672000 0.992919
-0.668000 0.992919
-0.664000 0.992919
-0.660000 0.992919
-0.656000 0.992919
-0.652000 0.992919
-0.648000 0.992919
-0.644000 0.992919
-0.640000 0.992919
-0.636000 0.992919
-0.632000 0.992919
-0.628000 0.992919
-0.624000 0.992919
-0.620000 0.992919
-0.616000 0.992919
-0.612000 0.992919
-0.608000 0.992919
-0.604000 0.992919
-0.600000 0.992919
-0.596000 0.992919
-0.592000 0.992919
-0.588000 0.992919
-0.584000 0.992919
-0.580000 0.992919
-0.576000 0.992919
-0.572000 0.992919
-0.568000 0.992919
-0.564000 0.992919
-0.560000 0.992919
-0.556000 0.992919
-0.552000 0.992919
-0.548000 0.992919
-0.544000 0.992919
-0.540000 0.992919
-0.536000 0.992919
-0.532000 0.992919
-0.528000 0.992919
-0.524000 0.992919
-0.520000 0.992919
-0.516000 0.992919
-0.512000 0.992919
-0.508000 0.992919
-0.504000 0.992919
-0.500000 0.992919
-0.496000 0.992919
-0.492000 0.992919
-0.488000 0.992919
-0.484000 0.992919
-0.480000 0.992919
-0.476000 0.992919
-0.472000 0.992919
-0.468000 0.992919
-0.464000 0.992919
-0.460000 0.992919
-0.456000 0.992919
-0.452000 0.992919
-0.448000 0.992919
-0.444000 0.992919
-0.440000 0.992919
-0.436000 0.992919
-0.432000 0.992919
-0.428000 0.992919
-0.424000 0.992919
-0.420000 0.992919
-0.416000 0.992919
-0.412000 0.992919
-0.408000 0.992919
-0.404000 0.992919
-0.400000 0.992919
-0.396000 0.992919
-0.392000 0.992919
-0.388000 0.992919
-0.384000 0.992919
-0.380000 0.992919
-0.376000 0.992919
-0.372000 0.992919
-0.368000 0.992919
-0.364000 0.992919
-0.360000 0.992919
-0.356000 0.992919
-0.352000 0.992919
-0.348000 0.992919
-0.344000 0.992919
-0.340000 0.992919
-0.336000 0.992919
-0.332000 0.992919
-0.328000 0.992919
-0.324000 0.992920
-0.320000 0.992920
-0.316000 0.992920
-0.312000 0.992920
-0.308000 0.992920
-0.304000 0.992920
-0.300000 0.992920
-0.296000 0.992920
-0.292000 0.992920
-0.288000 0.992920
-0.284000 0.992920
-0.280000 0.992920
-0.276000 0.992920
-0.272000 0.992921
-0.268000 0.992921
-0.264000 0.992921
-0.260000 0.992921
-0.256000 0.992921
-0.252000 0.992921
-0.248000 0.992921
-0.244000 0.992922
-0.240000 0.992922
-0.236000 0.992922
-0.232000 0.992922
-0.228000 0.992923
-0.224000 0.992923
-0.220000 0.992923
-0.216000 0.992924
-0.212000 0.992924
-0.208000 0.992924
-0.204000 0.992925
-0.200000 0.992925
-0.196000 0.992925
-0.192000 0.992926
-0.188000 0.992926
-0.184000 0.992927
-0.180000 0.992927
-0.176000 0.992928
-0.172000 0.992929
-0.168000 0.992929
-0.164000 0.992930
-0.160000 0.992931
-0.156000 0.992932
-0.152000 0.992932
-0.148000 0.992933
-0.144000 0.992934
-0.140000 0.992935
-0.136000 0.992936
-0.132000 0.992938
-0.128000 0.992939
-0.124000 0.992940
-0.120000 0.992941
-0.116000 0.992943
-0.112000 0.992944
-0.108000 0.992946
-0.104000 0.992948
-0.100000 0.992949
-0.096000 0.992951
-0.092000 0.992953
-0.088000 0.992955
-0.084000 0.992957
-0.080000 0.992960
-0.076000 0.992962
-0.072000 0.992964
-0.068000 0.992967
-0.064000 0.992970
-0.060000 0.992973
-0.056000 0.992976
-0.052000 0.992979
-0.048000 0.992982
-0.044000 0.992986
-0.040000 0.992989
-0.036000 0.992993
-0.032000 0.992997
-0.028000 0.993001
-0.024000 0.993006
-0.020000 0.993010
-0.016000 0.993015
-0.012000 0.993020
-0.008000 0.993025
-0.004000 0.993031
0.000000 0.993036
0.004000 0.993042
0.008000 0.993049
0.012000 0.993055
0.016000 0.993062
0.020000 0.993068
0.024000 0.993076
0.028000 0.993083
0.032000 0.993091
0.036000 0.993099
0.040000 0.993107
0.044000 0.993116
0.048000 0.993125
0.052000 0.993135
0.056000 0.993144
0.060000 0.993154
0.064000 0.993165
0.068000 0.993175
0.072000 0.993187
0.076000 0.993198
0.080000 0.993210
0.084000 0.993222
0.088000 0.993235
0.092000 0.993248
0.096000 0.993262
0.100000 0.993276
0.104000 0.993290
0.108000 0.993305
0.112000 0.993320
0.116000 0.993336
0.120000 0.993352
0.124000 0.993369
0.128000 0.993386
0.132000 0.993404
0.136000 0.993422
0.140000 0.993441
0.144000 0.993460
0.148000 0.993480
0.152000 0.993500
0.156000 0.993521
0.160000 0.993542
0.164000 0.993564
0.168000 0.993587
0.172000 0.993610
0.176000 0.993633
0.180000 0.993657
0.184000 0.993682
0.188000 0.993707
0.192000 0.993733
0.196000 0.993759
0.200000 0.993786
0.204000 0.993813
0.208000 0.993841
0.212000 0.993870
0.216000 0.993899
0.220000 0.993929
0.224000 0.993959
0.228000 0.993990
0.232000 0.994022
0.236000 0.994054
0.240000 0.994087
0.244000 0.994120
0.248000 0.994154
0.252000 0.994188
0.256000 0.994223
0.260000 0.994259
0.264000 0.994295
0.268000 0.994331
0.272000 0.994368
0.276000 0.994406
0.280000 0.994444
0.284000 0.994483
0.288000 0.994523
0.292000 0.994562
0.296000 0.994603
0.300000 0.994644
0.304000 0.994685
0.308000 0.994727
0.312000 0.994769
0.316000 0.994812
0.320000 0.994855
0.324000 0.994899
0.328000 0.994943
0.332000 0.994987
0.336000 0.995032
0.340000 0.995078
0.344000 0.995123
0.348000 0.995169
0.352000 0.995216
0.356000 0.995263
0.360000 0.995310
0.364000 0.995357
0.368000 0.995405
0.372000 0.995453
0.376000 0.995502
0.380000 0.995550
0.384000 0.995599
0.388000 0.995648
0.392000 0.995698
0.396000 0.995747
0.400000 0.995797
0.404000 0.995847
0.408000 0.995897
0.412000 0.995947
0.416000 0.995998
0.420000 0.996048
0.424000 0.996099
0.428000 0.996149
0.432000 0.996200
0.436000 0.996251
0.440000 0.996301
0.444000 0.996352
0.448000 0.996403
0.452000 0.996454
0.456000 0.996504
0.460000 0.996555
0.464000 0.996606
0.468000 0.996656
0.472000 0.996706
0.476000 0.996757
0.480000 0.996807
0.484000 0.996857
0.488000 0.996907
0.492000 0.996956
0.496000 0.997006
0.500000 0.997055
0.504000 0.997104
0.508000 0.997153
0.512000 0.997202
0.516000 0.997250
0.520000 0.997298
0.524000 0.997345
0.528000 0.997393
0.532000 0.997440
0.536000 0.997487
0.540000 0.997533
0.544000 0.997579
0.548000 0.997625
0.552000 0.997670
0.556000 0.997715
0.560000 0.997760
0.564000 0.997804
0.568000 0.997848
0.572000 0.997891
0.576000 0.997934
0.580000 0.997976
0.584000 0.998018
0.588000 0.998060
0.592000 0.998101
0.596000 0.998142
0.600000 0.998182
0.604000 0.998221
0.608000 0.998260
0.612000 0.998299
0.616000 0.998337
0.620000 0.998375
0.624000 0.998412
0.628000 0.998449
0.632000 0.998485
0.636000 0.998520
0.640000 0.998555
0.644000 0.998590
0.648000 0.998624
0.652000 0.998657
0.656000 0.998690
0.660000 0.998723
0.664000 0.998755
0.668000 0.998786
0.672000 0.998817
0.676000 0.998847
0.680000 0.998877
0.684000 0.998906
0.688000 0.998935
0.692000 0.998963
0.696000 0.998991
0.700000 0.999018
0.704000 0.999045
0.708000 0.999071
0.712000 0.999096
0.716000 0.999122
0.720000 0.999146
0.724000 0.999170
0.728000 0.999194
0.732000 0.999217
0.736000 0.999239
0.740000 0.999262
0.744000 0.999283
0.748000 0.999304
0.752000 0.999325
0.756000 0.999345
0.760000 0.999365
0.764000 0.999384
0.768000 0.999403
0.772000 0.999421
0.776000 0.999439
0.780000 0.999457
0.784000 0.999474
0.788000 0.999491
0.792000 0.999507
0.796000 0.999523
0.800000 0.999538
0.804000 0.999553
0.808000 0.999568
0.812000 0.999582
0.816000 0.999596
0.820000 0.999609
0.824000 0.999622
0.828000 0.999635
0.832000 0.999647
0.836000 0.999659
0.840000 0.999671
0.844000 0.999683
0.848000 0.999694
0.852000 0.999704
0.856000 0.999715
0.860000 0.999725
0.864000 0.999735
0.868000 0.999744
0.872000 0.999753
0.876000 0.999762
0.880000 0.999771
0.884000 0.999780
0.888000 0.999788
0.892000 0.999796
0.896000 0.999803
0.900000 0.999811
0.904000 0.999818
0.908000 0.999825
0.912000 0.999831
0.916000 0.999838
0.920000 0.999844
0.924000 0.999850
0.928000 0.999856
0.932000 0.999862
0.936000 0.999867
0.940000 0.999872
0.944000 0.999878
0.948000 0.999882
0.952000 0.999887
0.956000 0.999892
0.960000 0.999896
0.964000 0.999901
0.968000 0.999905
0.972000 0.999909
0.976000 0.999914
0.980000 0.999918
0.984000 0.999923
0.988000 0.999927
0.992000 0.999933
0.996000 0.999939
1.000000 0.999947
