-1.000000 0.997928
-0.996000 0.997928
-0.992000 0.997928
-0.988000 0.997928
-0.984000 0.997928
-0.980000 0.997928
-0.976000 0.997928
-0.972000 0.997928
-0.968000 0.997928
-0.964000 0.997928
-0.960000 0.997928
-0.956000 0.997928
-0.952000 0.997928
-0.948000 0.997927
-0.944000 0.997927
-0.940000 0.997927
-0.936000 0.997927
-0.932000 0.997927
-0.928000 0.997926
-0.924000 0.997926
-0.920000 0.997925
-0.916000 0.997925
-0.912000 0.997924
-0.908000 0.997924
-0.904000 0.997923
-0.900000 0.997922
-0.896000 0.997921
-0.892000 0.997920
-0.888000 0.997919
-0.884000 0.997917
-0.880000 0.997915
-0.876000 0.997913
-0.872000 0.997911
-0.868000 0.997909
-0.864000 0.997906
-0.860000 0.997903
-0.856000 0.997899
-0.852000 0.997895
-0.848000 0.997891
-0.844000 0.997886
-0.840000 0.997880
-0.836000 0.997874
-0.832000 0.997867
-0.828000 0.997860
-0.824000 0.997852
-0.820000 0.997843
-0.816000 0.997833
-0.812000 0.997822
-0.808000 0.997811
-0.804000 0.997798
-0.800000 0.997784
-0.796000 0.997769
-0.792000 0.997753
-0.788000 0.997736
-0.784000 0.997717
-0.780000 0.997697
-0.776000 0.997675
-0.772000 0.997651
-0.768000 0.997627
-0.764000 0.997600
-0.760000 0.997572
-0.756000 0.997542
-0.752000 0.997510
-0.748000 0.997476
-0.744000 0.997440
-0.740000 0.997402
-0.736000 0.997362
-0.732000 0.997320
-0.728000 0.997276
-0.724000 0.997230
-0.720000 0.997181
-0.716000 0.997131
-0.712000 0.997078
-0.708000 0.997023
-0.704000 0.996965
-0.700000 0.996906
-0.696000 0.996844
-0.692000 0.996780
-0.688000 0.996714
-0.684000 0.996645
-0.680000 0.996575
-0.676000 0.996503
-0.672000 0.996428
-0.668000 0.996352
-0.664000 0.996273
-0.660000 0.996193
-0.656000 0.996111
-0.652000 0.996028
-0.648000 0.995943
-0.644000 0.995856
-0.640000 0.995768
-0.636000 0.995679
-0.632000 0.995588
-0.628000 0.995497
-0.624000 0.995404
-0.620000 0.995311
-0.616000 0.995217
-0.612000 0.995122
-0.608000 0.995027
-0.604000 0.994931
-0.600000 0.994835
-0.596000 0.994739
-0.592000 0.994643
-0.588000 0.994547
-0.584000 0.994451
-0.580000 0.994356
-0.576000 0.994261
-0.572000 0.994166
-0.568000 0.994072
-0.564000 0.993979
-0.560000 0.993887
-0.556000 0.993796
-0.552000 0.993706
-0.548000 0.993617
-0.544000 0.993529
-0.540000 0.993442
-0.536000 0.993357
-0.532000 0.993273
-0.528000 0.993191
-0.524000 0.993110
-0.520000 0.993031
-0.516000 0.992954
-0.512000 0.992878
-0.508000 0.992804
-0.504000 0.992732
-0.500000 0.992661
-0.496000 0.992593
-0.492000 0.992526
-0.488000 0.992461
-0.484000 0.992398
-0.480000 0.992337
-0.476000 0.992278
-0.472000 0.992221
-0.468000 0.992165
-0.464000 0.992112
-0.460000 0.992060
-0.456000 0.992010
-0.452000 0.991962
-0.448000 0.991916
-0.444000 0.991871
-0.440000 0.991828
-0.436000 0.991787
-0.432000 0.991748
-0.428000 0.991710
-0.424000 0.991674
-0.420000 0.991639
-0.416000 0.991606
-0.412000 0.991574
-0.408000 0.991544
-0.404000 0.991515
-0.400000 0.991487
-0.396000 0.991461
-0.392000 0.991436
-0.388000 0.991413
-0.384000 0.991390
-0.380000 0.991369
-0.376000 0.991348
-0.372000 0.991329
-0.368000 0.991311
-0.364000 0.991294
-0.360000 0.991277
-0.356000 0.991262
-0.352000 0.991248
-0.348000 0.991234
-0.344000 0.991221
-0.340000 0.991209
-0.336000 0.991197
-0.332000 0.991186
-0.328000 0.991176
-0.324000 0.991167
-0.320000 0.991158
-0.316000 0.991149
-0.312000 0.991141
-0.308000 0.991134
-0.304000 0.991127
-0.300000 0.991121
-0.296000 0.991115
-0.292000 0.991109
-0.288000 0.991104
-0.284000 0.991099
-0.280000 0.991094
-0.276000 0.991090
-0.272000 0.991086
-0.268000 0.991082
-0.264000 0.991079
-0.260000 0.991076
-0.256000 0.991073
-0.252000 0.991070
-0.248000 0.991067
-0.244000 0.991065
-0.240000 0.991063
-0.236000 0.991061
-0.232000 0.991059
-0.228000 0.991057
-0.224000 0.991055
-0.220000 0.991054
-0.216000 0.991052
-0.212000 0.991051
-0.208000 0.991050
-0.204000 0.991049
-0.200000 0.991048
-0.196000 0.991047
-0.192000 0.991046
-0.188000 0.991045
-0.184000 0.991045
-0.180000 0.991044
-0.176000 0.991043
-0.172000 0.991043
-0.168000 0.991042
-0.164000 0.991042
-0.160000 0.991041
-0.156000 0.991041
-0.152000 0.991041
-0.148000 0.991040
-0.144000 0.991040
-0.140000 0.991040
-0.136000 0.991040
-0.132000 0.991039
-0.128000 0.991039
-0.124000 0.991039
-0.120000 0.991039
-0.116000 0.991039
-0.112000 0.991038
-0.108000 0.991038
-0.104000 0.991038
-0.100000 0.991038
-0.096000 0.991038
-0.092000 0.991038
-0.088000 0.991038
-0.084000 0.991038
-0.080000 0.991038
-0.076000 0.991038
-0.072000 0.991038
-0.068000 0.991037
-0.064000 0.991037
-0.060000 0.991037
-0.056000 0.991037
-0.052000 0.991037
-0.048000 0.991037
-0.044000 0.991037
-0.040000 0.991037
-0.036000 0.991037
-0.032000 0.991037
-0.028000 0.991037
-0.024000 0.991037
-0.020000 0.991037
-0.016000 0.991037
-0.012000 0.991037
-0.008000 0.991037
-0.004000 0.991037
0.000000 0.991037
0.004000 0.991037
0.008000 0.991037
0.012000 0.991037
0.016000 0.991037
0.020000 0.991037
0.024000 0.991037
0.028000 0.991037
0.032000 0.991037
0.036000 0.991037
0.040000 0.991037
0.044000 0.991037
0.048000 0.991037
0.052000 0.991037
0.056000 0.991037
0.060000 0.991037
0.064000 0.991037
0.068000 0.991037
0.072000 0.991037
0.076000 0.991037
0.080000 0.991037
0.084000 0.991037
0.088000 0.991037
0.092000 0.991037
0.096000 0.991037
0.100000 0.991037
0.104000 0.991037
0.108000 0.991037
0.112000 0.991037
0.116000 0.991037
0.120000 0.991037
0.124000 0.991037
0.128000 0.991037
0.132000 0.991037
0.136000 0.991037
0.140000 0.991037
0.144000 0.991037
0.148000 0.991037
0.152000 0.991037
0.156000 0.991037
0.160000 0.991037
0.164000 0.991037
0.168000 0.991037
0.172000 0.991037
0.176000 0.991037
0.180000 0.991037
0.184000 0.991037
0.188000 0.991037
0.192000 0.991037
0.196000 0.991037
0.200000 0.991037
0.204000 0.991037
0.208000 0.991037
0.212000 0.991037
0.216000 0.991037
0.220000 0.991037
0.224000 0.991037
0.228000 0.991037
0.232000 0.991037
0.236000 0.991037
0.240000 0.991037
0.244000 0.991037
0.248000 0.991037
0.252000 0.991037
0.256000 0.991037
0.260000 0.991037
0.264000 0.991037
0.268000 0.991037
0.272000 0.991037
0.276000 0.991037
0.280000 0.991037
0.284000 0.991037
0.288000 0.991037
0.292000 0.991037
0.296000 0.991037
0.300000 0.991037
0.304000 0.991037
0.308000 0.991037
0.312000 0.991037
0.316000 0.991037
0.320000 0.991037
0.324000 0.991037
0.328000 0.991037
0.332000 0.991037
0.336000 0.991037
0.340000 0.991037
0.344000 0.991037
0.348000 0.991037
0.352000 0.991037
0.356000 0.991037
0.360000 0.991037
0.364000 0.991037
0.368000 0.991037
0.372000 0.991037
0.376000 0.991037
0.380000 0.991037
0.384000 0.991037
0.388000 0.991037
0.392000 0.991037
0.396000 0.991037
0.400000 0.991037
0.404000 0.991037
0.408000 0.991037
0.412000 0.991037
0.416000 0.991037
0.420000 0.991037
0.424000 0.991037
0.428000 0.991037
0.432000 0.991037
0.436000 0.991037
0.440000 0.991037
0.444000 0.991037
0.448000 0.991037
0.452000 0.991037
0.456000 0.991037
0.460000 0.991037
0.464000 0.991037
0.468000 0.991037
0.472000 0.991037
0.476000 0.991037
0.480000 0.991037
0.484000 0.991037
0.488000 0.991037
0.492000 0.991037
0.496000 0.991037
0.500000 0.991037
0.504000 0.991037
0.508000 0.991037
0.512000 0.991037
0.516000 0.991037
0.520000 0.991037
0.524000 0.991037
0.528000 0.991037
0.532000 0.991037
0.536000 0.991037
0.540000 0.991037
0.544000 0.991037
0.548000 0.991037
0.552000 0.991037
0.556000 0.991037
0.560000 0.991037
0.564000 0.991037
0.568000 0.991037
0.572000 0.991037
0.576000 0.991037
0.580000 0.991037
0.584000 0.991037
0.588000 0.991037
0.592000 0.991037
0.596000 0.991037
0.600000 0.991037
0.604000 0.991037
0.608000 0.991037
0.612000 0.991037
0.616000 0.991037
0.620000 0.991037
0.624000 0.991037
0.628000 0.991037
0.632000 0.991037
0.636000 0.991037
0.640000 0.991037
0.644000 0.991037
0.648000 0.991037
0.652000 0.991037
0.656000 0.991037
0.660000 0.991037
0.664000 0.991037
0.668000 0.991037
0.672000 0.991037
0.676000 0.991037
0.680000 0.991037
0.684000 0.991037
0.688000 0.991037
0.692000 0.991037
0.696000 0.991037
0.700000 0.991037
0.704000 0.991037
0.708000 0.991037
0.712000 0.991037
0.716000 0.991037
0.720000 0.991037
0.724000 0.991037
0.728000 0.991037
0.732000 0.991037
0.736000 0.991037
0.740000 0.991037
0.744000 0.991037
0.748000 0.991037
0.752000 0.991037
0.756000 0.991037
0.760000 0.991037
0.764000 0.991037
0.768000 0.991037
0.772000 0.991037
0.776000 0.991037
0.780000 0.991037
0.784000 0.991037
0.788000 0.991037
0.792000 0.991037
0.796000 0.991037
0.800000 0.991037
0.804000 0.991037
0.808000 0.991037
0.812000 0.991037
0.816000 0.991037
0.820000 0.991037
0.824000 0.991037
0.828000 0.991037
0.832000 0.991037
0.836000 0.991037
0.840000 0.991037
0.844000 0.991037
0.848000 0.991037
0.852000 0.991037
0.856000 0.991037
0.860000 0.991037
0.864000 0.991037
0.868000 0.991037
0.872000 0.991037
0.876000 0.991037
0.880000 0.991037
0.884000 0.991037
0.888000 0.991037
0.892000 0.991037
0.896000 0.991037
0.900000 0.991037
0.904000 0.991037
0.908000 0.991037
0.912000 0.991037
0.916000 0.991037
0.920000 0.991037
0.924000 0.991037
0.928000 0.991037
0.932000 0.991037
0.936000 0.991037
0.940000 0.991037
0.944000 0.991037
0.948000 0.991037
0.952000 0.991037
0.956000 0.991037
0.960000 0.991037
0.964000 0.991037
0.968000 0.991037
0.972000 0.991037
0.976000 0.991037
0.980000 0.991037
0.984000 0.991037
0.988000 0.991037
0.992000 0.991037
0.996000 0.991037
1.000000 0.991037
