-1.000000 0.997928
-0.996000 0.997928
-0.992000 0.997928
-0.988000 0.997928
-0.984000 0.997928
-0.980000 0.997928
-0.976000 0.997928
-0.972000 0.997928
-0.968000 0.997928
-0.964000 0.997928
-0.960000 0.997928
-0.956000 0.997928
-0.952000 0.997928
-0.948000 0.997928
-0.944000 0.997928
-0.940000 0.997928
-0.936000 0.997928
-0.932000 0.997928
-0.928000 0.997928
-0.924000 0.997928
-0.920000 0.997928
-0.916000 0.997928
-0.912000 0.997928
-0.908000 0.997928
-0.904000 0.997928
-0.900000 0.997928
-0.896000 0.997928
-0.892000 0.997928
-0.888000 0.997928
-0.884000 0.997928
-0.880000 0.997928
-0.876000 0.997928
-0.872000 0.997928
-0.868000 0.997928
-0.864000 0.997928
-0.860000 0.997928
-0.856000 0.997928
-0.852000 0.997928
-0.848000 0.997928
-0.844000 0.997928
-0.840000 0.997928
-0.836000 0.997928
-0.832000 0.997928
-0.828000 0.997928
-0.824000 0.997928
-0.820000 0.997928
-0.816000 0.997928
-0.812000 0.997928
-0.808000 0.997928
-0.804000 0.997928
-0.800000 0.997928
-0.796000 0.997928
-0.792000 0.997928
-0.788000 0.997928
-0.784000 0.997928
-0.780000 0.997928
-0.776000 0.997928
-0.772000 0.997928
-0.768000 0.997928
-0.764000 0.997928
-0.760000 0.997928
-0.756000 0.997928
-0.752000 0.997928
-0.748000 0.997928
-0.744000 0.997928
-0.740000 0.997928
-0.736000 0.997928
-0.732000 0.997928
-0.728000 0.997928
-0.724000 0.997928
-0.720000 0.997928
-0.716000 0.997928
-0.712000 0.997928
-0.708000 0.997928
-0.704000 0.997928
-0.700000 0.997928
-0.696000 0.997928
-0.692000 0.997928
-0.688000 0.997928
-0.684000 0.997928
-0.680000 0.997928
-0.676000 0.997928
-0.672000 0.997928
-0.668000 0.997928
-0.664000 0.997928
-0.660000 0.997928
-0.656000 0.997928
-0.652000 0.997928
-0.648000 0.997928
-0.644000 0.997928
-0.640000 0.997928
-0.636000 0.997928
-0.632000 0.997928
-0.628000 0.997928
-0.624000 0.997928
-0.620000 0.997928
-0.616000 0.997928
-0.612000 0.997928
-0.608000 0.997928
-0.604000 0.997928
-0.600000 0.997928
-0.596000 0.997928
-0.592000 0.997928
-0.588000 0.997928
-0.584000 0.997928
-0.580000 0.997927
-0.576000 0.997927
-0.572000 0.997927
-0.568000 0.997927
-0.564000 0.997927
-0.560000 0.997927
-0.556000 0.997927
-0.552000 0.997927
-0.548000 0.997927
-0.544000 0.997927
-0.540000 0.997927
-0.536000 0.997926
-0.532000 0.997926
-0.528000 0.997926
-0.524000 0.997926
-0.520000 0.997926
-0.516000 0.997926
-0.512000 0.997925
-0.508000 0.997925
-0.504000 0.997925
-0.500000 0.997925
-0.496000 0.997924
-0.492000 0.997924
-0.488000 0.997924
-0.484000 0.997923
-0.480000 0.997923
-0.476000 0.997922
-0.472000 0.997922
-0.468000 0.997921
-0.464000 0.997921
-0.460000 0.997920
-0.456000 0.997919
-0.452000 0.997919
-0.448000 0.997918
-0.444000 0.997917
-0.440000 0.997916
-0.436000 0.997915
-0.432000 0.997914
-0.428000 0.997913
-0.424000 0.997912
-0.420000 0.997910
-0.416000 0.997909
-0.412000 0.997908
-0.408000 0.997906
-0.404000 0.997904
-0.400000 0.997902
-0.396000 0.997901
-0.392000 0.997899
-0.388000 0.997896
-0.384000 0.997894
-0.380000 0.997892
-0.376000 0.997889
-0.372000 0.997886
-0.368000 0.997883
-0.364000 0.997880
-0.360000 0.997877
-0.356000 0.997874
-0.352000 0.997870
-0.348000 0.997866
-0.344000 0.997862
-0.340000 0.997858
-0.336000 0.997853
-0.332000 0.997848
-0.328000 0.997843
-0.324000 0.997838
-0.320000 0.997832
-0.316000 0.997826
-0.312000 0.997820
-0.308000 0.997813
-0.304000 0.997807
-0.300000 0.997799
-0.296000 0.997792
-0.292000 0.997784
-0.288000 0.997775
-0.284000 0.997767
-0.280000 0.997758
-0.276000 0.997748
-0.272000 0.997738
-0.268000 0.997728
-0.264000 0.997717
-0.260000 0.997705
-0.256000 0.997693
-0.252000 0.997681
-0.248000 0.997668
-0.244000 0.997655
-0.240000 0.997641
-0.236000 0.997626
-0.232000 0.997611
-0.228000 0.997596
-0.224000 0.997579
-0.220000 0.997563
-0.216000 0.997545
-0.212000 0.997527
-0.208000 0.997508
-0.204000 0.997489
-0.200000 0.997469
-0.196000 0.997448
-0.192000 0.997427
-0.188000 0.997404
-0.184000 0.997382
-0.180000 0.997358
-0.176000 0.997334
-0.172000 0.997309
-0.168000 0.997283
-0.164000 0.997256
-0.160000 0.997229
-0.156000 0.997201
-0.152000 0.997172
-0.148000 0.997142
-0.144000 0.997112
-0.140000 0.997080
-0.136000 0.997048
-0.132000 0.997015
-0.128000 0.996982
-0.124000 0.996947
-0.120000 0.996912
-0.116000 0.996876
-0.112000 0.996839
-0.108000 0.996801
-0.104000 0.996763
-0.100000 0.996724
-0.096000 0.996684
-0.092000 0.996643
-0.088000 0.996601
-0.084000 0.996559
-0.080000 0.996516
-0.076000 0.996472
-0.072000 0.996427
-0.068000 0.996382
-0.064000 0.996336
-0.060000 0.996289
-0.056000 0.996242
-0.052000 0.996193
-0.048000 0.996144
-0.044000 0.996095
-0.040000 0.996045
-0.036000 0.995994
-0.032000 0.995943
-0.028000 0.995891
-0.024000 0.995838
-0.020000 0.995785
-0.016000 0.995732
-0.012000 0.995678
-0.008000 0.995623
-0.004000 0.995568
0.000000 0.995513
0.004000 0.995457
0.008000 0.995401
0.012000 0.995344
0.016000 0.995288
0.020000 0.995230
0.024000 0.995173
0.028000 0.995115
0.032000 0.995057
0.036000 0.994999
0.040000 0.994941
0.044000 0.994882
0.048000 0.994824
0.052000 0.994765
0.056000 0.994706
0.060000 0.994647
0.064000 0.994589
0.068000 0.994530
0.072000 0.994471
0.076000 0.994412
0.080000 0.994354
0.084000 0.994295
0.088000 0.994237
0.092000 0.994179
0.096000 0.994121
0.100000 0.994063
0.104000 0.994005
0.108000 0.993948
0.112000 0.993891
0.116000 0.993835
0.120000 0.993778
0.124000 0.993723
0.128000 0.993667
0.132000 0.993612
0.136000 0.993557
0.140000 0.993503
0.144000 0.993449
0.148000 0.993396
0.152000 0.993343
0.156000 0.993291
0.160000 0.993239
0.164000 0.993188
0.168000 0.993138
0.172000 0.993088
0.176000 0.993038
0.180000 0.992990
0.184000 0.992942
0.188000 0.992894
0.192000 0.992847
0.196000 0.992801
0.200000 0.992756
0.204000 0.992711
0.208000 0.992667
0.212000 0.992623
0.216000 0.992581
0.220000 0.992539
0.224000 0.992497
0.228000 0.992457
0.232000 0.992417
0.236000 0.992378
0.240000 0.992339
0.244000 0.992302
0.248000 0.992265
0.252000 0.992228
0.256000 0.992193
0.260000 0.992158
0.264000 0.992124
0.268000 0.992091
0.272000 0.992058
0.276000 0.992026
0.280000 0.991995
0.284000 0.991964
0.288000 0.991935
0.292000 0.991906
0.296000 0.991877
0.300000 0.991850
0.304000 0.991823
0.308000 0.991796
0.312000 0.991770
0.316000 0.991745
0.320000 0.991721
0.324000 0.991697
0.328000 0.991674
0.332000 0.991652
0.336000 0.991630
0.340000 0.991609
0.344000 0.991588
0.348000 0.991568
0.352000 0.991549
0.356000 0.991530
0.360000 0.991511
0.364000 0.991494
0.368000 0.991476
0.372000 0.991460
0.376000 0.991443
0.380000 0.991428
0.384000 0.991413
0.388000 0.991398
0.392000 0.991384
0.396000 0.991370
0.400000 0.991357
0.404000 0.991344
0.408000 0.991331
0.412000 0.991319
0.416000 0.991308
0.420000 0.991296
0.424000 0.991286
0.428000 0.991275
0.432000 0.991265
0.436000 0.991255
0.440000 0.991246
0.444000 0.991237
0.448000 0.991228
0.452000 0.991220
0.456000 0.991212
0.460000 0.991204
0.464000 0.991197
0.468000 0.991190
0.472000 0.991183
0.476000 0.991176
0.480000 0.991170
0.484000 0.991164
0.488000 0.991158
0.492000 0.991152
0.496000 0.991147
0.500000 0.991142
0.504000 0.991137
0.508000 0.991132
0.512000 0.991128
0.516000 0.991123
0.520000 0.991119
0.524000 0.991115
0.528000 0.991111
0.532000 0.991108
0.536000 0.991104
0.540000 0.991101
0.544000 0.991098
0.548000 0.991095
0.552000 0.991092
0.556000 0.991089
0.560000 0.991086
0.564000 0.991084
0.568000 0.991082
0.572000 0.991079
0.576000 0.991077
0.580000 0.991075
0.584000 0.991073
0.588000 0.991071
0.592000 0.991069
0.596000 0.991068
0.600000 0.991066
0.604000 0.991064
0.608000 0.991063
0.612000 0.991062
0.616000 0.991060
0.620000 0.991059
0.624000 0.991058
0.628000 0.991057
0.632000 0.991056
0.636000 0.991055
0.640000 0.991054
0.644000 0.991053
0.648000 0.991052
0.652000 0.991051
0.656000 0.991050
0.660000 0.991049
0.664000 0.991049
0.668000 0.991048
0.672000 0.991047
0.676000 0.991047
0.680000 0.991046
0.684000 0.991046
0.688000 0.991045
0.692000 0.991045
0.696000 0.991044
0.700000 0.991044
0.704000 0.991043
0.708000 0.991043
0.712000 0.991043
0.716000 0.991042
0.720000 0.991042
0.724000 0.991042
0.728000 0.991041
0.732000 0.991041
0.736000 0.991041
0.740000 0.991041
0.744000 0.991040
0.748000 0.991040
0.752000 0.991040
0.756000 0.991040
0.760000 0.991040
0.764000 0.991039
0.768000 0.991039
0.772000 0.991039
0.776000 0.991039
0.780000 0.991039
0.784000 0.991039
0.788000 0.991039
0.792000 0.991039
0.796000 0.991038
0.800000 0.991038
0.804000 0.991038
0.808000 0.991038
0.812000 0.991038
0.816000 0.991038
0.820000 0.991038
0.824000 0.991038
0.828000 0.991038
0.832000 0.991038
0.836000 0.991038
0.840000 0.991038
0.844000 0.991038
0.848000 0.991038
0.852000 0.991038
0.856000 0.991038
0.860000 0.991037
0.864000 0.991037
0.868000 0.991037
0.872000 0.991037
0.876000 0.991037
0.880000 0.991037
0.884000 0.991037
0.888000 0.991037
0.892000 0.991037
0.896000 0.991037
0.900000 0.991037
0.904000 0.991037
0.908000 0.991037
0.912000 0.991037
0.916000 0.991037
0.920000 0.991037
0.924000 0.991037
0.928000 0.991037
0.932000 0.991037
0.936000 0.991037
0.940000 0.991037
0.944000 0.991037
0.948000 0.991037
0.952000 0.991037
0.956000 0.991037
0.960000 0.991037
0.964000 0.991037
0.968000 0.991037
0.972000 0.991037
0.976000 0.991037
0.980000 0.991037
0.984000 0.991037
0.988000 0.991037
0.992000 0.991037
0.996000 0.991037
1.000000 0.991037
