-1.000000 0.997928
-0.996000 0.997928
-0.992000 0.997928
-0.988000 0.997928
-0.984000 0.997928
-0.980000 0.997928
-0.976000 0.997928
-0.972000 0.997928
-0.968000 0.997928
-0.964000 0.997928
-0.960000 0.997928
-0.956000 0.997928
-0.952000 0.997928
-0.948000 0.997928
-0.944000 0.997928
-0.940000 0.997928
-0.936000 0.997928
-0.932000 0.997928
-0.928000 0.997928
-0.924000 0.997928
-0.920000 0.997928
-0.916000 0.997928
-0.912000 0.997928
-0.908000 0.997928
-0.904000 0.997928
-0.900000 0.997928
-0.896000 0.997928
-0.892000 0.997928
-0.888000 0.997928
-0.884000 0.997928
-0.880000 0.997928
-0.876000 0.997928
-0.872000 0.997928
-0.868000 0.997928
-0.864000 0.997928
-0.860000 0.997928
-0.856000 0.997928
-0.852000 0.997928
-0.848000 0.997928
-0.844000 0.997928
-0.840000 0.997928
-0.836000 0.997928
-0.832000 0.997928
-0.828000 0.997928
-0.824000 0.997928
-0.820000 0.997928
-0.816000 0.997928
-0.812000 0.997928
-0.808000 0.997928
-0.804000 0.997928
-0.800000 0.997928
-0.796000 0.997928
-0.792000 0.997928
-0.788000 0.997928
-0.784000 0.997928
-0.780000 0.997928
-0.776000 0.997928
-0.772000 0.997928
-0.768000 0.997928
-0.764000 0.997928
-0.760000 0.997928
-0.756000 0.997928
-0.752000 0.997928
-0.748000 0.997928
-0.744000 0.997928
-0.740000 0.997928
-0.736000 0.997928
-0.732000 0.997928
-0.728000 0.997928
-0.724000 0.997928
-0.720000 0.997928
-0.716000 0.997928
-0.712000 0.997928
-0.708000 0.997928
-0.704000 0.997928
-0.700000 0.997927
-0.696000 0.997927
-0.692000 0.997927
-0.688000 0.997927
-0.684000 0.997927
-0.680000 0.997927
-0.676000 0.997927
-0.672000 0.997927
-0.668000 0.997927
-0.664000 0.997927
-0.660000 0.997926
-0.656000 0.997926
-0.652000 0.997926
-0.648000 0.997926
-0.644000 0.997926
-0.640000 0.997925
-0.636000 0.997925
-0.632000 0.997925
-0.628000 0.997924
-0.624000 0.997924
-0.620000 0.997924
-0.616000 0.997923
-0.612000 0.997923
-0.608000 0.997922
-0.604000 0.997921
-0.600000 0.997921
-0.596000 0.997920
-0.592000 0.997919
-0.588000 0.997919
-0.584000 0.997918
-0.580000 0.997917
-0.576000 0.997916
-0.572000 0.997915
-0.568000 0.997913
-0.564000 0.997912
-0.560000 0.997911
-0.556000 0.997909
-0.552000 0.997907
-0.548000 0.997906
-0.544000 0.997904
-0.540000 0.997902
-0.536000 0.997900
-0.532000 0.997897
-0.528000 0.997895
-0.524000 0.997892
-0.520000 0.997889
-0.516000 0.997886
-0.512000 0.997883
-0.508000 0.997879
-0.504000 0.997875
-0.500000 0.997871
-0.496000 0.997867
-0.492000 0.997863
-0.488000 0.997858
-0.484000 0.997853
-0.480000 0.997847
-0.476000 0.997841
-0.472000 0.997835
-0.468000 0.997829
-0.464000 0.997822
-0.460000 0.997815
-0.456000 0.997807
-0.452000 0.997799
-0.448000 0.997791
-0.444000 0.997782
-0.440000 0.997772
-0.436000 0.997762
-0.432000 0.997752
-0.428000 0.997741
-0.424000 0.997729
-0.420000 0.997717
-0.416000 0.997704
-0.412000 0.997691
-0.408000 0.997677
-0.404000 0.997663
-0.400000 0.997647
-0.396000 0.997631
-0.392000 0.997615
-0.388000 0.997598
-0.384000 0.997579
-0.380000 0.997561
-0.376000 0.997541
-0.372000 0.997521
-0.368000 0.997500
-0.364000 0.997478
-0.360000 0.997455
-0.356000 0.997431
-0.352000 0.997407
-0.348000 0.997381
-0.344000 0.997355
-0.340000 0.997328
-0.336000 0.997299
-0.332000 0.997270
-0.328000 0.997240
-0.324000 0.997209
-0.320000 0.997177
-0.316000 0.997145
-0.312000 0.997111
-0.308000 0.997076
-0.304000 0.997040
-0.300000 0.997003
-0.296000 0.996966
-0.292000 0.996927
-0.288000 0.996887
-0.284000 0.996846
-0.280000 0.996805
-0.276000 0.996762
-0.272000 0.996719
-0.268000 0.996674
-0.264000 0.996628
-0.260000 0.996582
-0.256000 0.996534
-0.252000 0.996486
-0.248000 0.996437
-0.244000 0.996387
-0.240000 0.996336
-0.236000 0.996284
-0.232000 0.996231
-0.228000 0.996177
-0.224000 0.996123
-0.220000 0.996068
-0.216000 0.996012
-0.212000 0.995955
-0.208000 0.995898
-0.204000 0.995840
-0.200000 0.995781
-0.196000 0.995722
-0.192000 0.995662
-0.188000 0.995601
-0.184000 0.995540
-0.180000 0.995479
-0.176000 0.995417
-0.172000 0.995355
-0.168000 0.995292
-0.164000 0.995228
-0.160000 0.995165
-0.156000 0.995101
-0.152000 0.995037
-0.148000 0.994973
-0.144000 0.994908
-0.140000 0.994843
-0.136000 0.994779
-0.132000 0.994714
-0.128000 0.994649
-0.124000 0.994584
-0.120000 0.994519
-0.116000 0.994454
-0.112000 0.994389
-0.108000 0.994325
-0.104000 0.994260
-0.100000 0.994196
-0.096000 0.994132
-0.092000 0.994068
-0.088000 0.994005
-0.084000 0.993942
-0.080000 0.993879
-0.076000 0.993817
-0.072000 0.993755
-0.068000 0.993694
-0.064000 0.993633
-0.060000 0.993572
-0.056000 0.993513
-0.052000 0.993453
-0.048000 0.993395
-0.044000 0.993337
-0.040000 0.993279
-0.036000 0.993223
-0.032000 0.993167
-0.028000 0.993111
-0.024000 0.993057
-0.020000 0.993003
-0.016000 0.992950
-0.012000 0.992897
-0.008000 0.992846
-0.004000 0.992795
0.000000 0.992745
0.004000 0.992696
0.008000 0.992648
0.012000 0.992601
0.016000 0.992554
0.020000 0.992509
0.024000 0.992464
0.028000 0.992420
0.032000 0.992377
0.036000 0.992335
0.040000 0.992293
0.044000 0.992253
0.048000 0.992213
0.052000 0.992175
0.056000 0.992137
0.060000 0.992100
0.064000 0.992064
0.068000 0.992029
0.072000 0.991995
0.076000 0.991961
0.080000 0.991929
0.084000 0.991897
0.088000 0.991866
0.092000 0.991836
0.096000 0.991807
0.100000 0.991779
0.104000 0.991751
0.108000 0.991724
0.112000 0.991698
0.116000 0.991673
0.120000 0.991648
0.124000 0.991625
0.128000 0.991601
0.132000 0.991579
0.136000 0.991557
0.140000 0.991537
0.144000 0.991516
0.148000 0.991497
0.152000 0.991478
0.156000 0.991459
0.160000 0.991442
0.164000 0.991425
0.168000 0.991408
0.172000 0.991392
0.176000 0.991377
0.180000 0.991362
0.184000 0.991348
0.188000 0.991334
0.192000 0.991321
0.196000 0.991308
0.200000 0.991296
0.204000 0.991284
0.208000 0.991273
0.212000 0.991262
0.216000 0.991251
0.220000 0.991241
0.224000 0.991232
0.228000 0.991223
0.232000 0.991214
0.236000 0.991205
0.240000 0.991197
0.244000 0.991189
0.248000 0.991182
0.252000 0.991175
0.256000 0.991168
0.260000 0.991161
0.264000 0.991155
0.268000 0.991149
0.272000 0.991143
0.276000 0.991138
0.280000 0.991133
0.284000 0.991128
0.288000 0.991123
0.292000 0.991119
0.296000 0.991114
0.300000 0.991110
0.304000 0.991106
0.308000 0.991103
0.312000 0.991099
0.316000 0.991096
0.320000 0.991092
0.324000 0.991089
0.328000 0.991087
0.332000 0.991084
0.336000 0.991081
0.340000 0.991079
0.344000 0.991076
0.348000 0.991074
0.352000 0.991072
0.356000 0.991070
0.360000 0.991068
0.364000 0.991066
0.368000 0.991065
0.372000 0.991063
0.376000 0.991062
0.380000 0.991060
0.384000 0.991059
0.388000 0.991057
0.392000 0.991056
0.396000 0.991055
0.400000 0.991054
0.404000 0.991053
0.408000 0.991052
0.412000 0.991051
0.416000 0.991050
0.420000 0.991049
0.424000 0.991049
0.428000 0.991048
0.432000 0.991047
0.436000 0.991047
0.440000 0.991046
0.444000 0.991045
0.448000 0.991045
0.452000 0.991044
0.456000 0.991044
0.460000 0.991043
0.464000 0.991043
0.468000 0.991043
0.472000 0.991042
0.476000 0.991042
0.480000 0.991042
0.484000 0.991041
0.488000 0.991041
0.492000 0.991041
0.496000 0.991040
0.500000 0.991040
0.504000 0.991040
0.508000 0.991040
0.512000 0.991040
0.516000 0.991039
0.520000 0.991039
0.524000 0.991039
0.528000 0.991039
0.532000 0.991039
0.536000 0.991039
0.540000 0.991039
0.544000 0.991038
0.548000 0.991038
0.552000 0.991038
0.556000 0.991038
0.560000 0.991038
0.564000 0.991038
0.568000 0.991038
0.572000 0.991038
0.576000 0.991038
0.580000 0.991038
0.584000 0.991038
0.588000 0.991038
0.592000 0.991038
0.596000 0.991038
0.600000 0.991038
0.604000 0.991037
0.608000 0.991037
0.612000 0.991037
0.616000 0.991037
0.620000 0.991037
0.624000 0.991037
0.628000 0.991037
0.632000 0.991037
0.636000 0.991037
0.640000 0.991037
0.644000 0.991037
0.648000 0.991037
0.652000 0.991037
0.656000 0.991037
0.660000 0.991037
0.664000 0.991037
0.668000 0.991037
0.672000 0.991037
0.676000 0.991037
0.680000 0.991037
0.684000 0.991037
0.688000 0.991037
0.692000 0.991037
0.696000 0.991037
0.700000 0.991037
0.704000 0.991037
0.708000 0.991037
0.712000 0.991037
0.716000 0.991037
0.720000 0.991037
0.724000 0.991037
0.728000 0.991037
0.732000 0.991037
0.736000 0.991037
0.740000 0.991037
0.744000 0.991037
0.748000 0.991037
0.752000 0.991037
0.756000 0.991037
0.760000 0.991037
0.764000 0.991037
0.768000 0.991037
0.772000 0.991037
0.776000 0.991037
0.780000 0.991037
0.784000 0.991037
0.788000 0.991037
0.792000 0.991037
0.796000 0.991037
0.800000 0.991037
0.804000 0.991037
0.808000 0.991037
0.812000 0.991037
0.816000 0.991037
0.820000 0.991037
0.824000 0.991037
0.828000 0.991037
0.832000 0.991037
0.836000 0.991037
0.840000 0.991037
0.844000 0.991037
0.848000 0.991037
0.852000 0.991037
0.856000 0.991037
0.860000 0.991037
0.864000 0.991037
0.868000 0.991037
0.872000 0.991037
0.876000 0.991037
0.880000 0.991037
0.884000 0.991037
0.888000 0.991037
0.892000 0.991037
0.896000 0.991037
0.900000 0.991037
0.904000 0.991037
0.908000 0.991037
0.912000 0.991037
0.916000 0.991037
0.920000 0.991037
0.924000 0.991037
0.928000 0.991037
0.932000 0.991037
0.936000 0.991037
0.940000 0.991037
0.944000 0.991037
0.948000 0.991037
0.952000 0.991037
0.956000 0.991037
0.960000 0.991037
0.964000 0.991037
0.968000 0.991037
0.972000 0.991037
0.976000 0.991037
0.980000 0.991037
0.984000 0.991037
0.988000 0.991037
0.992000 0.991037
0.996000 0.991037
1.000000 0.991037
