-1.000000 0.991037
-0.996000 0.991037
-0.992000 0.991037
-0.988000 0.991037
-0.984000 0.991037
-0.980000 0.991037
-0.976000 0.991037
-0.972000 0.991037
-0.968000 0.991037
-0.964000 0.991037
-0.960000 0.991037
-0.956000 0.991037
-0.952000 0.991037
-0.948000 0.991037
-0.944000 0.991037
-0.940000 0.991037
-0.936000 0.991037
-0.932000 0.991037
-0.928000 0.991037
-0.924000 0.991037
-0.920000 0.991037
-0.916000 0.991037
-0.912000 0.991037
-0.908000 0.991037
-0.904000 0.991037
-0.900000 0.991037
-0.896000 0.991037
-0.892000 0.991037
-0.888000 0.991037
-0.884000 0.991037
-0.880000 0.991037
-0.876000 0.991037
-0.872000 0.991037
-0.868000 0.991037
-0.864000 0.991037
-0.860000 0.991037
-0.856000 0.991037
-0.852000 0.991037
-0.848000 0.991037
-0.844000 0.991037
-0.840000 0.991037
-0.836000 0.991037
-0.832000 0.991037
-0.828000 0.991037
-0.824000 0.991037
-0.820000 0.991037
-0.816000 0.991037
-0.812000 0.991037
-0.808000 0.991037
-0.804000 0.991037
-0.800000 0.991037
-0.796000 0.991037
-0.792000 0.991037
-0.788000 0.991037
-0.784000 0.991037
-0.780000 0.991037
-0.776000 0.991037
-0.772000 0.991037
-0.768000 0.991037
-0.764000 0.991037
-0.760000 0.991037
-0.756000 0.991037
-0.752000 0.991037
-0.748000 0.991037
-0.744000 0.991037
-0.740000 0.991037
-0.736000 0.991037
-0.732000 0.991037
-0.728000 0.991037
-0.724000 0.991037
-0.720000 0.991037
-0.716000 0.991037
-0.712000 0.991037
-0.708000 0.991037
-0.704000 0.991037
-0.700000 0.991037
-0.696000 0.991037
-0.692000 0.991037
-0.688000 0.991037
-0.684000 0.991037
-0.680000 0.991037
-0.676000 0.991037
-0.672000 0.991037
-0.668000 0.991037
-0.664000 0.991037
-0.660000 0.991037
-0.656000 0.991037
-0.652000 0.991037
-0.648000 0.991037
-0.644000 0.991037
-0.640000 0.991037
-0.636000 0.991037
-0.632000 0.991037
-0.628000 0.991037
-0.624000 0.991037
-0.620000 0.991037
-0.616000 0.991037
-0.612000 0.991037
-0.608000 0.991037
-0.604000 0.991037
-0.600000 0.991037
-0.596000 0.991037
-0.592000 0.991037
-0.588000 0.991037
-0.584000 0.991037
-0.580000 0.991037
-0.576000 0.991037
-0.572000 0.991037
-0.568000 0.991037
-0.564000 0.991037
-0.560000 0.991037
-0.556000 0.991037
-0.552000 0.991037
-0.548000 0.991037
-0.544000 0.991037
-0.540000 0.991037
-0.536000 0.991037
-0.532000 0.991037
-0.528000 0.991037
-0.524000 0.991037
-0.520000 0.991037
-0.516000 0.991037
-0.512000 0.991037
-0.508000 0.991037
-0.504000 0.991037
-0.500000 0.991037
-0.496000 0.991037
-0.492000 0.991037
-0.488000 0.991038
-0.484000 0.991038
-0.480000 0.991038
-0.476000 0.991038
-0.472000 0.991038
-0.468000 0.991038
-0.464000 0.991038
-0.460000 0.991038
-0.456000 0.991038
-0.452000 0.991038
-0.448000 0.991038
-0.444000 0.991038
-0.440000 0.991038
-0.436000 0.991039
-0.432000 0.991039
-0.428000 0.991039
-0.424000 0.991039
-0.420000 0.991039
-0.416000 0.991039
-0.412000 0.991040
-0.408000 0.991040
-0.404000 0.991040
-0.400000 0.991040
-0.396000 0.991041
-0.392000 0.991041
-0.388000 0.991041
-0.384000 0.991042
-0.380000 0.991042
-0.376000 0.991042
-0.372000 0.991043
-0.368000 0.991043
-0.364000 0.991044
-0.360000 0.991044
-0.356000 0.991045
-0.352000 0.991045
-0.348000 0.991046
-0.344000 0.991047
-0.340000 0.991047
-0.336000 0.991048
-0.332000 0.991049
-0.328000 0.991050
-0.324000 0.991051
-0.320000 0.991052
-0.316000 0.991053
-0.312000 0.991054
-0.308000 0.991055
-0.304000 0.991056
-0.300000 0.991057
-0.296000 0.991059
-0.292000 0.991060
-0.288000 0.991062
-0.284000 0.991063
-0.280000 0.991065
-0.276000 0.991067
-0.272000 0.991069
-0.268000 0.991071
-0.264000 0.991073
-0.260000 0.991075
-0.256000 0.991078
-0.252000 0.991080
-0.248000 0.991083
-0.244000 0.991085
-0.240000 0.991088
-0.236000 0.991091
-0.232000 0.991094
-0.228000 0.991098
-0.224000 0.991101
-0.220000 0.991105
-0.216000 0.991109
-0.212000 0.991113
-0.208000 0.991117
-0.204000 0.991121
-0.200000 0.991126
-0.196000 0.991130
-0.192000 0.991135
-0.188000 0.991141
-0.184000 0.991146
-0.180000 0.991152
-0.176000 0.991157
-0.172000 0.991163
-0.168000 0.991170
-0.164000 0.991176
-0.160000 0.991183
-0.156000 0.991190
-0.152000 0.991198
-0.148000 0.991205
-0.144000 0.991213
-0.140000 0.991221
-0.136000 0.991230
-0.132000 0.991239
-0.128000 0.991248
-0.124000 0.991257
-0.120000 0.991267
-0.116000 0.991277
-0.112000 0.991287
-0.108000 0.991298
-0.104000 0.991309
-0.100000 0.991320
-0.096000 0.991332
-0.092000 0.991344
-0.088000 0.991357
-0.084000 0.991370
-0.080000 0.991383
-0.076000 0.991396
-0.072000 0.991410
-0.068000 0.991425
-0.064000 0.991439
-0.060000 0.991454
-0.056000 0.991470
-0.052000 0.991486
-0.048000 0.991502
-0.044000 0.991518
-0.040000 0.991535
-0.036000 0.991553
-0.032000 0.991571
-0.028000 0.991589
-0.024000 0.991607
-0.020000 0.991626
-0.016000 0.991646
-0.012000 0.991666
-0.008000 0.991686
-0.004000 0.991706
0.000000 0.991727
0.004000 0.991749
0.008000 0.991770
0.012000 0.991793
0.016000 0.991815
0.020000 0.991838
0.024000 0.991861
0.028000 0.991885
0.032000 0.991909
0.036000 0.991933
0.040000 0.991958
0.044000 0.991983
0.048000 0.992008
0.052000 0.992034
0.056000 0.992059
0.060000 0.992086
0.064000 0.992112
0.068000 0.992139
0.072000 0.992166
0.076000 0.992194
0.080000 0.992222
0.084000 0.992250
0.088000 0.992278
0.092000 0.992306
0.096000 0.992335
0.100000 0.992364
0.104000 0.992393
0.108000 0.992422
0.112000 0.992452
0.116000 0.992482
0.120000 0.992511
0.124000 0.992541
0.128000 0.992572
0.132000 0.992602
0.136000 0.992632
0.140000 0.992663
0.144000 0.992693
0.148000 0.992724
0.152000 0.992755
0.156000 0.992786
0.160000 0.992816
0.164000 0.992847
0.168000 0.992878
0.172000 0.992909
0.176000 0.992940
0.180000 0.992971
0.184000 0.993002
0.188000 0.993032
0.192000 0.993063
0.196000 0.993094
0.200000 0.993124
0.204000 0.993155
0.208000 0.993185
0.212000 0.993215
0.216000 0.993246
0.220000 0.993276
0.224000 0.993306
0.228000 0.993335
0.232000 0.993365
0.236000 0.993394
0.240000 0.993423
0.244000 0.993452
0.248000 0.993481
0.252000 0.993509
0.256000 0.993538
0.260000 0.993566
0.264000 0.993594
0.268000 0.993621
0.272000 0.993648
0.276000 0.993675
0.280000 0.993702
0.284000 0.993729
0.288000 0.993755
0.292000 0.993781
0.296000 0.993806
0.300000 0.993831
0.304000 0.993856
0.308000 0.993881
0.312000 0.993905
0.316000 0.993929
0.320000 0.993953
0.324000 0.993976
0.328000 0.993999
0.332000 0.994022
0.336000 0.994044
0.340000 0.994066
0.344000 0.994087
0.348000 0.994109
0.352000 0.994130
0.356000 0.994150
0.360000 0.994170
0.364000 0.994190
0.368000 0.994209
0.372000 0.994228
0.376000 0.994247
0.380000 0.994265
0.384000 0.994283
0.388000 0.994301
0.392000 0.994318
0.396000 0.994335
0.400000 0.994352
0.404000 0.994368
0.408000 0.994384
0.412000 0.994399
0.416000 0.994414
0.420000 0.994429
0.424000 0.994444
0.428000 0.994458
0.432000 0.994472
0.436000 0.994485
0.440000 0.994498
0.444000 0.994511
0.448000 0.994524
0.452000 0.994536
0.456000 0.994548
0.460000 0.994559
0.464000 0.994571
0.468000 0.994582
0.472000 0.994592
0.476000 0.994603
0.480000 0.994613
0.484000 0.994623
0.488000 0.994632
0.492000 0.994641
0.496000 0.994650
0.500000 0.994659
0.504000 0.994668
0.508000 0.994676
0.512000 0.994684
0.516000 0.994692
0.520000 0.994699
0.524000 0.994706
0.528000 0.994713
0.532000 0.994720
0.536000 0.994727
0.540000 0.994733
0.544000 0.994739
0.548000 0.994745
0.552000 0.994751
0.556000 0.994757
0.560000 0.994762
0.564000 0.994767
0.568000 0.994772
0.572000 0.994777
0.576000 0.994782
0.580000 0.994787
0.584000 0.994791
0.588000 0.994795
0.592000 0.994799
0.596000 0.994803
0.600000 0.994807
0.604000 0.994811
0.608000 0.994814
0.612000 0.994817
0.616000 0.994821
0.620000 0.994824
0.624000 0.994827
0.628000 0.994830
0.632000 0.994832
0.636000 0.994835
0.640000 0.994838
0.644000 0.994840
0.648000 0.994842
0.652000 0.994845
0.656000 0.994847
0.660000 0.994849
0.664000 0.994851
0.668000 0.994853
0.672000 0.994855
0.676000 0.994857
0.680000 0.994858
0.684000 0.994860
0.688000 0.994861
0.692000 0.994863
0.696000 0.994864
0.700000 0.994866
0.704000 0.994867
0.708000 0.994868
0.712000 0.994869
0.716000 0.994870
0.720000 0.994871
0.724000 0.994872
0.728000 0.994873
0.732000 0.994874
0.736000 0.994875
0.740000 0.994876
0.744000 0.994877
0.748000 0.994878
0.752000 0.994878
0.756000 0.994879
0.760000 0.994880
0.764000 0.994880
0.768000 0.994881
0.772000 0.994882
0.776000 0.994882
0.780000 0.994883
0.784000 0.994883
0.788000 0.994884
0.792000 0.994884
0.796000 0.994885
0.800000 0.994885
0.804000 0.994885
0.808000 0.994886
0.812000 0.994886
0.816000 0.994886
0.820000 0.994887
0.824000 0.994887
0.828000 0.994887
0.832000 0.994888
0.836000 0.994888
0.840000 0.994888
0.844000 0.994888
0.848000 0.994888
0.852000 0.994889
0.856000 0.994889
0.860000 0.994889
0.864000 0.994889
0.868000 0.994889
0.872000 0.994890
0.876000 0.994890
0.880000 0.994890
0.884000 0.994890
0.888000 0.994890
0.892000 0.994890
0.896000 0.994890
0.900000 0.994890
0.904000 0.994890
0.908000 0.994891
0.912000 0.994891
0.916000 0.994891
0.920000 0.994891
0.924000 0.994891
0.928000 0.994891
0.932000 0.994891
0.936000 0.994891
0.940000 0.994891
0.944000 0.994891
0.948000 0.994891
0.952000 0.994891
0.956000 0.994891
0.960000 0.994891
0.964000 0.994891
0.968000 0.994891
0.972000 0.994891
0.976000 0.994892
0.980000 0.994892
0.984000 0.994892
0.988000 0.994892
0.992000 0.994892
0.996000 0.994892
1.000000 0.994892
