-1.000000 0.991037
-0.996000 0.991037
-0.992000 0.991037
-0.988000 0.991037
-0.984000 0.991037
-0.980000 0.991037
-0.976000 0.991037
-0.972000 0.991037
-0.968000 0.991037
-0.964000 0.991037
-0.960000 0.991037
-0.956000 0.991037
-0.952000 0.991037
-0.948000 0.991037
-0.944000 0.991037
-0.940000 0.991037
-0.936000 0.991037
-0.932000 0.991037
-0.928000 0.991037
-0.924000 0.991037
-0.920000 0.991037
-0.916000 0.991037
-0.912000 0.991037
-0.908000 0.991037
-0.904000 0.991037
-0.900000 0.991037
-0.896000 0.991037
-0.892000 0.991037
-0.888000 0.991037
-0.884000 0.991037
-0.880000 0.991037
-0.876000 0.991037
-0.872000 0.991037
-0.868000 0.991037
-0.864000 0.991037
-0.860000 0.991037
-0.856000 0.991037
-0.852000 0.991037
-0.848000 0.991037
-0.844000 0.991037
-0.840000 0.991037
-0.836000 0.991037
-0.832000 0.991037
-0.828000 0.991037
-0.824000 0.991037
-0.820000 0.991037
-0.816000 0.991037
-0.812000 0.991037
-0.808000 0.991037
-0.804000 0.991037
-0.800000 0.991037
-0.796000 0.991037
-0.792000 0.991037
-0.788000 0.991037
-0.784000 0.991037
-0.780000 0.991037
-0.776000 0.991037
-0.772000 0.991037
-0.768000 0.991037
-0.764000 0.991037
-0.760000 0.991037
-0.756000 0.991037
-0.752000 0.991037
-0.748000 0.991037
-0.744000 0.991037
-0.740000 0.991037
-0.736000 0.991037
-0.732000 0.991037
-0.728000 0.991037
-0.724000 0.991037
-0.720000 0.991037
-0.716000 0.991037
-0.712000 0.991037
-0.708000 0.991037
-0.704000 0.991037
-0.700000 0.991037
-0.696000 0.991037
-0.692000 0.991037
-0.688000 0.991037
-0.684000 0.991037
-0.680000 0.991037
-0.676000 0.991037
-0.672000 0.991037
-0.668000 0.991037
-0.664000 0.991037
-0.660000 0.991037
-0.656000 0.991037
-0.652000 0.991037
-0.648000 0.991037
-0.644000 0.991037
-0.640000 0.991037
-0.636000 0.991037
-0.632000 0.991037
-0.628000 0.991037
-0.624000 0.991037
-0.620000 0.991037
-0.616000 0.991037
-0.612000 0.991037
-0.608000 0.991037
-0.604000 0.991037
-0.600000 0.991037
-0.596000 0.991037
-0.592000 0.991037
-0.588000 0.991037
-0.584000 0.991037
-0.580000 0.991037
-0.576000 0.991037
-0.572000 0.991037
-0.568000 0.991037
-0.564000 0.991037
-0.560000 0.991037
-0.556000 0.991037
-0.552000 0.991037
-0.548000 0.991037
-0.544000 0.991037
-0.540000 0.991037
-0.536000 0.991037
-0.532000 0.991037
-0.528000 0.991037
-0.524000 0.991037
-0.520000 0.991037
-0.516000 0.991037
-0.512000 0.991037
-0.508000 0.991037
-0.504000 0.991037
-0.500000 0.991037
-0.496000 0.991037
-0.492000 0.991037
-0.488000 0.991037
-0.484000 0.991037
-0.480000 0.991037
-0.476000 0.991037
-0.472000 0.991037
-0.468000 0.991037
-0.464000 0.991037
-0.460000 0.991037
-0.456000 0.991037
-0.452000 0.991037
-0.448000 0.991037
-0.444000 0.991037
-0.440000 0.991037
-0.436000 0.991037
-0.432000 0.991037
-0.428000 0.991037
-0.424000 0.991037
-0.420000 0.991037
-0.416000 0.991037
-0.412000 0.991037
-0.408000 0.991037
-0.404000 0.991037
-0.400000 0.991037
-0.396000 0.991037
-0.392000 0.991037
-0.388000 0.991037
-0.384000 0.991037
-0.380000 0.991037
-0.376000 0.991037
-0.372000 0.991037
-0.368000 0.991037
-0.364000 0.991037
-0.360000 0.991037
-0.356000 0.991037
-0.352000 0.991037
-0.348000 0.991037
-0.344000 0.991037
-0.340000 0.991037
-0.336000 0.991037
-0.332000 0.991037
-0.328000 0.991037
-0.324000 0.991037
-0.320000 0.991037
-0.316000 0.991037
-0.312000 0.991037
-0.308000 0.991037
-0.304000 0.991037
-0.300000 0.991037
-0.296000 0.991037
-0.292000 0.991037
-0.288000 0.991037
-0.284000 0.991037
-0.280000 0.991037
-0.276000 0.991037
-0.272000 0.991037
-0.268000 0.991037
-0.264000 0.991038
-0.260000 0.991038
-0.256000 0.991038
-0.252000 0.991038
-0.248000 0.991038
-0.244000 0.991038
-0.240000 0.991038
-0.236000 0.991038
-0.232000 0.991038
-0.228000 0.991038
-0.224000 0.991038
-0.220000 0.991038
-0.216000 0.991038
-0.212000 0.991038
-0.208000 0.991039
-0.204000 0.991039
-0.200000 0.991039
-0.196000 0.991039
-0.192000 0.991039
-0.188000 0.991039
-0.184000 0.991039
-0.180000 0.991040
-0.176000 0.991040
-0.172000 0.991040
-0.168000 0.991040
-0.164000 0.991040
-0.160000 0.991041
-0.156000 0.991041
-0.152000 0.991041
-0.148000 0.991041
-0.144000 0.991042
-0.140000 0.991042
-0.136000 0.991042
-0.132000 0.991043
-0.128000 0.991043
-0.124000 0.991043
-0.120000 0.991044
-0.116000 0.991044
-0.112000 0.991045
-0.108000 0.991045
-0.104000 0.991046
-0.100000 0.991046
-0.096000 0.991047
-0.092000 0.991048
-0.088000 0.991048
-0.084000 0.991049
-0.080000 0.991050
-0.076000 0.991051
-0.072000 0.991052
-0.068000 0.991052
-0.064000 0.991053
-0.060000 0.991054
-0.056000 0.991055
-0.052000 0.991056
-0.048000 0.991058
-0.044000 0.991059
-0.040000 0.991060
-0.036000 0.991061
-0.032000 0.991063
-0.028000 0.991064
-0.024000 0.991066
-0.020000 0.991067
-0.016000 0.991069
-0.012000 0.991071
-0.008000 0.991073
-0.004000 0.991074
0.000000 0.991076
0.004000 0.991079
0.008000 0.991081
0.012000 0.991083
0.016000 0.991085
0.020000 0.991088
0.024000 0.991091
0.028000 0.991093
0.032000 0.991096
0.036000 0.991099
0.040000 0.991102
0.044000 0.991105
0.048000 0.991109
0.052000 0.991112
0.056000 0.991116
0.060000 0.991120
0.064000 0.991123
0.068000 0.991128
0.072000 0.991132
0.076000 0.991136
0.080000 0.991141
0.084000 0.991145
0.088000 0.991150
0.092000 0.991155
0.096000 0.991161
0.100000 0.991166
0.104000 0.991172
0.108000 0.991177
0.112000 0.991183
0.116000 0.991190
0.120000 0.991196
0.124000 0.991203
0.128000 0.991209
0.132000 0.991216
0.136000 0.991224
0.140000 0.991231
0.144000 0.991239
0.148000 0.991247
0.152000 0.991255
0.156000 0.991264
0.160000 0.991272
0.164000 0.991281
0.168000 0.991291
0.172000 0.991300
0.176000 0.991310
0.180000 0.991320
0.184000 0.991330
0.188000 0.991341
0.192000 0.991351
0.196000 0.991363
0.200000 0.991374
0.204000 0.991386
0.208000 0.991398
0.212000 0.991410
0.216000 0.991422
0.220000 0.991435
0.224000 0.991448
0.228000 0.991462
0.232000 0.991475
0.236000 0.991489
0.240000 0.991504
0.244000 0.991518
0.248000 0.991533
0.252000 0.991549
0.256000 0.991564
0.260000 0.991580
0.264000 0.991596
0.268000 0.991613
0.272000 0.991630
0.276000 0.991647
0.280000 0.991664
0.284000 0.991682
0.288000 0.991700
0.292000 0.991718
0.296000 0.991737
0.300000 0.991756
0.304000 0.991775
0.308000 0.991794
0.312000 0.991814
0.316000 0.991834
0.320000 0.991855
0.324000 0.991875
0.328000 0.991896
0.332000 0.991918
0.336000 0.991939
0.340000 0.991961
0.344000 0.991983
0.348000 0.992005
0.352000 0.992028
0.356000 0.992051
0.360000 0.992074
0.364000 0.992097
0.368000 0.992121
0.372000 0.992144
0.376000 0.992168
0.380000 0.992193
0.384000 0.992217
0.388000 0.992242
0.392000 0.992266
0.396000 0.992292
0.400000 0.992317
0.404000 0.992342
0.408000 0.992368
0.412000 0.992393
0.416000 0.992419
0.420000 0.992445
0.424000 0.992472
0.428000 0.992498
0.432000 0.992524
0.436000 0.992551
0.440000 0.992578
0.444000 0.992604
0.448000 0.992631
0.452000 0.992658
0.456000 0.992685
0.460000 0.992712
0.464000 0.992739
0.468000 0.992767
0.472000 0.992794
0.476000 0.992821
0.480000 0.992848
0.484000 0.992876
0.488000 0.992903
0.492000 0.992930
0.496000 0.992958
0.500000 0.992985
0.504000 0.993012
0.508000 0.993040
0.512000 0.993067
0.516000 0.993094
0.520000 0.993121
0.524000 0.993148
0.528000 0.993175
0.532000 0.993202
0.536000 0.993229
0.540000 0.993255
0.544000 0.993282
0.548000 0.993308
0.552000 0.993335
0.556000 0.993361
0.560000 0.993387
0.564000 0.993413
0.568000 0.993438
0.572000 0.993464
0.576000 0.993489
0.580000 0.993515
0.584000 0.993540
0.588000 0.993565
0.592000 0.993589
0.596000 0.993614
0.600000 0.993638
0.604000 0.993662
0.608000 0.993686
0.612000 0.993710
0.616000 0.993733
0.620000 0.993756
0.624000 0.993779
0.628000 0.993802
0.632000 0.993824
0.636000 0.993847
0.640000 0.993869
0.644000 0.993890
0.648000 0.993912
0.652000 0.993933
0.656000 0.993954
0.660000 0.993975
0.664000 0.993995
0.668000 0.994015
0.672000 0.994035
0.676000 0.994055
0.680000 0.994074
0.684000 0.994093
0.688000 0.994112
0.692000 0.994131
0.696000 0.994149
0.700000 0.994167
0.704000 0.994184
0.708000 0.994202
0.712000 0.994219
0.716000 0.994236
0.720000 0.994252
0.724000 0.994268
0.728000 0.994284
0.732000 0.994300
0.736000 0.994316
0.740000 0.994331
0.744000 0.994346
0.748000 0.994360
0.752000 0.994374
0.756000 0.994388
0.760000 0.994402
0.764000 0.994416
0.768000 0.994429
0.772000 0.994442
0.776000 0.994454
0.780000 0.994467
0.784000 0.994479
0.788000 0.994491
0.792000 0.994502
0.796000 0.994514
0.800000 0.994525
0.804000 0.994536
0.808000 0.994546
0.812000 0.994557
0.816000 0.994567
0.820000 0.994577
0.824000 0.994586
0.828000 0.994596
0.832000 0.994605
0.836000 0.994614
0.840000 0.994623
0.844000 0.994631
0.848000 0.994640
0.852000 0.994648
0.856000 0.994656
0.860000 0.994663
0.864000 0.994671
0.868000 0.994678
0.872000 0.994685
0.876000 0.994692
0.880000 0.994699
0.884000 0.994705
0.888000 0.994712
0.892000 0.994718
0.896000 0.994724
0.900000 0.994730
0.904000 0.994735
0.908000 0.994741
0.912000 0.994746
0.916000 0.994751
0.920000 0.994756
0.924000 0.994761
0.928000 0.994766
0.932000 0.994770
0.936000 0.994775
0.940000 0.994779
0.944000 0.994783
0.948000 0.994787
0.952000 0.994791
0.956000 0.994795
0.960000 0.994799
0.964000 0.994803
0.968000 0.994806
0.972000 0.994810
0.976000 0.994813
0.980000 0.994817
0.984000 0.994821
0.988000 0.994825
0.992000 0.994830
0.996000 0.994835
1.000000 0.994842
