-1.000000 0.997928
-0.996000 0.997928
-0.992000 0.997928
-0.988000 0.997928
-0.984000 0.997928
-0.980000 0.997928
-0.976000 0.997928
-0.972000 0.997928
-0.968000 0.997928
-0.964000 0.997928
-0.960000 0.997928
-0.956000 0.997928
-0.952000 0.997928
-0.948000 0.997928
-0.944000 0.997928
-0.940000 0.997928
-0.936000 0.997928
-0.932000 0.997928
-0.928000 0.997928
-0.924000 0.997928
-0.920000 0.997928
-0.916000 0.997928
-0.912000 0.997928
-0.908000 0.997928
-0.904000 0.997928
-0.900000 0.997928
-0.896000 0.997928
-0.892000 0.997928
-0.888000 0.997928
-0.884000 0.997928
-0.880000 0.997928
-0.876000 0.997928
-0.872000 0.997928
-0.868000 0.997928
-0.864000 0.997928
-0.860000 0.997928
-0.856000 0.997928
-0.852000 0.997928
-0.848000 0.997928
-0.844000 0.997928
-0.840000 0.997928
-0.836000 0.997928
-0.832000 0.997928
-0.828000 0.997928
-0.824000 0.997928
-0.820000 0.997928
-0.816000 0.997928
-0.812000 0.997928
-0.808000 0.997928
-0.804000 0.997928
-0.800000 0.997928
-0.796000 0.997928
-0.792000 0.997928
-0.788000 0.997928
-0.784000 0.997928
-0.780000 0.997928
-0.776000 0.997928
-0.772000 0.997928
-0.768000 0.997928
-0.764000 0.997928
-0.760000 0.997928
-0.756000 0.997928
-0.752000 0.997928
-0.748000 0.997928
-0.744000 0.997928
-0.740000 0.997928
-0.736000 0.997928
-0.732000 0.997928
-0.728000 0.997928
-0.724000 0.997928
-0.720000 0.997928
-0.716000 0.997928
-0.712000 0.997928
-0.708000 0.997928
-0.704000 0.997928
-0.700000 0.997928
-0.696000 0.997928
-0.692000 0.997928
-0.688000 0.997928
-0.684000 0.997928
-0.680000 0.997928
-0.676000 0.997928
-0.672000 0.997928
-0.668000 0.997928
-0.664000 0.997928
-0.660000 0.997928
-0.656000 0.997928
-0.652000 0.997928
-0.648000 0.997928
-0.644000 0.997928
-0.640000 0.997928
-0.636000 0.997928
-0.632000 0.997928
-0.628000 0.997928
-0.624000 0.997928
-0.620000 0.997928
-0.616000 0.997928
-0.612000 0.997928
-0.608000 0.997928
-0.604000 0.997928
-0.600000 0.997928
-0.596000 0.997928
-0.592000 0.997928
-0.588000 0.997928
-0.584000 0.997928
-0.580000 0.997928
-0.576000 0.997928
-0.572000 0.997928
-0.568000 0.997928
-0.564000 0.997928
-0.560000 0.997928
-0.556000 0.997928
-0.552000 0.997928
-0.548000 0.997928
-0.544000 0.997928
-0.540000 0.997928
-0.536000 0.997928
-0.532000 0.997928
-0.528000 0.997928
-0.524000 0.997928
-0.520000 0.997928
-0.516000 0.997928
-0.512000 0.997928
-0.508000 0.997928
-0.504000 0.997928
-0.500000 0.997928
-0.496000 0.997928
-0.492000 0.997928
-0.488000 0.997928
-0.484000 0.997928
-0.480000 0.997928
-0.476000 0.997928
-0.472000 0.997928
-0.468000 0.997928
-0.464000 0.997928
-0.460000 0.997928
-0.456000 0.997928
-0.452000 0.997928
-0.448000 0.997928
-0.444000 0.997928
-0.440000 0.997928
-0.436000 0.997928
-0.432000 0.997928
-0.428000 0.997928
-0.424000 0.997928
-0.420000 0.997928
-0.416000 0.997928
-0.412000 0.997928
-0.408000 0.997928
-0.404000 0.997928
-0.400000 0.997928
-0.396000 0.997928
-0.392000 0.997928
-0.388000 0.997928
-0.384000 0.997928
-0.380000 0.997928
-0.376000 0.997928
-0.372000 0.997928
-0.368000 0.997928
-0.364000 0.997928
-0.360000 0.997928
-0.356000 0.997928
-0.352000 0.997928
-0.348000 0.997928
-0.344000 0.997928
-0.340000 0.997928
-0.336000 0.997928
-0.332000 0.997928
-0.328000 0.997928
-0.324000 0.997928
-0.320000 0.997928
-0.316000 0.997928
-0.312000 0.997928
-0.308000 0.997928
-0.304000 0.997928
-0.300000 0.997928
-0.296000 0.997928
-0.292000 0.997928
-0.288000 0.997928
-0.284000 0.997928
-0.280000 0.997928
-0.276000 0.997928
-0.272000 0.997928
-0.268000 0.997928
-0.264000 0.997928
-0.260000 0.997928
-0.256000 0.997928
-0.252000 0.997928
-0.248000 0.997928
-0.244000 0.997928
-0.240000 0.997928
-0.236000 0.997928
-0.232000 0.997928
-0.228000 0.997928
-0.224000 0.997928
-0.220000 0.997928
-0.216000 0.997928
-0.212000 0.997928
-0.208000 0.997928
-0.204000 0.997928
-0.200000 0.997927
-0.196000 0.997927
-0.192000 0.997927
-0.188000 0.997927
-0.184000 0.997927
-0.180000 0.997927
-0.176000 0.997927
-0.172000 0.997927
-0.168000 0.997927
-0.164000 0.997927
-0.160000 0.997927
-0.156000 0.997927
-0.152000 0.997927
-0.148000 0.997927
-0.144000 0.997927
-0.140000 0.997926
-0.136000 0.997926
-0.132000 0.997926
-0.128000 0.997926
-0.124000 0.997926
-0.120000 0.997926
-0.116000 0.997926
-0.112000 0.997925
-0.108000 0.997925
-0.104000 0.997925
-0.100000 0.997925
-0.096000 0.997925
-0.092000 0.997924
-0.088000 0.997924
-0.084000 0.997924
-0.080000 0.997923
-0.076000 0.997923
-0.072000 0.997923
-0.068000 0.997922
-0.064000 0.997922
-0.060000 0.997922
-0.056000 0.997921
-0.052000 0.997921
-0.048000 0.997920
-0.044000 0.997920
-0.040000 0.997919
-0.036000 0.997919
-0.032000 0.997918
-0.028000 0.997917
-0.024000 0.997917
-0.020000 0.997916
-0.016000 0.997915
-0.012000 0.997914
-0.008000 0.997913
-0.004000 0.997913
0.000000 0.997912
0.004000 0.997911
0.008000 0.997909
0.012000 0.997908
0.016000 0.997907
0.020000 0.997906
0.024000 0.997905
0.028000 0.997903
0.032000 0.997902
0.036000 0.997900
0.040000 0.997899
0.044000 0.997897
0.048000 0.997895
0.052000 0.997893
0.056000 0.997891
0.060000 0.997889
0.064000 0.997887
0.068000 0.997885
0.072000 0.997883
0.076000 0.997880
0.080000 0.997877
0.084000 0.997875
0.088000 0.997872
0.092000 0.997869
0.096000 0.997866
0.100000 0.997863
0.104000 0.997859
0.108000 0.997856
0.112000 0.997852
0.116000 0.997848
0.120000 0.997844
0.124000 0.997840
0.128000 0.997836
0.132000 0.997831
0.136000 0.997826
0.140000 0.997821
0.144000 0.997816
0.148000 0.997811
0.152000 0.997805
0.156000 0.997800
0.160000 0.997794
0.164000 0.997787
0.168000 0.997781
0.172000 0.997774
0.176000 0.997767
0.180000 0.997760
0.184000 0.997753
0.188000 0.997745
0.192000 0.997737
0.196000 0.997729
0.200000 0.997720
0.204000 0.997711
0.208000 0.997702
0.212000 0.997692
0.216000 0.997682
0.220000 0.997672
0.224000 0.997662
0.228000 0.997651
0.232000 0.997640
0.236000 0.997628
0.240000 0.997616
0.244000 0.997604
0.248000 0.997591
0.252000 0.997578
0.256000 0.997565
0.260000 0.997551
0.264000 0.997537
0.268000 0.997522
0.272000 0.997507
0.276000 0.997492
0.280000 0.997476
0.284000 0.997459
0.288000 0.997442
0.292000 0.997425
0.296000 0.997407
0.300000 0.997389
0.304000 0.997371
0.308000 0.997352
0.312000 0.997332
0.316000 0.997312
0.320000 0.997291
0.324000 0.997270
0.328000 0.997249
0.332000 0.997227
0.336000 0.997204
0.340000 0.997181
0.344000 0.997158
0.348000 0.997134
0.352000 0.997109
0.356000 0.997084
0.360000 0.997059
0.364000 0.997032
0.368000 0.997006
0.372000 0.996979
0.376000 0.996951
0.380000 0.996923
0.384000 0.996894
0.388000 0.996865
0.392000 0.996835
0.396000 0.996805
0.400000 0.996774
0.404000 0.996743
0.408000 0.996711
0.412000 0.996678
0.416000 0.996645
0.420000 0.996612
0.424000 0.996578
0.428000 0.996544
0.432000 0.996509
0.436000 0.996474
0.440000 0.996438
0.444000 0.996401
0.448000 0.996364
0.452000 0.996327
0.456000 0.996289
0.460000 0.996251
0.464000 0.996212
0.468000 0.996173
0.472000 0.996134
0.476000 0.996094
0.480000 0.996053
0.484000 0.996013
0.488000 0.995971
0.492000 0.995930
0.496000 0.995888
0.500000 0.995845
0.504000 0.995803
0.508000 0.995759
0.512000 0.995716
0.516000 0.995672
0.520000 0.995628
0.524000 0.995584
0.528000 0.995539
0.532000 0.995494
0.536000 0.995449
0.540000 0.995403
0.544000 0.995358
0.548000 0.995312
0.552000 0.995266
0.556000 0.995219
0.560000 0.995173
0.564000 0.995126
0.568000 0.995079
0.572000 0.995032
0.576000 0.994985
0.580000 0.994937
0.584000 0.994890
0.588000 0.994842
0.592000 0.994795
0.596000 0.994747
0.600000 0.994700
0.604000 0.994652
0.608000 0.994604
0.612000 0.994556
0.616000 0.994509
0.620000 0.994461
0.624000 0.994413
0.628000 0.994366
0.632000 0.994318
0.636000 0.994271
0.640000 0.994223
0.644000 0.994176
0.648000 0.994129
0.652000 0.994082
0.656000 0.994035
0.660000 0.993988
0.664000 0.993942
0.668000 0.993895
0.672000 0.993849
0.676000 0.993803
0.680000 0.993758
0.684000 0.993712
0.688000 0.993667
0.692000 0.993622
0.696000 0.993578
0.700000 0.993533
0.704000 0.993489
0.708000 0.993445
0.712000 0.993402
0.716000 0.993359
0.720000 0.993316
0.724000 0.993274
0.728000 0.993232
0.732000 0.993190
0.736000 0.993149
0.740000 0.993108
0.744000 0.993067
0.748000 0.993027
0.752000 0.992987
0.756000 0.992948
0.760000 0.992909
0.764000 0.992871
0.768000 0.992833
0.772000 0.992795
0.776000 0.992758
0.780000 0.992721
0.784000 0.992685
0.788000 0.992649
0.792000 0.992614
0.796000 0.992579
0.800000 0.992544
0.804000 0.992511
0.808000 0.992477
0.812000 0.992444
0.816000 0.992412
0.820000 0.992380
0.824000 0.992348
0.828000 0.992317
0.832000 0.992286
0.836000 0.992256
0.840000 0.992227
0.844000 0.992198
0.848000 0.992169
0.852000 0.992141
0.856000 0.992113
0.860000 0.992086
0.864000 0.992059
0.868000 0.992033
0.872000 0.992007
0.876000 0.991982
0.880000 0.991957
0.884000 0.991933
0.888000 0.991909
0.892000 0.991885
0.896000 0.991862
0.900000 0.991840
0.904000 0.991818
0.908000 0.991796
0.912000 0.991775
0.916000 0.991754
0.920000 0.991734
0.924000 0.991714
0.928000 0.991695
0.932000 0.991676
0.936000 0.991657
0.940000 0.991639
0.944000 0.991621
0.948000 0.991604
0.952000 0.991586
0.956000 0.991570
0.960000 0.991553
0.964000 0.991537
0.968000 0.991520
0.972000 0.991504
0.976000 0.991487
0.980000 0.991470
0.984000 0.991451
0.988000 0.991432
0.992000 0.991410
0.996000 0.991384
1.000000 0.991353
