-1.000000 0.992919
-0.996000 0.992919
-0.992000 0.992919
-0.988000 0.992919
-0.984000 0.992919
-0.980000 0.992919
-0.976000 0.992919
-0.972000 0.992919
-0.968000 0.992919
-0.964000 0.992919
-0.960000 0.992919
-0.956000 0.992919
-0.952000 0.992919
-0.948000 0.992919
-0.944000 0.992919
-0.940000 0.992919
-0.936000 0.992919
-0.932000 0.992919
-0.928000 0.992919
-0.924000 0.992919
-0.920000 0.992919
-0.916000 0.992919
-0.912000 0.992919
-0.908000 0.992919
-0.904000 0.992919
-0.900000 0.992919
-0.896000 0.992919
-0.892000 0.992919
-0.888000 0.992919
-0.884000 0.992919
-0.880000 0.992919
-0.876000 0.992919
-0.872000 0.992919
-0.868000 0.992919
-0.864000 0.992919
-0.860000 0.992919
-0.856000 0.992919
-0.852000 0.992919
-0.848000 0.992919
-0.844000 0.992919
-0.840000 0.992919
-0.836000 0.992919
-0.832000 0.992919
-0.828000 0.992919
-0.824000 0.992919
-0.820000 0.992919
-0.816000 0.992919
-0.812000 0.992919
-0.808000 0.992919
-0.804000 0.992919
-0.800000 0.992919
-0.796000 0.992919
-0.792000 0.992919
-0.788000 0.992919
-0.784000 0.992919
-0.780000 0.992919
-0.776000 0.992919
-0.772000 0.992919
-0.768000 0.992919
-0.764000 0.992919
-0.760000 0.992919
-0.756000 0.992919
-0.752000 0.992919
-0.748000 0.992919
-0.744000 0.992919
-0.740000 0.992919
-0.736000 0.992919
-0.732000 0.992919
-0.728000 0.992919
-0.724000 0.992919
-0.720000 0.992919
-0.716000 0.992919
-0.712000 0.992919
-0.708000 0.992919
-0.704000 0.992919
-0.700000 0.992919
-0.696000 0.992919
-0.692000 0.992919
-0.688000 0.992919
-0.684000 0.992919
-0.680000 0.992919
-0.676000 0.992919
-0.672000 0.992919
-0.668000 0.992919
-0.664000 0.992919
-0.660000 0.992919
-0.656000 0.992919
-0.652000 0.992919
-0.648000 0.992919
-0.644000 0.992919
-0.640000 0.992919
-0.636000 0.992919
-0.632000 0.992919
-0.628000 0.992919
-0.624000 0.992919
-0.620000 0.992919
-0.616000 0.992919
-0.612000 0.992919
-0.608000 0.992919
-0.604000 0.992919
-0.600000 0.992919
-0.596000 0.992919
-0.592000 0.992919
-0.588000 0.992919
-0.584000 0.992919
-0.580000 0.992919
-0.576000 0.992919
-0.572000 0.992919
-0.568000 0.992919
-0.564000 0.992919
-0.560000 0.992919
-0.556000 0.992919
-0.552000 0.992919
-0.548000 0.992919
-0.544000 0.992919
-0.540000 0.992919
-0.536000 0.992919
-0.532000 0.992919
-0.528000 0.992919
-0.524000 0.992919
-0.520000 0.992919
-0.516000 0.992919
-0.512000 0.992919
-0.508000 0.992919
-0.504000 0.992919
-0.500000 0.992919
-0.496000 0.992919
-0.492000 0.992919
-0.488000 0.992919
-0.484000 0.992919
-0.480000 0.992919
-0.476000 0.992919
-0.472000 0.992919
-0.468000 0.992919
-0.464000 0.992919
-0.460000 0.992919
-0.456000 0.992919
-0.452000 0.992919
-0.448000 0.992919
-0.444000 0.992919
-0.440000 0.992919
-0.436000 0.992919
-0.432000 0.992919
-0.428000 0.992919
-0.424000 0.992919
-0.420000 0.992919
-0.416000 0.992919
-0.412000 0.992919
-0.408000 0.992919
-0.404000 0.992919
-0.400000 0.992919
-0.396000 0.992919
-0.392000 0.992919
-0.388000 0.992919
-0.384000 0.992919
-0.380000 0.992919
-0.376000 0.992919
-0.372000 0.992919
-0.368000 0.992919
-0.364000 0.992919
-0.360000 0.992919
-0.356000 0.992919
-0.352000 0.992919
-0.348000 0.992919
-0.344000 0.992919
-0.340000 0.992919
-0.336000 0.992919
-0.332000 0.992919
-0.328000 0.992919
-0.324000 0.992919
-0.320000 0.992919
-0.316000 0.992919
-0.312000 0.992919
-0.308000 0.992919
-0.304000 0.992919
-0.300000 0.992919
-0.296000 0.992919
-0.292000 0.992920
-0.288000 0.992920
-0.284000 0.992920
-0.280000 0.992920
-0.276000 0.992920
-0.272000 0.992920
-0.268000 0.992920
-0.264000 0.992920
-0.260000 0.992920
-0.256000 0.992920
-0.252000 0.992920
-0.248000 0.992920
-0.244000 0.992920
-0.240000 0.992920
-0.236000 0.992921
-0.232000 0.992921
-0.228000 0.992921
-0.224000 0.992921
-0.220000 0.992921
-0.216000 0.992921
-0.212000 0.992921
-0.208000 0.992922
-0.204000 0.992922
-0.200000 0.992922
-0.196000 0.992922
-0.192000 0.992923
-0.188000 0.992923
-0.184000 0.992923
-0.180000 0.992923
-0.176000 0.992924
-0.172000 0.992924
-0.168000 0.992924
-0.164000 0.992925
-0.160000 0.992925
-0.156000 0.992926
-0.152000 0.992926
-0.148000 0.992927
-0.144000 0.992927
-0.140000 0.992928
-0.136000 0.992928
-0.132000 0.992929
-0.128000 0.992930
-0.124000 0.992930
-0.120000 0.992931
-0.116000 0.992932
-0.112000 0.992933
-0.108000 0.992934
-0.104000 0.992935
-0.100000 0.992936
-0.096000 0.992937
-0.092000 0.992938
-0.088000 0.992939
-0.084000 0.992940
-0.080000 0.992942
-0.076000 0.992943
-0.072000 0.992945
-0.068000 0.992946
-0.064000 0.992948
-0.060000 0.992949
-0.056000 0.992951
-0.052000 0.992953
-0.048000 0.992955
-0.044000 0.992957
-0.040000 0.992960
-0.036000 0.992962
-0.032000 0.992964
-0.028000 0.992967
-0.024000 0.992970
-0.020000 0.992972
-0.016000 0.992975
-0.012000 0.992978
-0.008000 0.992982
-0.004000 0.992985
0.000000 0.992989
0.004000 0.992992
0.008000 0.992996
0.012000 0.993000
0.016000 0.993005
0.020000 0.993009
0.024000 0.993014
0.028000 0.993018
0.032000 0.993024
0.036000 0.993029
0.040000 0.993034
0.044000 0.993040
0.048000 0.993046
0.052000 0.993052
0.056000 0.993058
0.060000 0.993065
0.064000 0.993072
0.068000 0.993079
0.072000 0.993087
0.076000 0.993095
0.080000 0.993103
0.084000 0.993111
0.088000 0.993120
0.092000 0.993129
0.096000 0.993138
0.100000 0.993148
0.104000 0.993157
0.108000 0.993168
0.112000 0.993178
0.116000 0.993190
0.120000 0.993201
0.124000 0.993213
0.128000 0.993225
0.132000 0.993237
0.136000 0.993250
0.140000 0.993264
0.144000 0.993278
0.148000 0.993292
0.152000 0.993306
0.156000 0.993322
0.160000 0.993337
0.164000 0.993353
0.168000 0.993370
0.172000 0.993386
0.176000 0.993404
0.180000 0.993422
0.184000 0.993440
0.188000 0.993459
0.192000 0.993478
0.196000 0.993498
0.200000 0.993518
0.204000 0.993539
0.208000 0.993561
0.212000 0.993583
0.216000 0.993605
0.220000 0.993628
0.224000 0.993652
0.228000 0.993676
0.232000 0.993700
0.236000 0.993725
0.240000 0.993751
0.244000 0.993777
0.248000 0.993804
0.252000 0.993831
0.256000 0.993859
0.260000 0.993888
0.264000 0.993917
0.268000 0.993946
0.272000 0.993976
0.276000 0.994007
0.280000 0.994038
0.284000 0.994070
0.288000 0.994103
0.292000 0.994135
0.296000 0.994169
0.300000 0.994203
0.304000 0.994238
0.308000 0.994273
0.312000 0.994308
0.316000 0.994344
0.320000 0.994381
0.324000 0.994418
0.328000 0.994456
0.332000 0.994494
0.336000 0.994533
0.340000 0.994572
0.344000 0.994612
0.348000 0.994652
0.352000 0.994693
0.356000 0.994734
0.360000 0.994776
0.364000 0.994818
0.368000 0.994861
0.372000 0.994903
0.376000 0.994947
0.380000 0.994991
0.384000 0.995035
0.388000 0.995079
0.392000 0.995124
0.396000 0.995170
0.400000 0.995215
0.404000 0.995261
0.408000 0.995308
0.412000 0.995354
0.416000 0.995401
0.420000 0.995448
0.424000 0.995496
0.428000 0.995544
0.432000 0.995592
0.436000 0.995640
0.440000 0.995688
0.444000 0.995737
0.448000 0.995786
0.452000 0.995835
0.456000 0.995884
0.460000 0.995933
0.464000 0.995983
0.468000 0.996032
0.472000 0.996082
0.476000 0.996132
0.480000 0.996182
0.484000 0.996231
0.488000 0.996281
0.492000 0.996331
0.496000 0.996381
0.500000 0.996431
0.504000 0.996481
0.508000 0.996531
0.512000 0.996580
0.516000 0.996630
0.520000 0.996680
0.524000 0.996729
0.528000 0.996778
0.532000 0.996828
0.536000 0.996877
0.540000 0.996926
0.544000 0.996974
0.548000 0.997023
0.552000 0.997071
0.556000 0.997119
0.560000 0.997167
0.564000 0.997215
0.568000 0.997262
0.572000 0.997310
0.576000 0.997356
0.580000 0.997403
0.584000 0.997449
0.588000 0.997495
0.592000 0.997541
0.596000 0.997586
0.600000 0.997631
0.604000 0.997675
0.608000 0.997719
0.612000 0.997763
0.616000 0.997807
0.620000 0.997850
0.624000 0.997892
0.628000 0.997934
0.632000 0.997976
0.636000 0.998017
0.640000 0.998058
0.644000 0.998099
0.648000 0.998138
0.652000 0.998178
0.656000 0.998217
0.660000 0.998256
0.664000 0.998294
0.668000 0.998331
0.672000 0.998368
0.676000 0.998405
0.680000 0.998441
0.684000 0.998477
0.688000 0.998512
0.692000 0.998546
0.696000 0.998581
0.700000 0.998614
0.704000 0.998647
0.708000 0.998680
0.712000 0.998712
0.716000 0.998743
0.720000 0.998775
0.724000 0.998805
0.728000 0.998835
0.732000 0.998865
0.736000 0.998894
0.740000 0.998922
0.744000 0.998950
0.748000 0.998978
0.752000 0.999005
0.756000 0.999031
0.760000 0.999057
0.764000 0.999082
0.768000 0.999107
0.772000 0.999132
0.776000 0.999156
0.780000 0.999179
0.784000 0.999202
0.788000 0.999225
0.792000 0.999247
0.796000 0.999268
0.800000 0.999290
0.804000 0.999310
0.808000 0.999330
0.812000 0.999350
0.816000 0.999370
0.820000 0.999388
0.824000 0.999407
0.828000 0.999425
0.832000 0.999442
0.836000 0.999460
0.840000 0.999476
0.844000 0.999493
0.848000 0.999508
0.852000 0.999524
0.856000 0.999539
0.860000 0.999554
0.864000 0.999568
0.868000 0.999582
0.872000 0.999596
0.876000 0.999609
0.880000 0.999622
0.884000 0.999635
0.888000 0.999647
0.892000 0.999659
0.896000 0.999670
0.900000 0.999681
0.904000 0.999692
0.908000 0.999703
0.912000 0.999713
0.916000 0.999723
0.920000 0.999733
0.924000 0.999742
0.928000 0.999752
0.932000 0.999760
0.936000 0.999769
0.940000 0.999777
0.944000 0.999786
0.948000 0.999793
0.952000 0.999801
0.956000 0.999809
0.960000 0.999816
0.964000 0.999823
0.968000 0.999830
0.972000 0.999837
0.976000 0.999844
0.980000 0.999851
0.984000 0.999859
0.988000 0.999867
0.992000 0.999876
0.996000 0.999887
1.000000 0.999899
