-1.000000 0.991037
-0.996000 0.991037
-0.992000 0.991037
-0.988000 0.991037
-0.984000 0.991037
-0.980000 0.991037
-0.976000 0.991037
-0.972000 0.991037
-0.968000 0.991037
-0.964000 0.991037
-0.960000 0.991037
-0.956000 0.991037
-0.952000 0.991037
-0.948000 0.991037
-0.944000 0.991037
-0.940000 0.991037
-0.936000 0.991037
-0.932000 0.991037
-0.928000 0.991037
-0.924000 0.991037
-0.920000 0.991037
-0.916000 0.991037
-0.912000 0.991037
-0.908000 0.991037
-0.904000 0.991037
-0.900000 0.991037
-0.896000 0.991037
-0.892000 0.991037
-0.888000 0.991037
-0.884000 0.991037
-0.880000 0.991037
-0.876000 0.991037
-0.872000 0.991037
-0.868000 0.991037
-0.864000 0.991037
-0.860000 0.991037
-0.856000 0.991037
-0.852000 0.991037
-0.848000 0.991037
-0.844000 0.991037
-0.840000 0.991037
-0.836000 0.991037
-0.832000 0.991037
-0.828000 0.991037
-0.824000 0.991037
-0.820000 0.991037
-0.816000 0.991037
-0.812000 0.991037
-0.808000 0.991037
-0.804000 0.991037
-0.800000 0.991037
-0.796000 0.991037
-0.792000 0.991037
-0.788000 0.991037
-0.784000 0.991037
-0.780000 0.991037
-0.776000 0.991037
-0.772000 0.991037
-0.768000 0.991037
-0.764000 0.991037
-0.760000 0.991037
-0.756000 0.991037
-0.752000 0.991037
-0.748000 0.991037
-0.744000 0.991037
-0.740000 0.991037
-0.736000 0.991037
-0.732000 0.991037
-0.728000 0.991037
-0.724000 0.991037
-0.720000 0.991037
-0.716000 0.991037
-0.712000 0.991037
-0.708000 0.991037
-0.704000 0.991037
-0.700000 0.991037
-0.696000 0.991037
-0.692000 0.991037
-0.688000 0.991037
-0.684000 0.991037
-0.680000 0.991037
-0.676000 0.991037
-0.672000 0.991037
-0.668000 0.991037
-0.664000 0.991037
-0.660000 0.991037
-0.656000 0.991037
-0.652000 0.991037
-0.648000 0.991037
-0.644000 0.991037
-0.640000 0.991037
-0.636000 0.991037
-0.632000 0.991037
-0.628000 0.991037
-0.624000 0.991037
-0.620000 0.991037
-0.616000 0.991037
-0.612000 0.991037
-0.608000 0.991037
-0.604000 0.991037
-0.600000 0.991037
-0.596000 0.991037
-0.592000 0.991037
-0.588000 0.991037
-0.584000 0.991037
-0.580000 0.991037
-0.576000 0.991037
-0.572000 0.991037
-0.568000 0.991037
-0.564000 0.991037
-0.560000 0.991037
-0.556000 0.991037
-0.552000 0.991037
-0.548000 0.991037
-0.544000 0.991037
-0.540000 0.991037
-0.536000 0.991037
-0.532000 0.991037
-0.528000 0.991037
-0.524000 0.991037
-0.520000 0.991037
-0.516000 0.991037
-0.512000 0.991037
-0.508000 0.991037
-0.504000 0.991037
-0.500000 0.991037
-0.496000 0.991037
-0.492000 0.991037
-0.488000 0.991037
-0.484000 0.991037
-0.480000 0.991037
-0.476000 0.991037
-0.472000 0.991037
-0.468000 0.991037
-0.464000 0.991037
-0.460000 0.991037
-0.456000 0.991037
-0.452000 0.991037
-0.448000 0.991037
-0.444000 0.991037
-0.440000 0.991037
-0.436000 0.991037
-0.432000 0.991037
-0.428000 0.991037
-0.424000 0.991037
-0.420000 0.991037
-0.416000 0.991037
-0.412000 0.991037
-0.408000 0.991037
-0.404000 0.991037
-0.400000 0.991037
-0.396000 0.991037
-0.392000 0.991037
-0.388000 0.991037
-0.384000 0.991037
-0.380000 0.991037
-0.376000 0.991037
-0.372000 0.991037
-0.368000 0.991037
-0.364000 0.991037
-0.360000 0.991037
-0.356000 0.991037
-0.352000 0.991037
-0.348000 0.991037
-0.344000 0.991037
-0.340000 0.991037
-0.336000 0.991037
-0.332000 0.991037
-0.328000 0.991037
-0.324000 0.991037
-0.320000 0.991037
-0.316000 0.991037
-0.312000 0.991037
-0.308000 0.991037
-0.304000 0.991037
-0.300000 0.991037
-0.296000 0.991037
-0.292000 0.991037
-0.288000 0.991037
-0.284000 0.991037
-0.280000 0.991037
-0.276000 0.991037
-0.272000 0.991037
-0.268000 0.991037
-0.264000 0.991037
-0.260000 0.991037
-0.256000 0.991037
-0.252000 0.991037
-0.248000 0.991037
-0.244000 0.991037
-0.240000 0.991037
-0.236000 0.991037
-0.232000 0.991037
-0.228000 0.991037
-0.224000 0.991037
-0.220000 0.991037
-0.216000 0.991037
-0.212000 0.991037
-0.208000 0.991037
-0.204000 0.991037
-0.200000 0.991037
-0.196000 0.991037
-0.192000 0.991037
-0.188000 0.991037
-0.184000 0.991037
-0.180000 0.991037
-0.176000 0.991037
-0.172000 0.991037
-0.168000 0.991037
-0.164000 0.991037
-0.160000 0.991037
-0.156000 0.991037
-0.152000 0.991037
-0.148000 0.991037
-0.144000 0.991037
-0.140000 0.991037
-0.136000 0.991037
-0.132000 0.991037
-0.128000 0.991037
-0.124000 0.991037
-0.120000 0.991037
-0.116000 0.991037
-0.112000 0.991037
-0.108000 0.991037
-0.104000 0.991037
-0.100000 0.991037
-0.096000 0.991037
-0.092000 0.991037
-0.088000 0.991037
-0.084000 0.991037
-0.080000 0.991037
-0.076000 0.991037
-0.072000 0.991037
-0.068000 0.991037
-0.064000 0.991037
-0.060000 0.991037
-0.056000 0.991037
-0.052000 0.991037
-0.048000 0.991037
-0.044000 0.991037
-0.040000 0.991037
-0.036000 0.991037
-0.032000 0.991037
-0.028000 0.991037
-0.024000 0.991037
-0.020000 0.991037
-0.016000 0.991037
-0.012000 0.991037
-0.008000 0.991037
-0.004000 0.991037
0.000000 0.991037
0.004000 0.991037
0.008000 0.991037
0.012000 0.991037
0.016000 0.991037
0.020000 0.991037
0.024000 0.991037
0.028000 0.991037
0.032000 0.991037
0.036000 0.991037
0.040000 0.991037
0.044000 0.991037
0.048000 0.991037
0.052000 0.991037
0.056000 0.991037
0.060000 0.991037
0.064000 0.991037
0.068000 0.991037
0.072000 0.991037
0.076000 0.991037
0.080000 0.991037
0.084000 0.991037
0.088000 0.991037
0.092000 0.991037
0.096000 0.991037
0.100000 0.991037
0.104000 0.991037
0.108000 0.991037
0.112000 0.991037
0.116000 0.991037
0.120000 0.991037
0.124000 0.991037
0.128000 0.991037
0.132000 0.991037
0.136000 0.991038
0.140000 0.991038
0.144000 0.991038
0.148000 0.991038
0.152000 0.991038
0.156000 0.991038
0.160000 0.991038
0.164000 0.991038
0.168000 0.991038
0.172000 0.991038
0.176000 0.991038
0.180000 0.991038
0.184000 0.991038
0.188000 0.991038
0.192000 0.991038
0.196000 0.991038
0.200000 0.991038
0.204000 0.991039
0.208000 0.991039
0.212000 0.991039
0.216000 0.991039
0.220000 0.991039
0.224000 0.991039
0.228000 0.991039
0.232000 0.991039
0.236000 0.991040
0.240000 0.991040
0.244000 0.991040
0.248000 0.991040
0.252000 0.991040
0.256000 0.991040
0.260000 0.991041
0.264000 0.991041
0.268000 0.991041
0.272000 0.991041
0.276000 0.991042
0.280000 0.991042
0.284000 0.991042
0.288000 0.991042
0.292000 0.991043
0.296000 0.991043
0.300000 0.991043
0.304000 0.991044
0.308000 0.991044
0.312000 0.991045
0.316000 0.991045
0.320000 0.991045
0.324000 0.991046
0.328000 0.991046
0.332000 0.991047
0.336000 0.991047
0.340000 0.991048
0.344000 0.991048
0.348000 0.991049
0.352000 0.991050
0.356000 0.991050
0.360000 0.991051
0.364000 0.991052
0.368000 0.991052
0.372000 0.991053
0.376000 0.991054
0.380000 0.991055
0.384000 0.991056
0.388000 0.991057
0.392000 0.991058
0.396000 0.991059
0.400000 0.991060
0.404000 0.991061
0.408000 0.991062
0.412000 0.991063
0.416000 0.991064
0.420000 0.991066
0.424000 0.991067
0.428000 0.991068
0.432000 0.991070
0.436000 0.991071
0.440000 0.991073
0.444000 0.991075
0.448000 0.991076
0.452000 0.991078
0.456000 0.991080
0.460000 0.991082
0.464000 0.991084
0.468000 0.991086
0.472000 0.991088
0.476000 0.991090
0.480000 0.991092
0.484000 0.991095
0.488000 0.991097
0.492000 0.991100
0.496000 0.991102
0.500000 0.991105
0.504000 0.991108
0.508000 0.991111
0.512000 0.991114
0.516000 0.991117
0.520000 0.991120
0.524000 0.991123
0.528000 0.991127
0.532000 0.991130
0.536000 0.991134
0.540000 0.991138
0.544000 0.991142
0.548000 0.991146
0.552000 0.991150
0.556000 0.991154
0.560000 0.991158
0.564000 0.991163
0.568000 0.991168
0.572000 0.991172
0.576000 0.991177
0.580000 0.991182
0.584000 0.991188
0.588000 0.991193
0.592000 0.991198
0.596000 0.991204
0.600000 0.991210
0.604000 0.991216
0.608000 0.991222
0.612000 0.991228
0.616000 0.991235
0.620000 0.991241
0.624000 0.991248
0.628000 0.991255
0.632000 0.991262
0.636000 0.991270
0.640000 0.991277
0.644000 0.991285
0.648000 0.991293
0.652000 0.991301
0.656000 0.991309
0.660000 0.991318
0.664000 0.991326
0.668000 0.991335
0.672000 0.991344
0.676000 0.991353
0.680000 0.991363
0.684000 0.991372
0.688000 0.991382
0.692000 0.991392
0.696000 0.991403
0.700000 0.991413
0.704000 0.991424
0.708000 0.991435
0.712000 0.991446
0.716000 0.991457
0.720000 0.991469
0.724000 0.991480
0.728000 0.991492
0.732000 0.991505
0.736000 0.991517
0.740000 0.991530
0.744000 0.991543
0.748000 0.991556
0.752000 0.991569
0.756000 0.991583
0.760000 0.991596
0.764000 0.991610
0.768000 0.991625
0.772000 0.991639
0.776000 0.991654
0.780000 0.991669
0.784000 0.991684
0.788000 0.991699
0.792000 0.991715
0.796000 0.991730
0.800000 0.991746
0.804000 0.991763
0.808000 0.991779
0.812000 0.991796
0.816000 0.991812
0.820000 0.991830
0.824000 0.991847
0.828000 0.991864
0.832000 0.991882
0.836000 0.991900
0.840000 0.991918
0.844000 0.991936
0.848000 0.991955
0.852000 0.991973
0.856000 0.991992
0.860000 0.992011
0.864000 0.992031
0.868000 0.992050
0.872000 0.992070
0.876000 0.992090
0.880000 0.992110
0.884000 0.992130
0.888000 0.992150
0.892000 0.992171
0.896000 0.992191
0.900000 0.992212
0.904000 0.992233
0.908000 0.992254
0.912000 0.992275
0.916000 0.992297
0.920000 0.992318
0.924000 0.992340
0.928000 0.992362
0.932000 0.992384
0.936000 0.992406
0.940000 0.992429
0.944000 0.992451
0.948000 0.992474
0.952000 0.992497
0.956000 0.992521
0.960000 0.992544
0.964000 0.992569
0.968000 0.992594
0.972000 0.992620
0.976000 0.992648
0.980000 0.992677
0.984000 0.992710
0.988000 0.992745
0.992000 0.992786
0.996000 0.992834
1.000000 0.992892
