-1.000000 0.992919
-0.996000 0.992919
-0.992000 0.992919
-0.988000 0.992919
-0.984000 0.992919
-0.980000 0.992919
-0.976000 0.992919
-0.972000 0.992919
-0.968000 0.992919
-0.964000 0.992919
-0.960000 0.992919
-0.956000 0.992919
-0.952000 0.992919
-0.948000 0.992919
-0.944000 0.992919
-0.940000 0.992919
-0.936000 0.992919
-0.932000 0.992919
-0.928000 0.992919
-0.924000 0.992919
-0.920000 0.992919
-0.916000 0.992919
-0.912000 0.992919
-0.908000 0.992919
-0.904000 0.992919
-0.900000 0.992919
-0.896000 0.992919
-0.892000 0.992919
-0.888000 0.992919
-0.884000 0.992919
-0.880000 0.992919
-0.876000 0.992919
-0.872000 0.992919
-0.868000 0.992919
-0.864000 0.992919
-0.860000 0.992919
-0.856000 0.992919
-0.852000 0.992919
-0.848000 0.992919
-0.844000 0.992919
-0.840000 0.992919
-0.836000 0.992919
-0.832000 0.992919
-0.828000 0.992919
-0.824000 0.992919
-0.820000 0.992919
-0.816000 0.992919
-0.812000 0.992919
-0.808000 0.992919
-0.804000 0.992919
-0.800000 0.992919
-0.796000 0.992919
-0.792000 0.992919
-0.788000 0.992919
-0.784000 0.992919
-0.780000 0.992919
-0.776000 0.992919
-0.772000 0.992919
-0.768000 0.992919
-0.764000 0.992919
-0.760000 0.992919
-0.756000 0.992919
-0.752000 0.992919
-0.748000 0.992919
-0.744000 0.992919
-0.740000 0.992919
-0.736000 0.992919
-0.732000 0.992919
-0.728000 0.992919
-0.724000 0.992919
-0.720000 0.992919
-0.716000 0.992919
-0.712000 0.992919
-0.708000 0.992919
-0.704000 0.992919
-0.700000 0.992919
-0.696000 0.992919
-0.692000 0.992919
-0.688000 0.992919
-0.684000 0.992919
-0.680000 0.992919
-0.676000 0.992919
-0.672000 0.992919
-0.668000 0.992919
-0.664000 0.992919
-0.660000 0.992919
-0.656000 0.992919
-0.652000 0.992919
-0.648000 0.992919
-0.644000 0.992919
-0.640000 0.992919
-0.636000 0.992919
-0.632000 0.992919
-0.628000 0.992919
-0.624000 0.992919
-0.620000 0.992919
-0.616000 0.992919
-0.612000 0.992919
-0.608000 0.992919
-0.604000 0.992919
-0.600000 0.992919
-0.596000 0.992919
-0.592000 0.992919
-0.588000 0.992919
-0.584000 0.992919
-0.580000 0.992919
-0.576000 0.992919
-0.572000 0.992919
-0.568000 0.992919
-0.564000 0.992919
-0.560000 0.992919
-0.556000 0.992919
-0.552000 0.992919
-0.548000 0.992919
-0.544000 0.992919
-0.540000 0.992919
-0.536000 0.992919
-0.532000 0.992919
-0.528000 0.992919
-0.524000 0.992919
-0.520000 0.992919
-0.516000 0.992919
-0.512000 0.992919
-0.508000 0.992919
-0.504000 0.992919
-0.500000 0.992919
-0.496000 0.992919
-0.492000 0.992919
-0.488000 0.992919
-0.484000 0.992919
-0.480000 0.992919
-0.476000 0.992919
-0.472000 0.992919
-0.468000 0.992919
-0.464000 0.992919
-0.460000 0.992919
-0.456000 0.992919
-0.452000 0.992919
-0.448000 0.992919
-0.444000 0.992919
-0.440000 0.992919
-0.436000 0.992919
-0.432000 0.992919
-0.428000 0.992919
-0.424000 0.992919
-0.420000 0.992919
-0.416000 0.992919
-0.412000 0.992919
-0.408000 0.992919
-0.404000 0.992919
-0.400000 0.992919
-0.396000 0.992919
-0.392000 0.992919
-0.388000 0.992919
-0.384000 0.992919
-0.380000 0.992919
-0.376000 0.992919
-0.372000 0.992919
-0.368000 0.992919
-0.364000 0.992919
-0.360000 0.992919
-0.356000 0.992919
-0.352000 0.992919
-0.348000 0.992919
-0.344000 0.992919
-0.340000 0.992919
-0.336000 0.992919
-0.332000 0.992919
-0.328000 0.992919
-0.324000 0.992919
-0.320000 0.992919
-0.316000 0.992919
-0.312000 0.992919
-0.308000 0.992919
-0.304000 0.992919
-0.300000 0.992919
-0.296000 0.992919
-0.292000 0.992919
-0.288000 0.992919
-0.284000 0.992919
-0.280000 0.992919
-0.276000 0.992919
-0.272000 0.992919
-0.268000 0.992919
-0.264000 0.992919
-0.260000 0.992919
-0.256000 0.992919
-0.252000 0.992919
-0.248000 0.992919
-0.244000 0.992919
-0.240000 0.992919
-0.236000 0.992919
-0.232000 0.992919
-0.228000 0.992919
-0.224000 0.992919
-0.220000 0.992919
-0.216000 0.992919
-0.212000 0.992919
-0.208000 0.992919
-0.204000 0.992919
-0.200000 0.992919
-0.196000 0.992919
-0.192000 0.992919
-0.188000 0.992919
-0.184000 0.992919
-0.180000 0.992919
-0.176000 0.992919
-0.172000 0.992919
-0.168000 0.992919
-0.164000 0.992919
-0.160000 0.992919
-0.156000 0.992919
-0.152000 0.992919
-0.148000 0.992919
-0.144000 0.992919
-0.140000 0.992919
-0.136000 0.992919
-0.132000 0.992919
-0.128000 0.992919
-0.124000 0.992919
-0.120000 0.992919
-0.116000 0.992919
-0.112000 0.992919
-0.108000 0.992919
-0.104000 0.992919
-0.100000 0.992919
-0.096000 0.992919
-0.092000 0.992919
-0.088000 0.992919
-0.084000 0.992919
-0.080000 0.992919
-0.076000 0.992919
-0.072000 0.992919
-0.068000 0.992919
-0.064000 0.992919
-0.060000 0.992919
-0.056000 0.992919
-0.052000 0.992919
-0.048000 0.992919
-0.044000 0.992919
-0.040000 0.992919
-0.036000 0.992919
-0.032000 0.992919
-0.028000 0.992919
-0.024000 0.992919
-0.020000 0.992919
-0.016000 0.992919
-0.012000 0.992919
-0.008000 0.992920
-0.004000 0.992920
0.000000 0.992920
0.004000 0.992920
0.008000 0.992920
0.012000 0.992920
0.016000 0.992920
0.020000 0.992920
0.024000 0.992920
0.028000 0.992920
0.032000 0.992920
0.036000 0.992920
0.040000 0.992920
0.044000 0.992920
0.048000 0.992920
0.052000 0.992921
0.056000 0.992921
0.060000 0.992921
0.064000 0.992921
0.068000 0.992921
0.072000 0.992921
0.076000 0.992921
0.080000 0.992921
0.084000 0.992922
0.088000 0.992922
0.092000 0.992922
0.096000 0.992922
0.100000 0.992922
0.104000 0.992923
0.108000 0.992923
0.112000 0.992923
0.116000 0.992923
0.120000 0.992924
0.124000 0.992924
0.128000 0.992924
0.132000 0.992924
0.136000 0.992925
0.140000 0.992925
0.144000 0.992926
0.148000 0.992926
0.152000 0.992926
0.156000 0.992927
0.160000 0.992927
0.164000 0.992928
0.168000 0.992928
0.172000 0.992929
0.176000 0.992929
0.180000 0.992930
0.184000 0.992931
0.188000 0.992931
0.192000 0.992932
0.196000 0.992933
0.200000 0.992934
0.204000 0.992935
0.208000 0.992935
0.212000 0.992936
0.216000 0.992937
0.220000 0.992938
0.224000 0.992939
0.228000 0.992940
0.232000 0.992942
0.236000 0.992943
0.240000 0.992944
0.244000 0.992946
0.248000 0.992947
0.252000 0.992948
0.256000 0.992950
0.260000 0.992952
0.264000 0.992953
0.268000 0.992955
0.272000 0.992957
0.276000 0.992959
0.280000 0.992961
0.284000 0.992963
0.288000 0.992965
0.292000 0.992967
0.296000 0.992970
0.300000 0.992972
0.304000 0.992975
0.308000 0.992978
0.312000 0.992980
0.316000 0.992983
0.320000 0.992986
0.324000 0.992990
0.328000 0.992993
0.332000 0.992996
0.336000 0.993000
0.340000 0.993004
0.344000 0.993007
0.348000 0.993011
0.352000 0.993016
0.356000 0.993020
0.360000 0.993024
0.364000 0.993029
0.368000 0.993034
0.372000 0.993039
0.376000 0.993044
0.380000 0.993049
0.384000 0.993055
0.388000 0.993061
0.392000 0.993067
0.396000 0.993073
0.400000 0.993079
0.404000 0.993086
0.408000 0.993092
0.412000 0.993099
0.416000 0.993107
0.420000 0.993114
0.424000 0.993122
0.428000 0.993130
0.432000 0.993138
0.436000 0.993147
0.440000 0.993155
0.444000 0.993164
0.448000 0.993174
0.452000 0.993183
0.456000 0.993193
0.460000 0.993203
0.464000 0.993214
0.468000 0.993224
0.472000 0.993235
0.476000 0.993247
0.480000 0.993259
0.484000 0.993271
0.488000 0.993283
0.492000 0.993296
0.496000 0.993309
0.500000 0.993322
0.504000 0.993336
0.508000 0.993350
0.512000 0.993364
0.516000 0.993379
0.520000 0.993394
0.524000 0.993409
0.528000 0.993425
0.532000 0.993442
0.536000 0.993458
0.540000 0.993475
0.544000 0.993493
0.548000 0.993511
0.552000 0.993529
0.556000 0.993547
0.560000 0.993566
0.564000 0.993586
0.568000 0.993606
0.572000 0.993626
0.576000 0.993647
0.580000 0.993668
0.584000 0.993689
0.588000 0.993711
0.592000 0.993734
0.596000 0.993757
0.600000 0.993780
0.604000 0.993804
0.608000 0.993828
0.612000 0.993852
0.616000 0.993877
0.620000 0.993903
0.624000 0.993929
0.628000 0.993955
0.632000 0.993982
0.636000 0.994009
0.640000 0.994037
0.644000 0.994065
0.648000 0.994093
0.652000 0.994122
0.656000 0.994152
0.660000 0.994181
0.664000 0.994212
0.668000 0.994242
0.672000 0.994273
0.676000 0.994305
0.680000 0.994337
0.684000 0.994369
0.688000 0.994402
0.692000 0.994435
0.696000 0.994469
0.700000 0.994503
0.704000 0.994537
0.708000 0.994572
0.712000 0.994607
0.716000 0.994643
0.720000 0.994679
0.724000 0.994715
0.728000 0.994752
0.732000 0.994789
0.736000 0.994826
0.740000 0.994864
0.744000 0.994902
0.748000 0.994940
0.752000 0.994979
0.756000 0.995018
0.760000 0.995058
0.764000 0.995097
0.768000 0.995137
0.772000 0.995177
0.776000 0.995218
0.780000 0.995259
0.784000 0.995300
0.788000 0.995341
0.792000 0.995383
0.796000 0.995424
0.800000 0.995466
0.804000 0.995509
0.808000 0.995551
0.812000 0.995594
0.816000 0.995637
0.820000 0.995680
0.824000 0.995723
0.828000 0.995766
0.832000 0.995809
0.836000 0.995853
0.840000 0.995897
0.844000 0.995940
0.848000 0.995984
0.852000 0.996028
0.856000 0.996072
0.860000 0.996117
0.864000 0.996161
0.868000 0.996205
0.872000 0.996249
0.876000 0.996294
0.880000 0.996338
0.884000 0.996382
0.888000 0.996427
0.892000 0.996471
0.896000 0.996515
0.900000 0.996560
0.904000 0.996604
0.908000 0.996648
0.912000 0.996692
0.916000 0.996736
0.920000 0.996780
0.924000 0.996824
0.928000 0.996868
0.932000 0.996911
0.936000 0.996955
0.940000 0.996999
0.944000 0.997042
0.948000 0.997086
0.952000 0.997129
0.956000 0.997173
0.960000 0.997218
0.964000 0.997263
0.968000 0.997308
0.972000 0.997356
0.976000 0.997405
0.980000 0.997457
0.984000 0.997513
0.988000 0.997575
0.992000 0.997646
0.996000 0.997728
1.000000 0.997828
