-1.000000 0.997928
-0.996000 0.997928
-0.992000 0.997927
-0.988000 0.997926
-0.984000 0.997925
-0.980000 0.997924
-0.976000 0.997923
-0.972000 0.997921
-0.968000 0.997919
-0.964000 0.997916
-0.960000 0.997913
-0.956000 0.997909
-0.952000 0.997904
-0.948000 0.997899
-0.944000 0.997892
-0.940000 0.997885
-0.936000 0.997876
-0.932000 0.997866
-0.928000 0.997854
-0.924000 0.997841
-0.920000 0.997826
-0.916000 0.997809
-0.912000 0.997790
-0.908000 0.997768
-0.904000 0.997744
-0.900000 0.997718
-0.896000 0.997689
-0.892000 0.997656
-0.888000 0.997621
-0.884000 0.997582
-0.880000 0.997540
-0.876000 0.997495
-0.872000 0.997445
-0.868000 0.997392
-0.864000 0.997335
-0.860000 0.997274
-0.856000 0.997210
-0.852000 0.997141
-0.848000 0.997068
-0.844000 0.996991
-0.840000 0.996909
-0.836000 0.996824
-0.832000 0.996735
-0.828000 0.996642
-0.824000 0.996546
-0.820000 0.996446
-0.816000 0.996342
-0.812000 0.996235
-0.808000 0.996125
-0.804000 0.996012
-0.800000 0.995897
-0.796000 0.995779
-0.792000 0.995659
-0.788000 0.995537
-0.784000 0.995414
-0.780000 0.995289
-0.776000 0.995163
-0.772000 0.995036
-0.768000 0.994909
-0.764000 0.994782
-0.760000 0.994654
-0.756000 0.994527
-0.752000 0.994401
-0.748000 0.994275
-0.744000 0.994151
-0.740000 0.994027
-0.736000 0.993906
-0.732000 0.993786
-0.728000 0.993668
-0.724000 0.993552
-0.720000 0.993439
-0.716000 0.993328
-0.712000 0.993220
-0.708000 0.993114
-0.704000 0.993012
-0.700000 0.992912
-0.696000 0.992816
-0.692000 0.992722
-0.688000 0.992632
-0.684000 0.992545
-0.680000 0.992461
-0.676000 0.992380
-0.672000 0.992302
-0.668000 0.992228
-0.664000 0.992157
-0.660000 0.992089
-0.656000 0.992024
-0.652000 0.991962
-0.648000 0.991903
-0.644000 0.991847
-0.640000 0.991794
-0.636000 0.991744
-0.632000 0.991696
-0.628000 0.991651
-0.624000 0.991608
-0.620000 0.991568
-0.616000 0.991530
-0.612000 0.991495
-0.608000 0.991461
-0.604000 0.991430
-0.600000 0.991401
-0.596000 0.991373
-0.592000 0.991348
-0.588000 0.991324
-0.584000 0.991301
-0.580000 0.991280
-0.576000 0.991261
-0.572000 0.991243
-0.568000 0.991226
-0.564000 0.991211
-0.560000 0.991196
-0.556000 0.991183
-0.552000 0.991171
-0.548000 0.991159
-0.544000 0.991149
-0.540000 0.991139
-0.536000 0.991130
-0.532000 0.991122
-0.528000 0.991114
-0.524000 0.991108
-0.520000 0.991101
-0.516000 0.991095
-0.512000 0.991090
-0.508000 0.991085
-0.504000 0.991081
-0.500000 0.991077
-0.496000 0.991073
-0.492000 0.991069
-0.488000 0.991066
-0.484000 0.991063
-0.480000 0.991061
-0.476000 0.991059
-0.472000 0.991056
-0.468000 0.991055
-0.464000 0.991053
-0.460000 0.991051
-0.456000 0.991050
-0.452000 0.991048
-0.448000 0.991047
-0.444000 0.991046
-0.440000 0.991045
-0.436000 0.991044
-0.432000 0.991044
-0.428000 0.991043
-0.424000 0.991042
-0.420000 0.991042
-0.416000 0.991041
-0.412000 0.991041
-0.408000 0.991040
-0.404000 0.991040
-0.400000 0.991040
-0.396000 0.991039
-0.392000 0.991039
-0.388000 0.991039
-0.384000 0.991039
-0.380000 0.991039
-0.376000 0.991038
-0.372000 0.991038
-0.368000 0.991038
-0.364000 0.991038
-0.360000 0.991038
-0.356000 0.991038
-0.352000 0.991038
-0.348000 0.991038
-0.344000 0.991038
-0.340000 0.991037
-0.336000 0.991037
-0.332000 0.991037
-0.328000 0.991037
-0.324000 0.991037
-0.320000 0.991037
-0.316000 0.991037
-0.312000 0.991037
-0.308000 0.991037
-0.304000 0.991037
-0.300000 0.991037
-0.296000 0.991037
-0.292000 0.991037
-0.288000 0.991037
-0.284000 0.991037
-0.280000 0.991037
-0.276000 0.991037
-0.272000 0.991037
-0.268000 0.991037
-0.264000 0.991037
-0.260000 0.991037
-0.256000 0.991037
-0.252000 0.991037
-0.248000 0.991037
-0.244000 0.991037
-0.240000 0.991037
-0.236000 0.991037
-0.232000 0.991037
-0.228000 0.991037
-0.224000 0.991037
-0.220000 0.991037
-0.216000 0.991037
-0.212000 0.991037
-0.208000 0.991037
-0.204000 0.991037
-0.200000 0.991037
-0.196000 0.991037
-0.192000 0.991037
-0.188000 0.991037
-0.184000 0.991037
-0.180000 0.991037
-0.176000 0.991037
-0.172000 0.991037
-0.168000 0.991037
-0.164000 0.991037
-0.160000 0.991037
-0.156000 0.991037
-0.152000 0.991037
-0.148000 0.991037
-0.144000 0.991037
-0.140000 0.991037
-0.136000 0.991037
-0.132000 0.991037
-0.128000 0.991037
-0.124000 0.991037
-0.120000 0.991037
-0.116000 0.991037
-0.112000 0.991037
-0.108000 0.991037
-0.104000 0.991037
-0.100000 0.991037
-0.096000 0.991037
-0.092000 0.991037
-0.088000 0.991037
-0.084000 0.991037
-0.080000 0.991037
-0.076000 0.991037
-0.072000 0.991037
-0.068000 0.991037
-0.064000 0.991037
-0.060000 0.991037
-0.056000 0.991037
-0.052000 0.991037
-0.048000 0.991037
-0.044000 0.991037
-0.040000 0.991037
-0.036000 0.991037
-0.032000 0.991037
-0.028000 0.991037
-0.024000 0.991037
-0.020000 0.991037
-0.016000 0.991037
-0.012000 0.991037
-0.008000 0.991037
-0.004000 0.991037
0.000000 0.991037
0.004000 0.991037
0.008000 0.991037
0.012000 0.991037
0.016000 0.991037
0.020000 0.991037
0.024000 0.991037
0.028000 0.991037
0.032000 0.991037
0.036000 0.991037
0.040000 0.991037
0.044000 0.991037
0.048000 0.991037
0.052000 0.991037
0.056000 0.991037
0.060000 0.991037
0.064000 0.991037
0.068000 0.991037
0.072000 0.991037
0.076000 0.991037
0.080000 0.991037
0.084000 0.991037
0.088000 0.991037
0.092000 0.991037
0.096000 0.991037
0.100000 0.991037
0.104000 0.991037
0.108000 0.991037
0.112000 0.991037
0.116000 0.991037
0.120000 0.991037
0.124000 0.991037
0.128000 0.991037
0.132000 0.991037
0.136000 0.991037
0.140000 0.991037
0.144000 0.991037
0.148000 0.991037
0.152000 0.991037
0.156000 0.991037
0.160000 0.991037
0.164000 0.991037
0.168000 0.991037
0.172000 0.991037
0.176000 0.991037
0.180000 0.991037
0.184000 0.991037
0.188000 0.991037
0.192000 0.991037
0.196000 0.991037
0.200000 0.991037
0.204000 0.991037
0.208000 0.991037
0.212000 0.991037
0.216000 0.991037
0.220000 0.991037
0.224000 0.991037
0.228000 0.991037
0.232000 0.991037
0.236000 0.991037
0.240000 0.991037
0.244000 0.991037
0.248000 0.991037
0.252000 0.991037
0.256000 0.991037
0.260000 0.991037
0.264000 0.991037
0.268000 0.991037
0.272000 0.991037
0.276000 0.991037
0.280000 0.991037
0.284000 0.991037
0.288000 0.991037
0.292000 0.991037
0.296000 0.991037
0.300000 0.991037
0.304000 0.991037
0.308000 0.991037
0.312000 0.991037
0.316000 0.991037
0.320000 0.991037
0.324000 0.991037
0.328000 0.991037
0.332000 0.991037
0.336000 0.991037
0.340000 0.991037
0.344000 0.991037
0.348000 0.991037
0.352000 0.991037
0.356000 0.991037
0.360000 0.991037
0.364000 0.991037
0.368000 0.991037
0.372000 0.991037
0.376000 0.991037
0.380000 0.991037
0.384000 0.991037
0.388000 0.991037
0.392000 0.991037
0.396000 0.991037
0.400000 0.991037
0.404000 0.991037
0.408000 0.991037
0.412000 0.991037
0.416000 0.991037
0.420000 0.991037
0.424000 0.991037
0.428000 0.991037
0.432000 0.991037
0.436000 0.991037
0.440000 0.991037
0.444000 0.991037
0.448000 0.991037
0.452000 0.991037
0.456000 0.991037
0.460000 0.991037
0.464000 0.991037
0.468000 0.991037
0.472000 0.991037
0.476000 0.991037
0.480000 0.991037
0.484000 0.991037
0.488000 0.991037
0.492000 0.991037
0.496000 0.991037
0.500000 0.991037
0.504000 0.991037
0.508000 0.991037
0.512000 0.991037
0.516000 0.991037
0.520000 0.991037
0.524000 0.991037
0.528000 0.991037
0.532000 0.991037
0.536000 0.991037
0.540000 0.991037
0.544000 0.991037
0.548000 0.991037
0.552000 0.991037
0.556000 0.991037
0.560000 0.991037
0.564000 0.991037
0.568000 0.991037
0.572000 0.991037
0.576000 0.991037
0.580000 0.991037
0.584000 0.991037
0.588000 0.991037
0.592000 0.991037
0.596000 0.991037
0.600000 0.991037
0.604000 0.991037
0.608000 0.991037
0.612000 0.991037
0.616000 0.991037
0.620000 0.991037
0.624000 0.991037
0.628000 0.991037
0.632000 0.991037
0.636000 0.991037
0.640000 0.991037
0.644000 0.991037
0.648000 0.991037
0.652000 0.991037
0.656000 0.991037
0.660000 0.991037
0.664000 0.991037
0.668000 0.991037
0.672000 0.991037
0.676000 0.991037
0.680000 0.991037
0.684000 0.991037
0.688000 0.991037
0.692000 0.991037
0.696000 0.991037
0.700000 0.991037
0.704000 0.991037
0.708000 0.991037
0.712000 0.991037
0.716000 0.991037
0.720000 0.991037
0.724000 0.991037
0.728000 0.991037
0.732000 0.991037
0.736000 0.991037
0.740000 0.991037
0.744000 0.991037
0.748000 0.991037
0.752000 0.991037
0.756000 0.991037
0.760000 0.991037
0.764000 0.991037
0.768000 0.991037
0.772000 0.991037
0.776000 0.991037
0.780000 0.991037
0.784000 0.991037
0.788000 0.991037
0.792000 0.991037
0.796000 0.991037
0.800000 0.991037
0.804000 0.991037
0.808000 0.991037
0.812000 0.991037
0.816000 0.991037
0.820000 0.991037
0.824000 0.991037
0.828000 0.991037
0.832000 0.991037
0.836000 0.991037
0.840000 0.991037
0.844000 0.991037
0.848000 0.991037
0.852000 0.991037
0.856000 0.991037
0.860000 0.991037
0.864000 0.991037
0.868000 0.991037
0.872000 0.991037
0.876000 0.991037
0.880000 0.991037
0.884000 0.991037
0.888000 0.991037
0.892000 0.991037
0.896000 0.991037
0.900000 0.991037
0.904000 0.991037
0.908000 0.991037
0.912000 0.991037
0.916000 0.991037
0.920000 0.991037
0.924000 0.991037
0.928000 0.991037
0.932000 0.991037
0.936000 0.991037
0.940000 0.991037
0.944000 0.991037
0.948000 0.991037
0.952000 0.991037
0.956000 0.991037
0.960000 0.991037
0.964000 0.991037
0.968000 0.991037
0.972000 0.991037
0.976000 0.991037
0.980000 0.991037
0.984000 0.991037
0.988000 0.991037
0.992000 0.991037
0.996000 0.991037
1.000000 0.991037
