-1.000000 0.997928
-0.996000 0.997928
-0.992000 0.997928
-0.988000 0.997928
-0.984000 0.997928
-0.980000 0.997928
-0.976000 0.997928
-0.972000 0.997928
-0.968000 0.997928
-0.964000 0.997928
-0.960000 0.997928
-0.956000 0.997928
-0.952000 0.997928
-0.948000 0.997928
-0.944000 0.997928
-0.940000 0.997928
-0.936000 0.997928
-0.932000 0.997928
-0.928000 0.997928
-0.924000 0.997928
-0.920000 0.997928
-0.916000 0.997927
-0.912000 0.997927
-0.908000 0.997927
-0.904000 0.997927
-0.900000 0.997927
-0.896000 0.997927
-0.892000 0.997926
-0.888000 0.997926
-0.884000 0.997926
-0.880000 0.997926
-0.876000 0.997925
-0.872000 0.997925
-0.868000 0.997924
-0.864000 0.997924
-0.860000 0.997923
-0.856000 0.997922
-0.852000 0.997921
-0.848000 0.997920
-0.844000 0.997919
-0.840000 0.997918
-0.836000 0.997916
-0.832000 0.997915
-0.828000 0.997913
-0.824000 0.997911
-0.820000 0.997909
-0.816000 0.997906
-0.812000 0.997904
-0.808000 0.997900
-0.804000 0.997897
-0.800000 0.997893
-0.796000 0.997889
-0.792000 0.997885
-0.788000 0.997880
-0.784000 0.997875
-0.780000 0.997869
-0.776000 0.997862
-0.772000 0.997855
-0.768000 0.997848
-0.764000 0.997839
-0.760000 0.997830
-0.756000 0.997821
-0.752000 0.997810
-0.748000 0.997799
-0.744000 0.997787
-0.740000 0.997774
-0.736000 0.997760
-0.732000 0.997744
-0.728000 0.997728
-0.724000 0.997711
-0.720000 0.997692
-0.716000 0.997673
-0.712000 0.997652
-0.708000 0.997630
-0.704000 0.997606
-0.700000 0.997581
-0.696000 0.997555
-0.692000 0.997527
-0.688000 0.997497
-0.684000 0.997466
-0.680000 0.997434
-0.676000 0.997399
-0.672000 0.997363
-0.668000 0.997326
-0.664000 0.997286
-0.660000 0.997245
-0.656000 0.997202
-0.652000 0.997157
-0.648000 0.997111
-0.644000 0.997062
-0.640000 0.997012
-0.636000 0.996960
-0.632000 0.996906
-0.628000 0.996850
-0.624000 0.996793
-0.620000 0.996733
-0.616000 0.996672
-0.612000 0.996609
-0.608000 0.996545
-0.604000 0.996478
-0.600000 0.996410
-0.596000 0.996341
-0.592000 0.996270
-0.588000 0.996197
-0.584000 0.996123
-0.580000 0.996047
-0.576000 0.995970
-0.572000 0.995892
-0.568000 0.995813
-0.564000 0.995732
-0.560000 0.995651
-0.556000 0.995568
-0.552000 0.995485
-0.548000 0.995401
-0.544000 0.995316
-0.540000 0.995230
-0.536000 0.995144
-0.532000 0.995057
-0.528000 0.994970
-0.524000 0.994883
-0.520000 0.994796
-0.516000 0.994708
-0.512000 0.994620
-0.508000 0.994533
-0.504000 0.994445
-0.500000 0.994358
-0.496000 0.994272
-0.492000 0.994185
-0.488000 0.994099
-0.484000 0.994014
-0.480000 0.993929
-0.476000 0.993846
-0.472000 0.993763
-0.468000 0.993680
-0.464000 0.993599
-0.460000 0.993519
-0.456000 0.993440
-0.452000 0.993362
-0.448000 0.993285
-0.444000 0.993209
-0.440000 0.993135
-0.436000 0.993062
-0.432000 0.992990
-0.428000 0.992920
-0.424000 0.992851
-0.420000 0.992784
-0.416000 0.992718
-0.412000 0.992654
-0.408000 0.992591
-0.404000 0.992530
-0.400000 0.992470
-0.396000 0.992412
-0.392000 0.992355
-0.388000 0.992301
-0.384000 0.992247
-0.380000 0.992195
-0.376000 0.992145
-0.372000 0.992096
-0.368000 0.992049
-0.364000 0.992004
-0.360000 0.991959
-0.356000 0.991917
-0.352000 0.991876
-0.348000 0.991836
-0.344000 0.991798
-0.340000 0.991761
-0.336000 0.991726
-0.332000 0.991691
-0.328000 0.991659
-0.324000 0.991627
-0.320000 0.991597
-0.316000 0.991568
-0.312000 0.991540
-0.308000 0.991514
-0.304000 0.991489
-0.300000 0.991464
-0.296000 0.991441
-0.292000 0.991419
-0.288000 0.991398
-0.284000 0.991378
-0.280000 0.991358
-0.276000 0.991340
-0.272000 0.991323
-0.268000 0.991306
-0.264000 0.991290
-0.260000 0.991275
-0.256000 0.991261
-0.252000 0.991248
-0.248000 0.991235
-0.244000 0.991223
-0.240000 0.991212
-0.236000 0.991201
-0.232000 0.991191
-0.228000 0.991181
-0.224000 0.991172
-0.220000 0.991163
-0.216000 0.991155
-0.212000 0.991147
-0.208000 0.991140
-0.204000 0.991133
-0.200000 0.991127
-0.196000 0.991121
-0.192000 0.991115
-0.188000 0.991110
-0.184000 0.991105
-0.180000 0.991100
-0.176000 0.991096
-0.172000 0.991092
-0.168000 0.991088
-0.164000 0.991085
-0.160000 0.991081
-0.156000 0.991078
-0.152000 0.991075
-0.148000 0.991072
-0.144000 0.991070
-0.140000 0.991067
-0.136000 0.991065
-0.132000 0.991063
-0.128000 0.991061
-0.124000 0.991059
-0.120000 0.991058
-0.116000 0.991056
-0.112000 0.991055
-0.108000 0.991053
-0.104000 0.991052
-0.100000 0.991051
-0.096000 0.991050
-0.092000 0.991049
-0.088000 0.991048
-0.084000 0.991047
-0.080000 0.991046
-0.076000 0.991045
-0.072000 0.991045
-0.068000 0.991044
-0.064000 0.991044
-0.060000 0.991043
-0.056000 0.991043
-0.052000 0.991042
-0.048000 0.991042
-0.044000 0.991041
-0.040000 0.991041
-0.036000 0.991041
-0.032000 0.991040
-0.028000 0.991040
-0.024000 0.991040
-0.020000 0.991040
-0.016000 0.991039
-0.012000 0.991039
-0.008000 0.991039
-0.004000 0.991039
0.000000 0.991039
0.004000 0.991038
0.008000 0.991038
0.012000 0.991038
0.016000 0.991038
0.020000 0.991038
0.024000 0.991038
0.028000 0.991038
0.032000 0.991038
0.036000 0.991038
0.040000 0.991038
0.044000 0.991038
0.048000 0.991038
0.052000 0.991037
0.056000 0.991037
0.060000 0.991037
0.064000 0.991037
0.068000 0.991037
0.072000 0.991037
0.076000 0.991037
0.080000 0.991037
0.084000 0.991037
0.088000 0.991037
0.092000 0.991037
0.096000 0.991037
0.100000 0.991037
0.104000 0.991037
0.108000 0.991037
0.112000 0.991037
0.116000 0.991037
0.120000 0.991037
0.124000 0.991037
0.128000 0.991037
0.132000 0.991037
0.136000 0.991037
0.140000 0.991037
0.144000 0.991037
0.148000 0.991037
0.152000 0.991037
0.156000 0.991037
0.160000 0.991037
0.164000 0.991037
0.168000 0.991037
0.172000 0.991037
0.176000 0.991037
0.180000 0.991037
0.184000 0.991037
0.188000 0.991037
0.192000 0.991037
0.196000 0.991037
0.200000 0.991037
0.204000 0.991037
0.208000 0.991037
0.212000 0.991037
0.216000 0.991037
0.220000 0.991037
0.224000 0.991037
0.228000 0.991037
0.232000 0.991037
0.236000 0.991037
0.240000 0.991037
0.244000 0.991037
0.248000 0.991037
0.252000 0.991037
0.256000 0.991037
0.260000 0.991037
0.264000 0.991037
0.268000 0.991037
0.272000 0.991037
0.276000 0.991037
0.280000 0.991037
0.284000 0.991037
0.288000 0.991037
0.292000 0.991037
0.296000 0.991037
0.300000 0.991037
0.304000 0.991037
0.308000 0.991037
0.312000 0.991037
0.316000 0.991037
0.320000 0.991037
0.324000 0.991037
0.328000 0.991037
0.332000 0.991037
0.336000 0.991037
0.340000 0.991037
0.344000 0.991037
0.348000 0.991037
0.352000 0.991037
0.356000 0.991037
0.360000 0.991037
0.364000 0.991037
0.368000 0.991037
0.372000 0.991037
0.376000 0.991037
0.380000 0.991037
0.384000 0.991037
0.388000 0.991037
0.392000 0.991037
0.396000 0.991037
0.400000 0.991037
0.404000 0.991037
0.408000 0.991037
0.412000 0.991037
0.416000 0.991037
0.420000 0.991037
0.424000 0.991037
0.428000 0.991037
0.432000 0.991037
0.436000 0.991037
0.440000 0.991037
0.444000 0.991037
0.448000 0.991037
0.452000 0.991037
0.456000 0.991037
0.460000 0.991037
0.464000 0.991037
0.468000 0.991037
0.472000 0.991037
0.476000 0.991037
0.480000 0.991037
0.484000 0.991037
0.488000 0.991037
0.492000 0.991037
0.496000 0.991037
0.500000 0.991037
0.504000 0.991037
0.508000 0.991037
0.512000 0.991037
0.516000 0.991037
0.520000 0.991037
0.524000 0.991037
0.528000 0.991037
0.532000 0.991037
0.536000 0.991037
0.540000 0.991037
0.544000 0.991037
0.548000 0.991037
0.552000 0.991037
0.556000 0.991037
0.560000 0.991037
0.564000 0.991037
0.568000 0.991037
0.572000 0.991037
0.576000 0.991037
0.580000 0.991037
0.584000 0.991037
0.588000 0.991037
0.592000 0.991037
0.596000 0.991037
0.600000 0.991037
0.604000 0.991037
0.608000 0.991037
0.612000 0.991037
0.616000 0.991037
0.620000 0.991037
0.624000 0.991037
0.628000 0.991037
0.632000 0.991037
0.636000 0.991037
0.640000 0.991037
0.644000 0.991037
0.648000 0.991037
0.652000 0.991037
0.656000 0.991037
0.660000 0.991037
0.664000 0.991037
0.668000 0.991037
0.672000 0.991037
0.676000 0.991037
0.680000 0.991037
0.684000 0.991037
0.688000 0.991037
0.692000 0.991037
0.696000 0.991037
0.700000 0.991037
0.704000 0.991037
0.708000 0.991037
0.712000 0.991037
0.716000 0.991037
0.720000 0.991037
0.724000 0.991037
0.728000 0.991037
0.732000 0.991037
0.736000 0.991037
0.740000 0.991037
0.744000 0.991037
0.748000 0.991037
0.752000 0.991037
0.756000 0.991037
0.760000 0.991037
0.764000 0.991037
0.768000 0.991037
0.772000 0.991037
0.776000 0.991037
0.780000 0.991037
0.784000 0.991037
0.788000 0.991037
0.792000 0.991037
0.796000 0.991037
0.800000 0.991037
0.804000 0.991037
0.808000 0.991037
0.812000 0.991037
0.816000 0.991037
0.820000 0.991037
0.824000 0.991037
0.828000 0.991037
0.832000 0.991037
0.836000 0.991037
0.840000 0.991037
0.844000 0.991037
0.848000 0.991037
0.852000 0.991037
0.856000 0.991037
0.860000 0.991037
0.864000 0.991037
0.868000 0.991037
0.872000 0.991037
0.876000 0.991037
0.880000 0.991037
0.884000 0.991037
0.888000 0.991037
0.892000 0.991037
0.896000 0.991037
0.900000 0.991037
0.904000 0.991037
0.908000 0.991037
0.912000 0.991037
0.916000 0.991037
0.920000 0.991037
0.924000 0.991037
0.928000 0.991037
0.932000 0.991037
0.936000 0.991037
0.940000 0.991037
0.944000 0.991037
0.948000 0.991037
0.952000 0.991037
0.956000 0.991037
0.960000 0.991037
0.964000 0.991037
0.968000 0.991037
0.972000 0.991037
0.976000 0.991037
0.980000 0.991037
0.984000 0.991037
0.988000 0.991037
0.992000 0.991037
0.996000 0.991037
1.000000 0.991037
