-1.000000 0.992919
-0.996000 0.992919
-0.992000 0.992919
-0.988000 0.992919
-0.984000 0.992919
-0.980000 0.992919
-0.976000 0.992919
-0.972000 0.992919
-0.968000 0.992919
-0.964000 0.992919
-0.960000 0.992919
-0.956000 0.992919
-0.952000 0.992919
-0.948000 0.992919
-0.944000 0.992919
-0.940000 0.992919
-0.936000 0.992919
-0.932000 0.992919
-0.928000 0.992919
-0.924000 0.992919
-0.920000 0.992919
-0.916000 0.992919
-0.912000 0.992919
-0.908000 0.992919
-0.904000 0.992919
-0.900000 0.992919
-0.896000 0.992919
-0.892000 0.992919
-0.888000 0.992919
-0.884000 0.992919
-0.880000 0.992919
-0.876000 0.992919
-0.872000 0.992919
-0.868000 0.992919
-0.864000 0.992919
-0.860000 0.992919
-0.856000 0.992919
-0.852000 0.992919
-0.848000 0.992919
-0.844000 0.992919
-0.840000 0.992919
-0.836000 0.992919
-0.832000 0.992919
-0.828000 0.992919
-0.824000 0.992919
-0.820000 0.992919
-0.816000 0.992919
-0.812000 0.992919
-0.808000 0.992919
-0.804000 0.992919
-0.800000 0.992919
-0.796000 0.992919
-0.792000 0.992919
-0.788000 0.992919
-0.784000 0.992919
-0.780000 0.992919
-0.776000 0.992919
-0.772000 0.992919
-0.768000 0.992919
-0.764000 0.992919
-0.760000 0.992919
-0.756000 0.992919
-0.752000 0.992919
-0.748000 0.992919
-0.744000 0.992919
-0.740000 0.992919
-0.736000 0.992919
-0.732000 0.992919
-0.728000 0.992919
-0.724000 0.992919
-0.720000 0.992919
-0.716000 0.992919
-0.712000 0.992919
-0.708000 0.992919
-0.704000 0.992919
-0.700000 0.992919
-0.696000 0.992919
-0.692000 0.992919
-0.688000 0.992919
-0.684000 0.992919
-0.680000 0.992919
-0.676000 0.992919
-0.672000 0.992919
-0.668000 0.992919
-0.664000 0.992919
-0.660000 0.992919
-0.656000 0.992919
-0.652000 0.992919
-0.648000 0.992919
-0.644000 0.992919
-0.640000 0.992919
-0.636000 0.992919
-0.632000 0.992919
-0.628000 0.992919
-0.624000 0.992919
-0.620000 0.992919
-0.616000 0.992919
-0.612000 0.992919
-0.608000 0.992919
-0.604000 0.992920
-0.600000 0.992920
-0.596000 0.992920
-0.592000 0.992920
-0.588000 0.992920
-0.584000 0.992920
-0.580000 0.992920
-0.576000 0.992920
-0.572000 0.992920
-0.568000 0.992920
-0.564000 0.992920
-0.560000 0.992921
-0.556000 0.992921
-0.552000 0.992921
-0.548000 0.992921
-0.544000 0.992921
-0.540000 0.992921
-0.536000 0.992922
-0.532000 0.992922
-0.528000 0.992922
-0.524000 0.992923
-0.520000 0.992923
-0.516000 0.992923
-0.512000 0.992924
-0.508000 0.992924
-0.504000 0.992925
-0.500000 0.992925
-0.496000 0.992926
-0.492000 0.992926
-0.488000 0.992927
-0.484000 0.992927
-0.480000 0.992928
-0.476000 0.992929
-0.472000 0.992930
-0.468000 0.992931
-0.464000 0.992932
-0.460000 0.992933
-0.456000 0.992934
-0.452000 0.992935
-0.448000 0.992936
-0.444000 0.992938
-0.440000 0.992939
-0.436000 0.992941
-0.432000 0.992942
-0.428000 0.992944
-0.424000 0.992946
-0.420000 0.992948
-0.416000 0.992950
-0.412000 0.992952
-0.408000 0.992955
-0.404000 0.992957
-0.400000 0.992960
-0.396000 0.992963
-0.392000 0.992966
-0.388000 0.992970
-0.384000 0.992973
-0.380000 0.992977
-0.376000 0.992981
-0.372000 0.992985
-0.368000 0.992989
-0.364000 0.992994
-0.360000 0.992999
-0.356000 0.993004
-0.352000 0.993009
-0.348000 0.993015
-0.344000 0.993021
-0.340000 0.993028
-0.336000 0.993034
-0.332000 0.993041
-0.328000 0.993049
-0.324000 0.993056
-0.320000 0.993065
-0.316000 0.993073
-0.312000 0.993082
-0.308000 0.993091
-0.304000 0.993101
-0.300000 0.993111
-0.296000 0.993122
-0.292000 0.993133
-0.288000 0.993145
-0.284000 0.993157
-0.280000 0.993170
-0.276000 0.993183
-0.272000 0.993197
-0.268000 0.993211
-0.264000 0.993226
-0.260000 0.993241
-0.256000 0.993257
-0.252000 0.993274
-0.248000 0.993291
-0.244000 0.993309
-0.240000 0.993328
-0.236000 0.993347
-0.232000 0.993367
-0.228000 0.993388
-0.224000 0.993409
-0.220000 0.993431
-0.216000 0.993454
-0.212000 0.993478
-0.208000 0.993502
-0.204000 0.993527
-0.200000 0.993553
-0.196000 0.993579
-0.192000 0.993607
-0.188000 0.993635
-0.184000 0.993664
-0.180000 0.993693
-0.176000 0.993724
-0.172000 0.993755
-0.168000 0.993787
-0.164000 0.993820
-0.160000 0.993854
-0.156000 0.993889
-0.152000 0.993924
-0.148000 0.993960
-0.144000 0.993997
-0.140000 0.994035
-0.136000 0.994074
-0.132000 0.994113
-0.128000 0.994154
-0.124000 0.994195
-0.120000 0.994237
-0.116000 0.994280
-0.112000 0.994323
-0.108000 0.994367
-0.104000 0.994412
-0.100000 0.994458
-0.096000 0.994505
-0.092000 0.994552
-0.088000 0.994600
-0.084000 0.994649
-0.080000 0.994698
-0.076000 0.994748
-0.072000 0.994799
-0.068000 0.994850
-0.064000 0.994902
-0.060000 0.994955
-0.056000 0.995008
-0.052000 0.995062
-0.048000 0.995116
-0.044000 0.995171
-0.040000 0.995226
-0.036000 0.995282
-0.032000 0.995339
-0.028000 0.995395
-0.024000 0.995452
-0.020000 0.995510
-0.016000 0.995568
-0.012000 0.995626
-0.008000 0.995685
-0.004000 0.995744
0.000000 0.995803
0.004000 0.995862
0.008000 0.995921
0.012000 0.995981
0.016000 0.996041
0.020000 0.996101
0.024000 0.996161
0.028000 0.996221
0.032000 0.996281
0.036000 0.996342
0.040000 0.996402
0.044000 0.996462
0.048000 0.996522
0.052000 0.996582
0.056000 0.996642
0.060000 0.996702
0.064000 0.996761
0.068000 0.996821
0.072000 0.996880
0.076000 0.996939
0.080000 0.996997
0.084000 0.997056
0.088000 0.997114
0.092000 0.997171
0.096000 0.997228
0.100000 0.997285
0.104000 0.997342
0.108000 0.997398
0.112000 0.997453
0.116000 0.997509
0.120000 0.997563
0.124000 0.997617
0.128000 0.997671
0.132000 0.997724
0.136000 0.997776
0.140000 0.997828
0.144000 0.997880
0.148000 0.997930
0.152000 0.997980
0.156000 0.998030
0.160000 0.998078
0.164000 0.998127
0.168000 0.998174
0.172000 0.998221
0.176000 0.998267
0.180000 0.998312
0.184000 0.998357
0.188000 0.998401
0.192000 0.998444
0.196000 0.998487
0.200000 0.998529
0.204000 0.998570
0.208000 0.998610
0.212000 0.998650
0.216000 0.998689
0.220000 0.998727
0.224000 0.998764
0.228000 0.998801
0.232000 0.998837
0.236000 0.998872
0.240000 0.998906
0.244000 0.998940
0.248000 0.998973
0.252000 0.999005
0.256000 0.999037
0.260000 0.999067
0.264000 0.999098
0.268000 0.999127
0.272000 0.999156
0.276000 0.999184
0.280000 0.999211
0.284000 0.999237
0.288000 0.999263
0.292000 0.999289
0.296000 0.999313
0.300000 0.999337
0.304000 0.999360
0.308000 0.999383
0.312000 0.999405
0.316000 0.999426
0.320000 0.999447
0.324000 0.999468
0.328000 0.999487
0.332000 0.999506
0.336000 0.999525
0.340000 0.999543
0.344000 0.999560
0.348000 0.999577
0.352000 0.999593
0.356000 0.999609
0.360000 0.999624
0.364000 0.999639
0.368000 0.999653
0.372000 0.999667
0.376000 0.999681
0.380000 0.999694
0.384000 0.999706
0.388000 0.999718
0.392000 0.999730
0.396000 0.999741
0.400000 0.999752
0.404000 0.999762
0.408000 0.999772
0.412000 0.999782
0.416000 0.999792
0.420000 0.999801
0.424000 0.999809
0.428000 0.999818
0.432000 0.999826
0.436000 0.999833
0.440000 0.999841
0.444000 0.999848
0.448000 0.999855
0.452000 0.999862
0.456000 0.999868
0.460000 0.999874
0.464000 0.999880
0.468000 0.999885
0.472000 0.999891
0.476000 0.999896
0.480000 0.999901
0.484000 0.999906
0.488000 0.999910
0.492000 0.999914
0.496000 0.999919
0.500000 0.999923
0.504000 0.999926
0.508000 0.999930
0.512000 0.999933
0.516000 0.999937
0.520000 0.999940
0.524000 0.999943
0.528000 0.999946
0.532000 0.999949
0.536000 0.999951
0.540000 0.999954
0.544000 0.999956
0.548000 0.999958
0.552000 0.999961
0.556000 0.999963
0.560000 0.999965
0.564000 0.999966
0.568000 0.999968
0.572000 0.999970
0.576000 0.999972
0.580000 0.999973
0.584000 0.999975
0.588000 0.999976
0.592000 0.999977
0.596000 0.999979
0.600000 0.999980
0.604000 0.999981
0.608000 0.999982
0.612000 0.999983
0.616000 0.999984
0.620000 0.999985
0.624000 0.999986
0.628000 0.999986
0.632000 0.999987
0.636000 0.999988
0.640000 0.999989
0.644000 0.999989
0.648000 0.999990
0.652000 0.999991
0.656000 0.999991
0.660000 0.999992
0.664000 0.999992
0.668000 0.999993
0.672000 0.999993
0.676000 0.999993
0.680000 0.999994
0.684000 0.999994
0.688000 0.999995
0.692000 0.999995
0.696000 0.999995
0.700000 0.999995
0.704000 0.999996
0.708000 0.999996
0.712000 0.999996
0.716000 0.999997
0.720000 0.999997
0.724000 0.999997
0.728000 0.999997
0.732000 0.999997
0.736000 0.999997
0.740000 0.999998
0.744000 0.999998
0.748000 0.999998
0.752000 0.999998
0.756000 0.999998
0.760000 0.999998
0.764000 0.999998
0.768000 0.999999
0.772000 0.999999
0.776000 0.999999
0.780000 0.999999
0.784000 0.999999
0.788000 0.999999
0.792000 0.999999
0.796000 0.999999
0.800000 0.999999
0.804000 0.999999
0.808000 0.999999
0.812000 0.999999
0.816000 0.999999
0.820000 0.999999
0.824000 0.999999
0.828000 0.999999
0.832000 1.000000
0.836000 1.000000
0.840000 1.000000
0.844000 1.000000
0.848000 1.000000
0.852000 1.000000
0.856000 1.000000
0.860000 1.000000
0.864000 1.000000
0.868000 1.000000
0.872000 1.000000
0.876000 1.000000
0.880000 1.000000
0.884000 1.000000
0.888000 1.000000
0.892000 1.000000
0.896000 1.000000
0.900000 1.000000
0.904000 1.000000
0.908000 1.000000
0.912000 1.000000
0.916000 1.000000
0.920000 1.000000
0.924000 1.000000
0.928000 1.000000
0.932000 1.000000
0.936000 1.000000
0.940000 1.000000
0.944000 1.000000
0.948000 1.000000
0.952000 1.000000
0.956000 1.000000
0.960000 1.000000
0.964000 1.000000
0.968000 1.000000
0.972000 1.000000
0.976000 1.000000
0.980000 1.000000
0.984000 1.000000
0.988000 1.000000
0.992000 1.000000
0.996000 1.000000
1.000000 1.000000
