-1.000000 0.997928
-0.996000 0.997928
-0.992000 0.997928
-0.988000 0.997928
-0.984000 0.997928
-0.980000 0.997928
-0.976000 0.997928
-0.972000 0.997928
-0.968000 0.997928
-0.964000 0.997928
-0.960000 0.997928
-0.956000 0.997928
-0.952000 0.997928
-0.948000 0.997928
-0.944000 0.997928
-0.940000 0.997928
-0.936000 0.997928
-0.932000 0.997928
-0.928000 0.997928
-0.924000 0.997928
-0.920000 0.997928
-0.916000 0.997928
-0.912000 0.997928
-0.908000 0.997928
-0.904000 0.997928
-0.900000 0.997928
-0.896000 0.997928
-0.892000 0.997928
-0.888000 0.997928
-0.884000 0.997928
-0.880000 0.997928
-0.876000 0.997928
-0.872000 0.997928
-0.868000 0.997928
-0.864000 0.997928
-0.860000 0.997928
-0.856000 0.997928
-0.852000 0.997928
-0.848000 0.997928
-0.844000 0.997928
-0.840000 0.997928
-0.836000 0.997928
-0.832000 0.997928
-0.828000 0.997928
-0.824000 0.997928
-0.820000 0.997928
-0.816000 0.997928
-0.812000 0.997928
-0.808000 0.997928
-0.804000 0.997928
-0.800000 0.997928
-0.796000 0.997928
-0.792000 0.997928
-0.788000 0.997928
-0.784000 0.997928
-0.780000 0.997928
-0.776000 0.997928
-0.772000 0.997928
-0.768000 0.997928
-0.764000 0.997928
-0.760000 0.997927
-0.756000 0.997927
-0.752000 0.997927
-0.748000 0.997927
-0.744000 0.997927
-0.740000 0.997927
-0.736000 0.997927
-0.732000 0.997927
-0.728000 0.997927
-0.724000 0.997926
-0.720000 0.997926
-0.716000 0.997926
-0.712000 0.997926
-0.708000 0.997925
-0.704000 0.997925
-0.700000 0.997925
-0.696000 0.997925
-0.692000 0.997924
-0.688000 0.997924
-0.684000 0.997923
-0.680000 0.997923
-0.676000 0.997922
-0.672000 0.997922
-0.668000 0.997921
-0.664000 0.997920
-0.660000 0.997919
-0.656000 0.997918
-0.652000 0.997917
-0.648000 0.997916
-0.644000 0.997915
-0.640000 0.997914
-0.636000 0.997913
-0.632000 0.997911
-0.628000 0.997909
-0.624000 0.997908
-0.620000 0.997906
-0.616000 0.997904
-0.612000 0.997902
-0.608000 0.997899
-0.604000 0.997897
-0.600000 0.997894
-0.596000 0.997891
-0.592000 0.997888
-0.588000 0.997884
-0.584000 0.997881
-0.580000 0.997877
-0.576000 0.997872
-0.572000 0.997868
-0.568000 0.997863
-0.564000 0.997858
-0.560000 0.997852
-0.556000 0.997846
-0.552000 0.997840
-0.548000 0.997834
-0.544000 0.997827
-0.540000 0.997819
-0.536000 0.997811
-0.532000 0.997803
-0.528000 0.997794
-0.524000 0.997784
-0.520000 0.997774
-0.516000 0.997764
-0.512000 0.997753
-0.508000 0.997741
-0.504000 0.997728
-0.500000 0.997715
-0.496000 0.997702
-0.492000 0.997687
-0.488000 0.997672
-0.484000 0.997656
-0.480000 0.997640
-0.476000 0.997622
-0.472000 0.997604
-0.468000 0.997585
-0.464000 0.997565
-0.460000 0.997544
-0.456000 0.997523
-0.452000 0.997500
-0.448000 0.997476
-0.444000 0.997452
-0.440000 0.997426
-0.436000 0.997400
-0.432000 0.997373
-0.428000 0.997344
-0.424000 0.997315
-0.420000 0.997284
-0.416000 0.997252
-0.412000 0.997220
-0.408000 0.997186
-0.404000 0.997151
-0.400000 0.997115
-0.396000 0.997078
-0.392000 0.997040
-0.388000 0.997000
-0.384000 0.996960
-0.380000 0.996918
-0.376000 0.996876
-0.372000 0.996832
-0.368000 0.996787
-0.364000 0.996741
-0.360000 0.996694
-0.356000 0.996646
-0.352000 0.996597
-0.348000 0.996546
-0.344000 0.996495
-0.340000 0.996443
-0.336000 0.996389
-0.332000 0.996335
-0.328000 0.996279
-0.324000 0.996223
-0.320000 0.996166
-0.316000 0.996108
-0.312000 0.996049
-0.308000 0.995989
-0.304000 0.995928
-0.300000 0.995867
-0.296000 0.995804
-0.292000 0.995742
-0.288000 0.995678
-0.284000 0.995614
-0.280000 0.995549
-0.276000 0.995483
-0.272000 0.995417
-0.268000 0.995351
-0.264000 0.995284
-0.260000 0.995217
-0.256000 0.995149
-0.252000 0.995081
-0.248000 0.995013
-0.244000 0.994944
-0.240000 0.994875
-0.236000 0.994807
-0.232000 0.994738
-0.228000 0.994669
-0.224000 0.994600
-0.220000 0.994531
-0.216000 0.994462
-0.212000 0.994393
-0.208000 0.994324
-0.204000 0.994256
-0.200000 0.994187
-0.196000 0.994119
-0.192000 0.994052
-0.188000 0.993985
-0.184000 0.993918
-0.180000 0.993851
-0.176000 0.993785
-0.172000 0.993720
-0.168000 0.993655
-0.164000 0.993591
-0.160000 0.993527
-0.156000 0.993464
-0.152000 0.993402
-0.148000 0.993340
-0.144000 0.993279
-0.140000 0.993219
-0.136000 0.993160
-0.132000 0.993101
-0.128000 0.993043
-0.124000 0.992986
-0.120000 0.992930
-0.116000 0.992875
-0.112000 0.992821
-0.108000 0.992768
-0.104000 0.992715
-0.100000 0.992664
-0.096000 0.992613
-0.092000 0.992564
-0.088000 0.992515
-0.084000 0.992468
-0.080000 0.992421
-0.076000 0.992376
-0.072000 0.992331
-0.068000 0.992287
-0.064000 0.992245
-0.060000 0.992203
-0.056000 0.992163
-0.052000 0.992123
-0.048000 0.992084
-0.044000 0.992047
-0.040000 0.992010
-0.036000 0.991974
-0.032000 0.991939
-0.028000 0.991906
-0.024000 0.991873
-0.020000 0.991841
-0.016000 0.991810
-0.012000 0.991780
-0.008000 0.991750
-0.004000 0.991722
0.000000 0.991694
0.004000 0.991668
0.008000 0.991642
0.012000 0.991617
0.016000 0.991593
0.020000 0.991570
0.024000 0.991547
0.028000 0.991525
0.032000 0.991504
0.036000 0.991484
0.040000 0.991464
0.044000 0.991446
0.048000 0.991427
0.052000 0.991410
0.056000 0.991393
0.060000 0.991377
0.064000 0.991361
0.068000 0.991346
0.072000 0.991332
0.076000 0.991318
0.080000 0.991305
0.084000 0.991292
0.088000 0.991280
0.092000 0.991268
0.096000 0.991257
0.100000 0.991246
0.104000 0.991235
0.108000 0.991225
0.112000 0.991216
0.116000 0.991207
0.120000 0.991198
0.124000 0.991190
0.128000 0.991182
0.132000 0.991175
0.136000 0.991167
0.140000 0.991161
0.144000 0.991154
0.148000 0.991148
0.152000 0.991142
0.156000 0.991136
0.160000 0.991131
0.164000 0.991126
0.168000 0.991121
0.172000 0.991116
0.176000 0.991112
0.180000 0.991108
0.184000 0.991104
0.188000 0.991100
0.192000 0.991096
0.196000 0.991093
0.200000 0.991090
0.204000 0.991087
0.208000 0.991084
0.212000 0.991081
0.216000 0.991078
0.220000 0.991076
0.224000 0.991074
0.228000 0.991071
0.232000 0.991069
0.236000 0.991067
0.240000 0.991066
0.244000 0.991064
0.248000 0.991062
0.252000 0.991061
0.256000 0.991059
0.260000 0.991058
0.264000 0.991056
0.268000 0.991055
0.272000 0.991054
0.276000 0.991053
0.280000 0.991052
0.284000 0.991051
0.288000 0.991050
0.292000 0.991049
0.296000 0.991048
0.300000 0.991048
0.304000 0.991047
0.308000 0.991046
0.312000 0.991046
0.316000 0.991045
0.320000 0.991045
0.324000 0.991044
0.328000 0.991044
0.332000 0.991043
0.336000 0.991043
0.340000 0.991042
0.344000 0.991042
0.348000 0.991042
0.352000 0.991041
0.356000 0.991041
0.360000 0.991041
0.364000 0.991040
0.368000 0.991040
0.372000 0.991040
0.376000 0.991040
0.380000 0.991040
0.384000 0.991039
0.388000 0.991039
0.392000 0.991039
0.396000 0.991039
0.400000 0.991039
0.404000 0.991039
0.408000 0.991039
0.412000 0.991038
0.416000 0.991038
0.420000 0.991038
0.424000 0.991038
0.428000 0.991038
0.432000 0.991038
0.436000 0.991038
0.440000 0.991038
0.444000 0.991038
0.448000 0.991038
0.452000 0.991038
0.456000 0.991038
0.460000 0.991038
0.464000 0.991038
0.468000 0.991037
0.472000 0.991037
0.476000 0.991037
0.480000 0.991037
0.484000 0.991037
0.488000 0.991037
0.492000 0.991037
0.496000 0.991037
0.500000 0.991037
0.504000 0.991037
0.508000 0.991037
0.512000 0.991037
0.516000 0.991037
0.520000 0.991037
0.524000 0.991037
0.528000 0.991037
0.532000 0.991037
0.536000 0.991037
0.540000 0.991037
0.544000 0.991037
0.548000 0.991037
0.552000 0.991037
0.556000 0.991037
0.560000 0.991037
0.564000 0.991037
0.568000 0.991037
0.572000 0.991037
0.576000 0.991037
0.580000 0.991037
0.584000 0.991037
0.588000 0.991037
0.592000 0.991037
0.596000 0.991037
0.600000 0.991037
0.604000 0.991037
0.608000 0.991037
0.612000 0.991037
0.616000 0.991037
0.620000 0.991037
0.624000 0.991037
0.628000 0.991037
0.632000 0.991037
0.636000 0.991037
0.640000 0.991037
0.644000 0.991037
0.648000 0.991037
0.652000 0.991037
0.656000 0.991037
0.660000 0.991037
0.664000 0.991037
0.668000 0.991037
0.672000 0.991037
0.676000 0.991037
0.680000 0.991037
0.684000 0.991037
0.688000 0.991037
0.692000 0.991037
0.696000 0.991037
0.700000 0.991037
0.704000 0.991037
0.708000 0.991037
0.712000 0.991037
0.716000 0.991037
0.720000 0.991037
0.724000 0.991037
0.728000 0.991037
0.732000 0.991037
0.736000 0.991037
0.740000 0.991037
0.744000 0.991037
0.748000 0.991037
0.752000 0.991037
0.756000 0.991037
0.760000 0.991037
0.764000 0.991037
0.768000 0.991037
0.772000 0.991037
0.776000 0.991037
0.780000 0.991037
0.784000 0.991037
0.788000 0.991037
0.792000 0.991037
0.796000 0.991037
0.800000 0.991037
0.804000 0.991037
0.808000 0.991037
0.812000 0.991037
0.816000 0.991037
0.820000 0.991037
0.824000 0.991037
0.828000 0.991037
0.832000 0.991037
0.836000 0.991037
0.840000 0.991037
0.844000 0.991037
0.848000 0.991037
0.852000 0.991037
0.856000 0.991037
0.860000 0.991037
0.864000 0.991037
0.868000 0.991037
0.872000 0.991037
0.876000 0.991037
0.880000 0.991037
0.884000 0.991037
0.888000 0.991037
0.892000 0.991037
0.896000 0.991037
0.900000 0.991037
0.904000 0.991037
0.908000 0.991037
0.912000 0.991037
0.916000 0.991037
0.920000 0.991037
0.924000 0.991037
0.928000 0.991037
0.932000 0.991037
0.936000 0.991037
0.940000 0.991037
0.944000 0.991037
0.948000 0.991037
0.952000 0.991037
0.956000 0.991037
0.960000 0.991037
0.964000 0.991037
0.968000 0.991037
0.972000 0.991037
0.976000 0.991037
0.980000 0.991037
0.984000 0.991037
0.988000 0.991037
0.992000 0.991037
0.996000 0.991037
1.000000 0.991037
