-1.000000 0.997928
-0.996000 0.997928
-0.992000 0.997928
-0.988000 0.997928
-0.984000 0.997928
-0.980000 0.997928
-0.976000 0.997928
-0.972000 0.997928
-0.968000 0.997928
-0.964000 0.997928
-0.960000 0.997928
-0.956000 0.997928
-0.952000 0.997928
-0.948000 0.997928
-0.944000 0.997928
-0.940000 0.997928
-0.936000 0.997928
-0.932000 0.997928
-0.928000 0.997928
-0.924000 0.997928
-0.920000 0.997928
-0.916000 0.997928
-0.912000 0.997928
-0.908000 0.997928
-0.904000 0.997928
-0.900000 0.997928
-0.896000 0.997928
-0.892000 0.997928
-0.888000 0.997928
-0.884000 0.997928
-0.880000 0.997928
-0.876000 0.997928
-0.872000 0.997928
-0.868000 0.997928
-0.864000 0.997928
-0.860000 0.997928
-0.856000 0.997928
-0.852000 0.997928
-0.848000 0.997928
-0.844000 0.997928
-0.840000 0.997928
-0.836000 0.997928
-0.832000 0.997928
-0.828000 0.997928
-0.824000 0.997928
-0.820000 0.997928
-0.816000 0.997928
-0.812000 0.997928
-0.808000 0.997928
-0.804000 0.997928
-0.800000 0.997928
-0.796000 0.997928
-0.792000 0.997928
-0.788000 0.997928
-0.784000 0.997928
-0.780000 0.997928
-0.776000 0.997928
-0.772000 0.997928
-0.768000 0.997928
-0.764000 0.997928
-0.760000 0.997928
-0.756000 0.997928
-0.752000 0.997928
-0.748000 0.997928
-0.744000 0.997928
-0.740000 0.997928
-0.736000 0.997928
-0.732000 0.997928
-0.728000 0.997928
-0.724000 0.997928
-0.720000 0.997928
-0.716000 0.997928
-0.712000 0.997928
-0.708000 0.997928
-0.704000 0.997928
-0.700000 0.997928
-0.696000 0.997928
-0.692000 0.997928
-0.688000 0.997927
-0.684000 0.997927
-0.680000 0.997927
-0.676000 0.997927
-0.672000 0.997927
-0.668000 0.997927
-0.664000 0.997927
-0.660000 0.997927
-0.656000 0.997927
-0.652000 0.997927
-0.648000 0.997926
-0.644000 0.997926
-0.640000 0.997926
-0.636000 0.997926
-0.632000 0.997926
-0.628000 0.997925
-0.624000 0.997925
-0.620000 0.997925
-0.616000 0.997924
-0.612000 0.997924
-0.608000 0.997924
-0.604000 0.997923
-0.600000 0.997923
-0.596000 0.997922
-0.592000 0.997922
-0.588000 0.997921
-0.584000 0.997920
-0.580000 0.997920
-0.576000 0.997919
-0.572000 0.997918
-0.568000 0.997917
-0.564000 0.997916
-0.560000 0.997915
-0.556000 0.997914
-0.552000 0.997913
-0.548000 0.997911
-0.544000 0.997910
-0.540000 0.997908
-0.536000 0.997907
-0.532000 0.997905
-0.528000 0.997903
-0.524000 0.997901
-0.520000 0.997899
-0.516000 0.997896
-0.512000 0.997894
-0.508000 0.997891
-0.504000 0.997888
-0.500000 0.997885
-0.496000 0.997882
-0.492000 0.997878
-0.488000 0.997875
-0.484000 0.997871
-0.480000 0.997866
-0.476000 0.997862
-0.472000 0.997857
-0.468000 0.997852
-0.464000 0.997846
-0.460000 0.997841
-0.456000 0.997835
-0.452000 0.997828
-0.448000 0.997821
-0.444000 0.997814
-0.440000 0.997807
-0.436000 0.997799
-0.432000 0.997790
-0.428000 0.997781
-0.424000 0.997772
-0.420000 0.997762
-0.416000 0.997752
-0.412000 0.997741
-0.408000 0.997730
-0.404000 0.997718
-0.400000 0.997705
-0.396000 0.997692
-0.392000 0.997679
-0.388000 0.997664
-0.384000 0.997649
-0.380000 0.997634
-0.376000 0.997617
-0.372000 0.997600
-0.368000 0.997583
-0.364000 0.997564
-0.360000 0.997545
-0.356000 0.997525
-0.352000 0.997504
-0.348000 0.997483
-0.344000 0.997460
-0.340000 0.997437
-0.336000 0.997413
-0.332000 0.997388
-0.328000 0.997363
-0.324000 0.997336
-0.320000 0.997309
-0.316000 0.997280
-0.312000 0.997251
-0.308000 0.997221
-0.304000 0.997189
-0.300000 0.997157
-0.296000 0.997124
-0.292000 0.997090
-0.288000 0.997055
-0.284000 0.997019
-0.280000 0.996982
-0.276000 0.996945
-0.272000 0.996906
-0.268000 0.996866
-0.264000 0.996825
-0.260000 0.996784
-0.256000 0.996741
-0.252000 0.996697
-0.248000 0.996653
-0.244000 0.996608
-0.240000 0.996561
-0.236000 0.996514
-0.232000 0.996466
-0.228000 0.996417
-0.224000 0.996367
-0.220000 0.996316
-0.216000 0.996264
-0.212000 0.996212
-0.208000 0.996159
-0.204000 0.996105
-0.200000 0.996050
-0.196000 0.995995
-0.192000 0.995938
-0.188000 0.995881
-0.184000 0.995824
-0.180000 0.995766
-0.176000 0.995707
-0.172000 0.995648
-0.168000 0.995588
-0.164000 0.995527
-0.160000 0.995466
-0.156000 0.995405
-0.152000 0.995343
-0.148000 0.995281
-0.144000 0.995218
-0.140000 0.995156
-0.136000 0.995092
-0.132000 0.995029
-0.128000 0.994965
-0.124000 0.994902
-0.120000 0.994838
-0.116000 0.994774
-0.112000 0.994709
-0.108000 0.994645
-0.104000 0.994581
-0.100000 0.994517
-0.096000 0.994453
-0.092000 0.994389
-0.088000 0.994325
-0.084000 0.994261
-0.080000 0.994198
-0.076000 0.994134
-0.072000 0.994071
-0.068000 0.994009
-0.064000 0.993946
-0.060000 0.993884
-0.056000 0.993823
-0.052000 0.993761
-0.048000 0.993701
-0.044000 0.993640
-0.040000 0.993580
-0.036000 0.993521
-0.032000 0.993463
-0.028000 0.993404
-0.024000 0.993347
-0.020000 0.993290
-0.016000 0.993234
-0.012000 0.993178
-0.008000 0.993123
-0.004000 0.993069
0.000000 0.993016
0.004000 0.992963
0.008000 0.992911
0.012000 0.992860
0.016000 0.992810
0.020000 0.992760
0.024000 0.992711
0.028000 0.992663
0.032000 0.992616
0.036000 0.992570
0.040000 0.992525
0.044000 0.992480
0.048000 0.992436
0.052000 0.992393
0.056000 0.992351
0.060000 0.992310
0.064000 0.992270
0.068000 0.992230
0.072000 0.992192
0.076000 0.992154
0.080000 0.992117
0.084000 0.992081
0.088000 0.992046
0.092000 0.992012
0.096000 0.991978
0.100000 0.991946
0.104000 0.991914
0.108000 0.991883
0.112000 0.991853
0.116000 0.991823
0.120000 0.991795
0.124000 0.991767
0.128000 0.991740
0.132000 0.991714
0.136000 0.991688
0.140000 0.991663
0.144000 0.991639
0.148000 0.991616
0.152000 0.991594
0.156000 0.991572
0.160000 0.991551
0.164000 0.991530
0.168000 0.991510
0.172000 0.991491
0.176000 0.991472
0.180000 0.991454
0.184000 0.991437
0.188000 0.991420
0.192000 0.991404
0.196000 0.991388
0.200000 0.991373
0.204000 0.991359
0.208000 0.991345
0.212000 0.991331
0.216000 0.991318
0.220000 0.991306
0.224000 0.991294
0.228000 0.991282
0.232000 0.991271
0.236000 0.991260
0.240000 0.991250
0.244000 0.991240
0.248000 0.991231
0.252000 0.991222
0.256000 0.991213
0.260000 0.991205
0.264000 0.991197
0.268000 0.991189
0.272000 0.991182
0.276000 0.991174
0.280000 0.991168
0.284000 0.991161
0.288000 0.991155
0.292000 0.991149
0.296000 0.991144
0.300000 0.991138
0.304000 0.991133
0.308000 0.991128
0.312000 0.991123
0.316000 0.991119
0.320000 0.991115
0.324000 0.991111
0.328000 0.991107
0.332000 0.991103
0.336000 0.991099
0.340000 0.991096
0.344000 0.991093
0.348000 0.991090
0.352000 0.991087
0.356000 0.991084
0.360000 0.991082
0.364000 0.991079
0.368000 0.991077
0.372000 0.991075
0.376000 0.991072
0.380000 0.991070
0.384000 0.991069
0.388000 0.991067
0.392000 0.991065
0.396000 0.991063
0.400000 0.991062
0.404000 0.991060
0.408000 0.991059
0.412000 0.991058
0.416000 0.991057
0.420000 0.991055
0.424000 0.991054
0.428000 0.991053
0.432000 0.991052
0.436000 0.991051
0.440000 0.991050
0.444000 0.991050
0.448000 0.991049
0.452000 0.991048
0.456000 0.991047
0.460000 0.991047
0.464000 0.991046
0.468000 0.991046
0.472000 0.991045
0.476000 0.991045
0.480000 0.991044
0.484000 0.991044
0.488000 0.991043
0.492000 0.991043
0.496000 0.991042
0.500000 0.991042
0.504000 0.991042
0.508000 0.991041
0.512000 0.991041
0.516000 0.991041
0.520000 0.991041
0.524000 0.991040
0.528000 0.991040
0.532000 0.991040
0.536000 0.991040
0.540000 0.991040
0.544000 0.991039
0.548000 0.991039
0.552000 0.991039
0.556000 0.991039
0.560000 0.991039
0.564000 0.991039
0.568000 0.991039
0.572000 0.991038
0.576000 0.991038
0.580000 0.991038
0.584000 0.991038
0.588000 0.991038
0.592000 0.991038
0.596000 0.991038
0.600000 0.991038
0.604000 0.991038
0.608000 0.991038
0.612000 0.991038
0.616000 0.991038
0.620000 0.991038
0.624000 0.991038
0.628000 0.991038
0.632000 0.991037
0.636000 0.991037
0.640000 0.991037
0.644000 0.991037
0.648000 0.991037
0.652000 0.991037
0.656000 0.991037
0.660000 0.991037
0.664000 0.991037
0.668000 0.991037
0.672000 0.991037
0.676000 0.991037
0.680000 0.991037
0.684000 0.991037
0.688000 0.991037
0.692000 0.991037
0.696000 0.991037
0.700000 0.991037
0.704000 0.991037
0.708000 0.991037
0.712000 0.991037
0.716000 0.991037
0.720000 0.991037
0.724000 0.991037
0.728000 0.991037
0.732000 0.991037
0.736000 0.991037
0.740000 0.991037
0.744000 0.991037
0.748000 0.991037
0.752000 0.991037
0.756000 0.991037
0.760000 0.991037
0.764000 0.991037
0.768000 0.991037
0.772000 0.991037
0.776000 0.991037
0.780000 0.991037
0.784000 0.991037
0.788000 0.991037
0.792000 0.991037
0.796000 0.991037
0.800000 0.991037
0.804000 0.991037
0.808000 0.991037
0.812000 0.991037
0.816000 0.991037
0.820000 0.991037
0.824000 0.991037
0.828000 0.991037
0.832000 0.991037
0.836000 0.991037
0.840000 0.991037
0.844000 0.991037
0.848000 0.991037
0.852000 0.991037
0.856000 0.991037
0.860000 0.991037
0.864000 0.991037
0.868000 0.991037
0.872000 0.991037
0.876000 0.991037
0.880000 0.991037
0.884000 0.991037
0.888000 0.991037
0.892000 0.991037
0.896000 0.991037
0.900000 0.991037
0.904000 0.991037
0.908000 0.991037
0.912000 0.991037
0.916000 0.991037
0.920000 0.991037
0.924000 0.991037
0.928000 0.991037
0.932000 0.991037
0.936000 0.991037
0.940000 0.991037
0.944000 0.991037
0.948000 0.991037
0.952000 0.991037
0.956000 0.991037
0.960000 0.991037
0.964000 0.991037
0.968000 0.991037
0.972000 0.991037
0.976000 0.991037
0.980000 0.991037
0.984000 0.991037
0.988000 0.991037
0.992000 0.991037
0.996000 0.991037
1.000000 0.991037
