-1.000000 0.991037
-0.996000 0.991037
-0.992000 0.991037
-0.988000 0.991037
-0.984000 0.991037
-0.980000 0.991037
-0.976000 0.991037
-0.972000 0.991037
-0.968000 0.991037
-0.964000 0.991037
-0.960000 0.991037
-0.956000 0.991037
-0.952000 0.991037
-0.948000 0.991037
-0.944000 0.991037
-0.940000 0.991037
-0.936000 0.991037
-0.932000 0.991037
-0.928000 0.991037
-0.924000 0.991037
-0.920000 0.991037
-0.916000 0.991037
-0.912000 0.991037
-0.908000 0.991037
-0.904000 0.991037
-0.900000 0.991037
-0.896000 0.991037
-0.892000 0.991037
-0.888000 0.991037
-0.884000 0.991037
-0.880000 0.991037
-0.876000 0.991037
-0.872000 0.991037
-0.868000 0.991037
-0.864000 0.991037
-0.860000 0.991037
-0.856000 0.991037
-0.852000 0.991037
-0.848000 0.991037
-0.844000 0.991037
-0.840000 0.991037
-0.836000 0.991037
-0.832000 0.991037
-0.828000 0.991037
-0.824000 0.991037
-0.820000 0.991037
-0.816000 0.991037
-0.812000 0.991037
-0.808000 0.991037
-0.804000 0.991037
-0.800000 0.991037
-0.796000 0.991037
-0.792000 0.991037
-0.788000 0.991037
-0.784000 0.991037
-0.780000 0.991037
-0.776000 0.991038
-0.772000 0.991038
-0.768000 0.991038
-0.764000 0.991038
-0.760000 0.991038
-0.756000 0.991038
-0.752000 0.991038
-0.748000 0.991038
-0.744000 0.991038
-0.740000 0.991039
-0.736000 0.991039
-0.732000 0.991039
-0.728000 0.991039
-0.724000 0.991039
-0.720000 0.991040
-0.716000 0.991040
-0.712000 0.991040
-0.708000 0.991041
-0.704000 0.991041
-0.700000 0.991042
-0.696000 0.991042
-0.692000 0.991043
-0.688000 0.991043
-0.684000 0.991044
-0.680000 0.991044
-0.676000 0.991045
-0.672000 0.991046
-0.668000 0.991047
-0.664000 0.991048
-0.660000 0.991049
-0.656000 0.991050
-0.652000 0.991051
-0.648000 0.991053
-0.644000 0.991054
-0.640000 0.991056
-0.636000 0.991057
-0.632000 0.991059
-0.628000 0.991061
-0.624000 0.991063
-0.620000 0.991066
-0.616000 0.991068
-0.612000 0.991071
-0.608000 0.991074
-0.604000 0.991077
-0.600000 0.991080
-0.596000 0.991083
-0.592000 0.991087
-0.588000 0.991091
-0.584000 0.991095
-0.580000 0.991100
-0.576000 0.991104
-0.572000 0.991109
-0.568000 0.991115
-0.564000 0.991120
-0.560000 0.991126
-0.556000 0.991132
-0.552000 0.991139
-0.548000 0.991146
-0.544000 0.991154
-0.540000 0.991161
-0.536000 0.991170
-0.532000 0.991178
-0.528000 0.991187
-0.524000 0.991197
-0.520000 0.991207
-0.516000 0.991217
-0.512000 0.991228
-0.508000 0.991240
-0.504000 0.991252
-0.500000 0.991265
-0.496000 0.991278
-0.492000 0.991291
-0.488000 0.991305
-0.484000 0.991320
-0.480000 0.991336
-0.476000 0.991352
-0.472000 0.991368
-0.468000 0.991385
-0.464000 0.991403
-0.460000 0.991422
-0.456000 0.991441
-0.452000 0.991461
-0.448000 0.991481
-0.444000 0.991502
-0.440000 0.991524
-0.436000 0.991546
-0.432000 0.991569
-0.428000 0.991593
-0.424000 0.991617
-0.420000 0.991642
-0.416000 0.991668
-0.412000 0.991694
-0.408000 0.991721
-0.404000 0.991748
-0.400000 0.991776
-0.396000 0.991805
-0.392000 0.991835
-0.388000 0.991865
-0.384000 0.991895
-0.380000 0.991927
-0.376000 0.991958
-0.372000 0.991991
-0.368000 0.992024
-0.364000 0.992057
-0.360000 0.992091
-0.356000 0.992125
-0.352000 0.992160
-0.348000 0.992195
-0.344000 0.992231
-0.340000 0.992267
-0.336000 0.992304
-0.332000 0.992341
-0.328000 0.992378
-0.324000 0.992416
-0.320000 0.992454
-0.316000 0.992492
-0.312000 0.992530
-0.308000 0.992569
-0.304000 0.992608
-0.300000 0.992647
-0.296000 0.992686
-0.292000 0.992725
-0.288000 0.992765
-0.284000 0.992804
-0.280000 0.992844
-0.276000 0.992883
-0.272000 0.992923
-0.268000 0.992962
-0.264000 0.993001
-0.260000 0.993041
-0.256000 0.993080
-0.252000 0.993119
-0.248000 0.993158
-0.244000 0.993197
-0.240000 0.993235
-0.236000 0.993274
-0.232000 0.993312
-0.228000 0.993349
-0.224000 0.993387
-0.220000 0.993424
-0.216000 0.993461
-0.212000 0.993497
-0.208000 0.993533
-0.204000 0.993569
-0.200000 0.993604
-0.196000 0.993639
-0.192000 0.993673
-0.188000 0.993707
-0.184000 0.993741
-0.180000 0.993774
-0.176000 0.993806
-0.172000 0.993838
-0.168000 0.993870
-0.164000 0.993901
-0.160000 0.993931
-0.156000 0.993961
-0.152000 0.993990
-0.148000 0.994019
-0.144000 0.994047
-0.140000 0.994074
-0.136000 0.994101
-0.132000 0.994128
-0.128000 0.994154
-0.124000 0.994179
-0.120000 0.994204
-0.116000 0.994228
-0.112000 0.994251
-0.108000 0.994274
-0.104000 0.994297
-0.100000 0.994318
-0.096000 0.994340
-0.092000 0.994360
-0.088000 0.994380
-0.084000 0.994400
-0.080000 0.994419
-0.076000 0.994437
-0.072000 0.994455
-0.068000 0.994473
-0.064000 0.994489
-0.060000 0.994506
-0.056000 0.994522
-0.052000 0.994537
-0.048000 0.994552
-0.044000 0.994566
-0.040000 0.994580
-0.036000 0.994593
-0.032000 0.994606
-0.028000 0.994619
-0.024000 0.994631
-0.020000 0.994642
-0.016000 0.994654
-0.012000 0.994664
-0.008000 0.994675
-0.004000 0.994685
0.000000 0.994694
0.004000 0.994704
0.008000 0.994712
0.012000 0.994721
0.016000 0.994729
0.020000 0.994737
0.024000 0.994745
0.028000 0.994752
0.032000 0.994759
0.036000 0.994765
0.040000 0.994772
0.044000 0.994778
0.048000 0.994784
0.052000 0.994789
0.056000 0.994794
0.060000 0.994799
0.064000 0.994804
0.068000 0.994809
0.072000 0.994813
0.076000 0.994818
0.080000 0.994822
0.084000 0.994825
0.088000 0.994829
0.092000 0.994832
0.096000 0.994836
0.100000 0.994839
0.104000 0.994842
0.108000 0.994845
0.112000 0.994847
0.116000 0.994850
0.120000 0.994852
0.124000 0.994855
0.128000 0.994857
0.132000 0.994859
0.136000 0.994861
0.140000 0.994863
0.144000 0.994864
0.148000 0.994866
0.152000 0.994868
0.156000 0.994869
0.160000 0.994870
0.164000 0.994872
0.168000 0.994873
0.172000 0.994874
0.176000 0.994875
0.180000 0.994876
0.184000 0.994877
0.188000 0.994878
0.192000 0.994879
0.196000 0.994880
0.200000 0.994881
0.204000 0.994881
0.208000 0.994882
0.212000 0.994883
0.216000 0.994883
0.220000 0.994884
0.224000 0.994884
0.228000 0.994885
0.232000 0.994885
0.236000 0.994886
0.240000 0.994886
0.244000 0.994887
0.248000 0.994887
0.252000 0.994887
0.256000 0.994888
0.260000 0.994888
0.264000 0.994888
0.268000 0.994889
0.272000 0.994889
0.276000 0.994889
0.280000 0.994889
0.284000 0.994889
0.288000 0.994890
0.292000 0.994890
0.296000 0.994890
0.300000 0.994890
0.304000 0.994890
0.308000 0.994890
0.312000 0.994890
0.316000 0.994891
0.320000 0.994891
0.324000 0.994891
0.328000 0.994891
0.332000 0.994891
0.336000 0.994891
0.340000 0.994891
0.344000 0.994891
0.348000 0.994891
0.352000 0.994891
0.356000 0.994891
0.360000 0.994891
0.364000 0.994891
0.368000 0.994891
0.372000 0.994892
0.376000 0.994892
0.380000 0.994892
0.384000 0.994892
0.388000 0.994892
0.392000 0.994892
0.396000 0.994892
0.400000 0.994892
0.404000 0.994892
0.408000 0.994892
0.412000 0.994892
0.416000 0.994892
0.420000 0.994892
0.424000 0.994892
0.428000 0.994892
0.432000 0.994892
0.436000 0.994892
0.440000 0.994892
0.444000 0.994892
0.448000 0.994892
0.452000 0.994892
0.456000 0.994892
0.460000 0.994892
0.464000 0.994892
0.468000 0.994892
0.472000 0.994892
0.476000 0.994892
0.480000 0.994892
0.484000 0.994892
0.488000 0.994892
0.492000 0.994892
0.496000 0.994892
0.500000 0.994892
0.504000 0.994892
0.508000 0.994892
0.512000 0.994892
0.516000 0.994892
0.520000 0.994892
0.524000 0.994892
0.528000 0.994892
0.532000 0.994892
0.536000 0.994892
0.540000 0.994892
0.544000 0.994892
0.548000 0.994892
0.552000 0.994892
0.556000 0.994892
0.560000 0.994892
0.564000 0.994892
0.568000 0.994892
0.572000 0.994892
0.576000 0.994892
0.580000 0.994892
0.584000 0.994892
0.588000 0.994892
0.592000 0.994892
0.596000 0.994892
0.600000 0.994892
0.604000 0.994892
0.608000 0.994892
0.612000 0.994892
0.616000 0.994892
0.620000 0.994892
0.624000 0.994892
0.628000 0.994892
0.632000 0.994892
0.636000 0.994892
0.640000 0.994892
0.644000 0.994892
0.648000 0.994892
0.652000 0.994892
0.656000 0.994892
0.660000 0.994892
0.664000 0.994892
0.668000 0.994892
0.672000 0.994892
0.676000 0.994892
0.680000 0.994892
0.684000 0.994892
0.688000 0.994892
0.692000 0.994892
0.696000 0.994892
0.700000 0.994892
0.704000 0.994892
0.708000 0.994892
0.712000 0.994892
0.716000 0.994892
0.720000 0.994892
0.724000 0.994892
0.728000 0.994892
0.732000 0.994892
0.736000 0.994892
0.740000 0.994892
0.744000 0.994892
0.748000 0.994892
0.752000 0.994892
0.756000 0.994892
0.760000 0.994892
0.764000 0.994892
0.768000 0.994892
0.772000 0.994892
0.776000 0.994892
0.780000 0.994892
0.784000 0.994892
0.788000 0.994892
0.792000 0.994892
0.796000 0.994892
0.800000 0.994892
0.804000 0.994892
0.808000 0.994892
0.812000 0.994892
0.816000 0.994892
0.820000 0.994892
0.824000 0.994892
0.828000 0.994892
0.832000 0.994892
0.836000 0.994892
0.840000 0.994892
0.844000 0.994892
0.848000 0.994892
0.852000 0.994892
0.856000 0.994892
0.860000 0.994892
0.864000 0.994892
0.868000 0.994892
0.872000 0.994892
0.876000 0.994892
0.880000 0.994892
0.884000 0.994892
0.888000 0.994892
0.892000 0.994892
0.896000 0.994892
0.900000 0.994892
0.904000 0.994892
0.908000 0.994892
0.912000 0.994892
0.916000 0.994892
0.920000 0.994892
0.924000 0.994892
0.928000 0.994892
0.932000 0.994892
0.936000 0.994892
0.940000 0.994892
0.944000 0.994892
0.948000 0.994892
0.952000 0.994892
0.956000 0.994892
0.960000 0.994892
0.964000 0.994892
0.968000 0.994892
0.972000 0.994892
0.976000 0.994892
0.980000 0.994892
0.984000 0.994892
0.988000 0.994892
0.992000 0.994892
0.996000 0.994892
1.000000 0.994892
