-1.000000 0.991037
-0.996000 0.991037
-0.992000 0.991037
-0.988000 0.991037
-0.984000 0.991037
-0.980000 0.991037
-0.976000 0.991037
-0.972000 0.991037
-0.968000 0.991037
-0.964000 0.991037
-0.960000 0.991037
-0.956000 0.991037
-0.952000 0.991037
-0.948000 0.991037
-0.944000 0.991037
-0.940000 0.991037
-0.936000 0.991037
-0.932000 0.991037
-0.928000 0.991037
-0.924000 0.991037
-0.920000 0.991037
-0.916000 0.991037
-0.912000 0.991037
-0.908000 0.991037
-0.904000 0.991037
-0.900000 0.991037
-0.896000 0.991037
-0.892000 0.991037
-0.888000 0.991037
-0.884000 0.991037
-0.880000 0.991037
-0.876000 0.991037
-0.872000 0.991037
-0.868000 0.991037
-0.864000 0.991037
-0.860000 0.991037
-0.856000 0.991037
-0.852000 0.991037
-0.848000 0.991037
-0.844000 0.991037
-0.840000 0.991037
-0.836000 0.991037
-0.832000 0.991037
-0.828000 0.991037
-0.824000 0.991037
-0.820000 0.991037
-0.816000 0.991037
-0.812000 0.991037
-0.808000 0.991037
-0.804000 0.991037
-0.800000 0.991037
-0.796000 0.991037
-0.792000 0.991037
-0.788000 0.991037
-0.784000 0.991037
-0.780000 0.991037
-0.776000 0.991037
-0.772000 0.991037
-0.768000 0.991037
-0.764000 0.991037
-0.760000 0.991037
-0.756000 0.991037
-0.752000 0.991037
-0.748000 0.991037
-0.744000 0.991037
-0.740000 0.991037
-0.736000 0.991037
-0.732000 0.991037
-0.728000 0.991037
-0.724000 0.991037
-0.720000 0.991037
-0.716000 0.991037
-0.712000 0.991037
-0.708000 0.991037
-0.704000 0.991037
-0.700000 0.991037
-0.696000 0.991037
-0.692000 0.991037
-0.688000 0.991037
-0.684000 0.991037
-0.680000 0.991037
-0.676000 0.991037
-0.672000 0.991037
-0.668000 0.991037
-0.664000 0.991037
-0.660000 0.991037
-0.656000 0.991037
-0.652000 0.991037
-0.648000 0.991037
-0.644000 0.991037
-0.640000 0.991037
-0.636000 0.991037
-0.632000 0.991037
-0.628000 0.991037
-0.624000 0.991037
-0.620000 0.991037
-0.616000 0.991037
-0.612000 0.991037
-0.608000 0.991037
-0.604000 0.991037
-0.600000 0.991037
-0.596000 0.991037
-0.592000 0.991037
-0.588000 0.991037
-0.584000 0.991037
-0.580000 0.991037
-0.576000 0.991037
-0.572000 0.991037
-0.568000 0.991037
-0.564000 0.991037
-0.560000 0.991037
-0.556000 0.991037
-0.552000 0.991037
-0.548000 0.991037
-0.544000 0.991037
-0.540000 0.991037
-0.536000 0.991037
-0.532000 0.991037
-0.528000 0.991037
-0.524000 0.991037
-0.520000 0.991037
-0.516000 0.991037
-0.512000 0.991037
-0.508000 0.991037
-0.504000 0.991037
-0.500000 0.991037
-0.496000 0.991037
-0.492000 0.991037
-0.488000 0.991037
-0.484000 0.991037
-0.480000 0.991037
-0.476000 0.991037
-0.472000 0.991037
-0.468000 0.991037
-0.464000 0.991037
-0.460000 0.991037
-0.456000 0.991037
-0.452000 0.991037
-0.448000 0.991037
-0.444000 0.991037
-0.440000 0.991037
-0.436000 0.991037
-0.432000 0.991037
-0.428000 0.991037
-0.424000 0.991037
-0.420000 0.991037
-0.416000 0.991037
-0.412000 0.991037
-0.408000 0.991037
-0.404000 0.991037
-0.400000 0.991037
-0.396000 0.991037
-0.392000 0.991037
-0.388000 0.991037
-0.384000 0.991037
-0.380000 0.991037
-0.376000 0.991037
-0.372000 0.991037
-0.368000 0.991037
-0.364000 0.991037
-0.360000 0.991037
-0.356000 0.991037
-0.352000 0.991037
-0.348000 0.991037
-0.344000 0.991037
-0.340000 0.991037
-0.336000 0.991037
-0.332000 0.991037
-0.328000 0.991037
-0.324000 0.991037
-0.320000 0.991037
-0.316000 0.991037
-0.312000 0.991037
-0.308000 0.991037
-0.304000 0.991037
-0.300000 0.991037
-0.296000 0.991037
-0.292000 0.991037
-0.288000 0.991037
-0.284000 0.991037
-0.280000 0.991037
-0.276000 0.991037
-0.272000 0.991037
-0.268000 0.991037
-0.264000 0.991037
-0.260000 0.991037
-0.256000 0.991037
-0.252000 0.991037
-0.248000 0.991037
-0.244000 0.991037
-0.240000 0.991037
-0.236000 0.991037
-0.232000 0.991037
-0.228000 0.991037
-0.224000 0.991037
-0.220000 0.991037
-0.216000 0.991037
-0.212000 0.991037
-0.208000 0.991037
-0.204000 0.991037
-0.200000 0.991037
-0.196000 0.991037
-0.192000 0.991037
-0.188000 0.991037
-0.184000 0.991037
-0.180000 0.991037
-0.176000 0.991037
-0.172000 0.991037
-0.168000 0.991037
-0.164000 0.991037
-0.160000 0.991037
-0.156000 0.991037
-0.152000 0.991037
-0.148000 0.991037
-0.144000 0.991037
-0.140000 0.991037
-0.136000 0.991037
-0.132000 0.991037
-0.128000 0.991037
-0.124000 0.991037
-0.120000 0.991037
-0.116000 0.991037
-0.112000 0.991037
-0.108000 0.991037
-0.104000 0.991037
-0.100000 0.991037
-0.096000 0.991037
-0.092000 0.991037
-0.088000 0.991038
-0.084000 0.991038
-0.080000 0.991038
-0.076000 0.991038
-0.072000 0.991038
-0.068000 0.991038
-0.064000 0.991038
-0.060000 0.991038
-0.056000 0.991038
-0.052000 0.991038
-0.048000 0.991038
-0.044000 0.991038
-0.040000 0.991038
-0.036000 0.991038
-0.032000 0.991038
-0.028000 0.991039
-0.024000 0.991039
-0.020000 0.991039
-0.016000 0.991039
-0.012000 0.991039
-0.008000 0.991039
-0.004000 0.991039
0.000000 0.991039
0.004000 0.991040
0.008000 0.991040
0.012000 0.991040
0.016000 0.991040
0.020000 0.991040
0.024000 0.991041
0.028000 0.991041
0.032000 0.991041
0.036000 0.991041
0.040000 0.991042
0.044000 0.991042
0.048000 0.991042
0.052000 0.991043
0.056000 0.991043
0.060000 0.991043
0.064000 0.991044
0.068000 0.991044
0.072000 0.991044
0.076000 0.991045
0.080000 0.991045
0.084000 0.991046
0.088000 0.991046
0.092000 0.991047
0.096000 0.991047
0.100000 0.991048
0.104000 0.991049
0.108000 0.991049
0.112000 0.991050
0.116000 0.991051
0.120000 0.991052
0.124000 0.991052
0.128000 0.991053
0.132000 0.991054
0.136000 0.991055
0.140000 0.991056
0.144000 0.991057
0.148000 0.991058
0.152000 0.991059
0.156000 0.991061
0.160000 0.991062
0.164000 0.991063
0.168000 0.991064
0.172000 0.991066
0.176000 0.991067
0.180000 0.991069
0.184000 0.991070
0.188000 0.991072
0.192000 0.991074
0.196000 0.991076
0.200000 0.991078
0.204000 0.991080
0.208000 0.991082
0.212000 0.991084
0.216000 0.991086
0.220000 0.991088
0.224000 0.991091
0.228000 0.991093
0.232000 0.991096
0.236000 0.991099
0.240000 0.991101
0.244000 0.991104
0.248000 0.991107
0.252000 0.991111
0.256000 0.991114
0.260000 0.991117
0.264000 0.991121
0.268000 0.991124
0.272000 0.991128
0.276000 0.991132
0.280000 0.991136
0.284000 0.991140
0.288000 0.991145
0.292000 0.991149
0.296000 0.991154
0.300000 0.991158
0.304000 0.991163
0.308000 0.991168
0.312000 0.991174
0.316000 0.991179
0.320000 0.991185
0.324000 0.991190
0.328000 0.991196
0.332000 0.991202
0.336000 0.991209
0.340000 0.991215
0.344000 0.991222
0.348000 0.991229
0.352000 0.991236
0.356000 0.991243
0.360000 0.991251
0.364000 0.991258
0.368000 0.991266
0.372000 0.991274
0.376000 0.991283
0.380000 0.991291
0.384000 0.991300
0.388000 0.991309
0.392000 0.991318
0.396000 0.991327
0.400000 0.991337
0.404000 0.991347
0.408000 0.991357
0.412000 0.991368
0.416000 0.991378
0.420000 0.991389
0.424000 0.991400
0.428000 0.991412
0.432000 0.991423
0.436000 0.991435
0.440000 0.991447
0.444000 0.991459
0.448000 0.991472
0.452000 0.991485
0.456000 0.991498
0.460000 0.991512
0.464000 0.991525
0.468000 0.991539
0.472000 0.991553
0.476000 0.991568
0.480000 0.991583
0.484000 0.991598
0.488000 0.991613
0.492000 0.991628
0.496000 0.991644
0.500000 0.991660
0.504000 0.991676
0.508000 0.991693
0.512000 0.991710
0.516000 0.991727
0.520000 0.991744
0.524000 0.991762
0.528000 0.991780
0.532000 0.991798
0.536000 0.991816
0.540000 0.991835
0.544000 0.991854
0.548000 0.991873
0.552000 0.991892
0.556000 0.991912
0.560000 0.991931
0.564000 0.991952
0.568000 0.991972
0.572000 0.991992
0.576000 0.992013
0.580000 0.992034
0.584000 0.992055
0.588000 0.992077
0.592000 0.992098
0.596000 0.992120
0.600000 0.992142
0.604000 0.992164
0.608000 0.992187
0.612000 0.992209
0.616000 0.992232
0.620000 0.992255
0.624000 0.992278
0.628000 0.992301
0.632000 0.992325
0.636000 0.992348
0.640000 0.992372
0.644000 0.992396
0.648000 0.992420
0.652000 0.992444
0.656000 0.992468
0.660000 0.992492
0.664000 0.992517
0.668000 0.992541
0.672000 0.992566
0.676000 0.992591
0.680000 0.992616
0.684000 0.992641
0.688000 0.992666
0.692000 0.992691
0.696000 0.992716
0.700000 0.992741
0.704000 0.992766
0.708000 0.992792
0.712000 0.992817
0.716000 0.992842
0.720000 0.992867
0.724000 0.992893
0.728000 0.992918
0.732000 0.992943
0.736000 0.992969
0.740000 0.992994
0.744000 0.993019
0.748000 0.993045
0.752000 0.993070
0.756000 0.993095
0.760000 0.993120
0.764000 0.993145
0.768000 0.993170
0.772000 0.993195
0.776000 0.993220
0.780000 0.993245
0.784000 0.993269
0.788000 0.993294
0.792000 0.993319
0.796000 0.993343
0.800000 0.993367
0.804000 0.993391
0.808000 0.993415
0.812000 0.993439
0.816000 0.993463
0.820000 0.993487
0.824000 0.993510
0.828000 0.993533
0.832000 0.993556
0.836000 0.993579
0.840000 0.993602
0.844000 0.993625
0.848000 0.993647
0.852000 0.993670
0.856000 0.993692
0.860000 0.993714
0.864000 0.993735
0.868000 0.993757
0.872000 0.993778
0.876000 0.993799
0.880000 0.993820
0.884000 0.993841
0.888000 0.993862
0.892000 0.993882
0.896000 0.993902
0.900000 0.993922
0.904000 0.993941
0.908000 0.993961
0.912000 0.993980
0.916000 0.993999
0.920000 0.994018
0.924000 0.994036
0.928000 0.994054
0.932000 0.994073
0.936000 0.994090
0.940000 0.994108
0.944000 0.994125
0.948000 0.994143
0.952000 0.994160
0.956000 0.994177
0.960000 0.994194
0.964000 0.994211
0.968000 0.994228
0.972000 0.994245
0.976000 0.994263
0.980000 0.994281
0.984000 0.994301
0.988000 0.994323
0.992000 0.994347
0.996000 0.994376
1.000000 0.994410
