-1.000000 0.997928
-0.996000 0.997928
-0.992000 0.997928
-0.988000 0.997928
-0.984000 0.997928
-0.980000 0.997928
-0.976000 0.997928
-0.972000 0.997928
-0.968000 0.997928
-0.964000 0.997928
-0.960000 0.997928
-0.956000 0.997928
-0.952000 0.997928
-0.948000 0.997928
-0.944000 0.997928
-0.940000 0.997928
-0.936000 0.997928
-0.932000 0.997928
-0.928000 0.997928
-0.924000 0.997928
-0.920000 0.997928
-0.916000 0.997928
-0.912000 0.997928
-0.908000 0.997928
-0.904000 0.997928
-0.900000 0.997928
-0.896000 0.997928
-0.892000 0.997928
-0.888000 0.997928
-0.884000 0.997928
-0.880000 0.997928
-0.876000 0.997928
-0.872000 0.997928
-0.868000 0.997928
-0.864000 0.997928
-0.860000 0.997928
-0.856000 0.997928
-0.852000 0.997928
-0.848000 0.997928
-0.844000 0.997928
-0.840000 0.997928
-0.836000 0.997928
-0.832000 0.997928
-0.828000 0.997928
-0.824000 0.997928
-0.820000 0.997928
-0.816000 0.997928
-0.812000 0.997928
-0.808000 0.997928
-0.804000 0.997928
-0.800000 0.997928
-0.796000 0.997928
-0.792000 0.997928
-0.788000 0.997928
-0.784000 0.997928
-0.780000 0.997928
-0.776000 0.997928
-0.772000 0.997928
-0.768000 0.997928
-0.764000 0.997928
-0.760000 0.997928
-0.756000 0.997928
-0.752000 0.997928
-0.748000 0.997928
-0.744000 0.997928
-0.740000 0.997928
-0.736000 0.997928
-0.732000 0.997928
-0.728000 0.997928
-0.724000 0.997928
-0.720000 0.997928
-0.716000 0.997928
-0.712000 0.997928
-0.708000 0.997928
-0.704000 0.997928
-0.700000 0.997928
-0.696000 0.997928
-0.692000 0.997928
-0.688000 0.997928
-0.684000 0.997928
-0.680000 0.997928
-0.676000 0.997928
-0.672000 0.997928
-0.668000 0.997928
-0.664000 0.997928
-0.660000 0.997928
-0.656000 0.997928
-0.652000 0.997928
-0.648000 0.997928
-0.644000 0.997928
-0.640000 0.997928
-0.636000 0.997928
-0.632000 0.997928
-0.628000 0.997928
-0.624000 0.997928
-0.620000 0.997928
-0.616000 0.997928
-0.612000 0.997928
-0.608000 0.997928
-0.604000 0.997928
-0.600000 0.997928
-0.596000 0.997928
-0.592000 0.997928
-0.588000 0.997928
-0.584000 0.997928
-0.580000 0.997928
-0.576000 0.997928
-0.572000 0.997928
-0.568000 0.997928
-0.564000 0.997928
-0.560000 0.997928
-0.556000 0.997928
-0.552000 0.997928
-0.548000 0.997928
-0.544000 0.997928
-0.540000 0.997928
-0.536000 0.997928
-0.532000 0.997928
-0.528000 0.997928
-0.524000 0.997928
-0.520000 0.997928
-0.516000 0.997928
-0.512000 0.997928
-0.508000 0.997928
-0.504000 0.997928
-0.500000 0.997928
-0.496000 0.997928
-0.492000 0.997928
-0.488000 0.997928
-0.484000 0.997928
-0.480000 0.997928
-0.476000 0.997928
-0.472000 0.997928
-0.468000 0.997928
-0.464000 0.997928
-0.460000 0.997928
-0.456000 0.997928
-0.452000 0.997928
-0.448000 0.997928
-0.444000 0.997928
-0.440000 0.997928
-0.436000 0.997928
-0.432000 0.997928
-0.428000 0.997928
-0.424000 0.997928
-0.420000 0.997928
-0.416000 0.997928
-0.412000 0.997928
-0.408000 0.997928
-0.404000 0.997928
-0.400000 0.997928
-0.396000 0.997928
-0.392000 0.997928
-0.388000 0.997928
-0.384000 0.997928
-0.380000 0.997928
-0.376000 0.997928
-0.372000 0.997928
-0.368000 0.997928
-0.364000 0.997928
-0.360000 0.997928
-0.356000 0.997928
-0.352000 0.997928
-0.348000 0.997928
-0.344000 0.997928
-0.340000 0.997928
-0.336000 0.997928
-0.332000 0.997928
-0.328000 0.997928
-0.324000 0.997928
-0.320000 0.997928
-0.316000 0.997928
-0.312000 0.997928
-0.308000 0.997928
-0.304000 0.997928
-0.300000 0.997928
-0.296000 0.997928
-0.292000 0.997928
-0.288000 0.997928
-0.284000 0.997928
-0.280000 0.997928
-0.276000 0.997928
-0.272000 0.997928
-0.268000 0.997928
-0.264000 0.997928
-0.260000 0.997928
-0.256000 0.997928
-0.252000 0.997928
-0.248000 0.997928
-0.244000 0.997928
-0.240000 0.997928
-0.236000 0.997928
-0.232000 0.997928
-0.228000 0.997928
-0.224000 0.997928
-0.220000 0.997928
-0.216000 0.997928
-0.212000 0.997928
-0.208000 0.997928
-0.204000 0.997928
-0.200000 0.997928
-0.196000 0.997928
-0.192000 0.997928
-0.188000 0.997928
-0.184000 0.997928
-0.180000 0.997928
-0.176000 0.997928
-0.172000 0.997928
-0.168000 0.997928
-0.164000 0.997928
-0.160000 0.997928
-0.156000 0.997928
-0.152000 0.997928
-0.148000 0.997928
-0.144000 0.997928
-0.140000 0.997928
-0.136000 0.997928
-0.132000 0.997928
-0.128000 0.997928
-0.124000 0.997928
-0.120000 0.997928
-0.116000 0.997928
-0.112000 0.997928
-0.108000 0.997928
-0.104000 0.997928
-0.100000 0.997928
-0.096000 0.997928
-0.092000 0.997928
-0.088000 0.997928
-0.084000 0.997928
-0.080000 0.997928
-0.076000 0.997928
-0.072000 0.997928
-0.068000 0.997928
-0.064000 0.997928
-0.060000 0.997928
-0.056000 0.997928
-0.052000 0.997928
-0.048000 0.997928
-0.044000 0.997928
-0.040000 0.997928
-0.036000 0.997928
-0.032000 0.997928
-0.028000 0.997928
-0.024000 0.997928
-0.020000 0.997928
-0.016000 0.997928
-0.012000 0.997928
-0.008000 0.997928
-0.004000 0.997928
0.000000 0.997928
0.004000 0.997928
0.008000 0.997928
0.012000 0.997928
0.016000 0.997928
0.020000 0.997928
0.024000 0.997928
0.028000 0.997928
0.032000 0.997928
0.036000 0.997928
0.040000 0.997928
0.044000 0.997928
0.048000 0.997928
0.052000 0.997928
0.056000 0.997928
0.060000 0.997928
0.064000 0.997928
0.068000 0.997928
0.072000 0.997928
0.076000 0.997928
0.080000 0.997927
0.084000 0.997927
0.088000 0.997927
0.092000 0.997927
0.096000 0.997927
0.100000 0.997927
0.104000 0.997927
0.108000 0.997927
0.112000 0.997927
0.116000 0.997927
0.120000 0.997927
0.124000 0.997927
0.128000 0.997927
0.132000 0.997927
0.136000 0.997927
0.140000 0.997927
0.144000 0.997926
0.148000 0.997926
0.152000 0.997926
0.156000 0.997926
0.160000 0.997926
0.164000 0.997926
0.168000 0.997926
0.172000 0.997926
0.176000 0.997925
0.180000 0.997925
0.184000 0.997925
0.188000 0.997925
0.192000 0.997925
0.196000 0.997925
0.200000 0.997924
0.204000 0.997924
0.208000 0.997924
0.212000 0.997924
0.216000 0.997923
0.220000 0.997923
0.224000 0.997923
0.228000 0.997922
0.232000 0.997922
0.236000 0.997922
0.240000 0.997921
0.244000 0.997921
0.248000 0.997921
0.252000 0.997920
0.256000 0.997920
0.260000 0.997919
0.264000 0.997919
0.268000 0.997918
0.272000 0.997918
0.276000 0.997917
0.280000 0.997916
0.284000 0.997916
0.288000 0.997915
0.292000 0.997914
0.296000 0.997913
0.300000 0.997913
0.304000 0.997912
0.308000 0.997911
0.312000 0.997910
0.316000 0.997909
0.320000 0.997908
0.324000 0.997907
0.328000 0.997906
0.332000 0.997905
0.336000 0.997903
0.340000 0.997902
0.344000 0.997901
0.348000 0.997899
0.352000 0.997898
0.356000 0.997896
0.360000 0.997895
0.364000 0.997893
0.368000 0.997891
0.372000 0.997890
0.376000 0.997888
0.380000 0.997886
0.384000 0.997884
0.388000 0.997881
0.392000 0.997879
0.396000 0.997877
0.400000 0.997874
0.404000 0.997872
0.408000 0.997869
0.412000 0.997867
0.416000 0.997864
0.420000 0.997861
0.424000 0.997858
0.428000 0.997854
0.432000 0.997851
0.436000 0.997848
0.440000 0.997844
0.444000 0.997840
0.448000 0.997836
0.452000 0.997832
0.456000 0.997828
0.460000 0.997824
0.464000 0.997820
0.468000 0.997815
0.472000 0.997810
0.476000 0.997805
0.480000 0.997800
0.484000 0.997795
0.488000 0.997789
0.492000 0.997784
0.496000 0.997778
0.500000 0.997772
0.504000 0.997765
0.508000 0.997759
0.512000 0.997752
0.516000 0.997745
0.520000 0.997738
0.524000 0.997731
0.528000 0.997723
0.532000 0.997715
0.536000 0.997707
0.540000 0.997699
0.544000 0.997690
0.548000 0.997681
0.552000 0.997672
0.556000 0.997663
0.560000 0.997653
0.564000 0.997643
0.568000 0.997633
0.572000 0.997623
0.576000 0.997612
0.580000 0.997601
0.584000 0.997589
0.588000 0.997578
0.592000 0.997566
0.596000 0.997553
0.600000 0.997541
0.604000 0.997528
0.608000 0.997515
0.612000 0.997501
0.616000 0.997487
0.620000 0.997473
0.624000 0.997458
0.628000 0.997443
0.632000 0.997427
0.636000 0.997412
0.640000 0.997396
0.644000 0.997379
0.648000 0.997362
0.652000 0.997345
0.656000 0.997327
0.660000 0.997309
0.664000 0.997291
0.668000 0.997272
0.672000 0.997253
0.676000 0.997233
0.680000 0.997213
0.684000 0.997193
0.688000 0.997172
0.692000 0.997151
0.696000 0.997129
0.700000 0.997107
0.704000 0.997085
0.708000 0.997062
0.712000 0.997038
0.716000 0.997015
0.720000 0.996991
0.724000 0.996966
0.728000 0.996941
0.732000 0.996916
0.736000 0.996890
0.740000 0.996863
0.744000 0.996837
0.748000 0.996810
0.752000 0.996782
0.756000 0.996754
0.760000 0.996726
0.764000 0.996697
0.768000 0.996668
0.772000 0.996638
0.776000 0.996608
0.780000 0.996578
0.784000 0.996547
0.788000 0.996516
0.792000 0.996484
0.796000 0.996452
0.800000 0.996420
0.804000 0.996387
0.808000 0.996354
0.812000 0.996320
0.816000 0.996286
0.820000 0.996252
0.824000 0.996217
0.828000 0.996182
0.832000 0.996147
0.836000 0.996111
0.840000 0.996075
0.844000 0.996039
0.848000 0.996002
0.852000 0.995965
0.856000 0.995927
0.860000 0.995890
0.864000 0.995851
0.868000 0.995813
0.872000 0.995775
0.876000 0.995736
0.880000 0.995696
0.884000 0.995657
0.888000 0.995617
0.892000 0.995577
0.896000 0.995537
0.900000 0.995497
0.904000 0.995456
0.908000 0.995415
0.912000 0.995374
0.916000 0.995333
0.920000 0.995291
0.924000 0.995250
0.928000 0.995208
0.932000 0.995166
0.936000 0.995123
0.940000 0.995081
0.944000 0.995038
0.948000 0.994995
0.952000 0.994951
0.956000 0.994907
0.960000 0.994862
0.964000 0.994816
0.968000 0.994769
0.972000 0.994720
0.976000 0.994669
0.980000 0.994614
0.984000 0.994554
0.988000 0.994488
0.992000 0.994413
0.996000 0.994324
1.000000 0.994218
