-1.000000 0.997928
-0.996000 0.997928
-0.992000 0.997928
-0.988000 0.997928
-0.984000 0.997928
-0.980000 0.997928
-0.976000 0.997928
-0.972000 0.997928
-0.968000 0.997928
-0.964000 0.997928
-0.960000 0.997928
-0.956000 0.997928
-0.952000 0.997928
-0.948000 0.997928
-0.944000 0.997928
-0.940000 0.997928
-0.936000 0.997928
-0.932000 0.997928
-0.928000 0.997928
-0.924000 0.997928
-0.920000 0.997928
-0.916000 0.997928
-0.912000 0.997928
-0.908000 0.997928
-0.904000 0.997928
-0.900000 0.997928
-0.896000 0.997928
-0.892000 0.997928
-0.888000 0.997928
-0.884000 0.997928
-0.880000 0.997928
-0.876000 0.997928
-0.872000 0.997928
-0.868000 0.997928
-0.864000 0.997928
-0.860000 0.997928
-0.856000 0.997928
-0.852000 0.997928
-0.848000 0.997928
-0.844000 0.997928
-0.840000 0.997928
-0.836000 0.997928
-0.832000 0.997928
-0.828000 0.997928
-0.824000 0.997928
-0.820000 0.997928
-0.816000 0.997928
-0.812000 0.997928
-0.808000 0.997928
-0.804000 0.997928
-0.800000 0.997928
-0.796000 0.997928
-0.792000 0.997928
-0.788000 0.997928
-0.784000 0.997928
-0.780000 0.997928
-0.776000 0.997928
-0.772000 0.997928
-0.768000 0.997928
-0.764000 0.997928
-0.760000 0.997928
-0.756000 0.997928
-0.752000 0.997928
-0.748000 0.997928
-0.744000 0.997928
-0.740000 0.997928
-0.736000 0.997928
-0.732000 0.997928
-0.728000 0.997928
-0.724000 0.997928
-0.720000 0.997928
-0.716000 0.997928
-0.712000 0.997928
-0.708000 0.997928
-0.704000 0.997928
-0.700000 0.997928
-0.696000 0.997928
-0.692000 0.997928
-0.688000 0.997928
-0.684000 0.997928
-0.680000 0.997928
-0.676000 0.997928
-0.672000 0.997928
-0.668000 0.997927
-0.664000 0.997927
-0.660000 0.997927
-0.656000 0.997927
-0.652000 0.997927
-0.648000 0.997927
-0.644000 0.997927
-0.640000 0.997927
-0.636000 0.997927
-0.632000 0.997927
-0.628000 0.997926
-0.624000 0.997926
-0.620000 0.997926
-0.616000 0.997926
-0.612000 0.997926
-0.608000 0.997925
-0.604000 0.997925
-0.600000 0.997925
-0.596000 0.997925
-0.592000 0.997924
-0.588000 0.997924
-0.584000 0.997923
-0.580000 0.997923
-0.576000 0.997922
-0.572000 0.997922
-0.568000 0.997921
-0.564000 0.997921
-0.560000 0.997920
-0.556000 0.997919
-0.552000 0.997918
-0.548000 0.997918
-0.544000 0.997917
-0.540000 0.997916
-0.536000 0.997914
-0.532000 0.997913
-0.528000 0.997912
-0.524000 0.997911
-0.520000 0.997909
-0.516000 0.997908
-0.512000 0.997906
-0.508000 0.997904
-0.504000 0.997902
-0.500000 0.997900
-0.496000 0.997898
-0.492000 0.997895
-0.488000 0.997893
-0.484000 0.997890
-0.480000 0.997887
-0.476000 0.997884
-0.472000 0.997881
-0.468000 0.997877
-0.464000 0.997873
-0.460000 0.997869
-0.456000 0.997865
-0.452000 0.997861
-0.448000 0.997856
-0.444000 0.997851
-0.440000 0.997846
-0.436000 0.997840
-0.432000 0.997834
-0.428000 0.997827
-0.424000 0.997821
-0.420000 0.997814
-0.416000 0.997806
-0.412000 0.997798
-0.408000 0.997790
-0.404000 0.997781
-0.400000 0.997772
-0.396000 0.997763
-0.392000 0.997753
-0.388000 0.997742
-0.384000 0.997731
-0.380000 0.997719
-0.376000 0.997707
-0.372000 0.997694
-0.368000 0.997681
-0.364000 0.997667
-0.360000 0.997652
-0.356000 0.997637
-0.352000 0.997621
-0.348000 0.997605
-0.344000 0.997588
-0.340000 0.997570
-0.336000 0.997551
-0.332000 0.997532
-0.328000 0.997512
-0.324000 0.997491
-0.320000 0.997469
-0.316000 0.997447
-0.312000 0.997423
-0.308000 0.997399
-0.304000 0.997374
-0.300000 0.997349
-0.296000 0.997322
-0.292000 0.997295
-0.288000 0.997266
-0.284000 0.997237
-0.280000 0.997207
-0.276000 0.997176
-0.272000 0.997144
-0.268000 0.997111
-0.264000 0.997077
-0.260000 0.997043
-0.256000 0.997007
-0.252000 0.996970
-0.248000 0.996933
-0.244000 0.996895
-0.240000 0.996855
-0.236000 0.996815
-0.232000 0.996774
-0.228000 0.996732
-0.224000 0.996689
-0.220000 0.996645
-0.216000 0.996600
-0.212000 0.996554
-0.208000 0.996508
-0.204000 0.996460
-0.200000 0.996412
-0.196000 0.996363
-0.192000 0.996313
-0.188000 0.996262
-0.184000 0.996211
-0.180000 0.996158
-0.176000 0.996105
-0.172000 0.996051
-0.168000 0.995997
-0.164000 0.995942
-0.160000 0.995886
-0.156000 0.995829
-0.152000 0.995772
-0.148000 0.995714
-0.144000 0.995656
-0.140000 0.995597
-0.136000 0.995538
-0.132000 0.995478
-0.128000 0.995418
-0.124000 0.995357
-0.120000 0.995296
-0.116000 0.995235
-0.112000 0.995173
-0.108000 0.995111
-0.104000 0.995049
-0.100000 0.994986
-0.096000 0.994924
-0.092000 0.994861
-0.088000 0.994798
-0.084000 0.994735
-0.080000 0.994671
-0.076000 0.994608
-0.072000 0.994545
-0.068000 0.994482
-0.064000 0.994419
-0.060000 0.994356
-0.056000 0.994293
-0.052000 0.994231
-0.048000 0.994169
-0.044000 0.994106
-0.040000 0.994045
-0.036000 0.993983
-0.032000 0.993922
-0.028000 0.993861
-0.024000 0.993800
-0.020000 0.993740
-0.016000 0.993681
-0.012000 0.993622
-0.008000 0.993563
-0.004000 0.993505
0.000000 0.993447
0.004000 0.993390
0.008000 0.993334
0.012000 0.993278
0.016000 0.993223
0.020000 0.993168
0.024000 0.993114
0.028000 0.993061
0.032000 0.993009
0.036000 0.992957
0.040000 0.992906
0.044000 0.992856
0.048000 0.992806
0.052000 0.992757
0.056000 0.992709
0.060000 0.992662
0.064000 0.992616
0.068000 0.992570
0.072000 0.992525
0.076000 0.992482
0.080000 0.992438
0.084000 0.992396
0.088000 0.992355
0.092000 0.992314
0.096000 0.992274
0.100000 0.992235
0.104000 0.992197
0.108000 0.992160
0.112000 0.992124
0.116000 0.992088
0.120000 0.992053
0.124000 0.992019
0.128000 0.991986
0.132000 0.991954
0.136000 0.991922
0.140000 0.991891
0.144000 0.991862
0.148000 0.991832
0.152000 0.991804
0.156000 0.991776
0.160000 0.991750
0.164000 0.991723
0.168000 0.991698
0.172000 0.991673
0.176000 0.991649
0.180000 0.991626
0.184000 0.991604
0.188000 0.991582
0.192000 0.991561
0.196000 0.991540
0.200000 0.991520
0.204000 0.991501
0.208000 0.991482
0.212000 0.991464
0.216000 0.991447
0.220000 0.991430
0.224000 0.991414
0.228000 0.991398
0.232000 0.991383
0.236000 0.991368
0.240000 0.991354
0.244000 0.991340
0.248000 0.991327
0.252000 0.991315
0.256000 0.991303
0.260000 0.991291
0.264000 0.991279
0.268000 0.991269
0.272000 0.991258
0.276000 0.991248
0.280000 0.991238
0.284000 0.991229
0.288000 0.991220
0.292000 0.991212
0.296000 0.991204
0.300000 0.991196
0.304000 0.991188
0.308000 0.991181
0.312000 0.991174
0.316000 0.991167
0.320000 0.991161
0.324000 0.991155
0.328000 0.991149
0.332000 0.991144
0.336000 0.991138
0.340000 0.991133
0.344000 0.991128
0.348000 0.991124
0.352000 0.991119
0.356000 0.991115
0.360000 0.991111
0.364000 0.991107
0.368000 0.991103
0.372000 0.991100
0.376000 0.991097
0.380000 0.991093
0.384000 0.991090
0.388000 0.991088
0.392000 0.991085
0.396000 0.991082
0.400000 0.991080
0.404000 0.991077
0.408000 0.991075
0.412000 0.991073
0.416000 0.991071
0.420000 0.991069
0.424000 0.991067
0.428000 0.991066
0.432000 0.991064
0.436000 0.991062
0.440000 0.991061
0.444000 0.991060
0.448000 0.991058
0.452000 0.991057
0.456000 0.991056
0.460000 0.991055
0.464000 0.991054
0.468000 0.991053
0.472000 0.991052
0.476000 0.991051
0.480000 0.991050
0.484000 0.991049
0.488000 0.991049
0.492000 0.991048
0.496000 0.991047
0.500000 0.991047
0.504000 0.991046
0.508000 0.991045
0.512000 0.991045
0.516000 0.991044
0.520000 0.991044
0.524000 0.991043
0.528000 0.991043
0.532000 0.991043
0.536000 0.991042
0.540000 0.991042
0.544000 0.991042
0.548000 0.991041
0.552000 0.991041
0.556000 0.991041
0.560000 0.991041
0.564000 0.991040
0.568000 0.991040
0.572000 0.991040
0.576000 0.991040
0.580000 0.991040
0.584000 0.991039
0.588000 0.991039
0.592000 0.991039
0.596000 0.991039
0.600000 0.991039
0.604000 0.991039
0.608000 0.991039
0.612000 0.991038
0.616000 0.991038
0.620000 0.991038
0.624000 0.991038
0.628000 0.991038
0.632000 0.991038
0.636000 0.991038
0.640000 0.991038
0.644000 0.991038
0.648000 0.991038
0.652000 0.991038
0.656000 0.991038
0.660000 0.991038
0.664000 0.991038
0.668000 0.991038
0.672000 0.991037
0.676000 0.991037
0.680000 0.991037
0.684000 0.991037
0.688000 0.991037
0.692000 0.991037
0.696000 0.991037
0.700000 0.991037
0.704000 0.991037
0.708000 0.991037
0.712000 0.991037
0.716000 0.991037
0.720000 0.991037
0.724000 0.991037
0.728000 0.991037
0.732000 0.991037
0.736000 0.991037
0.740000 0.991037
0.744000 0.991037
0.748000 0.991037
0.752000 0.991037
0.756000 0.991037
0.760000 0.991037
0.764000 0.991037
0.768000 0.991037
0.772000 0.991037
0.776000 0.991037
0.780000 0.991037
0.784000 0.991037
0.788000 0.991037
0.792000 0.991037
0.796000 0.991037
0.800000 0.991037
0.804000 0.991037
0.808000 0.991037
0.812000 0.991037
0.816000 0.991037
0.820000 0.991037
0.824000 0.991037
0.828000 0.991037
0.832000 0.991037
0.836000 0.991037
0.840000 0.991037
0.844000 0.991037
0.848000 0.991037
0.852000 0.991037
0.856000 0.991037
0.860000 0.991037
0.864000 0.991037
0.868000 0.991037
0.872000 0.991037
0.876000 0.991037
0.880000 0.991037
0.884000 0.991037
0.888000 0.991037
0.892000 0.991037
0.896000 0.991037
0.900000 0.991037
0.904000 0.991037
0.908000 0.991037
0.912000 0.991037
0.916000 0.991037
0.920000 0.991037
0.924000 0.991037
0.928000 0.991037
0.932000 0.991037
0.936000 0.991037
0.940000 0.991037
0.944000 0.991037
0.948000 0.991037
0.952000 0.991037
0.956000 0.991037
0.960000 0.991037
0.964000 0.991037
0.968000 0.991037
0.972000 0.991037
0.976000 0.991037
0.980000 0.991037
0.984000 0.991037
0.988000 0.991037
0.992000 0.991037
0.996000 0.991037
1.000000 0.991037
