-1.000000 0.997928
-0.996000 0.997928
-0.992000 0.997928
-0.988000 0.997928
-0.984000 0.997928
-0.980000 0.997928
-0.976000 0.997928
-0.972000 0.997928
-0.968000 0.997928
-0.964000 0.997928
-0.960000 0.997928
-0.956000 0.997928
-0.952000 0.997928
-0.948000 0.997928
-0.944000 0.997928
-0.940000 0.997928
-0.936000 0.997928
-0.932000 0.997928
-0.928000 0.997928
-0.924000 0.997928
-0.920000 0.997928
-0.916000 0.997928
-0.912000 0.997928
-0.908000 0.997928
-0.904000 0.997928
-0.900000 0.997928
-0.896000 0.997928
-0.892000 0.997928
-0.888000 0.997928
-0.884000 0.997928
-0.880000 0.997928
-0.876000 0.997928
-0.872000 0.997928
-0.868000 0.997928
-0.864000 0.997928
-0.860000 0.997928
-0.856000 0.997928
-0.852000 0.997928
-0.848000 0.997928
-0.844000 0.997928
-0.840000 0.997928
-0.836000 0.997928
-0.832000 0.997928
-0.828000 0.997928
-0.824000 0.997928
-0.820000 0.997928
-0.816000 0.997928
-0.812000 0.997928
-0.808000 0.997928
-0.804000 0.997928
-0.800000 0.997928
-0.796000 0.997928
-0.792000 0.997928
-0.788000 0.997928
-0.784000 0.997928
-0.780000 0.997928
-0.776000 0.997928
-0.772000 0.997928
-0.768000 0.997928
-0.764000 0.997928
-0.760000 0.997928
-0.756000 0.997928
-0.752000 0.997928
-0.748000 0.997928
-0.744000 0.997928
-0.740000 0.997928
-0.736000 0.997928
-0.732000 0.997928
-0.728000 0.997928
-0.724000 0.997928
-0.720000 0.997928
-0.716000 0.997928
-0.712000 0.997928
-0.708000 0.997928
-0.704000 0.997928
-0.700000 0.997928
-0.696000 0.997928
-0.692000 0.997928
-0.688000 0.997928
-0.684000 0.997928
-0.680000 0.997928
-0.676000 0.997928
-0.672000 0.997928
-0.668000 0.997928
-0.664000 0.997928
-0.660000 0.997928
-0.656000 0.997928
-0.652000 0.997928
-0.648000 0.997928
-0.644000 0.997928
-0.640000 0.997928
-0.636000 0.997928
-0.632000 0.997928
-0.628000 0.997928
-0.624000 0.997928
-0.620000 0.997928
-0.616000 0.997928
-0.612000 0.997928
-0.608000 0.997928
-0.604000 0.997928
-0.600000 0.997928
-0.596000 0.997928
-0.592000 0.997928
-0.588000 0.997928
-0.584000 0.997928
-0.580000 0.997928
-0.576000 0.997928
-0.572000 0.997928
-0.568000 0.997928
-0.564000 0.997928
-0.560000 0.997928
-0.556000 0.997928
-0.552000 0.997928
-0.548000 0.997928
-0.544000 0.997928
-0.540000 0.997928
-0.536000 0.997928
-0.532000 0.997928
-0.528000 0.997928
-0.524000 0.997928
-0.520000 0.997928
-0.516000 0.997928
-0.512000 0.997928
-0.508000 0.997928
-0.504000 0.997928
-0.500000 0.997928
-0.496000 0.997928
-0.492000 0.997928
-0.488000 0.997928
-0.484000 0.997928
-0.480000 0.997928
-0.476000 0.997928
-0.472000 0.997928
-0.468000 0.997928
-0.464000 0.997928
-0.460000 0.997928
-0.456000 0.997928
-0.452000 0.997928
-0.448000 0.997928
-0.444000 0.997928
-0.440000 0.997928
-0.436000 0.997928
-0.432000 0.997928
-0.428000 0.997928
-0.424000 0.997928
-0.420000 0.997928
-0.416000 0.997928
-0.412000 0.997928
-0.408000 0.997928
-0.404000 0.997928
-0.400000 0.997928
-0.396000 0.997928
-0.392000 0.997928
-0.388000 0.997928
-0.384000 0.997928
-0.380000 0.997928
-0.376000 0.997928
-0.372000 0.997928
-0.368000 0.997928
-0.364000 0.997928
-0.360000 0.997928
-0.356000 0.997928
-0.352000 0.997928
-0.348000 0.997928
-0.344000 0.997928
-0.340000 0.997928
-0.336000 0.997928
-0.332000 0.997928
-0.328000 0.997928
-0.324000 0.997928
-0.320000 0.997928
-0.316000 0.997928
-0.312000 0.997928
-0.308000 0.997928
-0.304000 0.997928
-0.300000 0.997928
-0.296000 0.997928
-0.292000 0.997928
-0.288000 0.997928
-0.284000 0.997928
-0.280000 0.997928
-0.276000 0.997928
-0.272000 0.997928
-0.268000 0.997928
-0.264000 0.997928
-0.260000 0.997928
-0.256000 0.997928
-0.252000 0.997928
-0.248000 0.997928
-0.244000 0.997928
-0.240000 0.997928
-0.236000 0.997928
-0.232000 0.997928
-0.228000 0.997928
-0.224000 0.997928
-0.220000 0.997928
-0.216000 0.997928
-0.212000 0.997928
-0.208000 0.997928
-0.204000 0.997928
-0.200000 0.997928
-0.196000 0.997928
-0.192000 0.997928
-0.188000 0.997928
-0.184000 0.997928
-0.180000 0.997928
-0.176000 0.997928
-0.172000 0.997928
-0.168000 0.997928
-0.164000 0.997928
-0.160000 0.997928
-0.156000 0.997928
-0.152000 0.997928
-0.148000 0.997928
-0.144000 0.997928
-0.140000 0.997928
-0.136000 0.997928
-0.132000 0.997928
-0.128000 0.997928
-0.124000 0.997928
-0.120000 0.997928
-0.116000 0.997928
-0.112000 0.997928
-0.108000 0.997928
-0.104000 0.997928
-0.100000 0.997928
-0.096000 0.997928
-0.092000 0.997928
-0.088000 0.997928
-0.084000 0.997928
-0.080000 0.997928
-0.076000 0.997928
-0.072000 0.997928
-0.068000 0.997928
-0.064000 0.997928
-0.060000 0.997928
-0.056000 0.997928
-0.052000 0.997928
-0.048000 0.997928
-0.044000 0.997928
-0.040000 0.997928
-0.036000 0.997928
-0.032000 0.997928
-0.028000 0.997928
-0.024000 0.997928
-0.020000 0.997928
-0.016000 0.997928
-0.012000 0.997928
-0.008000 0.997928
-0.004000 0.997928
0.000000 0.997928
0.004000 0.997928
0.008000 0.997928
0.012000 0.997928
0.016000 0.997928
0.020000 0.997928
0.024000 0.997928
0.028000 0.997928
0.032000 0.997928
0.036000 0.997928
0.040000 0.997928
0.044000 0.997928
0.048000 0.997928
0.052000 0.997927
0.056000 0.997927
0.060000 0.997927
0.064000 0.997927
0.068000 0.997927
0.072000 0.997927
0.076000 0.997927
0.080000 0.997927
0.084000 0.997927
0.088000 0.997927
0.092000 0.997927
0.096000 0.997927
0.100000 0.997927
0.104000 0.997927
0.108000 0.997927
0.112000 0.997927
0.116000 0.997926
0.120000 0.997926
0.124000 0.997926
0.128000 0.997926
0.132000 0.997926
0.136000 0.997926
0.140000 0.997926
0.144000 0.997926
0.148000 0.997925
0.152000 0.997925
0.156000 0.997925
0.160000 0.997925
0.164000 0.997925
0.168000 0.997924
0.172000 0.997924
0.176000 0.997924
0.180000 0.997924
0.184000 0.997923
0.188000 0.997923
0.192000 0.997923
0.196000 0.997922
0.200000 0.997922
0.204000 0.997922
0.208000 0.997921
0.212000 0.997921
0.216000 0.997921
0.220000 0.997920
0.224000 0.997920
0.228000 0.997919
0.232000 0.997919
0.236000 0.997918
0.240000 0.997917
0.244000 0.997917
0.248000 0.997916
0.252000 0.997916
0.256000 0.997915
0.260000 0.997914
0.264000 0.997913
0.268000 0.997913
0.272000 0.997912
0.276000 0.997911
0.280000 0.997910
0.284000 0.997909
0.288000 0.997908
0.292000 0.997907
0.296000 0.997906
0.300000 0.997904
0.304000 0.997903
0.308000 0.997902
0.312000 0.997900
0.316000 0.997899
0.320000 0.997898
0.324000 0.997896
0.328000 0.997894
0.332000 0.997893
0.336000 0.997891
0.340000 0.997889
0.344000 0.997887
0.348000 0.997885
0.352000 0.997883
0.356000 0.997881
0.360000 0.997878
0.364000 0.997876
0.368000 0.997873
0.372000 0.997871
0.376000 0.997868
0.380000 0.997865
0.384000 0.997862
0.388000 0.997859
0.392000 0.997856
0.396000 0.997853
0.400000 0.997849
0.404000 0.997846
0.408000 0.997842
0.412000 0.997838
0.416000 0.997834
0.420000 0.997830
0.424000 0.997826
0.428000 0.997822
0.432000 0.997817
0.436000 0.997812
0.440000 0.997807
0.444000 0.997802
0.448000 0.997797
0.452000 0.997791
0.456000 0.997786
0.460000 0.997780
0.464000 0.997774
0.468000 0.997767
0.472000 0.997761
0.476000 0.997754
0.480000 0.997747
0.484000 0.997740
0.488000 0.997733
0.492000 0.997725
0.496000 0.997717
0.500000 0.997709
0.504000 0.997701
0.508000 0.997692
0.512000 0.997683
0.516000 0.997674
0.520000 0.997665
0.524000 0.997655
0.528000 0.997645
0.532000 0.997635
0.536000 0.997624
0.540000 0.997614
0.544000 0.997602
0.548000 0.997591
0.552000 0.997579
0.556000 0.997567
0.560000 0.997555
0.564000 0.997542
0.568000 0.997529
0.572000 0.997515
0.576000 0.997502
0.580000 0.997487
0.584000 0.997473
0.588000 0.997458
0.592000 0.997443
0.596000 0.997427
0.600000 0.997411
0.604000 0.997395
0.608000 0.997378
0.612000 0.997361
0.616000 0.997344
0.620000 0.997326
0.624000 0.997308
0.628000 0.997289
0.632000 0.997270
0.636000 0.997251
0.640000 0.997231
0.644000 0.997210
0.648000 0.997190
0.652000 0.997169
0.656000 0.997147
0.660000 0.997125
0.664000 0.997103
0.668000 0.997080
0.672000 0.997057
0.676000 0.997033
0.680000 0.997009
0.684000 0.996985
0.688000 0.996960
0.692000 0.996934
0.696000 0.996909
0.700000 0.996882
0.704000 0.996856
0.708000 0.996829
0.712000 0.996801
0.716000 0.996773
0.720000 0.996745
0.724000 0.996716
0.728000 0.996687
0.732000 0.996657
0.736000 0.996627
0.740000 0.996597
0.744000 0.996566
0.748000 0.996534
0.752000 0.996503
0.756000 0.996471
0.760000 0.996438
0.764000 0.996405
0.768000 0.996372
0.772000 0.996338
0.776000 0.996304
0.780000 0.996269
0.784000 0.996235
0.788000 0.996199
0.792000 0.996164
0.796000 0.996128
0.800000 0.996091
0.804000 0.996055
0.808000 0.996018
0.812000 0.995980
0.816000 0.995943
0.820000 0.995905
0.824000 0.995866
0.828000 0.995828
0.832000 0.995789
0.836000 0.995750
0.840000 0.995710
0.844000 0.995671
0.848000 0.995631
0.852000 0.995590
0.856000 0.995550
0.860000 0.995509
0.864000 0.995468
0.868000 0.995427
0.872000 0.995385
0.876000 0.995344
0.880000 0.995302
0.884000 0.995260
0.888000 0.995218
0.892000 0.995176
0.896000 0.995133
0.900000 0.995091
0.904000 0.995048
0.908000 0.995005
0.912000 0.994962
0.916000 0.994919
0.920000 0.994876
0.924000 0.994832
0.928000 0.994789
0.932000 0.994745
0.936000 0.994702
0.940000 0.994658
0.944000 0.994614
0.948000 0.994570
0.952000 0.994525
0.956000 0.994481
0.960000 0.994435
0.964000 0.994389
0.968000 0.994341
0.972000 0.994292
0.976000 0.994241
0.980000 0.994186
0.984000 0.994127
0.988000 0.994061
0.992000 0.993986
0.996000 0.993899
1.000000 0.993793
