-1.000000 0.997928
-0.996000 0.997928
-0.992000 0.997928
-0.988000 0.997928
-0.984000 0.997928
-0.980000 0.997928
-0.976000 0.997928
-0.972000 0.997928
-0.968000 0.997928
-0.964000 0.997928
-0.960000 0.997928
-0.956000 0.997928
-0.952000 0.997928
-0.948000 0.997928
-0.944000 0.997928
-0.940000 0.997928
-0.936000 0.997928
-0.932000 0.997928
-0.928000 0.997928
-0.924000 0.997928
-0.920000 0.997928
-0.916000 0.997928
-0.912000 0.997928
-0.908000 0.997928
-0.904000 0.997928
-0.900000 0.997928
-0.896000 0.997928
-0.892000 0.997928
-0.888000 0.997928
-0.884000 0.997928
-0.880000 0.997928
-0.876000 0.997928
-0.872000 0.997928
-0.868000 0.997928
-0.864000 0.997928
-0.860000 0.997928
-0.856000 0.997928
-0.852000 0.997928
-0.848000 0.997928
-0.844000 0.997928
-0.840000 0.997928
-0.836000 0.997928
-0.832000 0.997928
-0.828000 0.997928
-0.824000 0.997928
-0.820000 0.997928
-0.816000 0.997928
-0.812000 0.997928
-0.808000 0.997928
-0.804000 0.997928
-0.800000 0.997928
-0.796000 0.997928
-0.792000 0.997928
-0.788000 0.997928
-0.784000 0.997928
-0.780000 0.997928
-0.776000 0.997928
-0.772000 0.997928
-0.768000 0.997928
-0.764000 0.997928
-0.760000 0.997928
-0.756000 0.997928
-0.752000 0.997928
-0.748000 0.997928
-0.744000 0.997928
-0.740000 0.997928
-0.736000 0.997928
-0.732000 0.997928
-0.728000 0.997928
-0.724000 0.997928
-0.720000 0.997928
-0.716000 0.997928
-0.712000 0.997928
-0.708000 0.997928
-0.704000 0.997928
-0.700000 0.997928
-0.696000 0.997928
-0.692000 0.997928
-0.688000 0.997928
-0.684000 0.997928
-0.680000 0.997928
-0.676000 0.997928
-0.672000 0.997928
-0.668000 0.997928
-0.664000 0.997928
-0.660000 0.997928
-0.656000 0.997928
-0.652000 0.997928
-0.648000 0.997928
-0.644000 0.997928
-0.640000 0.997928
-0.636000 0.997928
-0.632000 0.997928
-0.628000 0.997928
-0.624000 0.997928
-0.620000 0.997928
-0.616000 0.997928
-0.612000 0.997928
-0.608000 0.997928
-0.604000 0.997928
-0.600000 0.997928
-0.596000 0.997928
-0.592000 0.997928
-0.588000 0.997928
-0.584000 0.997928
-0.580000 0.997928
-0.576000 0.997928
-0.572000 0.997928
-0.568000 0.997928
-0.564000 0.997928
-0.560000 0.997928
-0.556000 0.997928
-0.552000 0.997928
-0.548000 0.997928
-0.544000 0.997928
-0.540000 0.997928
-0.536000 0.997928
-0.532000 0.997928
-0.528000 0.997928
-0.524000 0.997928
-0.520000 0.997928
-0.516000 0.997928
-0.512000 0.997928
-0.508000 0.997928
-0.504000 0.997928
-0.500000 0.997928
-0.496000 0.997928
-0.492000 0.997928
-0.488000 0.997928
-0.484000 0.997928
-0.480000 0.997928
-0.476000 0.997928
-0.472000 0.997928
-0.468000 0.997928
-0.464000 0.997928
-0.460000 0.997928
-0.456000 0.997928
-0.452000 0.997928
-0.448000 0.997928
-0.444000 0.997928
-0.440000 0.997928
-0.436000 0.997927
-0.432000 0.997927
-0.428000 0.997927
-0.424000 0.997927
-0.420000 0.997927
-0.416000 0.997927
-0.412000 0.997927
-0.408000 0.997927
-0.404000 0.997927
-0.400000 0.997927
-0.396000 0.997927
-0.392000 0.997927
-0.388000 0.997926
-0.384000 0.997926
-0.380000 0.997926
-0.376000 0.997926
-0.372000 0.997926
-0.368000 0.997926
-0.364000 0.997925
-0.360000 0.997925
-0.356000 0.997925
-0.352000 0.997925
-0.348000 0.997924
-0.344000 0.997924
-0.340000 0.997924
-0.336000 0.997923
-0.332000 0.997923
-0.328000 0.997923
-0.324000 0.997922
-0.320000 0.997922
-0.316000 0.997921
-0.312000 0.997921
-0.308000 0.997920
-0.304000 0.997920
-0.300000 0.997919
-0.296000 0.997918
-0.292000 0.997918
-0.288000 0.997917
-0.284000 0.997916
-0.280000 0.997915
-0.276000 0.997914
-0.272000 0.997913
-0.268000 0.997912
-0.264000 0.997911
-0.260000 0.997910
-0.256000 0.997909
-0.252000 0.997907
-0.248000 0.997906
-0.244000 0.997905
-0.240000 0.997903
-0.236000 0.997901
-0.232000 0.997900
-0.228000 0.997898
-0.224000 0.997896
-0.220000 0.997894
-0.216000 0.997891
-0.212000 0.997889
-0.208000 0.997886
-0.204000 0.997884
-0.200000 0.997881
-0.196000 0.997878
-0.192000 0.997875
-0.188000 0.997872
-0.184000 0.997869
-0.180000 0.997865
-0.176000 0.997861
-0.172000 0.997857
-0.168000 0.997853
-0.164000 0.997849
-0.160000 0.997844
-0.156000 0.997839
-0.152000 0.997834
-0.148000 0.997829
-0.144000 0.997824
-0.140000 0.997818
-0.136000 0.997812
-0.132000 0.997806
-0.128000 0.997799
-0.124000 0.997792
-0.120000 0.997785
-0.116000 0.997778
-0.112000 0.997770
-0.108000 0.997762
-0.104000 0.997753
-0.100000 0.997744
-0.096000 0.997735
-0.092000 0.997726
-0.088000 0.997716
-0.084000 0.997705
-0.080000 0.997695
-0.076000 0.997684
-0.072000 0.997672
-0.068000 0.997660
-0.064000 0.997648
-0.060000 0.997635
-0.056000 0.997621
-0.052000 0.997608
-0.048000 0.997593
-0.044000 0.997579
-0.040000 0.997563
-0.036000 0.997548
-0.032000 0.997531
-0.028000 0.997514
-0.024000 0.997497
-0.020000 0.997479
-0.016000 0.997461
-0.012000 0.997442
-0.008000 0.997422
-0.004000 0.997402
0.000000 0.997381
0.004000 0.997359
0.008000 0.997337
0.012000 0.997315
0.016000 0.997292
0.020000 0.997268
0.024000 0.997243
0.028000 0.997218
0.032000 0.997192
0.036000 0.997166
0.040000 0.997139
0.044000 0.997111
0.048000 0.997083
0.052000 0.997054
0.056000 0.997024
0.060000 0.996993
0.064000 0.996962
0.068000 0.996931
0.072000 0.996898
0.076000 0.996865
0.080000 0.996832
0.084000 0.996797
0.088000 0.996762
0.092000 0.996726
0.096000 0.996690
0.100000 0.996653
0.104000 0.996615
0.108000 0.996577
0.112000 0.996538
0.116000 0.996499
0.120000 0.996458
0.124000 0.996418
0.128000 0.996376
0.132000 0.996334
0.136000 0.996292
0.140000 0.996248
0.144000 0.996205
0.148000 0.996160
0.152000 0.996115
0.156000 0.996070
0.160000 0.996024
0.164000 0.995978
0.168000 0.995931
0.172000 0.995883
0.176000 0.995835
0.180000 0.995787
0.184000 0.995738
0.188000 0.995689
0.192000 0.995639
0.196000 0.995589
0.200000 0.995539
0.204000 0.995488
0.208000 0.995437
0.212000 0.995386
0.216000 0.995334
0.220000 0.995282
0.224000 0.995230
0.228000 0.995178
0.232000 0.995125
0.236000 0.995072
0.240000 0.995019
0.244000 0.994966
0.248000 0.994913
0.252000 0.994859
0.256000 0.994806
0.260000 0.994752
0.264000 0.994698
0.268000 0.994645
0.272000 0.994591
0.276000 0.994537
0.280000 0.994483
0.284000 0.994430
0.288000 0.994376
0.292000 0.994323
0.296000 0.994269
0.300000 0.994216
0.304000 0.994163
0.308000 0.994110
0.312000 0.994057
0.316000 0.994004
0.320000 0.993952
0.324000 0.993900
0.328000 0.993848
0.332000 0.993797
0.336000 0.993745
0.340000 0.993694
0.344000 0.993644
0.348000 0.993593
0.352000 0.993544
0.356000 0.993494
0.360000 0.993445
0.364000 0.993396
0.368000 0.993348
0.372000 0.993300
0.376000 0.993253
0.380000 0.993206
0.384000 0.993159
0.388000 0.993113
0.392000 0.993068
0.396000 0.993023
0.400000 0.992978
0.404000 0.992934
0.408000 0.992891
0.412000 0.992848
0.416000 0.992805
0.420000 0.992764
0.424000 0.992722
0.428000 0.992682
0.432000 0.992642
0.436000 0.992602
0.440000 0.992563
0.444000 0.992525
0.448000 0.992487
0.452000 0.992450
0.456000 0.992414
0.460000 0.992378
0.464000 0.992343
0.468000 0.992308
0.472000 0.992274
0.476000 0.992240
0.480000 0.992208
0.484000 0.992175
0.488000 0.992144
0.492000 0.992113
0.496000 0.992082
0.500000 0.992053
0.504000 0.992023
0.508000 0.991995
0.512000 0.991967
0.516000 0.991939
0.520000 0.991912
0.524000 0.991886
0.528000 0.991861
0.532000 0.991835
0.536000 0.991811
0.540000 0.991787
0.544000 0.991764
0.548000 0.991741
0.552000 0.991718
0.556000 0.991697
0.560000 0.991675
0.564000 0.991655
0.568000 0.991635
0.572000 0.991615
0.576000 0.991596
0.580000 0.991577
0.584000 0.991559
0.588000 0.991541
0.592000 0.991524
0.596000 0.991507
0.600000 0.991491
0.604000 0.991475
0.608000 0.991460
0.612000 0.991445
0.616000 0.991430
0.620000 0.991416
0.624000 0.991403
0.628000 0.991389
0.632000 0.991377
0.636000 0.991364
0.640000 0.991352
0.644000 0.991340
0.648000 0.991329
0.652000 0.991318
0.656000 0.991307
0.660000 0.991297
0.664000 0.991287
0.668000 0.991277
0.672000 0.991268
0.676000 0.991259
0.680000 0.991250
0.684000 0.991242
0.688000 0.991234
0.692000 0.991226
0.696000 0.991218
0.700000 0.991211
0.704000 0.991204
0.708000 0.991197
0.712000 0.991190
0.716000 0.991184
0.720000 0.991178
0.724000 0.991172
0.728000 0.991166
0.732000 0.991161
0.736000 0.991155
0.740000 0.991150
0.744000 0.991145
0.748000 0.991141
0.752000 0.991136
0.756000 0.991132
0.760000 0.991128
0.764000 0.991124
0.768000 0.991120
0.772000 0.991116
0.776000 0.991113
0.780000 0.991109
0.784000 0.991106
0.788000 0.991103
0.792000 0.991100
0.796000 0.991097
0.800000 0.991094
0.804000 0.991091
0.808000 0.991089
0.812000 0.991087
0.816000 0.991084
0.820000 0.991082
0.824000 0.991080
0.828000 0.991078
0.832000 0.991076
0.836000 0.991074
0.840000 0.991072
0.844000 0.991070
0.848000 0.991069
0.852000 0.991067
0.856000 0.991066
0.860000 0.991064
0.864000 0.991063
0.868000 0.991062
0.872000 0.991060
0.876000 0.991059
0.880000 0.991058
0.884000 0.991057
0.888000 0.991056
0.892000 0.991055
0.896000 0.991054
0.900000 0.991053
0.904000 0.991052
0.908000 0.991052
0.912000 0.991051
0.916000 0.991050
0.920000 0.991049
0.924000 0.991049
0.928000 0.991048
0.932000 0.991048
0.936000 0.991047
0.940000 0.991046
0.944000 0.991046
0.948000 0.991045
0.952000 0.991045
0.956000 0.991045
0.960000 0.991044
0.964000 0.991044
0.968000 0.991043
0.972000 0.991043
0.976000 0.991043
0.980000 0.991042
0.984000 0.991042
0.988000 0.991041
0.992000 0.991041
0.996000 0.991040
1.000000 0.991040
