-1.000000 0.997928
-0.996000 0.997928
-0.992000 0.997928
-0.988000 0.997928
-0.984000 0.997928
-0.980000 0.997928
-0.976000 0.997928
-0.972000 0.997928
-0.968000 0.997928
-0.964000 0.997928
-0.960000 0.997928
-0.956000 0.997928
-0.952000 0.997928
-0.948000 0.997928
-0.944000 0.997928
-0.940000 0.997928
-0.936000 0.997928
-0.932000 0.997928
-0.928000 0.997928
-0.924000 0.997928
-0.920000 0.997928
-0.916000 0.997928
-0.912000 0.997928
-0.908000 0.997928
-0.904000 0.997928
-0.900000 0.997928
-0.896000 0.997928
-0.892000 0.997928
-0.888000 0.997928
-0.884000 0.997928
-0.880000 0.997928
-0.876000 0.997928
-0.872000 0.997928
-0.868000 0.997928
-0.864000 0.997928
-0.860000 0.997928
-0.856000 0.997928
-0.852000 0.997928
-0.848000 0.997928
-0.844000 0.997928
-0.840000 0.997928
-0.836000 0.997928
-0.832000 0.997928
-0.828000 0.997928
-0.824000 0.997928
-0.820000 0.997928
-0.816000 0.997928
-0.812000 0.997928
-0.808000 0.997928
-0.804000 0.997928
-0.800000 0.997928
-0.796000 0.997928
-0.792000 0.997928
-0.788000 0.997928
-0.784000 0.997928
-0.780000 0.997928
-0.776000 0.997928
-0.772000 0.997928
-0.768000 0.997928
-0.764000 0.997928
-0.760000 0.997928
-0.756000 0.997928
-0.752000 0.997928
-0.748000 0.997928
-0.744000 0.997928
-0.740000 0.997928
-0.736000 0.997928
-0.732000 0.997928
-0.728000 0.997928
-0.724000 0.997928
-0.720000 0.997928
-0.716000 0.997928
-0.712000 0.997927
-0.708000 0.997927
-0.704000 0.997927
-0.700000 0.997927
-0.696000 0.997927
-0.692000 0.997927
-0.688000 0.997927
-0.684000 0.997927
-0.680000 0.997927
-0.676000 0.997927
-0.672000 0.997926
-0.668000 0.997926
-0.664000 0.997926
-0.660000 0.997926
-0.656000 0.997925
-0.652000 0.997925
-0.648000 0.997925
-0.644000 0.997925
-0.640000 0.997924
-0.636000 0.997924
-0.632000 0.997923
-0.628000 0.997923
-0.624000 0.997922
-0.620000 0.997922
-0.616000 0.997921
-0.612000 0.997921
-0.608000 0.997920
-0.604000 0.997919
-0.600000 0.997918
-0.596000 0.997917
-0.592000 0.997916
-0.588000 0.997915
-0.584000 0.997914
-0.580000 0.997913
-0.576000 0.997911
-0.572000 0.997910
-0.568000 0.997908
-0.564000 0.997906
-0.560000 0.997904
-0.556000 0.997902
-0.552000 0.997900
-0.548000 0.997898
-0.544000 0.997895
-0.540000 0.997893
-0.536000 0.997890
-0.532000 0.997887
-0.528000 0.997884
-0.524000 0.997880
-0.520000 0.997876
-0.516000 0.997872
-0.512000 0.997868
-0.508000 0.997863
-0.504000 0.997859
-0.500000 0.997853
-0.496000 0.997848
-0.492000 0.997842
-0.488000 0.997836
-0.484000 0.997830
-0.480000 0.997823
-0.476000 0.997815
-0.472000 0.997808
-0.468000 0.997800
-0.464000 0.997791
-0.460000 0.997782
-0.456000 0.997772
-0.452000 0.997762
-0.448000 0.997752
-0.444000 0.997740
-0.440000 0.997729
-0.436000 0.997716
-0.432000 0.997704
-0.428000 0.997690
-0.424000 0.997676
-0.420000 0.997661
-0.416000 0.997646
-0.412000 0.997629
-0.408000 0.997612
-0.404000 0.997595
-0.400000 0.997576
-0.396000 0.997557
-0.392000 0.997537
-0.388000 0.997516
-0.384000 0.997495
-0.380000 0.997472
-0.376000 0.997449
-0.372000 0.997425
-0.368000 0.997400
-0.364000 0.997374
-0.360000 0.997347
-0.356000 0.997319
-0.352000 0.997290
-0.348000 0.997260
-0.344000 0.997230
-0.340000 0.997198
-0.336000 0.997165
-0.332000 0.997132
-0.328000 0.997097
-0.324000 0.997061
-0.320000 0.997025
-0.316000 0.996987
-0.312000 0.996948
-0.308000 0.996909
-0.304000 0.996868
-0.300000 0.996826
-0.296000 0.996784
-0.292000 0.996740
-0.288000 0.996695
-0.284000 0.996650
-0.280000 0.996603
-0.276000 0.996556
-0.272000 0.996507
-0.268000 0.996457
-0.264000 0.996407
-0.260000 0.996356
-0.256000 0.996304
-0.252000 0.996250
-0.248000 0.996197
-0.244000 0.996142
-0.240000 0.996086
-0.236000 0.996030
-0.232000 0.995973
-0.228000 0.995915
-0.224000 0.995856
-0.220000 0.995797
-0.216000 0.995737
-0.212000 0.995677
-0.208000 0.995616
-0.204000 0.995554
-0.200000 0.995492
-0.196000 0.995429
-0.192000 0.995366
-0.188000 0.995303
-0.184000 0.995239
-0.180000 0.995175
-0.176000 0.995110
-0.172000 0.995045
-0.168000 0.994980
-0.164000 0.994915
-0.160000 0.994849
-0.156000 0.994784
-0.152000 0.994718
-0.148000 0.994653
-0.144000 0.994587
-0.140000 0.994521
-0.136000 0.994456
-0.132000 0.994390
-0.128000 0.994325
-0.124000 0.994259
-0.120000 0.994195
-0.116000 0.994130
-0.112000 0.994065
-0.108000 0.994001
-0.104000 0.993937
-0.100000 0.993874
-0.096000 0.993811
-0.092000 0.993749
-0.088000 0.993687
-0.084000 0.993625
-0.080000 0.993564
-0.076000 0.993504
-0.072000 0.993444
-0.068000 0.993385
-0.064000 0.993326
-0.060000 0.993268
-0.056000 0.993211
-0.052000 0.993154
-0.048000 0.993099
-0.044000 0.993043
-0.040000 0.992989
-0.036000 0.992936
-0.032000 0.992883
-0.028000 0.992831
-0.024000 0.992780
-0.020000 0.992730
-0.016000 0.992681
-0.012000 0.992632
-0.008000 0.992585
-0.004000 0.992538
0.000000 0.992492
0.004000 0.992447
0.008000 0.992403
0.012000 0.992360
0.016000 0.992318
0.020000 0.992276
0.024000 0.992236
0.028000 0.992196
0.032000 0.992158
0.036000 0.992120
0.040000 0.992083
0.044000 0.992047
0.048000 0.992012
0.052000 0.991978
0.056000 0.991944
0.060000 0.991912
0.064000 0.991880
0.068000 0.991850
0.072000 0.991820
0.076000 0.991791
0.080000 0.991762
0.084000 0.991735
0.088000 0.991708
0.092000 0.991682
0.096000 0.991657
0.100000 0.991633
0.104000 0.991609
0.108000 0.991587
0.112000 0.991565
0.116000 0.991543
0.120000 0.991522
0.124000 0.991502
0.128000 0.991483
0.132000 0.991464
0.136000 0.991446
0.140000 0.991429
0.144000 0.991412
0.148000 0.991396
0.152000 0.991380
0.156000 0.991365
0.160000 0.991351
0.164000 0.991337
0.168000 0.991323
0.172000 0.991310
0.176000 0.991298
0.180000 0.991286
0.184000 0.991274
0.188000 0.991263
0.192000 0.991253
0.196000 0.991242
0.200000 0.991233
0.204000 0.991223
0.208000 0.991214
0.212000 0.991206
0.216000 0.991198
0.220000 0.991190
0.224000 0.991182
0.228000 0.991175
0.232000 0.991168
0.236000 0.991161
0.240000 0.991155
0.244000 0.991149
0.248000 0.991143
0.252000 0.991138
0.256000 0.991133
0.260000 0.991128
0.264000 0.991123
0.268000 0.991118
0.272000 0.991114
0.276000 0.991110
0.280000 0.991106
0.284000 0.991102
0.288000 0.991099
0.292000 0.991095
0.296000 0.991092
0.300000 0.991089
0.304000 0.991086
0.308000 0.991083
0.312000 0.991081
0.316000 0.991078
0.320000 0.991076
0.324000 0.991074
0.328000 0.991072
0.332000 0.991070
0.336000 0.991068
0.340000 0.991066
0.344000 0.991064
0.348000 0.991063
0.352000 0.991061
0.356000 0.991060
0.360000 0.991058
0.364000 0.991057
0.368000 0.991056
0.372000 0.991055
0.376000 0.991054
0.380000 0.991053
0.384000 0.991052
0.388000 0.991051
0.392000 0.991050
0.396000 0.991049
0.400000 0.991048
0.404000 0.991048
0.408000 0.991047
0.412000 0.991046
0.416000 0.991046
0.420000 0.991045
0.424000 0.991045
0.428000 0.991044
0.432000 0.991044
0.436000 0.991043
0.440000 0.991043
0.444000 0.991042
0.448000 0.991042
0.452000 0.991042
0.456000 0.991041
0.460000 0.991041
0.464000 0.991041
0.468000 0.991041
0.472000 0.991040
0.476000 0.991040
0.480000 0.991040
0.484000 0.991040
0.488000 0.991040
0.492000 0.991039
0.496000 0.991039
0.500000 0.991039
0.504000 0.991039
0.508000 0.991039
0.512000 0.991039
0.516000 0.991039
0.520000 0.991038
0.524000 0.991038
0.528000 0.991038
0.532000 0.991038
0.536000 0.991038
0.540000 0.991038
0.544000 0.991038
0.548000 0.991038
0.552000 0.991038
0.556000 0.991038
0.560000 0.991038
0.564000 0.991038
0.568000 0.991038
0.572000 0.991038
0.576000 0.991037
0.580000 0.991037
0.584000 0.991037
0.588000 0.991037
0.592000 0.991037
0.596000 0.991037
0.600000 0.991037
0.604000 0.991037
0.608000 0.991037
0.612000 0.991037
0.616000 0.991037
0.620000 0.991037
0.624000 0.991037
0.628000 0.991037
0.632000 0.991037
0.636000 0.991037
0.640000 0.991037
0.644000 0.991037
0.648000 0.991037
0.652000 0.991037
0.656000 0.991037
0.660000 0.991037
0.664000 0.991037
0.668000 0.991037
0.672000 0.991037
0.676000 0.991037
0.680000 0.991037
0.684000 0.991037
0.688000 0.991037
0.692000 0.991037
0.696000 0.991037
0.700000 0.991037
0.704000 0.991037
0.708000 0.991037
0.712000 0.991037
0.716000 0.991037
0.720000 0.991037
0.724000 0.991037
0.728000 0.991037
0.732000 0.991037
0.736000 0.991037
0.740000 0.991037
0.744000 0.991037
0.748000 0.991037
0.752000 0.991037
0.756000 0.991037
0.760000 0.991037
0.764000 0.991037
0.768000 0.991037
0.772000 0.991037
0.776000 0.991037
0.780000 0.991037
0.784000 0.991037
0.788000 0.991037
0.792000 0.991037
0.796000 0.991037
0.800000 0.991037
0.804000 0.991037
0.808000 0.991037
0.812000 0.991037
0.816000 0.991037
0.820000 0.991037
0.824000 0.991037
0.828000 0.991037
0.832000 0.991037
0.836000 0.991037
0.840000 0.991037
0.844000 0.991037
0.848000 0.991037
0.852000 0.991037
0.856000 0.991037
0.860000 0.991037
0.864000 0.991037
0.868000 0.991037
0.872000 0.991037
0.876000 0.991037
0.880000 0.991037
0.884000 0.991037
0.888000 0.991037
0.892000 0.991037
0.896000 0.991037
0.900000 0.991037
0.904000 0.991037
0.908000 0.991037
0.912000 0.991037
0.916000 0.991037
0.920000 0.991037
0.924000 0.991037
0.928000 0.991037
0.932000 0.991037
0.936000 0.991037
0.940000 0.991037
0.944000 0.991037
0.948000 0.991037
0.952000 0.991037
0.956000 0.991037
0.960000 0.991037
0.964000 0.991037
0.968000 0.991037
0.972000 0.991037
0.976000 0.991037
0.980000 0.991037
0.984000 0.991037
0.988000 0.991037
0.992000 0.991037
0.996000 0.991037
1.000000 0.991037
