-1.000000 0.992919
-0.996000 0.992919
-0.992000 0.992919
-0.988000 0.992919
-0.984000 0.992919
-0.980000 0.992919
-0.976000 0.992919
-0.972000 0.992919
-0.968000 0.992919
-0.964000 0.992919
-0.960000 0.992919
-0.956000 0.992919
-0.952000 0.992919
-0.948000 0.992919
-0.944000 0.992919
-0.940000 0.992919
-0.936000 0.992919
-0.932000 0.992919
-0.928000 0.992919
-0.924000 0.992919
-0.920000 0.992919
-0.916000 0.992919
-0.912000 0.992919
-0.908000 0.992919
-0.904000 0.992919
-0.900000 0.992919
-0.896000 0.992919
-0.892000 0.992919
-0.888000 0.992919
-0.884000 0.992919
-0.880000 0.992919
-0.876000 0.992919
-0.872000 0.992919
-0.868000 0.992919
-0.864000 0.992919
-0.860000 0.992919
-0.856000 0.992919
-0.852000 0.992919
-0.848000 0.992919
-0.844000 0.992919
-0.840000 0.992919
-0.836000 0.992919
-0.832000 0.992919
-0.828000 0.992919
-0.824000 0.992919
-0.820000 0.992919
-0.816000 0.992919
-0.812000 0.992919
-0.808000 0.992919
-0.804000 0.992919
-0.800000 0.992919
-0.796000 0.992919
-0.792000 0.992919
-0.788000 0.992919
-0.784000 0.992919
-0.780000 0.992919
-0.776000 0.992919
-0.772000 0.992919
-0.768000 0.992919
-0.764000 0.992919
-0.760000 0.992919
-0.756000 0.992919
-0.752000 0.992919
-0.748000 0.992919
-0.744000 0.992919
-0.740000 0.992919
-0.736000 0.992919
-0.732000 0.992919
-0.728000 0.992919
-0.724000 0.992919
-0.720000 0.992919
-0.716000 0.992919
-0.712000 0.992919
-0.708000 0.992919
-0.704000 0.992919
-0.700000 0.992919
-0.696000 0.992919
-0.692000 0.992919
-0.688000 0.992919
-0.684000 0.992919
-0.680000 0.992919
-0.676000 0.992919
-0.672000 0.992919
-0.668000 0.992919
-0.664000 0.992919
-0.660000 0.992919
-0.656000 0.992919
-0.652000 0.992919
-0.648000 0.992919
-0.644000 0.992919
-0.640000 0.992919
-0.636000 0.992919
-0.632000 0.992919
-0.628000 0.992919
-0.624000 0.992919
-0.620000 0.992919
-0.616000 0.992919
-0.612000 0.992919
-0.608000 0.992919
-0.604000 0.992919
-0.600000 0.992919
-0.596000 0.992919
-0.592000 0.992919
-0.588000 0.992919
-0.584000 0.992919
-0.580000 0.992919
-0.576000 0.992919
-0.572000 0.992919
-0.568000 0.992919
-0.564000 0.992919
-0.560000 0.992919
-0.556000 0.992919
-0.552000 0.992919
-0.548000 0.992919
-0.544000 0.992919
-0.540000 0.992919
-0.536000 0.992919
-0.532000 0.992919
-0.528000 0.992919
-0.524000 0.992919
-0.520000 0.992919
-0.516000 0.992919
-0.512000 0.992919
-0.508000 0.992919
-0.504000 0.992919
-0.500000 0.992919
-0.496000 0.992919
-0.492000 0.992919
-0.488000 0.992919
-0.484000 0.992919
-0.480000 0.992919
-0.476000 0.992919
-0.472000 0.992919
-0.468000 0.992919
-0.464000 0.992919
-0.460000 0.992919
-0.456000 0.992919
-0.452000 0.992919
-0.448000 0.992919
-0.444000 0.992919
-0.440000 0.992919
-0.436000 0.992919
-0.432000 0.992919
-0.428000 0.992919
-0.424000 0.992919
-0.420000 0.992919
-0.416000 0.992919
-0.412000 0.992919
-0.408000 0.992919
-0.404000 0.992919
-0.400000 0.992919
-0.396000 0.992919
-0.392000 0.992919
-0.388000 0.992919
-0.384000 0.992919
-0.380000 0.992919
-0.376000 0.992919
-0.372000 0.992919
-0.368000 0.992919
-0.364000 0.992919
-0.360000 0.992919
-0.356000 0.992919
-0.352000 0.992919
-0.348000 0.992919
-0.344000 0.992919
-0.340000 0.992919
-0.336000 0.992919
-0.332000 0.992919
-0.328000 0.992919
-0.324000 0.992919
-0.320000 0.992919
-0.316000 0.992919
-0.312000 0.992919
-0.308000 0.992919
-0.304000 0.992919
-0.300000 0.992919
-0.296000 0.992919
-0.292000 0.992919
-0.288000 0.992919
-0.284000 0.992919
-0.280000 0.992919
-0.276000 0.992919
-0.272000 0.992919
-0.268000 0.992919
-0.264000 0.992919
-0.260000 0.992919
-0.256000 0.992919
-0.252000 0.992919
-0.248000 0.992919
-0.244000 0.992919
-0.240000 0.992919
-0.236000 0.992919
-0.232000 0.992919
-0.228000 0.992919
-0.224000 0.992919
-0.220000 0.992919
-0.216000 0.992919
-0.212000 0.992920
-0.208000 0.992920
-0.204000 0.992920
-0.200000 0.992920
-0.196000 0.992920
-0.192000 0.992920
-0.188000 0.992920
-0.184000 0.992920
-0.180000 0.992920
-0.176000 0.992920
-0.172000 0.992920
-0.168000 0.992920
-0.164000 0.992920
-0.160000 0.992920
-0.156000 0.992921
-0.152000 0.992921
-0.148000 0.992921
-0.144000 0.992921
-0.140000 0.992921
-0.136000 0.992921
-0.132000 0.992921
-0.128000 0.992922
-0.124000 0.992922
-0.120000 0.992922
-0.116000 0.992922
-0.112000 0.992922
-0.108000 0.992923
-0.104000 0.992923
-0.100000 0.992923
-0.096000 0.992923
-0.092000 0.992924
-0.088000 0.992924
-0.084000 0.992924
-0.080000 0.992925
-0.076000 0.992925
-0.072000 0.992926
-0.068000 0.992926
-0.064000 0.992927
-0.060000 0.992927
-0.056000 0.992928
-0.052000 0.992928
-0.048000 0.992929
-0.044000 0.992929
-0.040000 0.992930
-0.036000 0.992931
-0.032000 0.992932
-0.028000 0.992932
-0.024000 0.992933
-0.020000 0.992934
-0.016000 0.992935
-0.012000 0.992936
-0.008000 0.992937
-0.004000 0.992938
0.000000 0.992939
0.004000 0.992941
0.008000 0.992942
0.012000 0.992943
0.016000 0.992945
0.020000 0.992946
0.024000 0.992948
0.028000 0.992949
0.032000 0.992951
0.036000 0.992953
0.040000 0.992955
0.044000 0.992957
0.048000 0.992959
0.052000 0.992961
0.056000 0.992964
0.060000 0.992966
0.064000 0.992969
0.068000 0.992971
0.072000 0.992974
0.076000 0.992977
0.080000 0.992980
0.084000 0.992983
0.088000 0.992987
0.092000 0.992990
0.096000 0.992994
0.100000 0.992998
0.104000 0.993002
0.108000 0.993006
0.112000 0.993010
0.116000 0.993015
0.120000 0.993019
0.124000 0.993024
0.128000 0.993029
0.132000 0.993034
0.136000 0.993040
0.140000 0.993046
0.144000 0.993051
0.148000 0.993058
0.152000 0.993064
0.156000 0.993071
0.160000 0.993077
0.164000 0.993085
0.168000 0.993092
0.172000 0.993100
0.176000 0.993108
0.180000 0.993116
0.184000 0.993124
0.188000 0.993133
0.192000 0.993142
0.196000 0.993152
0.200000 0.993161
0.204000 0.993171
0.208000 0.993182
0.212000 0.993193
0.216000 0.993204
0.220000 0.993215
0.224000 0.993227
0.228000 0.993239
0.232000 0.993251
0.236000 0.993264
0.240000 0.993278
0.244000 0.993291
0.248000 0.993305
0.252000 0.993320
0.256000 0.993335
0.260000 0.993350
0.264000 0.993366
0.268000 0.993382
0.272000 0.993399
0.276000 0.993416
0.280000 0.993433
0.284000 0.993451
0.288000 0.993469
0.292000 0.993488
0.296000 0.993508
0.300000 0.993527
0.304000 0.993548
0.308000 0.993569
0.312000 0.993590
0.316000 0.993612
0.320000 0.993634
0.324000 0.993657
0.328000 0.993680
0.332000 0.993704
0.336000 0.993728
0.340000 0.993753
0.344000 0.993778
0.348000 0.993804
0.352000 0.993830
0.356000 0.993857
0.360000 0.993884
0.364000 0.993912
0.368000 0.993940
0.372000 0.993969
0.376000 0.993999
0.380000 0.994029
0.384000 0.994059
0.388000 0.994090
0.392000 0.994122
0.396000 0.994154
0.400000 0.994186
0.404000 0.994219
0.408000 0.994253
0.412000 0.994287
0.416000 0.994321
0.420000 0.994356
0.424000 0.994392
0.428000 0.994428
0.432000 0.994464
0.436000 0.994501
0.440000 0.994539
0.444000 0.994577
0.448000 0.994615
0.452000 0.994654
0.456000 0.994693
0.460000 0.994733
0.464000 0.994773
0.468000 0.994813
0.472000 0.994854
0.476000 0.994895
0.480000 0.994937
0.484000 0.994979
0.488000 0.995022
0.492000 0.995065
0.496000 0.995108
0.500000 0.995151
0.504000 0.995195
0.508000 0.995239
0.512000 0.995284
0.516000 0.995329
0.520000 0.995374
0.524000 0.995419
0.528000 0.995465
0.532000 0.995511
0.536000 0.995557
0.540000 0.995603
0.544000 0.995650
0.548000 0.995696
0.552000 0.995743
0.556000 0.995790
0.560000 0.995838
0.564000 0.995885
0.568000 0.995933
0.572000 0.995980
0.576000 0.996028
0.580000 0.996076
0.584000 0.996124
0.588000 0.996172
0.592000 0.996220
0.596000 0.996268
0.600000 0.996316
0.604000 0.996364
0.608000 0.996412
0.612000 0.996460
0.616000 0.996509
0.620000 0.996557
0.624000 0.996604
0.628000 0.996652
0.632000 0.996700
0.636000 0.996748
0.640000 0.996795
0.644000 0.996843
0.648000 0.996890
0.652000 0.996937
0.656000 0.996984
0.660000 0.997031
0.664000 0.997078
0.668000 0.997124
0.672000 0.997170
0.676000 0.997216
0.680000 0.997262
0.684000 0.997308
0.688000 0.997353
0.692000 0.997398
0.696000 0.997442
0.700000 0.997487
0.704000 0.997531
0.708000 0.997574
0.712000 0.997618
0.716000 0.997661
0.720000 0.997704
0.724000 0.997746
0.728000 0.997788
0.732000 0.997830
0.736000 0.997871
0.740000 0.997912
0.744000 0.997952
0.748000 0.997993
0.752000 0.998032
0.756000 0.998072
0.760000 0.998110
0.764000 0.998149
0.768000 0.998187
0.772000 0.998224
0.776000 0.998262
0.780000 0.998298
0.784000 0.998335
0.788000 0.998370
0.792000 0.998406
0.796000 0.998441
0.800000 0.998475
0.804000 0.998509
0.808000 0.998542
0.812000 0.998575
0.816000 0.998608
0.820000 0.998640
0.824000 0.998672
0.828000 0.998703
0.832000 0.998733
0.836000 0.998764
0.840000 0.998793
0.844000 0.998822
0.848000 0.998851
0.852000 0.998879
0.856000 0.998907
0.860000 0.998934
0.864000 0.998961
0.868000 0.998988
0.872000 0.999014
0.876000 0.999039
0.880000 0.999064
0.884000 0.999088
0.888000 0.999112
0.892000 0.999136
0.896000 0.999159
0.900000 0.999182
0.904000 0.999204
0.908000 0.999226
0.912000 0.999247
0.916000 0.999268
0.920000 0.999288
0.924000 0.999308
0.928000 0.999328
0.932000 0.999347
0.936000 0.999366
0.940000 0.999384
0.944000 0.999402
0.948000 0.999420
0.952000 0.999437
0.956000 0.999454
0.960000 0.999471
0.964000 0.999488
0.968000 0.999505
0.972000 0.999521
0.976000 0.999538
0.980000 0.999556
0.984000 0.999574
0.988000 0.999594
0.992000 0.999617
0.996000 0.999643
1.000000 0.999675
