-1.000000 0.997928
-0.996000 0.997928
-0.992000 0.997928
-0.988000 0.997928
-0.984000 0.997928
-0.980000 0.997928
-0.976000 0.997928
-0.972000 0.997928
-0.968000 0.997928
-0.964000 0.997928
-0.960000 0.997928
-0.956000 0.997928
-0.952000 0.997928
-0.948000 0.997928
-0.944000 0.997928
-0.940000 0.997928
-0.936000 0.997928
-0.932000 0.997928
-0.928000 0.997928
-0.924000 0.997928
-0.920000 0.997928
-0.916000 0.997928
-0.912000 0.997928
-0.908000 0.997928
-0.904000 0.997928
-0.900000 0.997928
-0.896000 0.997928
-0.892000 0.997928
-0.888000 0.997928
-0.884000 0.997928
-0.880000 0.997928
-0.876000 0.997928
-0.872000 0.997928
-0.868000 0.997928
-0.864000 0.997928
-0.860000 0.997928
-0.856000 0.997928
-0.852000 0.997928
-0.848000 0.997928
-0.844000 0.997928
-0.840000 0.997928
-0.836000 0.997928
-0.832000 0.997928
-0.828000 0.997928
-0.824000 0.997928
-0.820000 0.997928
-0.816000 0.997928
-0.812000 0.997928
-0.808000 0.997928
-0.804000 0.997928
-0.800000 0.997928
-0.796000 0.997928
-0.792000 0.997928
-0.788000 0.997928
-0.784000 0.997928
-0.780000 0.997928
-0.776000 0.997928
-0.772000 0.997928
-0.768000 0.997927
-0.764000 0.997927
-0.760000 0.997927
-0.756000 0.997927
-0.752000 0.997927
-0.748000 0.997927
-0.744000 0.997927
-0.740000 0.997927
-0.736000 0.997927
-0.732000 0.997926
-0.728000 0.997926
-0.724000 0.997926
-0.720000 0.997926
-0.716000 0.997926
-0.712000 0.997925
-0.708000 0.997925
-0.704000 0.997925
-0.700000 0.997924
-0.696000 0.997924
-0.692000 0.997923
-0.688000 0.997923
-0.684000 0.997922
-0.680000 0.997922
-0.676000 0.997921
-0.672000 0.997920
-0.668000 0.997920
-0.664000 0.997919
-0.660000 0.997918
-0.656000 0.997917
-0.652000 0.997915
-0.648000 0.997914
-0.644000 0.997913
-0.640000 0.997911
-0.636000 0.997910
-0.632000 0.997908
-0.628000 0.997906
-0.624000 0.997904
-0.620000 0.997902
-0.616000 0.997900
-0.612000 0.997897
-0.608000 0.997894
-0.604000 0.997891
-0.600000 0.997888
-0.596000 0.997885
-0.592000 0.997881
-0.588000 0.997877
-0.584000 0.997873
-0.580000 0.997868
-0.576000 0.997864
-0.572000 0.997858
-0.568000 0.997853
-0.564000 0.997847
-0.560000 0.997841
-0.556000 0.997834
-0.552000 0.997827
-0.548000 0.997820
-0.544000 0.997812
-0.540000 0.997803
-0.536000 0.997794
-0.532000 0.997785
-0.528000 0.997775
-0.524000 0.997764
-0.520000 0.997753
-0.516000 0.997741
-0.512000 0.997729
-0.508000 0.997715
-0.504000 0.997702
-0.500000 0.997687
-0.496000 0.997672
-0.492000 0.997656
-0.488000 0.997639
-0.484000 0.997621
-0.480000 0.997603
-0.476000 0.997584
-0.472000 0.997564
-0.468000 0.997543
-0.464000 0.997521
-0.460000 0.997498
-0.456000 0.997474
-0.452000 0.997449
-0.448000 0.997424
-0.444000 0.997397
-0.440000 0.997369
-0.436000 0.997340
-0.432000 0.997310
-0.428000 0.997280
-0.424000 0.997248
-0.420000 0.997214
-0.416000 0.997180
-0.412000 0.997145
-0.408000 0.997108
-0.404000 0.997071
-0.400000 0.997032
-0.396000 0.996992
-0.392000 0.996952
-0.388000 0.996909
-0.384000 0.996866
-0.380000 0.996822
-0.376000 0.996776
-0.372000 0.996730
-0.368000 0.996682
-0.364000 0.996633
-0.360000 0.996584
-0.356000 0.996533
-0.352000 0.996481
-0.348000 0.996428
-0.344000 0.996374
-0.340000 0.996318
-0.336000 0.996262
-0.332000 0.996205
-0.328000 0.996148
-0.324000 0.996089
-0.320000 0.996029
-0.316000 0.995968
-0.312000 0.995907
-0.308000 0.995845
-0.304000 0.995782
-0.300000 0.995718
-0.296000 0.995654
-0.292000 0.995589
-0.288000 0.995524
-0.284000 0.995458
-0.280000 0.995391
-0.276000 0.995324
-0.272000 0.995256
-0.268000 0.995188
-0.264000 0.995120
-0.260000 0.995051
-0.256000 0.994983
-0.252000 0.994914
-0.248000 0.994844
-0.244000 0.994775
-0.240000 0.994705
-0.236000 0.994636
-0.232000 0.994567
-0.228000 0.994497
-0.224000 0.994428
-0.220000 0.994359
-0.216000 0.994290
-0.212000 0.994221
-0.208000 0.994152
-0.204000 0.994084
-0.200000 0.994016
-0.196000 0.993949
-0.192000 0.993882
-0.188000 0.993815
-0.184000 0.993749
-0.180000 0.993683
-0.176000 0.993618
-0.172000 0.993554
-0.168000 0.993490
-0.164000 0.993427
-0.160000 0.993365
-0.156000 0.993303
-0.152000 0.993243
-0.148000 0.993182
-0.144000 0.993123
-0.140000 0.993065
-0.136000 0.993007
-0.132000 0.992951
-0.128000 0.992895
-0.124000 0.992840
-0.120000 0.992786
-0.116000 0.992733
-0.112000 0.992681
-0.108000 0.992630
-0.104000 0.992579
-0.100000 0.992530
-0.096000 0.992482
-0.092000 0.992435
-0.088000 0.992389
-0.084000 0.992344
-0.080000 0.992299
-0.076000 0.992256
-0.072000 0.992214
-0.068000 0.992173
-0.064000 0.992133
-0.060000 0.992094
-0.056000 0.992056
-0.052000 0.992018
-0.048000 0.991982
-0.044000 0.991947
-0.040000 0.991913
-0.036000 0.991880
-0.032000 0.991847
-0.028000 0.991816
-0.024000 0.991785
-0.020000 0.991756
-0.016000 0.991727
-0.012000 0.991699
-0.008000 0.991672
-0.004000 0.991646
0.000000 0.991621
0.004000 0.991597
0.008000 0.991573
0.012000 0.991550
0.016000 0.991528
0.020000 0.991507
0.024000 0.991486
0.028000 0.991467
0.032000 0.991448
0.036000 0.991429
0.040000 0.991412
0.044000 0.991395
0.048000 0.991378
0.052000 0.991362
0.056000 0.991347
0.060000 0.991333
0.064000 0.991319
0.068000 0.991305
0.072000 0.991292
0.076000 0.991280
0.080000 0.991268
0.084000 0.991257
0.088000 0.991246
0.092000 0.991236
0.096000 0.991226
0.100000 0.991216
0.104000 0.991207
0.108000 0.991198
0.112000 0.991190
0.116000 0.991182
0.120000 0.991174
0.124000 0.991167
0.128000 0.991160
0.132000 0.991154
0.136000 0.991148
0.140000 0.991142
0.144000 0.991136
0.148000 0.991130
0.152000 0.991125
0.156000 0.991120
0.160000 0.991116
0.164000 0.991111
0.168000 0.991107
0.172000 0.991103
0.176000 0.991099
0.180000 0.991096
0.184000 0.991092
0.188000 0.991089
0.192000 0.991086
0.196000 0.991083
0.200000 0.991081
0.204000 0.991078
0.208000 0.991076
0.212000 0.991073
0.216000 0.991071
0.220000 0.991069
0.224000 0.991067
0.228000 0.991065
0.232000 0.991063
0.236000 0.991062
0.240000 0.991060
0.244000 0.991059
0.248000 0.991057
0.252000 0.991056
0.256000 0.991055
0.260000 0.991054
0.264000 0.991053
0.268000 0.991052
0.272000 0.991051
0.276000 0.991050
0.280000 0.991049
0.284000 0.991048
0.288000 0.991048
0.292000 0.991047
0.296000 0.991046
0.300000 0.991046
0.304000 0.991045
0.308000 0.991044
0.312000 0.991044
0.316000 0.991043
0.320000 0.991043
0.324000 0.991043
0.328000 0.991042
0.332000 0.991042
0.336000 0.991042
0.340000 0.991041
0.344000 0.991041
0.348000 0.991041
0.352000 0.991040
0.356000 0.991040
0.360000 0.991040
0.364000 0.991040
0.368000 0.991040
0.372000 0.991039
0.376000 0.991039
0.380000 0.991039
0.384000 0.991039
0.388000 0.991039
0.392000 0.991039
0.396000 0.991038
0.400000 0.991038
0.404000 0.991038
0.408000 0.991038
0.412000 0.991038
0.416000 0.991038
0.420000 0.991038
0.424000 0.991038
0.428000 0.991038
0.432000 0.991038
0.436000 0.991038
0.440000 0.991038
0.444000 0.991038
0.448000 0.991038
0.452000 0.991037
0.456000 0.991037
0.460000 0.991037
0.464000 0.991037
0.468000 0.991037
0.472000 0.991037
0.476000 0.991037
0.480000 0.991037
0.484000 0.991037
0.488000 0.991037
0.492000 0.991037
0.496000 0.991037
0.500000 0.991037
0.504000 0.991037
0.508000 0.991037
0.512000 0.991037
0.516000 0.991037
0.520000 0.991037
0.524000 0.991037
0.528000 0.991037
0.532000 0.991037
0.536000 0.991037
0.540000 0.991037
0.544000 0.991037
0.548000 0.991037
0.552000 0.991037
0.556000 0.991037
0.560000 0.991037
0.564000 0.991037
0.568000 0.991037
0.572000 0.991037
0.576000 0.991037
0.580000 0.991037
0.584000 0.991037
0.588000 0.991037
0.592000 0.991037
0.596000 0.991037
0.600000 0.991037
0.604000 0.991037
0.608000 0.991037
0.612000 0.991037
0.616000 0.991037
0.620000 0.991037
0.624000 0.991037
0.628000 0.991037
0.632000 0.991037
0.636000 0.991037
0.640000 0.991037
0.644000 0.991037
0.648000 0.991037
0.652000 0.991037
0.656000 0.991037
0.660000 0.991037
0.664000 0.991037
0.668000 0.991037
0.672000 0.991037
0.676000 0.991037
0.680000 0.991037
0.684000 0.991037
0.688000 0.991037
0.692000 0.991037
0.696000 0.991037
0.700000 0.991037
0.704000 0.991037
0.708000 0.991037
0.712000 0.991037
0.716000 0.991037
0.720000 0.991037
0.724000 0.991037
0.728000 0.991037
0.732000 0.991037
0.736000 0.991037
0.740000 0.991037
0.744000 0.991037
0.748000 0.991037
0.752000 0.991037
0.756000 0.991037
0.760000 0.991037
0.764000 0.991037
0.768000 0.991037
0.772000 0.991037
0.776000 0.991037
0.780000 0.991037
0.784000 0.991037
0.788000 0.991037
0.792000 0.991037
0.796000 0.991037
0.800000 0.991037
0.804000 0.991037
0.808000 0.991037
0.812000 0.991037
0.816000 0.991037
0.820000 0.991037
0.824000 0.991037
0.828000 0.991037
0.832000 0.991037
0.836000 0.991037
0.840000 0.991037
0.844000 0.991037
0.848000 0.991037
0.852000 0.991037
0.856000 0.991037
0.860000 0.991037
0.864000 0.991037
0.868000 0.991037
0.872000 0.991037
0.876000 0.991037
0.880000 0.991037
0.884000 0.991037
0.888000 0.991037
0.892000 0.991037
0.896000 0.991037
0.900000 0.991037
0.904000 0.991037
0.908000 0.991037
0.912000 0.991037
0.916000 0.991037
0.920000 0.991037
0.924000 0.991037
0.928000 0.991037
0.932000 0.991037
0.936000 0.991037
0.940000 0.991037
0.944000 0.991037
0.948000 0.991037
0.952000 0.991037
0.956000 0.991037
0.960000 0.991037
0.964000 0.991037
0.968000 0.991037
0.972000 0.991037
0.976000 0.991037
0.980000 0.991037
0.984000 0.991037
0.988000 0.991037
0.992000 0.991037
0.996000 0.991037
1.000000 0.991037
