-1.000000 0.991037
-0.996000 0.991037
-0.992000 0.991037
-0.988000 0.991037
-0.984000 0.991037
-0.980000 0.991037
-0.976000 0.991037
-0.972000 0.991037
-0.968000 0.991037
-0.964000 0.991037
-0.960000 0.991037
-0.956000 0.991037
-0.952000 0.991037
-0.948000 0.991037
-0.944000 0.991037
-0.940000 0.991037
-0.936000 0.991037
-0.932000 0.991037
-0.928000 0.991037
-0.924000 0.991037
-0.920000 0.991037
-0.916000 0.991037
-0.912000 0.991037
-0.908000 0.991037
-0.904000 0.991037
-0.900000 0.991037
-0.896000 0.991037
-0.892000 0.991037
-0.888000 0.991037
-0.884000 0.991037
-0.880000 0.991037
-0.876000 0.991037
-0.872000 0.991037
-0.868000 0.991037
-0.864000 0.991037
-0.860000 0.991037
-0.856000 0.991037
-0.852000 0.991037
-0.848000 0.991037
-0.844000 0.991037
-0.840000 0.991037
-0.836000 0.991037
-0.832000 0.991037
-0.828000 0.991037
-0.824000 0.991037
-0.820000 0.991037
-0.816000 0.991037
-0.812000 0.991037
-0.808000 0.991037
-0.804000 0.991037
-0.800000 0.991037
-0.796000 0.991037
-0.792000 0.991037
-0.788000 0.991037
-0.784000 0.991037
-0.780000 0.991037
-0.776000 0.991037
-0.772000 0.991037
-0.768000 0.991037
-0.764000 0.991037
-0.760000 0.991037
-0.756000 0.991038
-0.752000 0.991038
-0.748000 0.991038
-0.744000 0.991038
-0.740000 0.991038
-0.736000 0.991038
-0.732000 0.991038
-0.728000 0.991038
-0.724000 0.991038
-0.720000 0.991039
-0.716000 0.991039
-0.712000 0.991039
-0.708000 0.991039
-0.704000 0.991039
-0.700000 0.991040
-0.696000 0.991040
-0.692000 0.991040
-0.688000 0.991041
-0.684000 0.991041
-0.680000 0.991042
-0.676000 0.991042
-0.672000 0.991043
-0.668000 0.991043
-0.664000 0.991044
-0.660000 0.991044
-0.656000 0.991045
-0.652000 0.991046
-0.648000 0.991047
-0.644000 0.991048
-0.640000 0.991049
-0.636000 0.991050
-0.632000 0.991051
-0.628000 0.991052
-0.624000 0.991054
-0.620000 0.991055
-0.616000 0.991057
-0.612000 0.991059
-0.608000 0.991060
-0.604000 0.991063
-0.600000 0.991065
-0.596000 0.991067
-0.592000 0.991069
-0.588000 0.991072
-0.584000 0.991075
-0.580000 0.991078
-0.576000 0.991081
-0.572000 0.991085
-0.568000 0.991088
-0.564000 0.991092
-0.560000 0.991096
-0.556000 0.991101
-0.552000 0.991106
-0.548000 0.991111
-0.544000 0.991116
-0.540000 0.991121
-0.536000 0.991127
-0.532000 0.991133
-0.528000 0.991140
-0.524000 0.991147
-0.520000 0.991154
-0.516000 0.991162
-0.512000 0.991170
-0.508000 0.991178
-0.504000 0.991187
-0.500000 0.991197
-0.496000 0.991206
-0.492000 0.991217
-0.488000 0.991227
-0.484000 0.991238
-0.480000 0.991250
-0.476000 0.991262
-0.472000 0.991275
-0.468000 0.991288
-0.464000 0.991302
-0.460000 0.991316
-0.456000 0.991331
-0.452000 0.991347
-0.448000 0.991363
-0.444000 0.991379
-0.440000 0.991397
-0.436000 0.991414
-0.432000 0.991433
-0.428000 0.991452
-0.424000 0.991471
-0.420000 0.991492
-0.416000 0.991513
-0.412000 0.991534
-0.408000 0.991556
-0.404000 0.991579
-0.400000 0.991602
-0.396000 0.991626
-0.392000 0.991651
-0.388000 0.991676
-0.384000 0.991702
-0.380000 0.991729
-0.376000 0.991756
-0.372000 0.991784
-0.368000 0.991812
-0.364000 0.991841
-0.360000 0.991870
-0.356000 0.991901
-0.352000 0.991931
-0.348000 0.991962
-0.344000 0.991994
-0.340000 0.992026
-0.336000 0.992059
-0.332000 0.992092
-0.328000 0.992126
-0.324000 0.992160
-0.320000 0.992195
-0.316000 0.992230
-0.312000 0.992265
-0.308000 0.992301
-0.304000 0.992337
-0.300000 0.992373
-0.296000 0.992410
-0.292000 0.992447
-0.288000 0.992484
-0.284000 0.992522
-0.280000 0.992560
-0.276000 0.992598
-0.272000 0.992636
-0.268000 0.992674
-0.264000 0.992713
-0.260000 0.992751
-0.256000 0.992790
-0.252000 0.992829
-0.248000 0.992867
-0.244000 0.992906
-0.240000 0.992945
-0.236000 0.992983
-0.232000 0.993022
-0.228000 0.993060
-0.224000 0.993099
-0.220000 0.993137
-0.216000 0.993175
-0.212000 0.993213
-0.208000 0.993251
-0.204000 0.993288
-0.200000 0.993325
-0.196000 0.993362
-0.192000 0.993399
-0.188000 0.993435
-0.184000 0.993471
-0.180000 0.993507
-0.176000 0.993542
-0.172000 0.993577
-0.168000 0.993611
-0.164000 0.993645
-0.160000 0.993679
-0.156000 0.993712
-0.152000 0.993745
-0.148000 0.993777
-0.144000 0.993809
-0.140000 0.993840
-0.136000 0.993871
-0.132000 0.993901
-0.128000 0.993931
-0.124000 0.993960
-0.120000 0.993989
-0.116000 0.994017
-0.112000 0.994045
-0.108000 0.994072
-0.104000 0.994098
-0.100000 0.994124
-0.096000 0.994150
-0.092000 0.994175
-0.088000 0.994199
-0.084000 0.994223
-0.080000 0.994246
-0.076000 0.994269
-0.072000 0.994291
-0.068000 0.994312
-0.064000 0.994333
-0.060000 0.994354
-0.056000 0.994374
-0.052000 0.994393
-0.048000 0.994412
-0.044000 0.994430
-0.040000 0.994448
-0.036000 0.994465
-0.032000 0.994482
-0.028000 0.994498
-0.024000 0.994514
-0.020000 0.994529
-0.016000 0.994544
-0.012000 0.994558
-0.008000 0.994572
-0.004000 0.994585
0.000000 0.994598
0.004000 0.994611
0.008000 0.994623
0.012000 0.994635
0.016000 0.994646
0.020000 0.994657
0.024000 0.994667
0.028000 0.994677
0.032000 0.994687
0.036000 0.994696
0.040000 0.994705
0.044000 0.994714
0.048000 0.994722
0.052000 0.994730
0.056000 0.994738
0.060000 0.994745
0.064000 0.994752
0.068000 0.994759
0.072000 0.994766
0.076000 0.994772
0.080000 0.994778
0.084000 0.994784
0.088000 0.994789
0.092000 0.994794
0.096000 0.994799
0.100000 0.994804
0.104000 0.994809
0.108000 0.994813
0.112000 0.994817
0.116000 0.994821
0.120000 0.994825
0.124000 0.994828
0.128000 0.994832
0.132000 0.994835
0.136000 0.994838
0.140000 0.994841
0.144000 0.994844
0.148000 0.994847
0.152000 0.994849
0.156000 0.994852
0.160000 0.994854
0.164000 0.994856
0.168000 0.994858
0.172000 0.994860
0.176000 0.994862
0.180000 0.994864
0.184000 0.994865
0.188000 0.994867
0.192000 0.994868
0.196000 0.994870
0.200000 0.994871
0.204000 0.994872
0.208000 0.994874
0.212000 0.994875
0.216000 0.994876
0.220000 0.994877
0.224000 0.994878
0.228000 0.994879
0.232000 0.994879
0.236000 0.994880
0.240000 0.994881
0.244000 0.994882
0.248000 0.994882
0.252000 0.994883
0.256000 0.994883
0.260000 0.994884
0.264000 0.994885
0.268000 0.994885
0.272000 0.994885
0.276000 0.994886
0.280000 0.994886
0.284000 0.994887
0.288000 0.994887
0.292000 0.994887
0.296000 0.994888
0.300000 0.994888
0.304000 0.994888
0.308000 0.994889
0.312000 0.994889
0.316000 0.994889
0.320000 0.994889
0.324000 0.994889
0.328000 0.994890
0.332000 0.994890
0.336000 0.994890
0.340000 0.994890
0.344000 0.994890
0.348000 0.994890
0.352000 0.994890
0.356000 0.994891
0.360000 0.994891
0.364000 0.994891
0.368000 0.994891
0.372000 0.994891
0.376000 0.994891
0.380000 0.994891
0.384000 0.994891
0.388000 0.994891
0.392000 0.994891
0.396000 0.994891
0.400000 0.994891
0.404000 0.994891
0.408000 0.994891
0.412000 0.994892
0.416000 0.994892
0.420000 0.994892
0.424000 0.994892
0.428000 0.994892
0.432000 0.994892
0.436000 0.994892
0.440000 0.994892
0.444000 0.994892
0.448000 0.994892
0.452000 0.994892
0.456000 0.994892
0.460000 0.994892
0.464000 0.994892
0.468000 0.994892
0.472000 0.994892
0.476000 0.994892
0.480000 0.994892
0.484000 0.994892
0.488000 0.994892
0.492000 0.994892
0.496000 0.994892
0.500000 0.994892
0.504000 0.994892
0.508000 0.994892
0.512000 0.994892
0.516000 0.994892
0.520000 0.994892
0.524000 0.994892
0.528000 0.994892
0.532000 0.994892
0.536000 0.994892
0.540000 0.994892
0.544000 0.994892
0.548000 0.994892
0.552000 0.994892
0.556000 0.994892
0.560000 0.994892
0.564000 0.994892
0.568000 0.994892
0.572000 0.994892
0.576000 0.994892
0.580000 0.994892
0.584000 0.994892
0.588000 0.994892
0.592000 0.994892
0.596000 0.994892
0.600000 0.994892
0.604000 0.994892
0.608000 0.994892
0.612000 0.994892
0.616000 0.994892
0.620000 0.994892
0.624000 0.994892
0.628000 0.994892
0.632000 0.994892
0.636000 0.994892
0.640000 0.994892
0.644000 0.994892
0.648000 0.994892
0.652000 0.994892
0.656000 0.994892
0.660000 0.994892
0.664000 0.994892
0.668000 0.994892
0.672000 0.994892
0.676000 0.994892
0.680000 0.994892
0.684000 0.994892
0.688000 0.994892
0.692000 0.994892
0.696000 0.994892
0.700000 0.994892
0.704000 0.994892
0.708000 0.994892
0.712000 0.994892
0.716000 0.994892
0.720000 0.994892
0.724000 0.994892
0.728000 0.994892
0.732000 0.994892
0.736000 0.994892
0.740000 0.994892
0.744000 0.994892
0.748000 0.994892
0.752000 0.994892
0.756000 0.994892
0.760000 0.994892
0.764000 0.994892
0.768000 0.994892
0.772000 0.994892
0.776000 0.994892
0.780000 0.994892
0.784000 0.994892
0.788000 0.994892
0.792000 0.994892
0.796000 0.994892
0.800000 0.994892
0.804000 0.994892
0.808000 0.994892
0.812000 0.994892
0.816000 0.994892
0.820000 0.994892
0.824000 0.994892
0.828000 0.994892
0.832000 0.994892
0.836000 0.994892
0.840000 0.994892
0.844000 0.994892
0.848000 0.994892
0.852000 0.994892
0.856000 0.994892
0.860000 0.994892
0.864000 0.994892
0.868000 0.994892
0.872000 0.994892
0.876000 0.994892
0.880000 0.994892
0.884000 0.994892
0.888000 0.994892
0.892000 0.994892
0.896000 0.994892
0.900000 0.994892
0.904000 0.994892
0.908000 0.994892
0.912000 0.994892
0.916000 0.994892
0.920000 0.994892
0.924000 0.994892
0.928000 0.994892
0.932000 0.994892
0.936000 0.994892
0.940000 0.994892
0.944000 0.994892
0.948000 0.994892
0.952000 0.994892
0.956000 0.994892
0.960000 0.994892
0.964000 0.994892
0.968000 0.994892
0.972000 0.994892
0.976000 0.994892
0.980000 0.994892
0.984000 0.994892
0.988000 0.994892
0.992000 0.994892
0.996000 0.994892
1.000000 0.994892
