-1.000000 0.992919
-0.996000 0.992919
-0.992000 0.992919
-0.988000 0.992919
-0.984000 0.992919
-0.980000 0.992919
-0.976000 0.992919
-0.972000 0.992919
-0.968000 0.992919
-0.964000 0.992919
-0.960000 0.992919
-0.956000 0.992919
-0.952000 0.992919
-0.948000 0.992919
-0.944000 0.992919
-0.940000 0.992919
-0.936000 0.992919
-0.932000 0.992919
-0.928000 0.992919
-0.924000 0.992919
-0.920000 0.992919
-0.916000 0.992919
-0.912000 0.992919
-0.908000 0.992919
-0.904000 0.992919
-0.900000 0.992919
-0.896000 0.992919
-0.892000 0.992919
-0.888000 0.992919
-0.884000 0.992919
-0.880000 0.992919
-0.876000 0.992919
-0.872000 0.992919
-0.868000 0.992919
-0.864000 0.992919
-0.860000 0.992919
-0.856000 0.992919
-0.852000 0.992919
-0.848000 0.992919
-0.844000 0.992919
-0.840000 0.992919
-0.836000 0.992919
-0.832000 0.992919
-0.828000 0.992919
-0.824000 0.992919
-0.820000 0.992919
-0.816000 0.992919
-0.812000 0.992919
-0.808000 0.992919
-0.804000 0.992919
-0.800000 0.992919
-0.796000 0.992919
-0.792000 0.992919
-0.788000 0.992919
-0.784000 0.992919
-0.780000 0.992919
-0.776000 0.992919
-0.772000 0.992919
-0.768000 0.992919
-0.764000 0.992919
-0.760000 0.992919
-0.756000 0.992919
-0.752000 0.992919
-0.748000 0.992919
-0.744000 0.992919
-0.740000 0.992919
-0.736000 0.992919
-0.732000 0.992919
-0.728000 0.992919
-0.724000 0.992919
-0.720000 0.992919
-0.716000 0.992919
-0.712000 0.992919
-0.708000 0.992919
-0.704000 0.992919
-0.700000 0.992919
-0.696000 0.992919
-0.692000 0.992919
-0.688000 0.992919
-0.684000 0.992919
-0.680000 0.992919
-0.676000 0.992919
-0.672000 0.992919
-0.668000 0.992919
-0.664000 0.992919
-0.660000 0.992919
-0.656000 0.992919
-0.652000 0.992919
-0.648000 0.992919
-0.644000 0.992919
-0.640000 0.992919
-0.636000 0.992919
-0.632000 0.992919
-0.628000 0.992919
-0.624000 0.992919
-0.620000 0.992919
-0.616000 0.992919
-0.612000 0.992919
-0.608000 0.992919
-0.604000 0.992919
-0.600000 0.992919
-0.596000 0.992919
-0.592000 0.992919
-0.588000 0.992919
-0.584000 0.992919
-0.580000 0.992919
-0.576000 0.992919
-0.572000 0.992919
-0.568000 0.992919
-0.564000 0.992919
-0.560000 0.992919
-0.556000 0.992919
-0.552000 0.992919
-0.548000 0.992919
-0.544000 0.992919
-0.540000 0.992919
-0.536000 0.992919
-0.532000 0.992919
-0.528000 0.992919
-0.524000 0.992919
-0.520000 0.992919
-0.516000 0.992919
-0.512000 0.992919
-0.508000 0.992919
-0.504000 0.992919
-0.500000 0.992919
-0.496000 0.992919
-0.492000 0.992919
-0.488000 0.992919
-0.484000 0.992919
-0.480000 0.992919
-0.476000 0.992919
-0.472000 0.992919
-0.468000 0.992919
-0.464000 0.992919
-0.460000 0.992919
-0.456000 0.992920
-0.452000 0.992920
-0.448000 0.992920
-0.444000 0.992920
-0.440000 0.992920
-0.436000 0.992920
-0.432000 0.992920
-0.428000 0.992920
-0.424000 0.992920
-0.420000 0.992920
-0.416000 0.992920
-0.412000 0.992920
-0.408000 0.992921
-0.404000 0.992921
-0.400000 0.992921
-0.396000 0.992921
-0.392000 0.992921
-0.388000 0.992921
-0.384000 0.992922
-0.380000 0.992922
-0.376000 0.992922
-0.372000 0.992922
-0.368000 0.992923
-0.364000 0.992923
-0.360000 0.992923
-0.356000 0.992924
-0.352000 0.992924
-0.348000 0.992924
-0.344000 0.992925
-0.340000 0.992925
-0.336000 0.992926
-0.332000 0.992926
-0.328000 0.992927
-0.324000 0.992927
-0.320000 0.992928
-0.316000 0.992929
-0.312000 0.992929
-0.308000 0.992930
-0.304000 0.992931
-0.300000 0.992932
-0.296000 0.992933
-0.292000 0.992934
-0.288000 0.992935
-0.284000 0.992936
-0.280000 0.992937
-0.276000 0.992938
-0.272000 0.992940
-0.268000 0.992941
-0.264000 0.992943
-0.260000 0.992944
-0.256000 0.992946
-0.252000 0.992948
-0.248000 0.992950
-0.244000 0.992952
-0.240000 0.992954
-0.236000 0.992956
-0.232000 0.992959
-0.228000 0.992961
-0.224000 0.992964
-0.220000 0.992967
-0.216000 0.992970
-0.212000 0.992973
-0.208000 0.992976
-0.204000 0.992980
-0.200000 0.992983
-0.196000 0.992987
-0.192000 0.992991
-0.188000 0.992995
-0.184000 0.993000
-0.180000 0.993004
-0.176000 0.993009
-0.172000 0.993014
-0.168000 0.993020
-0.164000 0.993025
-0.160000 0.993031
-0.156000 0.993037
-0.152000 0.993044
-0.148000 0.993051
-0.144000 0.993058
-0.140000 0.993065
-0.136000 0.993073
-0.132000 0.993081
-0.128000 0.993089
-0.124000 0.993098
-0.120000 0.993107
-0.116000 0.993116
-0.112000 0.993126
-0.108000 0.993136
-0.104000 0.993146
-0.100000 0.993157
-0.096000 0.993169
-0.092000 0.993181
-0.088000 0.993193
-0.084000 0.993206
-0.080000 0.993219
-0.076000 0.993232
-0.072000 0.993246
-0.068000 0.993261
-0.064000 0.993276
-0.060000 0.993292
-0.056000 0.993308
-0.052000 0.993325
-0.048000 0.993342
-0.044000 0.993360
-0.040000 0.993378
-0.036000 0.993397
-0.032000 0.993416
-0.028000 0.993436
-0.024000 0.993457
-0.020000 0.993478
-0.016000 0.993500
-0.012000 0.993522
-0.008000 0.993545
-0.004000 0.993569
0.000000 0.993593
0.004000 0.993618
0.008000 0.993644
0.012000 0.993670
0.016000 0.993697
0.020000 0.993725
0.024000 0.993753
0.028000 0.993782
0.032000 0.993811
0.036000 0.993842
0.040000 0.993872
0.044000 0.993904
0.048000 0.993936
0.052000 0.993969
0.056000 0.994003
0.060000 0.994037
0.064000 0.994072
0.068000 0.994107
0.072000 0.994144
0.076000 0.994181
0.080000 0.994218
0.084000 0.994256
0.088000 0.994295
0.092000 0.994335
0.096000 0.994375
0.100000 0.994416
0.104000 0.994457
0.108000 0.994499
0.112000 0.994542
0.116000 0.994585
0.120000 0.994628
0.124000 0.994673
0.128000 0.994718
0.132000 0.994763
0.136000 0.994809
0.140000 0.994856
0.144000 0.994903
0.148000 0.994950
0.152000 0.994998
0.156000 0.995047
0.160000 0.995096
0.164000 0.995145
0.168000 0.995195
0.172000 0.995245
0.176000 0.995296
0.180000 0.995347
0.184000 0.995398
0.188000 0.995450
0.192000 0.995502
0.196000 0.995554
0.200000 0.995607
0.204000 0.995660
0.208000 0.995713
0.212000 0.995766
0.216000 0.995820
0.220000 0.995874
0.224000 0.995928
0.228000 0.995982
0.232000 0.996036
0.236000 0.996090
0.240000 0.996145
0.244000 0.996199
0.248000 0.996254
0.252000 0.996308
0.256000 0.996363
0.260000 0.996417
0.264000 0.996472
0.268000 0.996526
0.272000 0.996581
0.276000 0.996635
0.280000 0.996689
0.284000 0.996743
0.288000 0.996797
0.292000 0.996851
0.296000 0.996904
0.300000 0.996958
0.304000 0.997011
0.308000 0.997064
0.312000 0.997116
0.316000 0.997168
0.320000 0.997220
0.324000 0.997272
0.328000 0.997324
0.332000 0.997375
0.336000 0.997425
0.340000 0.997476
0.344000 0.997525
0.348000 0.997575
0.352000 0.997624
0.356000 0.997673
0.360000 0.997721
0.364000 0.997769
0.368000 0.997816
0.372000 0.997863
0.376000 0.997909
0.380000 0.997955
0.384000 0.998000
0.388000 0.998045
0.392000 0.998089
0.396000 0.998132
0.400000 0.998176
0.404000 0.998218
0.408000 0.998260
0.412000 0.998302
0.416000 0.998342
0.420000 0.998383
0.424000 0.998422
0.428000 0.998461
0.432000 0.998500
0.436000 0.998538
0.440000 0.998575
0.444000 0.998612
0.448000 0.998648
0.452000 0.998683
0.456000 0.998718
0.460000 0.998752
0.464000 0.998786
0.468000 0.998819
0.472000 0.998851
0.476000 0.998883
0.480000 0.998914
0.484000 0.998945
0.488000 0.998975
0.492000 0.999004
0.496000 0.999033
0.500000 0.999061
0.504000 0.999089
0.508000 0.999116
0.512000 0.999142
0.516000 0.999168
0.520000 0.999193
0.524000 0.999218
0.528000 0.999242
0.532000 0.999266
0.536000 0.999289
0.540000 0.999311
0.544000 0.999333
0.548000 0.999354
0.552000 0.999375
0.556000 0.999396
0.560000 0.999415
0.564000 0.999435
0.568000 0.999454
0.572000 0.999472
0.576000 0.999490
0.580000 0.999507
0.584000 0.999524
0.588000 0.999540
0.592000 0.999556
0.596000 0.999572
0.600000 0.999587
0.604000 0.999602
0.608000 0.999616
0.612000 0.999630
0.616000 0.999643
0.620000 0.999656
0.624000 0.999669
0.628000 0.999681
0.632000 0.999693
0.636000 0.999704
0.640000 0.999715
0.644000 0.999726
0.648000 0.999736
0.652000 0.999747
0.656000 0.999756
0.660000 0.999766
0.664000 0.999775
0.668000 0.999784
0.672000 0.999792
0.676000 0.999801
0.680000 0.999809
0.684000 0.999816
0.688000 0.999824
0.692000 0.999831
0.696000 0.999838
0.700000 0.999844
0.704000 0.999851
0.708000 0.999857
0.712000 0.999863
0.716000 0.999869
0.720000 0.999874
0.724000 0.999880
0.728000 0.999885
0.732000 0.999890
0.736000 0.999895
0.740000 0.999899
0.744000 0.999904
0.748000 0.999908
0.752000 0.999912
0.756000 0.999916
0.760000 0.999920
0.764000 0.999923
0.768000 0.999927
0.772000 0.999930
0.776000 0.999933
0.780000 0.999936
0.784000 0.999939
0.788000 0.999942
0.792000 0.999945
0.796000 0.999947
0.800000 0.999950
0.804000 0.999952
0.808000 0.999954
0.812000 0.999957
0.816000 0.999959
0.820000 0.999961
0.824000 0.999962
0.828000 0.999964
0.832000 0.999966
0.836000 0.999968
0.840000 0.999969
0.844000 0.999971
0.848000 0.999972
0.852000 0.999974
0.856000 0.999975
0.860000 0.999976
0.864000 0.999977
0.868000 0.999979
0.872000 0.999980
0.876000 0.999981
0.880000 0.999982
0.884000 0.999983
0.888000 0.999984
0.892000 0.999984
0.896000 0.999985
0.900000 0.999986
0.904000 0.999987
0.908000 0.999987
0.912000 0.999988
0.916000 0.999989
0.920000 0.999989
0.924000 0.999990
0.928000 0.999990
0.932000 0.999991
0.936000 0.999991
0.940000 0.999992
0.944000 0.999992
0.948000 0.999993
0.952000 0.999993
0.956000 0.999994
0.960000 0.999994
0.964000 0.999994
0.968000 0.999995
0.972000 0.999995
0.976000 0.999995
0.980000 0.999996
0.984000 0.999996
0.988000 0.999996
0.992000 0.999997
0.996000 0.999997
1.000000 0.999998
