-1.000000 0.991037
-0.996000 0.991037
-0.992000 0.991037
-0.988000 0.991037
-0.984000 0.991037
-0.980000 0.991037
-0.976000 0.991037
-0.972000 0.991037
-0.968000 0.991037
-0.964000 0.991037
-0.960000 0.991037
-0.956000 0.991037
-0.952000 0.991037
-0.948000 0.991037
-0.944000 0.991037
-0.940000 0.991037
-0.936000 0.991037
-0.932000 0.991037
-0.928000 0.991037
-0.924000 0.991037
-0.920000 0.991037
-0.916000 0.991037
-0.912000 0.991037
-0.908000 0.991037
-0.904000 0.991037
-0.900000 0.991037
-0.896000 0.991037
-0.892000 0.991037
-0.888000 0.991037
-0.884000 0.991037
-0.880000 0.991037
-0.876000 0.991037
-0.872000 0.991037
-0.868000 0.991037
-0.864000 0.991037
-0.860000 0.991037
-0.856000 0.991037
-0.852000 0.991037
-0.848000 0.991037
-0.844000 0.991037
-0.840000 0.991037
-0.836000 0.991037
-0.832000 0.991037
-0.828000 0.991037
-0.824000 0.991037
-0.820000 0.991037
-0.816000 0.991037
-0.812000 0.991037
-0.808000 0.991037
-0.804000 0.991037
-0.800000 0.991037
-0.796000 0.991037
-0.792000 0.991037
-0.788000 0.991037
-0.784000 0.991037
-0.780000 0.991037
-0.776000 0.991037
-0.772000 0.991037
-0.768000 0.991037
-0.764000 0.991037
-0.760000 0.991037
-0.756000 0.991037
-0.752000 0.991037
-0.748000 0.991037
-0.744000 0.991037
-0.740000 0.991037
-0.736000 0.991037
-0.732000 0.991037
-0.728000 0.991037
-0.724000 0.991037
-0.720000 0.991037
-0.716000 0.991037
-0.712000 0.991037
-0.708000 0.991037
-0.704000 0.991037
-0.700000 0.991037
-0.696000 0.991038
-0.692000 0.991038
-0.688000 0.991038
-0.684000 0.991038
-0.680000 0.991038
-0.676000 0.991038
-0.672000 0.991038
-0.668000 0.991038
-0.664000 0.991038
-0.660000 0.991038
-0.656000 0.991039
-0.652000 0.991039
-0.648000 0.991039
-0.644000 0.991039
-0.640000 0.991039
-0.636000 0.991040
-0.632000 0.991040
-0.628000 0.991040
-0.624000 0.991040
-0.620000 0.991041
-0.616000 0.991041
-0.612000 0.991042
-0.608000 0.991042
-0.604000 0.991042
-0.600000 0.991043
-0.596000 0.991044
-0.592000 0.991044
-0.588000 0.991045
-0.584000 0.991046
-0.580000 0.991046
-0.576000 0.991047
-0.572000 0.991048
-0.568000 0.991049
-0.564000 0.991050
-0.560000 0.991051
-0.556000 0.991052
-0.552000 0.991054
-0.548000 0.991055
-0.544000 0.991057
-0.540000 0.991058
-0.536000 0.991060
-0.532000 0.991062
-0.528000 0.991064
-0.524000 0.991066
-0.520000 0.991068
-0.516000 0.991070
-0.512000 0.991073
-0.508000 0.991076
-0.504000 0.991079
-0.500000 0.991082
-0.496000 0.991085
-0.492000 0.991088
-0.488000 0.991092
-0.484000 0.991096
-0.480000 0.991100
-0.476000 0.991104
-0.472000 0.991109
-0.468000 0.991113
-0.464000 0.991118
-0.460000 0.991124
-0.456000 0.991129
-0.452000 0.991135
-0.448000 0.991141
-0.444000 0.991148
-0.440000 0.991155
-0.436000 0.991162
-0.432000 0.991169
-0.428000 0.991177
-0.424000 0.991185
-0.420000 0.991194
-0.416000 0.991203
-0.412000 0.991212
-0.408000 0.991222
-0.404000 0.991232
-0.400000 0.991243
-0.396000 0.991254
-0.392000 0.991265
-0.388000 0.991277
-0.384000 0.991290
-0.380000 0.991303
-0.376000 0.991316
-0.372000 0.991330
-0.368000 0.991344
-0.364000 0.991359
-0.360000 0.991374
-0.356000 0.991390
-0.352000 0.991407
-0.348000 0.991424
-0.344000 0.991441
-0.340000 0.991459
-0.336000 0.991478
-0.332000 0.991497
-0.328000 0.991516
-0.324000 0.991536
-0.320000 0.991557
-0.316000 0.991579
-0.312000 0.991600
-0.308000 0.991623
-0.304000 0.991646
-0.300000 0.991669
-0.296000 0.991693
-0.292000 0.991718
-0.288000 0.991743
-0.284000 0.991769
-0.280000 0.991795
-0.276000 0.991822
-0.272000 0.991849
-0.268000 0.991876
-0.264000 0.991905
-0.260000 0.991933
-0.256000 0.991963
-0.252000 0.991992
-0.248000 0.992022
-0.244000 0.992053
-0.240000 0.992084
-0.236000 0.992115
-0.232000 0.992147
-0.228000 0.992179
-0.224000 0.992212
-0.220000 0.992245
-0.216000 0.992278
-0.212000 0.992312
-0.208000 0.992346
-0.204000 0.992380
-0.200000 0.992415
-0.196000 0.992449
-0.192000 0.992484
-0.188000 0.992520
-0.184000 0.992555
-0.180000 0.992591
-0.176000 0.992626
-0.172000 0.992662
-0.168000 0.992698
-0.164000 0.992734
-0.160000 0.992771
-0.156000 0.992807
-0.152000 0.992843
-0.148000 0.992879
-0.144000 0.992916
-0.140000 0.992952
-0.136000 0.992988
-0.132000 0.993025
-0.128000 0.993061
-0.124000 0.993097
-0.120000 0.993133
-0.116000 0.993168
-0.112000 0.993204
-0.108000 0.993239
-0.104000 0.993275
-0.100000 0.993310
-0.096000 0.993344
-0.092000 0.993379
-0.088000 0.993413
-0.084000 0.993447
-0.080000 0.993481
-0.076000 0.993514
-0.072000 0.993547
-0.068000 0.993580
-0.064000 0.993612
-0.060000 0.993644
-0.056000 0.993676
-0.052000 0.993707
-0.048000 0.993738
-0.044000 0.993769
-0.040000 0.993799
-0.036000 0.993828
-0.032000 0.993857
-0.028000 0.993886
-0.024000 0.993914
-0.020000 0.993942
-0.016000 0.993970
-0.012000 0.993997
-0.008000 0.994023
-0.004000 0.994049
0.000000 0.994074
0.004000 0.994099
0.008000 0.994124
0.012000 0.994148
0.016000 0.994171
0.020000 0.994194
0.024000 0.994217
0.028000 0.994239
0.032000 0.994260
0.036000 0.994281
0.040000 0.994302
0.044000 0.994322
0.048000 0.994341
0.052000 0.994360
0.056000 0.994379
0.060000 0.994397
0.064000 0.994415
0.068000 0.994432
0.072000 0.994449
0.076000 0.994465
0.080000 0.994481
0.084000 0.994496
0.088000 0.994511
0.092000 0.994526
0.096000 0.994540
0.100000 0.994553
0.104000 0.994567
0.108000 0.994579
0.112000 0.994592
0.116000 0.994604
0.120000 0.994616
0.124000 0.994627
0.128000 0.994638
0.132000 0.994648
0.136000 0.994658
0.140000 0.994668
0.144000 0.994678
0.148000 0.994687
0.152000 0.994696
0.156000 0.994704
0.160000 0.994713
0.164000 0.994720
0.168000 0.994728
0.172000 0.994735
0.176000 0.994742
0.180000 0.994749
0.184000 0.994756
0.188000 0.994762
0.192000 0.994768
0.196000 0.994774
0.200000 0.994779
0.204000 0.994785
0.208000 0.994790
0.212000 0.994795
0.216000 0.994800
0.220000 0.994804
0.224000 0.994808
0.228000 0.994812
0.232000 0.994816
0.236000 0.994820
0.240000 0.994824
0.244000 0.994827
0.248000 0.994831
0.252000 0.994834
0.256000 0.994837
0.260000 0.994840
0.264000 0.994842
0.268000 0.994845
0.272000 0.994847
0.276000 0.994850
0.280000 0.994852
0.284000 0.994854
0.288000 0.994856
0.292000 0.994858
0.296000 0.994860
0.300000 0.994862
0.304000 0.994863
0.308000 0.994865
0.312000 0.994867
0.316000 0.994868
0.320000 0.994869
0.324000 0.994871
0.328000 0.994872
0.332000 0.994873
0.336000 0.994874
0.340000 0.994875
0.344000 0.994876
0.348000 0.994877
0.352000 0.994878
0.356000 0.994879
0.360000 0.994880
0.364000 0.994880
0.368000 0.994881
0.372000 0.994882
0.376000 0.994882
0.380000 0.994883
0.384000 0.994883
0.388000 0.994884
0.392000 0.994884
0.396000 0.994885
0.400000 0.994885
0.404000 0.994886
0.408000 0.994886
0.412000 0.994887
0.416000 0.994887
0.420000 0.994887
0.424000 0.994887
0.428000 0.994888
0.432000 0.994888
0.436000 0.994888
0.440000 0.994889
0.444000 0.994889
0.448000 0.994889
0.452000 0.994889
0.456000 0.994889
0.460000 0.994890
0.464000 0.994890
0.468000 0.994890
0.472000 0.994890
0.476000 0.994890
0.480000 0.994890
0.484000 0.994890
0.488000 0.994890
0.492000 0.994891
0.496000 0.994891
0.500000 0.994891
0.504000 0.994891
0.508000 0.994891
0.512000 0.994891
0.516000 0.994891
0.520000 0.994891
0.524000 0.994891
0.528000 0.994891
0.532000 0.994891
0.536000 0.994891
0.540000 0.994891
0.544000 0.994891
0.548000 0.994891
0.552000 0.994892
0.556000 0.994892
0.560000 0.994892
0.564000 0.994892
0.568000 0.994892
0.572000 0.994892
0.576000 0.994892
0.580000 0.994892
0.584000 0.994892
0.588000 0.994892
0.592000 0.994892
0.596000 0.994892
0.600000 0.994892
0.604000 0.994892
0.608000 0.994892
0.612000 0.994892
0.616000 0.994892
0.620000 0.994892
0.624000 0.994892
0.628000 0.994892
0.632000 0.994892
0.636000 0.994892
0.640000 0.994892
0.644000 0.994892
0.648000 0.994892
0.652000 0.994892
0.656000 0.994892
0.660000 0.994892
0.664000 0.994892
0.668000 0.994892
0.672000 0.994892
0.676000 0.994892
0.680000 0.994892
0.684000 0.994892
0.688000 0.994892
0.692000 0.994892
0.696000 0.994892
0.700000 0.994892
0.704000 0.994892
0.708000 0.994892
0.712000 0.994892
0.716000 0.994892
0.720000 0.994892
0.724000 0.994892
0.728000 0.994892
0.732000 0.994892
0.736000 0.994892
0.740000 0.994892
0.744000 0.994892
0.748000 0.994892
0.752000 0.994892
0.756000 0.994892
0.760000 0.994892
0.764000 0.994892
0.768000 0.994892
0.772000 0.994892
0.776000 0.994892
0.780000 0.994892
0.784000 0.994892
0.788000 0.994892
0.792000 0.994892
0.796000 0.994892
0.800000 0.994892
0.804000 0.994892
0.808000 0.994892
0.812000 0.994892
0.816000 0.994892
0.820000 0.994892
0.824000 0.994892
0.828000 0.994892
0.832000 0.994892
0.836000 0.994892
0.840000 0.994892
0.844000 0.994892
0.848000 0.994892
0.852000 0.994892
0.856000 0.994892
0.860000 0.994892
0.864000 0.994892
0.868000 0.994892
0.872000 0.994892
0.876000 0.994892
0.880000 0.994892
0.884000 0.994892
0.888000 0.994892
0.892000 0.994892
0.896000 0.994892
0.900000 0.994892
0.904000 0.994892
0.908000 0.994892
0.912000 0.994892
0.916000 0.994892
0.920000 0.994892
0.924000 0.994892
0.928000 0.994892
0.932000 0.994892
0.936000 0.994892
0.940000 0.994892
0.944000 0.994892
0.948000 0.994892
0.952000 0.994892
0.956000 0.994892
0.960000 0.994892
0.964000 0.994892
0.968000 0.994892
0.972000 0.994892
0.976000 0.994892
0.980000 0.994892
0.984000 0.994892
0.988000 0.994892
0.992000 0.994892
0.996000 0.994892
1.000000 0.994892
