-1.000000 0.991037
-0.996000 0.991037
-0.992000 0.991037
-0.988000 0.991037
-0.984000 0.991037
-0.980000 0.991037
-0.976000 0.991037
-0.972000 0.991037
-0.968000 0.991037
-0.964000 0.991037
-0.960000 0.991037
-0.956000 0.991037
-0.952000 0.991037
-0.948000 0.991037
-0.944000 0.991037
-0.940000 0.991037
-0.936000 0.991037
-0.932000 0.991037
-0.928000 0.991037
-0.924000 0.991037
-0.920000 0.991037
-0.916000 0.991037
-0.912000 0.991037
-0.908000 0.991037
-0.904000 0.991037
-0.900000 0.991037
-0.896000 0.991037
-0.892000 0.991037
-0.888000 0.991037
-0.884000 0.991037
-0.880000 0.991037
-0.876000 0.991037
-0.872000 0.991037
-0.868000 0.991037
-0.864000 0.991037
-0.860000 0.991037
-0.856000 0.991037
-0.852000 0.991037
-0.848000 0.991038
-0.844000 0.991038
-0.840000 0.991038
-0.836000 0.991038
-0.832000 0.991038
-0.828000 0.991038
-0.824000 0.991038
-0.820000 0.991038
-0.816000 0.991039
-0.812000 0.991039
-0.808000 0.991039
-0.804000 0.991039
-0.800000 0.991040
-0.796000 0.991040
-0.792000 0.991040
-0.788000 0.991041
-0.784000 0.991041
-0.780000 0.991042
-0.776000 0.991043
-0.772000 0.991043
-0.768000 0.991044
-0.764000 0.991045
-0.760000 0.991046
-0.756000 0.991047
-0.752000 0.991048
-0.748000 0.991049
-0.744000 0.991050
-0.740000 0.991052
-0.736000 0.991053
-0.732000 0.991055
-0.728000 0.991057
-0.724000 0.991059
-0.720000 0.991061
-0.716000 0.991064
-0.712000 0.991066
-0.708000 0.991069
-0.704000 0.991072
-0.700000 0.991075
-0.696000 0.991079
-0.692000 0.991083
-0.688000 0.991087
-0.684000 0.991091
-0.680000 0.991096
-0.676000 0.991101
-0.672000 0.991106
-0.668000 0.991112
-0.664000 0.991118
-0.660000 0.991125
-0.656000 0.991132
-0.652000 0.991139
-0.648000 0.991147
-0.644000 0.991156
-0.640000 0.991165
-0.636000 0.991174
-0.632000 0.991184
-0.628000 0.991195
-0.624000 0.991206
-0.620000 0.991217
-0.616000 0.991230
-0.612000 0.991243
-0.608000 0.991256
-0.604000 0.991271
-0.600000 0.991286
-0.596000 0.991301
-0.592000 0.991318
-0.588000 0.991335
-0.584000 0.991353
-0.580000 0.991371
-0.576000 0.991391
-0.572000 0.991411
-0.568000 0.991432
-0.564000 0.991454
-0.560000 0.991476
-0.556000 0.991499
-0.552000 0.991524
-0.548000 0.991548
-0.544000 0.991574
-0.540000 0.991601
-0.536000 0.991628
-0.532000 0.991656
-0.528000 0.991685
-0.524000 0.991715
-0.520000 0.991746
-0.516000 0.991777
-0.512000 0.991809
-0.508000 0.991842
-0.504000 0.991876
-0.500000 0.991910
-0.496000 0.991945
-0.492000 0.991981
-0.488000 0.992017
-0.484000 0.992054
-0.480000 0.992092
-0.476000 0.992130
-0.472000 0.992169
-0.468000 0.992208
-0.464000 0.992248
-0.460000 0.992289
-0.456000 0.992329
-0.452000 0.992371
-0.448000 0.992412
-0.444000 0.992454
-0.440000 0.992497
-0.436000 0.992539
-0.432000 0.992582
-0.428000 0.992625
-0.424000 0.992669
-0.420000 0.992712
-0.416000 0.992756
-0.412000 0.992799
-0.408000 0.992843
-0.404000 0.992887
-0.400000 0.992931
-0.396000 0.992974
-0.392000 0.993018
-0.388000 0.993061
-0.384000 0.993105
-0.380000 0.993148
-0.376000 0.993190
-0.372000 0.993233
-0.368000 0.993275
-0.364000 0.993317
-0.360000 0.993359
-0.356000 0.993400
-0.352000 0.993441
-0.348000 0.993481
-0.344000 0.993521
-0.340000 0.993561
-0.336000 0.993600
-0.332000 0.993638
-0.328000 0.993676
-0.324000 0.993713
-0.320000 0.993750
-0.316000 0.993786
-0.312000 0.993822
-0.308000 0.993857
-0.304000 0.993891
-0.300000 0.993925
-0.296000 0.993958
-0.292000 0.993990
-0.288000 0.994021
-0.284000 0.994052
-0.280000 0.994082
-0.276000 0.994112
-0.272000 0.994141
-0.268000 0.994169
-0.264000 0.994196
-0.260000 0.994223
-0.256000 0.994249
-0.252000 0.994274
-0.248000 0.994298
-0.244000 0.994322
-0.240000 0.994346
-0.236000 0.994368
-0.232000 0.994390
-0.228000 0.994411
-0.224000 0.994431
-0.220000 0.994451
-0.216000 0.994470
-0.212000 0.994489
-0.208000 0.994507
-0.204000 0.994524
-0.200000 0.994541
-0.196000 0.994557
-0.192000 0.994572
-0.188000 0.994587
-0.184000 0.994602
-0.180000 0.994615
-0.176000 0.994629
-0.172000 0.994641
-0.168000 0.994654
-0.164000 0.994665
-0.160000 0.994677
-0.156000 0.994688
-0.152000 0.994698
-0.148000 0.994708
-0.144000 0.994717
-0.140000 0.994726
-0.136000 0.994735
-0.132000 0.994743
-0.128000 0.994751
-0.124000 0.994759
-0.120000 0.994766
-0.116000 0.994773
-0.112000 0.994780
-0.108000 0.994786
-0.104000 0.994792
-0.100000 0.994797
-0.096000 0.994803
-0.092000 0.994808
-0.088000 0.994813
-0.084000 0.994817
-0.080000 0.994822
-0.076000 0.994826
-0.072000 0.994830
-0.068000 0.994833
-0.064000 0.994837
-0.060000 0.994840
-0.056000 0.994843
-0.052000 0.994846
-0.048000 0.994849
-0.044000 0.994852
-0.040000 0.994854
-0.036000 0.994857
-0.032000 0.994859
-0.028000 0.994861
-0.024000 0.994863
-0.020000 0.994865
-0.016000 0.994867
-0.012000 0.994868
-0.008000 0.994870
-0.004000 0.994871
0.000000 0.994873
0.004000 0.994874
0.008000 0.994875
0.012000 0.994876
0.016000 0.994877
0.020000 0.994878
0.024000 0.994879
0.028000 0.994880
0.032000 0.994881
0.036000 0.994882
0.040000 0.994883
0.044000 0.994883
0.048000 0.994884
0.052000 0.994884
0.056000 0.994885
0.060000 0.994885
0.064000 0.994886
0.068000 0.994886
0.072000 0.994887
0.076000 0.994887
0.080000 0.994888
0.084000 0.994888
0.088000 0.994888
0.092000 0.994888
0.096000 0.994889
0.100000 0.994889
0.104000 0.994889
0.108000 0.994889
0.112000 0.994890
0.116000 0.994890
0.120000 0.994890
0.124000 0.994890
0.128000 0.994890
0.132000 0.994890
0.136000 0.994891
0.140000 0.994891
0.144000 0.994891
0.148000 0.994891
0.152000 0.994891
0.156000 0.994891
0.160000 0.994891
0.164000 0.994891
0.168000 0.994891
0.172000 0.994891
0.176000 0.994891
0.180000 0.994891
0.184000 0.994891
0.188000 0.994892
0.192000 0.994892
0.196000 0.994892
0.200000 0.994892
0.204000 0.994892
0.208000 0.994892
0.212000 0.994892
0.216000 0.994892
0.220000 0.994892
0.224000 0.994892
0.228000 0.994892
0.232000 0.994892
0.236000 0.994892
0.240000 0.994892
0.244000 0.994892
0.248000 0.994892
0.252000 0.994892
0.256000 0.994892
0.260000 0.994892
0.264000 0.994892
0.268000 0.994892
0.272000 0.994892
0.276000 0.994892
0.280000 0.994892
0.284000 0.994892
0.288000 0.994892
0.292000 0.994892
0.296000 0.994892
0.300000 0.994892
0.304000 0.994892
0.308000 0.994892
0.312000 0.994892
0.316000 0.994892
0.320000 0.994892
0.324000 0.994892
0.328000 0.994892
0.332000 0.994892
0.336000 0.994892
0.340000 0.994892
0.344000 0.994892
0.348000 0.994892
0.352000 0.994892
0.356000 0.994892
0.360000 0.994892
0.364000 0.994892
0.368000 0.994892
0.372000 0.994892
0.376000 0.994892
0.380000 0.994892
0.384000 0.994892
0.388000 0.994892
0.392000 0.994892
0.396000 0.994892
0.400000 0.994892
0.404000 0.994892
0.408000 0.994892
0.412000 0.994892
0.416000 0.994892
0.420000 0.994892
0.424000 0.994892
0.428000 0.994892
0.432000 0.994892
0.436000 0.994892
0.440000 0.994892
0.444000 0.994892
0.448000 0.994892
0.452000 0.994892
0.456000 0.994892
0.460000 0.994892
0.464000 0.994892
0.468000 0.994892
0.472000 0.994892
0.476000 0.994892
0.480000 0.994892
0.484000 0.994892
0.488000 0.994892
0.492000 0.994892
0.496000 0.994892
0.500000 0.994892
0.504000 0.994892
0.508000 0.994892
0.512000 0.994892
0.516000 0.994892
0.520000 0.994892
0.524000 0.994892
0.528000 0.994892
0.532000 0.994892
0.536000 0.994892
0.540000 0.994892
0.544000 0.994892
0.548000 0.994892
0.552000 0.994892
0.556000 0.994892
0.560000 0.994892
0.564000 0.994892
0.568000 0.994892
0.572000 0.994892
0.576000 0.994892
0.580000 0.994892
0.584000 0.994892
0.588000 0.994892
0.592000 0.994892
0.596000 0.994892
0.600000 0.994892
0.604000 0.994892
0.608000 0.994892
0.612000 0.994892
0.616000 0.994892
0.620000 0.994892
0.624000 0.994892
0.628000 0.994892
0.632000 0.994892
0.636000 0.994892
0.640000 0.994892
0.644000 0.994892
0.648000 0.994892
0.652000 0.994892
0.656000 0.994892
0.660000 0.994892
0.664000 0.994892
0.668000 0.994892
0.672000 0.994892
0.676000 0.994892
0.680000 0.994892
0.684000 0.994892
0.688000 0.994892
0.692000 0.994892
0.696000 0.994892
0.700000 0.994892
0.704000 0.994892
0.708000 0.994892
0.712000 0.994892
0.716000 0.994892
0.720000 0.994892
0.724000 0.994892
0.728000 0.994892
0.732000 0.994892
0.736000 0.994892
0.740000 0.994892
0.744000 0.994892
0.748000 0.994892
0.752000 0.994892
0.756000 0.994892
0.760000 0.994892
0.764000 0.994892
0.768000 0.994892
0.772000 0.994892
0.776000 0.994892
0.780000 0.994892
0.784000 0.994892
0.788000 0.994892
0.792000 0.994892
0.796000 0.994892
0.800000 0.994892
0.804000 0.994892
0.808000 0.994892
0.812000 0.994892
0.816000 0.994892
0.820000 0.994892
0.824000 0.994892
0.828000 0.994892
0.832000 0.994892
0.836000 0.994892
0.840000 0.994892
0.844000 0.994892
0.848000 0.994892
0.852000 0.994892
0.856000 0.994892
0.860000 0.994892
0.864000 0.994892
0.868000 0.994892
0.872000 0.994892
0.876000 0.994892
0.880000 0.994892
0.884000 0.994892
0.888000 0.994892
0.892000 0.994892
0.896000 0.994892
0.900000 0.994892
0.904000 0.994892
0.908000 0.994892
0.912000 0.994892
0.916000 0.994892
0.920000 0.994892
0.924000 0.994892
0.928000 0.994892
0.932000 0.994892
0.936000 0.994892
0.940000 0.994892
0.944000 0.994892
0.948000 0.994892
0.952000 0.994892
0.956000 0.994892
0.960000 0.994892
0.964000 0.994892
0.968000 0.994892
0.972000 0.994892
0.976000 0.994892
0.980000 0.994892
0.984000 0.994892
0.988000 0.994892
0.992000 0.994892
0.996000 0.994892
1.000000 0.994892
