-1.000000 0.991037
-0.996000 0.991037
-0.992000 0.991037
-0.988000 0.991037
-0.984000 0.991037
-0.980000 0.991037
-0.976000 0.991037
-0.972000 0.991037
-0.968000 0.991037
-0.964000 0.991037
-0.960000 0.991037
-0.956000 0.991037
-0.952000 0.991037
-0.948000 0.991037
-0.944000 0.991037
-0.940000 0.991037
-0.936000 0.991037
-0.932000 0.991037
-0.928000 0.991037
-0.924000 0.991037
-0.920000 0.991037
-0.916000 0.991037
-0.912000 0.991037
-0.908000 0.991037
-0.904000 0.991037
-0.900000 0.991037
-0.896000 0.991037
-0.892000 0.991037
-0.888000 0.991037
-0.884000 0.991037
-0.880000 0.991037
-0.876000 0.991037
-0.872000 0.991037
-0.868000 0.991037
-0.864000 0.991037
-0.860000 0.991037
-0.856000 0.991037
-0.852000 0.991037
-0.848000 0.991037
-0.844000 0.991037
-0.840000 0.991037
-0.836000 0.991037
-0.832000 0.991037
-0.828000 0.991037
-0.824000 0.991037
-0.820000 0.991037
-0.816000 0.991037
-0.812000 0.991037
-0.808000 0.991037
-0.804000 0.991037
-0.800000 0.991037
-0.796000 0.991037
-0.792000 0.991037
-0.788000 0.991037
-0.784000 0.991037
-0.780000 0.991037
-0.776000 0.991037
-0.772000 0.991037
-0.768000 0.991037
-0.764000 0.991037
-0.760000 0.991037
-0.756000 0.991037
-0.752000 0.991037
-0.748000 0.991037
-0.744000 0.991037
-0.740000 0.991037
-0.736000 0.991037
-0.732000 0.991037
-0.728000 0.991037
-0.724000 0.991037
-0.720000 0.991037
-0.716000 0.991037
-0.712000 0.991037
-0.708000 0.991037
-0.704000 0.991037
-0.700000 0.991037
-0.696000 0.991037
-0.692000 0.991037
-0.688000 0.991037
-0.684000 0.991037
-0.680000 0.991037
-0.676000 0.991037
-0.672000 0.991037
-0.668000 0.991037
-0.664000 0.991037
-0.660000 0.991037
-0.656000 0.991037
-0.652000 0.991037
-0.648000 0.991037
-0.644000 0.991037
-0.640000 0.991037
-0.636000 0.991037
-0.632000 0.991037
-0.628000 0.991037
-0.624000 0.991037
-0.620000 0.991037
-0.616000 0.991037
-0.612000 0.991037
-0.608000 0.991037
-0.604000 0.991037
-0.600000 0.991037
-0.596000 0.991037
-0.592000 0.991037
-0.588000 0.991037
-0.584000 0.991037
-0.580000 0.991037
-0.576000 0.991037
-0.572000 0.991037
-0.568000 0.991037
-0.564000 0.991037
-0.560000 0.991037
-0.556000 0.991037
-0.552000 0.991037
-0.548000 0.991037
-0.544000 0.991037
-0.540000 0.991037
-0.536000 0.991037
-0.532000 0.991037
-0.528000 0.991037
-0.524000 0.991037
-0.520000 0.991037
-0.516000 0.991037
-0.512000 0.991037
-0.508000 0.991037
-0.504000 0.991037
-0.500000 0.991037
-0.496000 0.991037
-0.492000 0.991037
-0.488000 0.991037
-0.484000 0.991037
-0.480000 0.991037
-0.476000 0.991037
-0.472000 0.991037
-0.468000 0.991037
-0.464000 0.991037
-0.460000 0.991037
-0.456000 0.991037
-0.452000 0.991038
-0.448000 0.991038
-0.444000 0.991038
-0.440000 0.991038
-0.436000 0.991038
-0.432000 0.991038
-0.428000 0.991038
-0.424000 0.991038
-0.420000 0.991038
-0.416000 0.991038
-0.412000 0.991038
-0.408000 0.991038
-0.404000 0.991039
-0.400000 0.991039
-0.396000 0.991039
-0.392000 0.991039
-0.388000 0.991039
-0.384000 0.991039
-0.380000 0.991039
-0.376000 0.991040
-0.372000 0.991040
-0.368000 0.991040
-0.364000 0.991040
-0.360000 0.991041
-0.356000 0.991041
-0.352000 0.991041
-0.348000 0.991042
-0.344000 0.991042
-0.340000 0.991042
-0.336000 0.991043
-0.332000 0.991043
-0.328000 0.991044
-0.324000 0.991044
-0.320000 0.991045
-0.316000 0.991045
-0.312000 0.991046
-0.308000 0.991046
-0.304000 0.991047
-0.300000 0.991048
-0.296000 0.991049
-0.292000 0.991049
-0.288000 0.991050
-0.284000 0.991051
-0.280000 0.991052
-0.276000 0.991053
-0.272000 0.991054
-0.268000 0.991055
-0.264000 0.991057
-0.260000 0.991058
-0.256000 0.991059
-0.252000 0.991061
-0.248000 0.991062
-0.244000 0.991064
-0.240000 0.991065
-0.236000 0.991067
-0.232000 0.991069
-0.228000 0.991071
-0.224000 0.991073
-0.220000 0.991075
-0.216000 0.991078
-0.212000 0.991080
-0.208000 0.991083
-0.204000 0.991085
-0.200000 0.991088
-0.196000 0.991091
-0.192000 0.991094
-0.188000 0.991097
-0.184000 0.991101
-0.180000 0.991104
-0.176000 0.991108
-0.172000 0.991112
-0.168000 0.991116
-0.164000 0.991120
-0.160000 0.991124
-0.156000 0.991129
-0.152000 0.991134
-0.148000 0.991139
-0.144000 0.991144
-0.140000 0.991149
-0.136000 0.991155
-0.132000 0.991161
-0.128000 0.991167
-0.124000 0.991173
-0.120000 0.991180
-0.116000 0.991186
-0.112000 0.991193
-0.108000 0.991201
-0.104000 0.991208
-0.100000 0.991216
-0.096000 0.991224
-0.092000 0.991233
-0.088000 0.991241
-0.084000 0.991250
-0.080000 0.991260
-0.076000 0.991269
-0.072000 0.991279
-0.068000 0.991289
-0.064000 0.991300
-0.060000 0.991311
-0.056000 0.991322
-0.052000 0.991333
-0.048000 0.991345
-0.044000 0.991357
-0.040000 0.991370
-0.036000 0.991383
-0.032000 0.991396
-0.028000 0.991410
-0.024000 0.991424
-0.020000 0.991438
-0.016000 0.991453
-0.012000 0.991468
-0.008000 0.991483
-0.004000 0.991499
0.000000 0.991515
0.004000 0.991532
0.008000 0.991549
0.012000 0.991566
0.016000 0.991584
0.020000 0.991602
0.024000 0.991620
0.028000 0.991639
0.032000 0.991658
0.036000 0.991678
0.040000 0.991698
0.044000 0.991718
0.048000 0.991739
0.052000 0.991760
0.056000 0.991782
0.060000 0.991803
0.064000 0.991826
0.068000 0.991848
0.072000 0.991871
0.076000 0.991894
0.080000 0.991918
0.084000 0.991942
0.088000 0.991966
0.092000 0.991990
0.096000 0.992015
0.100000 0.992041
0.104000 0.992066
0.108000 0.992092
0.112000 0.992118
0.116000 0.992144
0.120000 0.992171
0.124000 0.992198
0.128000 0.992225
0.132000 0.992252
0.136000 0.992280
0.140000 0.992308
0.144000 0.992336
0.148000 0.992364
0.152000 0.992393
0.156000 0.992421
0.160000 0.992450
0.164000 0.992479
0.168000 0.992509
0.172000 0.992538
0.176000 0.992567
0.180000 0.992597
0.184000 0.992627
0.188000 0.992657
0.192000 0.992687
0.196000 0.992717
0.200000 0.992747
0.204000 0.992777
0.208000 0.992807
0.212000 0.992837
0.216000 0.992867
0.220000 0.992898
0.224000 0.992928
0.228000 0.992958
0.232000 0.992988
0.236000 0.993018
0.240000 0.993049
0.244000 0.993079
0.248000 0.993109
0.252000 0.993139
0.256000 0.993168
0.260000 0.993198
0.264000 0.993228
0.268000 0.993257
0.272000 0.993286
0.276000 0.993316
0.280000 0.993345
0.284000 0.993374
0.288000 0.993402
0.292000 0.993431
0.296000 0.993459
0.300000 0.993487
0.304000 0.993515
0.308000 0.993543
0.312000 0.993570
0.316000 0.993597
0.320000 0.993624
0.324000 0.993651
0.328000 0.993677
0.332000 0.993704
0.336000 0.993729
0.340000 0.993755
0.344000 0.993780
0.348000 0.993806
0.352000 0.993830
0.356000 0.993855
0.360000 0.993879
0.364000 0.993903
0.368000 0.993926
0.372000 0.993949
0.376000 0.993972
0.380000 0.993995
0.384000 0.994017
0.388000 0.994039
0.392000 0.994060
0.396000 0.994082
0.400000 0.994103
0.404000 0.994123
0.408000 0.994143
0.412000 0.994163
0.416000 0.994183
0.420000 0.994202
0.424000 0.994221
0.428000 0.994239
0.432000 0.994257
0.436000 0.994275
0.440000 0.994292
0.444000 0.994310
0.448000 0.994326
0.452000 0.994343
0.456000 0.994359
0.460000 0.994374
0.464000 0.994390
0.468000 0.994405
0.472000 0.994420
0.476000 0.994434
0.480000 0.994448
0.484000 0.994462
0.488000 0.994475
0.492000 0.994489
0.496000 0.994501
0.500000 0.994514
0.504000 0.994526
0.508000 0.994538
0.512000 0.994550
0.516000 0.994561
0.520000 0.994572
0.524000 0.994583
0.528000 0.994593
0.532000 0.994603
0.536000 0.994613
0.540000 0.994623
0.544000 0.994632
0.548000 0.994641
0.552000 0.994650
0.556000 0.994659
0.560000 0.994667
0.564000 0.994675
0.568000 0.994683
0.572000 0.994691
0.576000 0.994698
0.580000 0.994705
0.584000 0.994712
0.588000 0.994719
0.592000 0.994725
0.596000 0.994732
0.600000 0.994738
0.604000 0.994744
0.608000 0.994749
0.612000 0.994755
0.616000 0.994760
0.620000 0.994766
0.624000 0.994771
0.628000 0.994775
0.632000 0.994780
0.636000 0.994785
0.640000 0.994789
0.644000 0.994793
0.648000 0.994797
0.652000 0.994801
0.656000 0.994805
0.660000 0.994809
0.664000 0.994812
0.668000 0.994815
0.672000 0.994819
0.676000 0.994822
0.680000 0.994825
0.684000 0.994828
0.688000 0.994831
0.692000 0.994833
0.696000 0.994836
0.700000 0.994838
0.704000 0.994841
0.708000 0.994843
0.712000 0.994845
0.716000 0.994847
0.720000 0.994849
0.724000 0.994851
0.728000 0.994853
0.732000 0.994855
0.736000 0.994857
0.740000 0.994858
0.744000 0.994860
0.748000 0.994861
0.752000 0.994863
0.756000 0.994864
0.760000 0.994866
0.764000 0.994867
0.768000 0.994868
0.772000 0.994869
0.776000 0.994870
0.780000 0.994871
0.784000 0.994872
0.788000 0.994873
0.792000 0.994874
0.796000 0.994875
0.800000 0.994876
0.804000 0.994877
0.808000 0.994878
0.812000 0.994878
0.816000 0.994879
0.820000 0.994880
0.824000 0.994880
0.828000 0.994881
0.832000 0.994881
0.836000 0.994882
0.840000 0.994883
0.844000 0.994883
0.848000 0.994884
0.852000 0.994884
0.856000 0.994884
0.860000 0.994885
0.864000 0.994885
0.868000 0.994886
0.872000 0.994886
0.876000 0.994886
0.880000 0.994887
0.884000 0.994887
0.888000 0.994887
0.892000 0.994887
0.896000 0.994888
0.900000 0.994888
0.904000 0.994888
0.908000 0.994888
0.912000 0.994889
0.916000 0.994889
0.920000 0.994889
0.924000 0.994889
0.928000 0.994889
0.932000 0.994889
0.936000 0.994890
0.940000 0.994890
0.944000 0.994890
0.948000 0.994890
0.952000 0.994890
0.956000 0.994890
0.960000 0.994890
0.964000 0.994890
0.968000 0.994891
0.972000 0.994891
0.976000 0.994891
0.980000 0.994891
0.984000 0.994891
0.988000 0.994891
0.992000 0.994891
0.996000 0.994891
1.000000 0.994891
