-1.000000 0.992919
-0.996000 0.992919
-0.992000 0.992919
-0.988000 0.992919
-0.984000 0.992919
-0.980000 0.992919
-0.976000 0.992919
-0.972000 0.992919
-0.968000 0.992919
-0.964000 0.992919
-0.960000 0.992919
-0.956000 0.992919
-0.952000 0.992919
-0.948000 0.992919
-0.944000 0.992919
-0.940000 0.992919
-0.936000 0.992919
-0.932000 0.992919
-0.928000 0.992919
-0.924000 0.992919
-0.920000 0.992919
-0.916000 0.992919
-0.912000 0.992919
-0.908000 0.992919
-0.904000 0.992919
-0.900000 0.992919
-0.896000 0.992919
-0.892000 0.992919
-0.888000 0.992919
-0.884000 0.992919
-0.880000 0.992919
-0.876000 0.992919
-0.872000 0.992919
-0.868000 0.992919
-0.864000 0.992919
-0.860000 0.992919
-0.856000 0.992919
-0.852000 0.992919
-0.848000 0.992919
-0.844000 0.992919
-0.840000 0.992919
-0.836000 0.992919
-0.832000 0.992919
-0.828000 0.992919
-0.824000 0.992919
-0.820000 0.992919
-0.816000 0.992919
-0.812000 0.992919
-0.808000 0.992919
-0.804000 0.992919
-0.800000 0.992919
-0.796000 0.992919
-0.792000 0.992919
-0.788000 0.992919
-0.784000 0.992919
-0.780000 0.992919
-0.776000 0.992919
-0.772000 0.992919
-0.768000 0.992919
-0.764000 0.992919
-0.760000 0.992919
-0.756000 0.992919
-0.752000 0.992919
-0.748000 0.992919
-0.744000 0.992919
-0.740000 0.992919
-0.736000 0.992919
-0.732000 0.992919
-0.728000 0.992919
-0.724000 0.992919
-0.720000 0.992919
-0.716000 0.992919
-0.712000 0.992919
-0.708000 0.992919
-0.704000 0.992919
-0.700000 0.992919
-0.696000 0.992919
-0.692000 0.992919
-0.688000 0.992919
-0.684000 0.992919
-0.680000 0.992919
-0.676000 0.992919
-0.672000 0.992919
-0.668000 0.992919
-0.664000 0.992919
-0.660000 0.992919
-0.656000 0.992919
-0.652000 0.992919
-0.648000 0.992919
-0.644000 0.992919
-0.640000 0.992919
-0.636000 0.992919
-0.632000 0.992919
-0.628000 0.992919
-0.624000 0.992919
-0.620000 0.992919
-0.616000 0.992919
-0.612000 0.992919
-0.608000 0.992919
-0.604000 0.992919
-0.600000 0.992919
-0.596000 0.992919
-0.592000 0.992919
-0.588000 0.992919
-0.584000 0.992919
-0.580000 0.992919
-0.576000 0.992919
-0.572000 0.992919
-0.568000 0.992919
-0.564000 0.992919
-0.560000 0.992919
-0.556000 0.992919
-0.552000 0.992919
-0.548000 0.992919
-0.544000 0.992919
-0.540000 0.992919
-0.536000 0.992919
-0.532000 0.992919
-0.528000 0.992919
-0.524000 0.992919
-0.520000 0.992919
-0.516000 0.992919
-0.512000 0.992919
-0.508000 0.992919
-0.504000 0.992919
-0.500000 0.992919
-0.496000 0.992919
-0.492000 0.992919
-0.488000 0.992919
-0.484000 0.992919
-0.480000 0.992919
-0.476000 0.992919
-0.472000 0.992919
-0.468000 0.992919
-0.464000 0.992919
-0.460000 0.992919
-0.456000 0.992919
-0.452000 0.992919
-0.448000 0.992919
-0.444000 0.992919
-0.440000 0.992919
-0.436000 0.992919
-0.432000 0.992919
-0.428000 0.992919
-0.424000 0.992919
-0.420000 0.992919
-0.416000 0.992919
-0.412000 0.992919
-0.408000 0.992919
-0.404000 0.992919
-0.400000 0.992919
-0.396000 0.992919
-0.392000 0.992919
-0.388000 0.992919
-0.384000 0.992919
-0.380000 0.992919
-0.376000 0.992919
-0.372000 0.992919
-0.368000 0.992919
-0.364000 0.992919
-0.360000 0.992919
-0.356000 0.992919
-0.352000 0.992919
-0.348000 0.992919
-0.344000 0.992919
-0.340000 0.992919
-0.336000 0.992919
-0.332000 0.992919
-0.328000 0.992919
-0.324000 0.992919
-0.320000 0.992919
-0.316000 0.992919
-0.312000 0.992919
-0.308000 0.992919
-0.304000 0.992919
-0.300000 0.992919
-0.296000 0.992920
-0.292000 0.992920
-0.288000 0.992920
-0.284000 0.992920
-0.280000 0.992920
-0.276000 0.992920
-0.272000 0.992920
-0.268000 0.992920
-0.264000 0.992920
-0.260000 0.992920
-0.256000 0.992920
-0.252000 0.992920
-0.248000 0.992920
-0.244000 0.992921
-0.240000 0.992921
-0.236000 0.992921
-0.232000 0.992921
-0.228000 0.992921
-0.224000 0.992921
-0.220000 0.992921
-0.216000 0.992922
-0.212000 0.992922
-0.208000 0.992922
-0.204000 0.992922
-0.200000 0.992923
-0.196000 0.992923
-0.192000 0.992923
-0.188000 0.992923
-0.184000 0.992924
-0.180000 0.992924
-0.176000 0.992924
-0.172000 0.992925
-0.168000 0.992925
-0.164000 0.992926
-0.160000 0.992926
-0.156000 0.992927
-0.152000 0.992927
-0.148000 0.992928
-0.144000 0.992928
-0.140000 0.992929
-0.136000 0.992930
-0.132000 0.992930
-0.128000 0.992931
-0.124000 0.992932
-0.120000 0.992933
-0.116000 0.992934
-0.112000 0.992935
-0.108000 0.992936
-0.104000 0.992937
-0.100000 0.992938
-0.096000 0.992939
-0.092000 0.992940
-0.088000 0.992942
-0.084000 0.992943
-0.080000 0.992944
-0.076000 0.992946
-0.072000 0.992948
-0.068000 0.992949
-0.064000 0.992951
-0.060000 0.992953
-0.056000 0.992955
-0.052000 0.992957
-0.048000 0.992960
-0.044000 0.992962
-0.040000 0.992964
-0.036000 0.992967
-0.032000 0.992970
-0.028000 0.992972
-0.024000 0.992975
-0.020000 0.992979
-0.016000 0.992982
-0.012000 0.992985
-0.008000 0.992989
-0.004000 0.992993
0.000000 0.992996
0.004000 0.993001
0.008000 0.993005
0.012000 0.993009
0.016000 0.993014
0.020000 0.993019
0.024000 0.993024
0.028000 0.993029
0.032000 0.993035
0.036000 0.993040
0.040000 0.993046
0.044000 0.993053
0.048000 0.993059
0.052000 0.993066
0.056000 0.993073
0.060000 0.993080
0.064000 0.993088
0.068000 0.993095
0.072000 0.993104
0.076000 0.993112
0.080000 0.993121
0.084000 0.993130
0.088000 0.993139
0.092000 0.993149
0.096000 0.993159
0.100000 0.993169
0.104000 0.993180
0.108000 0.993191
0.112000 0.993203
0.116000 0.993215
0.120000 0.993227
0.124000 0.993240
0.128000 0.993253
0.132000 0.993266
0.136000 0.993280
0.140000 0.993294
0.144000 0.993309
0.148000 0.993324
0.152000 0.993340
0.156000 0.993356
0.160000 0.993373
0.164000 0.993390
0.168000 0.993407
0.172000 0.993426
0.176000 0.993444
0.180000 0.993463
0.184000 0.993483
0.188000 0.993503
0.192000 0.993523
0.196000 0.993544
0.200000 0.993566
0.204000 0.993588
0.208000 0.993611
0.212000 0.993634
0.216000 0.993657
0.220000 0.993682
0.224000 0.993707
0.228000 0.993732
0.232000 0.993758
0.236000 0.993784
0.240000 0.993811
0.244000 0.993839
0.248000 0.993867
0.252000 0.993896
0.256000 0.993925
0.260000 0.993955
0.264000 0.993985
0.268000 0.994016
0.272000 0.994048
0.276000 0.994080
0.280000 0.994113
0.284000 0.994146
0.288000 0.994180
0.292000 0.994214
0.296000 0.994249
0.300000 0.994284
0.304000 0.994320
0.308000 0.994357
0.312000 0.994394
0.316000 0.994431
0.320000 0.994469
0.324000 0.994508
0.328000 0.994547
0.332000 0.994586
0.336000 0.994626
0.340000 0.994667
0.344000 0.994708
0.348000 0.994749
0.352000 0.994791
0.356000 0.994834
0.360000 0.994877
0.364000 0.994920
0.368000 0.994964
0.372000 0.995008
0.376000 0.995052
0.380000 0.995097
0.384000 0.995142
0.388000 0.995188
0.392000 0.995234
0.396000 0.995280
0.400000 0.995327
0.404000 0.995374
0.408000 0.995421
0.412000 0.995468
0.416000 0.995516
0.420000 0.995564
0.424000 0.995613
0.428000 0.995661
0.432000 0.995710
0.436000 0.995759
0.440000 0.995808
0.444000 0.995857
0.448000 0.995906
0.452000 0.995956
0.456000 0.996006
0.460000 0.996055
0.464000 0.996105
0.468000 0.996155
0.472000 0.996205
0.476000 0.996255
0.480000 0.996305
0.484000 0.996355
0.488000 0.996405
0.492000 0.996455
0.496000 0.996505
0.500000 0.996555
0.504000 0.996605
0.508000 0.996655
0.512000 0.996705
0.516000 0.996754
0.520000 0.996804
0.524000 0.996853
0.528000 0.996902
0.532000 0.996951
0.536000 0.997000
0.540000 0.997049
0.544000 0.997097
0.548000 0.997145
0.552000 0.997193
0.556000 0.997241
0.560000 0.997288
0.564000 0.997335
0.568000 0.997382
0.572000 0.997429
0.576000 0.997475
0.580000 0.997521
0.584000 0.997566
0.588000 0.997612
0.592000 0.997656
0.596000 0.997701
0.600000 0.997745
0.604000 0.997789
0.608000 0.997832
0.612000 0.997875
0.616000 0.997917
0.620000 0.997959
0.624000 0.998001
0.628000 0.998042
0.632000 0.998083
0.636000 0.998123
0.640000 0.998163
0.644000 0.998202
0.648000 0.998241
0.652000 0.998279
0.656000 0.998317
0.660000 0.998355
0.664000 0.998392
0.668000 0.998428
0.672000 0.998464
0.676000 0.998499
0.680000 0.998534
0.684000 0.998569
0.688000 0.998603
0.692000 0.998636
0.696000 0.998669
0.700000 0.998701
0.704000 0.998733
0.708000 0.998764
0.712000 0.998795
0.716000 0.998826
0.720000 0.998855
0.724000 0.998885
0.728000 0.998913
0.732000 0.998942
0.736000 0.998969
0.740000 0.998996
0.744000 0.999023
0.748000 0.999049
0.752000 0.999075
0.756000 0.999100
0.760000 0.999125
0.764000 0.999149
0.768000 0.999173
0.772000 0.999196
0.776000 0.999219
0.780000 0.999241
0.784000 0.999263
0.788000 0.999284
0.792000 0.999305
0.796000 0.999325
0.800000 0.999345
0.804000 0.999365
0.808000 0.999384
0.812000 0.999402
0.816000 0.999421
0.820000 0.999438
0.824000 0.999456
0.828000 0.999472
0.832000 0.999489
0.836000 0.999505
0.840000 0.999521
0.844000 0.999536
0.848000 0.999551
0.852000 0.999565
0.856000 0.999579
0.860000 0.999593
0.864000 0.999606
0.868000 0.999619
0.872000 0.999632
0.876000 0.999644
0.880000 0.999656
0.884000 0.999668
0.888000 0.999679
0.892000 0.999690
0.896000 0.999701
0.900000 0.999712
0.904000 0.999722
0.908000 0.999731
0.912000 0.999741
0.916000 0.999750
0.920000 0.999759
0.924000 0.999768
0.928000 0.999776
0.932000 0.999784
0.936000 0.999792
0.940000 0.999800
0.944000 0.999807
0.948000 0.999815
0.952000 0.999822
0.956000 0.999828
0.960000 0.999835
0.964000 0.999842
0.968000 0.999848
0.972000 0.999854
0.976000 0.999861
0.980000 0.999867
0.984000 0.999874
0.988000 0.999882
0.992000 0.999890
0.996000 0.999899
1.000000 0.999911
