-1.000000 0.991037
-0.996000 0.991037
-0.992000 0.991037
-0.988000 0.991037
-0.984000 0.991037
-0.980000 0.991037
-0.976000 0.991037
-0.972000 0.991037
-0.968000 0.991037
-0.964000 0.991037
-0.960000 0.991037
-0.956000 0.991037
-0.952000 0.991037
-0.948000 0.991037
-0.944000 0.991037
-0.940000 0.991037
-0.936000 0.991037
-0.932000 0.991037
-0.928000 0.991037
-0.924000 0.991037
-0.920000 0.991037
-0.916000 0.991037
-0.912000 0.991037
-0.908000 0.991037
-0.904000 0.991037
-0.900000 0.991037
-0.896000 0.991037
-0.892000 0.991037
-0.888000 0.991037
-0.884000 0.991037
-0.880000 0.991037
-0.876000 0.991037
-0.872000 0.991037
-0.868000 0.991037
-0.864000 0.991037
-0.860000 0.991037
-0.856000 0.991037
-0.852000 0.991037
-0.848000 0.991037
-0.844000 0.991037
-0.840000 0.991037
-0.836000 0.991037
-0.832000 0.991037
-0.828000 0.991037
-0.824000 0.991037
-0.820000 0.991037
-0.816000 0.991037
-0.812000 0.991037
-0.808000 0.991037
-0.804000 0.991037
-0.800000 0.991037
-0.796000 0.991037
-0.792000 0.991037
-0.788000 0.991037
-0.784000 0.991037
-0.780000 0.991037
-0.776000 0.991037
-0.772000 0.991037
-0.768000 0.991037
-0.764000 0.991037
-0.760000 0.991037
-0.756000 0.991037
-0.752000 0.991037
-0.748000 0.991037
-0.744000 0.991037
-0.740000 0.991037
-0.736000 0.991037
-0.732000 0.991037
-0.728000 0.991037
-0.724000 0.991037
-0.720000 0.991037
-0.716000 0.991037
-0.712000 0.991037
-0.708000 0.991037
-0.704000 0.991037
-0.700000 0.991037
-0.696000 0.991037
-0.692000 0.991037
-0.688000 0.991037
-0.684000 0.991037
-0.680000 0.991037
-0.676000 0.991037
-0.672000 0.991037
-0.668000 0.991037
-0.664000 0.991037
-0.660000 0.991037
-0.656000 0.991037
-0.652000 0.991037
-0.648000 0.991037
-0.644000 0.991037
-0.640000 0.991037
-0.636000 0.991037
-0.632000 0.991037
-0.628000 0.991037
-0.624000 0.991037
-0.620000 0.991037
-0.616000 0.991037
-0.612000 0.991037
-0.608000 0.991037
-0.604000 0.991037
-0.600000 0.991037
-0.596000 0.991037
-0.592000 0.991037
-0.588000 0.991037
-0.584000 0.991037
-0.580000 0.991037
-0.576000 0.991037
-0.572000 0.991037
-0.568000 0.991037
-0.564000 0.991037
-0.560000 0.991037
-0.556000 0.991037
-0.552000 0.991037
-0.548000 0.991037
-0.544000 0.991037
-0.540000 0.991037
-0.536000 0.991037
-0.532000 0.991037
-0.528000 0.991037
-0.524000 0.991037
-0.520000 0.991037
-0.516000 0.991037
-0.512000 0.991037
-0.508000 0.991037
-0.504000 0.991037
-0.500000 0.991037
-0.496000 0.991037
-0.492000 0.991037
-0.488000 0.991037
-0.484000 0.991037
-0.480000 0.991037
-0.476000 0.991037
-0.472000 0.991037
-0.468000 0.991037
-0.464000 0.991037
-0.460000 0.991037
-0.456000 0.991037
-0.452000 0.991037
-0.448000 0.991037
-0.444000 0.991037
-0.440000 0.991037
-0.436000 0.991037
-0.432000 0.991037
-0.428000 0.991037
-0.424000 0.991037
-0.420000 0.991037
-0.416000 0.991037
-0.412000 0.991037
-0.408000 0.991037
-0.404000 0.991037
-0.400000 0.991037
-0.396000 0.991037
-0.392000 0.991037
-0.388000 0.991037
-0.384000 0.991037
-0.380000 0.991037
-0.376000 0.991037
-0.372000 0.991037
-0.368000 0.991037
-0.364000 0.991037
-0.360000 0.991037
-0.356000 0.991037
-0.352000 0.991037
-0.348000 0.991037
-0.344000 0.991037
-0.340000 0.991037
-0.336000 0.991037
-0.332000 0.991037
-0.328000 0.991037
-0.324000 0.991037
-0.320000 0.991037
-0.316000 0.991037
-0.312000 0.991037
-0.308000 0.991037
-0.304000 0.991037
-0.300000 0.991037
-0.296000 0.991037
-0.292000 0.991037
-0.288000 0.991037
-0.284000 0.991037
-0.280000 0.991037
-0.276000 0.991038
-0.272000 0.991038
-0.268000 0.991038
-0.264000 0.991038
-0.260000 0.991038
-0.256000 0.991038
-0.252000 0.991038
-0.248000 0.991038
-0.244000 0.991038
-0.240000 0.991038
-0.236000 0.991038
-0.232000 0.991038
-0.228000 0.991038
-0.224000 0.991038
-0.220000 0.991039
-0.216000 0.991039
-0.212000 0.991039
-0.208000 0.991039
-0.204000 0.991039
-0.200000 0.991039
-0.196000 0.991039
-0.192000 0.991040
-0.188000 0.991040
-0.184000 0.991040
-0.180000 0.991040
-0.176000 0.991041
-0.172000 0.991041
-0.168000 0.991041
-0.164000 0.991041
-0.160000 0.991042
-0.156000 0.991042
-0.152000 0.991042
-0.148000 0.991043
-0.144000 0.991043
-0.140000 0.991043
-0.136000 0.991044
-0.132000 0.991044
-0.128000 0.991045
-0.124000 0.991045
-0.120000 0.991046
-0.116000 0.991046
-0.112000 0.991047
-0.108000 0.991048
-0.104000 0.991048
-0.100000 0.991049
-0.096000 0.991050
-0.092000 0.991051
-0.088000 0.991051
-0.084000 0.991052
-0.080000 0.991053
-0.076000 0.991054
-0.072000 0.991055
-0.068000 0.991056
-0.064000 0.991058
-0.060000 0.991059
-0.056000 0.991060
-0.052000 0.991061
-0.048000 0.991063
-0.044000 0.991064
-0.040000 0.991066
-0.036000 0.991067
-0.032000 0.991069
-0.028000 0.991071
-0.024000 0.991073
-0.020000 0.991075
-0.016000 0.991077
-0.012000 0.991079
-0.008000 0.991081
-0.004000 0.991083
0.000000 0.991086
0.004000 0.991088
0.008000 0.991091
0.012000 0.991094
0.016000 0.991097
0.020000 0.991100
0.024000 0.991103
0.028000 0.991106
0.032000 0.991109
0.036000 0.991113
0.040000 0.991117
0.044000 0.991120
0.048000 0.991124
0.052000 0.991128
0.056000 0.991133
0.060000 0.991137
0.064000 0.991142
0.068000 0.991147
0.072000 0.991151
0.076000 0.991157
0.080000 0.991162
0.084000 0.991167
0.088000 0.991173
0.092000 0.991179
0.096000 0.991185
0.100000 0.991191
0.104000 0.991198
0.108000 0.991205
0.112000 0.991212
0.116000 0.991219
0.120000 0.991226
0.124000 0.991234
0.128000 0.991242
0.132000 0.991250
0.136000 0.991258
0.140000 0.991267
0.144000 0.991276
0.148000 0.991285
0.152000 0.991294
0.156000 0.991304
0.160000 0.991314
0.164000 0.991324
0.168000 0.991334
0.172000 0.991345
0.176000 0.991356
0.180000 0.991368
0.184000 0.991379
0.188000 0.991391
0.192000 0.991403
0.196000 0.991416
0.200000 0.991428
0.204000 0.991441
0.208000 0.991455
0.212000 0.991469
0.216000 0.991483
0.220000 0.991497
0.224000 0.991511
0.228000 0.991526
0.232000 0.991542
0.236000 0.991557
0.240000 0.991573
0.244000 0.991589
0.248000 0.991606
0.252000 0.991622
0.256000 0.991639
0.260000 0.991657
0.264000 0.991675
0.268000 0.991693
0.272000 0.991711
0.276000 0.991730
0.280000 0.991748
0.284000 0.991768
0.288000 0.991787
0.292000 0.991807
0.296000 0.991827
0.300000 0.991848
0.304000 0.991868
0.308000 0.991889
0.312000 0.991911
0.316000 0.991932
0.320000 0.991954
0.324000 0.991976
0.328000 0.991999
0.332000 0.992021
0.336000 0.992044
0.340000 0.992067
0.344000 0.992091
0.348000 0.992114
0.352000 0.992138
0.356000 0.992162
0.360000 0.992187
0.364000 0.992211
0.368000 0.992236
0.372000 0.992261
0.376000 0.992286
0.380000 0.992312
0.384000 0.992337
0.388000 0.992363
0.392000 0.992389
0.396000 0.992415
0.400000 0.992441
0.404000 0.992467
0.408000 0.992494
0.412000 0.992520
0.416000 0.992547
0.420000 0.992574
0.424000 0.992601
0.428000 0.992628
0.432000 0.992655
0.436000 0.992682
0.440000 0.992710
0.444000 0.992737
0.448000 0.992764
0.452000 0.992792
0.456000 0.992819
0.460000 0.992847
0.464000 0.992874
0.468000 0.992902
0.472000 0.992929
0.476000 0.992957
0.480000 0.992984
0.484000 0.993012
0.488000 0.993039
0.492000 0.993067
0.496000 0.993094
0.500000 0.993121
0.504000 0.993148
0.508000 0.993175
0.512000 0.993203
0.516000 0.993229
0.520000 0.993256
0.524000 0.993283
0.528000 0.993310
0.532000 0.993336
0.536000 0.993362
0.540000 0.993389
0.544000 0.993415
0.548000 0.993441
0.552000 0.993466
0.556000 0.993492
0.560000 0.993517
0.564000 0.993543
0.568000 0.993568
0.572000 0.993592
0.576000 0.993617
0.580000 0.993641
0.584000 0.993666
0.588000 0.993690
0.592000 0.993713
0.596000 0.993737
0.600000 0.993760
0.604000 0.993783
0.608000 0.993806
0.612000 0.993829
0.616000 0.993851
0.620000 0.993873
0.624000 0.993895
0.628000 0.993917
0.632000 0.993938
0.636000 0.993959
0.640000 0.993980
0.644000 0.994000
0.648000 0.994020
0.652000 0.994040
0.656000 0.994060
0.660000 0.994079
0.664000 0.994099
0.668000 0.994117
0.672000 0.994136
0.676000 0.994154
0.680000 0.994172
0.684000 0.994190
0.688000 0.994207
0.692000 0.994224
0.696000 0.994241
0.700000 0.994258
0.704000 0.994274
0.708000 0.994290
0.712000 0.994306
0.716000 0.994321
0.720000 0.994336
0.724000 0.994351
0.728000 0.994366
0.732000 0.994380
0.736000 0.994394
0.740000 0.994408
0.744000 0.994421
0.748000 0.994434
0.752000 0.994447
0.756000 0.994460
0.760000 0.994472
0.764000 0.994484
0.768000 0.994496
0.772000 0.994508
0.776000 0.994519
0.780000 0.994530
0.784000 0.994541
0.788000 0.994551
0.792000 0.994562
0.796000 0.994572
0.800000 0.994582
0.804000 0.994591
0.808000 0.994601
0.812000 0.994610
0.816000 0.994619
0.820000 0.994627
0.824000 0.994636
0.828000 0.994644
0.832000 0.994652
0.836000 0.994660
0.840000 0.994668
0.844000 0.994675
0.848000 0.994682
0.852000 0.994689
0.856000 0.994696
0.860000 0.994703
0.864000 0.994709
0.868000 0.994715
0.872000 0.994721
0.876000 0.994727
0.880000 0.994733
0.884000 0.994739
0.888000 0.994744
0.892000 0.994749
0.896000 0.994755
0.900000 0.994759
0.904000 0.994764
0.908000 0.994769
0.912000 0.994773
0.916000 0.994778
0.920000 0.994782
0.924000 0.994786
0.928000 0.994790
0.932000 0.994794
0.936000 0.994798
0.940000 0.994801
0.944000 0.994805
0.948000 0.994808
0.952000 0.994811
0.956000 0.994815
0.960000 0.994818
0.964000 0.994821
0.968000 0.994824
0.972000 0.994827
0.976000 0.994830
0.980000 0.994833
0.984000 0.994836
0.988000 0.994839
0.992000 0.994843
0.996000 0.994847
1.000000 0.994853
