-1.000000 0.997928
-0.996000 0.997928
-0.992000 0.997928
-0.988000 0.997928
-0.984000 0.997928
-0.980000 0.997928
-0.976000 0.997928
-0.972000 0.997928
-0.968000 0.997928
-0.964000 0.997928
-0.960000 0.997928
-0.956000 0.997928
-0.952000 0.997928
-0.948000 0.997928
-0.944000 0.997928
-0.940000 0.997928
-0.936000 0.997928
-0.932000 0.997928
-0.928000 0.997928
-0.924000 0.997928
-0.920000 0.997928
-0.916000 0.997928
-0.912000 0.997928
-0.908000 0.997928
-0.904000 0.997928
-0.900000 0.997928
-0.896000 0.997928
-0.892000 0.997928
-0.888000 0.997928
-0.884000 0.997928
-0.880000 0.997928
-0.876000 0.997928
-0.872000 0.997928
-0.868000 0.997928
-0.864000 0.997928
-0.860000 0.997928
-0.856000 0.997928
-0.852000 0.997928
-0.848000 0.997928
-0.844000 0.997928
-0.840000 0.997928
-0.836000 0.997928
-0.832000 0.997928
-0.828000 0.997928
-0.824000 0.997928
-0.820000 0.997928
-0.816000 0.997928
-0.812000 0.997928
-0.808000 0.997928
-0.804000 0.997928
-0.800000 0.997928
-0.796000 0.997928
-0.792000 0.997928
-0.788000 0.997928
-0.784000 0.997928
-0.780000 0.997928
-0.776000 0.997928
-0.772000 0.997928
-0.768000 0.997928
-0.764000 0.997928
-0.760000 0.997928
-0.756000 0.997928
-0.752000 0.997928
-0.748000 0.997928
-0.744000 0.997928
-0.740000 0.997928
-0.736000 0.997928
-0.732000 0.997928
-0.728000 0.997928
-0.724000 0.997928
-0.720000 0.997928
-0.716000 0.997928
-0.712000 0.997928
-0.708000 0.997928
-0.704000 0.997928
-0.700000 0.997928
-0.696000 0.997928
-0.692000 0.997928
-0.688000 0.997928
-0.684000 0.997928
-0.680000 0.997928
-0.676000 0.997928
-0.672000 0.997928
-0.668000 0.997928
-0.664000 0.997927
-0.660000 0.997927
-0.656000 0.997927
-0.652000 0.997927
-0.648000 0.997927
-0.644000 0.997927
-0.640000 0.997927
-0.636000 0.997927
-0.632000 0.997927
-0.628000 0.997927
-0.624000 0.997927
-0.620000 0.997926
-0.616000 0.997926
-0.612000 0.997926
-0.608000 0.997926
-0.604000 0.997926
-0.600000 0.997925
-0.596000 0.997925
-0.592000 0.997925
-0.588000 0.997924
-0.584000 0.997924
-0.580000 0.997924
-0.576000 0.997923
-0.572000 0.997923
-0.568000 0.997922
-0.564000 0.997922
-0.560000 0.997921
-0.556000 0.997920
-0.552000 0.997920
-0.548000 0.997919
-0.544000 0.997918
-0.540000 0.997917
-0.536000 0.997916
-0.532000 0.997915
-0.528000 0.997914
-0.524000 0.997913
-0.520000 0.997912
-0.516000 0.997910
-0.512000 0.997909
-0.508000 0.997907
-0.504000 0.997906
-0.500000 0.997904
-0.496000 0.997902
-0.492000 0.997900
-0.488000 0.997897
-0.484000 0.997895
-0.480000 0.997893
-0.476000 0.997890
-0.472000 0.997887
-0.468000 0.997884
-0.464000 0.997880
-0.460000 0.997877
-0.456000 0.997873
-0.452000 0.997869
-0.448000 0.997865
-0.444000 0.997860
-0.440000 0.997856
-0.436000 0.997851
-0.432000 0.997845
-0.428000 0.997840
-0.424000 0.997834
-0.420000 0.997827
-0.416000 0.997821
-0.412000 0.997814
-0.408000 0.997806
-0.404000 0.997798
-0.400000 0.997790
-0.396000 0.997781
-0.392000 0.997772
-0.388000 0.997763
-0.384000 0.997753
-0.380000 0.997742
-0.376000 0.997731
-0.372000 0.997720
-0.368000 0.997708
-0.364000 0.997695
-0.360000 0.997682
-0.356000 0.997668
-0.352000 0.997653
-0.348000 0.997638
-0.344000 0.997623
-0.340000 0.997606
-0.336000 0.997589
-0.332000 0.997571
-0.328000 0.997553
-0.324000 0.997534
-0.320000 0.997514
-0.316000 0.997493
-0.312000 0.997472
-0.308000 0.997450
-0.304000 0.997427
-0.300000 0.997403
-0.296000 0.997378
-0.292000 0.997353
-0.288000 0.997326
-0.284000 0.997299
-0.280000 0.997271
-0.276000 0.997242
-0.272000 0.997213
-0.268000 0.997182
-0.264000 0.997150
-0.260000 0.997118
-0.256000 0.997084
-0.252000 0.997050
-0.248000 0.997015
-0.244000 0.996979
-0.240000 0.996942
-0.236000 0.996904
-0.232000 0.996865
-0.228000 0.996825
-0.224000 0.996784
-0.220000 0.996743
-0.216000 0.996700
-0.212000 0.996657
-0.208000 0.996613
-0.204000 0.996567
-0.200000 0.996521
-0.196000 0.996474
-0.192000 0.996427
-0.188000 0.996378
-0.184000 0.996329
-0.180000 0.996278
-0.176000 0.996227
-0.172000 0.996176
-0.168000 0.996123
-0.164000 0.996070
-0.160000 0.996016
-0.156000 0.995961
-0.152000 0.995906
-0.148000 0.995850
-0.144000 0.995793
-0.140000 0.995736
-0.136000 0.995678
-0.132000 0.995620
-0.128000 0.995561
-0.124000 0.995502
-0.120000 0.995442
-0.116000 0.995382
-0.112000 0.995321
-0.108000 0.995260
-0.104000 0.995199
-0.100000 0.995138
-0.096000 0.995076
-0.092000 0.995014
-0.088000 0.994951
-0.084000 0.994889
-0.080000 0.994826
-0.076000 0.994764
-0.072000 0.994701
-0.068000 0.994638
-0.064000 0.994575
-0.060000 0.994513
-0.056000 0.994450
-0.052000 0.994387
-0.048000 0.994325
-0.044000 0.994262
-0.040000 0.994200
-0.036000 0.994138
-0.032000 0.994077
-0.028000 0.994015
-0.024000 0.993954
-0.020000 0.993894
-0.016000 0.993833
-0.012000 0.993773
-0.008000 0.993714
-0.004000 0.993655
0.000000 0.993596
0.004000 0.993538
0.008000 0.993480
0.012000 0.993423
0.016000 0.993367
0.020000 0.993311
0.024000 0.993255
0.028000 0.993201
0.032000 0.993147
0.036000 0.993094
0.040000 0.993041
0.044000 0.992989
0.048000 0.992938
0.052000 0.992887
0.056000 0.992837
0.060000 0.992789
0.064000 0.992740
0.068000 0.992693
0.072000 0.992646
0.076000 0.992600
0.080000 0.992555
0.084000 0.992511
0.088000 0.992468
0.092000 0.992425
0.096000 0.992383
0.100000 0.992342
0.104000 0.992302
0.108000 0.992263
0.112000 0.992224
0.116000 0.992187
0.120000 0.992150
0.124000 0.992114
0.128000 0.992078
0.132000 0.992044
0.136000 0.992011
0.140000 0.991978
0.144000 0.991946
0.148000 0.991915
0.152000 0.991884
0.156000 0.991855
0.160000 0.991826
0.164000 0.991798
0.168000 0.991770
0.172000 0.991744
0.176000 0.991718
0.180000 0.991693
0.184000 0.991669
0.188000 0.991645
0.192000 0.991622
0.196000 0.991600
0.200000 0.991578
0.204000 0.991557
0.208000 0.991537
0.212000 0.991517
0.216000 0.991498
0.220000 0.991480
0.224000 0.991462
0.228000 0.991444
0.232000 0.991428
0.236000 0.991412
0.240000 0.991396
0.244000 0.991381
0.248000 0.991367
0.252000 0.991353
0.256000 0.991339
0.260000 0.991326
0.264000 0.991313
0.268000 0.991301
0.272000 0.991290
0.276000 0.991279
0.280000 0.991268
0.284000 0.991257
0.288000 0.991247
0.292000 0.991238
0.296000 0.991229
0.300000 0.991220
0.304000 0.991211
0.308000 0.991203
0.312000 0.991195
0.316000 0.991188
0.320000 0.991181
0.324000 0.991174
0.328000 0.991167
0.332000 0.991161
0.336000 0.991155
0.340000 0.991149
0.344000 0.991143
0.348000 0.991138
0.352000 0.991133
0.356000 0.991128
0.360000 0.991124
0.364000 0.991119
0.368000 0.991115
0.372000 0.991111
0.376000 0.991107
0.380000 0.991104
0.384000 0.991100
0.388000 0.991097
0.392000 0.991094
0.396000 0.991091
0.400000 0.991088
0.404000 0.991085
0.408000 0.991082
0.412000 0.991080
0.416000 0.991078
0.420000 0.991075
0.424000 0.991073
0.428000 0.991071
0.432000 0.991069
0.436000 0.991068
0.440000 0.991066
0.444000 0.991064
0.448000 0.991063
0.452000 0.991061
0.456000 0.991060
0.460000 0.991058
0.464000 0.991057
0.468000 0.991056
0.472000 0.991055
0.476000 0.991054
0.480000 0.991053
0.484000 0.991052
0.488000 0.991051
0.492000 0.991050
0.496000 0.991049
0.500000 0.991049
0.504000 0.991048
0.508000 0.991047
0.512000 0.991047
0.516000 0.991046
0.520000 0.991046
0.524000 0.991045
0.528000 0.991044
0.532000 0.991044
0.536000 0.991044
0.540000 0.991043
0.544000 0.991043
0.548000 0.991042
0.552000 0.991042
0.556000 0.991042
0.560000 0.991041
0.564000 0.991041
0.568000 0.991041
0.572000 0.991041
0.576000 0.991040
0.580000 0.991040
0.584000 0.991040
0.588000 0.991040
0.592000 0.991040
0.596000 0.991039
0.600000 0.991039
0.604000 0.991039
0.608000 0.991039
0.612000 0.991039
0.616000 0.991039
0.620000 0.991039
0.624000 0.991038
0.628000 0.991038
0.632000 0.991038
0.636000 0.991038
0.640000 0.991038
0.644000 0.991038
0.648000 0.991038
0.652000 0.991038
0.656000 0.991038
0.660000 0.991038
0.664000 0.991038
0.668000 0.991038
0.672000 0.991038
0.676000 0.991038
0.680000 0.991038
0.684000 0.991037
0.688000 0.991037
0.692000 0.991037
0.696000 0.991037
0.700000 0.991037
0.704000 0.991037
0.708000 0.991037
0.712000 0.991037
0.716000 0.991037
0.720000 0.991037
0.724000 0.991037
0.728000 0.991037
0.732000 0.991037
0.736000 0.991037
0.740000 0.991037
0.744000 0.991037
0.748000 0.991037
0.752000 0.991037
0.756000 0.991037
0.760000 0.991037
0.764000 0.991037
0.768000 0.991037
0.772000 0.991037
0.776000 0.991037
0.780000 0.991037
0.784000 0.991037
0.788000 0.991037
0.792000 0.991037
0.796000 0.991037
0.800000 0.991037
0.804000 0.991037
0.808000 0.991037
0.812000 0.991037
0.816000 0.991037
0.820000 0.991037
0.824000 0.991037
0.828000 0.991037
0.832000 0.991037
0.836000 0.991037
0.840000 0.991037
0.844000 0.991037
0.848000 0.991037
0.852000 0.991037
0.856000 0.991037
0.860000 0.991037
0.864000 0.991037
0.868000 0.991037
0.872000 0.991037
0.876000 0.991037
0.880000 0.991037
0.884000 0.991037
0.888000 0.991037
0.892000 0.991037
0.896000 0.991037
0.900000 0.991037
0.904000 0.991037
0.908000 0.991037
0.912000 0.991037
0.916000 0.991037
0.920000 0.991037
0.924000 0.991037
0.928000 0.991037
0.932000 0.991037
0.936000 0.991037
0.940000 0.991037
0.944000 0.991037
0.948000 0.991037
0.952000 0.991037
0.956000 0.991037
0.960000 0.991037
0.964000 0.991037
0.968000 0.991037
0.972000 0.991037
0.976000 0.991037
0.980000 0.991037
0.984000 0.991037
0.988000 0.991037
0.992000 0.991037
0.996000 0.991037
1.000000 0.991037
