-1.000000 0.997928
-0.996000 0.997928
-0.992000 0.997928
-0.988000 0.997928
-0.984000 0.997928
-0.980000 0.997928
-0.976000 0.997928
-0.972000 0.997928
-0.968000 0.997928
-0.964000 0.997928
-0.960000 0.997928
-0.956000 0.997928
-0.952000 0.997928
-0.948000 0.997928
-0.944000 0.997928
-0.940000 0.997928
-0.936000 0.997928
-0.932000 0.997928
-0.928000 0.997928
-0.924000 0.997928
-0.920000 0.997928
-0.916000 0.997928
-0.912000 0.997928
-0.908000 0.997928
-0.904000 0.997928
-0.900000 0.997928
-0.896000 0.997928
-0.892000 0.997928
-0.888000 0.997928
-0.884000 0.997928
-0.880000 0.997928
-0.876000 0.997928
-0.872000 0.997928
-0.868000 0.997928
-0.864000 0.997928
-0.860000 0.997928
-0.856000 0.997928
-0.852000 0.997928
-0.848000 0.997928
-0.844000 0.997928
-0.840000 0.997928
-0.836000 0.997928
-0.832000 0.997928
-0.828000 0.997928
-0.824000 0.997928
-0.820000 0.997928
-0.816000 0.997928
-0.812000 0.997928
-0.808000 0.997928
-0.804000 0.997928
-0.800000 0.997928
-0.796000 0.997928
-0.792000 0.997928
-0.788000 0.997928
-0.784000 0.997928
-0.780000 0.997928
-0.776000 0.997928
-0.772000 0.997928
-0.768000 0.997928
-0.764000 0.997928
-0.760000 0.997928
-0.756000 0.997928
-0.752000 0.997928
-0.748000 0.997928
-0.744000 0.997928
-0.740000 0.997928
-0.736000 0.997928
-0.732000 0.997927
-0.728000 0.997927
-0.724000 0.997927
-0.720000 0.997927
-0.716000 0.997927
-0.712000 0.997927
-0.708000 0.997927
-0.704000 0.997927
-0.700000 0.997927
-0.696000 0.997927
-0.692000 0.997926
-0.688000 0.997926
-0.684000 0.997926
-0.680000 0.997926
-0.676000 0.997926
-0.672000 0.997925
-0.668000 0.997925
-0.664000 0.997925
-0.660000 0.997924
-0.656000 0.997924
-0.652000 0.997923
-0.648000 0.997923
-0.644000 0.997922
-0.640000 0.997922
-0.636000 0.997921
-0.632000 0.997920
-0.628000 0.997920
-0.624000 0.997919
-0.620000 0.997918
-0.616000 0.997917
-0.612000 0.997916
-0.608000 0.997915
-0.604000 0.997914
-0.600000 0.997912
-0.596000 0.997911
-0.592000 0.997909
-0.588000 0.997907
-0.584000 0.997906
-0.580000 0.997904
-0.576000 0.997902
-0.572000 0.997899
-0.568000 0.997897
-0.564000 0.997894
-0.560000 0.997891
-0.556000 0.997888
-0.552000 0.997885
-0.548000 0.997881
-0.544000 0.997878
-0.540000 0.997874
-0.536000 0.997869
-0.532000 0.997865
-0.528000 0.997860
-0.524000 0.997855
-0.520000 0.997849
-0.516000 0.997844
-0.512000 0.997837
-0.508000 0.997831
-0.504000 0.997824
-0.500000 0.997817
-0.496000 0.997809
-0.492000 0.997800
-0.488000 0.997792
-0.484000 0.997782
-0.480000 0.997773
-0.476000 0.997763
-0.472000 0.997752
-0.468000 0.997740
-0.464000 0.997728
-0.460000 0.997716
-0.456000 0.997703
-0.452000 0.997689
-0.448000 0.997674
-0.444000 0.997659
-0.440000 0.997643
-0.436000 0.997626
-0.432000 0.997609
-0.428000 0.997591
-0.424000 0.997572
-0.420000 0.997552
-0.416000 0.997532
-0.412000 0.997510
-0.408000 0.997488
-0.404000 0.997465
-0.400000 0.997440
-0.396000 0.997415
-0.392000 0.997390
-0.388000 0.997363
-0.384000 0.997335
-0.380000 0.997306
-0.376000 0.997276
-0.372000 0.997245
-0.368000 0.997214
-0.364000 0.997181
-0.360000 0.997147
-0.356000 0.997112
-0.352000 0.997076
-0.348000 0.997039
-0.344000 0.997001
-0.340000 0.996962
-0.336000 0.996922
-0.332000 0.996881
-0.328000 0.996839
-0.324000 0.996795
-0.320000 0.996751
-0.316000 0.996706
-0.312000 0.996660
-0.308000 0.996612
-0.304000 0.996564
-0.300000 0.996515
-0.296000 0.996464
-0.292000 0.996413
-0.288000 0.996361
-0.284000 0.996308
-0.280000 0.996254
-0.276000 0.996199
-0.272000 0.996143
-0.268000 0.996087
-0.264000 0.996029
-0.260000 0.995971
-0.256000 0.995912
-0.252000 0.995852
-0.248000 0.995792
-0.244000 0.995731
-0.240000 0.995669
-0.236000 0.995607
-0.232000 0.995544
-0.228000 0.995481
-0.224000 0.995417
-0.220000 0.995352
-0.216000 0.995288
-0.212000 0.995222
-0.208000 0.995157
-0.204000 0.995091
-0.200000 0.995025
-0.196000 0.994959
-0.192000 0.994892
-0.188000 0.994825
-0.184000 0.994759
-0.180000 0.994692
-0.176000 0.994625
-0.172000 0.994558
-0.168000 0.994491
-0.164000 0.994424
-0.160000 0.994358
-0.156000 0.994291
-0.152000 0.994225
-0.148000 0.994159
-0.144000 0.994093
-0.140000 0.994028
-0.136000 0.993963
-0.132000 0.993898
-0.128000 0.993834
-0.124000 0.993770
-0.120000 0.993707
-0.116000 0.993644
-0.112000 0.993582
-0.108000 0.993520
-0.104000 0.993459
-0.100000 0.993399
-0.096000 0.993339
-0.092000 0.993280
-0.088000 0.993221
-0.084000 0.993164
-0.080000 0.993107
-0.076000 0.993051
-0.072000 0.992995
-0.068000 0.992941
-0.064000 0.992887
-0.060000 0.992834
-0.056000 0.992783
-0.052000 0.992731
-0.048000 0.992681
-0.044000 0.992632
-0.040000 0.992583
-0.036000 0.992536
-0.032000 0.992489
-0.028000 0.992444
-0.024000 0.992399
-0.020000 0.992355
-0.016000 0.992312
-0.012000 0.992270
-0.008000 0.992229
-0.004000 0.992189
0.000000 0.992150
0.004000 0.992112
0.008000 0.992075
0.012000 0.992038
0.016000 0.992003
0.020000 0.991968
0.024000 0.991935
0.028000 0.991902
0.032000 0.991870
0.036000 0.991839
0.040000 0.991809
0.044000 0.991780
0.048000 0.991751
0.052000 0.991724
0.056000 0.991697
0.060000 0.991671
0.064000 0.991646
0.068000 0.991622
0.072000 0.991598
0.076000 0.991575
0.080000 0.991553
0.084000 0.991532
0.088000 0.991511
0.092000 0.991491
0.096000 0.991472
0.100000 0.991453
0.104000 0.991435
0.108000 0.991418
0.112000 0.991401
0.116000 0.991385
0.120000 0.991370
0.124000 0.991355
0.128000 0.991340
0.132000 0.991327
0.136000 0.991313
0.140000 0.991300
0.144000 0.991288
0.148000 0.991276
0.152000 0.991265
0.156000 0.991254
0.160000 0.991244
0.164000 0.991234
0.168000 0.991224
0.172000 0.991215
0.176000 0.991206
0.180000 0.991198
0.184000 0.991190
0.188000 0.991182
0.192000 0.991175
0.196000 0.991168
0.200000 0.991161
0.204000 0.991155
0.208000 0.991149
0.212000 0.991143
0.216000 0.991137
0.220000 0.991132
0.224000 0.991127
0.228000 0.991122
0.232000 0.991118
0.236000 0.991113
0.240000 0.991109
0.244000 0.991105
0.248000 0.991101
0.252000 0.991098
0.256000 0.991094
0.260000 0.991091
0.264000 0.991088
0.268000 0.991085
0.272000 0.991083
0.276000 0.991080
0.280000 0.991077
0.284000 0.991075
0.288000 0.991073
0.292000 0.991071
0.296000 0.991069
0.300000 0.991067
0.304000 0.991065
0.308000 0.991063
0.312000 0.991062
0.316000 0.991060
0.320000 0.991059
0.324000 0.991058
0.328000 0.991056
0.332000 0.991055
0.336000 0.991054
0.340000 0.991053
0.344000 0.991052
0.348000 0.991051
0.352000 0.991050
0.356000 0.991049
0.360000 0.991049
0.364000 0.991048
0.368000 0.991047
0.372000 0.991046
0.376000 0.991046
0.380000 0.991045
0.384000 0.991045
0.388000 0.991044
0.392000 0.991044
0.396000 0.991043
0.400000 0.991043
0.404000 0.991043
0.408000 0.991042
0.412000 0.991042
0.416000 0.991041
0.420000 0.991041
0.424000 0.991041
0.428000 0.991041
0.432000 0.991040
0.436000 0.991040
0.440000 0.991040
0.444000 0.991040
0.448000 0.991040
0.452000 0.991039
0.456000 0.991039
0.460000 0.991039
0.464000 0.991039
0.468000 0.991039
0.472000 0.991039
0.476000 0.991039
0.480000 0.991038
0.484000 0.991038
0.488000 0.991038
0.492000 0.991038
0.496000 0.991038
0.500000 0.991038
0.504000 0.991038
0.508000 0.991038
0.512000 0.991038
0.516000 0.991038
0.520000 0.991038
0.524000 0.991038
0.528000 0.991038
0.532000 0.991038
0.536000 0.991037
0.540000 0.991037
0.544000 0.991037
0.548000 0.991037
0.552000 0.991037
0.556000 0.991037
0.560000 0.991037
0.564000 0.991037
0.568000 0.991037
0.572000 0.991037
0.576000 0.991037
0.580000 0.991037
0.584000 0.991037
0.588000 0.991037
0.592000 0.991037
0.596000 0.991037
0.600000 0.991037
0.604000 0.991037
0.608000 0.991037
0.612000 0.991037
0.616000 0.991037
0.620000 0.991037
0.624000 0.991037
0.628000 0.991037
0.632000 0.991037
0.636000 0.991037
0.640000 0.991037
0.644000 0.991037
0.648000 0.991037
0.652000 0.991037
0.656000 0.991037
0.660000 0.991037
0.664000 0.991037
0.668000 0.991037
0.672000 0.991037
0.676000 0.991037
0.680000 0.991037
0.684000 0.991037
0.688000 0.991037
0.692000 0.991037
0.696000 0.991037
0.700000 0.991037
0.704000 0.991037
0.708000 0.991037
0.712000 0.991037
0.716000 0.991037
0.720000 0.991037
0.724000 0.991037
0.728000 0.991037
0.732000 0.991037
0.736000 0.991037
0.740000 0.991037
0.744000 0.991037
0.748000 0.991037
0.752000 0.991037
0.756000 0.991037
0.760000 0.991037
0.764000 0.991037
0.768000 0.991037
0.772000 0.991037
0.776000 0.991037
0.780000 0.991037
0.784000 0.991037
0.788000 0.991037
0.792000 0.991037
0.796000 0.991037
0.800000 0.991037
0.804000 0.991037
0.808000 0.991037
0.812000 0.991037
0.816000 0.991037
0.820000 0.991037
0.824000 0.991037
0.828000 0.991037
0.832000 0.991037
0.836000 0.991037
0.840000 0.991037
0.844000 0.991037
0.848000 0.991037
0.852000 0.991037
0.856000 0.991037
0.860000 0.991037
0.864000 0.991037
0.868000 0.991037
0.872000 0.991037
0.876000 0.991037
0.880000 0.991037
0.884000 0.991037
0.888000 0.991037
0.892000 0.991037
0.896000 0.991037
0.900000 0.991037
0.904000 0.991037
0.908000 0.991037
0.912000 0.991037
0.916000 0.991037
0.920000 0.991037
0.924000 0.991037
0.928000 0.991037
0.932000 0.991037
0.936000 0.991037
0.940000 0.991037
0.944000 0.991037
0.948000 0.991037
0.952000 0.991037
0.956000 0.991037
0.960000 0.991037
0.964000 0.991037
0.968000 0.991037
0.972000 0.991037
0.976000 0.991037
0.980000 0.991037
0.984000 0.991037
0.988000 0.991037
0.992000 0.991037
0.996000 0.991037
1.000000 0.991037
