-1.000000 0.997928
-0.996000 0.997928
-0.992000 0.997928
-0.988000 0.997928
-0.984000 0.997928
-0.980000 0.997928
-0.976000 0.997928
-0.972000 0.997928
-0.968000 0.997928
-0.964000 0.997928
-0.960000 0.997928
-0.956000 0.997928
-0.952000 0.997928
-0.948000 0.997928
-0.944000 0.997928
-0.940000 0.997928
-0.936000 0.997928
-0.932000 0.997928
-0.928000 0.997928
-0.924000 0.997928
-0.920000 0.997928
-0.916000 0.997928
-0.912000 0.997928
-0.908000 0.997928
-0.904000 0.997928
-0.900000 0.997928
-0.896000 0.997928
-0.892000 0.997928
-0.888000 0.997928
-0.884000 0.997928
-0.880000 0.997928
-0.876000 0.997928
-0.872000 0.997928
-0.868000 0.997928
-0.864000 0.997928
-0.860000 0.997928
-0.856000 0.997928
-0.852000 0.997928
-0.848000 0.997928
-0.844000 0.997928
-0.840000 0.997928
-0.836000 0.997928
-0.832000 0.997928
-0.828000 0.997928
-0.824000 0.997928
-0.820000 0.997928
-0.816000 0.997928
-0.812000 0.997928
-0.808000 0.997928
-0.804000 0.997928
-0.800000 0.997928
-0.796000 0.997928
-0.792000 0.997928
-0.788000 0.997928
-0.784000 0.997928
-0.780000 0.997928
-0.776000 0.997928
-0.772000 0.997928
-0.768000 0.997928
-0.764000 0.997928
-0.760000 0.997928
-0.756000 0.997928
-0.752000 0.997928
-0.748000 0.997928
-0.744000 0.997928
-0.740000 0.997928
-0.736000 0.997928
-0.732000 0.997928
-0.728000 0.997928
-0.724000 0.997928
-0.720000 0.997928
-0.716000 0.997928
-0.712000 0.997928
-0.708000 0.997928
-0.704000 0.997928
-0.700000 0.997928
-0.696000 0.997928
-0.692000 0.997928
-0.688000 0.997928
-0.684000 0.997928
-0.680000 0.997928
-0.676000 0.997928
-0.672000 0.997928
-0.668000 0.997928
-0.664000 0.997928
-0.660000 0.997928
-0.656000 0.997928
-0.652000 0.997928
-0.648000 0.997928
-0.644000 0.997928
-0.640000 0.997928
-0.636000 0.997928
-0.632000 0.997928
-0.628000 0.997928
-0.624000 0.997928
-0.620000 0.997928
-0.616000 0.997928
-0.612000 0.997928
-0.608000 0.997928
-0.604000 0.997928
-0.600000 0.997928
-0.596000 0.997928
-0.592000 0.997928
-0.588000 0.997928
-0.584000 0.997928
-0.580000 0.997928
-0.576000 0.997928
-0.572000 0.997928
-0.568000 0.997928
-0.564000 0.997928
-0.560000 0.997928
-0.556000 0.997928
-0.552000 0.997928
-0.548000 0.997928
-0.544000 0.997928
-0.540000 0.997928
-0.536000 0.997928
-0.532000 0.997928
-0.528000 0.997928
-0.524000 0.997928
-0.520000 0.997928
-0.516000 0.997928
-0.512000 0.997928
-0.508000 0.997928
-0.504000 0.997928
-0.500000 0.997928
-0.496000 0.997928
-0.492000 0.997928
-0.488000 0.997928
-0.484000 0.997928
-0.480000 0.997928
-0.476000 0.997928
-0.472000 0.997928
-0.468000 0.997928
-0.464000 0.997928
-0.460000 0.997928
-0.456000 0.997928
-0.452000 0.997928
-0.448000 0.997928
-0.444000 0.997928
-0.440000 0.997928
-0.436000 0.997928
-0.432000 0.997928
-0.428000 0.997928
-0.424000 0.997928
-0.420000 0.997928
-0.416000 0.997928
-0.412000 0.997928
-0.408000 0.997928
-0.404000 0.997928
-0.400000 0.997928
-0.396000 0.997928
-0.392000 0.997928
-0.388000 0.997928
-0.384000 0.997928
-0.380000 0.997928
-0.376000 0.997928
-0.372000 0.997928
-0.368000 0.997928
-0.364000 0.997928
-0.360000 0.997928
-0.356000 0.997928
-0.352000 0.997928
-0.348000 0.997928
-0.344000 0.997928
-0.340000 0.997928
-0.336000 0.997928
-0.332000 0.997928
-0.328000 0.997928
-0.324000 0.997928
-0.320000 0.997928
-0.316000 0.997928
-0.312000 0.997928
-0.308000 0.997928
-0.304000 0.997928
-0.300000 0.997928
-0.296000 0.997928
-0.292000 0.997928
-0.288000 0.997928
-0.284000 0.997927
-0.280000 0.997927
-0.276000 0.997927
-0.272000 0.997927
-0.268000 0.997927
-0.264000 0.997927
-0.260000 0.997927
-0.256000 0.997927
-0.252000 0.997927
-0.248000 0.997927
-0.244000 0.997927
-0.240000 0.997927
-0.236000 0.997927
-0.232000 0.997927
-0.228000 0.997926
-0.224000 0.997926
-0.220000 0.997926
-0.216000 0.997926
-0.212000 0.997926
-0.208000 0.997926
-0.204000 0.997925
-0.200000 0.997925
-0.196000 0.997925
-0.192000 0.997925
-0.188000 0.997925
-0.184000 0.997924
-0.180000 0.997924
-0.176000 0.997924
-0.172000 0.997923
-0.168000 0.997923
-0.164000 0.997923
-0.160000 0.997922
-0.156000 0.997922
-0.152000 0.997922
-0.148000 0.997921
-0.144000 0.997921
-0.140000 0.997920
-0.136000 0.997920
-0.132000 0.997919
-0.128000 0.997918
-0.124000 0.997918
-0.120000 0.997917
-0.116000 0.997916
-0.112000 0.997916
-0.108000 0.997915
-0.104000 0.997914
-0.100000 0.997913
-0.096000 0.997912
-0.092000 0.997911
-0.088000 0.997910
-0.084000 0.997909
-0.080000 0.997907
-0.076000 0.997906
-0.072000 0.997905
-0.068000 0.997903
-0.064000 0.997902
-0.060000 0.997900
-0.056000 0.997899
-0.052000 0.997897
-0.048000 0.997895
-0.044000 0.997893
-0.040000 0.997891
-0.036000 0.997889
-0.032000 0.997886
-0.028000 0.997884
-0.024000 0.997882
-0.020000 0.997879
-0.016000 0.997876
-0.012000 0.997873
-0.008000 0.997870
-0.004000 0.997867
0.000000 0.997864
0.004000 0.997860
0.008000 0.997857
0.012000 0.997853
0.016000 0.997849
0.020000 0.997845
0.024000 0.997840
0.028000 0.997836
0.032000 0.997831
0.036000 0.997826
0.040000 0.997821
0.044000 0.997815
0.048000 0.997810
0.052000 0.997804
0.056000 0.997798
0.060000 0.997792
0.064000 0.997785
0.068000 0.997778
0.072000 0.997771
0.076000 0.997764
0.080000 0.997756
0.084000 0.997748
0.088000 0.997740
0.092000 0.997731
0.096000 0.997722
0.100000 0.997713
0.104000 0.997704
0.108000 0.997694
0.112000 0.997684
0.116000 0.997673
0.120000 0.997662
0.124000 0.997651
0.128000 0.997639
0.132000 0.997627
0.136000 0.997615
0.140000 0.997602
0.144000 0.997588
0.148000 0.997575
0.152000 0.997561
0.156000 0.997546
0.160000 0.997531
0.164000 0.997516
0.168000 0.997500
0.172000 0.997483
0.176000 0.997467
0.180000 0.997449
0.184000 0.997431
0.188000 0.997413
0.192000 0.997394
0.196000 0.997375
0.200000 0.997355
0.204000 0.997335
0.208000 0.997314
0.212000 0.997293
0.216000 0.997271
0.220000 0.997248
0.224000 0.997226
0.228000 0.997202
0.232000 0.997178
0.236000 0.997153
0.240000 0.997128
0.244000 0.997103
0.248000 0.997076
0.252000 0.997049
0.256000 0.997022
0.260000 0.996994
0.264000 0.996966
0.268000 0.996936
0.272000 0.996907
0.276000 0.996877
0.280000 0.996846
0.284000 0.996814
0.288000 0.996783
0.292000 0.996750
0.296000 0.996717
0.300000 0.996683
0.304000 0.996649
0.308000 0.996615
0.312000 0.996579
0.316000 0.996544
0.320000 0.996507
0.324000 0.996470
0.328000 0.996433
0.332000 0.996395
0.336000 0.996357
0.340000 0.996318
0.344000 0.996278
0.348000 0.996238
0.352000 0.996198
0.356000 0.996157
0.360000 0.996116
0.364000 0.996074
0.368000 0.996032
0.372000 0.995989
0.376000 0.995946
0.380000 0.995902
0.384000 0.995858
0.388000 0.995814
0.392000 0.995769
0.396000 0.995724
0.400000 0.995679
0.404000 0.995633
0.408000 0.995587
0.412000 0.995540
0.416000 0.995494
0.420000 0.995446
0.424000 0.995399
0.428000 0.995352
0.432000 0.995304
0.436000 0.995256
0.440000 0.995207
0.444000 0.995159
0.448000 0.995110
0.452000 0.995061
0.456000 0.995012
0.460000 0.994963
0.464000 0.994914
0.468000 0.994865
0.472000 0.994815
0.476000 0.994766
0.480000 0.994716
0.484000 0.994667
0.488000 0.994617
0.492000 0.994567
0.496000 0.994518
0.500000 0.994468
0.504000 0.994419
0.508000 0.994369
0.512000 0.994320
0.516000 0.994270
0.520000 0.994221
0.524000 0.994172
0.528000 0.994123
0.532000 0.994074
0.536000 0.994026
0.540000 0.993977
0.544000 0.993929
0.548000 0.993881
0.552000 0.993833
0.556000 0.993785
0.560000 0.993738
0.564000 0.993691
0.568000 0.993644
0.572000 0.993598
0.576000 0.993552
0.580000 0.993506
0.584000 0.993460
0.588000 0.993415
0.592000 0.993370
0.596000 0.993326
0.600000 0.993281
0.604000 0.993238
0.608000 0.993194
0.612000 0.993151
0.616000 0.993109
0.620000 0.993067
0.624000 0.993025
0.628000 0.992984
0.632000 0.992943
0.636000 0.992903
0.640000 0.992863
0.644000 0.992824
0.648000 0.992785
0.652000 0.992746
0.656000 0.992708
0.660000 0.992671
0.664000 0.992634
0.668000 0.992597
0.672000 0.992561
0.676000 0.992526
0.680000 0.992491
0.684000 0.992457
0.688000 0.992423
0.692000 0.992389
0.696000 0.992356
0.700000 0.992324
0.704000 0.992292
0.708000 0.992261
0.712000 0.992230
0.716000 0.992200
0.720000 0.992170
0.724000 0.992141
0.728000 0.992112
0.732000 0.992084
0.736000 0.992056
0.740000 0.992029
0.744000 0.992002
0.748000 0.991976
0.752000 0.991951
0.756000 0.991926
0.760000 0.991901
0.764000 0.991877
0.768000 0.991853
0.772000 0.991830
0.776000 0.991807
0.780000 0.991785
0.784000 0.991763
0.788000 0.991742
0.792000 0.991722
0.796000 0.991701
0.800000 0.991681
0.804000 0.991662
0.808000 0.991643
0.812000 0.991625
0.816000 0.991607
0.820000 0.991589
0.824000 0.991572
0.828000 0.991555
0.832000 0.991539
0.836000 0.991523
0.840000 0.991507
0.844000 0.991492
0.848000 0.991478
0.852000 0.991463
0.856000 0.991449
0.860000 0.991436
0.864000 0.991422
0.868000 0.991410
0.872000 0.991397
0.876000 0.991385
0.880000 0.991373
0.884000 0.991361
0.888000 0.991350
0.892000 0.991339
0.896000 0.991329
0.900000 0.991319
0.904000 0.991309
0.908000 0.991299
0.912000 0.991290
0.916000 0.991281
0.920000 0.991272
0.924000 0.991263
0.928000 0.991255
0.932000 0.991247
0.936000 0.991239
0.940000 0.991232
0.944000 0.991224
0.948000 0.991217
0.952000 0.991210
0.956000 0.991204
0.960000 0.991197
0.964000 0.991191
0.968000 0.991185
0.972000 0.991178
0.976000 0.991172
0.980000 0.991166
0.984000 0.991159
0.988000 0.991152
0.992000 0.991144
0.996000 0.991134
1.000000 0.991123
