-1.000000 0.991037
-0.996000 0.991037
-0.992000 0.991037
-0.988000 0.991037
-0.984000 0.991037
-0.980000 0.991037
-0.976000 0.991037
-0.972000 0.991037
-0.968000 0.991037
-0.964000 0.991037
-0.960000 0.991037
-0.956000 0.991037
-0.952000 0.991037
-0.948000 0.991037
-0.944000 0.991037
-0.940000 0.991037
-0.936000 0.991037
-0.932000 0.991037
-0.928000 0.991037
-0.924000 0.991037
-0.920000 0.991037
-0.916000 0.991037
-0.912000 0.991037
-0.908000 0.991037
-0.904000 0.991037
-0.900000 0.991037
-0.896000 0.991037
-0.892000 0.991037
-0.888000 0.991037
-0.884000 0.991037
-0.880000 0.991037
-0.876000 0.991037
-0.872000 0.991037
-0.868000 0.991037
-0.864000 0.991037
-0.860000 0.991037
-0.856000 0.991037
-0.852000 0.991037
-0.848000 0.991037
-0.844000 0.991037
-0.840000 0.991037
-0.836000 0.991037
-0.832000 0.991037
-0.828000 0.991037
-0.824000 0.991037
-0.820000 0.991037
-0.816000 0.991037
-0.812000 0.991037
-0.808000 0.991037
-0.804000 0.991037
-0.800000 0.991037
-0.796000 0.991037
-0.792000 0.991037
-0.788000 0.991037
-0.784000 0.991037
-0.780000 0.991037
-0.776000 0.991037
-0.772000 0.991037
-0.768000 0.991037
-0.764000 0.991037
-0.760000 0.991037
-0.756000 0.991037
-0.752000 0.991037
-0.748000 0.991037
-0.744000 0.991037
-0.740000 0.991037
-0.736000 0.991037
-0.732000 0.991037
-0.728000 0.991037
-0.724000 0.991037
-0.720000 0.991037
-0.716000 0.991037
-0.712000 0.991037
-0.708000 0.991037
-0.704000 0.991037
-0.700000 0.991037
-0.696000 0.991037
-0.692000 0.991037
-0.688000 0.991037
-0.684000 0.991037
-0.680000 0.991037
-0.676000 0.991037
-0.672000 0.991037
-0.668000 0.991037
-0.664000 0.991037
-0.660000 0.991037
-0.656000 0.991037
-0.652000 0.991037
-0.648000 0.991037
-0.644000 0.991037
-0.640000 0.991037
-0.636000 0.991037
-0.632000 0.991037
-0.628000 0.991037
-0.624000 0.991037
-0.620000 0.991037
-0.616000 0.991037
-0.612000 0.991037
-0.608000 0.991037
-0.604000 0.991037
-0.600000 0.991037
-0.596000 0.991037
-0.592000 0.991037
-0.588000 0.991037
-0.584000 0.991037
-0.580000 0.991037
-0.576000 0.991037
-0.572000 0.991037
-0.568000 0.991037
-0.564000 0.991037
-0.560000 0.991037
-0.556000 0.991037
-0.552000 0.991037
-0.548000 0.991037
-0.544000 0.991037
-0.540000 0.991037
-0.536000 0.991037
-0.532000 0.991037
-0.528000 0.991037
-0.524000 0.991037
-0.520000 0.991037
-0.516000 0.991037
-0.512000 0.991037
-0.508000 0.991037
-0.504000 0.991037
-0.500000 0.991037
-0.496000 0.991037
-0.492000 0.991037
-0.488000 0.991037
-0.484000 0.991037
-0.480000 0.991037
-0.476000 0.991037
-0.472000 0.991037
-0.468000 0.991037
-0.464000 0.991037
-0.460000 0.991037
-0.456000 0.991037
-0.452000 0.991037
-0.448000 0.991037
-0.444000 0.991037
-0.440000 0.991037
-0.436000 0.991037
-0.432000 0.991037
-0.428000 0.991037
-0.424000 0.991037
-0.420000 0.991037
-0.416000 0.991037
-0.412000 0.991037
-0.408000 0.991037
-0.404000 0.991037
-0.400000 0.991037
-0.396000 0.991037
-0.392000 0.991037
-0.388000 0.991037
-0.384000 0.991037
-0.380000 0.991037
-0.376000 0.991037
-0.372000 0.991037
-0.368000 0.991037
-0.364000 0.991037
-0.360000 0.991037
-0.356000 0.991037
-0.352000 0.991037
-0.348000 0.991037
-0.344000 0.991037
-0.340000 0.991037
-0.336000 0.991037
-0.332000 0.991037
-0.328000 0.991037
-0.324000 0.991037
-0.320000 0.991037
-0.316000 0.991037
-0.312000 0.991037
-0.308000 0.991037
-0.304000 0.991037
-0.300000 0.991037
-0.296000 0.991037
-0.292000 0.991037
-0.288000 0.991037
-0.284000 0.991037
-0.280000 0.991037
-0.276000 0.991037
-0.272000 0.991037
-0.268000 0.991037
-0.264000 0.991037
-0.260000 0.991037
-0.256000 0.991037
-0.252000 0.991037
-0.248000 0.991037
-0.244000 0.991037
-0.240000 0.991037
-0.236000 0.991037
-0.232000 0.991037
-0.228000 0.991037
-0.224000 0.991037
-0.220000 0.991037
-0.216000 0.991037
-0.212000 0.991037
-0.208000 0.991037
-0.204000 0.991037
-0.200000 0.991037
-0.196000 0.991037
-0.192000 0.991037
-0.188000 0.991037
-0.184000 0.991037
-0.180000 0.991037
-0.176000 0.991037
-0.172000 0.991037
-0.168000 0.991037
-0.164000 0.991037
-0.160000 0.991037
-0.156000 0.991037
-0.152000 0.991037
-0.148000 0.991037
-0.144000 0.991037
-0.140000 0.991037
-0.136000 0.991037
-0.132000 0.991037
-0.128000 0.991037
-0.124000 0.991037
-0.120000 0.991037
-0.116000 0.991037
-0.112000 0.991037
-0.108000 0.991037
-0.104000 0.991037
-0.100000 0.991037
-0.096000 0.991037
-0.092000 0.991037
-0.088000 0.991037
-0.084000 0.991037
-0.080000 0.991037
-0.076000 0.991037
-0.072000 0.991037
-0.068000 0.991038
-0.064000 0.991038
-0.060000 0.991038
-0.056000 0.991038
-0.052000 0.991038
-0.048000 0.991038
-0.044000 0.991038
-0.040000 0.991038
-0.036000 0.991038
-0.032000 0.991038
-0.028000 0.991038
-0.024000 0.991038
-0.020000 0.991038
-0.016000 0.991038
-0.012000 0.991038
-0.008000 0.991038
-0.004000 0.991039
0.000000 0.991039
0.004000 0.991039
0.008000 0.991039
0.012000 0.991039
0.016000 0.991039
0.020000 0.991039
0.024000 0.991039
0.028000 0.991040
0.032000 0.991040
0.036000 0.991040
0.040000 0.991040
0.044000 0.991040
0.048000 0.991041
0.052000 0.991041
0.056000 0.991041
0.060000 0.991041
0.064000 0.991042
0.068000 0.991042
0.072000 0.991042
0.076000 0.991043
0.080000 0.991043
0.084000 0.991043
0.088000 0.991044
0.092000 0.991044
0.096000 0.991044
0.100000 0.991045
0.104000 0.991045
0.108000 0.991046
0.112000 0.991046
0.116000 0.991047
0.120000 0.991047
0.124000 0.991048
0.128000 0.991049
0.132000 0.991049
0.136000 0.991050
0.140000 0.991051
0.144000 0.991052
0.148000 0.991052
0.152000 0.991053
0.156000 0.991054
0.160000 0.991055
0.164000 0.991056
0.168000 0.991057
0.172000 0.991058
0.176000 0.991059
0.180000 0.991060
0.184000 0.991062
0.188000 0.991063
0.192000 0.991064
0.196000 0.991066
0.200000 0.991067
0.204000 0.991069
0.208000 0.991070
0.212000 0.991072
0.216000 0.991074
0.220000 0.991075
0.224000 0.991077
0.228000 0.991079
0.232000 0.991081
0.236000 0.991083
0.240000 0.991085
0.244000 0.991088
0.248000 0.991090
0.252000 0.991093
0.256000 0.991095
0.260000 0.991098
0.264000 0.991101
0.268000 0.991103
0.272000 0.991106
0.276000 0.991109
0.280000 0.991113
0.284000 0.991116
0.288000 0.991119
0.292000 0.991123
0.296000 0.991127
0.300000 0.991130
0.304000 0.991134
0.308000 0.991138
0.312000 0.991143
0.316000 0.991147
0.320000 0.991152
0.324000 0.991156
0.328000 0.991161
0.332000 0.991166
0.336000 0.991171
0.340000 0.991176
0.344000 0.991182
0.348000 0.991187
0.352000 0.991193
0.356000 0.991199
0.360000 0.991205
0.364000 0.991212
0.368000 0.991218
0.372000 0.991225
0.376000 0.991232
0.380000 0.991239
0.384000 0.991246
0.388000 0.991254
0.392000 0.991261
0.396000 0.991269
0.400000 0.991277
0.404000 0.991286
0.408000 0.991294
0.412000 0.991303
0.416000 0.991312
0.420000 0.991321
0.424000 0.991330
0.428000 0.991340
0.432000 0.991350
0.436000 0.991360
0.440000 0.991370
0.444000 0.991381
0.448000 0.991392
0.452000 0.991403
0.456000 0.991414
0.460000 0.991426
0.464000 0.991438
0.468000 0.991450
0.472000 0.991462
0.476000 0.991475
0.480000 0.991487
0.484000 0.991500
0.488000 0.991514
0.492000 0.991527
0.496000 0.991541
0.500000 0.991555
0.504000 0.991570
0.508000 0.991584
0.512000 0.991599
0.516000 0.991614
0.520000 0.991630
0.524000 0.991645
0.528000 0.991661
0.532000 0.991677
0.536000 0.991694
0.540000 0.991711
0.544000 0.991728
0.548000 0.991745
0.552000 0.991762
0.556000 0.991780
0.560000 0.991798
0.564000 0.991816
0.568000 0.991834
0.572000 0.991853
0.576000 0.991872
0.580000 0.991891
0.584000 0.991911
0.588000 0.991930
0.592000 0.991950
0.596000 0.991970
0.600000 0.991991
0.604000 0.992011
0.608000 0.992032
0.612000 0.992053
0.616000 0.992074
0.620000 0.992095
0.624000 0.992117
0.628000 0.992139
0.632000 0.992161
0.636000 0.992183
0.640000 0.992205
0.644000 0.992228
0.648000 0.992250
0.652000 0.992273
0.656000 0.992296
0.660000 0.992319
0.664000 0.992343
0.668000 0.992366
0.672000 0.992390
0.676000 0.992414
0.680000 0.992437
0.684000 0.992461
0.688000 0.992486
0.692000 0.992510
0.696000 0.992534
0.700000 0.992559
0.704000 0.992583
0.708000 0.992608
0.712000 0.992632
0.716000 0.992657
0.720000 0.992682
0.724000 0.992707
0.728000 0.992732
0.732000 0.992757
0.736000 0.992782
0.740000 0.992807
0.744000 0.992832
0.748000 0.992857
0.752000 0.992882
0.756000 0.992907
0.760000 0.992932
0.764000 0.992958
0.768000 0.992983
0.772000 0.993008
0.776000 0.993033
0.780000 0.993058
0.784000 0.993083
0.788000 0.993108
0.792000 0.993133
0.796000 0.993157
0.800000 0.993182
0.804000 0.993207
0.808000 0.993231
0.812000 0.993256
0.816000 0.993280
0.820000 0.993305
0.824000 0.993329
0.828000 0.993353
0.832000 0.993377
0.836000 0.993401
0.840000 0.993425
0.844000 0.993448
0.848000 0.993472
0.852000 0.993495
0.856000 0.993518
0.860000 0.993541
0.864000 0.993564
0.868000 0.993587
0.872000 0.993610
0.876000 0.993632
0.880000 0.993654
0.884000 0.993676
0.888000 0.993698
0.892000 0.993720
0.896000 0.993741
0.900000 0.993763
0.904000 0.993784
0.908000 0.993805
0.912000 0.993825
0.916000 0.993846
0.920000 0.993866
0.924000 0.993886
0.928000 0.993906
0.932000 0.993926
0.936000 0.993945
0.940000 0.993965
0.944000 0.993984
0.948000 0.994003
0.952000 0.994022
0.956000 0.994040
0.960000 0.994059
0.964000 0.994078
0.968000 0.994097
0.972000 0.994116
0.976000 0.994136
0.980000 0.994157
0.984000 0.994179
0.988000 0.994204
0.992000 0.994232
0.996000 0.994264
1.000000 0.994303
