-1.000000 0.992919
-0.996000 0.992919
-0.992000 0.992919
-0.988000 0.992919
-0.984000 0.992919
-0.980000 0.992919
-0.976000 0.992919
-0.972000 0.992919
-0.968000 0.992919
-0.964000 0.992919
-0.960000 0.992919
-0.956000 0.992919
-0.952000 0.992919
-0.948000 0.992919
-0.944000 0.992919
-0.940000 0.992919
-0.936000 0.992919
-0.932000 0.992919
-0.928000 0.992919
-0.924000 0.992919
-0.920000 0.992919
-0.916000 0.992919
-0.912000 0.992919
-0.908000 0.992919
-0.904000 0.992919
-0.900000 0.992919
-0.896000 0.992919
-0.892000 0.992919
-0.888000 0.992919
-0.884000 0.992919
-0.880000 0.992919
-0.876000 0.992919
-0.872000 0.992919
-0.868000 0.992919
-0.864000 0.992919
-0.860000 0.992919
-0.856000 0.992919
-0.852000 0.992919
-0.848000 0.992919
-0.844000 0.992919
-0.840000 0.992919
-0.836000 0.992919
-0.832000 0.992919
-0.828000 0.992919
-0.824000 0.992919
-0.820000 0.992919
-0.816000 0.992919
-0.812000 0.992919
-0.808000 0.992919
-0.804000 0.992919
-0.800000 0.992919
-0.796000 0.992919
-0.792000 0.992919
-0.788000 0.992919
-0.784000 0.992919
-0.780000 0.992919
-0.776000 0.992919
-0.772000 0.992919
-0.768000 0.992919
-0.764000 0.992919
-0.760000 0.992919
-0.756000 0.992919
-0.752000 0.992919
-0.748000 0.992919
-0.744000 0.992919
-0.740000 0.992919
-0.736000 0.992919
-0.732000 0.992919
-0.728000 0.992919
-0.724000 0.992919
-0.720000 0.992919
-0.716000 0.992919
-0.712000 0.992919
-0.708000 0.992919
-0.704000 0.992919
-0.700000 0.992919
-0.696000 0.992919
-0.692000 0.992919
-0.688000 0.992919
-0.684000 0.992919
-0.680000 0.992919
-0.676000 0.992919
-0.672000 0.992919
-0.668000 0.992919
-0.664000 0.992919
-0.660000 0.992919
-0.656000 0.992919
-0.652000 0.992919
-0.648000 0.992919
-0.644000 0.992919
-0.640000 0.992919
-0.636000 0.992919
-0.632000 0.992919
-0.628000 0.992919
-0.624000 0.992919
-0.620000 0.992919
-0.616000 0.992919
-0.612000 0.992919
-0.608000 0.992919
-0.604000 0.992919
-0.600000 0.992919
-0.596000 0.992919
-0.592000 0.992919
-0.588000 0.992919
-0.584000 0.992919
-0.580000 0.992919
-0.576000 0.992919
-0.572000 0.992919
-0.568000 0.992919
-0.564000 0.992919
-0.560000 0.992919
-0.556000 0.992919
-0.552000 0.992919
-0.548000 0.992919
-0.544000 0.992919
-0.540000 0.992919
-0.536000 0.992919
-0.532000 0.992919
-0.528000 0.992919
-0.524000 0.992919
-0.520000 0.992919
-0.516000 0.992919
-0.512000 0.992919
-0.508000 0.992919
-0.504000 0.992919
-0.500000 0.992919
-0.496000 0.992919
-0.492000 0.992919
-0.488000 0.992919
-0.484000 0.992919
-0.480000 0.992919
-0.476000 0.992919
-0.472000 0.992919
-0.468000 0.992919
-0.464000 0.992919
-0.460000 0.992919
-0.456000 0.992919
-0.452000 0.992919
-0.448000 0.992919
-0.444000 0.992919
-0.440000 0.992919
-0.436000 0.992919
-0.432000 0.992919
-0.428000 0.992919
-0.424000 0.992919
-0.420000 0.992919
-0.416000 0.992919
-0.412000 0.992919
-0.408000 0.992919
-0.404000 0.992919
-0.400000 0.992919
-0.396000 0.992919
-0.392000 0.992919
-0.388000 0.992919
-0.384000 0.992919
-0.380000 0.992919
-0.376000 0.992919
-0.372000 0.992919
-0.368000 0.992919
-0.364000 0.992919
-0.360000 0.992920
-0.356000 0.992920
-0.352000 0.992920
-0.348000 0.992920
-0.344000 0.992920
-0.340000 0.992920
-0.336000 0.992920
-0.332000 0.992920
-0.328000 0.992920
-0.324000 0.992920
-0.320000 0.992920
-0.316000 0.992920
-0.312000 0.992920
-0.308000 0.992921
-0.304000 0.992921
-0.300000 0.992921
-0.296000 0.992921
-0.292000 0.992921
-0.288000 0.992921
-0.284000 0.992922
-0.280000 0.992922
-0.276000 0.992922
-0.272000 0.992922
-0.268000 0.992922
-0.264000 0.992923
-0.260000 0.992923
-0.256000 0.992923
-0.252000 0.992924
-0.248000 0.992924
-0.244000 0.992924
-0.240000 0.992925
-0.236000 0.992925
-0.232000 0.992926
-0.228000 0.992926
-0.224000 0.992927
-0.220000 0.992927
-0.216000 0.992928
-0.212000 0.992928
-0.208000 0.992929
-0.204000 0.992930
-0.200000 0.992931
-0.196000 0.992931
-0.192000 0.992932
-0.188000 0.992933
-0.184000 0.992934
-0.180000 0.992935
-0.176000 0.992936
-0.172000 0.992937
-0.168000 0.992938
-0.164000 0.992940
-0.160000 0.992941
-0.156000 0.992942
-0.152000 0.992944
-0.148000 0.992946
-0.144000 0.992947
-0.140000 0.992949
-0.136000 0.992951
-0.132000 0.992953
-0.128000 0.992955
-0.124000 0.992957
-0.120000 0.992959
-0.116000 0.992962
-0.112000 0.992964
-0.108000 0.992967
-0.104000 0.992970
-0.100000 0.992973
-0.096000 0.992976
-0.092000 0.992979
-0.088000 0.992983
-0.084000 0.992986
-0.080000 0.992990
-0.076000 0.992994
-0.072000 0.992998
-0.068000 0.993002
-0.064000 0.993007
-0.060000 0.993012
-0.056000 0.993017
-0.052000 0.993022
-0.048000 0.993027
-0.044000 0.993033
-0.040000 0.993039
-0.036000 0.993045
-0.032000 0.993051
-0.028000 0.993058
-0.024000 0.993065
-0.020000 0.993072
-0.016000 0.993079
-0.012000 0.993087
-0.008000 0.993095
-0.004000 0.993104
0.000000 0.993112
0.004000 0.993121
0.008000 0.993131
0.012000 0.993140
0.016000 0.993151
0.020000 0.993161
0.024000 0.993172
0.028000 0.993183
0.032000 0.993195
0.036000 0.993207
0.040000 0.993219
0.044000 0.993232
0.048000 0.993245
0.052000 0.993259
0.056000 0.993273
0.060000 0.993288
0.064000 0.993303
0.068000 0.993319
0.072000 0.993335
0.076000 0.993351
0.080000 0.993368
0.084000 0.993386
0.088000 0.993404
0.092000 0.993422
0.096000 0.993442
0.100000 0.993461
0.104000 0.993481
0.108000 0.993502
0.112000 0.993523
0.116000 0.993545
0.120000 0.993567
0.124000 0.993590
0.128000 0.993614
0.132000 0.993638
0.136000 0.993662
0.140000 0.993688
0.144000 0.993714
0.148000 0.993740
0.152000 0.993767
0.156000 0.993795
0.160000 0.993823
0.164000 0.993851
0.168000 0.993881
0.172000 0.993911
0.176000 0.993941
0.180000 0.993973
0.184000 0.994004
0.188000 0.994037
0.192000 0.994070
0.196000 0.994103
0.200000 0.994137
0.204000 0.994172
0.208000 0.994208
0.212000 0.994244
0.216000 0.994280
0.220000 0.994317
0.224000 0.994355
0.228000 0.994393
0.232000 0.994432
0.236000 0.994471
0.240000 0.994511
0.244000 0.994551
0.248000 0.994592
0.252000 0.994634
0.256000 0.994676
0.260000 0.994718
0.264000 0.994761
0.268000 0.994805
0.272000 0.994849
0.276000 0.994893
0.280000 0.994938
0.284000 0.994983
0.288000 0.995029
0.292000 0.995075
0.296000 0.995122
0.300000 0.995169
0.304000 0.995216
0.308000 0.995264
0.312000 0.995312
0.316000 0.995360
0.320000 0.995409
0.324000 0.995458
0.328000 0.995507
0.332000 0.995557
0.336000 0.995607
0.340000 0.995657
0.344000 0.995707
0.348000 0.995758
0.352000 0.995808
0.356000 0.995859
0.360000 0.995910
0.364000 0.995961
0.368000 0.996013
0.372000 0.996064
0.376000 0.996116
0.380000 0.996167
0.384000 0.996219
0.388000 0.996270
0.392000 0.996322
0.396000 0.996374
0.400000 0.996426
0.404000 0.996477
0.408000 0.996529
0.412000 0.996580
0.416000 0.996632
0.420000 0.996683
0.424000 0.996734
0.428000 0.996785
0.432000 0.996836
0.436000 0.996887
0.440000 0.996938
0.444000 0.996988
0.448000 0.997039
0.452000 0.997088
0.456000 0.997138
0.460000 0.997188
0.464000 0.997237
0.468000 0.997286
0.472000 0.997335
0.476000 0.997383
0.480000 0.997431
0.484000 0.997479
0.488000 0.997526
0.492000 0.997573
0.496000 0.997619
0.500000 0.997666
0.504000 0.997711
0.508000 0.997757
0.512000 0.997802
0.516000 0.997846
0.520000 0.997890
0.524000 0.997934
0.528000 0.997977
0.532000 0.998020
0.536000 0.998062
0.540000 0.998104
0.544000 0.998145
0.548000 0.998186
0.552000 0.998226
0.556000 0.998266
0.560000 0.998305
0.564000 0.998344
0.568000 0.998382
0.572000 0.998420
0.576000 0.998457
0.580000 0.998494
0.584000 0.998530
0.588000 0.998565
0.592000 0.998600
0.596000 0.998635
0.600000 0.998669
0.604000 0.998702
0.608000 0.998735
0.612000 0.998767
0.616000 0.998799
0.620000 0.998830
0.624000 0.998860
0.628000 0.998890
0.632000 0.998920
0.636000 0.998949
0.640000 0.998977
0.644000 0.999005
0.648000 0.999033
0.652000 0.999059
0.656000 0.999086
0.660000 0.999111
0.664000 0.999137
0.668000 0.999161
0.672000 0.999185
0.676000 0.999209
0.680000 0.999232
0.684000 0.999255
0.688000 0.999277
0.692000 0.999299
0.696000 0.999320
0.700000 0.999340
0.704000 0.999361
0.708000 0.999380
0.712000 0.999399
0.716000 0.999418
0.720000 0.999437
0.724000 0.999454
0.728000 0.999472
0.732000 0.999489
0.736000 0.999505
0.740000 0.999521
0.744000 0.999537
0.748000 0.999552
0.752000 0.999567
0.756000 0.999582
0.760000 0.999596
0.764000 0.999610
0.768000 0.999623
0.772000 0.999636
0.776000 0.999648
0.780000 0.999661
0.784000 0.999673
0.788000 0.999684
0.792000 0.999695
0.796000 0.999706
0.800000 0.999717
0.804000 0.999727
0.808000 0.999737
0.812000 0.999746
0.816000 0.999756
0.820000 0.999765
0.824000 0.999773
0.828000 0.999782
0.832000 0.999790
0.836000 0.999798
0.840000 0.999806
0.844000 0.999813
0.848000 0.999820
0.852000 0.999827
0.856000 0.999834
0.860000 0.999841
0.864000 0.999847
0.868000 0.999853
0.872000 0.999859
0.876000 0.999864
0.880000 0.999870
0.884000 0.999875
0.888000 0.999880
0.892000 0.999885
0.896000 0.999890
0.900000 0.999894
0.904000 0.999899
0.908000 0.999903
0.912000 0.999907
0.916000 0.999911
0.920000 0.999915
0.924000 0.999918
0.928000 0.999922
0.932000 0.999925
0.936000 0.999928
0.940000 0.999931
0.944000 0.999934
0.948000 0.999937
0.952000 0.999940
0.956000 0.999943
0.960000 0.999945
0.964000 0.999948
0.968000 0.999950
0.972000 0.999953
0.976000 0.999955
0.980000 0.999958
0.984000 0.999960
0.988000 0.999963
0.992000 0.999966
0.996000 0.999969
1.000000 0.999974
