-1.000000 0.991037
-0.996000 0.991037
-0.992000 0.991037
-0.988000 0.991037
-0.984000 0.991037
-0.980000 0.991037
-0.976000 0.991037
-0.972000 0.991037
-0.968000 0.991037
-0.964000 0.991037
-0.960000 0.991037
-0.956000 0.991037
-0.952000 0.991037
-0.948000 0.991037
-0.944000 0.991037
-0.940000 0.991037
-0.936000 0.991037
-0.932000 0.991037
-0.928000 0.991037
-0.924000 0.991037
-0.920000 0.991037
-0.916000 0.991037
-0.912000 0.991037
-0.908000 0.991037
-0.904000 0.991037
-0.900000 0.991037
-0.896000 0.991037
-0.892000 0.991037
-0.888000 0.991037
-0.884000 0.991037
-0.880000 0.991038
-0.876000 0.991038
-0.872000 0.991038
-0.868000 0.991038
-0.864000 0.991038
-0.860000 0.991038
-0.856000 0.991038
-0.852000 0.991039
-0.848000 0.991039
-0.844000 0.991039
-0.840000 0.991039
-0.836000 0.991040
-0.832000 0.991040
-0.828000 0.991040
-0.824000 0.991041
-0.820000 0.991041
-0.816000 0.991042
-0.812000 0.991043
-0.808000 0.991043
-0.804000 0.991044
-0.800000 0.991045
-0.796000 0.991046
-0.792000 0.991047
-0.788000 0.991049
-0.784000 0.991050
-0.780000 0.991052
-0.776000 0.991053
-0.772000 0.991055
-0.768000 0.991057
-0.764000 0.991059
-0.760000 0.991062
-0.756000 0.991064
-0.752000 0.991067
-0.748000 0.991070
-0.744000 0.991074
-0.740000 0.991077
-0.736000 0.991081
-0.732000 0.991085
-0.728000 0.991090
-0.724000 0.991095
-0.720000 0.991100
-0.716000 0.991106
-0.712000 0.991112
-0.708000 0.991119
-0.704000 0.991126
-0.700000 0.991134
-0.696000 0.991142
-0.692000 0.991150
-0.688000 0.991159
-0.684000 0.991169
-0.680000 0.991180
-0.676000 0.991190
-0.672000 0.991202
-0.668000 0.991214
-0.664000 0.991227
-0.660000 0.991241
-0.656000 0.991256
-0.652000 0.991271
-0.648000 0.991287
-0.644000 0.991303
-0.640000 0.991321
-0.636000 0.991339
-0.632000 0.991358
-0.628000 0.991379
-0.624000 0.991399
-0.620000 0.991421
-0.616000 0.991444
-0.612000 0.991468
-0.608000 0.991492
-0.604000 0.991517
-0.600000 0.991544
-0.596000 0.991571
-0.592000 0.991599
-0.588000 0.991628
-0.584000 0.991658
-0.580000 0.991689
-0.576000 0.991720
-0.572000 0.991753
-0.568000 0.991786
-0.564000 0.991821
-0.560000 0.991856
-0.556000 0.991892
-0.552000 0.991929
-0.548000 0.991966
-0.544000 0.992004
-0.540000 0.992043
-0.536000 0.992083
-0.532000 0.992123
-0.528000 0.992164
-0.524000 0.992206
-0.520000 0.992248
-0.516000 0.992291
-0.512000 0.992334
-0.508000 0.992378
-0.504000 0.992422
-0.500000 0.992467
-0.496000 0.992511
-0.492000 0.992557
-0.488000 0.992602
-0.484000 0.992648
-0.480000 0.992694
-0.476000 0.992740
-0.472000 0.992786
-0.468000 0.992832
-0.464000 0.992878
-0.460000 0.992924
-0.456000 0.992970
-0.452000 0.993016
-0.448000 0.993062
-0.444000 0.993108
-0.440000 0.993153
-0.436000 0.993198
-0.432000 0.993243
-0.428000 0.993288
-0.424000 0.993332
-0.420000 0.993376
-0.416000 0.993419
-0.412000 0.993462
-0.408000 0.993504
-0.404000 0.993546
-0.400000 0.993587
-0.396000 0.993628
-0.392000 0.993668
-0.388000 0.993708
-0.384000 0.993746
-0.380000 0.993784
-0.376000 0.993822
-0.372000 0.993859
-0.368000 0.993895
-0.364000 0.993930
-0.360000 0.993964
-0.356000 0.993998
-0.352000 0.994031
-0.348000 0.994063
-0.344000 0.994095
-0.340000 0.994126
-0.336000 0.994156
-0.332000 0.994185
-0.328000 0.994213
-0.324000 0.994241
-0.320000 0.994267
-0.316000 0.994293
-0.312000 0.994318
-0.308000 0.994343
-0.304000 0.994367
-0.300000 0.994390
-0.296000 0.994412
-0.292000 0.994433
-0.288000 0.994454
-0.284000 0.994474
-0.280000 0.994493
-0.276000 0.994512
-0.272000 0.994530
-0.268000 0.994547
-0.264000 0.994564
-0.260000 0.994580
-0.256000 0.994595
-0.252000 0.994610
-0.248000 0.994624
-0.244000 0.994638
-0.240000 0.994651
-0.236000 0.994663
-0.232000 0.994675
-0.228000 0.994686
-0.224000 0.994697
-0.220000 0.994708
-0.216000 0.994718
-0.212000 0.994727
-0.208000 0.994736
-0.204000 0.994745
-0.200000 0.994753
-0.196000 0.994761
-0.192000 0.994768
-0.188000 0.994775
-0.184000 0.994782
-0.180000 0.994789
-0.176000 0.994795
-0.172000 0.994800
-0.168000 0.994806
-0.164000 0.994811
-0.160000 0.994816
-0.156000 0.994821
-0.152000 0.994825
-0.148000 0.994829
-0.144000 0.994833
-0.140000 0.994837
-0.136000 0.994840
-0.132000 0.994844
-0.128000 0.994847
-0.124000 0.994850
-0.120000 0.994852
-0.116000 0.994855
-0.112000 0.994857
-0.108000 0.994860
-0.104000 0.994862
-0.100000 0.994864
-0.096000 0.994866
-0.092000 0.994868
-0.088000 0.994869
-0.084000 0.994871
-0.080000 0.994872
-0.076000 0.994874
-0.072000 0.994875
-0.068000 0.994876
-0.064000 0.994877
-0.060000 0.994878
-0.056000 0.994879
-0.052000 0.994880
-0.048000 0.994881
-0.044000 0.994882
-0.040000 0.994883
-0.036000 0.994883
-0.032000 0.994884
-0.028000 0.994885
-0.024000 0.994885
-0.020000 0.994886
-0.016000 0.994886
-0.012000 0.994887
-0.008000 0.994887
-0.004000 0.994887
0.000000 0.994888
0.004000 0.994888
0.008000 0.994888
0.012000 0.994889
0.016000 0.994889
0.020000 0.994889
0.024000 0.994889
0.028000 0.994890
0.032000 0.994890
0.036000 0.994890
0.040000 0.994890
0.044000 0.994890
0.048000 0.994890
0.052000 0.994891
0.056000 0.994891
0.060000 0.994891
0.064000 0.994891
0.068000 0.994891
0.072000 0.994891
0.076000 0.994891
0.080000 0.994891
0.084000 0.994891
0.088000 0.994891
0.092000 0.994891
0.096000 0.994891
0.100000 0.994891
0.104000 0.994892
0.108000 0.994892
0.112000 0.994892
0.116000 0.994892
0.120000 0.994892
0.124000 0.994892
0.128000 0.994892
0.132000 0.994892
0.136000 0.994892
0.140000 0.994892
0.144000 0.994892
0.148000 0.994892
0.152000 0.994892
0.156000 0.994892
0.160000 0.994892
0.164000 0.994892
0.168000 0.994892
0.172000 0.994892
0.176000 0.994892
0.180000 0.994892
0.184000 0.994892
0.188000 0.994892
0.192000 0.994892
0.196000 0.994892
0.200000 0.994892
0.204000 0.994892
0.208000 0.994892
0.212000 0.994892
0.216000 0.994892
0.220000 0.994892
0.224000 0.994892
0.228000 0.994892
0.232000 0.994892
0.236000 0.994892
0.240000 0.994892
0.244000 0.994892
0.248000 0.994892
0.252000 0.994892
0.256000 0.994892
0.260000 0.994892
0.264000 0.994892
0.268000 0.994892
0.272000 0.994892
0.276000 0.994892
0.280000 0.994892
0.284000 0.994892
0.288000 0.994892
0.292000 0.994892
0.296000 0.994892
0.300000 0.994892
0.304000 0.994892
0.308000 0.994892
0.312000 0.994892
0.316000 0.994892
0.320000 0.994892
0.324000 0.994892
0.328000 0.994892
0.332000 0.994892
0.336000 0.994892
0.340000 0.994892
0.344000 0.994892
0.348000 0.994892
0.352000 0.994892
0.356000 0.994892
0.360000 0.994892
0.364000 0.994892
0.368000 0.994892
0.372000 0.994892
0.376000 0.994892
0.380000 0.994892
0.384000 0.994892
0.388000 0.994892
0.392000 0.994892
0.396000 0.994892
0.400000 0.994892
0.404000 0.994892
0.408000 0.994892
0.412000 0.994892
0.416000 0.994892
0.420000 0.994892
0.424000 0.994892
0.428000 0.994892
0.432000 0.994892
0.436000 0.994892
0.440000 0.994892
0.444000 0.994892
0.448000 0.994892
0.452000 0.994892
0.456000 0.994892
0.460000 0.994892
0.464000 0.994892
0.468000 0.994892
0.472000 0.994892
0.476000 0.994892
0.480000 0.994892
0.484000 0.994892
0.488000 0.994892
0.492000 0.994892
0.496000 0.994892
0.500000 0.994892
0.504000 0.994892
0.508000 0.994892
0.512000 0.994892
0.516000 0.994892
0.520000 0.994892
0.524000 0.994892
0.528000 0.994892
0.532000 0.994892
0.536000 0.994892
0.540000 0.994892
0.544000 0.994892
0.548000 0.994892
0.552000 0.994892
0.556000 0.994892
0.560000 0.994892
0.564000 0.994892
0.568000 0.994892
0.572000 0.994892
0.576000 0.994892
0.580000 0.994892
0.584000 0.994892
0.588000 0.994892
0.592000 0.994892
0.596000 0.994892
0.600000 0.994892
0.604000 0.994892
0.608000 0.994892
0.612000 0.994892
0.616000 0.994892
0.620000 0.994892
0.624000 0.994892
0.628000 0.994892
0.632000 0.994892
0.636000 0.994892
0.640000 0.994892
0.644000 0.994892
0.648000 0.994892
0.652000 0.994892
0.656000 0.994892
0.660000 0.994892
0.664000 0.994892
0.668000 0.994892
0.672000 0.994892
0.676000 0.994892
0.680000 0.994892
0.684000 0.994892
0.688000 0.994892
0.692000 0.994892
0.696000 0.994892
0.700000 0.994892
0.704000 0.994892
0.708000 0.994892
0.712000 0.994892
0.716000 0.994892
0.720000 0.994892
0.724000 0.994892
0.728000 0.994892
0.732000 0.994892
0.736000 0.994892
0.740000 0.994892
0.744000 0.994892
0.748000 0.994892
0.752000 0.994892
0.756000 0.994892
0.760000 0.994892
0.764000 0.994892
0.768000 0.994892
0.772000 0.994892
0.776000 0.994892
0.780000 0.994892
0.784000 0.994892
0.788000 0.994892
0.792000 0.994892
0.796000 0.994892
0.800000 0.994892
0.804000 0.994892
0.808000 0.994892
0.812000 0.994892
0.816000 0.994892
0.820000 0.994892
0.824000 0.994892
0.828000 0.994892
0.832000 0.994892
0.836000 0.994892
0.840000 0.994892
0.844000 0.994892
0.848000 0.994892
0.852000 0.994892
0.856000 0.994892
0.860000 0.994892
0.864000 0.994892
0.868000 0.994892
0.872000 0.994892
0.876000 0.994892
0.880000 0.994892
0.884000 0.994892
0.888000 0.994892
0.892000 0.994892
0.896000 0.994892
0.900000 0.994892
0.904000 0.994892
0.908000 0.994892
0.912000 0.994892
0.916000 0.994892
0.920000 0.994892
0.924000 0.994892
0.928000 0.994892
0.932000 0.994892
0.936000 0.994892
0.940000 0.994892
0.944000 0.994892
0.948000 0.994892
0.952000 0.994892
0.956000 0.994892
0.960000 0.994892
0.964000 0.994892
0.968000 0.994892
0.972000 0.994892
0.976000 0.994892
0.980000 0.994892
0.984000 0.994892
0.988000 0.994892
0.992000 0.994892
0.996000 0.994892
1.000000 0.994892
