-1.000000 0.997928
-0.996000 0.997928
-0.992000 0.997928
-0.988000 0.997928
-0.984000 0.997928
-0.980000 0.997928
-0.976000 0.997928
-0.972000 0.997928
-0.968000 0.997928
-0.964000 0.997928
-0.960000 0.997928
-0.956000 0.997928
-0.952000 0.997928
-0.948000 0.997928
-0.944000 0.997928
-0.940000 0.997928
-0.936000 0.997928
-0.932000 0.997928
-0.928000 0.997928
-0.924000 0.997928
-0.920000 0.997928
-0.916000 0.997928
-0.912000 0.997928
-0.908000 0.997927
-0.904000 0.997927
-0.900000 0.997927
-0.896000 0.997927
-0.892000 0.997927
-0.888000 0.997927
-0.884000 0.997927
-0.880000 0.997926
-0.876000 0.997926
-0.872000 0.997926
-0.868000 0.997925
-0.864000 0.997925
-0.860000 0.997925
-0.856000 0.997924
-0.852000 0.997923
-0.848000 0.997923
-0.844000 0.997922
-0.840000 0.997921
-0.836000 0.997920
-0.832000 0.997919
-0.828000 0.997918
-0.824000 0.997916
-0.820000 0.997915
-0.816000 0.997913
-0.812000 0.997911
-0.808000 0.997909
-0.804000 0.997907
-0.800000 0.997904
-0.796000 0.997901
-0.792000 0.997898
-0.788000 0.997894
-0.784000 0.997891
-0.780000 0.997886
-0.776000 0.997882
-0.772000 0.997877
-0.768000 0.997871
-0.764000 0.997865
-0.760000 0.997858
-0.756000 0.997851
-0.752000 0.997844
-0.748000 0.997835
-0.744000 0.997826
-0.740000 0.997816
-0.736000 0.997806
-0.732000 0.997794
-0.728000 0.997782
-0.724000 0.997769
-0.720000 0.997755
-0.716000 0.997740
-0.712000 0.997724
-0.708000 0.997707
-0.704000 0.997688
-0.700000 0.997669
-0.696000 0.997648
-0.692000 0.997626
-0.688000 0.997603
-0.684000 0.997578
-0.680000 0.997552
-0.676000 0.997525
-0.672000 0.997496
-0.668000 0.997466
-0.664000 0.997434
-0.660000 0.997401
-0.656000 0.997365
-0.652000 0.997329
-0.648000 0.997290
-0.644000 0.997250
-0.640000 0.997209
-0.636000 0.997165
-0.632000 0.997120
-0.628000 0.997073
-0.624000 0.997024
-0.620000 0.996974
-0.616000 0.996921
-0.612000 0.996867
-0.608000 0.996812
-0.604000 0.996754
-0.600000 0.996695
-0.596000 0.996634
-0.592000 0.996572
-0.588000 0.996508
-0.584000 0.996442
-0.580000 0.996374
-0.576000 0.996306
-0.572000 0.996235
-0.568000 0.996163
-0.564000 0.996090
-0.560000 0.996016
-0.556000 0.995940
-0.552000 0.995863
-0.548000 0.995785
-0.544000 0.995706
-0.540000 0.995626
-0.536000 0.995545
-0.532000 0.995463
-0.528000 0.995380
-0.524000 0.995297
-0.520000 0.995213
-0.516000 0.995128
-0.512000 0.995043
-0.508000 0.994958
-0.504000 0.994873
-0.500000 0.994787
-0.496000 0.994701
-0.492000 0.994615
-0.488000 0.994530
-0.484000 0.994444
-0.480000 0.994359
-0.476000 0.994274
-0.472000 0.994189
-0.468000 0.994105
-0.464000 0.994021
-0.460000 0.993938
-0.456000 0.993856
-0.452000 0.993774
-0.448000 0.993694
-0.444000 0.993614
-0.440000 0.993535
-0.436000 0.993457
-0.432000 0.993381
-0.428000 0.993305
-0.424000 0.993230
-0.420000 0.993157
-0.416000 0.993085
-0.412000 0.993015
-0.408000 0.992945
-0.404000 0.992877
-0.400000 0.992811
-0.396000 0.992746
-0.392000 0.992682
-0.388000 0.992620
-0.384000 0.992559
-0.380000 0.992499
-0.376000 0.992442
-0.372000 0.992385
-0.368000 0.992331
-0.364000 0.992277
-0.360000 0.992226
-0.356000 0.992175
-0.352000 0.992127
-0.348000 0.992079
-0.344000 0.992034
-0.340000 0.991989
-0.336000 0.991947
-0.332000 0.991905
-0.328000 0.991865
-0.324000 0.991827
-0.320000 0.991789
-0.316000 0.991754
-0.312000 0.991719
-0.308000 0.991686
-0.304000 0.991654
-0.300000 0.991623
-0.296000 0.991594
-0.292000 0.991565
-0.288000 0.991538
-0.284000 0.991512
-0.280000 0.991487
-0.276000 0.991464
-0.272000 0.991441
-0.268000 0.991419
-0.264000 0.991398
-0.260000 0.991378
-0.256000 0.991360
-0.252000 0.991342
-0.248000 0.991324
-0.244000 0.991308
-0.240000 0.991292
-0.236000 0.991278
-0.232000 0.991264
-0.228000 0.991250
-0.224000 0.991238
-0.220000 0.991226
-0.216000 0.991214
-0.212000 0.991203
-0.208000 0.991193
-0.204000 0.991184
-0.200000 0.991175
-0.196000 0.991166
-0.192000 0.991158
-0.188000 0.991150
-0.184000 0.991143
-0.180000 0.991136
-0.176000 0.991130
-0.172000 0.991124
-0.168000 0.991118
-0.164000 0.991112
-0.160000 0.991107
-0.156000 0.991103
-0.152000 0.991098
-0.148000 0.991094
-0.144000 0.991090
-0.140000 0.991086
-0.136000 0.991083
-0.132000 0.991080
-0.128000 0.991077
-0.124000 0.991074
-0.120000 0.991071
-0.116000 0.991069
-0.112000 0.991067
-0.108000 0.991064
-0.104000 0.991062
-0.100000 0.991061
-0.096000 0.991059
-0.092000 0.991057
-0.088000 0.991056
-0.084000 0.991054
-0.080000 0.991053
-0.076000 0.991052
-0.072000 0.991051
-0.068000 0.991050
-0.064000 0.991049
-0.060000 0.991048
-0.056000 0.991047
-0.052000 0.991046
-0.048000 0.991045
-0.044000 0.991045
-0.040000 0.991044
-0.036000 0.991044
-0.032000 0.991043
-0.028000 0.991043
-0.024000 0.991042
-0.020000 0.991042
-0.016000 0.991041
-0.012000 0.991041
-0.008000 0.991041
-0.004000 0.991040
0.000000 0.991040
0.004000 0.991040
0.008000 0.991040
0.012000 0.991039
0.016000 0.991039
0.020000 0.991039
0.024000 0.991039
0.028000 0.991039
0.032000 0.991039
0.036000 0.991038
0.040000 0.991038
0.044000 0.991038
0.048000 0.991038
0.052000 0.991038
0.056000 0.991038
0.060000 0.991038
0.064000 0.991038
0.068000 0.991038
0.072000 0.991038
0.076000 0.991038
0.080000 0.991037
0.084000 0.991037
0.088000 0.991037
0.092000 0.991037
0.096000 0.991037
0.100000 0.991037
0.104000 0.991037
0.108000 0.991037
0.112000 0.991037
0.116000 0.991037
0.120000 0.991037
0.124000 0.991037
0.128000 0.991037
0.132000 0.991037
0.136000 0.991037
0.140000 0.991037
0.144000 0.991037
0.148000 0.991037
0.152000 0.991037
0.156000 0.991037
0.160000 0.991037
0.164000 0.991037
0.168000 0.991037
0.172000 0.991037
0.176000 0.991037
0.180000 0.991037
0.184000 0.991037
0.188000 0.991037
0.192000 0.991037
0.196000 0.991037
0.200000 0.991037
0.204000 0.991037
0.208000 0.991037
0.212000 0.991037
0.216000 0.991037
0.220000 0.991037
0.224000 0.991037
0.228000 0.991037
0.232000 0.991037
0.236000 0.991037
0.240000 0.991037
0.244000 0.991037
0.248000 0.991037
0.252000 0.991037
0.256000 0.991037
0.260000 0.991037
0.264000 0.991037
0.268000 0.991037
0.272000 0.991037
0.276000 0.991037
0.280000 0.991037
0.284000 0.991037
0.288000 0.991037
0.292000 0.991037
0.296000 0.991037
0.300000 0.991037
0.304000 0.991037
0.308000 0.991037
0.312000 0.991037
0.316000 0.991037
0.320000 0.991037
0.324000 0.991037
0.328000 0.991037
0.332000 0.991037
0.336000 0.991037
0.340000 0.991037
0.344000 0.991037
0.348000 0.991037
0.352000 0.991037
0.356000 0.991037
0.360000 0.991037
0.364000 0.991037
0.368000 0.991037
0.372000 0.991037
0.376000 0.991037
0.380000 0.991037
0.384000 0.991037
0.388000 0.991037
0.392000 0.991037
0.396000 0.991037
0.400000 0.991037
0.404000 0.991037
0.408000 0.991037
0.412000 0.991037
0.416000 0.991037
0.420000 0.991037
0.424000 0.991037
0.428000 0.991037
0.432000 0.991037
0.436000 0.991037
0.440000 0.991037
0.444000 0.991037
0.448000 0.991037
0.452000 0.991037
0.456000 0.991037
0.460000 0.991037
0.464000 0.991037
0.468000 0.991037
0.472000 0.991037
0.476000 0.991037
0.480000 0.991037
0.484000 0.991037
0.488000 0.991037
0.492000 0.991037
0.496000 0.991037
0.500000 0.991037
0.504000 0.991037
0.508000 0.991037
0.512000 0.991037
0.516000 0.991037
0.520000 0.991037
0.524000 0.991037
0.528000 0.991037
0.532000 0.991037
0.536000 0.991037
0.540000 0.991037
0.544000 0.991037
0.548000 0.991037
0.552000 0.991037
0.556000 0.991037
0.560000 0.991037
0.564000 0.991037
0.568000 0.991037
0.572000 0.991037
0.576000 0.991037
0.580000 0.991037
0.584000 0.991037
0.588000 0.991037
0.592000 0.991037
0.596000 0.991037
0.600000 0.991037
0.604000 0.991037
0.608000 0.991037
0.612000 0.991037
0.616000 0.991037
0.620000 0.991037
0.624000 0.991037
0.628000 0.991037
0.632000 0.991037
0.636000 0.991037
0.640000 0.991037
0.644000 0.991037
0.648000 0.991037
0.652000 0.991037
0.656000 0.991037
0.660000 0.991037
0.664000 0.991037
0.668000 0.991037
0.672000 0.991037
0.676000 0.991037
0.680000 0.991037
0.684000 0.991037
0.688000 0.991037
0.692000 0.991037
0.696000 0.991037
0.700000 0.991037
0.704000 0.991037
0.708000 0.991037
0.712000 0.991037
0.716000 0.991037
0.720000 0.991037
0.724000 0.991037
0.728000 0.991037
0.732000 0.991037
0.736000 0.991037
0.740000 0.991037
0.744000 0.991037
0.748000 0.991037
0.752000 0.991037
0.756000 0.991037
0.760000 0.991037
0.764000 0.991037
0.768000 0.991037
0.772000 0.991037
0.776000 0.991037
0.780000 0.991037
0.784000 0.991037
0.788000 0.991037
0.792000 0.991037
0.796000 0.991037
0.800000 0.991037
0.804000 0.991037
0.808000 0.991037
0.812000 0.991037
0.816000 0.991037
0.820000 0.991037
0.824000 0.991037
0.828000 0.991037
0.832000 0.991037
0.836000 0.991037
0.840000 0.991037
0.844000 0.991037
0.848000 0.991037
0.852000 0.991037
0.856000 0.991037
0.860000 0.991037
0.864000 0.991037
0.868000 0.991037
0.872000 0.991037
0.876000 0.991037
0.880000 0.991037
0.884000 0.991037
0.888000 0.991037
0.892000 0.991037
0.896000 0.991037
0.900000 0.991037
0.904000 0.991037
0.908000 0.991037
0.912000 0.991037
0.916000 0.991037
0.920000 0.991037
0.924000 0.991037
0.928000 0.991037
0.932000 0.991037
0.936000 0.991037
0.940000 0.991037
0.944000 0.991037
0.948000 0.991037
0.952000 0.991037
0.956000 0.991037
0.960000 0.991037
0.964000 0.991037
0.968000 0.991037
0.972000 0.991037
0.976000 0.991037
0.980000 0.991037
0.984000 0.991037
0.988000 0.991037
0.992000 0.991037
0.996000 0.991037
1.000000 0.991037
