-1.000000 0.997928
-0.996000 0.997928
-0.992000 0.997928
-0.988000 0.997928
-0.984000 0.997928
-0.980000 0.997928
-0.976000 0.997928
-0.972000 0.997928
-0.968000 0.997928
-0.964000 0.997928
-0.960000 0.997928
-0.956000 0.997928
-0.952000 0.997928
-0.948000 0.997928
-0.944000 0.997928
-0.940000 0.997928
-0.936000 0.997928
-0.932000 0.997928
-0.928000 0.997928
-0.924000 0.997928
-0.920000 0.997928
-0.916000 0.997928
-0.912000 0.997928
-0.908000 0.997928
-0.904000 0.997928
-0.900000 0.997928
-0.896000 0.997928
-0.892000 0.997928
-0.888000 0.997928
-0.884000 0.997928
-0.880000 0.997928
-0.876000 0.997928
-0.872000 0.997928
-0.868000 0.997928
-0.864000 0.997928
-0.860000 0.997928
-0.856000 0.997928
-0.852000 0.997928
-0.848000 0.997928
-0.844000 0.997928
-0.840000 0.997928
-0.836000 0.997928
-0.832000 0.997928
-0.828000 0.997928
-0.824000 0.997928
-0.820000 0.997928
-0.816000 0.997928
-0.812000 0.997928
-0.808000 0.997928
-0.804000 0.997928
-0.800000 0.997928
-0.796000 0.997928
-0.792000 0.997928
-0.788000 0.997928
-0.784000 0.997928
-0.780000 0.997928
-0.776000 0.997928
-0.772000 0.997927
-0.768000 0.997927
-0.764000 0.997927
-0.760000 0.997927
-0.756000 0.997927
-0.752000 0.997927
-0.748000 0.997927
-0.744000 0.997927
-0.740000 0.997927
-0.736000 0.997926
-0.732000 0.997926
-0.728000 0.997926
-0.724000 0.997926
-0.720000 0.997925
-0.716000 0.997925
-0.712000 0.997925
-0.708000 0.997924
-0.704000 0.997924
-0.700000 0.997924
-0.696000 0.997923
-0.692000 0.997923
-0.688000 0.997922
-0.684000 0.997921
-0.680000 0.997921
-0.676000 0.997920
-0.672000 0.997919
-0.668000 0.997918
-0.664000 0.997917
-0.660000 0.997916
-0.656000 0.997915
-0.652000 0.997913
-0.648000 0.997912
-0.644000 0.997910
-0.640000 0.997909
-0.636000 0.997907
-0.632000 0.997905
-0.628000 0.997903
-0.624000 0.997900
-0.620000 0.997898
-0.616000 0.997895
-0.612000 0.997892
-0.608000 0.997889
-0.604000 0.997885
-0.600000 0.997882
-0.596000 0.997878
-0.592000 0.997874
-0.588000 0.997869
-0.584000 0.997864
-0.580000 0.997859
-0.576000 0.997854
-0.572000 0.997848
-0.568000 0.997842
-0.564000 0.997835
-0.560000 0.997828
-0.556000 0.997820
-0.552000 0.997812
-0.548000 0.997804
-0.544000 0.997795
-0.540000 0.997785
-0.536000 0.997775
-0.532000 0.997764
-0.528000 0.997753
-0.524000 0.997741
-0.520000 0.997729
-0.516000 0.997715
-0.512000 0.997702
-0.508000 0.997687
-0.504000 0.997672
-0.500000 0.997655
-0.496000 0.997639
-0.492000 0.997621
-0.488000 0.997602
-0.484000 0.997583
-0.480000 0.997562
-0.476000 0.997541
-0.472000 0.997519
-0.468000 0.997496
-0.464000 0.997472
-0.460000 0.997447
-0.456000 0.997421
-0.452000 0.997394
-0.448000 0.997366
-0.444000 0.997337
-0.440000 0.997306
-0.436000 0.997275
-0.432000 0.997243
-0.428000 0.997209
-0.424000 0.997175
-0.420000 0.997139
-0.416000 0.997102
-0.412000 0.997064
-0.408000 0.997025
-0.404000 0.996984
-0.400000 0.996943
-0.396000 0.996900
-0.392000 0.996857
-0.388000 0.996812
-0.384000 0.996766
-0.380000 0.996718
-0.376000 0.996670
-0.372000 0.996621
-0.368000 0.996570
-0.364000 0.996519
-0.360000 0.996466
-0.356000 0.996412
-0.352000 0.996358
-0.348000 0.996302
-0.344000 0.996245
-0.340000 0.996187
-0.336000 0.996129
-0.332000 0.996069
-0.328000 0.996009
-0.324000 0.995948
-0.320000 0.995886
-0.316000 0.995823
-0.312000 0.995759
-0.308000 0.995695
-0.304000 0.995630
-0.300000 0.995564
-0.296000 0.995498
-0.292000 0.995431
-0.288000 0.995364
-0.284000 0.995296
-0.280000 0.995228
-0.276000 0.995160
-0.272000 0.995091
-0.268000 0.995022
-0.264000 0.994952
-0.260000 0.994883
-0.256000 0.994813
-0.252000 0.994743
-0.248000 0.994673
-0.244000 0.994603
-0.240000 0.994533
-0.236000 0.994463
-0.232000 0.994393
-0.228000 0.994324
-0.224000 0.994255
-0.220000 0.994185
-0.216000 0.994117
-0.212000 0.994048
-0.208000 0.993980
-0.204000 0.993912
-0.200000 0.993845
-0.196000 0.993778
-0.192000 0.993712
-0.188000 0.993646
-0.184000 0.993581
-0.180000 0.993517
-0.176000 0.993453
-0.172000 0.993390
-0.168000 0.993328
-0.164000 0.993266
-0.160000 0.993206
-0.156000 0.993146
-0.152000 0.993087
-0.148000 0.993028
-0.144000 0.992971
-0.140000 0.992914
-0.136000 0.992859
-0.132000 0.992804
-0.128000 0.992751
-0.124000 0.992698
-0.120000 0.992646
-0.116000 0.992595
-0.112000 0.992546
-0.108000 0.992497
-0.104000 0.992449
-0.100000 0.992402
-0.096000 0.992356
-0.092000 0.992312
-0.088000 0.992268
-0.084000 0.992225
-0.080000 0.992184
-0.076000 0.992143
-0.072000 0.992103
-0.068000 0.992065
-0.064000 0.992027
-0.060000 0.991990
-0.056000 0.991955
-0.052000 0.991920
-0.048000 0.991886
-0.044000 0.991854
-0.040000 0.991822
-0.036000 0.991791
-0.032000 0.991761
-0.028000 0.991732
-0.024000 0.991704
-0.020000 0.991677
-0.016000 0.991650
-0.012000 0.991625
-0.008000 0.991600
-0.004000 0.991576
0.000000 0.991553
0.004000 0.991531
0.008000 0.991510
0.012000 0.991489
0.016000 0.991469
0.020000 0.991450
0.024000 0.991431
0.028000 0.991413
0.032000 0.991396
0.036000 0.991379
0.040000 0.991364
0.044000 0.991348
0.048000 0.991334
0.052000 0.991320
0.056000 0.991306
0.060000 0.991293
0.064000 0.991281
0.068000 0.991269
0.072000 0.991257
0.076000 0.991246
0.080000 0.991236
0.084000 0.991226
0.088000 0.991216
0.092000 0.991207
0.096000 0.991198
0.100000 0.991190
0.104000 0.991182
0.108000 0.991174
0.112000 0.991167
0.116000 0.991160
0.120000 0.991154
0.124000 0.991147
0.128000 0.991141
0.132000 0.991136
0.136000 0.991130
0.140000 0.991125
0.144000 0.991120
0.148000 0.991115
0.152000 0.991111
0.156000 0.991107
0.160000 0.991103
0.164000 0.991099
0.168000 0.991096
0.172000 0.991092
0.176000 0.991089
0.180000 0.991086
0.184000 0.991083
0.188000 0.991080
0.192000 0.991078
0.196000 0.991075
0.200000 0.991073
0.204000 0.991071
0.208000 0.991069
0.212000 0.991067
0.216000 0.991065
0.220000 0.991063
0.224000 0.991062
0.228000 0.991060
0.232000 0.991059
0.236000 0.991057
0.240000 0.991056
0.244000 0.991055
0.248000 0.991054
0.252000 0.991053
0.256000 0.991052
0.260000 0.991051
0.264000 0.991050
0.268000 0.991049
0.272000 0.991048
0.276000 0.991047
0.280000 0.991047
0.284000 0.991046
0.288000 0.991045
0.292000 0.991045
0.296000 0.991044
0.300000 0.991044
0.304000 0.991043
0.308000 0.991043
0.312000 0.991042
0.316000 0.991042
0.320000 0.991042
0.324000 0.991041
0.328000 0.991041
0.332000 0.991041
0.336000 0.991041
0.340000 0.991040
0.344000 0.991040
0.348000 0.991040
0.352000 0.991040
0.356000 0.991039
0.360000 0.991039
0.364000 0.991039
0.368000 0.991039
0.372000 0.991039
0.376000 0.991039
0.380000 0.991039
0.384000 0.991038
0.388000 0.991038
0.392000 0.991038
0.396000 0.991038
0.400000 0.991038
0.404000 0.991038
0.408000 0.991038
0.412000 0.991038
0.416000 0.991038
0.420000 0.991038
0.424000 0.991038
0.428000 0.991038
0.432000 0.991038
0.436000 0.991038
0.440000 0.991037
0.444000 0.991037
0.448000 0.991037
0.452000 0.991037
0.456000 0.991037
0.460000 0.991037
0.464000 0.991037
0.468000 0.991037
0.472000 0.991037
0.476000 0.991037
0.480000 0.991037
0.484000 0.991037
0.488000 0.991037
0.492000 0.991037
0.496000 0.991037
0.500000 0.991037
0.504000 0.991037
0.508000 0.991037
0.512000 0.991037
0.516000 0.991037
0.520000 0.991037
0.524000 0.991037
0.528000 0.991037
0.532000 0.991037
0.536000 0.991037
0.540000 0.991037
0.544000 0.991037
0.548000 0.991037
0.552000 0.991037
0.556000 0.991037
0.560000 0.991037
0.564000 0.991037
0.568000 0.991037
0.572000 0.991037
0.576000 0.991037
0.580000 0.991037
0.584000 0.991037
0.588000 0.991037
0.592000 0.991037
0.596000 0.991037
0.600000 0.991037
0.604000 0.991037
0.608000 0.991037
0.612000 0.991037
0.616000 0.991037
0.620000 0.991037
0.624000 0.991037
0.628000 0.991037
0.632000 0.991037
0.636000 0.991037
0.640000 0.991037
0.644000 0.991037
0.648000 0.991037
0.652000 0.991037
0.656000 0.991037
0.660000 0.991037
0.664000 0.991037
0.668000 0.991037
0.672000 0.991037
0.676000 0.991037
0.680000 0.991037
0.684000 0.991037
0.688000 0.991037
0.692000 0.991037
0.696000 0.991037
0.700000 0.991037
0.704000 0.991037
0.708000 0.991037
0.712000 0.991037
0.716000 0.991037
0.720000 0.991037
0.724000 0.991037
0.728000 0.991037
0.732000 0.991037
0.736000 0.991037
0.740000 0.991037
0.744000 0.991037
0.748000 0.991037
0.752000 0.991037
0.756000 0.991037
0.760000 0.991037
0.764000 0.991037
0.768000 0.991037
0.772000 0.991037
0.776000 0.991037
0.780000 0.991037
0.784000 0.991037
0.788000 0.991037
0.792000 0.991037
0.796000 0.991037
0.800000 0.991037
0.804000 0.991037
0.808000 0.991037
0.812000 0.991037
0.816000 0.991037
0.820000 0.991037
0.824000 0.991037
0.828000 0.991037
0.832000 0.991037
0.836000 0.991037
0.840000 0.991037
0.844000 0.991037
0.848000 0.991037
0.852000 0.991037
0.856000 0.991037
0.860000 0.991037
0.864000 0.991037
0.868000 0.991037
0.872000 0.991037
0.876000 0.991037
0.880000 0.991037
0.884000 0.991037
0.888000 0.991037
0.892000 0.991037
0.896000 0.991037
0.900000 0.991037
0.904000 0.991037
0.908000 0.991037
0.912000 0.991037
0.916000 0.991037
0.920000 0.991037
0.924000 0.991037
0.928000 0.991037
0.932000 0.991037
0.936000 0.991037
0.940000 0.991037
0.944000 0.991037
0.948000 0.991037
0.952000 0.991037
0.956000 0.991037
0.960000 0.991037
0.964000 0.991037
0.968000 0.991037
0.972000 0.991037
0.976000 0.991037
0.980000 0.991037
0.984000 0.991037
0.988000 0.991037
0.992000 0.991037
0.996000 0.991037
1.000000 0.991037
