-1.000000 0.997928
-0.996000 0.997928
-0.992000 0.997928
-0.988000 0.997928
-0.984000 0.997928
-0.980000 0.997928
-0.976000 0.997928
-0.972000 0.997928
-0.968000 0.997928
-0.964000 0.997928
-0.960000 0.997928
-0.956000 0.997928
-0.952000 0.997928
-0.948000 0.997928
-0.944000 0.997928
-0.940000 0.997928
-0.936000 0.997928
-0.932000 0.997928
-0.928000 0.997928
-0.924000 0.997928
-0.920000 0.997928
-0.916000 0.997928
-0.912000 0.997928
-0.908000 0.997928
-0.904000 0.997928
-0.900000 0.997928
-0.896000 0.997928
-0.892000 0.997928
-0.888000 0.997928
-0.884000 0.997928
-0.880000 0.997928
-0.876000 0.997928
-0.872000 0.997928
-0.868000 0.997928
-0.864000 0.997928
-0.860000 0.997928
-0.856000 0.997928
-0.852000 0.997927
-0.848000 0.997927
-0.844000 0.997927
-0.840000 0.997927
-0.836000 0.997927
-0.832000 0.997927
-0.828000 0.997927
-0.824000 0.997927
-0.820000 0.997926
-0.816000 0.997926
-0.812000 0.997926
-0.808000 0.997926
-0.804000 0.997925
-0.800000 0.997925
-0.796000 0.997925
-0.792000 0.997924
-0.788000 0.997924
-0.784000 0.997923
-0.780000 0.997922
-0.776000 0.997922
-0.772000 0.997921
-0.768000 0.997920
-0.764000 0.997919
-0.760000 0.997918
-0.756000 0.997917
-0.752000 0.997915
-0.748000 0.997914
-0.744000 0.997912
-0.740000 0.997911
-0.736000 0.997909
-0.732000 0.997907
-0.728000 0.997904
-0.724000 0.997902
-0.720000 0.997899
-0.716000 0.997896
-0.712000 0.997893
-0.708000 0.997889
-0.704000 0.997885
-0.700000 0.997881
-0.696000 0.997877
-0.692000 0.997872
-0.688000 0.997867
-0.684000 0.997861
-0.680000 0.997855
-0.676000 0.997848
-0.672000 0.997841
-0.668000 0.997834
-0.664000 0.997825
-0.660000 0.997817
-0.656000 0.997807
-0.652000 0.997797
-0.648000 0.997787
-0.644000 0.997776
-0.640000 0.997764
-0.636000 0.997751
-0.632000 0.997737
-0.628000 0.997723
-0.624000 0.997707
-0.620000 0.997691
-0.616000 0.997674
-0.612000 0.997656
-0.608000 0.997637
-0.604000 0.997617
-0.600000 0.997596
-0.596000 0.997574
-0.592000 0.997550
-0.588000 0.997526
-0.584000 0.997500
-0.580000 0.997473
-0.576000 0.997445
-0.572000 0.997416
-0.568000 0.997385
-0.564000 0.997353
-0.560000 0.997320
-0.556000 0.997285
-0.552000 0.997249
-0.548000 0.997212
-0.544000 0.997173
-0.540000 0.997133
-0.536000 0.997092
-0.532000 0.997049
-0.528000 0.997004
-0.524000 0.996959
-0.520000 0.996911
-0.516000 0.996863
-0.512000 0.996813
-0.508000 0.996761
-0.504000 0.996708
-0.500000 0.996654
-0.496000 0.996598
-0.492000 0.996541
-0.488000 0.996483
-0.484000 0.996423
-0.480000 0.996363
-0.476000 0.996300
-0.472000 0.996237
-0.468000 0.996173
-0.464000 0.996107
-0.460000 0.996040
-0.456000 0.995972
-0.452000 0.995904
-0.448000 0.995834
-0.444000 0.995763
-0.440000 0.995692
-0.436000 0.995619
-0.432000 0.995546
-0.428000 0.995472
-0.424000 0.995398
-0.420000 0.995323
-0.416000 0.995247
-0.412000 0.995171
-0.408000 0.995095
-0.404000 0.995018
-0.400000 0.994941
-0.396000 0.994863
-0.392000 0.994786
-0.388000 0.994708
-0.384000 0.994631
-0.380000 0.994553
-0.376000 0.994475
-0.372000 0.994398
-0.368000 0.994321
-0.364000 0.994244
-0.360000 0.994168
-0.356000 0.994091
-0.352000 0.994016
-0.348000 0.993941
-0.344000 0.993866
-0.340000 0.993792
-0.336000 0.993718
-0.332000 0.993646
-0.328000 0.993574
-0.324000 0.993503
-0.320000 0.993432
-0.316000 0.993363
-0.312000 0.993295
-0.308000 0.993227
-0.304000 0.993161
-0.300000 0.993095
-0.296000 0.993031
-0.292000 0.992967
-0.288000 0.992905
-0.284000 0.992844
-0.280000 0.992784
-0.276000 0.992725
-0.272000 0.992667
-0.268000 0.992611
-0.264000 0.992556
-0.260000 0.992502
-0.256000 0.992449
-0.252000 0.992398
-0.248000 0.992347
-0.244000 0.992298
-0.240000 0.992251
-0.236000 0.992204
-0.232000 0.992159
-0.228000 0.992115
-0.224000 0.992072
-0.220000 0.992030
-0.216000 0.991990
-0.212000 0.991951
-0.208000 0.991913
-0.204000 0.991876
-0.200000 0.991840
-0.196000 0.991806
-0.192000 0.991773
-0.188000 0.991740
-0.184000 0.991709
-0.180000 0.991679
-0.176000 0.991650
-0.172000 0.991622
-0.168000 0.991595
-0.164000 0.991569
-0.160000 0.991544
-0.156000 0.991520
-0.152000 0.991497
-0.148000 0.991475
-0.144000 0.991453
-0.140000 0.991433
-0.136000 0.991413
-0.132000 0.991395
-0.128000 0.991377
-0.124000 0.991359
-0.120000 0.991343
-0.116000 0.991327
-0.112000 0.991312
-0.108000 0.991297
-0.104000 0.991283
-0.100000 0.991270
-0.096000 0.991258
-0.092000 0.991246
-0.088000 0.991234
-0.084000 0.991223
-0.080000 0.991213
-0.076000 0.991203
-0.072000 0.991194
-0.068000 0.991185
-0.064000 0.991177
-0.060000 0.991168
-0.056000 0.991161
-0.052000 0.991154
-0.048000 0.991147
-0.044000 0.991140
-0.040000 0.991134
-0.036000 0.991128
-0.032000 0.991123
-0.028000 0.991118
-0.024000 0.991113
-0.020000 0.991108
-0.016000 0.991104
-0.012000 0.991099
-0.008000 0.991095
-0.004000 0.991092
0.000000 0.991088
0.004000 0.991085
0.008000 0.991082
0.012000 0.991079
0.016000 0.991076
0.020000 0.991074
0.024000 0.991071
0.028000 0.991069
0.032000 0.991067
0.036000 0.991065
0.040000 0.991063
0.044000 0.991061
0.048000 0.991060
0.052000 0.991058
0.056000 0.991057
0.060000 0.991055
0.064000 0.991054
0.068000 0.991053
0.072000 0.991052
0.076000 0.991051
0.080000 0.991050
0.084000 0.991049
0.088000 0.991048
0.092000 0.991047
0.096000 0.991046
0.100000 0.991046
0.104000 0.991045
0.108000 0.991045
0.112000 0.991044
0.116000 0.991043
0.120000 0.991043
0.124000 0.991043
0.128000 0.991042
0.132000 0.991042
0.136000 0.991041
0.140000 0.991041
0.144000 0.991041
0.148000 0.991040
0.152000 0.991040
0.156000 0.991040
0.160000 0.991040
0.164000 0.991039
0.168000 0.991039
0.172000 0.991039
0.176000 0.991039
0.180000 0.991039
0.184000 0.991039
0.188000 0.991039
0.192000 0.991038
0.196000 0.991038
0.200000 0.991038
0.204000 0.991038
0.208000 0.991038
0.212000 0.991038
0.216000 0.991038
0.220000 0.991038
0.224000 0.991038
0.228000 0.991038
0.232000 0.991038
0.236000 0.991038
0.240000 0.991037
0.244000 0.991037
0.248000 0.991037
0.252000 0.991037
0.256000 0.991037
0.260000 0.991037
0.264000 0.991037
0.268000 0.991037
0.272000 0.991037
0.276000 0.991037
0.280000 0.991037
0.284000 0.991037
0.288000 0.991037
0.292000 0.991037
0.296000 0.991037
0.300000 0.991037
0.304000 0.991037
0.308000 0.991037
0.312000 0.991037
0.316000 0.991037
0.320000 0.991037
0.324000 0.991037
0.328000 0.991037
0.332000 0.991037
0.336000 0.991037
0.340000 0.991037
0.344000 0.991037
0.348000 0.991037
0.352000 0.991037
0.356000 0.991037
0.360000 0.991037
0.364000 0.991037
0.368000 0.991037
0.372000 0.991037
0.376000 0.991037
0.380000 0.991037
0.384000 0.991037
0.388000 0.991037
0.392000 0.991037
0.396000 0.991037
0.400000 0.991037
0.404000 0.991037
0.408000 0.991037
0.412000 0.991037
0.416000 0.991037
0.420000 0.991037
0.424000 0.991037
0.428000 0.991037
0.432000 0.991037
0.436000 0.991037
0.440000 0.991037
0.444000 0.991037
0.448000 0.991037
0.452000 0.991037
0.456000 0.991037
0.460000 0.991037
0.464000 0.991037
0.468000 0.991037
0.472000 0.991037
0.476000 0.991037
0.480000 0.991037
0.484000 0.991037
0.488000 0.991037
0.492000 0.991037
0.496000 0.991037
0.500000 0.991037
0.504000 0.991037
0.508000 0.991037
0.512000 0.991037
0.516000 0.991037
0.520000 0.991037
0.524000 0.991037
0.528000 0.991037
0.532000 0.991037
0.536000 0.991037
0.540000 0.991037
0.544000 0.991037
0.548000 0.991037
0.552000 0.991037
0.556000 0.991037
0.560000 0.991037
0.564000 0.991037
0.568000 0.991037
0.572000 0.991037
0.576000 0.991037
0.580000 0.991037
0.584000 0.991037
0.588000 0.991037
0.592000 0.991037
0.596000 0.991037
0.600000 0.991037
0.604000 0.991037
0.608000 0.991037
0.612000 0.991037
0.616000 0.991037
0.620000 0.991037
0.624000 0.991037
0.628000 0.991037
0.632000 0.991037
0.636000 0.991037
0.640000 0.991037
0.644000 0.991037
0.648000 0.991037
0.652000 0.991037
0.656000 0.991037
0.660000 0.991037
0.664000 0.991037
0.668000 0.991037
0.672000 0.991037
0.676000 0.991037
0.680000 0.991037
0.684000 0.991037
0.688000 0.991037
0.692000 0.991037
0.696000 0.991037
0.700000 0.991037
0.704000 0.991037
0.708000 0.991037
0.712000 0.991037
0.716000 0.991037
0.720000 0.991037
0.724000 0.991037
0.728000 0.991037
0.732000 0.991037
0.736000 0.991037
0.740000 0.991037
0.744000 0.991037
0.748000 0.991037
0.752000 0.991037
0.756000 0.991037
0.760000 0.991037
0.764000 0.991037
0.768000 0.991037
0.772000 0.991037
0.776000 0.991037
0.780000 0.991037
0.784000 0.991037
0.788000 0.991037
0.792000 0.991037
0.796000 0.991037
0.800000 0.991037
0.804000 0.991037
0.808000 0.991037
0.812000 0.991037
0.816000 0.991037
0.820000 0.991037
0.824000 0.991037
0.828000 0.991037
0.832000 0.991037
0.836000 0.991037
0.840000 0.991037
0.844000 0.991037
0.848000 0.991037
0.852000 0.991037
0.856000 0.991037
0.860000 0.991037
0.864000 0.991037
0.868000 0.991037
0.872000 0.991037
0.876000 0.991037
0.880000 0.991037
0.884000 0.991037
0.888000 0.991037
0.892000 0.991037
0.896000 0.991037
0.900000 0.991037
0.904000 0.991037
0.908000 0.991037
0.912000 0.991037
0.916000 0.991037
0.920000 0.991037
0.924000 0.991037
0.928000 0.991037
0.932000 0.991037
0.936000 0.991037
0.940000 0.991037
0.944000 0.991037
0.948000 0.991037
0.952000 0.991037
0.956000 0.991037
0.960000 0.991037
0.964000 0.991037
0.968000 0.991037
0.972000 0.991037
0.976000 0.991037
0.980000 0.991037
0.984000 0.991037
0.988000 0.991037
0.992000 0.991037
0.996000 0.991037
1.000000 0.991037
