-1.000000 0.992919
-0.996000 0.992919
-0.992000 0.992919
-0.988000 0.992919
-0.984000 0.992919
-0.980000 0.992919
-0.976000 0.992919
-0.972000 0.992919
-0.968000 0.992919
-0.964000 0.992919
-0.960000 0.992919
-0.956000 0.992919
-0.952000 0.992919
-0.948000 0.992919
-0.944000 0.992919
-0.940000 0.992919
-0.936000 0.992919
-0.932000 0.992919
-0.928000 0.992919
-0.924000 0.992919
-0.920000 0.992919
-0.916000 0.992919
-0.912000 0.992919
-0.908000 0.992919
-0.904000 0.992919
-0.900000 0.992919
-0.896000 0.992919
-0.892000 0.992919
-0.888000 0.992919
-0.884000 0.992919
-0.880000 0.992919
-0.876000 0.992919
-0.872000 0.992919
-0.868000 0.992919
-0.864000 0.992919
-0.860000 0.992919
-0.856000 0.992919
-0.852000 0.992919
-0.848000 0.992919
-0.844000 0.992919
-0.840000 0.992919
-0.836000 0.992919
-0.832000 0.992919
-0.828000 0.992919
-0.824000 0.992919
-0.820000 0.992919
-0.816000 0.992919
-0.812000 0.992919
-0.808000 0.992919
-0.804000 0.992919
-0.800000 0.992919
-0.796000 0.992919
-0.792000 0.992919
-0.788000 0.992919
-0.784000 0.992919
-0.780000 0.992919
-0.776000 0.992919
-0.772000 0.992919
-0.768000 0.992919
-0.764000 0.992919
-0.760000 0.992919
-0.756000 0.992919
-0.752000 0.992919
-0.748000 0.992919
-0.744000 0.992919
-0.740000 0.992919
-0.736000 0.992919
-0.732000 0.992919
-0.728000 0.992919
-0.724000 0.992919
-0.720000 0.992919
-0.716000 0.992919
-0.712000 0.992919
-0.708000 0.992919
-0.704000 0.992919
-0.700000 0.992919
-0.696000 0.992919
-0.692000 0.992919
-0.688000 0.992919
-0.684000 0.992919
-0.680000 0.992919
-0.676000 0.992919
-0.672000 0.992919
-0.668000 0.992919
-0.664000 0.992919
-0.660000 0.992919
-0.656000 0.992919
-0.652000 0.992919
-0.648000 0.992919
-0.644000 0.992919
-0.640000 0.992919
-0.636000 0.992919
-0.632000 0.992919
-0.628000 0.992919
-0.624000 0.992919
-0.620000 0.992919
-0.616000 0.992919
-0.612000 0.992919
-0.608000 0.992919
-0.604000 0.992919
-0.600000 0.992919
-0.596000 0.992919
-0.592000 0.992919
-0.588000 0.992919
-0.584000 0.992919
-0.580000 0.992919
-0.576000 0.992919
-0.572000 0.992919
-0.568000 0.992919
-0.564000 0.992919
-0.560000 0.992919
-0.556000 0.992919
-0.552000 0.992919
-0.548000 0.992919
-0.544000 0.992919
-0.540000 0.992919
-0.536000 0.992919
-0.532000 0.992919
-0.528000 0.992919
-0.524000 0.992919
-0.520000 0.992919
-0.516000 0.992919
-0.512000 0.992919
-0.508000 0.992919
-0.504000 0.992919
-0.500000 0.992919
-0.496000 0.992919
-0.492000 0.992919
-0.488000 0.992919
-0.484000 0.992919
-0.480000 0.992919
-0.476000 0.992919
-0.472000 0.992919
-0.468000 0.992919
-0.464000 0.992919
-0.460000 0.992919
-0.456000 0.992919
-0.452000 0.992919
-0.448000 0.992919
-0.444000 0.992919
-0.440000 0.992919
-0.436000 0.992919
-0.432000 0.992919
-0.428000 0.992919
-0.424000 0.992919
-0.420000 0.992919
-0.416000 0.992919
-0.412000 0.992919
-0.408000 0.992919
-0.404000 0.992919
-0.400000 0.992919
-0.396000 0.992919
-0.392000 0.992919
-0.388000 0.992919
-0.384000 0.992919
-0.380000 0.992919
-0.376000 0.992919
-0.372000 0.992919
-0.368000 0.992919
-0.364000 0.992919
-0.360000 0.992919
-0.356000 0.992919
-0.352000 0.992919
-0.348000 0.992919
-0.344000 0.992919
-0.340000 0.992919
-0.336000 0.992919
-0.332000 0.992919
-0.328000 0.992919
-0.324000 0.992919
-0.320000 0.992919
-0.316000 0.992919
-0.312000 0.992919
-0.308000 0.992919
-0.304000 0.992919
-0.300000 0.992919
-0.296000 0.992919
-0.292000 0.992919
-0.288000 0.992919
-0.284000 0.992919
-0.280000 0.992919
-0.276000 0.992919
-0.272000 0.992919
-0.268000 0.992919
-0.264000 0.992919
-0.260000 0.992919
-0.256000 0.992919
-0.252000 0.992919
-0.248000 0.992919
-0.244000 0.992919
-0.240000 0.992919
-0.236000 0.992919
-0.232000 0.992919
-0.228000 0.992919
-0.224000 0.992919
-0.220000 0.992919
-0.216000 0.992919
-0.212000 0.992919
-0.208000 0.992919
-0.204000 0.992919
-0.200000 0.992919
-0.196000 0.992919
-0.192000 0.992920
-0.188000 0.992920
-0.184000 0.992920
-0.180000 0.992920
-0.176000 0.992920
-0.172000 0.992920
-0.168000 0.992920
-0.164000 0.992920
-0.160000 0.992920
-0.156000 0.992920
-0.152000 0.992920
-0.148000 0.992920
-0.144000 0.992920
-0.140000 0.992920
-0.136000 0.992920
-0.132000 0.992921
-0.128000 0.992921
-0.124000 0.992921
-0.120000 0.992921
-0.116000 0.992921
-0.112000 0.992921
-0.108000 0.992921
-0.104000 0.992922
-0.100000 0.992922
-0.096000 0.992922
-0.092000 0.992922
-0.088000 0.992922
-0.084000 0.992923
-0.080000 0.992923
-0.076000 0.992923
-0.072000 0.992924
-0.068000 0.992924
-0.064000 0.992924
-0.060000 0.992925
-0.056000 0.992925
-0.052000 0.992925
-0.048000 0.992926
-0.044000 0.992926
-0.040000 0.992927
-0.036000 0.992927
-0.032000 0.992928
-0.028000 0.992928
-0.024000 0.992929
-0.020000 0.992930
-0.016000 0.992930
-0.012000 0.992931
-0.008000 0.992932
-0.004000 0.992933
0.000000 0.992933
0.004000 0.992934
0.008000 0.992935
0.012000 0.992936
0.016000 0.992937
0.020000 0.992938
0.024000 0.992939
0.028000 0.992941
0.032000 0.992942
0.036000 0.992943
0.040000 0.992945
0.044000 0.992946
0.048000 0.992948
0.052000 0.992949
0.056000 0.992951
0.060000 0.992953
0.064000 0.992955
0.068000 0.992957
0.072000 0.992959
0.076000 0.992961
0.080000 0.992963
0.084000 0.992966
0.088000 0.992968
0.092000 0.992971
0.096000 0.992974
0.100000 0.992977
0.104000 0.992980
0.108000 0.992983
0.112000 0.992986
0.116000 0.992990
0.120000 0.992993
0.124000 0.992997
0.128000 0.993001
0.132000 0.993005
0.136000 0.993009
0.140000 0.993013
0.144000 0.993018
0.148000 0.993023
0.152000 0.993028
0.156000 0.993033
0.160000 0.993038
0.164000 0.993044
0.168000 0.993050
0.172000 0.993056
0.176000 0.993062
0.180000 0.993068
0.184000 0.993075
0.188000 0.993082
0.192000 0.993089
0.196000 0.993097
0.200000 0.993104
0.204000 0.993112
0.208000 0.993121
0.212000 0.993129
0.216000 0.993138
0.220000 0.993147
0.224000 0.993157
0.228000 0.993167
0.232000 0.993177
0.236000 0.993187
0.240000 0.993198
0.244000 0.993209
0.248000 0.993221
0.252000 0.993232
0.256000 0.993245
0.260000 0.993257
0.264000 0.993270
0.268000 0.993283
0.272000 0.993297
0.276000 0.993311
0.280000 0.993326
0.284000 0.993341
0.288000 0.993356
0.292000 0.993372
0.296000 0.993388
0.300000 0.993404
0.304000 0.993422
0.308000 0.993439
0.312000 0.993457
0.316000 0.993475
0.320000 0.993494
0.324000 0.993513
0.328000 0.993533
0.332000 0.993553
0.336000 0.993574
0.340000 0.993595
0.344000 0.993617
0.348000 0.993639
0.352000 0.993662
0.356000 0.993685
0.360000 0.993708
0.364000 0.993733
0.368000 0.993757
0.372000 0.993782
0.376000 0.993808
0.380000 0.993834
0.384000 0.993861
0.388000 0.993888
0.392000 0.993916
0.396000 0.993944
0.400000 0.993972
0.404000 0.994002
0.408000 0.994031
0.412000 0.994062
0.416000 0.994092
0.420000 0.994123
0.424000 0.994155
0.428000 0.994187
0.432000 0.994220
0.436000 0.994253
0.440000 0.994287
0.444000 0.994321
0.448000 0.994356
0.452000 0.994391
0.456000 0.994427
0.460000 0.994463
0.464000 0.994499
0.468000 0.994536
0.472000 0.994574
0.476000 0.994612
0.480000 0.994650
0.484000 0.994689
0.488000 0.994728
0.492000 0.994768
0.496000 0.994808
0.500000 0.994848
0.504000 0.994889
0.508000 0.994931
0.512000 0.994972
0.516000 0.995014
0.520000 0.995057
0.524000 0.995099
0.528000 0.995142
0.532000 0.995186
0.536000 0.995229
0.540000 0.995273
0.544000 0.995318
0.548000 0.995362
0.552000 0.995407
0.556000 0.995452
0.560000 0.995498
0.564000 0.995543
0.568000 0.995589
0.572000 0.995635
0.576000 0.995681
0.580000 0.995728
0.584000 0.995774
0.588000 0.995821
0.592000 0.995868
0.596000 0.995915
0.600000 0.995962
0.604000 0.996010
0.608000 0.996057
0.612000 0.996104
0.616000 0.996152
0.620000 0.996200
0.624000 0.996247
0.628000 0.996295
0.632000 0.996343
0.636000 0.996390
0.640000 0.996438
0.644000 0.996485
0.648000 0.996533
0.652000 0.996581
0.656000 0.996628
0.660000 0.996675
0.664000 0.996723
0.668000 0.996770
0.672000 0.996817
0.676000 0.996864
0.680000 0.996911
0.684000 0.996957
0.688000 0.997004
0.692000 0.997050
0.696000 0.997096
0.700000 0.997142
0.704000 0.997188
0.708000 0.997233
0.712000 0.997279
0.716000 0.997323
0.720000 0.997368
0.724000 0.997413
0.728000 0.997457
0.732000 0.997501
0.736000 0.997544
0.740000 0.997587
0.744000 0.997630
0.748000 0.997673
0.752000 0.997715
0.756000 0.997757
0.760000 0.997799
0.764000 0.997840
0.768000 0.997881
0.772000 0.997921
0.776000 0.997961
0.780000 0.998001
0.784000 0.998040
0.788000 0.998079
0.792000 0.998117
0.796000 0.998155
0.800000 0.998193
0.804000 0.998230
0.808000 0.998267
0.812000 0.998303
0.816000 0.998339
0.820000 0.998374
0.824000 0.998409
0.828000 0.998444
0.832000 0.998478
0.836000 0.998512
0.840000 0.998545
0.844000 0.998577
0.848000 0.998610
0.852000 0.998641
0.856000 0.998673
0.860000 0.998703
0.864000 0.998734
0.868000 0.998764
0.872000 0.998793
0.876000 0.998822
0.880000 0.998851
0.884000 0.998879
0.888000 0.998906
0.892000 0.998933
0.896000 0.998960
0.900000 0.998986
0.904000 0.999012
0.908000 0.999037
0.912000 0.999062
0.916000 0.999086
0.920000 0.999110
0.924000 0.999133
0.928000 0.999156
0.932000 0.999179
0.936000 0.999201
0.940000 0.999223
0.944000 0.999244
0.948000 0.999265
0.952000 0.999286
0.956000 0.999306
0.960000 0.999326
0.964000 0.999346
0.968000 0.999366
0.972000 0.999386
0.976000 0.999407
0.980000 0.999428
0.984000 0.999450
0.988000 0.999475
0.992000 0.999502
0.996000 0.999534
1.000000 0.999573
