-1.000000 0.997928
-0.996000 0.997928
-0.992000 0.997928
-0.988000 0.997928
-0.984000 0.997928
-0.980000 0.997928
-0.976000 0.997928
-0.972000 0.997928
-0.968000 0.997928
-0.964000 0.997928
-0.960000 0.997928
-0.956000 0.997928
-0.952000 0.997928
-0.948000 0.997928
-0.944000 0.997928
-0.940000 0.997928
-0.936000 0.997928
-0.932000 0.997928
-0.928000 0.997928
-0.924000 0.997928
-0.920000 0.997928
-0.916000 0.997928
-0.912000 0.997928
-0.908000 0.997928
-0.904000 0.997928
-0.900000 0.997928
-0.896000 0.997928
-0.892000 0.997928
-0.888000 0.997928
-0.884000 0.997928
-0.880000 0.997928
-0.876000 0.997928
-0.872000 0.997928
-0.868000 0.997928
-0.864000 0.997928
-0.860000 0.997928
-0.856000 0.997928
-0.852000 0.997928
-0.848000 0.997928
-0.844000 0.997928
-0.840000 0.997928
-0.836000 0.997928
-0.832000 0.997928
-0.828000 0.997928
-0.824000 0.997928
-0.820000 0.997928
-0.816000 0.997928
-0.812000 0.997928
-0.808000 0.997928
-0.804000 0.997928
-0.800000 0.997928
-0.796000 0.997928
-0.792000 0.997928
-0.788000 0.997928
-0.784000 0.997928
-0.780000 0.997928
-0.776000 0.997928
-0.772000 0.997928
-0.768000 0.997928
-0.764000 0.997928
-0.760000 0.997928
-0.756000 0.997928
-0.752000 0.997928
-0.748000 0.997928
-0.744000 0.997928
-0.740000 0.997928
-0.736000 0.997928
-0.732000 0.997928
-0.728000 0.997928
-0.724000 0.997928
-0.720000 0.997928
-0.716000 0.997928
-0.712000 0.997928
-0.708000 0.997928
-0.704000 0.997928
-0.700000 0.997928
-0.696000 0.997928
-0.692000 0.997928
-0.688000 0.997928
-0.684000 0.997928
-0.680000 0.997928
-0.676000 0.997928
-0.672000 0.997928
-0.668000 0.997928
-0.664000 0.997928
-0.660000 0.997928
-0.656000 0.997928
-0.652000 0.997928
-0.648000 0.997928
-0.644000 0.997928
-0.640000 0.997928
-0.636000 0.997928
-0.632000 0.997928
-0.628000 0.997928
-0.624000 0.997928
-0.620000 0.997928
-0.616000 0.997928
-0.612000 0.997928
-0.608000 0.997928
-0.604000 0.997928
-0.600000 0.997928
-0.596000 0.997928
-0.592000 0.997928
-0.588000 0.997928
-0.584000 0.997928
-0.580000 0.997928
-0.576000 0.997928
-0.572000 0.997928
-0.568000 0.997928
-0.564000 0.997928
-0.560000 0.997928
-0.556000 0.997928
-0.552000 0.997928
-0.548000 0.997928
-0.544000 0.997928
-0.540000 0.997928
-0.536000 0.997928
-0.532000 0.997928
-0.528000 0.997928
-0.524000 0.997928
-0.520000 0.997928
-0.516000 0.997928
-0.512000 0.997928
-0.508000 0.997928
-0.504000 0.997928
-0.500000 0.997928
-0.496000 0.997928
-0.492000 0.997928
-0.488000 0.997928
-0.484000 0.997928
-0.480000 0.997928
-0.476000 0.997928
-0.472000 0.997928
-0.468000 0.997928
-0.464000 0.997928
-0.460000 0.997928
-0.456000 0.997928
-0.452000 0.997928
-0.448000 0.997928
-0.444000 0.997928
-0.440000 0.997928
-0.436000 0.997928
-0.432000 0.997928
-0.428000 0.997928
-0.424000 0.997928
-0.420000 0.997928
-0.416000 0.997928
-0.412000 0.997928
-0.408000 0.997928
-0.404000 0.997928
-0.400000 0.997928
-0.396000 0.997928
-0.392000 0.997928
-0.388000 0.997928
-0.384000 0.997928
-0.380000 0.997928
-0.376000 0.997928
-0.372000 0.997928
-0.368000 0.997928
-0.364000 0.997928
-0.360000 0.997928
-0.356000 0.997928
-0.352000 0.997928
-0.348000 0.997928
-0.344000 0.997928
-0.340000 0.997928
-0.336000 0.997928
-0.332000 0.997928
-0.328000 0.997928
-0.324000 0.997928
-0.320000 0.997928
-0.316000 0.997928
-0.312000 0.997928
-0.308000 0.997928
-0.304000 0.997927
-0.300000 0.997927
-0.296000 0.997927
-0.292000 0.997927
-0.288000 0.997927
-0.284000 0.997927
-0.280000 0.997927
-0.276000 0.997927
-0.272000 0.997927
-0.268000 0.997927
-0.264000 0.997927
-0.260000 0.997927
-0.256000 0.997927
-0.252000 0.997926
-0.248000 0.997926
-0.244000 0.997926
-0.240000 0.997926
-0.236000 0.997926
-0.232000 0.997926
-0.228000 0.997926
-0.224000 0.997925
-0.220000 0.997925
-0.216000 0.997925
-0.212000 0.997925
-0.208000 0.997924
-0.204000 0.997924
-0.200000 0.997924
-0.196000 0.997924
-0.192000 0.997923
-0.188000 0.997923
-0.184000 0.997923
-0.180000 0.997922
-0.176000 0.997922
-0.172000 0.997921
-0.168000 0.997921
-0.164000 0.997920
-0.160000 0.997920
-0.156000 0.997919
-0.152000 0.997919
-0.148000 0.997918
-0.144000 0.997917
-0.140000 0.997916
-0.136000 0.997916
-0.132000 0.997915
-0.128000 0.997914
-0.124000 0.997913
-0.120000 0.997912
-0.116000 0.997911
-0.112000 0.997910
-0.108000 0.997909
-0.104000 0.997908
-0.100000 0.997906
-0.096000 0.997905
-0.092000 0.997903
-0.088000 0.997902
-0.084000 0.997900
-0.080000 0.997899
-0.076000 0.997897
-0.072000 0.997895
-0.068000 0.997893
-0.064000 0.997891
-0.060000 0.997889
-0.056000 0.997886
-0.052000 0.997884
-0.048000 0.997881
-0.044000 0.997879
-0.040000 0.997876
-0.036000 0.997873
-0.032000 0.997870
-0.028000 0.997867
-0.024000 0.997863
-0.020000 0.997860
-0.016000 0.997856
-0.012000 0.997852
-0.008000 0.997848
-0.004000 0.997844
0.000000 0.997839
0.004000 0.997835
0.008000 0.997830
0.012000 0.997825
0.016000 0.997820
0.020000 0.997814
0.024000 0.997808
0.028000 0.997802
0.032000 0.997796
0.036000 0.997790
0.040000 0.997783
0.044000 0.997776
0.048000 0.997769
0.052000 0.997761
0.056000 0.997753
0.060000 0.997745
0.064000 0.997737
0.068000 0.997728
0.072000 0.997719
0.076000 0.997709
0.080000 0.997700
0.084000 0.997689
0.088000 0.997679
0.092000 0.997668
0.096000 0.997657
0.100000 0.997645
0.104000 0.997633
0.108000 0.997621
0.112000 0.997608
0.116000 0.997595
0.120000 0.997581
0.124000 0.997567
0.128000 0.997553
0.132000 0.997538
0.136000 0.997522
0.140000 0.997506
0.144000 0.997490
0.148000 0.997473
0.152000 0.997456
0.156000 0.997438
0.160000 0.997420
0.164000 0.997401
0.168000 0.997382
0.172000 0.997362
0.176000 0.997341
0.180000 0.997320
0.184000 0.997299
0.188000 0.997277
0.192000 0.997254
0.196000 0.997231
0.200000 0.997208
0.204000 0.997184
0.208000 0.997159
0.212000 0.997134
0.216000 0.997108
0.220000 0.997081
0.224000 0.997054
0.228000 0.997027
0.232000 0.996999
0.236000 0.996970
0.240000 0.996941
0.244000 0.996911
0.248000 0.996880
0.252000 0.996849
0.256000 0.996817
0.260000 0.996785
0.264000 0.996753
0.268000 0.996719
0.272000 0.996685
0.276000 0.996651
0.280000 0.996616
0.284000 0.996580
0.288000 0.996544
0.292000 0.996507
0.296000 0.996470
0.300000 0.996432
0.304000 0.996394
0.308000 0.996355
0.312000 0.996316
0.316000 0.996276
0.320000 0.996235
0.324000 0.996195
0.328000 0.996153
0.332000 0.996111
0.336000 0.996069
0.340000 0.996026
0.344000 0.995983
0.348000 0.995939
0.352000 0.995895
0.356000 0.995851
0.360000 0.995806
0.364000 0.995761
0.368000 0.995715
0.372000 0.995669
0.376000 0.995623
0.380000 0.995576
0.384000 0.995529
0.388000 0.995482
0.392000 0.995434
0.396000 0.995386
0.400000 0.995338
0.404000 0.995290
0.408000 0.995241
0.412000 0.995192
0.416000 0.995143
0.420000 0.995094
0.424000 0.995045
0.428000 0.994995
0.432000 0.994945
0.436000 0.994896
0.440000 0.994846
0.444000 0.994796
0.448000 0.994746
0.452000 0.994696
0.456000 0.994646
0.460000 0.994595
0.464000 0.994545
0.468000 0.994495
0.472000 0.994445
0.476000 0.994395
0.480000 0.994345
0.484000 0.994295
0.488000 0.994245
0.492000 0.994196
0.496000 0.994146
0.500000 0.994097
0.504000 0.994048
0.508000 0.993999
0.512000 0.993950
0.516000 0.993901
0.520000 0.993853
0.524000 0.993805
0.528000 0.993757
0.532000 0.993709
0.536000 0.993662
0.540000 0.993615
0.544000 0.993568
0.548000 0.993521
0.552000 0.993475
0.556000 0.993429
0.560000 0.993384
0.564000 0.993339
0.568000 0.993294
0.572000 0.993250
0.576000 0.993206
0.580000 0.993163
0.584000 0.993120
0.588000 0.993077
0.592000 0.993035
0.596000 0.992993
0.600000 0.992952
0.604000 0.992911
0.608000 0.992871
0.612000 0.992831
0.616000 0.992791
0.620000 0.992753
0.624000 0.992714
0.628000 0.992676
0.632000 0.992639
0.636000 0.992602
0.640000 0.992566
0.644000 0.992530
0.648000 0.992494
0.652000 0.992460
0.656000 0.992425
0.660000 0.992391
0.664000 0.992358
0.668000 0.992326
0.672000 0.992293
0.676000 0.992262
0.680000 0.992231
0.684000 0.992200
0.688000 0.992170
0.692000 0.992140
0.696000 0.992111
0.700000 0.992083
0.704000 0.992055
0.708000 0.992028
0.712000 0.992001
0.716000 0.991974
0.720000 0.991949
0.724000 0.991923
0.728000 0.991898
0.732000 0.991874
0.736000 0.991850
0.740000 0.991827
0.744000 0.991804
0.748000 0.991782
0.752000 0.991760
0.756000 0.991739
0.760000 0.991718
0.764000 0.991698
0.768000 0.991678
0.772000 0.991658
0.776000 0.991639
0.780000 0.991621
0.784000 0.991603
0.788000 0.991585
0.792000 0.991568
0.796000 0.991551
0.800000 0.991534
0.804000 0.991518
0.808000 0.991503
0.812000 0.991488
0.816000 0.991473
0.820000 0.991459
0.824000 0.991445
0.828000 0.991431
0.832000 0.991418
0.836000 0.991405
0.840000 0.991392
0.844000 0.991380
0.848000 0.991369
0.852000 0.991357
0.856000 0.991346
0.860000 0.991335
0.864000 0.991325
0.868000 0.991314
0.872000 0.991304
0.876000 0.991295
0.880000 0.991286
0.884000 0.991276
0.888000 0.991268
0.892000 0.991259
0.896000 0.991251
0.900000 0.991243
0.904000 0.991235
0.908000 0.991228
0.912000 0.991221
0.916000 0.991214
0.920000 0.991207
0.924000 0.991200
0.928000 0.991194
0.932000 0.991188
0.936000 0.991182
0.940000 0.991176
0.944000 0.991171
0.948000 0.991166
0.952000 0.991160
0.956000 0.991155
0.960000 0.991150
0.964000 0.991146
0.968000 0.991141
0.972000 0.991136
0.976000 0.991132
0.980000 0.991127
0.984000 0.991122
0.988000 0.991117
0.992000 0.991111
0.996000 0.991104
1.000000 0.991096
