-1.000000 0.997928
-0.996000 0.997928
-0.992000 0.997928
-0.988000 0.997928
-0.984000 0.997928
-0.980000 0.997928
-0.976000 0.997928
-0.972000 0.997928
-0.968000 0.997928
-0.964000 0.997928
-0.960000 0.997928
-0.956000 0.997928
-0.952000 0.997928
-0.948000 0.997928
-0.944000 0.997928
-0.940000 0.997928
-0.936000 0.997928
-0.932000 0.997928
-0.928000 0.997928
-0.924000 0.997928
-0.920000 0.997928
-0.916000 0.997928
-0.912000 0.997928
-0.908000 0.997928
-0.904000 0.997928
-0.900000 0.997928
-0.896000 0.997928
-0.892000 0.997928
-0.888000 0.997928
-0.884000 0.997928
-0.880000 0.997928
-0.876000 0.997928
-0.872000 0.997928
-0.868000 0.997928
-0.864000 0.997928
-0.860000 0.997928
-0.856000 0.997928
-0.852000 0.997928
-0.848000 0.997928
-0.844000 0.997928
-0.840000 0.997928
-0.836000 0.997928
-0.832000 0.997928
-0.828000 0.997928
-0.824000 0.997928
-0.820000 0.997928
-0.816000 0.997928
-0.812000 0.997928
-0.808000 0.997928
-0.804000 0.997928
-0.800000 0.997928
-0.796000 0.997928
-0.792000 0.997928
-0.788000 0.997928
-0.784000 0.997928
-0.780000 0.997928
-0.776000 0.997928
-0.772000 0.997928
-0.768000 0.997928
-0.764000 0.997928
-0.760000 0.997928
-0.756000 0.997928
-0.752000 0.997928
-0.748000 0.997928
-0.744000 0.997928
-0.740000 0.997928
-0.736000 0.997928
-0.732000 0.997928
-0.728000 0.997928
-0.724000 0.997928
-0.720000 0.997928
-0.716000 0.997928
-0.712000 0.997928
-0.708000 0.997928
-0.704000 0.997928
-0.700000 0.997928
-0.696000 0.997928
-0.692000 0.997928
-0.688000 0.997928
-0.684000 0.997928
-0.680000 0.997928
-0.676000 0.997928
-0.672000 0.997928
-0.668000 0.997928
-0.664000 0.997928
-0.660000 0.997928
-0.656000 0.997928
-0.652000 0.997928
-0.648000 0.997928
-0.644000 0.997928
-0.640000 0.997928
-0.636000 0.997928
-0.632000 0.997928
-0.628000 0.997928
-0.624000 0.997928
-0.620000 0.997928
-0.616000 0.997928
-0.612000 0.997928
-0.608000 0.997928
-0.604000 0.997928
-0.600000 0.997928
-0.596000 0.997928
-0.592000 0.997928
-0.588000 0.997928
-0.584000 0.997928
-0.580000 0.997928
-0.576000 0.997928
-0.572000 0.997928
-0.568000 0.997928
-0.564000 0.997928
-0.560000 0.997928
-0.556000 0.997928
-0.552000 0.997928
-0.548000 0.997928
-0.544000 0.997928
-0.540000 0.997928
-0.536000 0.997928
-0.532000 0.997928
-0.528000 0.997928
-0.524000 0.997928
-0.520000 0.997928
-0.516000 0.997928
-0.512000 0.997928
-0.508000 0.997928
-0.504000 0.997928
-0.500000 0.997928
-0.496000 0.997928
-0.492000 0.997928
-0.488000 0.997928
-0.484000 0.997928
-0.480000 0.997928
-0.476000 0.997928
-0.472000 0.997928
-0.468000 0.997928
-0.464000 0.997928
-0.460000 0.997928
-0.456000 0.997928
-0.452000 0.997928
-0.448000 0.997928
-0.444000 0.997928
-0.440000 0.997928
-0.436000 0.997928
-0.432000 0.997928
-0.428000 0.997928
-0.424000 0.997928
-0.420000 0.997928
-0.416000 0.997928
-0.412000 0.997928
-0.408000 0.997928
-0.404000 0.997928
-0.400000 0.997928
-0.396000 0.997928
-0.392000 0.997928
-0.388000 0.997928
-0.384000 0.997928
-0.380000 0.997928
-0.376000 0.997928
-0.372000 0.997928
-0.368000 0.997928
-0.364000 0.997928
-0.360000 0.997928
-0.356000 0.997928
-0.352000 0.997928
-0.348000 0.997928
-0.344000 0.997928
-0.340000 0.997928
-0.336000 0.997928
-0.332000 0.997928
-0.328000 0.997928
-0.324000 0.997928
-0.320000 0.997928
-0.316000 0.997928
-0.312000 0.997928
-0.308000 0.997928
-0.304000 0.997928
-0.300000 0.997928
-0.296000 0.997928
-0.292000 0.997928
-0.288000 0.997928
-0.284000 0.997928
-0.280000 0.997928
-0.276000 0.997928
-0.272000 0.997928
-0.268000 0.997928
-0.264000 0.997928
-0.260000 0.997928
-0.256000 0.997928
-0.252000 0.997928
-0.248000 0.997928
-0.244000 0.997928
-0.240000 0.997928
-0.236000 0.997928
-0.232000 0.997928
-0.228000 0.997928
-0.224000 0.997928
-0.220000 0.997928
-0.216000 0.997928
-0.212000 0.997928
-0.208000 0.997928
-0.204000 0.997928
-0.200000 0.997928
-0.196000 0.997928
-0.192000 0.997928
-0.188000 0.997928
-0.184000 0.997928
-0.180000 0.997928
-0.176000 0.997928
-0.172000 0.997928
-0.168000 0.997928
-0.164000 0.997928
-0.160000 0.997928
-0.156000 0.997928
-0.152000 0.997928
-0.148000 0.997928
-0.144000 0.997928
-0.140000 0.997928
-0.136000 0.997928
-0.132000 0.997928
-0.128000 0.997928
-0.124000 0.997928
-0.120000 0.997928
-0.116000 0.997928
-0.112000 0.997928
-0.108000 0.997928
-0.104000 0.997928
-0.100000 0.997928
-0.096000 0.997928
-0.092000 0.997928
-0.088000 0.997928
-0.084000 0.997928
-0.080000 0.997928
-0.076000 0.997928
-0.072000 0.997928
-0.068000 0.997928
-0.064000 0.997928
-0.060000 0.997928
-0.056000 0.997928
-0.052000 0.997928
-0.048000 0.997928
-0.044000 0.997928
-0.040000 0.997928
-0.036000 0.997928
-0.032000 0.997928
-0.028000 0.997928
-0.024000 0.997928
-0.020000 0.997928
-0.016000 0.997928
-0.012000 0.997928
-0.008000 0.997928
-0.004000 0.997928
0.000000 0.997927
0.004000 0.997927
0.008000 0.997927
0.012000 0.997927
0.016000 0.997927
0.020000 0.997927
0.024000 0.997927
0.028000 0.997927
0.032000 0.997927
0.036000 0.997927
0.040000 0.997927
0.044000 0.997927
0.048000 0.997927
0.052000 0.997927
0.056000 0.997927
0.060000 0.997926
0.064000 0.997926
0.068000 0.997926
0.072000 0.997926
0.076000 0.997926
0.080000 0.997926
0.084000 0.997926
0.088000 0.997926
0.092000 0.997925
0.096000 0.997925
0.100000 0.997925
0.104000 0.997925
0.108000 0.997925
0.112000 0.997924
0.116000 0.997924
0.120000 0.997924
0.124000 0.997924
0.128000 0.997923
0.132000 0.997923
0.136000 0.997923
0.140000 0.997923
0.144000 0.997922
0.148000 0.997922
0.152000 0.997921
0.156000 0.997921
0.160000 0.997921
0.164000 0.997920
0.168000 0.997920
0.172000 0.997919
0.176000 0.997919
0.180000 0.997918
0.184000 0.997918
0.188000 0.997917
0.192000 0.997916
0.196000 0.997916
0.200000 0.997915
0.204000 0.997914
0.208000 0.997913
0.212000 0.997912
0.216000 0.997912
0.220000 0.997911
0.224000 0.997910
0.228000 0.997909
0.232000 0.997908
0.236000 0.997906
0.240000 0.997905
0.244000 0.997904
0.248000 0.997903
0.252000 0.997901
0.256000 0.997900
0.260000 0.997898
0.264000 0.997897
0.268000 0.997895
0.272000 0.997894
0.276000 0.997892
0.280000 0.997890
0.284000 0.997888
0.288000 0.997886
0.292000 0.997884
0.296000 0.997882
0.300000 0.997879
0.304000 0.997877
0.308000 0.997874
0.312000 0.997872
0.316000 0.997869
0.320000 0.997866
0.324000 0.997863
0.328000 0.997860
0.332000 0.997857
0.336000 0.997854
0.340000 0.997850
0.344000 0.997847
0.348000 0.997843
0.352000 0.997839
0.356000 0.997835
0.360000 0.997831
0.364000 0.997826
0.368000 0.997822
0.372000 0.997817
0.376000 0.997812
0.380000 0.997807
0.384000 0.997802
0.388000 0.997797
0.392000 0.997791
0.396000 0.997785
0.400000 0.997779
0.404000 0.997773
0.408000 0.997767
0.412000 0.997760
0.416000 0.997753
0.420000 0.997746
0.424000 0.997739
0.428000 0.997731
0.432000 0.997723
0.436000 0.997715
0.440000 0.997707
0.444000 0.997698
0.448000 0.997689
0.452000 0.997680
0.456000 0.997671
0.460000 0.997661
0.464000 0.997651
0.468000 0.997641
0.472000 0.997630
0.476000 0.997619
0.480000 0.997608
0.484000 0.997597
0.488000 0.997585
0.492000 0.997573
0.496000 0.997560
0.500000 0.997547
0.504000 0.997534
0.508000 0.997520
0.512000 0.997507
0.516000 0.997492
0.520000 0.997478
0.524000 0.997463
0.528000 0.997447
0.532000 0.997432
0.536000 0.997415
0.540000 0.997399
0.544000 0.997382
0.548000 0.997365
0.552000 0.997347
0.556000 0.997329
0.560000 0.997310
0.564000 0.997291
0.568000 0.997272
0.572000 0.997252
0.576000 0.997232
0.580000 0.997211
0.584000 0.997190
0.588000 0.997169
0.592000 0.997147
0.596000 0.997124
0.600000 0.997101
0.604000 0.997078
0.608000 0.997055
0.612000 0.997030
0.616000 0.997006
0.620000 0.996981
0.624000 0.996955
0.628000 0.996929
0.632000 0.996903
0.636000 0.996876
0.640000 0.996849
0.644000 0.996821
0.648000 0.996793
0.652000 0.996764
0.656000 0.996735
0.660000 0.996706
0.664000 0.996676
0.668000 0.996646
0.672000 0.996615
0.676000 0.996584
0.680000 0.996552
0.684000 0.996520
0.688000 0.996487
0.692000 0.996454
0.696000 0.996421
0.700000 0.996387
0.704000 0.996353
0.708000 0.996318
0.712000 0.996284
0.716000 0.996248
0.720000 0.996212
0.724000 0.996176
0.728000 0.996140
0.732000 0.996103
0.736000 0.996066
0.740000 0.996028
0.744000 0.995990
0.748000 0.995952
0.752000 0.995913
0.756000 0.995874
0.760000 0.995835
0.764000 0.995795
0.768000 0.995755
0.772000 0.995715
0.776000 0.995675
0.780000 0.995634
0.784000 0.995593
0.788000 0.995552
0.792000 0.995510
0.796000 0.995469
0.800000 0.995427
0.804000 0.995385
0.808000 0.995342
0.812000 0.995300
0.816000 0.995257
0.820000 0.995214
0.824000 0.995171
0.828000 0.995128
0.832000 0.995084
0.836000 0.995041
0.840000 0.994997
0.844000 0.994953
0.848000 0.994909
0.852000 0.994865
0.856000 0.994821
0.860000 0.994777
0.864000 0.994733
0.868000 0.994689
0.872000 0.994645
0.876000 0.994601
0.880000 0.994556
0.884000 0.994512
0.888000 0.994468
0.892000 0.994424
0.896000 0.994380
0.900000 0.994336
0.904000 0.994292
0.908000 0.994248
0.912000 0.994204
0.916000 0.994160
0.920000 0.994116
0.924000 0.994073
0.928000 0.994029
0.932000 0.993986
0.936000 0.993943
0.940000 0.993899
0.944000 0.993856
0.948000 0.993813
0.952000 0.993769
0.956000 0.993726
0.960000 0.993682
0.964000 0.993638
0.968000 0.993592
0.972000 0.993546
0.976000 0.993497
0.980000 0.993446
0.984000 0.993391
0.988000 0.993330
0.992000 0.993261
0.996000 0.993180
1.000000 0.993082
