-1.000000 0.991037
-0.996000 0.991037
-0.992000 0.991037
-0.988000 0.991037
-0.984000 0.991037
-0.980000 0.991037
-0.976000 0.991037
-0.972000 0.991037
-0.968000 0.991037
-0.964000 0.991037
-0.960000 0.991037
-0.956000 0.991037
-0.952000 0.991037
-0.948000 0.991037
-0.944000 0.991037
-0.940000 0.991037
-0.936000 0.991037
-0.932000 0.991037
-0.928000 0.991037
-0.924000 0.991037
-0.920000 0.991037
-0.916000 0.991037
-0.912000 0.991037
-0.908000 0.991037
-0.904000 0.991037
-0.900000 0.991037
-0.896000 0.991037
-0.892000 0.991037
-0.888000 0.991037
-0.884000 0.991037
-0.880000 0.991037
-0.876000 0.991037
-0.872000 0.991037
-0.868000 0.991037
-0.864000 0.991037
-0.860000 0.991037
-0.856000 0.991037
-0.852000 0.991037
-0.848000 0.991037
-0.844000 0.991037
-0.840000 0.991037
-0.836000 0.991037
-0.832000 0.991037
-0.828000 0.991037
-0.824000 0.991037
-0.820000 0.991037
-0.816000 0.991037
-0.812000 0.991037
-0.808000 0.991037
-0.804000 0.991037
-0.800000 0.991037
-0.796000 0.991037
-0.792000 0.991037
-0.788000 0.991037
-0.784000 0.991037
-0.780000 0.991037
-0.776000 0.991037
-0.772000 0.991037
-0.768000 0.991037
-0.764000 0.991037
-0.760000 0.991037
-0.756000 0.991037
-0.752000 0.991037
-0.748000 0.991037
-0.744000 0.991037
-0.740000 0.991037
-0.736000 0.991037
-0.732000 0.991037
-0.728000 0.991037
-0.724000 0.991037
-0.720000 0.991037
-0.716000 0.991037
-0.712000 0.991037
-0.708000 0.991037
-0.704000 0.991037
-0.700000 0.991037
-0.696000 0.991037
-0.692000 0.991037
-0.688000 0.991037
-0.684000 0.991037
-0.680000 0.991037
-0.676000 0.991037
-0.672000 0.991037
-0.668000 0.991037
-0.664000 0.991037
-0.660000 0.991037
-0.656000 0.991037
-0.652000 0.991037
-0.648000 0.991037
-0.644000 0.991037
-0.640000 0.991037
-0.636000 0.991037
-0.632000 0.991037
-0.628000 0.991037
-0.624000 0.991037
-0.620000 0.991037
-0.616000 0.991037
-0.612000 0.991037
-0.608000 0.991037
-0.604000 0.991037
-0.600000 0.991037
-0.596000 0.991037
-0.592000 0.991037
-0.588000 0.991037
-0.584000 0.991037
-0.580000 0.991037
-0.576000 0.991037
-0.572000 0.991037
-0.568000 0.991037
-0.564000 0.991037
-0.560000 0.991037
-0.556000 0.991037
-0.552000 0.991037
-0.548000 0.991037
-0.544000 0.991037
-0.540000 0.991037
-0.536000 0.991037
-0.532000 0.991037
-0.528000 0.991037
-0.524000 0.991037
-0.520000 0.991037
-0.516000 0.991037
-0.512000 0.991037
-0.508000 0.991037
-0.504000 0.991037
-0.500000 0.991037
-0.496000 0.991037
-0.492000 0.991037
-0.488000 0.991037
-0.484000 0.991037
-0.480000 0.991037
-0.476000 0.991037
-0.472000 0.991037
-0.468000 0.991037
-0.464000 0.991037
-0.460000 0.991037
-0.456000 0.991037
-0.452000 0.991037
-0.448000 0.991037
-0.444000 0.991037
-0.440000 0.991037
-0.436000 0.991037
-0.432000 0.991037
-0.428000 0.991037
-0.424000 0.991037
-0.420000 0.991037
-0.416000 0.991037
-0.412000 0.991037
-0.408000 0.991037
-0.404000 0.991037
-0.400000 0.991037
-0.396000 0.991037
-0.392000 0.991037
-0.388000 0.991037
-0.384000 0.991037
-0.380000 0.991037
-0.376000 0.991037
-0.372000 0.991037
-0.368000 0.991037
-0.364000 0.991037
-0.360000 0.991037
-0.356000 0.991037
-0.352000 0.991037
-0.348000 0.991037
-0.344000 0.991037
-0.340000 0.991037
-0.336000 0.991037
-0.332000 0.991037
-0.328000 0.991037
-0.324000 0.991037
-0.320000 0.991037
-0.316000 0.991037
-0.312000 0.991037
-0.308000 0.991037
-0.304000 0.991037
-0.300000 0.991037
-0.296000 0.991037
-0.292000 0.991037
-0.288000 0.991037
-0.284000 0.991037
-0.280000 0.991037
-0.276000 0.991037
-0.272000 0.991037
-0.268000 0.991037
-0.264000 0.991037
-0.260000 0.991037
-0.256000 0.991037
-0.252000 0.991037
-0.248000 0.991037
-0.244000 0.991037
-0.240000 0.991037
-0.236000 0.991037
-0.232000 0.991037
-0.228000 0.991037
-0.224000 0.991037
-0.220000 0.991037
-0.216000 0.991037
-0.212000 0.991037
-0.208000 0.991037
-0.204000 0.991037
-0.200000 0.991037
-0.196000 0.991037
-0.192000 0.991037
-0.188000 0.991037
-0.184000 0.991037
-0.180000 0.991037
-0.176000 0.991037
-0.172000 0.991037
-0.168000 0.991037
-0.164000 0.991037
-0.160000 0.991037
-0.156000 0.991037
-0.152000 0.991037
-0.148000 0.991037
-0.144000 0.991037
-0.140000 0.991037
-0.136000 0.991037
-0.132000 0.991037
-0.128000 0.991037
-0.124000 0.991037
-0.120000 0.991037
-0.116000 0.991037
-0.112000 0.991037
-0.108000 0.991037
-0.104000 0.991037
-0.100000 0.991037
-0.096000 0.991037
-0.092000 0.991037
-0.088000 0.991037
-0.084000 0.991037
-0.080000 0.991037
-0.076000 0.991037
-0.072000 0.991037
-0.068000 0.991037
-0.064000 0.991037
-0.060000 0.991037
-0.056000 0.991037
-0.052000 0.991037
-0.048000 0.991037
-0.044000 0.991037
-0.040000 0.991037
-0.036000 0.991037
-0.032000 0.991037
-0.028000 0.991037
-0.024000 0.991037
-0.020000 0.991037
-0.016000 0.991037
-0.012000 0.991037
-0.008000 0.991037
-0.004000 0.991037
0.000000 0.991037
0.004000 0.991037
0.008000 0.991037
0.012000 0.991037
0.016000 0.991037
0.020000 0.991037
0.024000 0.991037
0.028000 0.991037
0.032000 0.991037
0.036000 0.991037
0.040000 0.991037
0.044000 0.991037
0.048000 0.991037
0.052000 0.991037
0.056000 0.991037
0.060000 0.991037
0.064000 0.991037
0.068000 0.991037
0.072000 0.991037
0.076000 0.991037
0.080000 0.991037
0.084000 0.991037
0.088000 0.991037
0.092000 0.991037
0.096000 0.991037
0.100000 0.991037
0.104000 0.991037
0.108000 0.991037
0.112000 0.991037
0.116000 0.991037
0.120000 0.991037
0.124000 0.991037
0.128000 0.991037
0.132000 0.991037
0.136000 0.991037
0.140000 0.991037
0.144000 0.991037
0.148000 0.991037
0.152000 0.991037
0.156000 0.991037
0.160000 0.991037
0.164000 0.991037
0.168000 0.991037
0.172000 0.991038
0.176000 0.991038
0.180000 0.991038
0.184000 0.991038
0.188000 0.991038
0.192000 0.991038
0.196000 0.991038
0.200000 0.991038
0.204000 0.991038
0.208000 0.991038
0.212000 0.991038
0.216000 0.991038
0.220000 0.991038
0.224000 0.991038
0.228000 0.991038
0.232000 0.991038
0.236000 0.991038
0.240000 0.991039
0.244000 0.991039
0.248000 0.991039
0.252000 0.991039
0.256000 0.991039
0.260000 0.991039
0.264000 0.991039
0.268000 0.991039
0.272000 0.991039
0.276000 0.991040
0.280000 0.991040
0.284000 0.991040
0.288000 0.991040
0.292000 0.991040
0.296000 0.991040
0.300000 0.991041
0.304000 0.991041
0.308000 0.991041
0.312000 0.991041
0.316000 0.991042
0.320000 0.991042
0.324000 0.991042
0.328000 0.991042
0.332000 0.991043
0.336000 0.991043
0.340000 0.991043
0.344000 0.991044
0.348000 0.991044
0.352000 0.991044
0.356000 0.991045
0.360000 0.991045
0.364000 0.991046
0.368000 0.991046
0.372000 0.991047
0.376000 0.991047
0.380000 0.991048
0.384000 0.991048
0.388000 0.991049
0.392000 0.991050
0.396000 0.991050
0.400000 0.991051
0.404000 0.991052
0.408000 0.991052
0.412000 0.991053
0.416000 0.991054
0.420000 0.991055
0.424000 0.991056
0.428000 0.991056
0.432000 0.991057
0.436000 0.991058
0.440000 0.991059
0.444000 0.991060
0.448000 0.991062
0.452000 0.991063
0.456000 0.991064
0.460000 0.991065
0.464000 0.991066
0.468000 0.991068
0.472000 0.991069
0.476000 0.991071
0.480000 0.991072
0.484000 0.991074
0.488000 0.991075
0.492000 0.991077
0.496000 0.991079
0.500000 0.991081
0.504000 0.991083
0.508000 0.991085
0.512000 0.991087
0.516000 0.991089
0.520000 0.991091
0.524000 0.991093
0.528000 0.991096
0.532000 0.991098
0.536000 0.991101
0.540000 0.991103
0.544000 0.991106
0.548000 0.991109
0.552000 0.991112
0.556000 0.991115
0.560000 0.991118
0.564000 0.991121
0.568000 0.991124
0.572000 0.991128
0.576000 0.991131
0.580000 0.991135
0.584000 0.991138
0.588000 0.991142
0.592000 0.991146
0.596000 0.991150
0.600000 0.991155
0.604000 0.991159
0.608000 0.991163
0.612000 0.991168
0.616000 0.991173
0.620000 0.991177
0.624000 0.991182
0.628000 0.991188
0.632000 0.991193
0.636000 0.991198
0.640000 0.991204
0.644000 0.991210
0.648000 0.991216
0.652000 0.991222
0.656000 0.991228
0.660000 0.991234
0.664000 0.991241
0.668000 0.991247
0.672000 0.991254
0.676000 0.991261
0.680000 0.991269
0.684000 0.991276
0.688000 0.991283
0.692000 0.991291
0.696000 0.991299
0.700000 0.991307
0.704000 0.991316
0.708000 0.991324
0.712000 0.991333
0.716000 0.991342
0.720000 0.991351
0.724000 0.991360
0.728000 0.991369
0.732000 0.991379
0.736000 0.991389
0.740000 0.991399
0.744000 0.991409
0.748000 0.991420
0.752000 0.991430
0.756000 0.991441
0.760000 0.991452
0.764000 0.991464
0.768000 0.991475
0.772000 0.991487
0.776000 0.991499
0.780000 0.991511
0.784000 0.991524
0.788000 0.991536
0.792000 0.991549
0.796000 0.991562
0.800000 0.991575
0.804000 0.991589
0.808000 0.991602
0.812000 0.991616
0.816000 0.991631
0.820000 0.991645
0.824000 0.991659
0.828000 0.991674
0.832000 0.991689
0.836000 0.991704
0.840000 0.991720
0.844000 0.991736
0.848000 0.991751
0.852000 0.991767
0.856000 0.991784
0.860000 0.991800
0.864000 0.991817
0.868000 0.991834
0.872000 0.991851
0.876000 0.991868
0.880000 0.991886
0.884000 0.991904
0.888000 0.991921
0.892000 0.991940
0.896000 0.991958
0.900000 0.991976
0.904000 0.991995
0.908000 0.992014
0.912000 0.992033
0.916000 0.992052
0.920000 0.992072
0.924000 0.992091
0.928000 0.992111
0.932000 0.992131
0.936000 0.992152
0.940000 0.992172
0.944000 0.992193
0.948000 0.992214
0.952000 0.992235
0.956000 0.992257
0.960000 0.992279
0.964000 0.992302
0.968000 0.992325
0.972000 0.992350
0.976000 0.992376
0.980000 0.992404
0.984000 0.992434
0.988000 0.992468
0.992000 0.992507
0.996000 0.992553
1.000000 0.992608
