-1.000000 0.991037
-0.996000 0.991037
-0.992000 0.991037
-0.988000 0.991037
-0.984000 0.991037
-0.980000 0.991037
-0.976000 0.991037
-0.972000 0.991037
-0.968000 0.991037
-0.964000 0.991037
-0.960000 0.991037
-0.956000 0.991037
-0.952000 0.991037
-0.948000 0.991037
-0.944000 0.991037
-0.940000 0.991037
-0.936000 0.991037
-0.932000 0.991037
-0.928000 0.991037
-0.924000 0.991037
-0.920000 0.991037
-0.916000 0.991037
-0.912000 0.991037
-0.908000 0.991037
-0.904000 0.991037
-0.900000 0.991037
-0.896000 0.991037
-0.892000 0.991037
-0.888000 0.991037
-0.884000 0.991037
-0.880000 0.991037
-0.876000 0.991037
-0.872000 0.991037
-0.868000 0.991037
-0.864000 0.991037
-0.860000 0.991037
-0.856000 0.991037
-0.852000 0.991037
-0.848000 0.991037
-0.844000 0.991037
-0.840000 0.991037
-0.836000 0.991037
-0.832000 0.991037
-0.828000 0.991037
-0.824000 0.991037
-0.820000 0.991037
-0.816000 0.991037
-0.812000 0.991037
-0.808000 0.991037
-0.804000 0.991037
-0.800000 0.991037
-0.796000 0.991037
-0.792000 0.991037
-0.788000 0.991037
-0.784000 0.991037
-0.780000 0.991037
-0.776000 0.991037
-0.772000 0.991037
-0.768000 0.991037
-0.764000 0.991037
-0.760000 0.991037
-0.756000 0.991037
-0.752000 0.991037
-0.748000 0.991037
-0.744000 0.991037
-0.740000 0.991037
-0.736000 0.991037
-0.732000 0.991037
-0.728000 0.991037
-0.724000 0.991037
-0.720000 0.991037
-0.716000 0.991037
-0.712000 0.991037
-0.708000 0.991037
-0.704000 0.991037
-0.700000 0.991037
-0.696000 0.991037
-0.692000 0.991037
-0.688000 0.991037
-0.684000 0.991037
-0.680000 0.991037
-0.676000 0.991037
-0.672000 0.991037
-0.668000 0.991037
-0.664000 0.991037
-0.660000 0.991037
-0.656000 0.991037
-0.652000 0.991037
-0.648000 0.991037
-0.644000 0.991037
-0.640000 0.991037
-0.636000 0.991037
-0.632000 0.991037
-0.628000 0.991037
-0.624000 0.991037
-0.620000 0.991037
-0.616000 0.991037
-0.612000 0.991037
-0.608000 0.991037
-0.604000 0.991037
-0.600000 0.991037
-0.596000 0.991037
-0.592000 0.991037
-0.588000 0.991037
-0.584000 0.991037
-0.580000 0.991037
-0.576000 0.991037
-0.572000 0.991037
-0.568000 0.991037
-0.564000 0.991037
-0.560000 0.991037
-0.556000 0.991037
-0.552000 0.991037
-0.548000 0.991037
-0.544000 0.991037
-0.540000 0.991037
-0.536000 0.991037
-0.532000 0.991037
-0.528000 0.991037
-0.524000 0.991037
-0.520000 0.991037
-0.516000 0.991037
-0.512000 0.991037
-0.508000 0.991037
-0.504000 0.991037
-0.500000 0.991037
-0.496000 0.991037
-0.492000 0.991037
-0.488000 0.991037
-0.484000 0.991037
-0.480000 0.991037
-0.476000 0.991037
-0.472000 0.991037
-0.468000 0.991037
-0.464000 0.991037
-0.460000 0.991037
-0.456000 0.991037
-0.452000 0.991037
-0.448000 0.991037
-0.444000 0.991037
-0.440000 0.991037
-0.436000 0.991037
-0.432000 0.991037
-0.428000 0.991037
-0.424000 0.991037
-0.420000 0.991037
-0.416000 0.991037
-0.412000 0.991037
-0.408000 0.991037
-0.404000 0.991037
-0.400000 0.991037
-0.396000 0.991037
-0.392000 0.991037
-0.388000 0.991037
-0.384000 0.991037
-0.380000 0.991037
-0.376000 0.991037
-0.372000 0.991037
-0.368000 0.991037
-0.364000 0.991037
-0.360000 0.991037
-0.356000 0.991037
-0.352000 0.991037
-0.348000 0.991037
-0.344000 0.991037
-0.340000 0.991037
-0.336000 0.991037
-0.332000 0.991037
-0.328000 0.991037
-0.324000 0.991037
-0.320000 0.991037
-0.316000 0.991037
-0.312000 0.991037
-0.308000 0.991037
-0.304000 0.991037
-0.300000 0.991037
-0.296000 0.991037
-0.292000 0.991037
-0.288000 0.991037
-0.284000 0.991037
-0.280000 0.991037
-0.276000 0.991037
-0.272000 0.991037
-0.268000 0.991037
-0.264000 0.991037
-0.260000 0.991037
-0.256000 0.991037
-0.252000 0.991037
-0.248000 0.991037
-0.244000 0.991037
-0.240000 0.991037
-0.236000 0.991037
-0.232000 0.991037
-0.228000 0.991037
-0.224000 0.991037
-0.220000 0.991037
-0.216000 0.991037
-0.212000 0.991037
-0.208000 0.991037
-0.204000 0.991037
-0.200000 0.991037
-0.196000 0.991037
-0.192000 0.991037
-0.188000 0.991037
-0.184000 0.991037
-0.180000 0.991037
-0.176000 0.991037
-0.172000 0.991037
-0.168000 0.991037
-0.164000 0.991037
-0.160000 0.991037
-0.156000 0.991037
-0.152000 0.991037
-0.148000 0.991037
-0.144000 0.991037
-0.140000 0.991037
-0.136000 0.991037
-0.132000 0.991037
-0.128000 0.991037
-0.124000 0.991037
-0.120000 0.991037
-0.116000 0.991037
-0.112000 0.991037
-0.108000 0.991037
-0.104000 0.991037
-0.100000 0.991037
-0.096000 0.991037
-0.092000 0.991037
-0.088000 0.991037
-0.084000 0.991037
-0.080000 0.991037
-0.076000 0.991037
-0.072000 0.991037
-0.068000 0.991037
-0.064000 0.991037
-0.060000 0.991037
-0.056000 0.991037
-0.052000 0.991037
-0.048000 0.991037
-0.044000 0.991037
-0.040000 0.991037
-0.036000 0.991037
-0.032000 0.991037
-0.028000 0.991037
-0.024000 0.991037
-0.020000 0.991037
-0.016000 0.991037
-0.012000 0.991037
-0.008000 0.991037
-0.004000 0.991037
0.000000 0.991037
0.004000 0.991037
0.008000 0.991037
0.012000 0.991037
0.016000 0.991037
0.020000 0.991037
0.024000 0.991037
0.028000 0.991037
0.032000 0.991037
0.036000 0.991037
0.040000 0.991037
0.044000 0.991037
0.048000 0.991037
0.052000 0.991037
0.056000 0.991037
0.060000 0.991037
0.064000 0.991037
0.068000 0.991037
0.072000 0.991037
0.076000 0.991037
0.080000 0.991037
0.084000 0.991037
0.088000 0.991037
0.092000 0.991037
0.096000 0.991037
0.100000 0.991037
0.104000 0.991037
0.108000 0.991037
0.112000 0.991037
0.116000 0.991037
0.120000 0.991037
0.124000 0.991037
0.128000 0.991037
0.132000 0.991037
0.136000 0.991037
0.140000 0.991037
0.144000 0.991037
0.148000 0.991037
0.152000 0.991037
0.156000 0.991038
0.160000 0.991038
0.164000 0.991038
0.168000 0.991038
0.172000 0.991038
0.176000 0.991038
0.180000 0.991038
0.184000 0.991038
0.188000 0.991038
0.192000 0.991038
0.196000 0.991038
0.200000 0.991038
0.204000 0.991038
0.208000 0.991038
0.212000 0.991038
0.216000 0.991038
0.220000 0.991038
0.224000 0.991039
0.228000 0.991039
0.232000 0.991039
0.236000 0.991039
0.240000 0.991039
0.244000 0.991039
0.248000 0.991039
0.252000 0.991039
0.256000 0.991039
0.260000 0.991040
0.264000 0.991040
0.268000 0.991040
0.272000 0.991040
0.276000 0.991040
0.280000 0.991040
0.284000 0.991041
0.288000 0.991041
0.292000 0.991041
0.296000 0.991041
0.300000 0.991042
0.304000 0.991042
0.308000 0.991042
0.312000 0.991042
0.316000 0.991043
0.320000 0.991043
0.324000 0.991043
0.328000 0.991044
0.332000 0.991044
0.336000 0.991044
0.340000 0.991045
0.344000 0.991045
0.348000 0.991046
0.352000 0.991046
0.356000 0.991047
0.360000 0.991047
0.364000 0.991048
0.368000 0.991048
0.372000 0.991049
0.376000 0.991050
0.380000 0.991050
0.384000 0.991051
0.388000 0.991052
0.392000 0.991052
0.396000 0.991053
0.400000 0.991054
0.404000 0.991055
0.408000 0.991056
0.412000 0.991057
0.416000 0.991057
0.420000 0.991058
0.424000 0.991060
0.428000 0.991061
0.432000 0.991062
0.436000 0.991063
0.440000 0.991064
0.444000 0.991065
0.448000 0.991067
0.452000 0.991068
0.456000 0.991070
0.460000 0.991071
0.464000 0.991073
0.468000 0.991074
0.472000 0.991076
0.476000 0.991078
0.480000 0.991079
0.484000 0.991081
0.488000 0.991083
0.492000 0.991085
0.496000 0.991087
0.500000 0.991089
0.504000 0.991092
0.508000 0.991094
0.512000 0.991096
0.516000 0.991099
0.520000 0.991101
0.524000 0.991104
0.528000 0.991107
0.532000 0.991110
0.536000 0.991112
0.540000 0.991116
0.544000 0.991119
0.548000 0.991122
0.552000 0.991125
0.556000 0.991129
0.560000 0.991132
0.564000 0.991136
0.568000 0.991140
0.572000 0.991144
0.576000 0.991148
0.580000 0.991152
0.584000 0.991156
0.588000 0.991160
0.592000 0.991165
0.596000 0.991170
0.600000 0.991174
0.604000 0.991179
0.608000 0.991184
0.612000 0.991190
0.616000 0.991195
0.620000 0.991201
0.624000 0.991206
0.628000 0.991212
0.632000 0.991218
0.636000 0.991224
0.640000 0.991231
0.644000 0.991237
0.648000 0.991244
0.652000 0.991250
0.656000 0.991257
0.660000 0.991265
0.664000 0.991272
0.668000 0.991279
0.672000 0.991287
0.676000 0.991295
0.680000 0.991303
0.684000 0.991311
0.688000 0.991320
0.692000 0.991328
0.696000 0.991337
0.700000 0.991346
0.704000 0.991355
0.708000 0.991365
0.712000 0.991374
0.716000 0.991384
0.720000 0.991394
0.724000 0.991405
0.728000 0.991415
0.732000 0.991426
0.736000 0.991436
0.740000 0.991448
0.744000 0.991459
0.748000 0.991470
0.752000 0.991482
0.756000 0.991494
0.760000 0.991506
0.764000 0.991519
0.768000 0.991531
0.772000 0.991544
0.776000 0.991557
0.780000 0.991570
0.784000 0.991584
0.788000 0.991597
0.792000 0.991611
0.796000 0.991625
0.800000 0.991640
0.804000 0.991654
0.808000 0.991669
0.812000 0.991684
0.816000 0.991699
0.820000 0.991715
0.824000 0.991730
0.828000 0.991746
0.832000 0.991762
0.836000 0.991779
0.840000 0.991795
0.844000 0.991812
0.848000 0.991829
0.852000 0.991846
0.856000 0.991863
0.860000 0.991881
0.864000 0.991899
0.868000 0.991916
0.872000 0.991935
0.876000 0.991953
0.880000 0.991972
0.884000 0.991990
0.888000 0.992009
0.892000 0.992028
0.896000 0.992048
0.900000 0.992067
0.904000 0.992087
0.908000 0.992106
0.912000 0.992127
0.916000 0.992147
0.920000 0.992167
0.924000 0.992188
0.928000 0.992208
0.932000 0.992229
0.936000 0.992250
0.940000 0.992272
0.944000 0.992293
0.948000 0.992315
0.952000 0.992337
0.956000 0.992359
0.960000 0.992382
0.964000 0.992406
0.968000 0.992430
0.972000 0.992456
0.976000 0.992482
0.980000 0.992511
0.984000 0.992542
0.988000 0.992577
0.992000 0.992617
0.996000 0.992664
1.000000 0.992720
