-1.000000 0.992919
-0.996000 0.992919
-0.992000 0.992919
-0.988000 0.992919
-0.984000 0.992919
-0.980000 0.992919
-0.976000 0.992919
-0.972000 0.992919
-0.968000 0.992919
-0.964000 0.992919
-0.960000 0.992919
-0.956000 0.992919
-0.952000 0.992919
-0.948000 0.992919
-0.944000 0.992919
-0.940000 0.992919
-0.936000 0.992919
-0.932000 0.992919
-0.928000 0.992919
-0.924000 0.992919
-0.920000 0.992919
-0.916000 0.992919
-0.912000 0.992919
-0.908000 0.992919
-0.904000 0.992919
-0.900000 0.992919
-0.896000 0.992919
-0.892000 0.992919
-0.888000 0.992919
-0.884000 0.992919
-0.880000 0.992919
-0.876000 0.992919
-0.872000 0.992919
-0.868000 0.992919
-0.864000 0.992919
-0.860000 0.992919
-0.856000 0.992919
-0.852000 0.992919
-0.848000 0.992919
-0.844000 0.992919
-0.840000 0.992919
-0.836000 0.992919
-0.832000 0.992919
-0.828000 0.992919
-0.824000 0.992919
-0.820000 0.992919
-0.816000 0.992919
-0.812000 0.992919
-0.808000 0.992919
-0.804000 0.992919
-0.800000 0.992919
-0.796000 0.992919
-0.792000 0.992919
-0.788000 0.992919
-0.784000 0.992919
-0.780000 0.992919
-0.776000 0.992919
-0.772000 0.992919
-0.768000 0.992919
-0.764000 0.992919
-0.760000 0.992919
-0.756000 0.992919
-0.752000 0.992919
-0.748000 0.992919
-0.744000 0.992919
-0.740000 0.992919
-0.736000 0.992919
-0.732000 0.992919
-0.728000 0.992919
-0.724000 0.992919
-0.720000 0.992919
-0.716000 0.992919
-0.712000 0.992919
-0.708000 0.992919
-0.704000 0.992919
-0.700000 0.992919
-0.696000 0.992919
-0.692000 0.992919
-0.688000 0.992919
-0.684000 0.992919
-0.680000 0.992919
-0.676000 0.992919
-0.672000 0.992919
-0.668000 0.992919
-0.664000 0.992919
-0.660000 0.992919
-0.656000 0.992919
-0.652000 0.992919
-0.648000 0.992919
-0.644000 0.992919
-0.640000 0.992919
-0.636000 0.992919
-0.632000 0.992919
-0.628000 0.992919
-0.624000 0.992919
-0.620000 0.992919
-0.616000 0.992919
-0.612000 0.992919
-0.608000 0.992919
-0.604000 0.992919
-0.600000 0.992919
-0.596000 0.992919
-0.592000 0.992919
-0.588000 0.992919
-0.584000 0.992919
-0.580000 0.992919
-0.576000 0.992919
-0.572000 0.992919
-0.568000 0.992919
-0.564000 0.992919
-0.560000 0.992919
-0.556000 0.992919
-0.552000 0.992919
-0.548000 0.992919
-0.544000 0.992919
-0.540000 0.992919
-0.536000 0.992919
-0.532000 0.992919
-0.528000 0.992919
-0.524000 0.992919
-0.520000 0.992919
-0.516000 0.992919
-0.512000 0.992919
-0.508000 0.992919
-0.504000 0.992919
-0.500000 0.992919
-0.496000 0.992919
-0.492000 0.992919
-0.488000 0.992919
-0.484000 0.992919
-0.480000 0.992919
-0.476000 0.992919
-0.472000 0.992919
-0.468000 0.992919
-0.464000 0.992919
-0.460000 0.992919
-0.456000 0.992919
-0.452000 0.992919
-0.448000 0.992919
-0.444000 0.992919
-0.440000 0.992919
-0.436000 0.992919
-0.432000 0.992919
-0.428000 0.992919
-0.424000 0.992919
-0.420000 0.992919
-0.416000 0.992919
-0.412000 0.992919
-0.408000 0.992919
-0.404000 0.992919
-0.400000 0.992919
-0.396000 0.992919
-0.392000 0.992919
-0.388000 0.992919
-0.384000 0.992919
-0.380000 0.992919
-0.376000 0.992919
-0.372000 0.992919
-0.368000 0.992919
-0.364000 0.992919
-0.360000 0.992919
-0.356000 0.992919
-0.352000 0.992919
-0.348000 0.992919
-0.344000 0.992919
-0.340000 0.992919
-0.336000 0.992919
-0.332000 0.992919
-0.328000 0.992919
-0.324000 0.992919
-0.320000 0.992919
-0.316000 0.992919
-0.312000 0.992919
-0.308000 0.992919
-0.304000 0.992919
-0.300000 0.992919
-0.296000 0.992919
-0.292000 0.992919
-0.288000 0.992919
-0.284000 0.992919
-0.280000 0.992919
-0.276000 0.992919
-0.272000 0.992919
-0.268000 0.992919
-0.264000 0.992919
-0.260000 0.992919
-0.256000 0.992919
-0.252000 0.992919
-0.248000 0.992919
-0.244000 0.992919
-0.240000 0.992919
-0.236000 0.992919
-0.232000 0.992919
-0.228000 0.992920
-0.224000 0.992920
-0.220000 0.992920
-0.216000 0.992920
-0.212000 0.992920
-0.208000 0.992920
-0.204000 0.992920
-0.200000 0.992920
-0.196000 0.992920
-0.192000 0.992920
-0.188000 0.992920
-0.184000 0.992920
-0.180000 0.992920
-0.176000 0.992920
-0.172000 0.992921
-0.168000 0.992921
-0.164000 0.992921
-0.160000 0.992921
-0.156000 0.992921
-0.152000 0.992921
-0.148000 0.992921
-0.144000 0.992922
-0.140000 0.992922
-0.136000 0.992922
-0.132000 0.992922
-0.128000 0.992922
-0.124000 0.992923
-0.120000 0.992923
-0.116000 0.992923
-0.112000 0.992923
-0.108000 0.992924
-0.104000 0.992924
-0.100000 0.992924
-0.096000 0.992925
-0.092000 0.992925
-0.088000 0.992926
-0.084000 0.992926
-0.080000 0.992927
-0.076000 0.992927
-0.072000 0.992928
-0.068000 0.992928
-0.064000 0.992929
-0.060000 0.992929
-0.056000 0.992930
-0.052000 0.992931
-0.048000 0.992932
-0.044000 0.992932
-0.040000 0.992933
-0.036000 0.992934
-0.032000 0.992935
-0.028000 0.992936
-0.024000 0.992937
-0.020000 0.992938
-0.016000 0.992939
-0.012000 0.992941
-0.008000 0.992942
-0.004000 0.992943
0.000000 0.992945
0.004000 0.992946
0.008000 0.992948
0.012000 0.992950
0.016000 0.992951
0.020000 0.992953
0.024000 0.992955
0.028000 0.992957
0.032000 0.992959
0.036000 0.992961
0.040000 0.992964
0.044000 0.992966
0.048000 0.992969
0.052000 0.992972
0.056000 0.992974
0.060000 0.992977
0.064000 0.992980
0.068000 0.992984
0.072000 0.992987
0.076000 0.992991
0.080000 0.992994
0.084000 0.992998
0.088000 0.993002
0.092000 0.993006
0.096000 0.993011
0.100000 0.993015
0.104000 0.993020
0.108000 0.993025
0.112000 0.993030
0.116000 0.993035
0.120000 0.993041
0.124000 0.993047
0.128000 0.993053
0.132000 0.993059
0.136000 0.993065
0.140000 0.993072
0.144000 0.993079
0.148000 0.993086
0.152000 0.993094
0.156000 0.993102
0.160000 0.993110
0.164000 0.993118
0.168000 0.993127
0.172000 0.993136
0.176000 0.993145
0.180000 0.993155
0.184000 0.993164
0.188000 0.993175
0.192000 0.993185
0.196000 0.993196
0.200000 0.993207
0.204000 0.993219
0.208000 0.993231
0.212000 0.993243
0.216000 0.993256
0.220000 0.993269
0.224000 0.993283
0.228000 0.993297
0.232000 0.993311
0.236000 0.993326
0.240000 0.993341
0.244000 0.993356
0.248000 0.993372
0.252000 0.993389
0.256000 0.993406
0.260000 0.993423
0.264000 0.993441
0.268000 0.993459
0.272000 0.993478
0.276000 0.993497
0.280000 0.993517
0.284000 0.993537
0.288000 0.993558
0.292000 0.993579
0.296000 0.993601
0.300000 0.993623
0.304000 0.993645
0.308000 0.993669
0.312000 0.993692
0.316000 0.993716
0.320000 0.993741
0.324000 0.993766
0.328000 0.993792
0.332000 0.993818
0.336000 0.993845
0.340000 0.993872
0.344000 0.993900
0.348000 0.993929
0.352000 0.993957
0.356000 0.993987
0.360000 0.994017
0.364000 0.994047
0.368000 0.994078
0.372000 0.994110
0.376000 0.994142
0.380000 0.994174
0.384000 0.994207
0.388000 0.994241
0.392000 0.994275
0.396000 0.994310
0.400000 0.994345
0.404000 0.994380
0.408000 0.994416
0.412000 0.994453
0.416000 0.994490
0.420000 0.994528
0.424000 0.994566
0.428000 0.994604
0.432000 0.994643
0.436000 0.994682
0.440000 0.994722
0.444000 0.994762
0.448000 0.994803
0.452000 0.994844
0.456000 0.994886
0.460000 0.994927
0.464000 0.994970
0.468000 0.995012
0.472000 0.995055
0.476000 0.995099
0.480000 0.995143
0.484000 0.995187
0.488000 0.995231
0.492000 0.995276
0.496000 0.995321
0.500000 0.995366
0.504000 0.995412
0.508000 0.995458
0.512000 0.995504
0.516000 0.995550
0.520000 0.995597
0.524000 0.995644
0.528000 0.995691
0.532000 0.995738
0.536000 0.995785
0.540000 0.995833
0.544000 0.995881
0.548000 0.995928
0.552000 0.995976
0.556000 0.996024
0.560000 0.996073
0.564000 0.996121
0.568000 0.996169
0.572000 0.996218
0.576000 0.996266
0.580000 0.996314
0.584000 0.996363
0.588000 0.996411
0.592000 0.996460
0.596000 0.996508
0.600000 0.996556
0.604000 0.996605
0.608000 0.996653
0.612000 0.996701
0.616000 0.996749
0.620000 0.996797
0.624000 0.996845
0.628000 0.996892
0.632000 0.996940
0.636000 0.996987
0.640000 0.997034
0.644000 0.997081
0.648000 0.997127
0.652000 0.997174
0.656000 0.997220
0.660000 0.997266
0.664000 0.997312
0.668000 0.997357
0.672000 0.997403
0.676000 0.997447
0.680000 0.997492
0.684000 0.997536
0.688000 0.997580
0.692000 0.997624
0.696000 0.997667
0.700000 0.997710
0.704000 0.997753
0.708000 0.997795
0.712000 0.997837
0.716000 0.997878
0.720000 0.997920
0.724000 0.997960
0.728000 0.998000
0.732000 0.998040
0.736000 0.998080
0.740000 0.998119
0.744000 0.998157
0.748000 0.998196
0.752000 0.998233
0.756000 0.998271
0.760000 0.998307
0.764000 0.998344
0.768000 0.998380
0.772000 0.998415
0.776000 0.998450
0.780000 0.998485
0.784000 0.998519
0.788000 0.998552
0.792000 0.998585
0.796000 0.998618
0.800000 0.998650
0.804000 0.998682
0.808000 0.998713
0.812000 0.998743
0.816000 0.998774
0.820000 0.998803
0.824000 0.998832
0.828000 0.998861
0.832000 0.998889
0.836000 0.998917
0.840000 0.998945
0.844000 0.998971
0.848000 0.998998
0.852000 0.999024
0.856000 0.999049
0.860000 0.999074
0.864000 0.999098
0.868000 0.999122
0.872000 0.999146
0.876000 0.999169
0.880000 0.999191
0.884000 0.999213
0.888000 0.999235
0.892000 0.999256
0.896000 0.999277
0.900000 0.999298
0.904000 0.999317
0.908000 0.999337
0.912000 0.999356
0.916000 0.999375
0.920000 0.999393
0.924000 0.999411
0.928000 0.999428
0.932000 0.999445
0.936000 0.999462
0.940000 0.999478
0.944000 0.999494
0.948000 0.999510
0.952000 0.999525
0.956000 0.999540
0.960000 0.999555
0.964000 0.999569
0.968000 0.999584
0.972000 0.999598
0.976000 0.999613
0.980000 0.999629
0.984000 0.999645
0.988000 0.999662
0.992000 0.999682
0.996000 0.999704
1.000000 0.999732
