-1.000000 0.997928
-0.996000 0.997928
-0.992000 0.997928
-0.988000 0.997928
-0.984000 0.997928
-0.980000 0.997928
-0.976000 0.997928
-0.972000 0.997928
-0.968000 0.997928
-0.964000 0.997928
-0.960000 0.997928
-0.956000 0.997928
-0.952000 0.997928
-0.948000 0.997928
-0.944000 0.997928
-0.940000 0.997928
-0.936000 0.997928
-0.932000 0.997928
-0.928000 0.997928
-0.924000 0.997928
-0.920000 0.997928
-0.916000 0.997928
-0.912000 0.997928
-0.908000 0.997928
-0.904000 0.997928
-0.900000 0.997928
-0.896000 0.997928
-0.892000 0.997928
-0.888000 0.997928
-0.884000 0.997928
-0.880000 0.997928
-0.876000 0.997928
-0.872000 0.997928
-0.868000 0.997928
-0.864000 0.997928
-0.860000 0.997928
-0.856000 0.997928
-0.852000 0.997928
-0.848000 0.997928
-0.844000 0.997928
-0.840000 0.997928
-0.836000 0.997928
-0.832000 0.997928
-0.828000 0.997928
-0.824000 0.997928
-0.820000 0.997928
-0.816000 0.997928
-0.812000 0.997928
-0.808000 0.997928
-0.804000 0.997928
-0.800000 0.997928
-0.796000 0.997928
-0.792000 0.997928
-0.788000 0.997928
-0.784000 0.997928
-0.780000 0.997928
-0.776000 0.997928
-0.772000 0.997928
-0.768000 0.997928
-0.764000 0.997928
-0.760000 0.997928
-0.756000 0.997928
-0.752000 0.997928
-0.748000 0.997928
-0.744000 0.997928
-0.740000 0.997928
-0.736000 0.997928
-0.732000 0.997928
-0.728000 0.997928
-0.724000 0.997928
-0.720000 0.997928
-0.716000 0.997928
-0.712000 0.997928
-0.708000 0.997928
-0.704000 0.997928
-0.700000 0.997928
-0.696000 0.997928
-0.692000 0.997928
-0.688000 0.997928
-0.684000 0.997928
-0.680000 0.997928
-0.676000 0.997928
-0.672000 0.997928
-0.668000 0.997928
-0.664000 0.997928
-0.660000 0.997928
-0.656000 0.997928
-0.652000 0.997928
-0.648000 0.997928
-0.644000 0.997928
-0.640000 0.997928
-0.636000 0.997928
-0.632000 0.997928
-0.628000 0.997928
-0.624000 0.997928
-0.620000 0.997928
-0.616000 0.997928
-0.612000 0.997928
-0.608000 0.997928
-0.604000 0.997928
-0.600000 0.997928
-0.596000 0.997928
-0.592000 0.997928
-0.588000 0.997928
-0.584000 0.997928
-0.580000 0.997928
-0.576000 0.997928
-0.572000 0.997928
-0.568000 0.997928
-0.564000 0.997928
-0.560000 0.997928
-0.556000 0.997928
-0.552000 0.997928
-0.548000 0.997928
-0.544000 0.997928
-0.540000 0.997928
-0.536000 0.997928
-0.532000 0.997928
-0.528000 0.997928
-0.524000 0.997928
-0.520000 0.997928
-0.516000 0.997928
-0.512000 0.997928
-0.508000 0.997928
-0.504000 0.997928
-0.500000 0.997928
-0.496000 0.997928
-0.492000 0.997928
-0.488000 0.997928
-0.484000 0.997928
-0.480000 0.997928
-0.476000 0.997928
-0.472000 0.997928
-0.468000 0.997928
-0.464000 0.997928
-0.460000 0.997928
-0.456000 0.997928
-0.452000 0.997928
-0.448000 0.997928
-0.444000 0.997928
-0.440000 0.997928
-0.436000 0.997928
-0.432000 0.997928
-0.428000 0.997928
-0.424000 0.997928
-0.420000 0.997928
-0.416000 0.997928
-0.412000 0.997928
-0.408000 0.997928
-0.404000 0.997928
-0.400000 0.997928
-0.396000 0.997928
-0.392000 0.997928
-0.388000 0.997928
-0.384000 0.997928
-0.380000 0.997928
-0.376000 0.997928
-0.372000 0.997928
-0.368000 0.997928
-0.364000 0.997928
-0.360000 0.997928
-0.356000 0.997928
-0.352000 0.997928
-0.348000 0.997928
-0.344000 0.997928
-0.340000 0.997928
-0.336000 0.997928
-0.332000 0.997928
-0.328000 0.997928
-0.324000 0.997928
-0.320000 0.997928
-0.316000 0.997928
-0.312000 0.997928
-0.308000 0.997928
-0.304000 0.997928
-0.300000 0.997928
-0.296000 0.997928
-0.292000 0.997928
-0.288000 0.997928
-0.284000 0.997928
-0.280000 0.997928
-0.276000 0.997928
-0.272000 0.997928
-0.268000 0.997928
-0.264000 0.997928
-0.260000 0.997928
-0.256000 0.997928
-0.252000 0.997928
-0.248000 0.997928
-0.244000 0.997928
-0.240000 0.997928
-0.236000 0.997928
-0.232000 0.997928
-0.228000 0.997928
-0.224000 0.997928
-0.220000 0.997928
-0.216000 0.997928
-0.212000 0.997928
-0.208000 0.997928
-0.204000 0.997928
-0.200000 0.997928
-0.196000 0.997928
-0.192000 0.997928
-0.188000 0.997928
-0.184000 0.997928
-0.180000 0.997928
-0.176000 0.997928
-0.172000 0.997928
-0.168000 0.997927
-0.164000 0.997927
-0.160000 0.997927
-0.156000 0.997927
-0.152000 0.997927
-0.148000 0.997927
-0.144000 0.997927
-0.140000 0.997927
-0.136000 0.997927
-0.132000 0.997927
-0.128000 0.997927
-0.124000 0.997927
-0.120000 0.997927
-0.116000 0.997927
-0.112000 0.997926
-0.108000 0.997926
-0.104000 0.997926
-0.100000 0.997926
-0.096000 0.997926
-0.092000 0.997926
-0.088000 0.997926
-0.084000 0.997925
-0.080000 0.997925
-0.076000 0.997925
-0.072000 0.997925
-0.068000 0.997925
-0.064000 0.997924
-0.060000 0.997924
-0.056000 0.997924
-0.052000 0.997924
-0.048000 0.997923
-0.044000 0.997923
-0.040000 0.997923
-0.036000 0.997922
-0.032000 0.997922
-0.028000 0.997921
-0.024000 0.997921
-0.020000 0.997921
-0.016000 0.997920
-0.012000 0.997920
-0.008000 0.997919
-0.004000 0.997918
0.000000 0.997918
0.004000 0.997917
0.008000 0.997916
0.012000 0.997916
0.016000 0.997915
0.020000 0.997914
0.024000 0.997913
0.028000 0.997912
0.032000 0.997911
0.036000 0.997910
0.040000 0.997909
0.044000 0.997908
0.048000 0.997907
0.052000 0.997906
0.056000 0.997905
0.060000 0.997903
0.064000 0.997902
0.068000 0.997900
0.072000 0.997899
0.076000 0.997897
0.080000 0.997895
0.084000 0.997894
0.088000 0.997892
0.092000 0.997890
0.096000 0.997887
0.100000 0.997885
0.104000 0.997883
0.108000 0.997881
0.112000 0.997878
0.116000 0.997875
0.120000 0.997873
0.124000 0.997870
0.128000 0.997867
0.132000 0.997864
0.136000 0.997860
0.140000 0.997857
0.144000 0.997853
0.148000 0.997849
0.152000 0.997846
0.156000 0.997841
0.160000 0.997837
0.164000 0.997833
0.168000 0.997828
0.172000 0.997823
0.176000 0.997818
0.180000 0.997813
0.184000 0.997808
0.188000 0.997802
0.192000 0.997797
0.196000 0.997790
0.200000 0.997784
0.204000 0.997778
0.208000 0.997771
0.212000 0.997764
0.216000 0.997757
0.220000 0.997749
0.224000 0.997742
0.228000 0.997733
0.232000 0.997725
0.236000 0.997717
0.240000 0.997708
0.244000 0.997698
0.248000 0.997689
0.252000 0.997679
0.256000 0.997669
0.260000 0.997659
0.264000 0.997648
0.268000 0.997637
0.272000 0.997625
0.276000 0.997613
0.280000 0.997601
0.284000 0.997588
0.288000 0.997575
0.292000 0.997562
0.296000 0.997548
0.300000 0.997534
0.304000 0.997520
0.308000 0.997505
0.312000 0.997489
0.316000 0.997474
0.320000 0.997457
0.324000 0.997441
0.328000 0.997424
0.332000 0.997406
0.336000 0.997388
0.340000 0.997370
0.344000 0.997351
0.348000 0.997332
0.352000 0.997312
0.356000 0.997292
0.360000 0.997271
0.364000 0.997250
0.368000 0.997228
0.372000 0.997206
0.376000 0.997183
0.380000 0.997160
0.384000 0.997136
0.388000 0.997112
0.392000 0.997087
0.396000 0.997062
0.400000 0.997036
0.404000 0.997010
0.408000 0.996983
0.412000 0.996956
0.416000 0.996928
0.420000 0.996900
0.424000 0.996871
0.428000 0.996842
0.432000 0.996812
0.436000 0.996782
0.440000 0.996751
0.444000 0.996720
0.448000 0.996688
0.452000 0.996656
0.456000 0.996623
0.460000 0.996590
0.464000 0.996556
0.468000 0.996522
0.472000 0.996487
0.476000 0.996452
0.480000 0.996416
0.484000 0.996380
0.488000 0.996343
0.492000 0.996306
0.496000 0.996268
0.500000 0.996230
0.504000 0.996192
0.508000 0.996153
0.512000 0.996114
0.516000 0.996074
0.520000 0.996034
0.524000 0.995993
0.528000 0.995952
0.532000 0.995911
0.536000 0.995870
0.540000 0.995828
0.544000 0.995785
0.548000 0.995743
0.552000 0.995699
0.556000 0.995656
0.560000 0.995613
0.564000 0.995569
0.568000 0.995524
0.572000 0.995480
0.576000 0.995435
0.580000 0.995390
0.584000 0.995345
0.588000 0.995299
0.592000 0.995254
0.596000 0.995208
0.600000 0.995162
0.604000 0.995116
0.608000 0.995069
0.612000 0.995023
0.616000 0.994976
0.620000 0.994929
0.624000 0.994882
0.628000 0.994836
0.632000 0.994789
0.636000 0.994741
0.640000 0.994694
0.644000 0.994647
0.648000 0.994600
0.652000 0.994553
0.656000 0.994506
0.660000 0.994459
0.664000 0.994411
0.668000 0.994364
0.672000 0.994317
0.676000 0.994270
0.680000 0.994224
0.684000 0.994177
0.688000 0.994130
0.692000 0.994084
0.696000 0.994038
0.700000 0.993992
0.704000 0.993946
0.708000 0.993900
0.712000 0.993854
0.716000 0.993809
0.720000 0.993764
0.724000 0.993719
0.728000 0.993674
0.732000 0.993630
0.736000 0.993585
0.740000 0.993542
0.744000 0.993498
0.748000 0.993455
0.752000 0.993412
0.756000 0.993369
0.760000 0.993327
0.764000 0.993285
0.768000 0.993243
0.772000 0.993202
0.776000 0.993161
0.780000 0.993120
0.784000 0.993080
0.788000 0.993040
0.792000 0.993001
0.796000 0.992962
0.800000 0.992923
0.804000 0.992885
0.808000 0.992848
0.812000 0.992810
0.816000 0.992773
0.820000 0.992737
0.824000 0.992701
0.828000 0.992665
0.832000 0.992630
0.836000 0.992595
0.840000 0.992561
0.844000 0.992527
0.848000 0.992494
0.852000 0.992461
0.856000 0.992429
0.860000 0.992397
0.864000 0.992366
0.868000 0.992335
0.872000 0.992304
0.876000 0.992274
0.880000 0.992244
0.884000 0.992215
0.888000 0.992187
0.892000 0.992159
0.896000 0.992131
0.900000 0.992104
0.904000 0.992077
0.908000 0.992051
0.912000 0.992025
0.916000 0.992000
0.920000 0.991975
0.924000 0.991950
0.928000 0.991926
0.932000 0.991903
0.936000 0.991880
0.940000 0.991857
0.944000 0.991835
0.948000 0.991813
0.952000 0.991791
0.956000 0.991770
0.960000 0.991749
0.964000 0.991728
0.968000 0.991707
0.972000 0.991686
0.976000 0.991664
0.980000 0.991642
0.984000 0.991619
0.988000 0.991593
0.992000 0.991564
0.996000 0.991531
1.000000 0.991490
