-1.000000 0.992919
-0.996000 0.992919
-0.992000 0.992919
-0.988000 0.992919
-0.984000 0.992919
-0.980000 0.992919
-0.976000 0.992919
-0.972000 0.992919
-0.968000 0.992919
-0.964000 0.992919
-0.960000 0.992919
-0.956000 0.992919
-0.952000 0.992919
-0.948000 0.992919
-0.944000 0.992919
-0.940000 0.992919
-0.936000 0.992919
-0.932000 0.992919
-0.928000 0.992919
-0.924000 0.992919
-0.920000 0.992919
-0.916000 0.992919
-0.912000 0.992919
-0.908000 0.992919
-0.904000 0.992919
-0.900000 0.992919
-0.896000 0.992919
-0.892000 0.992919
-0.888000 0.992919
-0.884000 0.992919
-0.880000 0.992919
-0.876000 0.992919
-0.872000 0.992919
-0.868000 0.992919
-0.864000 0.992919
-0.860000 0.992919
-0.856000 0.992919
-0.852000 0.992919
-0.848000 0.992919
-0.844000 0.992919
-0.840000 0.992919
-0.836000 0.992919
-0.832000 0.992919
-0.828000 0.992919
-0.824000 0.992919
-0.820000 0.992919
-0.816000 0.992919
-0.812000 0.992919
-0.808000 0.992919
-0.804000 0.992919
-0.800000 0.992919
-0.796000 0.992919
-0.792000 0.992919
-0.788000 0.992919
-0.784000 0.992919
-0.780000 0.992919
-0.776000 0.992919
-0.772000 0.992919
-0.768000 0.992919
-0.764000 0.992919
-0.760000 0.992919
-0.756000 0.992919
-0.752000 0.992919
-0.748000 0.992919
-0.744000 0.992919
-0.740000 0.992919
-0.736000 0.992919
-0.732000 0.992919
-0.728000 0.992919
-0.724000 0.992919
-0.720000 0.992919
-0.716000 0.992919
-0.712000 0.992919
-0.708000 0.992919
-0.704000 0.992919
-0.700000 0.992919
-0.696000 0.992919
-0.692000 0.992919
-0.688000 0.992919
-0.684000 0.992919
-0.680000 0.992919
-0.676000 0.992919
-0.672000 0.992919
-0.668000 0.992919
-0.664000 0.992919
-0.660000 0.992919
-0.656000 0.992919
-0.652000 0.992919
-0.648000 0.992919
-0.644000 0.992919
-0.640000 0.992919
-0.636000 0.992919
-0.632000 0.992919
-0.628000 0.992919
-0.624000 0.992919
-0.620000 0.992919
-0.616000 0.992919
-0.612000 0.992919
-0.608000 0.992919
-0.604000 0.992919
-0.600000 0.992919
-0.596000 0.992919
-0.592000 0.992919
-0.588000 0.992919
-0.584000 0.992919
-0.580000 0.992919
-0.576000 0.992919
-0.572000 0.992919
-0.568000 0.992919
-0.564000 0.992919
-0.560000 0.992919
-0.556000 0.992919
-0.552000 0.992919
-0.548000 0.992919
-0.544000 0.992919
-0.540000 0.992919
-0.536000 0.992919
-0.532000 0.992919
-0.528000 0.992919
-0.524000 0.992919
-0.520000 0.992919
-0.516000 0.992919
-0.512000 0.992919
-0.508000 0.992919
-0.504000 0.992919
-0.500000 0.992919
-0.496000 0.992919
-0.492000 0.992919
-0.488000 0.992919
-0.484000 0.992919
-0.480000 0.992919
-0.476000 0.992919
-0.472000 0.992919
-0.468000 0.992919
-0.464000 0.992919
-0.460000 0.992919
-0.456000 0.992919
-0.452000 0.992919
-0.448000 0.992919
-0.444000 0.992919
-0.440000 0.992919
-0.436000 0.992919
-0.432000 0.992919
-0.428000 0.992920
-0.424000 0.992920
-0.420000 0.992920
-0.416000 0.992920
-0.412000 0.992920
-0.408000 0.992920
-0.404000 0.992920
-0.400000 0.992920
-0.396000 0.992920
-0.392000 0.992920
-0.388000 0.992920
-0.384000 0.992920
-0.380000 0.992921
-0.376000 0.992921
-0.372000 0.992921
-0.368000 0.992921
-0.364000 0.992921
-0.360000 0.992921
-0.356000 0.992922
-0.352000 0.992922
-0.348000 0.992922
-0.344000 0.992922
-0.340000 0.992922
-0.336000 0.992923
-0.332000 0.992923
-0.328000 0.992923
-0.324000 0.992924
-0.320000 0.992924
-0.316000 0.992925
-0.312000 0.992925
-0.308000 0.992925
-0.304000 0.992926
-0.300000 0.992926
-0.296000 0.992927
-0.292000 0.992928
-0.288000 0.992928
-0.284000 0.992929
-0.280000 0.992930
-0.276000 0.992930
-0.272000 0.992931
-0.268000 0.992932
-0.264000 0.992933
-0.260000 0.992934
-0.256000 0.992935
-0.252000 0.992936
-0.248000 0.992938
-0.244000 0.992939
-0.240000 0.992940
-0.236000 0.992942
-0.232000 0.992943
-0.228000 0.992945
-0.224000 0.992946
-0.220000 0.992948
-0.216000 0.992950
-0.212000 0.992952
-0.208000 0.992954
-0.204000 0.992957
-0.200000 0.992959
-0.196000 0.992961
-0.192000 0.992964
-0.188000 0.992967
-0.184000 0.992970
-0.180000 0.992973
-0.176000 0.992976
-0.172000 0.992980
-0.168000 0.992983
-0.164000 0.992987
-0.160000 0.992991
-0.156000 0.992995
-0.152000 0.992999
-0.148000 0.993004
-0.144000 0.993009
-0.140000 0.993014
-0.136000 0.993019
-0.132000 0.993025
-0.128000 0.993030
-0.124000 0.993036
-0.120000 0.993043
-0.116000 0.993049
-0.112000 0.993056
-0.108000 0.993063
-0.104000 0.993070
-0.100000 0.993078
-0.096000 0.993086
-0.092000 0.993095
-0.088000 0.993103
-0.084000 0.993112
-0.080000 0.993122
-0.076000 0.993132
-0.072000 0.993142
-0.068000 0.993153
-0.064000 0.993164
-0.060000 0.993175
-0.056000 0.993187
-0.052000 0.993199
-0.048000 0.993212
-0.044000 0.993225
-0.040000 0.993239
-0.036000 0.993253
-0.032000 0.993267
-0.028000 0.993282
-0.024000 0.993298
-0.020000 0.993314
-0.016000 0.993330
-0.012000 0.993347
-0.008000 0.993365
-0.004000 0.993383
0.000000 0.993402
0.004000 0.993421
0.008000 0.993441
0.012000 0.993462
0.016000 0.993483
0.020000 0.993504
0.024000 0.993526
0.028000 0.993549
0.032000 0.993572
0.036000 0.993596
0.040000 0.993621
0.044000 0.993646
0.048000 0.993672
0.052000 0.993699
0.056000 0.993726
0.060000 0.993754
0.064000 0.993782
0.068000 0.993811
0.072000 0.993841
0.076000 0.993871
0.080000 0.993902
0.084000 0.993934
0.088000 0.993966
0.092000 0.993999
0.096000 0.994033
0.100000 0.994067
0.104000 0.994102
0.108000 0.994137
0.112000 0.994173
0.116000 0.994210
0.120000 0.994248
0.124000 0.994286
0.128000 0.994324
0.132000 0.994364
0.136000 0.994404
0.140000 0.994444
0.144000 0.994485
0.148000 0.994527
0.152000 0.994569
0.156000 0.994612
0.160000 0.994655
0.164000 0.994699
0.168000 0.994744
0.172000 0.994789
0.176000 0.994834
0.180000 0.994880
0.184000 0.994927
0.188000 0.994974
0.192000 0.995021
0.196000 0.995069
0.200000 0.995118
0.204000 0.995167
0.208000 0.995216
0.212000 0.995265
0.216000 0.995315
0.220000 0.995366
0.224000 0.995416
0.228000 0.995467
0.232000 0.995519
0.236000 0.995570
0.240000 0.995622
0.244000 0.995674
0.248000 0.995726
0.252000 0.995779
0.256000 0.995832
0.260000 0.995885
0.264000 0.995938
0.268000 0.995991
0.272000 0.996044
0.276000 0.996098
0.280000 0.996151
0.284000 0.996205
0.288000 0.996259
0.292000 0.996312
0.296000 0.996366
0.300000 0.996420
0.304000 0.996473
0.308000 0.996527
0.312000 0.996580
0.316000 0.996634
0.320000 0.996687
0.324000 0.996740
0.328000 0.996793
0.332000 0.996846
0.336000 0.996899
0.340000 0.996952
0.344000 0.997004
0.348000 0.997056
0.352000 0.997108
0.356000 0.997159
0.360000 0.997211
0.364000 0.997262
0.368000 0.997312
0.372000 0.997362
0.376000 0.997412
0.380000 0.997462
0.384000 0.997511
0.388000 0.997560
0.392000 0.997609
0.396000 0.997657
0.400000 0.997704
0.404000 0.997751
0.408000 0.997798
0.412000 0.997844
0.416000 0.997890
0.420000 0.997935
0.424000 0.997980
0.428000 0.998024
0.432000 0.998068
0.436000 0.998111
0.440000 0.998154
0.444000 0.998196
0.448000 0.998238
0.452000 0.998279
0.456000 0.998319
0.460000 0.998359
0.464000 0.998399
0.468000 0.998438
0.472000 0.998476
0.476000 0.998514
0.480000 0.998551
0.484000 0.998587
0.488000 0.998623
0.492000 0.998658
0.496000 0.998693
0.500000 0.998727
0.504000 0.998761
0.508000 0.998794
0.512000 0.998826
0.516000 0.998858
0.520000 0.998889
0.524000 0.998920
0.528000 0.998950
0.532000 0.998979
0.536000 0.999008
0.540000 0.999036
0.544000 0.999064
0.548000 0.999091
0.552000 0.999118
0.556000 0.999144
0.560000 0.999169
0.564000 0.999194
0.568000 0.999218
0.572000 0.999242
0.576000 0.999265
0.580000 0.999288
0.584000 0.999310
0.588000 0.999332
0.592000 0.999353
0.596000 0.999373
0.600000 0.999394
0.604000 0.999413
0.608000 0.999432
0.612000 0.999451
0.616000 0.999469
0.620000 0.999487
0.624000 0.999504
0.628000 0.999520
0.632000 0.999537
0.636000 0.999553
0.640000 0.999568
0.644000 0.999583
0.648000 0.999597
0.652000 0.999612
0.656000 0.999625
0.660000 0.999639
0.664000 0.999652
0.668000 0.999664
0.672000 0.999676
0.676000 0.999688
0.680000 0.999700
0.684000 0.999711
0.688000 0.999721
0.692000 0.999732
0.696000 0.999742
0.700000 0.999752
0.704000 0.999761
0.708000 0.999770
0.712000 0.999779
0.716000 0.999788
0.720000 0.999796
0.724000 0.999804
0.728000 0.999812
0.732000 0.999819
0.736000 0.999827
0.740000 0.999834
0.744000 0.999840
0.748000 0.999847
0.752000 0.999853
0.756000 0.999859
0.760000 0.999865
0.764000 0.999871
0.768000 0.999876
0.772000 0.999881
0.776000 0.999886
0.780000 0.999891
0.784000 0.999896
0.788000 0.999900
0.792000 0.999904
0.796000 0.999909
0.800000 0.999913
0.804000 0.999916
0.808000 0.999920
0.812000 0.999924
0.816000 0.999927
0.820000 0.999930
0.824000 0.999933
0.828000 0.999936
0.832000 0.999939
0.836000 0.999942
0.840000 0.999945
0.844000 0.999947
0.848000 0.999950
0.852000 0.999952
0.856000 0.999954
0.860000 0.999956
0.864000 0.999958
0.868000 0.999960
0.872000 0.999962
0.876000 0.999964
0.880000 0.999966
0.884000 0.999967
0.888000 0.999969
0.892000 0.999971
0.896000 0.999972
0.900000 0.999973
0.904000 0.999975
0.908000 0.999976
0.912000 0.999977
0.916000 0.999978
0.920000 0.999979
0.924000 0.999980
0.928000 0.999981
0.932000 0.999982
0.936000 0.999983
0.940000 0.999984
0.944000 0.999985
0.948000 0.999986
0.952000 0.999986
0.956000 0.999987
0.960000 0.999988
0.964000 0.999989
0.968000 0.999989
0.972000 0.999990
0.976000 0.999990
0.980000 0.999991
0.984000 0.999992
0.988000 0.999992
0.992000 0.999993
0.996000 0.999994
1.000000 0.999995
