-1.000000 0.992919
-0.996000 0.992919
-0.992000 0.992919
-0.988000 0.992919
-0.984000 0.992919
-0.980000 0.992919
-0.976000 0.992919
-0.972000 0.992919
-0.968000 0.992919
-0.964000 0.992919
-0.960000 0.992919
-0.956000 0.992919
-0.952000 0.992919
-0.948000 0.992919
-0.944000 0.992919
-0.940000 0.992919
-0.936000 0.992919
-0.932000 0.992919
-0.928000 0.992919
-0.924000 0.992919
-0.920000 0.992919
-0.916000 0.992919
-0.912000 0.992919
-0.908000 0.992919
-0.904000 0.992919
-0.900000 0.992919
-0.896000 0.992919
-0.892000 0.992919
-0.888000 0.992919
-0.884000 0.992919
-0.880000 0.992919
-0.876000 0.992919
-0.872000 0.992919
-0.868000 0.992919
-0.864000 0.992919
-0.860000 0.992919
-0.856000 0.992919
-0.852000 0.992919
-0.848000 0.992919
-0.844000 0.992919
-0.840000 0.992919
-0.836000 0.992919
-0.832000 0.992919
-0.828000 0.992919
-0.824000 0.992919
-0.820000 0.992919
-0.816000 0.992919
-0.812000 0.992919
-0.808000 0.992919
-0.804000 0.992919
-0.800000 0.992919
-0.796000 0.992919
-0.792000 0.992919
-0.788000 0.992919
-0.784000 0.992919
-0.780000 0.992919
-0.776000 0.992919
-0.772000 0.992919
-0.768000 0.992919
-0.764000 0.992919
-0.760000 0.992919
-0.756000 0.992919
-0.752000 0.992919
-0.748000 0.992919
-0.744000 0.992919
-0.740000 0.992919
-0.736000 0.992919
-0.732000 0.992919
-0.728000 0.992919
-0.724000 0.992919
-0.720000 0.992919
-0.716000 0.992919
-0.712000 0.992919
-0.708000 0.992919
-0.704000 0.992919
-0.700000 0.992919
-0.696000 0.992919
-0.692000 0.992919
-0.688000 0.992919
-0.684000 0.992919
-0.680000 0.992919
-0.676000 0.992919
-0.672000 0.992919
-0.668000 0.992919
-0.664000 0.992919
-0.660000 0.992919
-0.656000 0.992919
-0.652000 0.992919
-0.648000 0.992919
-0.644000 0.992919
-0.640000 0.992919
-0.636000 0.992919
-0.632000 0.992919
-0.628000 0.992919
-0.624000 0.992919
-0.620000 0.992919
-0.616000 0.992919
-0.612000 0.992919
-0.608000 0.992919
-0.604000 0.992919
-0.600000 0.992919
-0.596000 0.992919
-0.592000 0.992919
-0.588000 0.992919
-0.584000 0.992919
-0.580000 0.992919
-0.576000 0.992919
-0.572000 0.992919
-0.568000 0.992919
-0.564000 0.992919
-0.560000 0.992919
-0.556000 0.992919
-0.552000 0.992919
-0.548000 0.992919
-0.544000 0.992919
-0.540000 0.992919
-0.536000 0.992919
-0.532000 0.992919
-0.528000 0.992919
-0.524000 0.992919
-0.520000 0.992919
-0.516000 0.992919
-0.512000 0.992919
-0.508000 0.992919
-0.504000 0.992919
-0.500000 0.992919
-0.496000 0.992919
-0.492000 0.992919
-0.488000 0.992919
-0.484000 0.992919
-0.480000 0.992919
-0.476000 0.992919
-0.472000 0.992919
-0.468000 0.992919
-0.464000 0.992919
-0.460000 0.992919
-0.456000 0.992919
-0.452000 0.992919
-0.448000 0.992919
-0.444000 0.992919
-0.440000 0.992919
-0.436000 0.992919
-0.432000 0.992919
-0.428000 0.992919
-0.424000 0.992919
-0.420000 0.992919
-0.416000 0.992919
-0.412000 0.992919
-0.408000 0.992919
-0.404000 0.992919
-0.400000 0.992919
-0.396000 0.992919
-0.392000 0.992919
-0.388000 0.992919
-0.384000 0.992919
-0.380000 0.992919
-0.376000 0.992919
-0.372000 0.992919
-0.368000 0.992919
-0.364000 0.992919
-0.360000 0.992919
-0.356000 0.992919
-0.352000 0.992919
-0.348000 0.992919
-0.344000 0.992919
-0.340000 0.992919
-0.336000 0.992919
-0.332000 0.992919
-0.328000 0.992919
-0.324000 0.992919
-0.320000 0.992919
-0.316000 0.992919
-0.312000 0.992919
-0.308000 0.992919
-0.304000 0.992920
-0.300000 0.992920
-0.296000 0.992920
-0.292000 0.992920
-0.288000 0.992920
-0.284000 0.992920
-0.280000 0.992920
-0.276000 0.992920
-0.272000 0.992920
-0.268000 0.992920
-0.264000 0.992920
-0.260000 0.992920
-0.256000 0.992920
-0.252000 0.992921
-0.248000 0.992921
-0.244000 0.992921
-0.240000 0.992921
-0.236000 0.992921
-0.232000 0.992921
-0.228000 0.992921
-0.224000 0.992922
-0.220000 0.992922
-0.216000 0.992922
-0.212000 0.992922
-0.208000 0.992922
-0.204000 0.992923
-0.200000 0.992923
-0.196000 0.992923
-0.192000 0.992924
-0.188000 0.992924
-0.184000 0.992924
-0.180000 0.992925
-0.176000 0.992925
-0.172000 0.992926
-0.168000 0.992926
-0.164000 0.992927
-0.160000 0.992927
-0.156000 0.992928
-0.152000 0.992928
-0.148000 0.992929
-0.144000 0.992930
-0.140000 0.992930
-0.136000 0.992931
-0.132000 0.992932
-0.128000 0.992933
-0.124000 0.992934
-0.120000 0.992935
-0.116000 0.992936
-0.112000 0.992937
-0.108000 0.992938
-0.104000 0.992939
-0.100000 0.992940
-0.096000 0.992942
-0.092000 0.992943
-0.088000 0.992944
-0.084000 0.992946
-0.080000 0.992948
-0.076000 0.992949
-0.072000 0.992951
-0.068000 0.992953
-0.064000 0.992955
-0.060000 0.992957
-0.056000 0.992960
-0.052000 0.992962
-0.048000 0.992964
-0.044000 0.992967
-0.040000 0.992970
-0.036000 0.992973
-0.032000 0.992976
-0.028000 0.992979
-0.024000 0.992982
-0.020000 0.992985
-0.016000 0.992989
-0.012000 0.992993
-0.008000 0.992997
-0.004000 0.993001
0.000000 0.993005
0.004000 0.993010
0.008000 0.993014
0.012000 0.993019
0.016000 0.993024
0.020000 0.993030
0.024000 0.993035
0.028000 0.993041
0.032000 0.993047
0.036000 0.993053
0.040000 0.993060
0.044000 0.993066
0.048000 0.993074
0.052000 0.993081
0.056000 0.993088
0.060000 0.993096
0.064000 0.993104
0.068000 0.993113
0.072000 0.993122
0.076000 0.993131
0.080000 0.993140
0.084000 0.993150
0.088000 0.993160
0.092000 0.993171
0.096000 0.993182
0.100000 0.993193
0.104000 0.993205
0.108000 0.993217
0.112000 0.993229
0.116000 0.993242
0.120000 0.993255
0.124000 0.993269
0.128000 0.993283
0.132000 0.993297
0.136000 0.993312
0.140000 0.993327
0.144000 0.993343
0.148000 0.993359
0.152000 0.993376
0.156000 0.993393
0.160000 0.993411
0.164000 0.993429
0.168000 0.993448
0.172000 0.993467
0.176000 0.993487
0.180000 0.993507
0.184000 0.993528
0.188000 0.993549
0.192000 0.993571
0.196000 0.993593
0.200000 0.993616
0.204000 0.993640
0.208000 0.993663
0.212000 0.993688
0.216000 0.993713
0.220000 0.993739
0.224000 0.993765
0.228000 0.993791
0.232000 0.993819
0.236000 0.993847
0.240000 0.993875
0.244000 0.993904
0.248000 0.993934
0.252000 0.993964
0.256000 0.993994
0.260000 0.994026
0.264000 0.994057
0.268000 0.994090
0.272000 0.994123
0.276000 0.994156
0.280000 0.994190
0.284000 0.994225
0.288000 0.994260
0.292000 0.994296
0.296000 0.994332
0.300000 0.994369
0.304000 0.994406
0.308000 0.994444
0.312000 0.994482
0.316000 0.994521
0.320000 0.994561
0.324000 0.994600
0.328000 0.994641
0.332000 0.994682
0.336000 0.994723
0.340000 0.994765
0.344000 0.994807
0.348000 0.994850
0.352000 0.994893
0.356000 0.994937
0.360000 0.994981
0.364000 0.995025
0.368000 0.995070
0.372000 0.995115
0.376000 0.995160
0.380000 0.995206
0.384000 0.995253
0.388000 0.995299
0.392000 0.995346
0.396000 0.995393
0.400000 0.995441
0.404000 0.995489
0.408000 0.995537
0.412000 0.995585
0.416000 0.995634
0.420000 0.995682
0.424000 0.995731
0.428000 0.995780
0.432000 0.995830
0.436000 0.995879
0.440000 0.995929
0.444000 0.995979
0.448000 0.996029
0.452000 0.996079
0.456000 0.996129
0.460000 0.996179
0.464000 0.996229
0.468000 0.996279
0.472000 0.996329
0.476000 0.996380
0.480000 0.996430
0.484000 0.996480
0.488000 0.996530
0.492000 0.996580
0.496000 0.996630
0.500000 0.996680
0.504000 0.996730
0.508000 0.996780
0.512000 0.996829
0.516000 0.996879
0.520000 0.996928
0.524000 0.996977
0.528000 0.997026
0.532000 0.997075
0.536000 0.997123
0.540000 0.997171
0.544000 0.997219
0.548000 0.997267
0.552000 0.997314
0.556000 0.997361
0.560000 0.997408
0.564000 0.997455
0.568000 0.997501
0.572000 0.997547
0.576000 0.997592
0.580000 0.997637
0.584000 0.997682
0.588000 0.997727
0.592000 0.997771
0.596000 0.997814
0.600000 0.997857
0.604000 0.997900
0.608000 0.997943
0.612000 0.997984
0.616000 0.998026
0.620000 0.998067
0.624000 0.998108
0.628000 0.998148
0.632000 0.998187
0.636000 0.998226
0.640000 0.998265
0.644000 0.998303
0.648000 0.998341
0.652000 0.998378
0.656000 0.998415
0.660000 0.998451
0.664000 0.998487
0.668000 0.998522
0.672000 0.998557
0.676000 0.998591
0.680000 0.998625
0.684000 0.998658
0.688000 0.998690
0.692000 0.998723
0.696000 0.998754
0.700000 0.998785
0.704000 0.998816
0.708000 0.998846
0.712000 0.998875
0.716000 0.998904
0.720000 0.998933
0.724000 0.998961
0.728000 0.998988
0.732000 0.999015
0.736000 0.999042
0.740000 0.999068
0.744000 0.999093
0.748000 0.999118
0.752000 0.999142
0.756000 0.999166
0.760000 0.999190
0.764000 0.999213
0.768000 0.999235
0.772000 0.999257
0.776000 0.999279
0.780000 0.999300
0.784000 0.999320
0.788000 0.999340
0.792000 0.999360
0.796000 0.999379
0.800000 0.999398
0.804000 0.999416
0.808000 0.999434
0.812000 0.999452
0.816000 0.999469
0.820000 0.999485
0.824000 0.999501
0.828000 0.999517
0.832000 0.999533
0.836000 0.999548
0.840000 0.999562
0.844000 0.999576
0.848000 0.999590
0.852000 0.999604
0.856000 0.999617
0.860000 0.999630
0.864000 0.999642
0.868000 0.999654
0.872000 0.999666
0.876000 0.999677
0.880000 0.999688
0.884000 0.999699
0.888000 0.999710
0.892000 0.999720
0.896000 0.999730
0.900000 0.999739
0.904000 0.999749
0.908000 0.999758
0.912000 0.999766
0.916000 0.999775
0.920000 0.999783
0.924000 0.999791
0.928000 0.999799
0.932000 0.999806
0.936000 0.999813
0.940000 0.999821
0.944000 0.999827
0.948000 0.999834
0.952000 0.999840
0.956000 0.999847
0.960000 0.999853
0.964000 0.999859
0.968000 0.999864
0.972000 0.999870
0.976000 0.999876
0.980000 0.999882
0.984000 0.999888
0.988000 0.999895
0.992000 0.999902
0.996000 0.999911
1.000000 0.999921
