-1.000000 0.997928
-0.996000 0.997928
-0.992000 0.997928
-0.988000 0.997928
-0.984000 0.997928
-0.980000 0.997928
-0.976000 0.997928
-0.972000 0.997928
-0.968000 0.997928
-0.964000 0.997928
-0.960000 0.997928
-0.956000 0.997928
-0.952000 0.997928
-0.948000 0.997928
-0.944000 0.997928
-0.940000 0.997928
-0.936000 0.997928
-0.932000 0.997928
-0.928000 0.997928
-0.924000 0.997928
-0.920000 0.997928
-0.916000 0.997928
-0.912000 0.997928
-0.908000 0.997928
-0.904000 0.997928
-0.900000 0.997928
-0.896000 0.997928
-0.892000 0.997928
-0.888000 0.997928
-0.884000 0.997928
-0.880000 0.997928
-0.876000 0.997928
-0.872000 0.997928
-0.868000 0.997928
-0.864000 0.997928
-0.860000 0.997928
-0.856000 0.997928
-0.852000 0.997928
-0.848000 0.997928
-0.844000 0.997928
-0.840000 0.997928
-0.836000 0.997928
-0.832000 0.997928
-0.828000 0.997928
-0.824000 0.997928
-0.820000 0.997928
-0.816000 0.997928
-0.812000 0.997928
-0.808000 0.997928
-0.804000 0.997928
-0.800000 0.997928
-0.796000 0.997928
-0.792000 0.997928
-0.788000 0.997928
-0.784000 0.997928
-0.780000 0.997928
-0.776000 0.997928
-0.772000 0.997928
-0.768000 0.997928
-0.764000 0.997928
-0.760000 0.997928
-0.756000 0.997928
-0.752000 0.997928
-0.748000 0.997928
-0.744000 0.997928
-0.740000 0.997928
-0.736000 0.997928
-0.732000 0.997928
-0.728000 0.997928
-0.724000 0.997928
-0.720000 0.997928
-0.716000 0.997928
-0.712000 0.997928
-0.708000 0.997928
-0.704000 0.997928
-0.700000 0.997928
-0.696000 0.997928
-0.692000 0.997928
-0.688000 0.997928
-0.684000 0.997928
-0.680000 0.997928
-0.676000 0.997928
-0.672000 0.997928
-0.668000 0.997928
-0.664000 0.997928
-0.660000 0.997928
-0.656000 0.997928
-0.652000 0.997928
-0.648000 0.997928
-0.644000 0.997928
-0.640000 0.997928
-0.636000 0.997928
-0.632000 0.997928
-0.628000 0.997928
-0.624000 0.997928
-0.620000 0.997928
-0.616000 0.997928
-0.612000 0.997928
-0.608000 0.997928
-0.604000 0.997928
-0.600000 0.997928
-0.596000 0.997928
-0.592000 0.997928
-0.588000 0.997928
-0.584000 0.997928
-0.580000 0.997928
-0.576000 0.997928
-0.572000 0.997928
-0.568000 0.997928
-0.564000 0.997928
-0.560000 0.997928
-0.556000 0.997928
-0.552000 0.997928
-0.548000 0.997928
-0.544000 0.997928
-0.540000 0.997928
-0.536000 0.997928
-0.532000 0.997928
-0.528000 0.997928
-0.524000 0.997928
-0.520000 0.997928
-0.516000 0.997928
-0.512000 0.997928
-0.508000 0.997928
-0.504000 0.997928
-0.500000 0.997928
-0.496000 0.997928
-0.492000 0.997928
-0.488000 0.997928
-0.484000 0.997928
-0.480000 0.997928
-0.476000 0.997928
-0.472000 0.997928
-0.468000 0.997928
-0.464000 0.997928
-0.460000 0.997928
-0.456000 0.997928
-0.452000 0.997928
-0.448000 0.997928
-0.444000 0.997928
-0.440000 0.997928
-0.436000 0.997928
-0.432000 0.997928
-0.428000 0.997928
-0.424000 0.997928
-0.420000 0.997928
-0.416000 0.997928
-0.412000 0.997928
-0.408000 0.997928
-0.404000 0.997928
-0.400000 0.997928
-0.396000 0.997928
-0.392000 0.997928
-0.388000 0.997928
-0.384000 0.997928
-0.380000 0.997928
-0.376000 0.997928
-0.372000 0.997928
-0.368000 0.997928
-0.364000 0.997928
-0.360000 0.997928
-0.356000 0.997928
-0.352000 0.997928
-0.348000 0.997928
-0.344000 0.997928
-0.340000 0.997928
-0.336000 0.997928
-0.332000 0.997928
-0.328000 0.997928
-0.324000 0.997928
-0.320000 0.997928
-0.316000 0.997928
-0.312000 0.997928
-0.308000 0.997928
-0.304000 0.997928
-0.300000 0.997928
-0.296000 0.997928
-0.292000 0.997928
-0.288000 0.997928
-0.284000 0.997928
-0.280000 0.997928
-0.276000 0.997928
-0.272000 0.997928
-0.268000 0.997928
-0.264000 0.997928
-0.260000 0.997928
-0.256000 0.997928
-0.252000 0.997928
-0.248000 0.997928
-0.244000 0.997928
-0.240000 0.997928
-0.236000 0.997928
-0.232000 0.997928
-0.228000 0.997928
-0.224000 0.997928
-0.220000 0.997928
-0.216000 0.997928
-0.212000 0.997928
-0.208000 0.997928
-0.204000 0.997928
-0.200000 0.997928
-0.196000 0.997928
-0.192000 0.997928
-0.188000 0.997928
-0.184000 0.997928
-0.180000 0.997928
-0.176000 0.997928
-0.172000 0.997928
-0.168000 0.997928
-0.164000 0.997928
-0.160000 0.997928
-0.156000 0.997928
-0.152000 0.997928
-0.148000 0.997928
-0.144000 0.997928
-0.140000 0.997928
-0.136000 0.997928
-0.132000 0.997928
-0.128000 0.997928
-0.124000 0.997928
-0.120000 0.997928
-0.116000 0.997928
-0.112000 0.997928
-0.108000 0.997928
-0.104000 0.997928
-0.100000 0.997928
-0.096000 0.997928
-0.092000 0.997928
-0.088000 0.997928
-0.084000 0.997928
-0.080000 0.997928
-0.076000 0.997928
-0.072000 0.997928
-0.068000 0.997928
-0.064000 0.997928
-0.060000 0.997928
-0.056000 0.997928
-0.052000 0.997928
-0.048000 0.997928
-0.044000 0.997928
-0.040000 0.997928
-0.036000 0.997928
-0.032000 0.997928
-0.028000 0.997928
-0.024000 0.997928
-0.020000 0.997928
-0.016000 0.997928
-0.012000 0.997928
-0.008000 0.997928
-0.004000 0.997928
0.000000 0.997928
0.004000 0.997928
0.008000 0.997928
0.012000 0.997928
0.016000 0.997928
0.020000 0.997928
0.024000 0.997928
0.028000 0.997928
0.032000 0.997928
0.036000 0.997928
0.040000 0.997928
0.044000 0.997928
0.048000 0.997928
0.052000 0.997928
0.056000 0.997928
0.060000 0.997928
0.064000 0.997928
0.068000 0.997928
0.072000 0.997928
0.076000 0.997928
0.080000 0.997928
0.084000 0.997928
0.088000 0.997928
0.092000 0.997928
0.096000 0.997927
0.100000 0.997927
0.104000 0.997927
0.108000 0.997927
0.112000 0.997927
0.116000 0.997927
0.120000 0.997927
0.124000 0.997927
0.128000 0.997927
0.132000 0.997927
0.136000 0.997927
0.140000 0.997927
0.144000 0.997927
0.148000 0.997927
0.152000 0.997927
0.156000 0.997927
0.160000 0.997926
0.164000 0.997926
0.168000 0.997926
0.172000 0.997926
0.176000 0.997926
0.180000 0.997926
0.184000 0.997926
0.188000 0.997926
0.192000 0.997925
0.196000 0.997925
0.200000 0.997925
0.204000 0.997925
0.208000 0.997925
0.212000 0.997925
0.216000 0.997924
0.220000 0.997924
0.224000 0.997924
0.228000 0.997924
0.232000 0.997923
0.236000 0.997923
0.240000 0.997923
0.244000 0.997922
0.248000 0.997922
0.252000 0.997922
0.256000 0.997921
0.260000 0.997921
0.264000 0.997921
0.268000 0.997920
0.272000 0.997920
0.276000 0.997919
0.280000 0.997919
0.284000 0.997918
0.288000 0.997918
0.292000 0.997917
0.296000 0.997916
0.300000 0.997916
0.304000 0.997915
0.308000 0.997914
0.312000 0.997913
0.316000 0.997913
0.320000 0.997912
0.324000 0.997911
0.328000 0.997910
0.332000 0.997909
0.336000 0.997908
0.340000 0.997907
0.344000 0.997906
0.348000 0.997905
0.352000 0.997904
0.356000 0.997902
0.360000 0.997901
0.364000 0.997900
0.368000 0.997898
0.372000 0.997897
0.376000 0.997895
0.380000 0.997893
0.384000 0.997892
0.388000 0.997890
0.392000 0.997888
0.396000 0.997886
0.400000 0.997884
0.404000 0.997882
0.408000 0.997880
0.412000 0.997877
0.416000 0.997875
0.420000 0.997872
0.424000 0.997870
0.428000 0.997867
0.432000 0.997864
0.436000 0.997861
0.440000 0.997858
0.444000 0.997855
0.448000 0.997852
0.452000 0.997849
0.456000 0.997845
0.460000 0.997841
0.464000 0.997838
0.468000 0.997834
0.472000 0.997829
0.476000 0.997825
0.480000 0.997821
0.484000 0.997816
0.488000 0.997812
0.492000 0.997807
0.496000 0.997802
0.500000 0.997796
0.504000 0.997791
0.508000 0.997785
0.512000 0.997780
0.516000 0.997774
0.520000 0.997767
0.524000 0.997761
0.528000 0.997754
0.532000 0.997748
0.536000 0.997741
0.540000 0.997733
0.544000 0.997726
0.548000 0.997718
0.552000 0.997710
0.556000 0.997702
0.560000 0.997694
0.564000 0.997685
0.568000 0.997676
0.572000 0.997667
0.576000 0.997657
0.580000 0.997648
0.584000 0.997638
0.588000 0.997627
0.592000 0.997617
0.596000 0.997606
0.600000 0.997595
0.604000 0.997583
0.608000 0.997571
0.612000 0.997559
0.616000 0.997547
0.620000 0.997534
0.624000 0.997521
0.628000 0.997507
0.632000 0.997494
0.636000 0.997480
0.640000 0.997465
0.644000 0.997450
0.648000 0.997435
0.652000 0.997420
0.656000 0.997404
0.660000 0.997388
0.664000 0.997371
0.668000 0.997354
0.672000 0.997337
0.676000 0.997319
0.680000 0.997301
0.684000 0.997282
0.688000 0.997264
0.692000 0.997244
0.696000 0.997225
0.700000 0.997205
0.704000 0.997184
0.708000 0.997163
0.712000 0.997142
0.716000 0.997120
0.720000 0.997098
0.724000 0.997076
0.728000 0.997053
0.732000 0.997029
0.736000 0.997006
0.740000 0.996981
0.744000 0.996957
0.748000 0.996932
0.752000 0.996906
0.756000 0.996880
0.760000 0.996854
0.764000 0.996828
0.768000 0.996800
0.772000 0.996773
0.776000 0.996745
0.780000 0.996717
0.784000 0.996688
0.788000 0.996659
0.792000 0.996629
0.796000 0.996599
0.800000 0.996569
0.804000 0.996538
0.808000 0.996507
0.812000 0.996475
0.816000 0.996443
0.820000 0.996411
0.824000 0.996378
0.828000 0.996345
0.832000 0.996311
0.836000 0.996278
0.840000 0.996243
0.844000 0.996209
0.848000 0.996174
0.852000 0.996139
0.856000 0.996103
0.860000 0.996067
0.864000 0.996031
0.868000 0.995994
0.872000 0.995957
0.876000 0.995920
0.880000 0.995882
0.884000 0.995844
0.888000 0.995806
0.892000 0.995767
0.896000 0.995729
0.900000 0.995690
0.904000 0.995650
0.908000 0.995611
0.912000 0.995571
0.916000 0.995531
0.920000 0.995491
0.924000 0.995450
0.928000 0.995409
0.932000 0.995368
0.936000 0.995327
0.940000 0.995285
0.944000 0.995243
0.948000 0.995201
0.952000 0.995158
0.956000 0.995115
0.960000 0.995070
0.964000 0.995025
0.968000 0.994979
0.972000 0.994930
0.976000 0.994879
0.980000 0.994825
0.984000 0.994766
0.988000 0.994700
0.992000 0.994625
0.996000 0.994537
1.000000 0.994431
