-1.000000 0.991037
-0.996000 0.991037
-0.992000 0.991037
-0.988000 0.991037
-0.984000 0.991037
-0.980000 0.991037
-0.976000 0.991037
-0.972000 0.991037
-0.968000 0.991037
-0.964000 0.991037
-0.960000 0.991037
-0.956000 0.991037
-0.952000 0.991037
-0.948000 0.991037
-0.944000 0.991037
-0.940000 0.991037
-0.936000 0.991037
-0.932000 0.991037
-0.928000 0.991037
-0.924000 0.991037
-0.920000 0.991037
-0.916000 0.991037
-0.912000 0.991037
-0.908000 0.991037
-0.904000 0.991037
-0.900000 0.991037
-0.896000 0.991037
-0.892000 0.991037
-0.888000 0.991037
-0.884000 0.991037
-0.880000 0.991037
-0.876000 0.991037
-0.872000 0.991037
-0.868000 0.991037
-0.864000 0.991037
-0.860000 0.991037
-0.856000 0.991037
-0.852000 0.991037
-0.848000 0.991037
-0.844000 0.991037
-0.840000 0.991037
-0.836000 0.991037
-0.832000 0.991037
-0.828000 0.991037
-0.824000 0.991037
-0.820000 0.991037
-0.816000 0.991037
-0.812000 0.991037
-0.808000 0.991037
-0.804000 0.991037
-0.800000 0.991037
-0.796000 0.991037
-0.792000 0.991037
-0.788000 0.991037
-0.784000 0.991037
-0.780000 0.991037
-0.776000 0.991037
-0.772000 0.991037
-0.768000 0.991037
-0.764000 0.991037
-0.760000 0.991037
-0.756000 0.991037
-0.752000 0.991037
-0.748000 0.991037
-0.744000 0.991037
-0.740000 0.991037
-0.736000 0.991037
-0.732000 0.991037
-0.728000 0.991037
-0.724000 0.991037
-0.720000 0.991038
-0.716000 0.991038
-0.712000 0.991038
-0.708000 0.991038
-0.704000 0.991038
-0.700000 0.991038
-0.696000 0.991038
-0.692000 0.991038
-0.688000 0.991038
-0.684000 0.991038
-0.680000 0.991039
-0.676000 0.991039
-0.672000 0.991039
-0.668000 0.991039
-0.664000 0.991039
-0.660000 0.991040
-0.656000 0.991040
-0.652000 0.991040
-0.648000 0.991041
-0.644000 0.991041
-0.640000 0.991041
-0.636000 0.991042
-0.632000 0.991042
-0.628000 0.991043
-0.624000 0.991044
-0.620000 0.991044
-0.616000 0.991045
-0.612000 0.991046
-0.608000 0.991046
-0.604000 0.991047
-0.600000 0.991048
-0.596000 0.991049
-0.592000 0.991050
-0.588000 0.991051
-0.584000 0.991053
-0.580000 0.991054
-0.576000 0.991056
-0.572000 0.991057
-0.568000 0.991059
-0.564000 0.991061
-0.560000 0.991063
-0.556000 0.991065
-0.552000 0.991067
-0.548000 0.991069
-0.544000 0.991072
-0.540000 0.991074
-0.536000 0.991077
-0.532000 0.991080
-0.528000 0.991084
-0.524000 0.991087
-0.520000 0.991091
-0.516000 0.991095
-0.512000 0.991099
-0.508000 0.991103
-0.504000 0.991108
-0.500000 0.991112
-0.496000 0.991118
-0.492000 0.991123
-0.488000 0.991129
-0.484000 0.991135
-0.480000 0.991141
-0.476000 0.991148
-0.472000 0.991155
-0.468000 0.991162
-0.464000 0.991170
-0.460000 0.991178
-0.456000 0.991186
-0.452000 0.991195
-0.448000 0.991204
-0.444000 0.991214
-0.440000 0.991224
-0.436000 0.991235
-0.432000 0.991246
-0.428000 0.991257
-0.424000 0.991269
-0.420000 0.991282
-0.416000 0.991295
-0.412000 0.991308
-0.408000 0.991322
-0.404000 0.991337
-0.400000 0.991352
-0.396000 0.991367
-0.392000 0.991383
-0.388000 0.991400
-0.384000 0.991417
-0.380000 0.991435
-0.376000 0.991453
-0.372000 0.991472
-0.368000 0.991491
-0.364000 0.991511
-0.360000 0.991532
-0.356000 0.991553
-0.352000 0.991575
-0.348000 0.991597
-0.344000 0.991620
-0.340000 0.991643
-0.336000 0.991668
-0.332000 0.991692
-0.328000 0.991717
-0.324000 0.991743
-0.320000 0.991770
-0.316000 0.991796
-0.312000 0.991824
-0.308000 0.991852
-0.304000 0.991880
-0.300000 0.991909
-0.296000 0.991939
-0.292000 0.991969
-0.288000 0.991999
-0.284000 0.992030
-0.280000 0.992062
-0.276000 0.992094
-0.272000 0.992126
-0.268000 0.992159
-0.264000 0.992192
-0.260000 0.992226
-0.256000 0.992260
-0.252000 0.992294
-0.248000 0.992329
-0.244000 0.992364
-0.240000 0.992399
-0.236000 0.992434
-0.232000 0.992470
-0.228000 0.992506
-0.224000 0.992542
-0.220000 0.992579
-0.216000 0.992615
-0.212000 0.992652
-0.208000 0.992689
-0.204000 0.992726
-0.200000 0.992763
-0.196000 0.992800
-0.192000 0.992838
-0.188000 0.992875
-0.184000 0.992912
-0.180000 0.992949
-0.176000 0.992986
-0.172000 0.993023
-0.168000 0.993061
-0.164000 0.993097
-0.160000 0.993134
-0.156000 0.993171
-0.152000 0.993207
-0.148000 0.993244
-0.144000 0.993280
-0.140000 0.993315
-0.136000 0.993351
-0.132000 0.993386
-0.128000 0.993421
-0.124000 0.993456
-0.120000 0.993491
-0.116000 0.993525
-0.112000 0.993558
-0.108000 0.993592
-0.104000 0.993625
-0.100000 0.993657
-0.096000 0.993690
-0.092000 0.993722
-0.088000 0.993753
-0.084000 0.993784
-0.080000 0.993814
-0.076000 0.993844
-0.072000 0.993874
-0.068000 0.993903
-0.064000 0.993932
-0.060000 0.993960
-0.056000 0.993988
-0.052000 0.994015
-0.048000 0.994042
-0.044000 0.994068
-0.040000 0.994093
-0.036000 0.994119
-0.032000 0.994143
-0.028000 0.994167
-0.024000 0.994191
-0.020000 0.994214
-0.016000 0.994237
-0.012000 0.994259
-0.008000 0.994280
-0.004000 0.994301
0.000000 0.994322
0.004000 0.994342
0.008000 0.994361
0.012000 0.994380
0.016000 0.994399
0.020000 0.994417
0.024000 0.994434
0.028000 0.994451
0.032000 0.994468
0.036000 0.994484
0.040000 0.994500
0.044000 0.994515
0.048000 0.994530
0.052000 0.994544
0.056000 0.994558
0.060000 0.994571
0.064000 0.994584
0.068000 0.994597
0.072000 0.994609
0.076000 0.994620
0.080000 0.994632
0.084000 0.994643
0.088000 0.994653
0.092000 0.994664
0.096000 0.994674
0.100000 0.994683
0.104000 0.994692
0.108000 0.994701
0.112000 0.994710
0.116000 0.994718
0.120000 0.994726
0.124000 0.994733
0.128000 0.994741
0.132000 0.994748
0.136000 0.994754
0.140000 0.994761
0.144000 0.994767
0.148000 0.994773
0.152000 0.994779
0.156000 0.994784
0.160000 0.994789
0.164000 0.994794
0.168000 0.994799
0.172000 0.994804
0.176000 0.994808
0.180000 0.994812
0.184000 0.994816
0.188000 0.994820
0.192000 0.994824
0.196000 0.994828
0.200000 0.994831
0.204000 0.994834
0.208000 0.994837
0.212000 0.994840
0.216000 0.994843
0.220000 0.994845
0.224000 0.994848
0.228000 0.994850
0.232000 0.994853
0.236000 0.994855
0.240000 0.994857
0.244000 0.994859
0.248000 0.994861
0.252000 0.994862
0.256000 0.994864
0.260000 0.994866
0.264000 0.994867
0.268000 0.994869
0.272000 0.994870
0.276000 0.994871
0.280000 0.994872
0.284000 0.994874
0.288000 0.994875
0.292000 0.994876
0.296000 0.994877
0.300000 0.994878
0.304000 0.994878
0.308000 0.994879
0.312000 0.994880
0.316000 0.994881
0.320000 0.994881
0.324000 0.994882
0.328000 0.994883
0.332000 0.994883
0.336000 0.994884
0.340000 0.994884
0.344000 0.994885
0.348000 0.994885
0.352000 0.994886
0.356000 0.994886
0.360000 0.994886
0.364000 0.994887
0.368000 0.994887
0.372000 0.994888
0.376000 0.994888
0.380000 0.994888
0.384000 0.994888
0.388000 0.994889
0.392000 0.994889
0.396000 0.994889
0.400000 0.994889
0.404000 0.994889
0.408000 0.994890
0.412000 0.994890
0.416000 0.994890
0.420000 0.994890
0.424000 0.994890
0.428000 0.994890
0.432000 0.994890
0.436000 0.994891
0.440000 0.994891
0.444000 0.994891
0.448000 0.994891
0.452000 0.994891
0.456000 0.994891
0.460000 0.994891
0.464000 0.994891
0.468000 0.994891
0.472000 0.994891
0.476000 0.994891
0.480000 0.994891
0.484000 0.994891
0.488000 0.994891
0.492000 0.994891
0.496000 0.994892
0.500000 0.994892
0.504000 0.994892
0.508000 0.994892
0.512000 0.994892
0.516000 0.994892
0.520000 0.994892
0.524000 0.994892
0.528000 0.994892
0.532000 0.994892
0.536000 0.994892
0.540000 0.994892
0.544000 0.994892
0.548000 0.994892
0.552000 0.994892
0.556000 0.994892
0.560000 0.994892
0.564000 0.994892
0.568000 0.994892
0.572000 0.994892
0.576000 0.994892
0.580000 0.994892
0.584000 0.994892
0.588000 0.994892
0.592000 0.994892
0.596000 0.994892
0.600000 0.994892
0.604000 0.994892
0.608000 0.994892
0.612000 0.994892
0.616000 0.994892
0.620000 0.994892
0.624000 0.994892
0.628000 0.994892
0.632000 0.994892
0.636000 0.994892
0.640000 0.994892
0.644000 0.994892
0.648000 0.994892
0.652000 0.994892
0.656000 0.994892
0.660000 0.994892
0.664000 0.994892
0.668000 0.994892
0.672000 0.994892
0.676000 0.994892
0.680000 0.994892
0.684000 0.994892
0.688000 0.994892
0.692000 0.994892
0.696000 0.994892
0.700000 0.994892
0.704000 0.994892
0.708000 0.994892
0.712000 0.994892
0.716000 0.994892
0.720000 0.994892
0.724000 0.994892
0.728000 0.994892
0.732000 0.994892
0.736000 0.994892
0.740000 0.994892
0.744000 0.994892
0.748000 0.994892
0.752000 0.994892
0.756000 0.994892
0.760000 0.994892
0.764000 0.994892
0.768000 0.994892
0.772000 0.994892
0.776000 0.994892
0.780000 0.994892
0.784000 0.994892
0.788000 0.994892
0.792000 0.994892
0.796000 0.994892
0.800000 0.994892
0.804000 0.994892
0.808000 0.994892
0.812000 0.994892
0.816000 0.994892
0.820000 0.994892
0.824000 0.994892
0.828000 0.994892
0.832000 0.994892
0.836000 0.994892
0.840000 0.994892
0.844000 0.994892
0.848000 0.994892
0.852000 0.994892
0.856000 0.994892
0.860000 0.994892
0.864000 0.994892
0.868000 0.994892
0.872000 0.994892
0.876000 0.994892
0.880000 0.994892
0.884000 0.994892
0.888000 0.994892
0.892000 0.994892
0.896000 0.994892
0.900000 0.994892
0.904000 0.994892
0.908000 0.994892
0.912000 0.994892
0.916000 0.994892
0.920000 0.994892
0.924000 0.994892
0.928000 0.994892
0.932000 0.994892
0.936000 0.994892
0.940000 0.994892
0.944000 0.994892
0.948000 0.994892
0.952000 0.994892
0.956000 0.994892
0.960000 0.994892
0.964000 0.994892
0.968000 0.994892
0.972000 0.994892
0.976000 0.994892
0.980000 0.994892
0.984000 0.994892
0.988000 0.994892
0.992000 0.994892
0.996000 0.994892
1.000000 0.994892
