-1.000000 0.991037
-0.996000 0.991037
-0.992000 0.991037
-0.988000 0.991037
-0.984000 0.991037
-0.980000 0.991037
-0.976000 0.991037
-0.972000 0.991037
-0.968000 0.991037
-0.964000 0.991037
-0.960000 0.991037
-0.956000 0.991037
-0.952000 0.991037
-0.948000 0.991037
-0.944000 0.991037
-0.940000 0.991037
-0.936000 0.991037
-0.932000 0.991037
-0.928000 0.991037
-0.924000 0.991037
-0.920000 0.991037
-0.916000 0.991037
-0.912000 0.991037
-0.908000 0.991037
-0.904000 0.991037
-0.900000 0.991037
-0.896000 0.991037
-0.892000 0.991037
-0.888000 0.991037
-0.884000 0.991037
-0.880000 0.991037
-0.876000 0.991037
-0.872000 0.991037
-0.868000 0.991037
-0.864000 0.991037
-0.860000 0.991037
-0.856000 0.991037
-0.852000 0.991037
-0.848000 0.991037
-0.844000 0.991037
-0.840000 0.991037
-0.836000 0.991037
-0.832000 0.991037
-0.828000 0.991037
-0.824000 0.991037
-0.820000 0.991037
-0.816000 0.991037
-0.812000 0.991037
-0.808000 0.991037
-0.804000 0.991037
-0.800000 0.991037
-0.796000 0.991037
-0.792000 0.991037
-0.788000 0.991038
-0.784000 0.991038
-0.780000 0.991038
-0.776000 0.991038
-0.772000 0.991038
-0.768000 0.991038
-0.764000 0.991038
-0.760000 0.991038
-0.756000 0.991038
-0.752000 0.991039
-0.748000 0.991039
-0.744000 0.991039
-0.740000 0.991039
-0.736000 0.991039
-0.732000 0.991040
-0.728000 0.991040
-0.724000 0.991040
-0.720000 0.991041
-0.716000 0.991041
-0.712000 0.991042
-0.708000 0.991042
-0.704000 0.991043
-0.700000 0.991043
-0.696000 0.991044
-0.692000 0.991045
-0.688000 0.991046
-0.684000 0.991046
-0.680000 0.991047
-0.676000 0.991048
-0.672000 0.991050
-0.668000 0.991051
-0.664000 0.991052
-0.660000 0.991053
-0.656000 0.991055
-0.652000 0.991057
-0.648000 0.991059
-0.644000 0.991060
-0.640000 0.991063
-0.636000 0.991065
-0.632000 0.991067
-0.628000 0.991070
-0.624000 0.991073
-0.620000 0.991076
-0.616000 0.991079
-0.612000 0.991082
-0.608000 0.991086
-0.604000 0.991090
-0.600000 0.991094
-0.596000 0.991099
-0.592000 0.991103
-0.588000 0.991108
-0.584000 0.991114
-0.580000 0.991119
-0.576000 0.991125
-0.572000 0.991132
-0.568000 0.991138
-0.564000 0.991146
-0.560000 0.991153
-0.556000 0.991161
-0.552000 0.991169
-0.548000 0.991178
-0.544000 0.991187
-0.540000 0.991197
-0.536000 0.991207
-0.532000 0.991218
-0.528000 0.991229
-0.524000 0.991241
-0.520000 0.991253
-0.516000 0.991266
-0.512000 0.991279
-0.508000 0.991293
-0.504000 0.991308
-0.500000 0.991323
-0.496000 0.991339
-0.492000 0.991355
-0.488000 0.991372
-0.484000 0.991389
-0.480000 0.991408
-0.476000 0.991427
-0.472000 0.991446
-0.468000 0.991466
-0.464000 0.991487
-0.460000 0.991509
-0.456000 0.991531
-0.452000 0.991554
-0.448000 0.991578
-0.444000 0.991602
-0.440000 0.991627
-0.436000 0.991652
-0.432000 0.991679
-0.428000 0.991706
-0.424000 0.991733
-0.420000 0.991762
-0.416000 0.991791
-0.412000 0.991820
-0.408000 0.991850
-0.404000 0.991881
-0.400000 0.991913
-0.396000 0.991945
-0.392000 0.991977
-0.388000 0.992010
-0.384000 0.992044
-0.380000 0.992078
-0.376000 0.992113
-0.372000 0.992148
-0.368000 0.992184
-0.364000 0.992220
-0.360000 0.992257
-0.356000 0.992294
-0.352000 0.992331
-0.348000 0.992369
-0.344000 0.992407
-0.340000 0.992445
-0.336000 0.992484
-0.332000 0.992523
-0.328000 0.992562
-0.324000 0.992601
-0.320000 0.992641
-0.316000 0.992681
-0.312000 0.992720
-0.308000 0.992760
-0.304000 0.992800
-0.300000 0.992840
-0.296000 0.992881
-0.292000 0.992921
-0.288000 0.992961
-0.284000 0.993001
-0.280000 0.993041
-0.276000 0.993080
-0.272000 0.993120
-0.268000 0.993159
-0.264000 0.993199
-0.260000 0.993238
-0.256000 0.993277
-0.252000 0.993315
-0.248000 0.993353
-0.244000 0.993391
-0.240000 0.993429
-0.236000 0.993466
-0.232000 0.993503
-0.228000 0.993540
-0.224000 0.993576
-0.220000 0.993611
-0.216000 0.993647
-0.212000 0.993681
-0.208000 0.993716
-0.204000 0.993749
-0.200000 0.993783
-0.196000 0.993816
-0.192000 0.993848
-0.188000 0.993879
-0.184000 0.993911
-0.180000 0.993941
-0.176000 0.993971
-0.172000 0.994001
-0.168000 0.994030
-0.164000 0.994058
-0.160000 0.994086
-0.156000 0.994113
-0.152000 0.994139
-0.148000 0.994165
-0.144000 0.994191
-0.140000 0.994215
-0.136000 0.994239
-0.132000 0.994263
-0.128000 0.994286
-0.124000 0.994308
-0.120000 0.994330
-0.116000 0.994351
-0.112000 0.994372
-0.108000 0.994392
-0.104000 0.994411
-0.100000 0.994430
-0.096000 0.994449
-0.092000 0.994466
-0.088000 0.994484
-0.084000 0.994500
-0.080000 0.994517
-0.076000 0.994532
-0.072000 0.994547
-0.068000 0.994562
-0.064000 0.994576
-0.060000 0.994590
-0.056000 0.994603
-0.052000 0.994616
-0.048000 0.994628
-0.044000 0.994640
-0.040000 0.994651
-0.036000 0.994662
-0.032000 0.994673
-0.028000 0.994683
-0.024000 0.994693
-0.020000 0.994702
-0.016000 0.994711
-0.012000 0.994720
-0.008000 0.994728
-0.004000 0.994736
0.000000 0.994744
0.004000 0.994751
0.008000 0.994758
0.012000 0.994765
0.016000 0.994772
0.020000 0.994778
0.024000 0.994784
0.028000 0.994789
0.032000 0.994795
0.036000 0.994800
0.040000 0.994805
0.044000 0.994809
0.048000 0.994814
0.052000 0.994818
0.056000 0.994822
0.060000 0.994826
0.064000 0.994829
0.068000 0.994833
0.072000 0.994836
0.076000 0.994839
0.080000 0.994842
0.084000 0.994845
0.088000 0.994848
0.092000 0.994850
0.096000 0.994853
0.100000 0.994855
0.104000 0.994857
0.108000 0.994859
0.112000 0.994861
0.116000 0.994863
0.120000 0.994865
0.124000 0.994866
0.128000 0.994868
0.132000 0.994869
0.136000 0.994871
0.140000 0.994872
0.144000 0.994873
0.148000 0.994875
0.152000 0.994876
0.156000 0.994877
0.160000 0.994878
0.164000 0.994879
0.168000 0.994879
0.172000 0.994880
0.176000 0.994881
0.180000 0.994882
0.184000 0.994882
0.188000 0.994883
0.192000 0.994884
0.196000 0.994884
0.200000 0.994885
0.204000 0.994885
0.208000 0.994886
0.212000 0.994886
0.216000 0.994886
0.220000 0.994887
0.224000 0.994887
0.228000 0.994888
0.232000 0.994888
0.236000 0.994888
0.240000 0.994888
0.244000 0.994889
0.248000 0.994889
0.252000 0.994889
0.256000 0.994889
0.260000 0.994890
0.264000 0.994890
0.268000 0.994890
0.272000 0.994890
0.276000 0.994890
0.280000 0.994890
0.284000 0.994890
0.288000 0.994891
0.292000 0.994891
0.296000 0.994891
0.300000 0.994891
0.304000 0.994891
0.308000 0.994891
0.312000 0.994891
0.316000 0.994891
0.320000 0.994891
0.324000 0.994891
0.328000 0.994891
0.332000 0.994891
0.336000 0.994891
0.340000 0.994891
0.344000 0.994892
0.348000 0.994892
0.352000 0.994892
0.356000 0.994892
0.360000 0.994892
0.364000 0.994892
0.368000 0.994892
0.372000 0.994892
0.376000 0.994892
0.380000 0.994892
0.384000 0.994892
0.388000 0.994892
0.392000 0.994892
0.396000 0.994892
0.400000 0.994892
0.404000 0.994892
0.408000 0.994892
0.412000 0.994892
0.416000 0.994892
0.420000 0.994892
0.424000 0.994892
0.428000 0.994892
0.432000 0.994892
0.436000 0.994892
0.440000 0.994892
0.444000 0.994892
0.448000 0.994892
0.452000 0.994892
0.456000 0.994892
0.460000 0.994892
0.464000 0.994892
0.468000 0.994892
0.472000 0.994892
0.476000 0.994892
0.480000 0.994892
0.484000 0.994892
0.488000 0.994892
0.492000 0.994892
0.496000 0.994892
0.500000 0.994892
0.504000 0.994892
0.508000 0.994892
0.512000 0.994892
0.516000 0.994892
0.520000 0.994892
0.524000 0.994892
0.528000 0.994892
0.532000 0.994892
0.536000 0.994892
0.540000 0.994892
0.544000 0.994892
0.548000 0.994892
0.552000 0.994892
0.556000 0.994892
0.560000 0.994892
0.564000 0.994892
0.568000 0.994892
0.572000 0.994892
0.576000 0.994892
0.580000 0.994892
0.584000 0.994892
0.588000 0.994892
0.592000 0.994892
0.596000 0.994892
0.600000 0.994892
0.604000 0.994892
0.608000 0.994892
0.612000 0.994892
0.616000 0.994892
0.620000 0.994892
0.624000 0.994892
0.628000 0.994892
0.632000 0.994892
0.636000 0.994892
0.640000 0.994892
0.644000 0.994892
0.648000 0.994892
0.652000 0.994892
0.656000 0.994892
0.660000 0.994892
0.664000 0.994892
0.668000 0.994892
0.672000 0.994892
0.676000 0.994892
0.680000 0.994892
0.684000 0.994892
0.688000 0.994892
0.692000 0.994892
0.696000 0.994892
0.700000 0.994892
0.704000 0.994892
0.708000 0.994892
0.712000 0.994892
0.716000 0.994892
0.720000 0.994892
0.724000 0.994892
0.728000 0.994892
0.732000 0.994892
0.736000 0.994892
0.740000 0.994892
0.744000 0.994892
0.748000 0.994892
0.752000 0.994892
0.756000 0.994892
0.760000 0.994892
0.764000 0.994892
0.768000 0.994892
0.772000 0.994892
0.776000 0.994892
0.780000 0.994892
0.784000 0.994892
0.788000 0.994892
0.792000 0.994892
0.796000 0.994892
0.800000 0.994892
0.804000 0.994892
0.808000 0.994892
0.812000 0.994892
0.816000 0.994892
0.820000 0.994892
0.824000 0.994892
0.828000 0.994892
0.832000 0.994892
0.836000 0.994892
0.840000 0.994892
0.844000 0.994892
0.848000 0.994892
0.852000 0.994892
0.856000 0.994892
0.860000 0.994892
0.864000 0.994892
0.868000 0.994892
0.872000 0.994892
0.876000 0.994892
0.880000 0.994892
0.884000 0.994892
0.888000 0.994892
0.892000 0.994892
0.896000 0.994892
0.900000 0.994892
0.904000 0.994892
0.908000 0.994892
0.912000 0.994892
0.916000 0.994892
0.920000 0.994892
0.924000 0.994892
0.928000 0.994892
0.932000 0.994892
0.936000 0.994892
0.940000 0.994892
0.944000 0.994892
0.948000 0.994892
0.952000 0.994892
0.956000 0.994892
0.960000 0.994892
0.964000 0.994892
0.968000 0.994892
0.972000 0.994892
0.976000 0.994892
0.980000 0.994892
0.984000 0.994892
0.988000 0.994892
0.992000 0.994892
0.996000 0.994892
1.000000 0.994892
