-1.000000 0.991037
-0.996000 0.991037
-0.992000 0.991037
-0.988000 0.991037
-0.984000 0.991037
-0.980000 0.991037
-0.976000 0.991037
-0.972000 0.991037
-0.968000 0.991037
-0.964000 0.991037
-0.960000 0.991037
-0.956000 0.991037
-0.952000 0.991037
-0.948000 0.991037
-0.944000 0.991037
-0.940000 0.991037
-0.936000 0.991037
-0.932000 0.991037
-0.928000 0.991037
-0.924000 0.991037
-0.920000 0.991037
-0.916000 0.991037
-0.912000 0.991037
-0.908000 0.991037
-0.904000 0.991037
-0.900000 0.991037
-0.896000 0.991037
-0.892000 0.991037
-0.888000 0.991037
-0.884000 0.991037
-0.880000 0.991037
-0.876000 0.991037
-0.872000 0.991037
-0.868000 0.991037
-0.864000 0.991037
-0.860000 0.991037
-0.856000 0.991037
-0.852000 0.991037
-0.848000 0.991037
-0.844000 0.991037
-0.840000 0.991037
-0.836000 0.991037
-0.832000 0.991037
-0.828000 0.991037
-0.824000 0.991037
-0.820000 0.991037
-0.816000 0.991037
-0.812000 0.991037
-0.808000 0.991037
-0.804000 0.991037
-0.800000 0.991037
-0.796000 0.991037
-0.792000 0.991037
-0.788000 0.991037
-0.784000 0.991037
-0.780000 0.991037
-0.776000 0.991037
-0.772000 0.991037
-0.768000 0.991037
-0.764000 0.991037
-0.760000 0.991037
-0.756000 0.991037
-0.752000 0.991037
-0.748000 0.991037
-0.744000 0.991037
-0.740000 0.991037
-0.736000 0.991037
-0.732000 0.991037
-0.728000 0.991037
-0.724000 0.991037
-0.720000 0.991037
-0.716000 0.991037
-0.712000 0.991037
-0.708000 0.991037
-0.704000 0.991037
-0.700000 0.991037
-0.696000 0.991037
-0.692000 0.991037
-0.688000 0.991037
-0.684000 0.991037
-0.680000 0.991037
-0.676000 0.991037
-0.672000 0.991037
-0.668000 0.991037
-0.664000 0.991037
-0.660000 0.991037
-0.656000 0.991037
-0.652000 0.991037
-0.648000 0.991037
-0.644000 0.991037
-0.640000 0.991037
-0.636000 0.991037
-0.632000 0.991037
-0.628000 0.991037
-0.624000 0.991037
-0.620000 0.991037
-0.616000 0.991037
-0.612000 0.991037
-0.608000 0.991037
-0.604000 0.991037
-0.600000 0.991037
-0.596000 0.991037
-0.592000 0.991037
-0.588000 0.991037
-0.584000 0.991037
-0.580000 0.991037
-0.576000 0.991037
-0.572000 0.991037
-0.568000 0.991037
-0.564000 0.991037
-0.560000 0.991037
-0.556000 0.991037
-0.552000 0.991037
-0.548000 0.991037
-0.544000 0.991037
-0.540000 0.991037
-0.536000 0.991037
-0.532000 0.991037
-0.528000 0.991037
-0.524000 0.991037
-0.520000 0.991037
-0.516000 0.991037
-0.512000 0.991037
-0.508000 0.991037
-0.504000 0.991037
-0.500000 0.991037
-0.496000 0.991037
-0.492000 0.991037
-0.488000 0.991037
-0.484000 0.991037
-0.480000 0.991037
-0.476000 0.991037
-0.472000 0.991037
-0.468000 0.991037
-0.464000 0.991037
-0.460000 0.991037
-0.456000 0.991037
-0.452000 0.991037
-0.448000 0.991037
-0.444000 0.991037
-0.440000 0.991037
-0.436000 0.991037
-0.432000 0.991037
-0.428000 0.991037
-0.424000 0.991037
-0.420000 0.991037
-0.416000 0.991037
-0.412000 0.991037
-0.408000 0.991037
-0.404000 0.991037
-0.400000 0.991037
-0.396000 0.991037
-0.392000 0.991037
-0.388000 0.991037
-0.384000 0.991037
-0.380000 0.991037
-0.376000 0.991037
-0.372000 0.991037
-0.368000 0.991037
-0.364000 0.991037
-0.360000 0.991037
-0.356000 0.991037
-0.352000 0.991037
-0.348000 0.991037
-0.344000 0.991037
-0.340000 0.991037
-0.336000 0.991037
-0.332000 0.991037
-0.328000 0.991037
-0.324000 0.991037
-0.320000 0.991037
-0.316000 0.991037
-0.312000 0.991037
-0.308000 0.991037
-0.304000 0.991037
-0.300000 0.991037
-0.296000 0.991037
-0.292000 0.991037
-0.288000 0.991037
-0.284000 0.991037
-0.280000 0.991037
-0.276000 0.991037
-0.272000 0.991037
-0.268000 0.991037
-0.264000 0.991037
-0.260000 0.991037
-0.256000 0.991037
-0.252000 0.991037
-0.248000 0.991037
-0.244000 0.991037
-0.240000 0.991037
-0.236000 0.991037
-0.232000 0.991037
-0.228000 0.991037
-0.224000 0.991037
-0.220000 0.991037
-0.216000 0.991037
-0.212000 0.991037
-0.208000 0.991037
-0.204000 0.991037
-0.200000 0.991037
-0.196000 0.991037
-0.192000 0.991037
-0.188000 0.991037
-0.184000 0.991037
-0.180000 0.991037
-0.176000 0.991037
-0.172000 0.991037
-0.168000 0.991037
-0.164000 0.991037
-0.160000 0.991037
-0.156000 0.991037
-0.152000 0.991037
-0.148000 0.991037
-0.144000 0.991037
-0.140000 0.991037
-0.136000 0.991037
-0.132000 0.991037
-0.128000 0.991037
-0.124000 0.991037
-0.120000 0.991037
-0.116000 0.991037
-0.112000 0.991037
-0.108000 0.991037
-0.104000 0.991037
-0.100000 0.991037
-0.096000 0.991037
-0.092000 0.991037
-0.088000 0.991037
-0.084000 0.991037
-0.080000 0.991037
-0.076000 0.991037
-0.072000 0.991037
-0.068000 0.991037
-0.064000 0.991037
-0.060000 0.991037
-0.056000 0.991037
-0.052000 0.991037
-0.048000 0.991037
-0.044000 0.991038
-0.040000 0.991038
-0.036000 0.991038
-0.032000 0.991038
-0.028000 0.991038
-0.024000 0.991038
-0.020000 0.991038
-0.016000 0.991038
-0.012000 0.991038
-0.008000 0.991038
-0.004000 0.991038
0.000000 0.991038
0.004000 0.991038
0.008000 0.991038
0.012000 0.991038
0.016000 0.991038
0.020000 0.991039
0.024000 0.991039
0.028000 0.991039
0.032000 0.991039
0.036000 0.991039
0.040000 0.991039
0.044000 0.991039
0.048000 0.991040
0.052000 0.991040
0.056000 0.991040
0.060000 0.991040
0.064000 0.991040
0.068000 0.991040
0.072000 0.991041
0.076000 0.991041
0.080000 0.991041
0.084000 0.991041
0.088000 0.991042
0.092000 0.991042
0.096000 0.991042
0.100000 0.991043
0.104000 0.991043
0.108000 0.991043
0.112000 0.991044
0.116000 0.991044
0.120000 0.991044
0.124000 0.991045
0.128000 0.991045
0.132000 0.991046
0.136000 0.991046
0.140000 0.991047
0.144000 0.991048
0.148000 0.991048
0.152000 0.991049
0.156000 0.991049
0.160000 0.991050
0.164000 0.991051
0.168000 0.991052
0.172000 0.991052
0.176000 0.991053
0.180000 0.991054
0.184000 0.991055
0.188000 0.991056
0.192000 0.991057
0.196000 0.991058
0.200000 0.991059
0.204000 0.991060
0.208000 0.991061
0.212000 0.991063
0.216000 0.991064
0.220000 0.991065
0.224000 0.991067
0.228000 0.991068
0.232000 0.991070
0.236000 0.991071
0.240000 0.991073
0.244000 0.991075
0.248000 0.991077
0.252000 0.991079
0.256000 0.991081
0.260000 0.991083
0.264000 0.991085
0.268000 0.991087
0.272000 0.991089
0.276000 0.991092
0.280000 0.991094
0.284000 0.991097
0.288000 0.991100
0.292000 0.991102
0.296000 0.991105
0.300000 0.991108
0.304000 0.991112
0.308000 0.991115
0.312000 0.991118
0.316000 0.991122
0.320000 0.991125
0.324000 0.991129
0.328000 0.991133
0.332000 0.991137
0.336000 0.991141
0.340000 0.991145
0.344000 0.991149
0.348000 0.991154
0.352000 0.991159
0.356000 0.991164
0.360000 0.991169
0.364000 0.991174
0.368000 0.991179
0.372000 0.991185
0.376000 0.991190
0.380000 0.991196
0.384000 0.991202
0.388000 0.991208
0.392000 0.991214
0.396000 0.991221
0.400000 0.991228
0.404000 0.991235
0.408000 0.991242
0.412000 0.991249
0.416000 0.991256
0.420000 0.991264
0.424000 0.991272
0.428000 0.991280
0.432000 0.991288
0.436000 0.991297
0.440000 0.991306
0.444000 0.991315
0.448000 0.991324
0.452000 0.991333
0.456000 0.991343
0.460000 0.991353
0.464000 0.991363
0.468000 0.991373
0.472000 0.991384
0.476000 0.991395
0.480000 0.991406
0.484000 0.991417
0.488000 0.991428
0.492000 0.991440
0.496000 0.991452
0.500000 0.991464
0.504000 0.991477
0.508000 0.991490
0.512000 0.991503
0.516000 0.991516
0.520000 0.991529
0.524000 0.991543
0.528000 0.991557
0.532000 0.991571
0.536000 0.991586
0.540000 0.991601
0.544000 0.991616
0.548000 0.991631
0.552000 0.991647
0.556000 0.991662
0.560000 0.991678
0.564000 0.991695
0.568000 0.991711
0.572000 0.991728
0.576000 0.991745
0.580000 0.991762
0.584000 0.991780
0.588000 0.991798
0.592000 0.991816
0.596000 0.991834
0.600000 0.991853
0.604000 0.991871
0.608000 0.991890
0.612000 0.991910
0.616000 0.991929
0.620000 0.991949
0.624000 0.991969
0.628000 0.991989
0.632000 0.992009
0.636000 0.992030
0.640000 0.992050
0.644000 0.992071
0.648000 0.992093
0.652000 0.992114
0.656000 0.992135
0.660000 0.992157
0.664000 0.992179
0.668000 0.992201
0.672000 0.992224
0.676000 0.992246
0.680000 0.992269
0.684000 0.992291
0.688000 0.992314
0.692000 0.992337
0.696000 0.992361
0.700000 0.992384
0.704000 0.992408
0.708000 0.992431
0.712000 0.992455
0.716000 0.992479
0.720000 0.992503
0.724000 0.992527
0.728000 0.992551
0.732000 0.992575
0.736000 0.992600
0.740000 0.992624
0.744000 0.992649
0.748000 0.992673
0.752000 0.992698
0.756000 0.992723
0.760000 0.992747
0.764000 0.992772
0.768000 0.992797
0.772000 0.992822
0.776000 0.992847
0.780000 0.992872
0.784000 0.992897
0.788000 0.992922
0.792000 0.992946
0.796000 0.992971
0.800000 0.992996
0.804000 0.993021
0.808000 0.993046
0.812000 0.993071
0.816000 0.993095
0.820000 0.993120
0.824000 0.993145
0.828000 0.993169
0.832000 0.993194
0.836000 0.993218
0.840000 0.993243
0.844000 0.993267
0.848000 0.993291
0.852000 0.993315
0.856000 0.993339
0.860000 0.993363
0.864000 0.993387
0.868000 0.993410
0.872000 0.993434
0.876000 0.993457
0.880000 0.993481
0.884000 0.993504
0.888000 0.993527
0.892000 0.993549
0.896000 0.993572
0.900000 0.993595
0.904000 0.993617
0.908000 0.993639
0.912000 0.993661
0.916000 0.993683
0.920000 0.993705
0.924000 0.993726
0.928000 0.993747
0.932000 0.993768
0.936000 0.993789
0.940000 0.993810
0.944000 0.993831
0.948000 0.993851
0.952000 0.993872
0.956000 0.993892
0.960000 0.993913
0.964000 0.993933
0.968000 0.993954
0.972000 0.993975
0.976000 0.993997
0.980000 0.994020
0.984000 0.994045
0.988000 0.994072
0.992000 0.994103
0.996000 0.994139
1.000000 0.994182
