-1.000000 0.997928
-0.996000 0.997928
-0.992000 0.997928
-0.988000 0.997928
-0.984000 0.997928
-0.980000 0.997928
-0.976000 0.997928
-0.972000 0.997928
-0.968000 0.997928
-0.964000 0.997928
-0.960000 0.997928
-0.956000 0.997928
-0.952000 0.997928
-0.948000 0.997928
-0.944000 0.997928
-0.940000 0.997928
-0.936000 0.997928
-0.932000 0.997928
-0.928000 0.997928
-0.924000 0.997928
-0.920000 0.997928
-0.916000 0.997928
-0.912000 0.997928
-0.908000 0.997928
-0.904000 0.997928
-0.900000 0.997928
-0.896000 0.997928
-0.892000 0.997928
-0.888000 0.997928
-0.884000 0.997928
-0.880000 0.997928
-0.876000 0.997928
-0.872000 0.997928
-0.868000 0.997928
-0.864000 0.997928
-0.860000 0.997928
-0.856000 0.997928
-0.852000 0.997928
-0.848000 0.997928
-0.844000 0.997928
-0.840000 0.997928
-0.836000 0.997928
-0.832000 0.997928
-0.828000 0.997928
-0.824000 0.997928
-0.820000 0.997928
-0.816000 0.997928
-0.812000 0.997928
-0.808000 0.997928
-0.804000 0.997928
-0.800000 0.997928
-0.796000 0.997928
-0.792000 0.997928
-0.788000 0.997928
-0.784000 0.997928
-0.780000 0.997928
-0.776000 0.997928
-0.772000 0.997928
-0.768000 0.997928
-0.764000 0.997928
-0.760000 0.997928
-0.756000 0.997928
-0.752000 0.997928
-0.748000 0.997928
-0.744000 0.997928
-0.740000 0.997928
-0.736000 0.997928
-0.732000 0.997928
-0.728000 0.997928
-0.724000 0.997928
-0.720000 0.997928
-0.716000 0.997928
-0.712000 0.997928
-0.708000 0.997928
-0.704000 0.997928
-0.700000 0.997928
-0.696000 0.997928
-0.692000 0.997928
-0.688000 0.997928
-0.684000 0.997928
-0.680000 0.997928
-0.676000 0.997928
-0.672000 0.997928
-0.668000 0.997928
-0.664000 0.997928
-0.660000 0.997928
-0.656000 0.997928
-0.652000 0.997928
-0.648000 0.997928
-0.644000 0.997928
-0.640000 0.997928
-0.636000 0.997928
-0.632000 0.997928
-0.628000 0.997928
-0.624000 0.997928
-0.620000 0.997928
-0.616000 0.997928
-0.612000 0.997928
-0.608000 0.997928
-0.604000 0.997928
-0.600000 0.997928
-0.596000 0.997928
-0.592000 0.997928
-0.588000 0.997928
-0.584000 0.997928
-0.580000 0.997928
-0.576000 0.997928
-0.572000 0.997928
-0.568000 0.997928
-0.564000 0.997928
-0.560000 0.997928
-0.556000 0.997928
-0.552000 0.997928
-0.548000 0.997928
-0.544000 0.997928
-0.540000 0.997928
-0.536000 0.997928
-0.532000 0.997928
-0.528000 0.997928
-0.524000 0.997928
-0.520000 0.997928
-0.516000 0.997928
-0.512000 0.997928
-0.508000 0.997928
-0.504000 0.997928
-0.500000 0.997928
-0.496000 0.997928
-0.492000 0.997928
-0.488000 0.997928
-0.484000 0.997928
-0.480000 0.997928
-0.476000 0.997928
-0.472000 0.997928
-0.468000 0.997928
-0.464000 0.997928
-0.460000 0.997928
-0.456000 0.997928
-0.452000 0.997928
-0.448000 0.997928
-0.444000 0.997928
-0.440000 0.997928
-0.436000 0.997928
-0.432000 0.997928
-0.428000 0.997928
-0.424000 0.997928
-0.420000 0.997928
-0.416000 0.997928
-0.412000 0.997928
-0.408000 0.997928
-0.404000 0.997928
-0.400000 0.997928
-0.396000 0.997928
-0.392000 0.997928
-0.388000 0.997928
-0.384000 0.997928
-0.380000 0.997928
-0.376000 0.997928
-0.372000 0.997928
-0.368000 0.997928
-0.364000 0.997928
-0.360000 0.997928
-0.356000 0.997928
-0.352000 0.997928
-0.348000 0.997928
-0.344000 0.997928
-0.340000 0.997928
-0.336000 0.997928
-0.332000 0.997928
-0.328000 0.997928
-0.324000 0.997928
-0.320000 0.997928
-0.316000 0.997928
-0.312000 0.997928
-0.308000 0.997928
-0.304000 0.997928
-0.300000 0.997928
-0.296000 0.997928
-0.292000 0.997927
-0.288000 0.997927
-0.284000 0.997927
-0.280000 0.997927
-0.276000 0.997927
-0.272000 0.997927
-0.268000 0.997927
-0.264000 0.997927
-0.260000 0.997927
-0.256000 0.997927
-0.252000 0.997927
-0.248000 0.997927
-0.244000 0.997927
-0.240000 0.997927
-0.236000 0.997926
-0.232000 0.997926
-0.228000 0.997926
-0.224000 0.997926
-0.220000 0.997926
-0.216000 0.997926
-0.212000 0.997925
-0.208000 0.997925
-0.204000 0.997925
-0.200000 0.997925
-0.196000 0.997925
-0.192000 0.997924
-0.188000 0.997924
-0.184000 0.997924
-0.180000 0.997924
-0.176000 0.997923
-0.172000 0.997923
-0.168000 0.997922
-0.164000 0.997922
-0.160000 0.997922
-0.156000 0.997921
-0.152000 0.997921
-0.148000 0.997920
-0.144000 0.997920
-0.140000 0.997919
-0.136000 0.997918
-0.132000 0.997918
-0.128000 0.997917
-0.124000 0.997916
-0.120000 0.997916
-0.116000 0.997915
-0.112000 0.997914
-0.108000 0.997913
-0.104000 0.997912
-0.100000 0.997911
-0.096000 0.997910
-0.092000 0.997909
-0.088000 0.997907
-0.084000 0.997906
-0.080000 0.997905
-0.076000 0.997903
-0.072000 0.997902
-0.068000 0.997900
-0.064000 0.997899
-0.060000 0.997897
-0.056000 0.997895
-0.052000 0.997893
-0.048000 0.997891
-0.044000 0.997889
-0.040000 0.997886
-0.036000 0.997884
-0.032000 0.997881
-0.028000 0.997879
-0.024000 0.997876
-0.020000 0.997873
-0.016000 0.997870
-0.012000 0.997867
-0.008000 0.997864
-0.004000 0.997860
0.000000 0.997856
0.004000 0.997853
0.008000 0.997848
0.012000 0.997844
0.016000 0.997840
0.020000 0.997835
0.024000 0.997831
0.028000 0.997826
0.032000 0.997820
0.036000 0.997815
0.040000 0.997809
0.044000 0.997803
0.048000 0.997797
0.052000 0.997791
0.056000 0.997784
0.060000 0.997777
0.064000 0.997770
0.068000 0.997763
0.072000 0.997755
0.076000 0.997747
0.080000 0.997739
0.084000 0.997730
0.088000 0.997721
0.092000 0.997712
0.096000 0.997702
0.100000 0.997692
0.104000 0.997682
0.108000 0.997671
0.112000 0.997660
0.116000 0.997649
0.120000 0.997637
0.124000 0.997625
0.128000 0.997612
0.132000 0.997599
0.136000 0.997586
0.140000 0.997572
0.144000 0.997558
0.148000 0.997543
0.152000 0.997528
0.156000 0.997513
0.160000 0.997496
0.164000 0.997480
0.168000 0.997463
0.172000 0.997445
0.176000 0.997428
0.180000 0.997409
0.184000 0.997390
0.188000 0.997371
0.192000 0.997351
0.196000 0.997330
0.200000 0.997309
0.204000 0.997288
0.208000 0.997265
0.212000 0.997243
0.216000 0.997220
0.220000 0.997196
0.224000 0.997172
0.228000 0.997147
0.232000 0.997121
0.236000 0.997096
0.240000 0.997069
0.244000 0.997042
0.248000 0.997014
0.252000 0.996986
0.256000 0.996957
0.260000 0.996928
0.264000 0.996898
0.268000 0.996868
0.272000 0.996836
0.276000 0.996805
0.280000 0.996773
0.284000 0.996740
0.288000 0.996707
0.292000 0.996673
0.296000 0.996638
0.300000 0.996603
0.304000 0.996568
0.308000 0.996532
0.312000 0.996495
0.316000 0.996458
0.320000 0.996420
0.324000 0.996382
0.328000 0.996343
0.332000 0.996304
0.336000 0.996264
0.340000 0.996224
0.344000 0.996183
0.348000 0.996142
0.352000 0.996100
0.356000 0.996058
0.360000 0.996016
0.364000 0.995973
0.368000 0.995929
0.372000 0.995885
0.376000 0.995841
0.380000 0.995796
0.384000 0.995751
0.388000 0.995706
0.392000 0.995660
0.396000 0.995614
0.400000 0.995568
0.404000 0.995521
0.408000 0.995474
0.412000 0.995427
0.416000 0.995379
0.420000 0.995331
0.424000 0.995283
0.428000 0.995235
0.432000 0.995186
0.436000 0.995137
0.440000 0.995089
0.444000 0.995040
0.448000 0.994990
0.452000 0.994941
0.456000 0.994892
0.460000 0.994842
0.464000 0.994792
0.468000 0.994743
0.472000 0.994693
0.476000 0.994643
0.480000 0.994593
0.484000 0.994544
0.488000 0.994494
0.492000 0.994444
0.496000 0.994394
0.500000 0.994345
0.504000 0.994295
0.508000 0.994246
0.512000 0.994196
0.516000 0.994147
0.520000 0.994098
0.524000 0.994049
0.528000 0.994000
0.532000 0.993952
0.536000 0.993904
0.540000 0.993856
0.544000 0.993808
0.548000 0.993760
0.552000 0.993713
0.556000 0.993666
0.560000 0.993619
0.564000 0.993572
0.568000 0.993526
0.572000 0.993480
0.576000 0.993435
0.580000 0.993390
0.584000 0.993345
0.588000 0.993300
0.592000 0.993256
0.596000 0.993213
0.600000 0.993169
0.604000 0.993127
0.608000 0.993084
0.612000 0.993042
0.616000 0.993001
0.620000 0.992960
0.624000 0.992919
0.628000 0.992879
0.632000 0.992839
0.636000 0.992800
0.640000 0.992761
0.644000 0.992723
0.648000 0.992685
0.652000 0.992648
0.656000 0.992611
0.660000 0.992575
0.664000 0.992539
0.668000 0.992504
0.672000 0.992469
0.676000 0.992435
0.680000 0.992401
0.684000 0.992368
0.688000 0.992335
0.692000 0.992303
0.696000 0.992272
0.700000 0.992240
0.704000 0.992210
0.708000 0.992180
0.712000 0.992150
0.716000 0.992121
0.720000 0.992093
0.724000 0.992065
0.728000 0.992038
0.732000 0.992011
0.736000 0.991984
0.740000 0.991958
0.744000 0.991933
0.748000 0.991908
0.752000 0.991884
0.756000 0.991860
0.760000 0.991837
0.764000 0.991814
0.768000 0.991791
0.772000 0.991770
0.776000 0.991748
0.780000 0.991727
0.784000 0.991707
0.788000 0.991687
0.792000 0.991667
0.796000 0.991648
0.800000 0.991629
0.804000 0.991611
0.808000 0.991594
0.812000 0.991576
0.816000 0.991559
0.820000 0.991543
0.824000 0.991527
0.828000 0.991511
0.832000 0.991496
0.836000 0.991481
0.840000 0.991466
0.844000 0.991452
0.848000 0.991439
0.852000 0.991425
0.856000 0.991412
0.860000 0.991400
0.864000 0.991387
0.868000 0.991375
0.872000 0.991364
0.876000 0.991353
0.880000 0.991342
0.884000 0.991331
0.888000 0.991321
0.892000 0.991311
0.896000 0.991301
0.900000 0.991291
0.904000 0.991282
0.908000 0.991273
0.912000 0.991265
0.916000 0.991256
0.920000 0.991248
0.924000 0.991241
0.928000 0.991233
0.932000 0.991226
0.936000 0.991219
0.940000 0.991212
0.944000 0.991205
0.948000 0.991198
0.952000 0.991192
0.956000 0.991186
0.960000 0.991180
0.964000 0.991174
0.968000 0.991169
0.972000 0.991163
0.976000 0.991157
0.980000 0.991151
0.984000 0.991145
0.988000 0.991139
0.992000 0.991132
0.996000 0.991123
1.000000 0.991113
