-1.000000 0.991037
-0.996000 0.991037
-0.992000 0.991037
-0.988000 0.991037
-0.984000 0.991037
-0.980000 0.991037
-0.976000 0.991037
-0.972000 0.991037
-0.968000 0.991037
-0.964000 0.991037
-0.960000 0.991037
-0.956000 0.991037
-0.952000 0.991037
-0.948000 0.991037
-0.944000 0.991037
-0.940000 0.991037
-0.936000 0.991037
-0.932000 0.991037
-0.928000 0.991037
-0.924000 0.991037
-0.920000 0.991037
-0.916000 0.991037
-0.912000 0.991037
-0.908000 0.991037
-0.904000 0.991037
-0.900000 0.991037
-0.896000 0.991037
-0.892000 0.991037
-0.888000 0.991037
-0.884000 0.991037
-0.880000 0.991037
-0.876000 0.991037
-0.872000 0.991037
-0.868000 0.991037
-0.864000 0.991037
-0.860000 0.991037
-0.856000 0.991037
-0.852000 0.991037
-0.848000 0.991037
-0.844000 0.991037
-0.840000 0.991037
-0.836000 0.991037
-0.832000 0.991037
-0.828000 0.991037
-0.824000 0.991037
-0.820000 0.991037
-0.816000 0.991037
-0.812000 0.991037
-0.808000 0.991037
-0.804000 0.991037
-0.800000 0.991037
-0.796000 0.991037
-0.792000 0.991037
-0.788000 0.991037
-0.784000 0.991037
-0.780000 0.991037
-0.776000 0.991037
-0.772000 0.991037
-0.768000 0.991037
-0.764000 0.991037
-0.760000 0.991037
-0.756000 0.991037
-0.752000 0.991037
-0.748000 0.991037
-0.744000 0.991037
-0.740000 0.991037
-0.736000 0.991037
-0.732000 0.991037
-0.728000 0.991037
-0.724000 0.991037
-0.720000 0.991037
-0.716000 0.991037
-0.712000 0.991037
-0.708000 0.991037
-0.704000 0.991037
-0.700000 0.991037
-0.696000 0.991037
-0.692000 0.991037
-0.688000 0.991037
-0.684000 0.991037
-0.680000 0.991037
-0.676000 0.991037
-0.672000 0.991037
-0.668000 0.991037
-0.664000 0.991037
-0.660000 0.991037
-0.656000 0.991037
-0.652000 0.991037
-0.648000 0.991037
-0.644000 0.991037
-0.640000 0.991037
-0.636000 0.991037
-0.632000 0.991037
-0.628000 0.991037
-0.624000 0.991037
-0.620000 0.991037
-0.616000 0.991037
-0.612000 0.991037
-0.608000 0.991037
-0.604000 0.991037
-0.600000 0.991037
-0.596000 0.991037
-0.592000 0.991037
-0.588000 0.991037
-0.584000 0.991037
-0.580000 0.991037
-0.576000 0.991037
-0.572000 0.991037
-0.568000 0.991037
-0.564000 0.991037
-0.560000 0.991037
-0.556000 0.991037
-0.552000 0.991037
-0.548000 0.991037
-0.544000 0.991037
-0.540000 0.991037
-0.536000 0.991037
-0.532000 0.991037
-0.528000 0.991037
-0.524000 0.991037
-0.520000 0.991037
-0.516000 0.991037
-0.512000 0.991037
-0.508000 0.991037
-0.504000 0.991037
-0.500000 0.991037
-0.496000 0.991037
-0.492000 0.991037
-0.488000 0.991037
-0.484000 0.991037
-0.480000 0.991037
-0.476000 0.991037
-0.472000 0.991037
-0.468000 0.991037
-0.464000 0.991037
-0.460000 0.991037
-0.456000 0.991037
-0.452000 0.991037
-0.448000 0.991037
-0.444000 0.991037
-0.440000 0.991037
-0.436000 0.991037
-0.432000 0.991037
-0.428000 0.991037
-0.424000 0.991037
-0.420000 0.991037
-0.416000 0.991037
-0.412000 0.991037
-0.408000 0.991037
-0.404000 0.991037
-0.400000 0.991037
-0.396000 0.991037
-0.392000 0.991037
-0.388000 0.991037
-0.384000 0.991037
-0.380000 0.991037
-0.376000 0.991037
-0.372000 0.991037
-0.368000 0.991037
-0.364000 0.991037
-0.360000 0.991037
-0.356000 0.991037
-0.352000 0.991037
-0.348000 0.991037
-0.344000 0.991037
-0.340000 0.991037
-0.336000 0.991037
-0.332000 0.991037
-0.328000 0.991037
-0.324000 0.991037
-0.320000 0.991038
-0.316000 0.991038
-0.312000 0.991038
-0.308000 0.991038
-0.304000 0.991038
-0.300000 0.991038
-0.296000 0.991038
-0.292000 0.991038
-0.288000 0.991038
-0.284000 0.991038
-0.280000 0.991038
-0.276000 0.991038
-0.272000 0.991038
-0.268000 0.991038
-0.264000 0.991039
-0.260000 0.991039
-0.256000 0.991039
-0.252000 0.991039
-0.248000 0.991039
-0.244000 0.991039
-0.240000 0.991039
-0.236000 0.991040
-0.232000 0.991040
-0.228000 0.991040
-0.224000 0.991040
-0.220000 0.991041
-0.216000 0.991041
-0.212000 0.991041
-0.208000 0.991041
-0.204000 0.991042
-0.200000 0.991042
-0.196000 0.991042
-0.192000 0.991043
-0.188000 0.991043
-0.184000 0.991044
-0.180000 0.991044
-0.176000 0.991045
-0.172000 0.991045
-0.168000 0.991046
-0.164000 0.991046
-0.160000 0.991047
-0.156000 0.991047
-0.152000 0.991048
-0.148000 0.991049
-0.144000 0.991050
-0.140000 0.991050
-0.136000 0.991051
-0.132000 0.991052
-0.128000 0.991053
-0.124000 0.991054
-0.120000 0.991055
-0.116000 0.991056
-0.112000 0.991057
-0.108000 0.991059
-0.104000 0.991060
-0.100000 0.991061
-0.096000 0.991063
-0.092000 0.991064
-0.088000 0.991066
-0.084000 0.991068
-0.080000 0.991069
-0.076000 0.991071
-0.072000 0.991073
-0.068000 0.991075
-0.064000 0.991077
-0.060000 0.991079
-0.056000 0.991082
-0.052000 0.991084
-0.048000 0.991087
-0.044000 0.991089
-0.040000 0.991092
-0.036000 0.991095
-0.032000 0.991098
-0.028000 0.991101
-0.024000 0.991104
-0.020000 0.991107
-0.016000 0.991111
-0.012000 0.991115
-0.008000 0.991119
-0.004000 0.991123
0.000000 0.991127
0.004000 0.991131
0.008000 0.991135
0.012000 0.991140
0.016000 0.991145
0.020000 0.991150
0.024000 0.991155
0.028000 0.991161
0.032000 0.991166
0.036000 0.991172
0.040000 0.991178
0.044000 0.991184
0.048000 0.991191
0.052000 0.991197
0.056000 0.991204
0.060000 0.991211
0.064000 0.991218
0.068000 0.991226
0.072000 0.991234
0.076000 0.991242
0.080000 0.991250
0.084000 0.991259
0.088000 0.991268
0.092000 0.991277
0.096000 0.991286
0.100000 0.991296
0.104000 0.991306
0.108000 0.991316
0.112000 0.991326
0.116000 0.991337
0.120000 0.991348
0.124000 0.991359
0.128000 0.991371
0.132000 0.991383
0.136000 0.991395
0.140000 0.991408
0.144000 0.991421
0.148000 0.991434
0.152000 0.991447
0.156000 0.991461
0.160000 0.991475
0.164000 0.991490
0.168000 0.991505
0.172000 0.991520
0.176000 0.991535
0.180000 0.991551
0.184000 0.991567
0.188000 0.991583
0.192000 0.991600
0.196000 0.991617
0.200000 0.991635
0.204000 0.991652
0.208000 0.991670
0.212000 0.991689
0.216000 0.991707
0.220000 0.991726
0.224000 0.991746
0.228000 0.991765
0.232000 0.991785
0.236000 0.991805
0.240000 0.991826
0.244000 0.991847
0.248000 0.991868
0.252000 0.991889
0.256000 0.991911
0.260000 0.991933
0.264000 0.991956
0.268000 0.991978
0.272000 0.992001
0.276000 0.992024
0.280000 0.992048
0.284000 0.992072
0.288000 0.992095
0.292000 0.992120
0.296000 0.992144
0.300000 0.992169
0.304000 0.992194
0.308000 0.992219
0.312000 0.992244
0.316000 0.992270
0.320000 0.992296
0.324000 0.992322
0.328000 0.992348
0.332000 0.992374
0.336000 0.992401
0.340000 0.992427
0.344000 0.992454
0.348000 0.992481
0.352000 0.992508
0.356000 0.992536
0.360000 0.992563
0.364000 0.992590
0.368000 0.992618
0.372000 0.992646
0.376000 0.992673
0.380000 0.992701
0.384000 0.992729
0.388000 0.992757
0.392000 0.992785
0.396000 0.992813
0.400000 0.992841
0.404000 0.992869
0.408000 0.992898
0.412000 0.992926
0.416000 0.992954
0.420000 0.992982
0.424000 0.993010
0.428000 0.993038
0.432000 0.993066
0.436000 0.993094
0.440000 0.993122
0.444000 0.993149
0.448000 0.993177
0.452000 0.993205
0.456000 0.993232
0.460000 0.993260
0.464000 0.993287
0.468000 0.993314
0.472000 0.993341
0.476000 0.993368
0.480000 0.993395
0.484000 0.993421
0.488000 0.993448
0.492000 0.993474
0.496000 0.993500
0.500000 0.993526
0.504000 0.993551
0.508000 0.993577
0.512000 0.993602
0.516000 0.993627
0.520000 0.993652
0.524000 0.993677
0.528000 0.993701
0.532000 0.993725
0.536000 0.993749
0.540000 0.993773
0.544000 0.993796
0.548000 0.993819
0.552000 0.993842
0.556000 0.993865
0.560000 0.993887
0.564000 0.993909
0.568000 0.993931
0.572000 0.993953
0.576000 0.993974
0.580000 0.993995
0.584000 0.994016
0.588000 0.994036
0.592000 0.994056
0.596000 0.994076
0.600000 0.994096
0.604000 0.994115
0.608000 0.994134
0.612000 0.994153
0.616000 0.994171
0.620000 0.994189
0.624000 0.994207
0.628000 0.994224
0.632000 0.994241
0.636000 0.994258
0.640000 0.994275
0.644000 0.994291
0.648000 0.994307
0.652000 0.994323
0.656000 0.994338
0.660000 0.994353
0.664000 0.994368
0.668000 0.994383
0.672000 0.994397
0.676000 0.994411
0.680000 0.994424
0.684000 0.994438
0.688000 0.994451
0.692000 0.994464
0.696000 0.994476
0.700000 0.994488
0.704000 0.994500
0.708000 0.994512
0.712000 0.994524
0.716000 0.994535
0.720000 0.994546
0.724000 0.994556
0.728000 0.994567
0.732000 0.994577
0.736000 0.994587
0.740000 0.994596
0.744000 0.994606
0.748000 0.994615
0.752000 0.994624
0.756000 0.994633
0.760000 0.994641
0.764000 0.994649
0.768000 0.994658
0.772000 0.994665
0.776000 0.994673
0.780000 0.994680
0.784000 0.994688
0.788000 0.994695
0.792000 0.994701
0.796000 0.994708
0.800000 0.994714
0.804000 0.994721
0.808000 0.994727
0.812000 0.994733
0.816000 0.994738
0.820000 0.994744
0.824000 0.994749
0.828000 0.994754
0.832000 0.994759
0.836000 0.994764
0.840000 0.994769
0.844000 0.994774
0.848000 0.994778
0.852000 0.994782
0.856000 0.994787
0.860000 0.994791
0.864000 0.994794
0.868000 0.994798
0.872000 0.994802
0.876000 0.994805
0.880000 0.994809
0.884000 0.994812
0.888000 0.994815
0.892000 0.994818
0.896000 0.994821
0.900000 0.994824
0.904000 0.994827
0.908000 0.994830
0.912000 0.994832
0.916000 0.994835
0.920000 0.994837
0.924000 0.994839
0.928000 0.994841
0.932000 0.994844
0.936000 0.994846
0.940000 0.994848
0.944000 0.994849
0.948000 0.994851
0.952000 0.994853
0.956000 0.994855
0.960000 0.994856
0.964000 0.994858
0.968000 0.994860
0.972000 0.994861
0.976000 0.994863
0.980000 0.994864
0.984000 0.994866
0.988000 0.994868
0.992000 0.994870
0.996000 0.994872
1.000000 0.994874
