-1.000000 0.992919
-0.996000 0.992919
-0.992000 0.992919
-0.988000 0.992919
-0.984000 0.992919
-0.980000 0.992919
-0.976000 0.992919
-0.972000 0.992919
-0.968000 0.992919
-0.964000 0.992919
-0.960000 0.992919
-0.956000 0.992919
-0.952000 0.992919
-0.948000 0.992919
-0.944000 0.992919
-0.940000 0.992919
-0.936000 0.992919
-0.932000 0.992919
-0.928000 0.992919
-0.924000 0.992919
-0.920000 0.992919
-0.916000 0.992919
-0.912000 0.992919
-0.908000 0.992919
-0.904000 0.992919
-0.900000 0.992919
-0.896000 0.992919
-0.892000 0.992919
-0.888000 0.992919
-0.884000 0.992919
-0.880000 0.992919
-0.876000 0.992919
-0.872000 0.992919
-0.868000 0.992919
-0.864000 0.992919
-0.860000 0.992919
-0.856000 0.992919
-0.852000 0.992919
-0.848000 0.992919
-0.844000 0.992919
-0.840000 0.992919
-0.836000 0.992919
-0.832000 0.992919
-0.828000 0.992919
-0.824000 0.992919
-0.820000 0.992919
-0.816000 0.992919
-0.812000 0.992919
-0.808000 0.992919
-0.804000 0.992919
-0.800000 0.992919
-0.796000 0.992919
-0.792000 0.992919
-0.788000 0.992919
-0.784000 0.992919
-0.780000 0.992919
-0.776000 0.992919
-0.772000 0.992919
-0.768000 0.992919
-0.764000 0.992919
-0.760000 0.992919
-0.756000 0.992919
-0.752000 0.992919
-0.748000 0.992919
-0.744000 0.992919
-0.740000 0.992919
-0.736000 0.992919
-0.732000 0.992919
-0.728000 0.992919
-0.724000 0.992919
-0.720000 0.992919
-0.716000 0.992919
-0.712000 0.992919
-0.708000 0.992919
-0.704000 0.992919
-0.700000 0.992919
-0.696000 0.992919
-0.692000 0.992919
-0.688000 0.992919
-0.684000 0.992919
-0.680000 0.992919
-0.676000 0.992919
-0.672000 0.992919
-0.668000 0.992919
-0.664000 0.992919
-0.660000 0.992919
-0.656000 0.992919
-0.652000 0.992919
-0.648000 0.992919
-0.644000 0.992919
-0.640000 0.992919
-0.636000 0.992919
-0.632000 0.992919
-0.628000 0.992919
-0.624000 0.992919
-0.620000 0.992919
-0.616000 0.992919
-0.612000 0.992919
-0.608000 0.992919
-0.604000 0.992919
-0.600000 0.992919
-0.596000 0.992919
-0.592000 0.992919
-0.588000 0.992919
-0.584000 0.992919
-0.580000 0.992919
-0.576000 0.992919
-0.572000 0.992919
-0.568000 0.992919
-0.564000 0.992919
-0.560000 0.992919
-0.556000 0.992919
-0.552000 0.992919
-0.548000 0.992919
-0.544000 0.992919
-0.540000 0.992919
-0.536000 0.992919
-0.532000 0.992919
-0.528000 0.992919
-0.524000 0.992919
-0.520000 0.992919
-0.516000 0.992919
-0.512000 0.992919
-0.508000 0.992919
-0.504000 0.992919
-0.500000 0.992919
-0.496000 0.992919
-0.492000 0.992919
-0.488000 0.992919
-0.484000 0.992919
-0.480000 0.992919
-0.476000 0.992919
-0.472000 0.992919
-0.468000 0.992919
-0.464000 0.992919
-0.460000 0.992919
-0.456000 0.992919
-0.452000 0.992919
-0.448000 0.992919
-0.444000 0.992919
-0.440000 0.992919
-0.436000 0.992919
-0.432000 0.992919
-0.428000 0.992919
-0.424000 0.992919
-0.420000 0.992919
-0.416000 0.992919
-0.412000 0.992919
-0.408000 0.992919
-0.404000 0.992919
-0.400000 0.992919
-0.396000 0.992919
-0.392000 0.992919
-0.388000 0.992919
-0.384000 0.992919
-0.380000 0.992919
-0.376000 0.992919
-0.372000 0.992919
-0.368000 0.992919
-0.364000 0.992919
-0.360000 0.992919
-0.356000 0.992919
-0.352000 0.992919
-0.348000 0.992919
-0.344000 0.992919
-0.340000 0.992919
-0.336000 0.992919
-0.332000 0.992919
-0.328000 0.992919
-0.324000 0.992919
-0.320000 0.992919
-0.316000 0.992919
-0.312000 0.992919
-0.308000 0.992919
-0.304000 0.992919
-0.300000 0.992919
-0.296000 0.992919
-0.292000 0.992919
-0.288000 0.992919
-0.284000 0.992919
-0.280000 0.992919
-0.276000 0.992919
-0.272000 0.992919
-0.268000 0.992919
-0.264000 0.992919
-0.260000 0.992919
-0.256000 0.992919
-0.252000 0.992919
-0.248000 0.992919
-0.244000 0.992919
-0.240000 0.992919
-0.236000 0.992919
-0.232000 0.992919
-0.228000 0.992919
-0.224000 0.992919
-0.220000 0.992919
-0.216000 0.992919
-0.212000 0.992919
-0.208000 0.992919
-0.204000 0.992920
-0.200000 0.992920
-0.196000 0.992920
-0.192000 0.992920
-0.188000 0.992920
-0.184000 0.992920
-0.180000 0.992920
-0.176000 0.992920
-0.172000 0.992920
-0.168000 0.992920
-0.164000 0.992920
-0.160000 0.992920
-0.156000 0.992920
-0.152000 0.992920
-0.148000 0.992921
-0.144000 0.992921
-0.140000 0.992921
-0.136000 0.992921
-0.132000 0.992921
-0.128000 0.992921
-0.124000 0.992921
-0.120000 0.992922
-0.116000 0.992922
-0.112000 0.992922
-0.108000 0.992922
-0.104000 0.992922
-0.100000 0.992923
-0.096000 0.992923
-0.092000 0.992923
-0.088000 0.992924
-0.084000 0.992924
-0.080000 0.992924
-0.076000 0.992925
-0.072000 0.992925
-0.068000 0.992925
-0.064000 0.992926
-0.060000 0.992926
-0.056000 0.992927
-0.052000 0.992927
-0.048000 0.992928
-0.044000 0.992928
-0.040000 0.992929
-0.036000 0.992930
-0.032000 0.992930
-0.028000 0.992931
-0.024000 0.992932
-0.020000 0.992932
-0.016000 0.992933
-0.012000 0.992934
-0.008000 0.992935
-0.004000 0.992936
0.000000 0.992937
0.004000 0.992938
0.008000 0.992939
0.012000 0.992941
0.016000 0.992942
0.020000 0.992943
0.024000 0.992945
0.028000 0.992946
0.032000 0.992948
0.036000 0.992949
0.040000 0.992951
0.044000 0.992953
0.048000 0.992955
0.052000 0.992957
0.056000 0.992959
0.060000 0.992961
0.064000 0.992964
0.068000 0.992966
0.072000 0.992969
0.076000 0.992971
0.080000 0.992974
0.084000 0.992977
0.088000 0.992980
0.092000 0.992983
0.096000 0.992986
0.100000 0.992990
0.104000 0.992994
0.108000 0.992997
0.112000 0.993001
0.116000 0.993005
0.120000 0.993010
0.124000 0.993014
0.128000 0.993019
0.132000 0.993024
0.136000 0.993029
0.140000 0.993034
0.144000 0.993039
0.148000 0.993045
0.152000 0.993051
0.156000 0.993057
0.160000 0.993063
0.164000 0.993070
0.168000 0.993077
0.172000 0.993084
0.176000 0.993091
0.180000 0.993099
0.184000 0.993107
0.188000 0.993115
0.192000 0.993123
0.196000 0.993132
0.200000 0.993141
0.204000 0.993150
0.208000 0.993160
0.212000 0.993170
0.216000 0.993180
0.220000 0.993191
0.224000 0.993202
0.228000 0.993213
0.232000 0.993225
0.236000 0.993237
0.240000 0.993249
0.244000 0.993262
0.248000 0.993275
0.252000 0.993289
0.256000 0.993303
0.260000 0.993317
0.264000 0.993332
0.268000 0.993347
0.272000 0.993363
0.276000 0.993379
0.280000 0.993395
0.284000 0.993412
0.288000 0.993429
0.292000 0.993447
0.296000 0.993465
0.300000 0.993484
0.304000 0.993503
0.308000 0.993523
0.312000 0.993543
0.316000 0.993563
0.320000 0.993585
0.324000 0.993606
0.328000 0.993628
0.332000 0.993651
0.336000 0.993674
0.340000 0.993697
0.344000 0.993721
0.348000 0.993746
0.352000 0.993771
0.356000 0.993797
0.360000 0.993823
0.364000 0.993849
0.368000 0.993876
0.372000 0.993904
0.376000 0.993932
0.380000 0.993961
0.384000 0.993990
0.388000 0.994020
0.392000 0.994050
0.396000 0.994081
0.400000 0.994112
0.404000 0.994144
0.408000 0.994176
0.412000 0.994209
0.416000 0.994242
0.420000 0.994276
0.424000 0.994310
0.428000 0.994345
0.432000 0.994380
0.436000 0.994415
0.440000 0.994452
0.444000 0.994488
0.448000 0.994525
0.452000 0.994563
0.456000 0.994601
0.460000 0.994640
0.464000 0.994679
0.468000 0.994718
0.472000 0.994758
0.476000 0.994798
0.480000 0.994839
0.484000 0.994880
0.488000 0.994921
0.492000 0.994963
0.496000 0.995005
0.500000 0.995048
0.504000 0.995091
0.508000 0.995134
0.512000 0.995177
0.516000 0.995221
0.520000 0.995266
0.524000 0.995310
0.528000 0.995355
0.532000 0.995400
0.536000 0.995445
0.540000 0.995491
0.544000 0.995537
0.548000 0.995583
0.552000 0.995629
0.556000 0.995676
0.560000 0.995722
0.564000 0.995769
0.568000 0.995816
0.572000 0.995864
0.576000 0.995911
0.580000 0.995958
0.584000 0.996006
0.588000 0.996054
0.592000 0.996101
0.596000 0.996149
0.600000 0.996197
0.604000 0.996245
0.608000 0.996293
0.612000 0.996341
0.616000 0.996389
0.620000 0.996437
0.624000 0.996485
0.628000 0.996533
0.632000 0.996581
0.636000 0.996628
0.640000 0.996676
0.644000 0.996724
0.648000 0.996771
0.652000 0.996818
0.656000 0.996866
0.660000 0.996913
0.664000 0.996960
0.668000 0.997006
0.672000 0.997053
0.676000 0.997099
0.680000 0.997146
0.684000 0.997192
0.688000 0.997237
0.692000 0.997283
0.696000 0.997328
0.700000 0.997373
0.704000 0.997418
0.708000 0.997462
0.712000 0.997506
0.716000 0.997550
0.720000 0.997593
0.724000 0.997636
0.728000 0.997679
0.732000 0.997722
0.736000 0.997764
0.740000 0.997805
0.744000 0.997847
0.748000 0.997888
0.752000 0.997928
0.756000 0.997969
0.760000 0.998009
0.764000 0.998048
0.768000 0.998087
0.772000 0.998126
0.776000 0.998164
0.780000 0.998201
0.784000 0.998239
0.788000 0.998276
0.792000 0.998312
0.796000 0.998348
0.800000 0.998384
0.804000 0.998419
0.808000 0.998453
0.812000 0.998487
0.816000 0.998521
0.820000 0.998554
0.824000 0.998587
0.828000 0.998619
0.832000 0.998651
0.836000 0.998682
0.840000 0.998713
0.844000 0.998744
0.848000 0.998774
0.852000 0.998803
0.856000 0.998832
0.860000 0.998860
0.864000 0.998888
0.868000 0.998916
0.872000 0.998943
0.876000 0.998970
0.880000 0.998996
0.884000 0.999021
0.888000 0.999047
0.892000 0.999071
0.896000 0.999096
0.900000 0.999119
0.904000 0.999143
0.908000 0.999166
0.912000 0.999188
0.916000 0.999210
0.920000 0.999232
0.924000 0.999253
0.928000 0.999274
0.932000 0.999294
0.936000 0.999314
0.940000 0.999333
0.944000 0.999352
0.948000 0.999371
0.952000 0.999390
0.956000 0.999408
0.960000 0.999426
0.964000 0.999443
0.968000 0.999461
0.972000 0.999479
0.976000 0.999497
0.980000 0.999516
0.984000 0.999535
0.988000 0.999557
0.992000 0.999581
0.996000 0.999609
1.000000 0.999643
