-1.000000 0.991037
-0.996000 0.991037
-0.992000 0.991037
-0.988000 0.991037
-0.984000 0.991037
-0.980000 0.991037
-0.976000 0.991037
-0.972000 0.991037
-0.968000 0.991037
-0.964000 0.991037
-0.960000 0.991037
-0.956000 0.991037
-0.952000 0.991037
-0.948000 0.991037
-0.944000 0.991037
-0.940000 0.991037
-0.936000 0.991037
-0.932000 0.991037
-0.928000 0.991037
-0.924000 0.991037
-0.920000 0.991037
-0.916000 0.991037
-0.912000 0.991037
-0.908000 0.991037
-0.904000 0.991037
-0.900000 0.991037
-0.896000 0.991037
-0.892000 0.991037
-0.888000 0.991037
-0.884000 0.991037
-0.880000 0.991037
-0.876000 0.991037
-0.872000 0.991037
-0.868000 0.991037
-0.864000 0.991037
-0.860000 0.991037
-0.856000 0.991037
-0.852000 0.991037
-0.848000 0.991037
-0.844000 0.991037
-0.840000 0.991037
-0.836000 0.991037
-0.832000 0.991037
-0.828000 0.991037
-0.824000 0.991037
-0.820000 0.991037
-0.816000 0.991037
-0.812000 0.991037
-0.808000 0.991037
-0.804000 0.991037
-0.800000 0.991037
-0.796000 0.991037
-0.792000 0.991037
-0.788000 0.991037
-0.784000 0.991037
-0.780000 0.991037
-0.776000 0.991037
-0.772000 0.991037
-0.768000 0.991037
-0.764000 0.991037
-0.760000 0.991037
-0.756000 0.991037
-0.752000 0.991037
-0.748000 0.991037
-0.744000 0.991037
-0.740000 0.991037
-0.736000 0.991037
-0.732000 0.991038
-0.728000 0.991038
-0.724000 0.991038
-0.720000 0.991038
-0.716000 0.991038
-0.712000 0.991038
-0.708000 0.991038
-0.704000 0.991038
-0.700000 0.991038
-0.696000 0.991039
-0.692000 0.991039
-0.688000 0.991039
-0.684000 0.991039
-0.680000 0.991039
-0.676000 0.991040
-0.672000 0.991040
-0.668000 0.991040
-0.664000 0.991040
-0.660000 0.991041
-0.656000 0.991041
-0.652000 0.991042
-0.648000 0.991042
-0.644000 0.991043
-0.640000 0.991043
-0.636000 0.991044
-0.632000 0.991044
-0.628000 0.991045
-0.624000 0.991046
-0.620000 0.991047
-0.616000 0.991048
-0.612000 0.991049
-0.608000 0.991050
-0.604000 0.991051
-0.600000 0.991052
-0.596000 0.991054
-0.592000 0.991055
-0.588000 0.991057
-0.584000 0.991058
-0.580000 0.991060
-0.576000 0.991062
-0.572000 0.991064
-0.568000 0.991066
-0.564000 0.991069
-0.560000 0.991071
-0.556000 0.991074
-0.552000 0.991077
-0.548000 0.991080
-0.544000 0.991083
-0.540000 0.991086
-0.536000 0.991090
-0.532000 0.991094
-0.528000 0.991098
-0.524000 0.991102
-0.520000 0.991107
-0.516000 0.991112
-0.512000 0.991117
-0.508000 0.991123
-0.504000 0.991128
-0.500000 0.991134
-0.496000 0.991141
-0.492000 0.991148
-0.488000 0.991155
-0.484000 0.991162
-0.480000 0.991170
-0.476000 0.991178
-0.472000 0.991187
-0.468000 0.991196
-0.464000 0.991205
-0.460000 0.991215
-0.456000 0.991225
-0.452000 0.991236
-0.448000 0.991247
-0.444000 0.991259
-0.440000 0.991271
-0.436000 0.991284
-0.432000 0.991297
-0.428000 0.991311
-0.424000 0.991325
-0.420000 0.991340
-0.416000 0.991355
-0.412000 0.991371
-0.408000 0.991388
-0.404000 0.991405
-0.400000 0.991422
-0.396000 0.991440
-0.392000 0.991459
-0.388000 0.991478
-0.384000 0.991498
-0.380000 0.991519
-0.376000 0.991540
-0.372000 0.991562
-0.368000 0.991584
-0.364000 0.991607
-0.360000 0.991630
-0.356000 0.991654
-0.352000 0.991679
-0.348000 0.991704
-0.344000 0.991730
-0.340000 0.991756
-0.336000 0.991783
-0.332000 0.991811
-0.328000 0.991839
-0.324000 0.991868
-0.320000 0.991897
-0.316000 0.991927
-0.312000 0.991957
-0.308000 0.991988
-0.304000 0.992019
-0.300000 0.992050
-0.296000 0.992083
-0.292000 0.992115
-0.288000 0.992148
-0.284000 0.992182
-0.280000 0.992216
-0.276000 0.992250
-0.272000 0.992285
-0.268000 0.992320
-0.264000 0.992355
-0.260000 0.992391
-0.256000 0.992427
-0.252000 0.992463
-0.248000 0.992499
-0.244000 0.992536
-0.240000 0.992573
-0.236000 0.992610
-0.232000 0.992647
-0.228000 0.992684
-0.224000 0.992722
-0.220000 0.992759
-0.216000 0.992797
-0.212000 0.992835
-0.208000 0.992872
-0.204000 0.992910
-0.200000 0.992948
-0.196000 0.992985
-0.192000 0.993023
-0.188000 0.993060
-0.184000 0.993098
-0.180000 0.993135
-0.176000 0.993172
-0.172000 0.993209
-0.168000 0.993246
-0.164000 0.993282
-0.160000 0.993319
-0.156000 0.993355
-0.152000 0.993390
-0.148000 0.993426
-0.144000 0.993461
-0.140000 0.993496
-0.136000 0.993530
-0.132000 0.993564
-0.128000 0.993598
-0.124000 0.993631
-0.120000 0.993664
-0.116000 0.993697
-0.112000 0.993729
-0.108000 0.993761
-0.104000 0.993792
-0.100000 0.993823
-0.096000 0.993853
-0.092000 0.993883
-0.088000 0.993912
-0.084000 0.993941
-0.080000 0.993969
-0.076000 0.993997
-0.072000 0.994025
-0.068000 0.994051
-0.064000 0.994078
-0.060000 0.994103
-0.056000 0.994129
-0.052000 0.994153
-0.048000 0.994178
-0.044000 0.994201
-0.040000 0.994224
-0.036000 0.994247
-0.032000 0.994269
-0.028000 0.994291
-0.024000 0.994312
-0.020000 0.994332
-0.016000 0.994352
-0.012000 0.994372
-0.008000 0.994391
-0.004000 0.994409
0.000000 0.994427
0.004000 0.994444
0.008000 0.994461
0.012000 0.994478
0.016000 0.994494
0.020000 0.994509
0.024000 0.994524
0.028000 0.994539
0.032000 0.994553
0.036000 0.994567
0.040000 0.994580
0.044000 0.994593
0.048000 0.994605
0.052000 0.994617
0.056000 0.994629
0.060000 0.994640
0.064000 0.994651
0.068000 0.994661
0.072000 0.994671
0.076000 0.994681
0.080000 0.994690
0.084000 0.994699
0.088000 0.994708
0.092000 0.994716
0.096000 0.994724
0.100000 0.994732
0.104000 0.994740
0.108000 0.994747
0.112000 0.994754
0.116000 0.994760
0.120000 0.994766
0.124000 0.994773
0.128000 0.994778
0.132000 0.994784
0.136000 0.994789
0.140000 0.994794
0.144000 0.994799
0.148000 0.994804
0.152000 0.994808
0.156000 0.994813
0.160000 0.994817
0.164000 0.994820
0.168000 0.994824
0.172000 0.994828
0.176000 0.994831
0.180000 0.994834
0.184000 0.994837
0.188000 0.994840
0.192000 0.994843
0.196000 0.994846
0.200000 0.994848
0.204000 0.994851
0.208000 0.994853
0.212000 0.994855
0.216000 0.994857
0.220000 0.994859
0.224000 0.994861
0.228000 0.994863
0.232000 0.994864
0.236000 0.994866
0.240000 0.994868
0.244000 0.994869
0.248000 0.994870
0.252000 0.994872
0.256000 0.994873
0.260000 0.994874
0.264000 0.994875
0.268000 0.994876
0.272000 0.994877
0.276000 0.994878
0.280000 0.994879
0.284000 0.994880
0.288000 0.994880
0.292000 0.994881
0.296000 0.994882
0.300000 0.994882
0.304000 0.994883
0.308000 0.994884
0.312000 0.994884
0.316000 0.994885
0.320000 0.994885
0.324000 0.994885
0.328000 0.994886
0.332000 0.994886
0.336000 0.994887
0.340000 0.994887
0.344000 0.994887
0.348000 0.994888
0.352000 0.994888
0.356000 0.994888
0.360000 0.994888
0.364000 0.994889
0.368000 0.994889
0.372000 0.994889
0.376000 0.994889
0.380000 0.994890
0.384000 0.994890
0.388000 0.994890
0.392000 0.994890
0.396000 0.994890
0.400000 0.994890
0.404000 0.994890
0.408000 0.994890
0.412000 0.994891
0.416000 0.994891
0.420000 0.994891
0.424000 0.994891
0.428000 0.994891
0.432000 0.994891
0.436000 0.994891
0.440000 0.994891
0.444000 0.994891
0.448000 0.994891
0.452000 0.994891
0.456000 0.994891
0.460000 0.994891
0.464000 0.994891
0.468000 0.994892
0.472000 0.994892
0.476000 0.994892
0.480000 0.994892
0.484000 0.994892
0.488000 0.994892
0.492000 0.994892
0.496000 0.994892
0.500000 0.994892
0.504000 0.994892
0.508000 0.994892
0.512000 0.994892
0.516000 0.994892
0.520000 0.994892
0.524000 0.994892
0.528000 0.994892
0.532000 0.994892
0.536000 0.994892
0.540000 0.994892
0.544000 0.994892
0.548000 0.994892
0.552000 0.994892
0.556000 0.994892
0.560000 0.994892
0.564000 0.994892
0.568000 0.994892
0.572000 0.994892
0.576000 0.994892
0.580000 0.994892
0.584000 0.994892
0.588000 0.994892
0.592000 0.994892
0.596000 0.994892
0.600000 0.994892
0.604000 0.994892
0.608000 0.994892
0.612000 0.994892
0.616000 0.994892
0.620000 0.994892
0.624000 0.994892
0.628000 0.994892
0.632000 0.994892
0.636000 0.994892
0.640000 0.994892
0.644000 0.994892
0.648000 0.994892
0.652000 0.994892
0.656000 0.994892
0.660000 0.994892
0.664000 0.994892
0.668000 0.994892
0.672000 0.994892
0.676000 0.994892
0.680000 0.994892
0.684000 0.994892
0.688000 0.994892
0.692000 0.994892
0.696000 0.994892
0.700000 0.994892
0.704000 0.994892
0.708000 0.994892
0.712000 0.994892
0.716000 0.994892
0.720000 0.994892
0.724000 0.994892
0.728000 0.994892
0.732000 0.994892
0.736000 0.994892
0.740000 0.994892
0.744000 0.994892
0.748000 0.994892
0.752000 0.994892
0.756000 0.994892
0.760000 0.994892
0.764000 0.994892
0.768000 0.994892
0.772000 0.994892
0.776000 0.994892
0.780000 0.994892
0.784000 0.994892
0.788000 0.994892
0.792000 0.994892
0.796000 0.994892
0.800000 0.994892
0.804000 0.994892
0.808000 0.994892
0.812000 0.994892
0.816000 0.994892
0.820000 0.994892
0.824000 0.994892
0.828000 0.994892
0.832000 0.994892
0.836000 0.994892
0.840000 0.994892
0.844000 0.994892
0.848000 0.994892
0.852000 0.994892
0.856000 0.994892
0.860000 0.994892
0.864000 0.994892
0.868000 0.994892
0.872000 0.994892
0.876000 0.994892
0.880000 0.994892
0.884000 0.994892
0.888000 0.994892
0.892000 0.994892
0.896000 0.994892
0.900000 0.994892
0.904000 0.994892
0.908000 0.994892
0.912000 0.994892
0.916000 0.994892
0.920000 0.994892
0.924000 0.994892
0.928000 0.994892
0.932000 0.994892
0.936000 0.994892
0.940000 0.994892
0.944000 0.994892
0.948000 0.994892
0.952000 0.994892
0.956000 0.994892
0.960000 0.994892
0.964000 0.994892
0.968000 0.994892
0.972000 0.994892
0.976000 0.994892
0.980000 0.994892
0.984000 0.994892
0.988000 0.994892
0.992000 0.994892
0.996000 0.994892
1.000000 0.994892
