-1.000000 0.997928
-0.996000 0.997928
-0.992000 0.997928
-0.988000 0.997928
-0.984000 0.997928
-0.980000 0.997928
-0.976000 0.997928
-0.972000 0.997928
-0.968000 0.997928
-0.964000 0.997928
-0.960000 0.997928
-0.956000 0.997928
-0.952000 0.997928
-0.948000 0.997928
-0.944000 0.997928
-0.940000 0.997928
-0.936000 0.997928
-0.932000 0.997928
-0.928000 0.997928
-0.924000 0.997928
-0.920000 0.997928
-0.916000 0.997928
-0.912000 0.997928
-0.908000 0.997928
-0.904000 0.997928
-0.900000 0.997928
-0.896000 0.997928
-0.892000 0.997928
-0.888000 0.997928
-0.884000 0.997928
-0.880000 0.997928
-0.876000 0.997928
-0.872000 0.997928
-0.868000 0.997928
-0.864000 0.997928
-0.860000 0.997928
-0.856000 0.997928
-0.852000 0.997928
-0.848000 0.997928
-0.844000 0.997928
-0.840000 0.997928
-0.836000 0.997928
-0.832000 0.997928
-0.828000 0.997928
-0.824000 0.997928
-0.820000 0.997928
-0.816000 0.997928
-0.812000 0.997928
-0.808000 0.997928
-0.804000 0.997928
-0.800000 0.997928
-0.796000 0.997928
-0.792000 0.997928
-0.788000 0.997928
-0.784000 0.997928
-0.780000 0.997928
-0.776000 0.997928
-0.772000 0.997928
-0.768000 0.997928
-0.764000 0.997928
-0.760000 0.997928
-0.756000 0.997928
-0.752000 0.997928
-0.748000 0.997928
-0.744000 0.997928
-0.740000 0.997928
-0.736000 0.997927
-0.732000 0.997927
-0.728000 0.997927
-0.724000 0.997927
-0.720000 0.997927
-0.716000 0.997927
-0.712000 0.997927
-0.708000 0.997927
-0.704000 0.997927
-0.700000 0.997926
-0.696000 0.997926
-0.692000 0.997926
-0.688000 0.997926
-0.684000 0.997926
-0.680000 0.997925
-0.676000 0.997925
-0.672000 0.997925
-0.668000 0.997924
-0.664000 0.997924
-0.660000 0.997924
-0.656000 0.997923
-0.652000 0.997923
-0.648000 0.997922
-0.644000 0.997921
-0.640000 0.997921
-0.636000 0.997920
-0.632000 0.997919
-0.628000 0.997918
-0.624000 0.997917
-0.620000 0.997916
-0.616000 0.997915
-0.612000 0.997914
-0.608000 0.997913
-0.604000 0.997911
-0.600000 0.997910
-0.596000 0.997908
-0.592000 0.997906
-0.588000 0.997904
-0.584000 0.997902
-0.580000 0.997900
-0.576000 0.997897
-0.572000 0.997895
-0.568000 0.997892
-0.564000 0.997889
-0.560000 0.997885
-0.556000 0.997882
-0.552000 0.997878
-0.548000 0.997874
-0.544000 0.997870
-0.540000 0.997865
-0.536000 0.997861
-0.532000 0.997855
-0.528000 0.997850
-0.524000 0.997844
-0.520000 0.997838
-0.516000 0.997831
-0.512000 0.997824
-0.508000 0.997817
-0.504000 0.997809
-0.500000 0.997801
-0.496000 0.997792
-0.492000 0.997783
-0.488000 0.997773
-0.484000 0.997763
-0.480000 0.997752
-0.476000 0.997740
-0.472000 0.997728
-0.468000 0.997716
-0.464000 0.997702
-0.460000 0.997688
-0.456000 0.997674
-0.452000 0.997658
-0.448000 0.997642
-0.444000 0.997626
-0.440000 0.997608
-0.436000 0.997590
-0.432000 0.997570
-0.428000 0.997551
-0.424000 0.997530
-0.420000 0.997508
-0.416000 0.997485
-0.412000 0.997462
-0.408000 0.997438
-0.404000 0.997412
-0.400000 0.997386
-0.396000 0.997359
-0.392000 0.997331
-0.388000 0.997302
-0.384000 0.997271
-0.380000 0.997240
-0.376000 0.997208
-0.372000 0.997175
-0.368000 0.997141
-0.364000 0.997105
-0.360000 0.997069
-0.356000 0.997032
-0.352000 0.996993
-0.348000 0.996954
-0.344000 0.996913
-0.340000 0.996871
-0.336000 0.996829
-0.332000 0.996785
-0.328000 0.996740
-0.324000 0.996694
-0.320000 0.996647
-0.316000 0.996599
-0.312000 0.996551
-0.308000 0.996501
-0.304000 0.996450
-0.300000 0.996398
-0.296000 0.996345
-0.292000 0.996291
-0.288000 0.996237
-0.284000 0.996181
-0.280000 0.996125
-0.276000 0.996068
-0.272000 0.996010
-0.268000 0.995951
-0.264000 0.995891
-0.260000 0.995831
-0.256000 0.995770
-0.252000 0.995708
-0.248000 0.995646
-0.244000 0.995583
-0.240000 0.995519
-0.236000 0.995455
-0.232000 0.995391
-0.228000 0.995326
-0.224000 0.995261
-0.220000 0.995195
-0.216000 0.995129
-0.212000 0.995062
-0.208000 0.994996
-0.204000 0.994929
-0.200000 0.994862
-0.196000 0.994795
-0.192000 0.994728
-0.188000 0.994660
-0.184000 0.994593
-0.180000 0.994526
-0.176000 0.994459
-0.172000 0.994391
-0.168000 0.994324
-0.164000 0.994258
-0.160000 0.994191
-0.156000 0.994125
-0.152000 0.994059
-0.148000 0.993993
-0.144000 0.993928
-0.140000 0.993863
-0.136000 0.993799
-0.132000 0.993735
-0.128000 0.993671
-0.124000 0.993609
-0.120000 0.993546
-0.116000 0.993485
-0.112000 0.993424
-0.108000 0.993363
-0.104000 0.993303
-0.100000 0.993244
-0.096000 0.993186
-0.092000 0.993129
-0.088000 0.993072
-0.084000 0.993016
-0.080000 0.992961
-0.076000 0.992907
-0.072000 0.992853
-0.068000 0.992801
-0.064000 0.992749
-0.060000 0.992698
-0.056000 0.992648
-0.052000 0.992599
-0.048000 0.992551
-0.044000 0.992504
-0.040000 0.992458
-0.036000 0.992412
-0.032000 0.992368
-0.028000 0.992325
-0.024000 0.992282
-0.020000 0.992241
-0.016000 0.992200
-0.012000 0.992161
-0.008000 0.992122
-0.004000 0.992084
0.000000 0.992047
0.004000 0.992011
0.008000 0.991976
0.012000 0.991942
0.016000 0.991909
0.020000 0.991877
0.024000 0.991846
0.028000 0.991815
0.032000 0.991786
0.036000 0.991757
0.040000 0.991729
0.044000 0.991702
0.048000 0.991676
0.052000 0.991650
0.056000 0.991626
0.060000 0.991602
0.064000 0.991579
0.068000 0.991556
0.072000 0.991535
0.076000 0.991514
0.080000 0.991494
0.084000 0.991474
0.088000 0.991455
0.092000 0.991437
0.096000 0.991420
0.100000 0.991403
0.104000 0.991387
0.108000 0.991371
0.112000 0.991356
0.116000 0.991342
0.120000 0.991328
0.124000 0.991314
0.128000 0.991301
0.132000 0.991289
0.136000 0.991277
0.140000 0.991266
0.144000 0.991255
0.148000 0.991244
0.152000 0.991234
0.156000 0.991225
0.160000 0.991215
0.164000 0.991207
0.168000 0.991198
0.172000 0.991190
0.176000 0.991182
0.180000 0.991175
0.184000 0.991168
0.188000 0.991161
0.192000 0.991155
0.196000 0.991149
0.200000 0.991143
0.204000 0.991137
0.208000 0.991132
0.212000 0.991127
0.216000 0.991122
0.220000 0.991117
0.224000 0.991113
0.228000 0.991109
0.232000 0.991105
0.236000 0.991101
0.240000 0.991098
0.244000 0.991094
0.248000 0.991091
0.252000 0.991088
0.256000 0.991085
0.260000 0.991082
0.264000 0.991080
0.268000 0.991077
0.272000 0.991075
0.276000 0.991073
0.280000 0.991071
0.284000 0.991069
0.288000 0.991067
0.292000 0.991065
0.296000 0.991063
0.300000 0.991062
0.304000 0.991060
0.308000 0.991059
0.312000 0.991057
0.316000 0.991056
0.320000 0.991055
0.324000 0.991054
0.328000 0.991053
0.332000 0.991052
0.336000 0.991051
0.340000 0.991050
0.344000 0.991049
0.348000 0.991048
0.352000 0.991048
0.356000 0.991047
0.360000 0.991046
0.364000 0.991046
0.368000 0.991045
0.372000 0.991045
0.376000 0.991044
0.380000 0.991044
0.384000 0.991043
0.388000 0.991043
0.392000 0.991042
0.396000 0.991042
0.400000 0.991042
0.404000 0.991041
0.408000 0.991041
0.412000 0.991041
0.416000 0.991041
0.420000 0.991040
0.424000 0.991040
0.428000 0.991040
0.432000 0.991040
0.436000 0.991039
0.440000 0.991039
0.444000 0.991039
0.448000 0.991039
0.452000 0.991039
0.456000 0.991039
0.460000 0.991039
0.464000 0.991038
0.468000 0.991038
0.472000 0.991038
0.476000 0.991038
0.480000 0.991038
0.484000 0.991038
0.488000 0.991038
0.492000 0.991038
0.496000 0.991038
0.500000 0.991038
0.504000 0.991038
0.508000 0.991038
0.512000 0.991038
0.516000 0.991038
0.520000 0.991038
0.524000 0.991037
0.528000 0.991037
0.532000 0.991037
0.536000 0.991037
0.540000 0.991037
0.544000 0.991037
0.548000 0.991037
0.552000 0.991037
0.556000 0.991037
0.560000 0.991037
0.564000 0.991037
0.568000 0.991037
0.572000 0.991037
0.576000 0.991037
0.580000 0.991037
0.584000 0.991037
0.588000 0.991037
0.592000 0.991037
0.596000 0.991037
0.600000 0.991037
0.604000 0.991037
0.608000 0.991037
0.612000 0.991037
0.616000 0.991037
0.620000 0.991037
0.624000 0.991037
0.628000 0.991037
0.632000 0.991037
0.636000 0.991037
0.640000 0.991037
0.644000 0.991037
0.648000 0.991037
0.652000 0.991037
0.656000 0.991037
0.660000 0.991037
0.664000 0.991037
0.668000 0.991037
0.672000 0.991037
0.676000 0.991037
0.680000 0.991037
0.684000 0.991037
0.688000 0.991037
0.692000 0.991037
0.696000 0.991037
0.700000 0.991037
0.704000 0.991037
0.708000 0.991037
0.712000 0.991037
0.716000 0.991037
0.720000 0.991037
0.724000 0.991037
0.728000 0.991037
0.732000 0.991037
0.736000 0.991037
0.740000 0.991037
0.744000 0.991037
0.748000 0.991037
0.752000 0.991037
0.756000 0.991037
0.760000 0.991037
0.764000 0.991037
0.768000 0.991037
0.772000 0.991037
0.776000 0.991037
0.780000 0.991037
0.784000 0.991037
0.788000 0.991037
0.792000 0.991037
0.796000 0.991037
0.800000 0.991037
0.804000 0.991037
0.808000 0.991037
0.812000 0.991037
0.816000 0.991037
0.820000 0.991037
0.824000 0.991037
0.828000 0.991037
0.832000 0.991037
0.836000 0.991037
0.840000 0.991037
0.844000 0.991037
0.848000 0.991037
0.852000 0.991037
0.856000 0.991037
0.860000 0.991037
0.864000 0.991037
0.868000 0.991037
0.872000 0.991037
0.876000 0.991037
0.880000 0.991037
0.884000 0.991037
0.888000 0.991037
0.892000 0.991037
0.896000 0.991037
0.900000 0.991037
0.904000 0.991037
0.908000 0.991037
0.912000 0.991037
0.916000 0.991037
0.920000 0.991037
0.924000 0.991037
0.928000 0.991037
0.932000 0.991037
0.936000 0.991037
0.940000 0.991037
0.944000 0.991037
0.948000 0.991037
0.952000 0.991037
0.956000 0.991037
0.960000 0.991037
0.964000 0.991037
0.968000 0.991037
0.972000 0.991037
0.976000 0.991037
0.980000 0.991037
0.984000 0.991037
0.988000 0.991037
0.992000 0.991037
0.996000 0.991037
1.000000 0.991037
