-1.000000 0.991037
-0.996000 0.991037
-0.992000 0.991037
-0.988000 0.991037
-0.984000 0.991037
-0.980000 0.991037
-0.976000 0.991037
-0.972000 0.991037
-0.968000 0.991037
-0.964000 0.991037
-0.960000 0.991037
-0.956000 0.991037
-0.952000 0.991037
-0.948000 0.991037
-0.944000 0.991037
-0.940000 0.991037
-0.936000 0.991037
-0.932000 0.991037
-0.928000 0.991037
-0.924000 0.991037
-0.920000 0.991037
-0.916000 0.991037
-0.912000 0.991037
-0.908000 0.991037
-0.904000 0.991037
-0.900000 0.991037
-0.896000 0.991037
-0.892000 0.991037
-0.888000 0.991037
-0.884000 0.991037
-0.880000 0.991037
-0.876000 0.991037
-0.872000 0.991037
-0.868000 0.991037
-0.864000 0.991037
-0.860000 0.991037
-0.856000 0.991037
-0.852000 0.991037
-0.848000 0.991037
-0.844000 0.991037
-0.840000 0.991037
-0.836000 0.991037
-0.832000 0.991037
-0.828000 0.991038
-0.824000 0.991038
-0.820000 0.991038
-0.816000 0.991038
-0.812000 0.991038
-0.808000 0.991038
-0.804000 0.991038
-0.800000 0.991038
-0.796000 0.991038
-0.792000 0.991039
-0.788000 0.991039
-0.784000 0.991039
-0.780000 0.991039
-0.776000 0.991040
-0.772000 0.991040
-0.768000 0.991040
-0.764000 0.991041
-0.760000 0.991041
-0.756000 0.991042
-0.752000 0.991042
-0.748000 0.991043
-0.744000 0.991044
-0.740000 0.991044
-0.736000 0.991045
-0.732000 0.991046
-0.728000 0.991047
-0.724000 0.991048
-0.720000 0.991049
-0.716000 0.991051
-0.712000 0.991052
-0.708000 0.991054
-0.704000 0.991055
-0.700000 0.991057
-0.696000 0.991059
-0.692000 0.991061
-0.688000 0.991064
-0.684000 0.991066
-0.680000 0.991069
-0.676000 0.991072
-0.672000 0.991075
-0.668000 0.991078
-0.664000 0.991082
-0.660000 0.991086
-0.656000 0.991090
-0.652000 0.991094
-0.648000 0.991099
-0.644000 0.991104
-0.640000 0.991109
-0.636000 0.991115
-0.632000 0.991121
-0.628000 0.991128
-0.624000 0.991135
-0.620000 0.991142
-0.616000 0.991150
-0.612000 0.991158
-0.608000 0.991167
-0.604000 0.991176
-0.600000 0.991186
-0.596000 0.991196
-0.592000 0.991207
-0.588000 0.991218
-0.584000 0.991230
-0.580000 0.991243
-0.576000 0.991256
-0.572000 0.991269
-0.568000 0.991284
-0.564000 0.991299
-0.560000 0.991315
-0.556000 0.991331
-0.552000 0.991348
-0.548000 0.991366
-0.544000 0.991384
-0.540000 0.991403
-0.536000 0.991423
-0.532000 0.991444
-0.528000 0.991465
-0.524000 0.991487
-0.520000 0.991510
-0.516000 0.991534
-0.512000 0.991558
-0.508000 0.991583
-0.504000 0.991609
-0.500000 0.991636
-0.496000 0.991663
-0.492000 0.991691
-0.488000 0.991720
-0.484000 0.991750
-0.480000 0.991780
-0.476000 0.991811
-0.472000 0.991843
-0.468000 0.991876
-0.464000 0.991909
-0.460000 0.991943
-0.456000 0.991977
-0.452000 0.992012
-0.448000 0.992048
-0.444000 0.992084
-0.440000 0.992121
-0.436000 0.992158
-0.432000 0.992196
-0.428000 0.992234
-0.424000 0.992273
-0.420000 0.992313
-0.416000 0.992352
-0.412000 0.992392
-0.408000 0.992433
-0.404000 0.992474
-0.400000 0.992515
-0.396000 0.992556
-0.392000 0.992597
-0.388000 0.992639
-0.384000 0.992681
-0.380000 0.992723
-0.376000 0.992765
-0.372000 0.992808
-0.368000 0.992850
-0.364000 0.992892
-0.360000 0.992935
-0.356000 0.992977
-0.352000 0.993019
-0.348000 0.993061
-0.344000 0.993103
-0.340000 0.993144
-0.336000 0.993186
-0.332000 0.993227
-0.328000 0.993268
-0.324000 0.993309
-0.320000 0.993349
-0.316000 0.993389
-0.312000 0.993429
-0.308000 0.993468
-0.304000 0.993507
-0.300000 0.993545
-0.296000 0.993583
-0.292000 0.993621
-0.288000 0.993658
-0.284000 0.993694
-0.280000 0.993730
-0.276000 0.993765
-0.272000 0.993800
-0.268000 0.993834
-0.264000 0.993868
-0.260000 0.993901
-0.256000 0.993933
-0.252000 0.993965
-0.248000 0.993996
-0.244000 0.994027
-0.240000 0.994056
-0.236000 0.994086
-0.232000 0.994114
-0.228000 0.994142
-0.224000 0.994169
-0.220000 0.994196
-0.216000 0.994221
-0.212000 0.994247
-0.208000 0.994271
-0.204000 0.994295
-0.200000 0.994318
-0.196000 0.994341
-0.192000 0.994363
-0.188000 0.994384
-0.184000 0.994405
-0.180000 0.994425
-0.176000 0.994444
-0.172000 0.994463
-0.168000 0.994481
-0.164000 0.994499
-0.160000 0.994516
-0.156000 0.994532
-0.152000 0.994548
-0.148000 0.994564
-0.144000 0.994578
-0.140000 0.994593
-0.136000 0.994606
-0.132000 0.994620
-0.128000 0.994632
-0.124000 0.994645
-0.120000 0.994656
-0.116000 0.994668
-0.112000 0.994679
-0.108000 0.994689
-0.104000 0.994699
-0.100000 0.994709
-0.096000 0.994718
-0.092000 0.994727
-0.088000 0.994735
-0.084000 0.994743
-0.080000 0.994751
-0.076000 0.994758
-0.072000 0.994765
-0.068000 0.994772
-0.064000 0.994778
-0.060000 0.994785
-0.056000 0.994790
-0.052000 0.994796
-0.048000 0.994801
-0.044000 0.994806
-0.040000 0.994811
-0.036000 0.994816
-0.032000 0.994820
-0.028000 0.994824
-0.024000 0.994828
-0.020000 0.994832
-0.016000 0.994835
-0.012000 0.994839
-0.008000 0.994842
-0.004000 0.994845
0.000000 0.994848
0.004000 0.994850
0.008000 0.994853
0.012000 0.994855
0.016000 0.994857
0.020000 0.994860
0.024000 0.994862
0.028000 0.994863
0.032000 0.994865
0.036000 0.994867
0.040000 0.994869
0.044000 0.994870
0.048000 0.994871
0.052000 0.994873
0.056000 0.994874
0.060000 0.994875
0.064000 0.994876
0.068000 0.994877
0.072000 0.994878
0.076000 0.994879
0.080000 0.994880
0.084000 0.994881
0.088000 0.994882
0.092000 0.994882
0.096000 0.994883
0.100000 0.994884
0.104000 0.994884
0.108000 0.994885
0.112000 0.994885
0.116000 0.994886
0.120000 0.994886
0.124000 0.994887
0.128000 0.994887
0.132000 0.994887
0.136000 0.994888
0.140000 0.994888
0.144000 0.994888
0.148000 0.994889
0.152000 0.994889
0.156000 0.994889
0.160000 0.994889
0.164000 0.994889
0.168000 0.994890
0.172000 0.994890
0.176000 0.994890
0.180000 0.994890
0.184000 0.994890
0.188000 0.994890
0.192000 0.994891
0.196000 0.994891
0.200000 0.994891
0.204000 0.994891
0.208000 0.994891
0.212000 0.994891
0.216000 0.994891
0.220000 0.994891
0.224000 0.994891
0.228000 0.994891
0.232000 0.994891
0.236000 0.994891
0.240000 0.994891
0.244000 0.994891
0.248000 0.994892
0.252000 0.994892
0.256000 0.994892
0.260000 0.994892
0.264000 0.994892
0.268000 0.994892
0.272000 0.994892
0.276000 0.994892
0.280000 0.994892
0.284000 0.994892
0.288000 0.994892
0.292000 0.994892
0.296000 0.994892
0.300000 0.994892
0.304000 0.994892
0.308000 0.994892
0.312000 0.994892
0.316000 0.994892
0.320000 0.994892
0.324000 0.994892
0.328000 0.994892
0.332000 0.994892
0.336000 0.994892
0.340000 0.994892
0.344000 0.994892
0.348000 0.994892
0.352000 0.994892
0.356000 0.994892
0.360000 0.994892
0.364000 0.994892
0.368000 0.994892
0.372000 0.994892
0.376000 0.994892
0.380000 0.994892
0.384000 0.994892
0.388000 0.994892
0.392000 0.994892
0.396000 0.994892
0.400000 0.994892
0.404000 0.994892
0.408000 0.994892
0.412000 0.994892
0.416000 0.994892
0.420000 0.994892
0.424000 0.994892
0.428000 0.994892
0.432000 0.994892
0.436000 0.994892
0.440000 0.994892
0.444000 0.994892
0.448000 0.994892
0.452000 0.994892
0.456000 0.994892
0.460000 0.994892
0.464000 0.994892
0.468000 0.994892
0.472000 0.994892
0.476000 0.994892
0.480000 0.994892
0.484000 0.994892
0.488000 0.994892
0.492000 0.994892
0.496000 0.994892
0.500000 0.994892
0.504000 0.994892
0.508000 0.994892
0.512000 0.994892
0.516000 0.994892
0.520000 0.994892
0.524000 0.994892
0.528000 0.994892
0.532000 0.994892
0.536000 0.994892
0.540000 0.994892
0.544000 0.994892
0.548000 0.994892
0.552000 0.994892
0.556000 0.994892
0.560000 0.994892
0.564000 0.994892
0.568000 0.994892
0.572000 0.994892
0.576000 0.994892
0.580000 0.994892
0.584000 0.994892
0.588000 0.994892
0.592000 0.994892
0.596000 0.994892
0.600000 0.994892
0.604000 0.994892
0.608000 0.994892
0.612000 0.994892
0.616000 0.994892
0.620000 0.994892
0.624000 0.994892
0.628000 0.994892
0.632000 0.994892
0.636000 0.994892
0.640000 0.994892
0.644000 0.994892
0.648000 0.994892
0.652000 0.994892
0.656000 0.994892
0.660000 0.994892
0.664000 0.994892
0.668000 0.994892
0.672000 0.994892
0.676000 0.994892
0.680000 0.994892
0.684000 0.994892
0.688000 0.994892
0.692000 0.994892
0.696000 0.994892
0.700000 0.994892
0.704000 0.994892
0.708000 0.994892
0.712000 0.994892
0.716000 0.994892
0.720000 0.994892
0.724000 0.994892
0.728000 0.994892
0.732000 0.994892
0.736000 0.994892
0.740000 0.994892
0.744000 0.994892
0.748000 0.994892
0.752000 0.994892
0.756000 0.994892
0.760000 0.994892
0.764000 0.994892
0.768000 0.994892
0.772000 0.994892
0.776000 0.994892
0.780000 0.994892
0.784000 0.994892
0.788000 0.994892
0.792000 0.994892
0.796000 0.994892
0.800000 0.994892
0.804000 0.994892
0.808000 0.994892
0.812000 0.994892
0.816000 0.994892
0.820000 0.994892
0.824000 0.994892
0.828000 0.994892
0.832000 0.994892
0.836000 0.994892
0.840000 0.994892
0.844000 0.994892
0.848000 0.994892
0.852000 0.994892
0.856000 0.994892
0.860000 0.994892
0.864000 0.994892
0.868000 0.994892
0.872000 0.994892
0.876000 0.994892
0.880000 0.994892
0.884000 0.994892
0.888000 0.994892
0.892000 0.994892
0.896000 0.994892
0.900000 0.994892
0.904000 0.994892
0.908000 0.994892
0.912000 0.994892
0.916000 0.994892
0.920000 0.994892
0.924000 0.994892
0.928000 0.994892
0.932000 0.994892
0.936000 0.994892
0.940000 0.994892
0.944000 0.994892
0.948000 0.994892
0.952000 0.994892
0.956000 0.994892
0.960000 0.994892
0.964000 0.994892
0.968000 0.994892
0.972000 0.994892
0.976000 0.994892
0.980000 0.994892
0.984000 0.994892
0.988000 0.994892
0.992000 0.994892
0.996000 0.994892
1.000000 0.994892
