-1.000000 0.992919
-0.996000 0.992919
-0.992000 0.992919
-0.988000 0.992919
-0.984000 0.992919
-0.980000 0.992919
-0.976000 0.992919
-0.972000 0.992919
-0.968000 0.992919
-0.964000 0.992919
-0.960000 0.992919
-0.956000 0.992919
-0.952000 0.992919
-0.948000 0.992919
-0.944000 0.992919
-0.940000 0.992919
-0.936000 0.992919
-0.932000 0.992919
-0.928000 0.992919
-0.924000 0.992919
-0.920000 0.992919
-0.916000 0.992919
-0.912000 0.992919
-0.908000 0.992919
-0.904000 0.992919
-0.900000 0.992919
-0.896000 0.992919
-0.892000 0.992919
-0.888000 0.992919
-0.884000 0.992919
-0.880000 0.992919
-0.876000 0.992919
-0.872000 0.992919
-0.868000 0.992919
-0.864000 0.992919
-0.860000 0.992919
-0.856000 0.992919
-0.852000 0.992919
-0.848000 0.992919
-0.844000 0.992919
-0.840000 0.992919
-0.836000 0.992919
-0.832000 0.992919
-0.828000 0.992919
-0.824000 0.992919
-0.820000 0.992919
-0.816000 0.992919
-0.812000 0.992919
-0.808000 0.992919
-0.804000 0.992919
-0.800000 0.992919
-0.796000 0.992919
-0.792000 0.992919
-0.788000 0.992919
-0.784000 0.992919
-0.780000 0.992919
-0.776000 0.992919
-0.772000 0.992919
-0.768000 0.992919
-0.764000 0.992919
-0.760000 0.992919
-0.756000 0.992919
-0.752000 0.992919
-0.748000 0.992919
-0.744000 0.992919
-0.740000 0.992919
-0.736000 0.992919
-0.732000 0.992919
-0.728000 0.992919
-0.724000 0.992919
-0.720000 0.992919
-0.716000 0.992919
-0.712000 0.992919
-0.708000 0.992919
-0.704000 0.992919
-0.700000 0.992919
-0.696000 0.992919
-0.692000 0.992919
-0.688000 0.992919
-0.684000 0.992919
-0.680000 0.992919
-0.676000 0.992919
-0.672000 0.992919
-0.668000 0.992919
-0.664000 0.992919
-0.660000 0.992919
-0.656000 0.992919
-0.652000 0.992919
-0.648000 0.992919
-0.644000 0.992919
-0.640000 0.992919
-0.636000 0.992919
-0.632000 0.992919
-0.628000 0.992919
-0.624000 0.992919
-0.620000 0.992919
-0.616000 0.992919
-0.612000 0.992919
-0.608000 0.992919
-0.604000 0.992919
-0.600000 0.992919
-0.596000 0.992919
-0.592000 0.992919
-0.588000 0.992919
-0.584000 0.992919
-0.580000 0.992919
-0.576000 0.992919
-0.572000 0.992919
-0.568000 0.992919
-0.564000 0.992919
-0.560000 0.992919
-0.556000 0.992919
-0.552000 0.992919
-0.548000 0.992919
-0.544000 0.992919
-0.540000 0.992919
-0.536000 0.992919
-0.532000 0.992919
-0.528000 0.992919
-0.524000 0.992919
-0.520000 0.992919
-0.516000 0.992919
-0.512000 0.992919
-0.508000 0.992919
-0.504000 0.992919
-0.500000 0.992919
-0.496000 0.992919
-0.492000 0.992919
-0.488000 0.992919
-0.484000 0.992919
-0.480000 0.992919
-0.476000 0.992919
-0.472000 0.992919
-0.468000 0.992919
-0.464000 0.992919
-0.460000 0.992919
-0.456000 0.992919
-0.452000 0.992919
-0.448000 0.992919
-0.444000 0.992919
-0.440000 0.992919
-0.436000 0.992919
-0.432000 0.992919
-0.428000 0.992919
-0.424000 0.992919
-0.420000 0.992919
-0.416000 0.992919
-0.412000 0.992919
-0.408000 0.992919
-0.404000 0.992919
-0.400000 0.992919
-0.396000 0.992919
-0.392000 0.992919
-0.388000 0.992919
-0.384000 0.992919
-0.380000 0.992919
-0.376000 0.992919
-0.372000 0.992919
-0.368000 0.992919
-0.364000 0.992919
-0.360000 0.992919
-0.356000 0.992919
-0.352000 0.992919
-0.348000 0.992919
-0.344000 0.992919
-0.340000 0.992919
-0.336000 0.992919
-0.332000 0.992919
-0.328000 0.992919
-0.324000 0.992919
-0.320000 0.992919
-0.316000 0.992919
-0.312000 0.992920
-0.308000 0.992920
-0.304000 0.992920
-0.300000 0.992920
-0.296000 0.992920
-0.292000 0.992920
-0.288000 0.992920
-0.284000 0.992920
-0.280000 0.992920
-0.276000 0.992920
-0.272000 0.992920
-0.268000 0.992920
-0.264000 0.992920
-0.260000 0.992920
-0.256000 0.992921
-0.252000 0.992921
-0.248000 0.992921
-0.244000 0.992921
-0.240000 0.992921
-0.236000 0.992921
-0.232000 0.992922
-0.228000 0.992922
-0.224000 0.992922
-0.220000 0.992922
-0.216000 0.992922
-0.212000 0.992923
-0.208000 0.992923
-0.204000 0.992923
-0.200000 0.992924
-0.196000 0.992924
-0.192000 0.992924
-0.188000 0.992925
-0.184000 0.992925
-0.180000 0.992926
-0.176000 0.992926
-0.172000 0.992926
-0.168000 0.992927
-0.164000 0.992928
-0.160000 0.992928
-0.156000 0.992929
-0.152000 0.992929
-0.148000 0.992930
-0.144000 0.992931
-0.140000 0.992932
-0.136000 0.992933
-0.132000 0.992934
-0.128000 0.992934
-0.124000 0.992935
-0.120000 0.992937
-0.116000 0.992938
-0.112000 0.992939
-0.108000 0.992940
-0.104000 0.992941
-0.100000 0.992943
-0.096000 0.992944
-0.092000 0.992946
-0.088000 0.992948
-0.084000 0.992949
-0.080000 0.992951
-0.076000 0.992953
-0.072000 0.992955
-0.068000 0.992957
-0.064000 0.992960
-0.060000 0.992962
-0.056000 0.992964
-0.052000 0.992967
-0.048000 0.992970
-0.044000 0.992973
-0.040000 0.992976
-0.036000 0.992979
-0.032000 0.992982
-0.028000 0.992986
-0.024000 0.992989
-0.020000 0.992993
-0.016000 0.992997
-0.012000 0.993001
-0.008000 0.993005
-0.004000 0.993010
0.000000 0.993015
0.004000 0.993020
0.008000 0.993025
0.012000 0.993030
0.016000 0.993036
0.020000 0.993041
0.024000 0.993047
0.028000 0.993054
0.032000 0.993060
0.036000 0.993067
0.040000 0.993074
0.044000 0.993082
0.048000 0.993089
0.052000 0.993097
0.056000 0.993105
0.060000 0.993114
0.064000 0.993123
0.068000 0.993132
0.072000 0.993142
0.076000 0.993152
0.080000 0.993162
0.084000 0.993172
0.088000 0.993183
0.092000 0.993195
0.096000 0.993206
0.100000 0.993218
0.104000 0.993231
0.108000 0.993244
0.112000 0.993257
0.116000 0.993271
0.120000 0.993285
0.124000 0.993300
0.128000 0.993315
0.132000 0.993330
0.136000 0.993346
0.140000 0.993363
0.144000 0.993380
0.148000 0.993397
0.152000 0.993415
0.156000 0.993433
0.160000 0.993452
0.164000 0.993471
0.168000 0.993491
0.172000 0.993512
0.176000 0.993533
0.180000 0.993554
0.184000 0.993576
0.188000 0.993599
0.192000 0.993622
0.196000 0.993645
0.200000 0.993669
0.204000 0.993694
0.208000 0.993720
0.212000 0.993745
0.216000 0.993772
0.220000 0.993799
0.224000 0.993826
0.228000 0.993854
0.232000 0.993883
0.236000 0.993912
0.240000 0.993942
0.244000 0.993972
0.248000 0.994003
0.252000 0.994035
0.256000 0.994067
0.260000 0.994100
0.264000 0.994133
0.268000 0.994167
0.272000 0.994201
0.276000 0.994236
0.280000 0.994271
0.284000 0.994307
0.288000 0.994344
0.292000 0.994381
0.296000 0.994419
0.300000 0.994457
0.304000 0.994496
0.308000 0.994535
0.312000 0.994574
0.316000 0.994615
0.320000 0.994655
0.324000 0.994697
0.328000 0.994738
0.332000 0.994780
0.336000 0.994823
0.340000 0.994866
0.344000 0.994909
0.348000 0.994953
0.352000 0.994998
0.356000 0.995042
0.360000 0.995087
0.364000 0.995133
0.368000 0.995179
0.372000 0.995225
0.376000 0.995272
0.380000 0.995318
0.384000 0.995366
0.388000 0.995413
0.392000 0.995461
0.396000 0.995509
0.400000 0.995557
0.404000 0.995606
0.408000 0.995655
0.412000 0.995704
0.416000 0.995753
0.420000 0.995802
0.424000 0.995852
0.428000 0.995902
0.432000 0.995952
0.436000 0.996002
0.440000 0.996052
0.444000 0.996102
0.448000 0.996152
0.452000 0.996203
0.456000 0.996253
0.460000 0.996303
0.464000 0.996354
0.468000 0.996404
0.472000 0.996455
0.476000 0.996505
0.480000 0.996555
0.484000 0.996605
0.488000 0.996656
0.492000 0.996706
0.496000 0.996756
0.500000 0.996805
0.504000 0.996855
0.508000 0.996905
0.512000 0.996954
0.516000 0.997003
0.520000 0.997052
0.524000 0.997101
0.528000 0.997149
0.532000 0.997197
0.536000 0.997245
0.540000 0.997293
0.544000 0.997340
0.548000 0.997388
0.552000 0.997434
0.556000 0.997481
0.560000 0.997527
0.564000 0.997573
0.568000 0.997618
0.572000 0.997663
0.576000 0.997708
0.580000 0.997752
0.584000 0.997796
0.588000 0.997840
0.592000 0.997883
0.596000 0.997926
0.600000 0.997968
0.604000 0.998010
0.608000 0.998051
0.612000 0.998092
0.616000 0.998132
0.620000 0.998172
0.624000 0.998212
0.628000 0.998251
0.632000 0.998289
0.636000 0.998327
0.640000 0.998365
0.644000 0.998402
0.648000 0.998438
0.652000 0.998474
0.656000 0.998510
0.660000 0.998545
0.664000 0.998579
0.668000 0.998613
0.672000 0.998647
0.676000 0.998680
0.680000 0.998712
0.684000 0.998744
0.688000 0.998775
0.692000 0.998806
0.696000 0.998836
0.700000 0.998866
0.704000 0.998895
0.708000 0.998924
0.712000 0.998952
0.716000 0.998980
0.720000 0.999007
0.724000 0.999034
0.728000 0.999060
0.732000 0.999086
0.736000 0.999111
0.740000 0.999135
0.744000 0.999160
0.748000 0.999183
0.752000 0.999206
0.756000 0.999229
0.760000 0.999251
0.764000 0.999273
0.768000 0.999294
0.772000 0.999315
0.776000 0.999335
0.780000 0.999355
0.784000 0.999374
0.788000 0.999393
0.792000 0.999412
0.796000 0.999430
0.800000 0.999447
0.804000 0.999465
0.808000 0.999481
0.812000 0.999498
0.816000 0.999514
0.820000 0.999529
0.824000 0.999544
0.828000 0.999559
0.832000 0.999574
0.836000 0.999587
0.840000 0.999601
0.844000 0.999614
0.848000 0.999627
0.852000 0.999640
0.856000 0.999652
0.860000 0.999664
0.864000 0.999675
0.868000 0.999687
0.872000 0.999697
0.876000 0.999708
0.880000 0.999718
0.884000 0.999728
0.888000 0.999738
0.892000 0.999747
0.896000 0.999756
0.900000 0.999765
0.904000 0.999774
0.908000 0.999782
0.912000 0.999790
0.916000 0.999798
0.920000 0.999805
0.924000 0.999813
0.928000 0.999820
0.932000 0.999826
0.936000 0.999833
0.940000 0.999839
0.944000 0.999846
0.948000 0.999852
0.952000 0.999857
0.956000 0.999863
0.960000 0.999869
0.964000 0.999874
0.968000 0.999879
0.972000 0.999885
0.976000 0.999890
0.980000 0.999895
0.984000 0.999901
0.988000 0.999907
0.992000 0.999914
0.996000 0.999921
1.000000 0.999931
