-1.000000 0.997928
-0.996000 0.997928
-0.992000 0.997928
-0.988000 0.997928
-0.984000 0.997928
-0.980000 0.997928
-0.976000 0.997928
-0.972000 0.997928
-0.968000 0.997928
-0.964000 0.997928
-0.960000 0.997928
-0.956000 0.997928
-0.952000 0.997928
-0.948000 0.997928
-0.944000 0.997928
-0.940000 0.997928
-0.936000 0.997928
-0.932000 0.997928
-0.928000 0.997928
-0.924000 0.997928
-0.920000 0.997928
-0.916000 0.997928
-0.912000 0.997928
-0.908000 0.997928
-0.904000 0.997928
-0.900000 0.997928
-0.896000 0.997928
-0.892000 0.997928
-0.888000 0.997928
-0.884000 0.997928
-0.880000 0.997928
-0.876000 0.997928
-0.872000 0.997928
-0.868000 0.997928
-0.864000 0.997928
-0.860000 0.997928
-0.856000 0.997928
-0.852000 0.997928
-0.848000 0.997928
-0.844000 0.997928
-0.840000 0.997928
-0.836000 0.997928
-0.832000 0.997928
-0.828000 0.997928
-0.824000 0.997928
-0.820000 0.997928
-0.816000 0.997928
-0.812000 0.997928
-0.808000 0.997928
-0.804000 0.997928
-0.800000 0.997928
-0.796000 0.997928
-0.792000 0.997928
-0.788000 0.997928
-0.784000 0.997928
-0.780000 0.997928
-0.776000 0.997928
-0.772000 0.997928
-0.768000 0.997928
-0.764000 0.997928
-0.760000 0.997928
-0.756000 0.997928
-0.752000 0.997928
-0.748000 0.997928
-0.744000 0.997928
-0.740000 0.997928
-0.736000 0.997928
-0.732000 0.997928
-0.728000 0.997928
-0.724000 0.997928
-0.720000 0.997928
-0.716000 0.997928
-0.712000 0.997928
-0.708000 0.997928
-0.704000 0.997928
-0.700000 0.997928
-0.696000 0.997928
-0.692000 0.997928
-0.688000 0.997928
-0.684000 0.997928
-0.680000 0.997928
-0.676000 0.997928
-0.672000 0.997928
-0.668000 0.997928
-0.664000 0.997928
-0.660000 0.997928
-0.656000 0.997928
-0.652000 0.997928
-0.648000 0.997928
-0.644000 0.997928
-0.640000 0.997928
-0.636000 0.997928
-0.632000 0.997928
-0.628000 0.997928
-0.624000 0.997928
-0.620000 0.997928
-0.616000 0.997928
-0.612000 0.997928
-0.608000 0.997928
-0.604000 0.997928
-0.600000 0.997928
-0.596000 0.997928
-0.592000 0.997928
-0.588000 0.997928
-0.584000 0.997928
-0.580000 0.997928
-0.576000 0.997928
-0.572000 0.997928
-0.568000 0.997928
-0.564000 0.997928
-0.560000 0.997928
-0.556000 0.997928
-0.552000 0.997928
-0.548000 0.997928
-0.544000 0.997928
-0.540000 0.997928
-0.536000 0.997928
-0.532000 0.997928
-0.528000 0.997928
-0.524000 0.997928
-0.520000 0.997928
-0.516000 0.997928
-0.512000 0.997928
-0.508000 0.997928
-0.504000 0.997928
-0.500000 0.997928
-0.496000 0.997928
-0.492000 0.997928
-0.488000 0.997928
-0.484000 0.997928
-0.480000 0.997928
-0.476000 0.997928
-0.472000 0.997928
-0.468000 0.997928
-0.464000 0.997928
-0.460000 0.997928
-0.456000 0.997928
-0.452000 0.997928
-0.448000 0.997928
-0.444000 0.997928
-0.440000 0.997928
-0.436000 0.997928
-0.432000 0.997928
-0.428000 0.997928
-0.424000 0.997928
-0.420000 0.997928
-0.416000 0.997928
-0.412000 0.997928
-0.408000 0.997928
-0.404000 0.997928
-0.400000 0.997928
-0.396000 0.997928
-0.392000 0.997928
-0.388000 0.997928
-0.384000 0.997928
-0.380000 0.997928
-0.376000 0.997928
-0.372000 0.997928
-0.368000 0.997928
-0.364000 0.997928
-0.360000 0.997928
-0.356000 0.997928
-0.352000 0.997928
-0.348000 0.997928
-0.344000 0.997928
-0.340000 0.997928
-0.336000 0.997928
-0.332000 0.997928
-0.328000 0.997928
-0.324000 0.997928
-0.320000 0.997928
-0.316000 0.997928
-0.312000 0.997928
-0.308000 0.997928
-0.304000 0.997928
-0.300000 0.997928
-0.296000 0.997928
-0.292000 0.997928
-0.288000 0.997928
-0.284000 0.997928
-0.280000 0.997928
-0.276000 0.997928
-0.272000 0.997928
-0.268000 0.997928
-0.264000 0.997928
-0.260000 0.997928
-0.256000 0.997928
-0.252000 0.997928
-0.248000 0.997928
-0.244000 0.997928
-0.240000 0.997928
-0.236000 0.997928
-0.232000 0.997928
-0.228000 0.997928
-0.224000 0.997928
-0.220000 0.997928
-0.216000 0.997928
-0.212000 0.997928
-0.208000 0.997928
-0.204000 0.997928
-0.200000 0.997928
-0.196000 0.997928
-0.192000 0.997928
-0.188000 0.997928
-0.184000 0.997928
-0.180000 0.997928
-0.176000 0.997928
-0.172000 0.997928
-0.168000 0.997928
-0.164000 0.997928
-0.160000 0.997928
-0.156000 0.997928
-0.152000 0.997928
-0.148000 0.997927
-0.144000 0.997927
-0.140000 0.997927
-0.136000 0.997927
-0.132000 0.997927
-0.128000 0.997927
-0.124000 0.997927
-0.120000 0.997927
-0.116000 0.997927
-0.112000 0.997927
-0.108000 0.997927
-0.104000 0.997927
-0.100000 0.997927
-0.096000 0.997927
-0.092000 0.997927
-0.088000 0.997926
-0.084000 0.997926
-0.080000 0.997926
-0.076000 0.997926
-0.072000 0.997926
-0.068000 0.997926
-0.064000 0.997926
-0.060000 0.997925
-0.056000 0.997925
-0.052000 0.997925
-0.048000 0.997925
-0.044000 0.997925
-0.040000 0.997924
-0.036000 0.997924
-0.032000 0.997924
-0.028000 0.997924
-0.024000 0.997923
-0.020000 0.997923
-0.016000 0.997923
-0.012000 0.997922
-0.008000 0.997922
-0.004000 0.997921
0.000000 0.997921
0.004000 0.997920
0.008000 0.997920
0.012000 0.997919
0.016000 0.997919
0.020000 0.997918
0.024000 0.997918
0.028000 0.997917
0.032000 0.997916
0.036000 0.997916
0.040000 0.997915
0.044000 0.997914
0.048000 0.997913
0.052000 0.997912
0.056000 0.997911
0.060000 0.997910
0.064000 0.997909
0.068000 0.997908
0.072000 0.997907
0.076000 0.997906
0.080000 0.997905
0.084000 0.997903
0.088000 0.997902
0.092000 0.997900
0.096000 0.997899
0.100000 0.997897
0.104000 0.997895
0.108000 0.997894
0.112000 0.997892
0.116000 0.997890
0.120000 0.997888
0.124000 0.997886
0.128000 0.997883
0.132000 0.997881
0.136000 0.997878
0.140000 0.997876
0.144000 0.997873
0.148000 0.997870
0.152000 0.997867
0.156000 0.997864
0.160000 0.997861
0.164000 0.997858
0.168000 0.997854
0.172000 0.997850
0.176000 0.997847
0.180000 0.997843
0.184000 0.997838
0.188000 0.997834
0.192000 0.997830
0.196000 0.997825
0.200000 0.997820
0.204000 0.997815
0.208000 0.997810
0.212000 0.997804
0.216000 0.997799
0.220000 0.997793
0.224000 0.997787
0.228000 0.997780
0.232000 0.997774
0.236000 0.997767
0.240000 0.997760
0.244000 0.997753
0.248000 0.997745
0.252000 0.997737
0.256000 0.997729
0.260000 0.997721
0.264000 0.997712
0.268000 0.997703
0.272000 0.997694
0.276000 0.997684
0.280000 0.997674
0.284000 0.997664
0.288000 0.997654
0.292000 0.997643
0.296000 0.997631
0.300000 0.997620
0.304000 0.997608
0.308000 0.997596
0.312000 0.997583
0.316000 0.997570
0.320000 0.997557
0.324000 0.997543
0.328000 0.997529
0.332000 0.997514
0.336000 0.997499
0.340000 0.997484
0.344000 0.997468
0.348000 0.997452
0.352000 0.997435
0.356000 0.997418
0.360000 0.997401
0.364000 0.997383
0.368000 0.997365
0.372000 0.997346
0.376000 0.997327
0.380000 0.997307
0.384000 0.997287
0.388000 0.997266
0.392000 0.997245
0.396000 0.997223
0.400000 0.997201
0.404000 0.997179
0.408000 0.997155
0.412000 0.997132
0.416000 0.997108
0.420000 0.997083
0.424000 0.997058
0.428000 0.997033
0.432000 0.997007
0.436000 0.996980
0.440000 0.996953
0.444000 0.996926
0.448000 0.996898
0.452000 0.996869
0.456000 0.996840
0.460000 0.996810
0.464000 0.996780
0.468000 0.996750
0.472000 0.996719
0.476000 0.996687
0.480000 0.996655
0.484000 0.996623
0.488000 0.996590
0.492000 0.996556
0.496000 0.996522
0.500000 0.996488
0.504000 0.996453
0.508000 0.996418
0.512000 0.996382
0.516000 0.996346
0.520000 0.996309
0.524000 0.996272
0.528000 0.996234
0.532000 0.996196
0.536000 0.996158
0.540000 0.996119
0.544000 0.996079
0.548000 0.996040
0.552000 0.996000
0.556000 0.995959
0.560000 0.995918
0.564000 0.995877
0.568000 0.995836
0.572000 0.995794
0.576000 0.995751
0.580000 0.995709
0.584000 0.995666
0.588000 0.995623
0.592000 0.995579
0.596000 0.995536
0.600000 0.995492
0.604000 0.995447
0.608000 0.995403
0.612000 0.995358
0.616000 0.995313
0.620000 0.995268
0.624000 0.995222
0.628000 0.995177
0.632000 0.995131
0.636000 0.995085
0.640000 0.995039
0.644000 0.994993
0.648000 0.994947
0.652000 0.994900
0.656000 0.994854
0.660000 0.994807
0.664000 0.994761
0.668000 0.994714
0.672000 0.994667
0.676000 0.994620
0.680000 0.994574
0.684000 0.994527
0.688000 0.994480
0.692000 0.994433
0.696000 0.994387
0.700000 0.994340
0.704000 0.994294
0.708000 0.994247
0.712000 0.994201
0.716000 0.994155
0.720000 0.994109
0.724000 0.994063
0.728000 0.994017
0.732000 0.993971
0.736000 0.993926
0.740000 0.993880
0.744000 0.993835
0.748000 0.993790
0.752000 0.993746
0.756000 0.993701
0.760000 0.993657
0.764000 0.993613
0.768000 0.993569
0.772000 0.993526
0.776000 0.993483
0.780000 0.993440
0.784000 0.993398
0.788000 0.993356
0.792000 0.993314
0.796000 0.993272
0.800000 0.993231
0.804000 0.993190
0.808000 0.993150
0.812000 0.993110
0.816000 0.993070
0.820000 0.993031
0.824000 0.992992
0.828000 0.992953
0.832000 0.992915
0.836000 0.992877
0.840000 0.992840
0.844000 0.992803
0.848000 0.992766
0.852000 0.992730
0.856000 0.992695
0.860000 0.992659
0.864000 0.992625
0.868000 0.992590
0.872000 0.992557
0.876000 0.992523
0.880000 0.992490
0.884000 0.992458
0.888000 0.992426
0.892000 0.992394
0.896000 0.992363
0.900000 0.992332
0.904000 0.992302
0.908000 0.992272
0.912000 0.992243
0.916000 0.992214
0.920000 0.992186
0.924000 0.992158
0.928000 0.992130
0.932000 0.992103
0.936000 0.992077
0.940000 0.992051
0.944000 0.992025
0.948000 0.991999
0.952000 0.991974
0.956000 0.991950
0.960000 0.991925
0.964000 0.991901
0.968000 0.991876
0.972000 0.991851
0.976000 0.991826
0.980000 0.991799
0.984000 0.991771
0.988000 0.991741
0.992000 0.991707
0.996000 0.991667
1.000000 0.991619
