-1.000000 0.991037
-0.996000 0.991037
-0.992000 0.991037
-0.988000 0.991037
-0.984000 0.991037
-0.980000 0.991037
-0.976000 0.991037
-0.972000 0.991037
-0.968000 0.991037
-0.964000 0.991037
-0.960000 0.991037
-0.956000 0.991037
-0.952000 0.991037
-0.948000 0.991037
-0.944000 0.991037
-0.940000 0.991037
-0.936000 0.991037
-0.932000 0.991037
-0.928000 0.991037
-0.924000 0.991037
-0.920000 0.991037
-0.916000 0.991037
-0.912000 0.991037
-0.908000 0.991037
-0.904000 0.991037
-0.900000 0.991037
-0.896000 0.991037
-0.892000 0.991037
-0.888000 0.991037
-0.884000 0.991037
-0.880000 0.991037
-0.876000 0.991037
-0.872000 0.991037
-0.868000 0.991037
-0.864000 0.991037
-0.860000 0.991037
-0.856000 0.991037
-0.852000 0.991037
-0.848000 0.991037
-0.844000 0.991037
-0.840000 0.991037
-0.836000 0.991037
-0.832000 0.991037
-0.828000 0.991037
-0.824000 0.991037
-0.820000 0.991037
-0.816000 0.991037
-0.812000 0.991037
-0.808000 0.991037
-0.804000 0.991037
-0.800000 0.991037
-0.796000 0.991037
-0.792000 0.991037
-0.788000 0.991037
-0.784000 0.991037
-0.780000 0.991037
-0.776000 0.991037
-0.772000 0.991037
-0.768000 0.991037
-0.764000 0.991037
-0.760000 0.991037
-0.756000 0.991037
-0.752000 0.991037
-0.748000 0.991037
-0.744000 0.991037
-0.740000 0.991037
-0.736000 0.991037
-0.732000 0.991037
-0.728000 0.991037
-0.724000 0.991037
-0.720000 0.991037
-0.716000 0.991037
-0.712000 0.991037
-0.708000 0.991037
-0.704000 0.991037
-0.700000 0.991037
-0.696000 0.991037
-0.692000 0.991037
-0.688000 0.991037
-0.684000 0.991037
-0.680000 0.991037
-0.676000 0.991037
-0.672000 0.991037
-0.668000 0.991037
-0.664000 0.991037
-0.660000 0.991037
-0.656000 0.991037
-0.652000 0.991037
-0.648000 0.991037
-0.644000 0.991037
-0.640000 0.991037
-0.636000 0.991037
-0.632000 0.991037
-0.628000 0.991037
-0.624000 0.991037
-0.620000 0.991037
-0.616000 0.991037
-0.612000 0.991037
-0.608000 0.991037
-0.604000 0.991037
-0.600000 0.991037
-0.596000 0.991037
-0.592000 0.991037
-0.588000 0.991037
-0.584000 0.991037
-0.580000 0.991037
-0.576000 0.991037
-0.572000 0.991037
-0.568000 0.991037
-0.564000 0.991037
-0.560000 0.991037
-0.556000 0.991037
-0.552000 0.991037
-0.548000 0.991037
-0.544000 0.991037
-0.540000 0.991037
-0.536000 0.991037
-0.532000 0.991037
-0.528000 0.991037
-0.524000 0.991037
-0.520000 0.991037
-0.516000 0.991037
-0.512000 0.991037
-0.508000 0.991037
-0.504000 0.991037
-0.500000 0.991037
-0.496000 0.991037
-0.492000 0.991037
-0.488000 0.991037
-0.484000 0.991037
-0.480000 0.991037
-0.476000 0.991037
-0.472000 0.991037
-0.468000 0.991037
-0.464000 0.991037
-0.460000 0.991037
-0.456000 0.991037
-0.452000 0.991037
-0.448000 0.991037
-0.444000 0.991037
-0.440000 0.991037
-0.436000 0.991037
-0.432000 0.991037
-0.428000 0.991037
-0.424000 0.991037
-0.420000 0.991037
-0.416000 0.991037
-0.412000 0.991037
-0.408000 0.991037
-0.404000 0.991037
-0.400000 0.991037
-0.396000 0.991037
-0.392000 0.991037
-0.388000 0.991037
-0.384000 0.991037
-0.380000 0.991037
-0.376000 0.991037
-0.372000 0.991037
-0.368000 0.991037
-0.364000 0.991037
-0.360000 0.991037
-0.356000 0.991037
-0.352000 0.991037
-0.348000 0.991037
-0.344000 0.991037
-0.340000 0.991037
-0.336000 0.991037
-0.332000 0.991037
-0.328000 0.991037
-0.324000 0.991037
-0.320000 0.991037
-0.316000 0.991037
-0.312000 0.991037
-0.308000 0.991037
-0.304000 0.991037
-0.300000 0.991037
-0.296000 0.991037
-0.292000 0.991037
-0.288000 0.991037
-0.284000 0.991037
-0.280000 0.991037
-0.276000 0.991037
-0.272000 0.991037
-0.268000 0.991037
-0.264000 0.991037
-0.260000 0.991037
-0.256000 0.991037
-0.252000 0.991037
-0.248000 0.991037
-0.244000 0.991037
-0.240000 0.991037
-0.236000 0.991037
-0.232000 0.991037
-0.228000 0.991037
-0.224000 0.991037
-0.220000 0.991038
-0.216000 0.991038
-0.212000 0.991038
-0.208000 0.991038
-0.204000 0.991038
-0.200000 0.991038
-0.196000 0.991038
-0.192000 0.991038
-0.188000 0.991038
-0.184000 0.991038
-0.180000 0.991038
-0.176000 0.991038
-0.172000 0.991038
-0.168000 0.991038
-0.164000 0.991039
-0.160000 0.991039
-0.156000 0.991039
-0.152000 0.991039
-0.148000 0.991039
-0.144000 0.991039
-0.140000 0.991039
-0.136000 0.991039
-0.132000 0.991040
-0.128000 0.991040
-0.124000 0.991040
-0.120000 0.991040
-0.116000 0.991040
-0.112000 0.991041
-0.108000 0.991041
-0.104000 0.991041
-0.100000 0.991042
-0.096000 0.991042
-0.092000 0.991042
-0.088000 0.991042
-0.084000 0.991043
-0.080000 0.991043
-0.076000 0.991044
-0.072000 0.991044
-0.068000 0.991045
-0.064000 0.991045
-0.060000 0.991046
-0.056000 0.991046
-0.052000 0.991047
-0.048000 0.991047
-0.044000 0.991048
-0.040000 0.991049
-0.036000 0.991049
-0.032000 0.991050
-0.028000 0.991051
-0.024000 0.991052
-0.020000 0.991052
-0.016000 0.991053
-0.012000 0.991054
-0.008000 0.991055
-0.004000 0.991056
0.000000 0.991058
0.004000 0.991059
0.008000 0.991060
0.012000 0.991061
0.016000 0.991063
0.020000 0.991064
0.024000 0.991065
0.028000 0.991067
0.032000 0.991069
0.036000 0.991070
0.040000 0.991072
0.044000 0.991074
0.048000 0.991076
0.052000 0.991078
0.056000 0.991080
0.060000 0.991082
0.064000 0.991085
0.068000 0.991087
0.072000 0.991090
0.076000 0.991092
0.080000 0.991095
0.084000 0.991098
0.088000 0.991101
0.092000 0.991104
0.096000 0.991107
0.100000 0.991110
0.104000 0.991114
0.108000 0.991117
0.112000 0.991121
0.116000 0.991125
0.120000 0.991129
0.124000 0.991133
0.128000 0.991137
0.132000 0.991142
0.136000 0.991147
0.140000 0.991151
0.144000 0.991156
0.148000 0.991162
0.152000 0.991167
0.156000 0.991172
0.160000 0.991178
0.164000 0.991184
0.168000 0.991190
0.172000 0.991196
0.176000 0.991203
0.180000 0.991210
0.184000 0.991217
0.188000 0.991224
0.192000 0.991231
0.196000 0.991239
0.200000 0.991246
0.204000 0.991254
0.208000 0.991263
0.212000 0.991271
0.216000 0.991280
0.220000 0.991289
0.224000 0.991298
0.228000 0.991308
0.232000 0.991317
0.236000 0.991327
0.240000 0.991338
0.244000 0.991348
0.248000 0.991359
0.252000 0.991370
0.256000 0.991381
0.260000 0.991393
0.264000 0.991405
0.268000 0.991417
0.272000 0.991429
0.276000 0.991442
0.280000 0.991455
0.284000 0.991468
0.288000 0.991482
0.292000 0.991496
0.296000 0.991510
0.300000 0.991524
0.304000 0.991539
0.308000 0.991554
0.312000 0.991570
0.316000 0.991585
0.320000 0.991601
0.324000 0.991617
0.328000 0.991634
0.332000 0.991651
0.336000 0.991668
0.340000 0.991685
0.344000 0.991703
0.348000 0.991721
0.352000 0.991739
0.356000 0.991758
0.360000 0.991777
0.364000 0.991796
0.368000 0.991815
0.372000 0.991835
0.376000 0.991855
0.380000 0.991875
0.384000 0.991896
0.388000 0.991917
0.392000 0.991938
0.396000 0.991959
0.400000 0.991980
0.404000 0.992002
0.408000 0.992024
0.412000 0.992047
0.416000 0.992069
0.420000 0.992092
0.424000 0.992115
0.428000 0.992138
0.432000 0.992162
0.436000 0.992185
0.440000 0.992209
0.444000 0.992233
0.448000 0.992258
0.452000 0.992282
0.456000 0.992307
0.460000 0.992332
0.464000 0.992357
0.468000 0.992382
0.472000 0.992407
0.476000 0.992432
0.480000 0.992458
0.484000 0.992484
0.488000 0.992510
0.492000 0.992536
0.496000 0.992562
0.500000 0.992588
0.504000 0.992614
0.508000 0.992640
0.512000 0.992667
0.516000 0.992693
0.520000 0.992720
0.524000 0.992747
0.528000 0.992773
0.532000 0.992800
0.536000 0.992827
0.540000 0.992854
0.544000 0.992880
0.548000 0.992907
0.552000 0.992934
0.556000 0.992961
0.560000 0.992987
0.564000 0.993014
0.568000 0.993041
0.572000 0.993068
0.576000 0.993094
0.580000 0.993121
0.584000 0.993147
0.588000 0.993174
0.592000 0.993200
0.596000 0.993226
0.600000 0.993252
0.604000 0.993278
0.608000 0.993304
0.612000 0.993330
0.616000 0.993356
0.620000 0.993381
0.624000 0.993407
0.628000 0.993432
0.632000 0.993457
0.636000 0.993482
0.640000 0.993507
0.644000 0.993532
0.648000 0.993556
0.652000 0.993580
0.656000 0.993604
0.660000 0.993628
0.664000 0.993652
0.668000 0.993676
0.672000 0.993699
0.676000 0.993722
0.680000 0.993745
0.684000 0.993767
0.688000 0.993790
0.692000 0.993812
0.696000 0.993834
0.700000 0.993856
0.704000 0.993877
0.708000 0.993898
0.712000 0.993919
0.716000 0.993940
0.720000 0.993961
0.724000 0.993981
0.728000 0.994001
0.732000 0.994020
0.736000 0.994040
0.740000 0.994059
0.744000 0.994078
0.748000 0.994097
0.752000 0.994115
0.756000 0.994133
0.760000 0.994151
0.764000 0.994169
0.768000 0.994186
0.772000 0.994203
0.776000 0.994220
0.780000 0.994236
0.784000 0.994252
0.788000 0.994268
0.792000 0.994284
0.796000 0.994299
0.800000 0.994314
0.804000 0.994329
0.808000 0.994344
0.812000 0.994358
0.816000 0.994372
0.820000 0.994386
0.824000 0.994400
0.828000 0.994413
0.832000 0.994426
0.836000 0.994439
0.840000 0.994451
0.844000 0.994463
0.848000 0.994475
0.852000 0.994487
0.856000 0.994499
0.860000 0.994510
0.864000 0.994521
0.868000 0.994532
0.872000 0.994542
0.876000 0.994552
0.880000 0.994562
0.884000 0.994572
0.888000 0.994582
0.892000 0.994591
0.896000 0.994600
0.900000 0.994609
0.904000 0.994618
0.908000 0.994626
0.912000 0.994635
0.916000 0.994643
0.920000 0.994651
0.924000 0.994658
0.928000 0.994666
0.932000 0.994673
0.936000 0.994680
0.940000 0.994687
0.944000 0.994694
0.948000 0.994701
0.952000 0.994707
0.956000 0.994713
0.960000 0.994719
0.964000 0.994726
0.968000 0.994732
0.972000 0.994738
0.976000 0.994744
0.980000 0.994750
0.984000 0.994757
0.988000 0.994764
0.992000 0.994772
0.996000 0.994781
1.000000 0.994792
