-1.000000 0.991037
-0.996000 0.991037
-0.992000 0.991037
-0.988000 0.991037
-0.984000 0.991037
-0.980000 0.991037
-0.976000 0.991037
-0.972000 0.991037
-0.968000 0.991037
-0.964000 0.991037
-0.960000 0.991037
-0.956000 0.991037
-0.952000 0.991037
-0.948000 0.991037
-0.944000 0.991037
-0.940000 0.991037
-0.936000 0.991037
-0.932000 0.991037
-0.928000 0.991037
-0.924000 0.991037
-0.920000 0.991037
-0.916000 0.991037
-0.912000 0.991037
-0.908000 0.991037
-0.904000 0.991037
-0.900000 0.991037
-0.896000 0.991037
-0.892000 0.991037
-0.888000 0.991037
-0.884000 0.991037
-0.880000 0.991037
-0.876000 0.991037
-0.872000 0.991037
-0.868000 0.991037
-0.864000 0.991037
-0.860000 0.991037
-0.856000 0.991037
-0.852000 0.991037
-0.848000 0.991037
-0.844000 0.991037
-0.840000 0.991037
-0.836000 0.991037
-0.832000 0.991037
-0.828000 0.991037
-0.824000 0.991037
-0.820000 0.991037
-0.816000 0.991037
-0.812000 0.991037
-0.808000 0.991037
-0.804000 0.991037
-0.800000 0.991037
-0.796000 0.991037
-0.792000 0.991037
-0.788000 0.991037
-0.784000 0.991037
-0.780000 0.991037
-0.776000 0.991037
-0.772000 0.991037
-0.768000 0.991037
-0.764000 0.991037
-0.760000 0.991037
-0.756000 0.991037
-0.752000 0.991037
-0.748000 0.991037
-0.744000 0.991037
-0.740000 0.991037
-0.736000 0.991037
-0.732000 0.991037
-0.728000 0.991037
-0.724000 0.991037
-0.720000 0.991037
-0.716000 0.991037
-0.712000 0.991037
-0.708000 0.991037
-0.704000 0.991037
-0.700000 0.991037
-0.696000 0.991037
-0.692000 0.991037
-0.688000 0.991037
-0.684000 0.991037
-0.680000 0.991037
-0.676000 0.991037
-0.672000 0.991037
-0.668000 0.991037
-0.664000 0.991037
-0.660000 0.991037
-0.656000 0.991037
-0.652000 0.991037
-0.648000 0.991037
-0.644000 0.991037
-0.640000 0.991037
-0.636000 0.991037
-0.632000 0.991037
-0.628000 0.991037
-0.624000 0.991037
-0.620000 0.991037
-0.616000 0.991037
-0.612000 0.991037
-0.608000 0.991037
-0.604000 0.991037
-0.600000 0.991037
-0.596000 0.991037
-0.592000 0.991037
-0.588000 0.991037
-0.584000 0.991037
-0.580000 0.991037
-0.576000 0.991037
-0.572000 0.991037
-0.568000 0.991037
-0.564000 0.991037
-0.560000 0.991037
-0.556000 0.991037
-0.552000 0.991037
-0.548000 0.991037
-0.544000 0.991037
-0.540000 0.991037
-0.536000 0.991037
-0.532000 0.991037
-0.528000 0.991037
-0.524000 0.991037
-0.520000 0.991037
-0.516000 0.991037
-0.512000 0.991037
-0.508000 0.991037
-0.504000 0.991037
-0.500000 0.991037
-0.496000 0.991037
-0.492000 0.991037
-0.488000 0.991037
-0.484000 0.991037
-0.480000 0.991037
-0.476000 0.991037
-0.472000 0.991037
-0.468000 0.991037
-0.464000 0.991037
-0.460000 0.991037
-0.456000 0.991037
-0.452000 0.991037
-0.448000 0.991037
-0.444000 0.991037
-0.440000 0.991037
-0.436000 0.991037
-0.432000 0.991037
-0.428000 0.991037
-0.424000 0.991037
-0.420000 0.991037
-0.416000 0.991037
-0.412000 0.991037
-0.408000 0.991037
-0.404000 0.991037
-0.400000 0.991037
-0.396000 0.991037
-0.392000 0.991037
-0.388000 0.991037
-0.384000 0.991037
-0.380000 0.991037
-0.376000 0.991037
-0.372000 0.991037
-0.368000 0.991037
-0.364000 0.991037
-0.360000 0.991037
-0.356000 0.991037
-0.352000 0.991037
-0.348000 0.991037
-0.344000 0.991037
-0.340000 0.991037
-0.336000 0.991037
-0.332000 0.991037
-0.328000 0.991037
-0.324000 0.991037
-0.320000 0.991037
-0.316000 0.991037
-0.312000 0.991037
-0.308000 0.991038
-0.304000 0.991038
-0.300000 0.991038
-0.296000 0.991038
-0.292000 0.991038
-0.288000 0.991038
-0.284000 0.991038
-0.280000 0.991038
-0.276000 0.991038
-0.272000 0.991038
-0.268000 0.991038
-0.264000 0.991038
-0.260000 0.991038
-0.256000 0.991038
-0.252000 0.991039
-0.248000 0.991039
-0.244000 0.991039
-0.240000 0.991039
-0.236000 0.991039
-0.232000 0.991039
-0.228000 0.991039
-0.224000 0.991040
-0.220000 0.991040
-0.216000 0.991040
-0.212000 0.991040
-0.208000 0.991040
-0.204000 0.991041
-0.200000 0.991041
-0.196000 0.991041
-0.192000 0.991041
-0.188000 0.991042
-0.184000 0.991042
-0.180000 0.991042
-0.176000 0.991043
-0.172000 0.991043
-0.168000 0.991044
-0.164000 0.991044
-0.160000 0.991045
-0.156000 0.991045
-0.152000 0.991046
-0.148000 0.991046
-0.144000 0.991047
-0.140000 0.991048
-0.136000 0.991048
-0.132000 0.991049
-0.128000 0.991050
-0.124000 0.991050
-0.120000 0.991051
-0.116000 0.991052
-0.112000 0.991053
-0.108000 0.991054
-0.104000 0.991055
-0.100000 0.991056
-0.096000 0.991057
-0.092000 0.991059
-0.088000 0.991060
-0.084000 0.991061
-0.080000 0.991063
-0.076000 0.991064
-0.072000 0.991066
-0.068000 0.991067
-0.064000 0.991069
-0.060000 0.991071
-0.056000 0.991073
-0.052000 0.991075
-0.048000 0.991077
-0.044000 0.991079
-0.040000 0.991081
-0.036000 0.991084
-0.032000 0.991086
-0.028000 0.991089
-0.024000 0.991092
-0.020000 0.991094
-0.016000 0.991097
-0.012000 0.991100
-0.008000 0.991104
-0.004000 0.991107
0.000000 0.991110
0.004000 0.991114
0.008000 0.991118
0.012000 0.991122
0.016000 0.991126
0.020000 0.991130
0.024000 0.991135
0.028000 0.991139
0.032000 0.991144
0.036000 0.991149
0.040000 0.991154
0.044000 0.991159
0.048000 0.991165
0.052000 0.991170
0.056000 0.991176
0.060000 0.991182
0.064000 0.991189
0.068000 0.991195
0.072000 0.991202
0.076000 0.991209
0.080000 0.991216
0.084000 0.991224
0.088000 0.991231
0.092000 0.991239
0.096000 0.991247
0.100000 0.991256
0.104000 0.991264
0.108000 0.991273
0.112000 0.991283
0.116000 0.991292
0.120000 0.991302
0.124000 0.991312
0.128000 0.991322
0.132000 0.991333
0.136000 0.991343
0.140000 0.991355
0.144000 0.991366
0.148000 0.991378
0.152000 0.991390
0.156000 0.991402
0.160000 0.991415
0.164000 0.991428
0.168000 0.991441
0.172000 0.991455
0.176000 0.991468
0.180000 0.991483
0.184000 0.991497
0.188000 0.991512
0.192000 0.991527
0.196000 0.991543
0.200000 0.991558
0.204000 0.991574
0.208000 0.991591
0.212000 0.991608
0.216000 0.991625
0.220000 0.991642
0.224000 0.991660
0.228000 0.991678
0.232000 0.991696
0.236000 0.991715
0.240000 0.991734
0.244000 0.991753
0.248000 0.991773
0.252000 0.991793
0.256000 0.991813
0.260000 0.991833
0.264000 0.991854
0.268000 0.991875
0.272000 0.991897
0.276000 0.991918
0.280000 0.991940
0.284000 0.991963
0.288000 0.991985
0.292000 0.992008
0.296000 0.992031
0.300000 0.992054
0.304000 0.992078
0.308000 0.992102
0.312000 0.992126
0.316000 0.992150
0.320000 0.992175
0.324000 0.992200
0.328000 0.992225
0.332000 0.992250
0.336000 0.992275
0.340000 0.992301
0.344000 0.992327
0.348000 0.992353
0.352000 0.992379
0.356000 0.992405
0.360000 0.992432
0.364000 0.992459
0.368000 0.992485
0.372000 0.992512
0.376000 0.992540
0.380000 0.992567
0.384000 0.992594
0.388000 0.992621
0.392000 0.992649
0.396000 0.992676
0.400000 0.992704
0.404000 0.992732
0.408000 0.992760
0.412000 0.992787
0.416000 0.992815
0.420000 0.992843
0.424000 0.992871
0.428000 0.992899
0.432000 0.992927
0.436000 0.992955
0.440000 0.992983
0.444000 0.993010
0.448000 0.993038
0.452000 0.993066
0.456000 0.993094
0.460000 0.993121
0.464000 0.993149
0.468000 0.993177
0.472000 0.993204
0.476000 0.993231
0.480000 0.993258
0.484000 0.993286
0.488000 0.993312
0.492000 0.993339
0.496000 0.993366
0.500000 0.993393
0.504000 0.993419
0.508000 0.993445
0.512000 0.993471
0.516000 0.993497
0.520000 0.993523
0.524000 0.993548
0.528000 0.993574
0.532000 0.993599
0.536000 0.993624
0.540000 0.993648
0.544000 0.993673
0.548000 0.993697
0.552000 0.993721
0.556000 0.993745
0.560000 0.993769
0.564000 0.993792
0.568000 0.993815
0.572000 0.993838
0.576000 0.993860
0.580000 0.993883
0.584000 0.993905
0.588000 0.993926
0.592000 0.993948
0.596000 0.993969
0.600000 0.993990
0.604000 0.994010
0.608000 0.994031
0.612000 0.994051
0.616000 0.994071
0.620000 0.994090
0.624000 0.994109
0.628000 0.994128
0.632000 0.994147
0.636000 0.994165
0.640000 0.994183
0.644000 0.994201
0.648000 0.994219
0.652000 0.994236
0.656000 0.994253
0.660000 0.994269
0.664000 0.994285
0.668000 0.994301
0.672000 0.994317
0.676000 0.994332
0.680000 0.994348
0.684000 0.994362
0.688000 0.994377
0.692000 0.994391
0.696000 0.994405
0.700000 0.994419
0.704000 0.994432
0.708000 0.994445
0.712000 0.994458
0.716000 0.994471
0.720000 0.994483
0.724000 0.994495
0.728000 0.994507
0.732000 0.994518
0.736000 0.994529
0.740000 0.994540
0.744000 0.994551
0.748000 0.994562
0.752000 0.994572
0.756000 0.994582
0.760000 0.994591
0.764000 0.994601
0.768000 0.994610
0.772000 0.994619
0.776000 0.994628
0.780000 0.994637
0.784000 0.994645
0.788000 0.994653
0.792000 0.994661
0.796000 0.994669
0.800000 0.994676
0.804000 0.994683
0.808000 0.994690
0.812000 0.994697
0.816000 0.994704
0.820000 0.994711
0.824000 0.994717
0.828000 0.994723
0.832000 0.994729
0.836000 0.994735
0.840000 0.994740
0.844000 0.994746
0.848000 0.994751
0.852000 0.994756
0.856000 0.994761
0.860000 0.994766
0.864000 0.994771
0.868000 0.994775
0.872000 0.994779
0.876000 0.994784
0.880000 0.994788
0.884000 0.994792
0.888000 0.994796
0.892000 0.994799
0.896000 0.994803
0.900000 0.994806
0.904000 0.994810
0.908000 0.994813
0.912000 0.994816
0.916000 0.994819
0.920000 0.994822
0.924000 0.994825
0.928000 0.994827
0.932000 0.994830
0.936000 0.994833
0.940000 0.994835
0.944000 0.994837
0.948000 0.994840
0.952000 0.994842
0.956000 0.994844
0.960000 0.994846
0.964000 0.994848
0.968000 0.994850
0.972000 0.994852
0.976000 0.994854
0.980000 0.994856
0.984000 0.994858
0.988000 0.994860
0.992000 0.994863
0.996000 0.994865
1.000000 0.994869
