-1.000000 0.992919
-0.996000 0.992919
-0.992000 0.992919
-0.988000 0.992919
-0.984000 0.992919
-0.980000 0.992919
-0.976000 0.992919
-0.972000 0.992919
-0.968000 0.992919
-0.964000 0.992919
-0.960000 0.992919
-0.956000 0.992919
-0.952000 0.992919
-0.948000 0.992919
-0.944000 0.992919
-0.940000 0.992919
-0.936000 0.992919
-0.932000 0.992919
-0.928000 0.992919
-0.924000 0.992919
-0.920000 0.992919
-0.916000 0.992919
-0.912000 0.992919
-0.908000 0.992919
-0.904000 0.992919
-0.900000 0.992919
-0.896000 0.992919
-0.892000 0.992919
-0.888000 0.992919
-0.884000 0.992919
-0.880000 0.992919
-0.876000 0.992919
-0.872000 0.992919
-0.868000 0.992919
-0.864000 0.992919
-0.860000 0.992919
-0.856000 0.992919
-0.852000 0.992919
-0.848000 0.992919
-0.844000 0.992919
-0.840000 0.992919
-0.836000 0.992919
-0.832000 0.992919
-0.828000 0.992919
-0.824000 0.992919
-0.820000 0.992919
-0.816000 0.992919
-0.812000 0.992919
-0.808000 0.992919
-0.804000 0.992919
-0.800000 0.992919
-0.796000 0.992919
-0.792000 0.992919
-0.788000 0.992919
-0.784000 0.992919
-0.780000 0.992919
-0.776000 0.992919
-0.772000 0.992919
-0.768000 0.992919
-0.764000 0.992919
-0.760000 0.992919
-0.756000 0.992919
-0.752000 0.992919
-0.748000 0.992919
-0.744000 0.992919
-0.740000 0.992919
-0.736000 0.992919
-0.732000 0.992919
-0.728000 0.992919
-0.724000 0.992919
-0.720000 0.992919
-0.716000 0.992919
-0.712000 0.992919
-0.708000 0.992919
-0.704000 0.992919
-0.700000 0.992919
-0.696000 0.992919
-0.692000 0.992919
-0.688000 0.992919
-0.684000 0.992919
-0.680000 0.992919
-0.676000 0.992919
-0.672000 0.992919
-0.668000 0.992919
-0.664000 0.992919
-0.660000 0.992919
-0.656000 0.992919
-0.652000 0.992919
-0.648000 0.992919
-0.644000 0.992919
-0.640000 0.992919
-0.636000 0.992919
-0.632000 0.992919
-0.628000 0.992919
-0.624000 0.992919
-0.620000 0.992919
-0.616000 0.992919
-0.612000 0.992919
-0.608000 0.992919
-0.604000 0.992919
-0.600000 0.992919
-0.596000 0.992919
-0.592000 0.992919
-0.588000 0.992919
-0.584000 0.992919
-0.580000 0.992919
-0.576000 0.992919
-0.572000 0.992919
-0.568000 0.992919
-0.564000 0.992919
-0.560000 0.992919
-0.556000 0.992920
-0.552000 0.992920
-0.548000 0.992920
-0.544000 0.992920
-0.540000 0.992920
-0.536000 0.992920
-0.532000 0.992920
-0.528000 0.992920
-0.524000 0.992920
-0.520000 0.992920
-0.516000 0.992920
-0.512000 0.992921
-0.508000 0.992921
-0.504000 0.992921
-0.500000 0.992921
-0.496000 0.992921
-0.492000 0.992921
-0.488000 0.992922
-0.484000 0.992922
-0.480000 0.992922
-0.476000 0.992922
-0.472000 0.992923
-0.468000 0.992923
-0.464000 0.992923
-0.460000 0.992924
-0.456000 0.992924
-0.452000 0.992925
-0.448000 0.992925
-0.444000 0.992926
-0.440000 0.992926
-0.436000 0.992927
-0.432000 0.992928
-0.428000 0.992928
-0.424000 0.992929
-0.420000 0.992930
-0.416000 0.992931
-0.412000 0.992932
-0.408000 0.992933
-0.404000 0.992934
-0.400000 0.992935
-0.396000 0.992936
-0.392000 0.992938
-0.388000 0.992939
-0.384000 0.992940
-0.380000 0.992942
-0.376000 0.992944
-0.372000 0.992946
-0.368000 0.992947
-0.364000 0.992950
-0.360000 0.992952
-0.356000 0.992954
-0.352000 0.992956
-0.348000 0.992959
-0.344000 0.992962
-0.340000 0.992965
-0.336000 0.992968
-0.332000 0.992971
-0.328000 0.992975
-0.324000 0.992978
-0.320000 0.992982
-0.316000 0.992986
-0.312000 0.992990
-0.308000 0.992995
-0.304000 0.993000
-0.300000 0.993005
-0.296000 0.993010
-0.292000 0.993016
-0.288000 0.993021
-0.284000 0.993028
-0.280000 0.993034
-0.276000 0.993041
-0.272000 0.993048
-0.268000 0.993055
-0.264000 0.993063
-0.260000 0.993071
-0.256000 0.993080
-0.252000 0.993089
-0.248000 0.993098
-0.244000 0.993108
-0.240000 0.993118
-0.236000 0.993128
-0.232000 0.993139
-0.228000 0.993151
-0.224000 0.993163
-0.220000 0.993175
-0.216000 0.993188
-0.212000 0.993202
-0.208000 0.993215
-0.204000 0.993230
-0.200000 0.993245
-0.196000 0.993261
-0.192000 0.993277
-0.188000 0.993294
-0.184000 0.993311
-0.180000 0.993329
-0.176000 0.993348
-0.172000 0.993367
-0.168000 0.993387
-0.164000 0.993407
-0.160000 0.993429
-0.156000 0.993451
-0.152000 0.993473
-0.148000 0.993496
-0.144000 0.993520
-0.140000 0.993545
-0.136000 0.993570
-0.132000 0.993597
-0.128000 0.993623
-0.124000 0.993651
-0.120000 0.993679
-0.116000 0.993708
-0.112000 0.993738
-0.108000 0.993769
-0.104000 0.993800
-0.100000 0.993832
-0.096000 0.993865
-0.092000 0.993899
-0.088000 0.993933
-0.084000 0.993968
-0.080000 0.994004
-0.076000 0.994041
-0.072000 0.994079
-0.068000 0.994117
-0.064000 0.994156
-0.060000 0.994196
-0.056000 0.994236
-0.052000 0.994277
-0.048000 0.994319
-0.044000 0.994362
-0.040000 0.994405
-0.036000 0.994449
-0.032000 0.994494
-0.028000 0.994540
-0.024000 0.994586
-0.020000 0.994633
-0.016000 0.994680
-0.012000 0.994728
-0.008000 0.994777
-0.004000 0.994827
0.000000 0.994876
0.004000 0.994927
0.008000 0.994978
0.012000 0.995030
0.016000 0.995082
0.020000 0.995135
0.024000 0.995188
0.028000 0.995241
0.032000 0.995295
0.036000 0.995350
0.040000 0.995405
0.044000 0.995460
0.048000 0.995516
0.052000 0.995572
0.056000 0.995628
0.060000 0.995685
0.064000 0.995742
0.068000 0.995799
0.072000 0.995856
0.076000 0.995914
0.080000 0.995971
0.084000 0.996029
0.088000 0.996087
0.092000 0.996145
0.096000 0.996203
0.100000 0.996262
0.104000 0.996320
0.108000 0.996378
0.112000 0.996436
0.116000 0.996494
0.120000 0.996552
0.124000 0.996610
0.128000 0.996668
0.132000 0.996726
0.136000 0.996784
0.140000 0.996841
0.144000 0.996898
0.148000 0.996955
0.152000 0.997012
0.156000 0.997068
0.160000 0.997124
0.164000 0.997180
0.168000 0.997235
0.172000 0.997290
0.176000 0.997345
0.180000 0.997399
0.184000 0.997453
0.188000 0.997506
0.192000 0.997559
0.196000 0.997611
0.200000 0.997663
0.204000 0.997715
0.208000 0.997766
0.212000 0.997816
0.216000 0.997866
0.220000 0.997915
0.224000 0.997964
0.228000 0.998012
0.232000 0.998059
0.236000 0.998106
0.240000 0.998152
0.244000 0.998198
0.248000 0.998243
0.252000 0.998287
0.256000 0.998331
0.260000 0.998374
0.264000 0.998416
0.268000 0.998458
0.272000 0.998499
0.276000 0.998539
0.280000 0.998579
0.284000 0.998618
0.288000 0.998656
0.292000 0.998693
0.296000 0.998730
0.300000 0.998767
0.304000 0.998802
0.308000 0.998837
0.312000 0.998871
0.316000 0.998904
0.320000 0.998937
0.324000 0.998969
0.328000 0.999000
0.332000 0.999031
0.336000 0.999061
0.340000 0.999090
0.344000 0.999119
0.348000 0.999147
0.352000 0.999174
0.356000 0.999201
0.360000 0.999227
0.364000 0.999252
0.368000 0.999277
0.372000 0.999301
0.376000 0.999325
0.380000 0.999348
0.384000 0.999370
0.388000 0.999392
0.392000 0.999413
0.396000 0.999433
0.400000 0.999453
0.404000 0.999473
0.408000 0.999492
0.412000 0.999510
0.416000 0.999528
0.420000 0.999545
0.424000 0.999562
0.428000 0.999578
0.432000 0.999594
0.436000 0.999609
0.440000 0.999624
0.444000 0.999639
0.448000 0.999652
0.452000 0.999666
0.456000 0.999679
0.460000 0.999692
0.464000 0.999704
0.468000 0.999716
0.472000 0.999727
0.476000 0.999738
0.480000 0.999749
0.484000 0.999759
0.488000 0.999769
0.492000 0.999778
0.496000 0.999788
0.500000 0.999797
0.504000 0.999805
0.508000 0.999813
0.512000 0.999821
0.516000 0.999829
0.520000 0.999837
0.524000 0.999844
0.528000 0.999850
0.532000 0.999857
0.536000 0.999863
0.540000 0.999869
0.544000 0.999875
0.548000 0.999881
0.552000 0.999886
0.556000 0.999892
0.560000 0.999896
0.564000 0.999901
0.568000 0.999906
0.572000 0.999910
0.576000 0.999914
0.580000 0.999918
0.584000 0.999922
0.588000 0.999926
0.592000 0.999930
0.596000 0.999933
0.600000 0.999936
0.604000 0.999939
0.608000 0.999942
0.612000 0.999945
0.616000 0.999948
0.620000 0.999950
0.624000 0.999953
0.628000 0.999955
0.632000 0.999957
0.636000 0.999960
0.640000 0.999962
0.644000 0.999964
0.648000 0.999966
0.652000 0.999967
0.656000 0.999969
0.660000 0.999971
0.664000 0.999972
0.668000 0.999974
0.672000 0.999975
0.676000 0.999976
0.680000 0.999978
0.684000 0.999979
0.688000 0.999980
0.692000 0.999981
0.696000 0.999982
0.700000 0.999983
0.704000 0.999984
0.708000 0.999985
0.712000 0.999986
0.716000 0.999986
0.720000 0.999987
0.724000 0.999988
0.728000 0.999989
0.732000 0.999989
0.736000 0.999990
0.740000 0.999990
0.744000 0.999991
0.748000 0.999991
0.752000 0.999992
0.756000 0.999992
0.760000 0.999993
0.764000 0.999993
0.768000 0.999994
0.772000 0.999994
0.776000 0.999994
0.780000 0.999995
0.784000 0.999995
0.788000 0.999995
0.792000 0.999996
0.796000 0.999996
0.800000 0.999996
0.804000 0.999996
0.808000 0.999997
0.812000 0.999997
0.816000 0.999997
0.820000 0.999997
0.824000 0.999997
0.828000 0.999998
0.832000 0.999998
0.836000 0.999998
0.840000 0.999998
0.844000 0.999998
0.848000 0.999998
0.852000 0.999998
0.856000 0.999998
0.860000 0.999999
0.864000 0.999999
0.868000 0.999999
0.872000 0.999999
0.876000 0.999999
0.880000 0.999999
0.884000 0.999999
0.888000 0.999999
0.892000 0.999999
0.896000 0.999999
0.900000 0.999999
0.904000 0.999999
0.908000 0.999999
0.912000 0.999999
0.916000 0.999999
0.920000 0.999999
0.924000 0.999999
0.928000 1.000000
0.932000 1.000000
0.936000 1.000000
0.940000 1.000000
0.944000 1.000000
0.948000 1.000000
0.952000 1.000000
0.956000 1.000000
0.960000 1.000000
0.964000 1.000000
0.968000 1.000000
0.972000 1.000000
0.976000 1.000000
0.980000 1.000000
0.984000 1.000000
0.988000 1.000000
0.992000 1.000000
0.996000 1.000000
1.000000 1.000000
