-1.000000 0.997928
-0.996000 0.997928
-0.992000 0.997928
-0.988000 0.997928
-0.984000 0.997928
-0.980000 0.997928
-0.976000 0.997928
-0.972000 0.997928
-0.968000 0.997928
-0.964000 0.997928
-0.960000 0.997928
-0.956000 0.997928
-0.952000 0.997928
-0.948000 0.997928
-0.944000 0.997928
-0.940000 0.997928
-0.936000 0.997928
-0.932000 0.997928
-0.928000 0.997928
-0.924000 0.997928
-0.920000 0.997928
-0.916000 0.997928
-0.912000 0.997928
-0.908000 0.997928
-0.904000 0.997928
-0.900000 0.997928
-0.896000 0.997928
-0.892000 0.997928
-0.888000 0.997928
-0.884000 0.997928
-0.880000 0.997928
-0.876000 0.997928
-0.872000 0.997928
-0.868000 0.997928
-0.864000 0.997928
-0.860000 0.997928
-0.856000 0.997928
-0.852000 0.997928
-0.848000 0.997928
-0.844000 0.997928
-0.840000 0.997928
-0.836000 0.997928
-0.832000 0.997928
-0.828000 0.997928
-0.824000 0.997928
-0.820000 0.997928
-0.816000 0.997928
-0.812000 0.997928
-0.808000 0.997928
-0.804000 0.997928
-0.800000 0.997928
-0.796000 0.997928
-0.792000 0.997928
-0.788000 0.997928
-0.784000 0.997928
-0.780000 0.997928
-0.776000 0.997928
-0.772000 0.997928
-0.768000 0.997928
-0.764000 0.997928
-0.760000 0.997928
-0.756000 0.997928
-0.752000 0.997928
-0.748000 0.997928
-0.744000 0.997928
-0.740000 0.997928
-0.736000 0.997928
-0.732000 0.997928
-0.728000 0.997928
-0.724000 0.997928
-0.720000 0.997928
-0.716000 0.997928
-0.712000 0.997928
-0.708000 0.997928
-0.704000 0.997928
-0.700000 0.997928
-0.696000 0.997928
-0.692000 0.997928
-0.688000 0.997928
-0.684000 0.997928
-0.680000 0.997928
-0.676000 0.997928
-0.672000 0.997928
-0.668000 0.997928
-0.664000 0.997928
-0.660000 0.997928
-0.656000 0.997928
-0.652000 0.997928
-0.648000 0.997928
-0.644000 0.997928
-0.640000 0.997928
-0.636000 0.997928
-0.632000 0.997928
-0.628000 0.997928
-0.624000 0.997928
-0.620000 0.997928
-0.616000 0.997928
-0.612000 0.997928
-0.608000 0.997928
-0.604000 0.997928
-0.600000 0.997928
-0.596000 0.997928
-0.592000 0.997928
-0.588000 0.997928
-0.584000 0.997928
-0.580000 0.997928
-0.576000 0.997928
-0.572000 0.997928
-0.568000 0.997928
-0.564000 0.997928
-0.560000 0.997928
-0.556000 0.997928
-0.552000 0.997928
-0.548000 0.997928
-0.544000 0.997928
-0.540000 0.997928
-0.536000 0.997928
-0.532000 0.997928
-0.528000 0.997928
-0.524000 0.997928
-0.520000 0.997928
-0.516000 0.997928
-0.512000 0.997928
-0.508000 0.997928
-0.504000 0.997928
-0.500000 0.997928
-0.496000 0.997928
-0.492000 0.997928
-0.488000 0.997928
-0.484000 0.997928
-0.480000 0.997928
-0.476000 0.997928
-0.472000 0.997928
-0.468000 0.997928
-0.464000 0.997928
-0.460000 0.997928
-0.456000 0.997928
-0.452000 0.997928
-0.448000 0.997928
-0.444000 0.997928
-0.440000 0.997928
-0.436000 0.997928
-0.432000 0.997928
-0.428000 0.997928
-0.424000 0.997928
-0.420000 0.997928
-0.416000 0.997928
-0.412000 0.997928
-0.408000 0.997928
-0.404000 0.997927
-0.400000 0.997927
-0.396000 0.997927
-0.392000 0.997927
-0.388000 0.997927
-0.384000 0.997927
-0.380000 0.997927
-0.376000 0.997927
-0.372000 0.997927
-0.368000 0.997927
-0.364000 0.997927
-0.360000 0.997927
-0.356000 0.997927
-0.352000 0.997926
-0.348000 0.997926
-0.344000 0.997926
-0.340000 0.997926
-0.336000 0.997926
-0.332000 0.997926
-0.328000 0.997925
-0.324000 0.997925
-0.320000 0.997925
-0.316000 0.997925
-0.312000 0.997924
-0.308000 0.997924
-0.304000 0.997924
-0.300000 0.997924
-0.296000 0.997923
-0.292000 0.997923
-0.288000 0.997922
-0.284000 0.997922
-0.280000 0.997922
-0.276000 0.997921
-0.272000 0.997921
-0.268000 0.997920
-0.264000 0.997919
-0.260000 0.997919
-0.256000 0.997918
-0.252000 0.997917
-0.248000 0.997917
-0.244000 0.997916
-0.240000 0.997915
-0.236000 0.997914
-0.232000 0.997913
-0.228000 0.997912
-0.224000 0.997911
-0.220000 0.997910
-0.216000 0.997908
-0.212000 0.997907
-0.208000 0.997906
-0.204000 0.997904
-0.200000 0.997903
-0.196000 0.997901
-0.192000 0.997899
-0.188000 0.997897
-0.184000 0.997895
-0.180000 0.997893
-0.176000 0.997891
-0.172000 0.997889
-0.168000 0.997886
-0.164000 0.997884
-0.160000 0.997881
-0.156000 0.997878
-0.152000 0.997875
-0.148000 0.997872
-0.144000 0.997869
-0.140000 0.997865
-0.136000 0.997862
-0.132000 0.997858
-0.128000 0.997854
-0.124000 0.997849
-0.120000 0.997845
-0.116000 0.997840
-0.112000 0.997836
-0.108000 0.997830
-0.104000 0.997825
-0.100000 0.997820
-0.096000 0.997814
-0.092000 0.997808
-0.088000 0.997801
-0.084000 0.997795
-0.080000 0.997788
-0.076000 0.997781
-0.072000 0.997773
-0.068000 0.997765
-0.064000 0.997757
-0.060000 0.997749
-0.056000 0.997740
-0.052000 0.997731
-0.048000 0.997721
-0.044000 0.997711
-0.040000 0.997701
-0.036000 0.997690
-0.032000 0.997679
-0.028000 0.997668
-0.024000 0.997656
-0.020000 0.997644
-0.016000 0.997631
-0.012000 0.997618
-0.008000 0.997604
-0.004000 0.997590
0.000000 0.997576
0.004000 0.997561
0.008000 0.997545
0.012000 0.997529
0.016000 0.997512
0.020000 0.997495
0.024000 0.997478
0.028000 0.997459
0.032000 0.997441
0.036000 0.997422
0.040000 0.997402
0.044000 0.997381
0.048000 0.997360
0.052000 0.997339
0.056000 0.997317
0.060000 0.997294
0.064000 0.997271
0.068000 0.997247
0.072000 0.997222
0.076000 0.997197
0.080000 0.997171
0.084000 0.997145
0.088000 0.997118
0.092000 0.997090
0.096000 0.997062
0.100000 0.997033
0.104000 0.997003
0.108000 0.996973
0.112000 0.996942
0.116000 0.996911
0.120000 0.996879
0.124000 0.996846
0.128000 0.996813
0.132000 0.996779
0.136000 0.996744
0.140000 0.996709
0.144000 0.996673
0.148000 0.996636
0.152000 0.996599
0.156000 0.996561
0.160000 0.996523
0.164000 0.996484
0.168000 0.996444
0.172000 0.996404
0.176000 0.996363
0.180000 0.996322
0.184000 0.996280
0.188000 0.996237
0.192000 0.996194
0.196000 0.996151
0.200000 0.996107
0.204000 0.996062
0.208000 0.996017
0.212000 0.995971
0.216000 0.995925
0.220000 0.995879
0.224000 0.995832
0.228000 0.995784
0.232000 0.995736
0.236000 0.995688
0.240000 0.995639
0.244000 0.995590
0.248000 0.995541
0.252000 0.995491
0.256000 0.995441
0.260000 0.995391
0.264000 0.995340
0.268000 0.995289
0.272000 0.995238
0.276000 0.995187
0.280000 0.995135
0.284000 0.995083
0.288000 0.995031
0.292000 0.994979
0.296000 0.994927
0.300000 0.994875
0.304000 0.994822
0.308000 0.994769
0.312000 0.994717
0.316000 0.994664
0.320000 0.994611
0.324000 0.994559
0.328000 0.994506
0.332000 0.994453
0.336000 0.994401
0.340000 0.994348
0.344000 0.994296
0.348000 0.994243
0.352000 0.994191
0.356000 0.994139
0.360000 0.994087
0.364000 0.994036
0.368000 0.993984
0.372000 0.993933
0.376000 0.993882
0.380000 0.993831
0.384000 0.993781
0.388000 0.993730
0.392000 0.993680
0.396000 0.993631
0.400000 0.993582
0.404000 0.993533
0.408000 0.993484
0.412000 0.993436
0.416000 0.993388
0.420000 0.993341
0.424000 0.993294
0.428000 0.993248
0.432000 0.993201
0.436000 0.993156
0.440000 0.993111
0.444000 0.993066
0.448000 0.993022
0.452000 0.992978
0.456000 0.992935
0.460000 0.992892
0.464000 0.992850
0.468000 0.992809
0.472000 0.992768
0.476000 0.992727
0.480000 0.992687
0.484000 0.992648
0.488000 0.992609
0.492000 0.992571
0.496000 0.992533
0.500000 0.992496
0.504000 0.992459
0.508000 0.992423
0.512000 0.992388
0.516000 0.992353
0.520000 0.992319
0.524000 0.992285
0.528000 0.992252
0.532000 0.992220
0.536000 0.992188
0.540000 0.992157
0.544000 0.992126
0.548000 0.992096
0.552000 0.992066
0.556000 0.992037
0.560000 0.992009
0.564000 0.991981
0.568000 0.991954
0.572000 0.991927
0.576000 0.991901
0.580000 0.991876
0.584000 0.991851
0.588000 0.991826
0.592000 0.991802
0.596000 0.991779
0.600000 0.991756
0.604000 0.991734
0.608000 0.991712
0.612000 0.991691
0.616000 0.991670
0.620000 0.991650
0.624000 0.991630
0.628000 0.991611
0.632000 0.991592
0.636000 0.991574
0.640000 0.991556
0.644000 0.991539
0.648000 0.991522
0.652000 0.991506
0.656000 0.991490
0.660000 0.991474
0.664000 0.991459
0.668000 0.991445
0.672000 0.991430
0.676000 0.991417
0.680000 0.991403
0.684000 0.991390
0.688000 0.991377
0.692000 0.991365
0.696000 0.991353
0.700000 0.991342
0.704000 0.991330
0.708000 0.991320
0.712000 0.991309
0.716000 0.991299
0.720000 0.991289
0.724000 0.991279
0.728000 0.991270
0.732000 0.991261
0.736000 0.991253
0.740000 0.991244
0.744000 0.991236
0.748000 0.991228
0.752000 0.991221
0.756000 0.991213
0.760000 0.991206
0.764000 0.991200
0.768000 0.991193
0.772000 0.991187
0.776000 0.991181
0.780000 0.991175
0.784000 0.991169
0.788000 0.991163
0.792000 0.991158
0.796000 0.991153
0.800000 0.991148
0.804000 0.991143
0.808000 0.991139
0.812000 0.991135
0.816000 0.991130
0.820000 0.991126
0.824000 0.991122
0.828000 0.991119
0.832000 0.991115
0.836000 0.991112
0.840000 0.991108
0.844000 0.991105
0.848000 0.991102
0.852000 0.991099
0.856000 0.991096
0.860000 0.991094
0.864000 0.991091
0.868000 0.991089
0.872000 0.991086
0.876000 0.991084
0.880000 0.991082
0.884000 0.991080
0.888000 0.991078
0.892000 0.991076
0.896000 0.991074
0.900000 0.991072
0.904000 0.991070
0.908000 0.991069
0.912000 0.991067
0.916000 0.991066
0.920000 0.991064
0.924000 0.991063
0.928000 0.991062
0.932000 0.991061
0.936000 0.991059
0.940000 0.991058
0.944000 0.991057
0.948000 0.991056
0.952000 0.991055
0.956000 0.991054
0.960000 0.991053
0.964000 0.991053
0.968000 0.991052
0.972000 0.991051
0.976000 0.991050
0.980000 0.991049
0.984000 0.991048
0.988000 0.991048
0.992000 0.991047
0.996000 0.991045
1.000000 0.991044
