-1.000000 0.992919
-0.996000 0.992919
-0.992000 0.992919
-0.988000 0.992919
-0.984000 0.992919
-0.980000 0.992919
-0.976000 0.992919
-0.972000 0.992919
-0.968000 0.992919
-0.964000 0.992919
-0.960000 0.992919
-0.956000 0.992919
-0.952000 0.992919
-0.948000 0.992919
-0.944000 0.992919
-0.940000 0.992919
-0.936000 0.992919
-0.932000 0.992919
-0.928000 0.992919
-0.924000 0.992919
-0.920000 0.992919
-0.916000 0.992919
-0.912000 0.992919
-0.908000 0.992919
-0.904000 0.992919
-0.900000 0.992919
-0.896000 0.992919
-0.892000 0.992919
-0.888000 0.992919
-0.884000 0.992919
-0.880000 0.992919
-0.876000 0.992919
-0.872000 0.992919
-0.868000 0.992919
-0.864000 0.992919
-0.860000 0.992919
-0.856000 0.992919
-0.852000 0.992919
-0.848000 0.992919
-0.844000 0.992919
-0.840000 0.992919
-0.836000 0.992919
-0.832000 0.992919
-0.828000 0.992919
-0.824000 0.992919
-0.820000 0.992919
-0.816000 0.992919
-0.812000 0.992919
-0.808000 0.992919
-0.804000 0.992919
-0.800000 0.992919
-0.796000 0.992919
-0.792000 0.992919
-0.788000 0.992919
-0.784000 0.992919
-0.780000 0.992919
-0.776000 0.992919
-0.772000 0.992919
-0.768000 0.992919
-0.764000 0.992919
-0.760000 0.992919
-0.756000 0.992919
-0.752000 0.992919
-0.748000 0.992919
-0.744000 0.992919
-0.740000 0.992919
-0.736000 0.992919
-0.732000 0.992919
-0.728000 0.992919
-0.724000 0.992919
-0.720000 0.992919
-0.716000 0.992919
-0.712000 0.992919
-0.708000 0.992919
-0.704000 0.992919
-0.700000 0.992919
-0.696000 0.992919
-0.692000 0.992919
-0.688000 0.992919
-0.684000 0.992919
-0.680000 0.992919
-0.676000 0.992919
-0.672000 0.992919
-0.668000 0.992919
-0.664000 0.992919
-0.660000 0.992919
-0.656000 0.992919
-0.652000 0.992919
-0.648000 0.992919
-0.644000 0.992919
-0.640000 0.992919
-0.636000 0.992919
-0.632000 0.992919
-0.628000 0.992919
-0.624000 0.992919
-0.620000 0.992919
-0.616000 0.992919
-0.612000 0.992919
-0.608000 0.992919
-0.604000 0.992919
-0.600000 0.992919
-0.596000 0.992919
-0.592000 0.992919
-0.588000 0.992919
-0.584000 0.992919
-0.580000 0.992919
-0.576000 0.992919
-0.572000 0.992919
-0.568000 0.992919
-0.564000 0.992919
-0.560000 0.992919
-0.556000 0.992919
-0.552000 0.992919
-0.548000 0.992919
-0.544000 0.992919
-0.540000 0.992919
-0.536000 0.992919
-0.532000 0.992919
-0.528000 0.992919
-0.524000 0.992919
-0.520000 0.992919
-0.516000 0.992919
-0.512000 0.992919
-0.508000 0.992919
-0.504000 0.992919
-0.500000 0.992919
-0.496000 0.992919
-0.492000 0.992919
-0.488000 0.992919
-0.484000 0.992919
-0.480000 0.992919
-0.476000 0.992919
-0.472000 0.992919
-0.468000 0.992919
-0.464000 0.992919
-0.460000 0.992919
-0.456000 0.992919
-0.452000 0.992919
-0.448000 0.992919
-0.444000 0.992919
-0.440000 0.992919
-0.436000 0.992919
-0.432000 0.992919
-0.428000 0.992919
-0.424000 0.992919
-0.420000 0.992919
-0.416000 0.992919
-0.412000 0.992919
-0.408000 0.992919
-0.404000 0.992919
-0.400000 0.992919
-0.396000 0.992919
-0.392000 0.992919
-0.388000 0.992919
-0.384000 0.992919
-0.380000 0.992919
-0.376000 0.992919
-0.372000 0.992919
-0.368000 0.992919
-0.364000 0.992919
-0.360000 0.992919
-0.356000 0.992919
-0.352000 0.992919
-0.348000 0.992920
-0.344000 0.992920
-0.340000 0.992920
-0.336000 0.992920
-0.332000 0.992920
-0.328000 0.992920
-0.324000 0.992920
-0.320000 0.992920
-0.316000 0.992920
-0.312000 0.992920
-0.308000 0.992920
-0.304000 0.992920
-0.300000 0.992920
-0.296000 0.992920
-0.292000 0.992921
-0.288000 0.992921
-0.284000 0.992921
-0.280000 0.992921
-0.276000 0.992921
-0.272000 0.992921
-0.268000 0.992922
-0.264000 0.992922
-0.260000 0.992922
-0.256000 0.992922
-0.252000 0.992922
-0.248000 0.992923
-0.244000 0.992923
-0.240000 0.992923
-0.236000 0.992924
-0.232000 0.992924
-0.228000 0.992924
-0.224000 0.992925
-0.220000 0.992925
-0.216000 0.992926
-0.212000 0.992926
-0.208000 0.992927
-0.204000 0.992927
-0.200000 0.992928
-0.196000 0.992929
-0.192000 0.992929
-0.188000 0.992930
-0.184000 0.992931
-0.180000 0.992931
-0.176000 0.992932
-0.172000 0.992933
-0.168000 0.992934
-0.164000 0.992935
-0.160000 0.992936
-0.156000 0.992937
-0.152000 0.992939
-0.148000 0.992940
-0.144000 0.992941
-0.140000 0.992943
-0.136000 0.992944
-0.132000 0.992946
-0.128000 0.992947
-0.124000 0.992949
-0.120000 0.992951
-0.116000 0.992953
-0.112000 0.992955
-0.108000 0.992957
-0.104000 0.992960
-0.100000 0.992962
-0.096000 0.992964
-0.092000 0.992967
-0.088000 0.992970
-0.084000 0.992973
-0.080000 0.992976
-0.076000 0.992979
-0.072000 0.992983
-0.068000 0.992986
-0.064000 0.992990
-0.060000 0.992994
-0.056000 0.992998
-0.052000 0.993002
-0.048000 0.993007
-0.044000 0.993011
-0.040000 0.993016
-0.036000 0.993021
-0.032000 0.993026
-0.028000 0.993032
-0.024000 0.993038
-0.020000 0.993044
-0.016000 0.993050
-0.012000 0.993057
-0.008000 0.993063
-0.004000 0.993070
0.000000 0.993078
0.004000 0.993086
0.008000 0.993093
0.012000 0.993102
0.016000 0.993110
0.020000 0.993119
0.024000 0.993128
0.028000 0.993138
0.032000 0.993148
0.036000 0.993158
0.040000 0.993169
0.044000 0.993180
0.048000 0.993192
0.052000 0.993203
0.056000 0.993216
0.060000 0.993228
0.064000 0.993241
0.068000 0.993255
0.072000 0.993269
0.076000 0.993283
0.080000 0.993298
0.084000 0.993313
0.088000 0.993329
0.092000 0.993345
0.096000 0.993362
0.100000 0.993379
0.104000 0.993397
0.108000 0.993415
0.112000 0.993434
0.116000 0.993453
0.120000 0.993473
0.124000 0.993493
0.128000 0.993514
0.132000 0.993535
0.136000 0.993557
0.140000 0.993580
0.144000 0.993603
0.148000 0.993626
0.152000 0.993651
0.156000 0.993675
0.160000 0.993701
0.164000 0.993727
0.168000 0.993753
0.172000 0.993780
0.176000 0.993808
0.180000 0.993836
0.184000 0.993865
0.188000 0.993894
0.192000 0.993924
0.196000 0.993955
0.200000 0.993986
0.204000 0.994018
0.208000 0.994050
0.212000 0.994083
0.216000 0.994117
0.220000 0.994151
0.224000 0.994186
0.228000 0.994221
0.232000 0.994257
0.236000 0.994293
0.240000 0.994330
0.244000 0.994368
0.248000 0.994406
0.252000 0.994445
0.256000 0.994484
0.260000 0.994524
0.264000 0.994564
0.268000 0.994605
0.272000 0.994646
0.276000 0.994688
0.280000 0.994730
0.284000 0.994773
0.288000 0.994816
0.292000 0.994860
0.296000 0.994904
0.300000 0.994949
0.304000 0.994994
0.308000 0.995040
0.312000 0.995086
0.316000 0.995132
0.320000 0.995179
0.324000 0.995226
0.328000 0.995273
0.332000 0.995321
0.336000 0.995369
0.340000 0.995417
0.344000 0.995466
0.348000 0.995515
0.352000 0.995564
0.356000 0.995614
0.360000 0.995663
0.364000 0.995713
0.368000 0.995763
0.372000 0.995814
0.376000 0.995864
0.380000 0.995915
0.384000 0.995966
0.388000 0.996017
0.392000 0.996068
0.396000 0.996119
0.400000 0.996170
0.404000 0.996221
0.408000 0.996273
0.412000 0.996324
0.416000 0.996375
0.420000 0.996427
0.424000 0.996478
0.428000 0.996529
0.432000 0.996580
0.436000 0.996631
0.440000 0.996682
0.444000 0.996733
0.448000 0.996784
0.452000 0.996835
0.456000 0.996885
0.460000 0.996935
0.464000 0.996985
0.468000 0.997035
0.472000 0.997085
0.476000 0.997134
0.480000 0.997183
0.484000 0.997232
0.488000 0.997281
0.492000 0.997329
0.496000 0.997377
0.500000 0.997425
0.504000 0.997472
0.508000 0.997519
0.512000 0.997566
0.516000 0.997612
0.520000 0.997658
0.524000 0.997704
0.528000 0.997749
0.532000 0.997794
0.536000 0.997838
0.540000 0.997882
0.544000 0.997925
0.548000 0.997968
0.552000 0.998011
0.556000 0.998053
0.560000 0.998094
0.564000 0.998135
0.568000 0.998176
0.572000 0.998216
0.576000 0.998256
0.580000 0.998295
0.584000 0.998333
0.588000 0.998372
0.592000 0.998409
0.596000 0.998446
0.600000 0.998483
0.604000 0.998519
0.608000 0.998554
0.612000 0.998589
0.616000 0.998623
0.620000 0.998657
0.624000 0.998691
0.628000 0.998723
0.632000 0.998756
0.636000 0.998787
0.640000 0.998818
0.644000 0.998849
0.648000 0.998879
0.652000 0.998909
0.656000 0.998938
0.660000 0.998966
0.664000 0.998994
0.668000 0.999021
0.672000 0.999048
0.676000 0.999074
0.680000 0.999100
0.684000 0.999125
0.688000 0.999150
0.692000 0.999174
0.696000 0.999198
0.700000 0.999221
0.704000 0.999244
0.708000 0.999266
0.712000 0.999288
0.716000 0.999309
0.720000 0.999330
0.724000 0.999350
0.728000 0.999370
0.732000 0.999389
0.736000 0.999408
0.740000 0.999427
0.744000 0.999445
0.748000 0.999462
0.752000 0.999479
0.756000 0.999496
0.760000 0.999512
0.764000 0.999528
0.768000 0.999544
0.772000 0.999559
0.776000 0.999573
0.780000 0.999587
0.784000 0.999601
0.788000 0.999615
0.792000 0.999628
0.796000 0.999641
0.800000 0.999653
0.804000 0.999665
0.808000 0.999677
0.812000 0.999688
0.816000 0.999699
0.820000 0.999710
0.824000 0.999720
0.828000 0.999730
0.832000 0.999740
0.836000 0.999749
0.840000 0.999758
0.844000 0.999767
0.848000 0.999776
0.852000 0.999784
0.856000 0.999792
0.860000 0.999800
0.864000 0.999808
0.868000 0.999815
0.872000 0.999822
0.876000 0.999829
0.880000 0.999836
0.884000 0.999842
0.888000 0.999848
0.892000 0.999854
0.896000 0.999860
0.900000 0.999865
0.904000 0.999871
0.908000 0.999876
0.912000 0.999881
0.916000 0.999886
0.920000 0.999891
0.924000 0.999895
0.928000 0.999899
0.932000 0.999904
0.936000 0.999908
0.940000 0.999911
0.944000 0.999915
0.948000 0.999919
0.952000 0.999922
0.956000 0.999926
0.960000 0.999929
0.964000 0.999932
0.968000 0.999935
0.972000 0.999938
0.976000 0.999941
0.980000 0.999944
0.984000 0.999948
0.988000 0.999951
0.992000 0.999955
0.996000 0.999959
1.000000 0.999965
