-1.000000 0.997928
-0.996000 0.997928
-0.992000 0.997928
-0.988000 0.997928
-0.984000 0.997928
-0.980000 0.997928
-0.976000 0.997928
-0.972000 0.997928
-0.968000 0.997928
-0.964000 0.997928
-0.960000 0.997928
-0.956000 0.997928
-0.952000 0.997928
-0.948000 0.997928
-0.944000 0.997928
-0.940000 0.997928
-0.936000 0.997928
-0.932000 0.997928
-0.928000 0.997928
-0.924000 0.997928
-0.920000 0.997928
-0.916000 0.997928
-0.912000 0.997928
-0.908000 0.997928
-0.904000 0.997928
-0.900000 0.997928
-0.896000 0.997928
-0.892000 0.997928
-0.888000 0.997928
-0.884000 0.997928
-0.880000 0.997928
-0.876000 0.997928
-0.872000 0.997928
-0.868000 0.997928
-0.864000 0.997928
-0.860000 0.997928
-0.856000 0.997928
-0.852000 0.997928
-0.848000 0.997928
-0.844000 0.997928
-0.840000 0.997928
-0.836000 0.997928
-0.832000 0.997928
-0.828000 0.997928
-0.824000 0.997928
-0.820000 0.997928
-0.816000 0.997928
-0.812000 0.997928
-0.808000 0.997928
-0.804000 0.997928
-0.800000 0.997928
-0.796000 0.997928
-0.792000 0.997928
-0.788000 0.997928
-0.784000 0.997927
-0.780000 0.997927
-0.776000 0.997927
-0.772000 0.997927
-0.768000 0.997927
-0.764000 0.997927
-0.760000 0.997927
-0.756000 0.997927
-0.752000 0.997927
-0.748000 0.997926
-0.744000 0.997926
-0.740000 0.997926
-0.736000 0.997926
-0.732000 0.997925
-0.728000 0.997925
-0.724000 0.997925
-0.720000 0.997924
-0.716000 0.997924
-0.712000 0.997923
-0.708000 0.997923
-0.704000 0.997922
-0.700000 0.997922
-0.696000 0.997921
-0.692000 0.997920
-0.688000 0.997919
-0.684000 0.997919
-0.680000 0.997918
-0.676000 0.997917
-0.672000 0.997915
-0.668000 0.997914
-0.664000 0.997913
-0.660000 0.997911
-0.656000 0.997909
-0.652000 0.997908
-0.648000 0.997906
-0.644000 0.997904
-0.640000 0.997901
-0.636000 0.997899
-0.632000 0.997896
-0.628000 0.997893
-0.624000 0.997890
-0.620000 0.997887
-0.616000 0.997883
-0.612000 0.997879
-0.608000 0.997875
-0.604000 0.997871
-0.600000 0.997866
-0.596000 0.997861
-0.592000 0.997855
-0.588000 0.997849
-0.584000 0.997843
-0.580000 0.997836
-0.576000 0.997829
-0.572000 0.997822
-0.568000 0.997814
-0.564000 0.997805
-0.560000 0.997796
-0.556000 0.997786
-0.552000 0.997776
-0.548000 0.997765
-0.544000 0.997754
-0.540000 0.997742
-0.536000 0.997729
-0.532000 0.997716
-0.528000 0.997702
-0.524000 0.997687
-0.520000 0.997671
-0.516000 0.997655
-0.512000 0.997638
-0.508000 0.997620
-0.504000 0.997601
-0.500000 0.997581
-0.496000 0.997560
-0.492000 0.997538
-0.488000 0.997516
-0.484000 0.997492
-0.480000 0.997468
-0.476000 0.997442
-0.472000 0.997415
-0.468000 0.997388
-0.464000 0.997359
-0.460000 0.997329
-0.456000 0.997298
-0.452000 0.997266
-0.448000 0.997233
-0.444000 0.997199
-0.440000 0.997163
-0.436000 0.997126
-0.432000 0.997089
-0.428000 0.997050
-0.424000 0.997009
-0.420000 0.996968
-0.416000 0.996925
-0.412000 0.996882
-0.408000 0.996837
-0.404000 0.996791
-0.400000 0.996744
-0.396000 0.996695
-0.392000 0.996646
-0.388000 0.996595
-0.384000 0.996543
-0.380000 0.996490
-0.376000 0.996436
-0.372000 0.996381
-0.368000 0.996325
-0.364000 0.996268
-0.360000 0.996210
-0.356000 0.996151
-0.352000 0.996091
-0.348000 0.996030
-0.344000 0.995968
-0.340000 0.995905
-0.336000 0.995842
-0.332000 0.995777
-0.328000 0.995712
-0.324000 0.995647
-0.320000 0.995580
-0.316000 0.995513
-0.312000 0.995446
-0.308000 0.995378
-0.304000 0.995309
-0.300000 0.995240
-0.296000 0.995171
-0.292000 0.995101
-0.288000 0.995031
-0.284000 0.994960
-0.280000 0.994890
-0.276000 0.994819
-0.272000 0.994748
-0.268000 0.994677
-0.264000 0.994607
-0.260000 0.994536
-0.256000 0.994465
-0.252000 0.994394
-0.248000 0.994324
-0.244000 0.994253
-0.240000 0.994183
-0.236000 0.994114
-0.232000 0.994044
-0.228000 0.993975
-0.224000 0.993907
-0.220000 0.993838
-0.216000 0.993771
-0.212000 0.993704
-0.208000 0.993637
-0.204000 0.993572
-0.200000 0.993506
-0.196000 0.993442
-0.192000 0.993378
-0.188000 0.993315
-0.184000 0.993253
-0.180000 0.993192
-0.176000 0.993131
-0.172000 0.993071
-0.168000 0.993013
-0.164000 0.992955
-0.160000 0.992898
-0.156000 0.992842
-0.152000 0.992787
-0.148000 0.992733
-0.144000 0.992680
-0.140000 0.992628
-0.136000 0.992576
-0.132000 0.992526
-0.128000 0.992477
-0.124000 0.992429
-0.120000 0.992383
-0.116000 0.992337
-0.112000 0.992292
-0.108000 0.992248
-0.104000 0.992205
-0.100000 0.992164
-0.096000 0.992123
-0.092000 0.992083
-0.088000 0.992045
-0.084000 0.992007
-0.080000 0.991971
-0.076000 0.991935
-0.072000 0.991901
-0.068000 0.991867
-0.064000 0.991834
-0.060000 0.991803
-0.056000 0.991772
-0.052000 0.991742
-0.048000 0.991714
-0.044000 0.991686
-0.040000 0.991659
-0.036000 0.991633
-0.032000 0.991607
-0.028000 0.991583
-0.024000 0.991559
-0.020000 0.991537
-0.016000 0.991515
-0.012000 0.991494
-0.008000 0.991473
-0.004000 0.991454
0.000000 0.991435
0.004000 0.991416
0.008000 0.991399
0.012000 0.991382
0.016000 0.991366
0.020000 0.991350
0.024000 0.991335
0.028000 0.991321
0.032000 0.991307
0.036000 0.991294
0.040000 0.991281
0.044000 0.991269
0.048000 0.991258
0.052000 0.991247
0.056000 0.991236
0.060000 0.991226
0.064000 0.991216
0.068000 0.991207
0.072000 0.991198
0.076000 0.991190
0.080000 0.991182
0.084000 0.991174
0.088000 0.991167
0.092000 0.991160
0.096000 0.991153
0.100000 0.991147
0.104000 0.991141
0.108000 0.991135
0.112000 0.991129
0.116000 0.991124
0.120000 0.991119
0.124000 0.991115
0.128000 0.991110
0.132000 0.991106
0.136000 0.991102
0.140000 0.991098
0.144000 0.991095
0.148000 0.991091
0.152000 0.991088
0.156000 0.991085
0.160000 0.991082
0.164000 0.991079
0.168000 0.991077
0.172000 0.991074
0.176000 0.991072
0.180000 0.991070
0.184000 0.991068
0.188000 0.991066
0.192000 0.991064
0.196000 0.991063
0.200000 0.991061
0.204000 0.991059
0.208000 0.991058
0.212000 0.991057
0.216000 0.991055
0.220000 0.991054
0.224000 0.991053
0.228000 0.991052
0.232000 0.991051
0.236000 0.991050
0.240000 0.991049
0.244000 0.991048
0.248000 0.991048
0.252000 0.991047
0.256000 0.991046
0.260000 0.991046
0.264000 0.991045
0.268000 0.991045
0.272000 0.991044
0.276000 0.991044
0.280000 0.991043
0.284000 0.991043
0.288000 0.991042
0.292000 0.991042
0.296000 0.991042
0.300000 0.991041
0.304000 0.991041
0.308000 0.991041
0.312000 0.991040
0.316000 0.991040
0.320000 0.991040
0.324000 0.991040
0.328000 0.991039
0.332000 0.991039
0.336000 0.991039
0.340000 0.991039
0.344000 0.991039
0.348000 0.991039
0.352000 0.991039
0.356000 0.991038
0.360000 0.991038
0.364000 0.991038
0.368000 0.991038
0.372000 0.991038
0.376000 0.991038
0.380000 0.991038
0.384000 0.991038
0.388000 0.991038
0.392000 0.991038
0.396000 0.991038
0.400000 0.991038
0.404000 0.991038
0.408000 0.991038
0.412000 0.991037
0.416000 0.991037
0.420000 0.991037
0.424000 0.991037
0.428000 0.991037
0.432000 0.991037
0.436000 0.991037
0.440000 0.991037
0.444000 0.991037
0.448000 0.991037
0.452000 0.991037
0.456000 0.991037
0.460000 0.991037
0.464000 0.991037
0.468000 0.991037
0.472000 0.991037
0.476000 0.991037
0.480000 0.991037
0.484000 0.991037
0.488000 0.991037
0.492000 0.991037
0.496000 0.991037
0.500000 0.991037
0.504000 0.991037
0.508000 0.991037
0.512000 0.991037
0.516000 0.991037
0.520000 0.991037
0.524000 0.991037
0.528000 0.991037
0.532000 0.991037
0.536000 0.991037
0.540000 0.991037
0.544000 0.991037
0.548000 0.991037
0.552000 0.991037
0.556000 0.991037
0.560000 0.991037
0.564000 0.991037
0.568000 0.991037
0.572000 0.991037
0.576000 0.991037
0.580000 0.991037
0.584000 0.991037
0.588000 0.991037
0.592000 0.991037
0.596000 0.991037
0.600000 0.991037
0.604000 0.991037
0.608000 0.991037
0.612000 0.991037
0.616000 0.991037
0.620000 0.991037
0.624000 0.991037
0.628000 0.991037
0.632000 0.991037
0.636000 0.991037
0.640000 0.991037
0.644000 0.991037
0.648000 0.991037
0.652000 0.991037
0.656000 0.991037
0.660000 0.991037
0.664000 0.991037
0.668000 0.991037
0.672000 0.991037
0.676000 0.991037
0.680000 0.991037
0.684000 0.991037
0.688000 0.991037
0.692000 0.991037
0.696000 0.991037
0.700000 0.991037
0.704000 0.991037
0.708000 0.991037
0.712000 0.991037
0.716000 0.991037
0.720000 0.991037
0.724000 0.991037
0.728000 0.991037
0.732000 0.991037
0.736000 0.991037
0.740000 0.991037
0.744000 0.991037
0.748000 0.991037
0.752000 0.991037
0.756000 0.991037
0.760000 0.991037
0.764000 0.991037
0.768000 0.991037
0.772000 0.991037
0.776000 0.991037
0.780000 0.991037
0.784000 0.991037
0.788000 0.991037
0.792000 0.991037
0.796000 0.991037
0.800000 0.991037
0.804000 0.991037
0.808000 0.991037
0.812000 0.991037
0.816000 0.991037
0.820000 0.991037
0.824000 0.991037
0.828000 0.991037
0.832000 0.991037
0.836000 0.991037
0.840000 0.991037
0.844000 0.991037
0.848000 0.991037
0.852000 0.991037
0.856000 0.991037
0.860000 0.991037
0.864000 0.991037
0.868000 0.991037
0.872000 0.991037
0.876000 0.991037
0.880000 0.991037
0.884000 0.991037
0.888000 0.991037
0.892000 0.991037
0.896000 0.991037
0.900000 0.991037
0.904000 0.991037
0.908000 0.991037
0.912000 0.991037
0.916000 0.991037
0.920000 0.991037
0.924000 0.991037
0.928000 0.991037
0.932000 0.991037
0.936000 0.991037
0.940000 0.991037
0.944000 0.991037
0.948000 0.991037
0.952000 0.991037
0.956000 0.991037
0.960000 0.991037
0.964000 0.991037
0.968000 0.991037
0.972000 0.991037
0.976000 0.991037
0.980000 0.991037
0.984000 0.991037
0.988000 0.991037
0.992000 0.991037
0.996000 0.991037
1.000000 0.991037
