-1.000000 0.997928
-0.996000 0.997928
-0.992000 0.997928
-0.988000 0.997928
-0.984000 0.997928
-0.980000 0.997928
-0.976000 0.997928
-0.972000 0.997928
-0.968000 0.997928
-0.964000 0.997928
-0.960000 0.997928
-0.956000 0.997928
-0.952000 0.997928
-0.948000 0.997928
-0.944000 0.997928
-0.940000 0.997928
-0.936000 0.997928
-0.932000 0.997928
-0.928000 0.997928
-0.924000 0.997928
-0.920000 0.997928
-0.916000 0.997928
-0.912000 0.997928
-0.908000 0.997928
-0.904000 0.997928
-0.900000 0.997928
-0.896000 0.997928
-0.892000 0.997928
-0.888000 0.997928
-0.884000 0.997928
-0.880000 0.997928
-0.876000 0.997928
-0.872000 0.997928
-0.868000 0.997928
-0.864000 0.997928
-0.860000 0.997928
-0.856000 0.997928
-0.852000 0.997928
-0.848000 0.997928
-0.844000 0.997927
-0.840000 0.997927
-0.836000 0.997927
-0.832000 0.997927
-0.828000 0.997927
-0.824000 0.997927
-0.820000 0.997927
-0.816000 0.997926
-0.812000 0.997926
-0.808000 0.997926
-0.804000 0.997926
-0.800000 0.997925
-0.796000 0.997925
-0.792000 0.997925
-0.788000 0.997924
-0.784000 0.997924
-0.780000 0.997923
-0.776000 0.997923
-0.772000 0.997922
-0.768000 0.997921
-0.764000 0.997920
-0.760000 0.997920
-0.756000 0.997919
-0.752000 0.997917
-0.748000 0.997916
-0.744000 0.997915
-0.740000 0.997913
-0.736000 0.997912
-0.732000 0.997910
-0.728000 0.997908
-0.724000 0.997906
-0.720000 0.997903
-0.716000 0.997901
-0.712000 0.997898
-0.708000 0.997895
-0.704000 0.997892
-0.700000 0.997888
-0.696000 0.997884
-0.692000 0.997880
-0.688000 0.997876
-0.684000 0.997871
-0.680000 0.997865
-0.676000 0.997860
-0.672000 0.997854
-0.668000 0.997847
-0.664000 0.997840
-0.660000 0.997832
-0.656000 0.997824
-0.652000 0.997815
-0.648000 0.997806
-0.644000 0.997796
-0.640000 0.997786
-0.636000 0.997774
-0.632000 0.997762
-0.628000 0.997750
-0.624000 0.997736
-0.620000 0.997722
-0.616000 0.997707
-0.612000 0.997690
-0.608000 0.997673
-0.604000 0.997656
-0.600000 0.997637
-0.596000 0.997617
-0.592000 0.997596
-0.588000 0.997574
-0.584000 0.997551
-0.580000 0.997526
-0.576000 0.997501
-0.572000 0.997475
-0.568000 0.997447
-0.564000 0.997418
-0.560000 0.997387
-0.556000 0.997356
-0.552000 0.997323
-0.548000 0.997289
-0.544000 0.997253
-0.540000 0.997217
-0.536000 0.997178
-0.532000 0.997139
-0.528000 0.997098
-0.524000 0.997055
-0.520000 0.997012
-0.516000 0.996966
-0.512000 0.996920
-0.508000 0.996872
-0.504000 0.996823
-0.500000 0.996772
-0.496000 0.996720
-0.492000 0.996666
-0.488000 0.996611
-0.484000 0.996555
-0.480000 0.996498
-0.476000 0.996439
-0.472000 0.996379
-0.468000 0.996318
-0.464000 0.996255
-0.460000 0.996192
-0.456000 0.996127
-0.452000 0.996061
-0.448000 0.995994
-0.444000 0.995926
-0.440000 0.995857
-0.436000 0.995788
-0.432000 0.995717
-0.428000 0.995645
-0.424000 0.995573
-0.420000 0.995500
-0.416000 0.995427
-0.412000 0.995352
-0.408000 0.995278
-0.404000 0.995202
-0.400000 0.995127
-0.396000 0.995050
-0.392000 0.994974
-0.388000 0.994898
-0.384000 0.994821
-0.380000 0.994744
-0.376000 0.994667
-0.372000 0.994590
-0.368000 0.994513
-0.364000 0.994436
-0.360000 0.994359
-0.356000 0.994283
-0.352000 0.994207
-0.348000 0.994131
-0.344000 0.994056
-0.340000 0.993981
-0.336000 0.993907
-0.332000 0.993833
-0.328000 0.993760
-0.324000 0.993687
-0.320000 0.993615
-0.316000 0.993544
-0.312000 0.993474
-0.308000 0.993405
-0.304000 0.993336
-0.300000 0.993269
-0.296000 0.993202
-0.292000 0.993136
-0.288000 0.993072
-0.284000 0.993008
-0.280000 0.992946
-0.276000 0.992884
-0.272000 0.992824
-0.268000 0.992765
-0.264000 0.992707
-0.260000 0.992650
-0.256000 0.992595
-0.252000 0.992540
-0.248000 0.992487
-0.244000 0.992435
-0.240000 0.992384
-0.236000 0.992335
-0.232000 0.992286
-0.228000 0.992239
-0.224000 0.992193
-0.220000 0.992149
-0.216000 0.992105
-0.212000 0.992063
-0.208000 0.992022
-0.204000 0.991982
-0.200000 0.991944
-0.196000 0.991906
-0.192000 0.991870
-0.188000 0.991835
-0.184000 0.991801
-0.180000 0.991768
-0.176000 0.991736
-0.172000 0.991705
-0.168000 0.991675
-0.164000 0.991647
-0.160000 0.991619
-0.156000 0.991592
-0.152000 0.991567
-0.148000 0.991542
-0.144000 0.991518
-0.140000 0.991495
-0.136000 0.991473
-0.132000 0.991452
-0.128000 0.991432
-0.124000 0.991412
-0.120000 0.991394
-0.116000 0.991376
-0.112000 0.991359
-0.108000 0.991342
-0.104000 0.991327
-0.100000 0.991312
-0.096000 0.991297
-0.092000 0.991284
-0.088000 0.991271
-0.084000 0.991258
-0.080000 0.991246
-0.076000 0.991235
-0.072000 0.991224
-0.068000 0.991214
-0.064000 0.991204
-0.060000 0.991194
-0.056000 0.991186
-0.052000 0.991177
-0.048000 0.991169
-0.044000 0.991162
-0.040000 0.991154
-0.036000 0.991147
-0.032000 0.991141
-0.028000 0.991135
-0.024000 0.991129
-0.020000 0.991123
-0.016000 0.991118
-0.012000 0.991113
-0.008000 0.991109
-0.004000 0.991104
0.000000 0.991100
0.004000 0.991096
0.008000 0.991092
0.012000 0.991089
0.016000 0.991086
0.020000 0.991083
0.024000 0.991080
0.028000 0.991077
0.032000 0.991074
0.036000 0.991072
0.040000 0.991070
0.044000 0.991067
0.048000 0.991065
0.052000 0.991064
0.056000 0.991062
0.060000 0.991060
0.064000 0.991058
0.068000 0.991057
0.072000 0.991056
0.076000 0.991054
0.080000 0.991053
0.084000 0.991052
0.088000 0.991051
0.092000 0.991050
0.096000 0.991049
0.100000 0.991048
0.104000 0.991047
0.108000 0.991047
0.112000 0.991046
0.116000 0.991045
0.120000 0.991045
0.124000 0.991044
0.128000 0.991044
0.132000 0.991043
0.136000 0.991043
0.140000 0.991042
0.144000 0.991042
0.148000 0.991042
0.152000 0.991041
0.156000 0.991041
0.160000 0.991041
0.164000 0.991040
0.168000 0.991040
0.172000 0.991040
0.176000 0.991040
0.180000 0.991039
0.184000 0.991039
0.188000 0.991039
0.192000 0.991039
0.196000 0.991039
0.200000 0.991039
0.204000 0.991038
0.208000 0.991038
0.212000 0.991038
0.216000 0.991038
0.220000 0.991038
0.224000 0.991038
0.228000 0.991038
0.232000 0.991038
0.236000 0.991038
0.240000 0.991038
0.244000 0.991038
0.248000 0.991038
0.252000 0.991038
0.256000 0.991037
0.260000 0.991037
0.264000 0.991037
0.268000 0.991037
0.272000 0.991037
0.276000 0.991037
0.280000 0.991037
0.284000 0.991037
0.288000 0.991037
0.292000 0.991037
0.296000 0.991037
0.300000 0.991037
0.304000 0.991037
0.308000 0.991037
0.312000 0.991037
0.316000 0.991037
0.320000 0.991037
0.324000 0.991037
0.328000 0.991037
0.332000 0.991037
0.336000 0.991037
0.340000 0.991037
0.344000 0.991037
0.348000 0.991037
0.352000 0.991037
0.356000 0.991037
0.360000 0.991037
0.364000 0.991037
0.368000 0.991037
0.372000 0.991037
0.376000 0.991037
0.380000 0.991037
0.384000 0.991037
0.388000 0.991037
0.392000 0.991037
0.396000 0.991037
0.400000 0.991037
0.404000 0.991037
0.408000 0.991037
0.412000 0.991037
0.416000 0.991037
0.420000 0.991037
0.424000 0.991037
0.428000 0.991037
0.432000 0.991037
0.436000 0.991037
0.440000 0.991037
0.444000 0.991037
0.448000 0.991037
0.452000 0.991037
0.456000 0.991037
0.460000 0.991037
0.464000 0.991037
0.468000 0.991037
0.472000 0.991037
0.476000 0.991037
0.480000 0.991037
0.484000 0.991037
0.488000 0.991037
0.492000 0.991037
0.496000 0.991037
0.500000 0.991037
0.504000 0.991037
0.508000 0.991037
0.512000 0.991037
0.516000 0.991037
0.520000 0.991037
0.524000 0.991037
0.528000 0.991037
0.532000 0.991037
0.536000 0.991037
0.540000 0.991037
0.544000 0.991037
0.548000 0.991037
0.552000 0.991037
0.556000 0.991037
0.560000 0.991037
0.564000 0.991037
0.568000 0.991037
0.572000 0.991037
0.576000 0.991037
0.580000 0.991037
0.584000 0.991037
0.588000 0.991037
0.592000 0.991037
0.596000 0.991037
0.600000 0.991037
0.604000 0.991037
0.608000 0.991037
0.612000 0.991037
0.616000 0.991037
0.620000 0.991037
0.624000 0.991037
0.628000 0.991037
0.632000 0.991037
0.636000 0.991037
0.640000 0.991037
0.644000 0.991037
0.648000 0.991037
0.652000 0.991037
0.656000 0.991037
0.660000 0.991037
0.664000 0.991037
0.668000 0.991037
0.672000 0.991037
0.676000 0.991037
0.680000 0.991037
0.684000 0.991037
0.688000 0.991037
0.692000 0.991037
0.696000 0.991037
0.700000 0.991037
0.704000 0.991037
0.708000 0.991037
0.712000 0.991037
0.716000 0.991037
0.720000 0.991037
0.724000 0.991037
0.728000 0.991037
0.732000 0.991037
0.736000 0.991037
0.740000 0.991037
0.744000 0.991037
0.748000 0.991037
0.752000 0.991037
0.756000 0.991037
0.760000 0.991037
0.764000 0.991037
0.768000 0.991037
0.772000 0.991037
0.776000 0.991037
0.780000 0.991037
0.784000 0.991037
0.788000 0.991037
0.792000 0.991037
0.796000 0.991037
0.800000 0.991037
0.804000 0.991037
0.808000 0.991037
0.812000 0.991037
0.816000 0.991037
0.820000 0.991037
0.824000 0.991037
0.828000 0.991037
0.832000 0.991037
0.836000 0.991037
0.840000 0.991037
0.844000 0.991037
0.848000 0.991037
0.852000 0.991037
0.856000 0.991037
0.860000 0.991037
0.864000 0.991037
0.868000 0.991037
0.872000 0.991037
0.876000 0.991037
0.880000 0.991037
0.884000 0.991037
0.888000 0.991037
0.892000 0.991037
0.896000 0.991037
0.900000 0.991037
0.904000 0.991037
0.908000 0.991037
0.912000 0.991037
0.916000 0.991037
0.920000 0.991037
0.924000 0.991037
0.928000 0.991037
0.932000 0.991037
0.936000 0.991037
0.940000 0.991037
0.944000 0.991037
0.948000 0.991037
0.952000 0.991037
0.956000 0.991037
0.960000 0.991037
0.964000 0.991037
0.968000 0.991037
0.972000 0.991037
0.976000 0.991037
0.980000 0.991037
0.984000 0.991037
0.988000 0.991037
0.992000 0.991037
0.996000 0.991037
1.000000 0.991037
