-1.000000 0.997928
-0.996000 0.997928
-0.992000 0.997928
-0.988000 0.997928
-0.984000 0.997928
-0.980000 0.997928
-0.976000 0.997928
-0.972000 0.997928
-0.968000 0.997928
-0.964000 0.997928
-0.960000 0.997928
-0.956000 0.997928
-0.952000 0.997928
-0.948000 0.997928
-0.944000 0.997928
-0.940000 0.997928
-0.936000 0.997928
-0.932000 0.997928
-0.928000 0.997928
-0.924000 0.997928
-0.920000 0.997928
-0.916000 0.997928
-0.912000 0.997928
-0.908000 0.997928
-0.904000 0.997928
-0.900000 0.997928
-0.896000 0.997928
-0.892000 0.997928
-0.888000 0.997928
-0.884000 0.997928
-0.880000 0.997928
-0.876000 0.997928
-0.872000 0.997928
-0.868000 0.997928
-0.864000 0.997928
-0.860000 0.997928
-0.856000 0.997928
-0.852000 0.997928
-0.848000 0.997928
-0.844000 0.997928
-0.840000 0.997928
-0.836000 0.997928
-0.832000 0.997928
-0.828000 0.997928
-0.824000 0.997928
-0.820000 0.997928
-0.816000 0.997928
-0.812000 0.997928
-0.808000 0.997928
-0.804000 0.997928
-0.800000 0.997928
-0.796000 0.997928
-0.792000 0.997928
-0.788000 0.997928
-0.784000 0.997928
-0.780000 0.997928
-0.776000 0.997928
-0.772000 0.997928
-0.768000 0.997928
-0.764000 0.997928
-0.760000 0.997928
-0.756000 0.997928
-0.752000 0.997928
-0.748000 0.997928
-0.744000 0.997928
-0.740000 0.997928
-0.736000 0.997928
-0.732000 0.997928
-0.728000 0.997928
-0.724000 0.997928
-0.720000 0.997928
-0.716000 0.997928
-0.712000 0.997928
-0.708000 0.997928
-0.704000 0.997928
-0.700000 0.997928
-0.696000 0.997928
-0.692000 0.997928
-0.688000 0.997928
-0.684000 0.997928
-0.680000 0.997928
-0.676000 0.997928
-0.672000 0.997928
-0.668000 0.997928
-0.664000 0.997928
-0.660000 0.997928
-0.656000 0.997928
-0.652000 0.997928
-0.648000 0.997928
-0.644000 0.997928
-0.640000 0.997928
-0.636000 0.997928
-0.632000 0.997928
-0.628000 0.997928
-0.624000 0.997928
-0.620000 0.997928
-0.616000 0.997928
-0.612000 0.997928
-0.608000 0.997928
-0.604000 0.997928
-0.600000 0.997927
-0.596000 0.997927
-0.592000 0.997927
-0.588000 0.997927
-0.584000 0.997927
-0.580000 0.997927
-0.576000 0.997927
-0.572000 0.997927
-0.568000 0.997927
-0.564000 0.997927
-0.560000 0.997927
-0.556000 0.997926
-0.552000 0.997926
-0.548000 0.997926
-0.544000 0.997926
-0.540000 0.997926
-0.536000 0.997926
-0.532000 0.997925
-0.528000 0.997925
-0.524000 0.997925
-0.520000 0.997924
-0.516000 0.997924
-0.512000 0.997924
-0.508000 0.997923
-0.504000 0.997923
-0.500000 0.997923
-0.496000 0.997922
-0.492000 0.997922
-0.488000 0.997921
-0.484000 0.997920
-0.480000 0.997920
-0.476000 0.997919
-0.472000 0.997918
-0.468000 0.997917
-0.464000 0.997916
-0.460000 0.997915
-0.456000 0.997914
-0.452000 0.997913
-0.448000 0.997912
-0.444000 0.997911
-0.440000 0.997910
-0.436000 0.997908
-0.432000 0.997907
-0.428000 0.997905
-0.424000 0.997903
-0.420000 0.997901
-0.416000 0.997899
-0.412000 0.997897
-0.408000 0.997895
-0.404000 0.997892
-0.400000 0.997890
-0.396000 0.997887
-0.392000 0.997884
-0.388000 0.997881
-0.384000 0.997878
-0.380000 0.997874
-0.376000 0.997870
-0.372000 0.997867
-0.368000 0.997862
-0.364000 0.997858
-0.360000 0.997853
-0.356000 0.997849
-0.352000 0.997843
-0.348000 0.997838
-0.344000 0.997832
-0.340000 0.997826
-0.336000 0.997820
-0.332000 0.997813
-0.328000 0.997806
-0.324000 0.997799
-0.320000 0.997791
-0.316000 0.997783
-0.312000 0.997774
-0.308000 0.997766
-0.304000 0.997756
-0.300000 0.997746
-0.296000 0.997736
-0.292000 0.997726
-0.288000 0.997714
-0.284000 0.997703
-0.280000 0.997691
-0.276000 0.997678
-0.272000 0.997665
-0.268000 0.997651
-0.264000 0.997637
-0.260000 0.997622
-0.256000 0.997606
-0.252000 0.997590
-0.248000 0.997573
-0.244000 0.997556
-0.240000 0.997538
-0.236000 0.997519
-0.232000 0.997500
-0.228000 0.997480
-0.224000 0.997459
-0.220000 0.997438
-0.216000 0.997416
-0.212000 0.997393
-0.208000 0.997369
-0.204000 0.997345
-0.200000 0.997320
-0.196000 0.997294
-0.192000 0.997267
-0.188000 0.997240
-0.184000 0.997212
-0.180000 0.997182
-0.176000 0.997153
-0.172000 0.997122
-0.168000 0.997090
-0.164000 0.997058
-0.160000 0.997025
-0.156000 0.996991
-0.152000 0.996956
-0.148000 0.996921
-0.144000 0.996884
-0.140000 0.996847
-0.136000 0.996809
-0.132000 0.996770
-0.128000 0.996730
-0.124000 0.996690
-0.120000 0.996649
-0.116000 0.996606
-0.112000 0.996563
-0.108000 0.996520
-0.104000 0.996475
-0.100000 0.996430
-0.096000 0.996384
-0.092000 0.996337
-0.088000 0.996290
-0.084000 0.996242
-0.080000 0.996193
-0.076000 0.996143
-0.072000 0.996093
-0.068000 0.996042
-0.064000 0.995990
-0.060000 0.995938
-0.056000 0.995886
-0.052000 0.995832
-0.048000 0.995778
-0.044000 0.995724
-0.040000 0.995669
-0.036000 0.995614
-0.032000 0.995558
-0.028000 0.995501
-0.024000 0.995445
-0.020000 0.995388
-0.016000 0.995330
-0.012000 0.995272
-0.008000 0.995214
-0.004000 0.995156
0.000000 0.995097
0.004000 0.995038
0.008000 0.994979
0.012000 0.994920
0.016000 0.994861
0.020000 0.994801
0.024000 0.994742
0.028000 0.994682
0.032000 0.994622
0.036000 0.994563
0.040000 0.994503
0.044000 0.994443
0.048000 0.994384
0.052000 0.994325
0.056000 0.994265
0.060000 0.994206
0.064000 0.994147
0.068000 0.994089
0.072000 0.994030
0.076000 0.993972
0.080000 0.993914
0.084000 0.993857
0.088000 0.993799
0.092000 0.993743
0.096000 0.993686
0.100000 0.993630
0.104000 0.993575
0.108000 0.993519
0.112000 0.993465
0.116000 0.993411
0.120000 0.993357
0.124000 0.993304
0.128000 0.993251
0.132000 0.993199
0.136000 0.993148
0.140000 0.993097
0.144000 0.993047
0.148000 0.992998
0.152000 0.992949
0.156000 0.992901
0.160000 0.992853
0.164000 0.992806
0.168000 0.992760
0.172000 0.992714
0.176000 0.992670
0.180000 0.992626
0.184000 0.992582
0.188000 0.992540
0.192000 0.992498
0.196000 0.992457
0.200000 0.992416
0.204000 0.992376
0.208000 0.992338
0.212000 0.992299
0.216000 0.992262
0.220000 0.992225
0.224000 0.992189
0.228000 0.992154
0.232000 0.992120
0.236000 0.992086
0.240000 0.992053
0.244000 0.992021
0.248000 0.991989
0.252000 0.991959
0.256000 0.991929
0.260000 0.991899
0.264000 0.991871
0.268000 0.991843
0.272000 0.991815
0.276000 0.991789
0.280000 0.991763
0.284000 0.991738
0.288000 0.991714
0.292000 0.991690
0.296000 0.991667
0.300000 0.991644
0.304000 0.991622
0.308000 0.991601
0.312000 0.991580
0.316000 0.991560
0.320000 0.991541
0.324000 0.991522
0.328000 0.991503
0.332000 0.991486
0.336000 0.991468
0.340000 0.991452
0.344000 0.991435
0.348000 0.991420
0.352000 0.991405
0.356000 0.991390
0.360000 0.991376
0.364000 0.991362
0.368000 0.991349
0.372000 0.991336
0.376000 0.991324
0.380000 0.991312
0.384000 0.991300
0.388000 0.991289
0.392000 0.991279
0.396000 0.991268
0.400000 0.991258
0.404000 0.991249
0.408000 0.991240
0.412000 0.991231
0.416000 0.991222
0.420000 0.991214
0.424000 0.991206
0.428000 0.991199
0.432000 0.991191
0.436000 0.991184
0.440000 0.991177
0.444000 0.991171
0.448000 0.991165
0.452000 0.991159
0.456000 0.991153
0.460000 0.991148
0.464000 0.991142
0.468000 0.991137
0.472000 0.991133
0.476000 0.991128
0.480000 0.991124
0.484000 0.991119
0.488000 0.991115
0.492000 0.991112
0.496000 0.991108
0.500000 0.991104
0.504000 0.991101
0.508000 0.991098
0.512000 0.991095
0.516000 0.991092
0.520000 0.991089
0.524000 0.991086
0.528000 0.991084
0.532000 0.991081
0.536000 0.991079
0.540000 0.991077
0.544000 0.991075
0.548000 0.991073
0.552000 0.991071
0.556000 0.991069
0.560000 0.991067
0.564000 0.991066
0.568000 0.991064
0.572000 0.991063
0.576000 0.991061
0.580000 0.991060
0.584000 0.991059
0.588000 0.991057
0.592000 0.991056
0.596000 0.991055
0.600000 0.991054
0.604000 0.991053
0.608000 0.991052
0.612000 0.991051
0.616000 0.991051
0.620000 0.991050
0.624000 0.991049
0.628000 0.991048
0.632000 0.991048
0.636000 0.991047
0.640000 0.991046
0.644000 0.991046
0.648000 0.991045
0.652000 0.991045
0.656000 0.991044
0.660000 0.991044
0.664000 0.991044
0.668000 0.991043
0.672000 0.991043
0.676000 0.991042
0.680000 0.991042
0.684000 0.991042
0.688000 0.991042
0.692000 0.991041
0.696000 0.991041
0.700000 0.991041
0.704000 0.991040
0.708000 0.991040
0.712000 0.991040
0.716000 0.991040
0.720000 0.991040
0.724000 0.991040
0.728000 0.991039
0.732000 0.991039
0.736000 0.991039
0.740000 0.991039
0.744000 0.991039
0.748000 0.991039
0.752000 0.991039
0.756000 0.991038
0.760000 0.991038
0.764000 0.991038
0.768000 0.991038
0.772000 0.991038
0.776000 0.991038
0.780000 0.991038
0.784000 0.991038
0.788000 0.991038
0.792000 0.991038
0.796000 0.991038
0.800000 0.991038
0.804000 0.991038
0.808000 0.991038
0.812000 0.991038
0.816000 0.991038
0.820000 0.991037
0.824000 0.991037
0.828000 0.991037
0.832000 0.991037
0.836000 0.991037
0.840000 0.991037
0.844000 0.991037
0.848000 0.991037
0.852000 0.991037
0.856000 0.991037
0.860000 0.991037
0.864000 0.991037
0.868000 0.991037
0.872000 0.991037
0.876000 0.991037
0.880000 0.991037
0.884000 0.991037
0.888000 0.991037
0.892000 0.991037
0.896000 0.991037
0.900000 0.991037
0.904000 0.991037
0.908000 0.991037
0.912000 0.991037
0.916000 0.991037
0.920000 0.991037
0.924000 0.991037
0.928000 0.991037
0.932000 0.991037
0.936000 0.991037
0.940000 0.991037
0.944000 0.991037
0.948000 0.991037
0.952000 0.991037
0.956000 0.991037
0.960000 0.991037
0.964000 0.991037
0.968000 0.991037
0.972000 0.991037
0.976000 0.991037
0.980000 0.991037
0.984000 0.991037
0.988000 0.991037
0.992000 0.991037
0.996000 0.991037
1.000000 0.991037
