-1.000000 0.997928
-0.996000 0.997928
-0.992000 0.997928
-0.988000 0.997928
-0.984000 0.997928
-0.980000 0.997928
-0.976000 0.997928
-0.972000 0.997928
-0.968000 0.997928
-0.964000 0.997928
-0.960000 0.997928
-0.956000 0.997928
-0.952000 0.997928
-0.948000 0.997928
-0.944000 0.997928
-0.940000 0.997928
-0.936000 0.997928
-0.932000 0.997928
-0.928000 0.997927
-0.924000 0.997927
-0.920000 0.997927
-0.916000 0.997927
-0.912000 0.997927
-0.908000 0.997927
-0.904000 0.997926
-0.900000 0.997926
-0.896000 0.997926
-0.892000 0.997925
-0.888000 0.997925
-0.884000 0.997924
-0.880000 0.997923
-0.876000 0.997923
-0.872000 0.997922
-0.868000 0.997921
-0.864000 0.997920
-0.860000 0.997919
-0.856000 0.997917
-0.852000 0.997916
-0.848000 0.997914
-0.844000 0.997912
-0.840000 0.997910
-0.836000 0.997907
-0.832000 0.997904
-0.828000 0.997901
-0.824000 0.997898
-0.820000 0.997894
-0.816000 0.997890
-0.812000 0.997885
-0.808000 0.997880
-0.804000 0.997875
-0.800000 0.997869
-0.796000 0.997862
-0.792000 0.997854
-0.788000 0.997846
-0.784000 0.997838
-0.780000 0.997828
-0.776000 0.997818
-0.772000 0.997807
-0.768000 0.997795
-0.764000 0.997782
-0.760000 0.997768
-0.756000 0.997752
-0.752000 0.997736
-0.748000 0.997719
-0.744000 0.997700
-0.740000 0.997680
-0.736000 0.997659
-0.732000 0.997636
-0.728000 0.997612
-0.724000 0.997587
-0.720000 0.997559
-0.716000 0.997531
-0.712000 0.997500
-0.708000 0.997468
-0.704000 0.997434
-0.700000 0.997399
-0.696000 0.997361
-0.692000 0.997322
-0.688000 0.997281
-0.684000 0.997238
-0.680000 0.997193
-0.676000 0.997146
-0.672000 0.997097
-0.668000 0.997047
-0.664000 0.996994
-0.660000 0.996939
-0.656000 0.996883
-0.652000 0.996824
-0.648000 0.996763
-0.644000 0.996701
-0.640000 0.996637
-0.636000 0.996571
-0.632000 0.996503
-0.628000 0.996433
-0.624000 0.996361
-0.620000 0.996288
-0.616000 0.996213
-0.612000 0.996137
-0.608000 0.996059
-0.604000 0.995979
-0.600000 0.995899
-0.596000 0.995817
-0.592000 0.995733
-0.588000 0.995649
-0.584000 0.995564
-0.580000 0.995477
-0.576000 0.995390
-0.572000 0.995302
-0.568000 0.995214
-0.564000 0.995124
-0.560000 0.995035
-0.556000 0.994945
-0.552000 0.994855
-0.548000 0.994764
-0.544000 0.994674
-0.540000 0.994583
-0.536000 0.994493
-0.532000 0.994403
-0.528000 0.994313
-0.524000 0.994223
-0.520000 0.994134
-0.516000 0.994046
-0.512000 0.993959
-0.508000 0.993872
-0.504000 0.993786
-0.500000 0.993701
-0.496000 0.993617
-0.492000 0.993534
-0.488000 0.993452
-0.484000 0.993371
-0.480000 0.993292
-0.476000 0.993214
-0.472000 0.993137
-0.468000 0.993062
-0.464000 0.992988
-0.460000 0.992915
-0.456000 0.992845
-0.452000 0.992775
-0.448000 0.992708
-0.444000 0.992642
-0.440000 0.992577
-0.436000 0.992514
-0.432000 0.992453
-0.428000 0.992394
-0.424000 0.992336
-0.420000 0.992280
-0.416000 0.992226
-0.412000 0.992173
-0.408000 0.992122
-0.404000 0.992073
-0.400000 0.992025
-0.396000 0.991979
-0.392000 0.991934
-0.388000 0.991891
-0.384000 0.991850
-0.380000 0.991810
-0.376000 0.991772
-0.372000 0.991735
-0.368000 0.991699
-0.364000 0.991665
-0.360000 0.991633
-0.356000 0.991601
-0.352000 0.991572
-0.348000 0.991543
-0.344000 0.991515
-0.340000 0.991489
-0.336000 0.991464
-0.332000 0.991440
-0.328000 0.991418
-0.324000 0.991396
-0.320000 0.991375
-0.316000 0.991356
-0.312000 0.991337
-0.308000 0.991319
-0.304000 0.991303
-0.300000 0.991287
-0.296000 0.991271
-0.292000 0.991257
-0.288000 0.991243
-0.284000 0.991231
-0.280000 0.991218
-0.276000 0.991207
-0.272000 0.991196
-0.268000 0.991186
-0.264000 0.991176
-0.260000 0.991167
-0.256000 0.991159
-0.252000 0.991151
-0.248000 0.991143
-0.244000 0.991136
-0.240000 0.991129
-0.236000 0.991123
-0.232000 0.991117
-0.228000 0.991111
-0.224000 0.991106
-0.220000 0.991101
-0.216000 0.991097
-0.212000 0.991093
-0.208000 0.991089
-0.204000 0.991085
-0.200000 0.991081
-0.196000 0.991078
-0.192000 0.991075
-0.188000 0.991072
-0.184000 0.991070
-0.180000 0.991067
-0.176000 0.991065
-0.172000 0.991063
-0.168000 0.991061
-0.164000 0.991059
-0.160000 0.991057
-0.156000 0.991056
-0.152000 0.991054
-0.148000 0.991053
-0.144000 0.991052
-0.140000 0.991051
-0.136000 0.991049
-0.132000 0.991048
-0.128000 0.991048
-0.124000 0.991047
-0.120000 0.991046
-0.116000 0.991045
-0.112000 0.991044
-0.108000 0.991044
-0.104000 0.991043
-0.100000 0.991043
-0.096000 0.991042
-0.092000 0.991042
-0.088000 0.991041
-0.084000 0.991041
-0.080000 0.991041
-0.076000 0.991040
-0.072000 0.991040
-0.068000 0.991040
-0.064000 0.991040
-0.060000 0.991039
-0.056000 0.991039
-0.052000 0.991039
-0.048000 0.991039
-0.044000 0.991039
-0.040000 0.991038
-0.036000 0.991038
-0.032000 0.991038
-0.028000 0.991038
-0.024000 0.991038
-0.020000 0.991038
-0.016000 0.991038
-0.012000 0.991038
-0.008000 0.991038
-0.004000 0.991038
0.000000 0.991038
0.004000 0.991038
0.008000 0.991037
0.012000 0.991037
0.016000 0.991037
0.020000 0.991037
0.024000 0.991037
0.028000 0.991037
0.032000 0.991037
0.036000 0.991037
0.040000 0.991037
0.044000 0.991037
0.048000 0.991037
0.052000 0.991037
0.056000 0.991037
0.060000 0.991037
0.064000 0.991037
0.068000 0.991037
0.072000 0.991037
0.076000 0.991037
0.080000 0.991037
0.084000 0.991037
0.088000 0.991037
0.092000 0.991037
0.096000 0.991037
0.100000 0.991037
0.104000 0.991037
0.108000 0.991037
0.112000 0.991037
0.116000 0.991037
0.120000 0.991037
0.124000 0.991037
0.128000 0.991037
0.132000 0.991037
0.136000 0.991037
0.140000 0.991037
0.144000 0.991037
0.148000 0.991037
0.152000 0.991037
0.156000 0.991037
0.160000 0.991037
0.164000 0.991037
0.168000 0.991037
0.172000 0.991037
0.176000 0.991037
0.180000 0.991037
0.184000 0.991037
0.188000 0.991037
0.192000 0.991037
0.196000 0.991037
0.200000 0.991037
0.204000 0.991037
0.208000 0.991037
0.212000 0.991037
0.216000 0.991037
0.220000 0.991037
0.224000 0.991037
0.228000 0.991037
0.232000 0.991037
0.236000 0.991037
0.240000 0.991037
0.244000 0.991037
0.248000 0.991037
0.252000 0.991037
0.256000 0.991037
0.260000 0.991037
0.264000 0.991037
0.268000 0.991037
0.272000 0.991037
0.276000 0.991037
0.280000 0.991037
0.284000 0.991037
0.288000 0.991037
0.292000 0.991037
0.296000 0.991037
0.300000 0.991037
0.304000 0.991037
0.308000 0.991037
0.312000 0.991037
0.316000 0.991037
0.320000 0.991037
0.324000 0.991037
0.328000 0.991037
0.332000 0.991037
0.336000 0.991037
0.340000 0.991037
0.344000 0.991037
0.348000 0.991037
0.352000 0.991037
0.356000 0.991037
0.360000 0.991037
0.364000 0.991037
0.368000 0.991037
0.372000 0.991037
0.376000 0.991037
0.380000 0.991037
0.384000 0.991037
0.388000 0.991037
0.392000 0.991037
0.396000 0.991037
0.400000 0.991037
0.404000 0.991037
0.408000 0.991037
0.412000 0.991037
0.416000 0.991037
0.420000 0.991037
0.424000 0.991037
0.428000 0.991037
0.432000 0.991037
0.436000 0.991037
0.440000 0.991037
0.444000 0.991037
0.448000 0.991037
0.452000 0.991037
0.456000 0.991037
0.460000 0.991037
0.464000 0.991037
0.468000 0.991037
0.472000 0.991037
0.476000 0.991037
0.480000 0.991037
0.484000 0.991037
0.488000 0.991037
0.492000 0.991037
0.496000 0.991037
0.500000 0.991037
0.504000 0.991037
0.508000 0.991037
0.512000 0.991037
0.516000 0.991037
0.520000 0.991037
0.524000 0.991037
0.528000 0.991037
0.532000 0.991037
0.536000 0.991037
0.540000 0.991037
0.544000 0.991037
0.548000 0.991037
0.552000 0.991037
0.556000 0.991037
0.560000 0.991037
0.564000 0.991037
0.568000 0.991037
0.572000 0.991037
0.576000 0.991037
0.580000 0.991037
0.584000 0.991037
0.588000 0.991037
0.592000 0.991037
0.596000 0.991037
0.600000 0.991037
0.604000 0.991037
0.608000 0.991037
0.612000 0.991037
0.616000 0.991037
0.620000 0.991037
0.624000 0.991037
0.628000 0.991037
0.632000 0.991037
0.636000 0.991037
0.640000 0.991037
0.644000 0.991037
0.648000 0.991037
0.652000 0.991037
0.656000 0.991037
0.660000 0.991037
0.664000 0.991037
0.668000 0.991037
0.672000 0.991037
0.676000 0.991037
0.680000 0.991037
0.684000 0.991037
0.688000 0.991037
0.692000 0.991037
0.696000 0.991037
0.700000 0.991037
0.704000 0.991037
0.708000 0.991037
0.712000 0.991037
0.716000 0.991037
0.720000 0.991037
0.724000 0.991037
0.728000 0.991037
0.732000 0.991037
0.736000 0.991037
0.740000 0.991037
0.744000 0.991037
0.748000 0.991037
0.752000 0.991037
0.756000 0.991037
0.760000 0.991037
0.764000 0.991037
0.768000 0.991037
0.772000 0.991037
0.776000 0.991037
0.780000 0.991037
0.784000 0.991037
0.788000 0.991037
0.792000 0.991037
0.796000 0.991037
0.800000 0.991037
0.804000 0.991037
0.808000 0.991037
0.812000 0.991037
0.816000 0.991037
0.820000 0.991037
0.824000 0.991037
0.828000 0.991037
0.832000 0.991037
0.836000 0.991037
0.840000 0.991037
0.844000 0.991037
0.848000 0.991037
0.852000 0.991037
0.856000 0.991037
0.860000 0.991037
0.864000 0.991037
0.868000 0.991037
0.872000 0.991037
0.876000 0.991037
0.880000 0.991037
0.884000 0.991037
0.888000 0.991037
0.892000 0.991037
0.896000 0.991037
0.900000 0.991037
0.904000 0.991037
0.908000 0.991037
0.912000 0.991037
0.916000 0.991037
0.920000 0.991037
0.924000 0.991037
0.928000 0.991037
0.932000 0.991037
0.936000 0.991037
0.940000 0.991037
0.944000 0.991037
0.948000 0.991037
0.952000 0.991037
0.956000 0.991037
0.960000 0.991037
0.964000 0.991037
0.968000 0.991037
0.972000 0.991037
0.976000 0.991037
0.980000 0.991037
0.984000 0.991037
0.988000 0.991037
0.992000 0.991037
0.996000 0.991037
1.000000 0.991037
