-1.000000 0.992919
-0.996000 0.992919
-0.992000 0.992919
-0.988000 0.992919
-0.984000 0.992919
-0.980000 0.992919
-0.976000 0.992919
-0.972000 0.992919
-0.968000 0.992919
-0.964000 0.992919
-0.960000 0.992919
-0.956000 0.992919
-0.952000 0.992919
-0.948000 0.992919
-0.944000 0.992919
-0.940000 0.992919
-0.936000 0.992919
-0.932000 0.992919
-0.928000 0.992919
-0.924000 0.992919
-0.920000 0.992919
-0.916000 0.992919
-0.912000 0.992919
-0.908000 0.992919
-0.904000 0.992919
-0.900000 0.992919
-0.896000 0.992919
-0.892000 0.992919
-0.888000 0.992919
-0.884000 0.992919
-0.880000 0.992919
-0.876000 0.992919
-0.872000 0.992919
-0.868000 0.992919
-0.864000 0.992919
-0.860000 0.992919
-0.856000 0.992919
-0.852000 0.992919
-0.848000 0.992919
-0.844000 0.992919
-0.840000 0.992919
-0.836000 0.992919
-0.832000 0.992919
-0.828000 0.992919
-0.824000 0.992919
-0.820000 0.992919
-0.816000 0.992919
-0.812000 0.992919
-0.808000 0.992919
-0.804000 0.992919
-0.800000 0.992919
-0.796000 0.992919
-0.792000 0.992919
-0.788000 0.992919
-0.784000 0.992919
-0.780000 0.992919
-0.776000 0.992919
-0.772000 0.992919
-0.768000 0.992919
-0.764000 0.992919
-0.760000 0.992919
-0.756000 0.992919
-0.752000 0.992919
-0.748000 0.992919
-0.744000 0.992919
-0.740000 0.992919
-0.736000 0.992919
-0.732000 0.992919
-0.728000 0.992919
-0.724000 0.992919
-0.720000 0.992919
-0.716000 0.992919
-0.712000 0.992919
-0.708000 0.992919
-0.704000 0.992919
-0.700000 0.992919
-0.696000 0.992919
-0.692000 0.992919
-0.688000 0.992919
-0.684000 0.992919
-0.680000 0.992919
-0.676000 0.992919
-0.672000 0.992919
-0.668000 0.992919
-0.664000 0.992919
-0.660000 0.992919
-0.656000 0.992919
-0.652000 0.992919
-0.648000 0.992919
-0.644000 0.992919
-0.640000 0.992919
-0.636000 0.992919
-0.632000 0.992919
-0.628000 0.992919
-0.624000 0.992919
-0.620000 0.992919
-0.616000 0.992919
-0.612000 0.992919
-0.608000 0.992919
-0.604000 0.992919
-0.600000 0.992919
-0.596000 0.992919
-0.592000 0.992919
-0.588000 0.992919
-0.584000 0.992919
-0.580000 0.992919
-0.576000 0.992919
-0.572000 0.992919
-0.568000 0.992919
-0.564000 0.992919
-0.560000 0.992919
-0.556000 0.992919
-0.552000 0.992919
-0.548000 0.992919
-0.544000 0.992919
-0.540000 0.992919
-0.536000 0.992919
-0.532000 0.992919
-0.528000 0.992919
-0.524000 0.992919
-0.520000 0.992919
-0.516000 0.992919
-0.512000 0.992919
-0.508000 0.992919
-0.504000 0.992919
-0.500000 0.992919
-0.496000 0.992919
-0.492000 0.992919
-0.488000 0.992919
-0.484000 0.992919
-0.480000 0.992919
-0.476000 0.992919
-0.472000 0.992920
-0.468000 0.992920
-0.464000 0.992920
-0.460000 0.992920
-0.456000 0.992920
-0.452000 0.992920
-0.448000 0.992920
-0.444000 0.992920
-0.440000 0.992920
-0.436000 0.992920
-0.432000 0.992920
-0.428000 0.992920
-0.424000 0.992920
-0.420000 0.992921
-0.416000 0.992921
-0.412000 0.992921
-0.408000 0.992921
-0.404000 0.992921
-0.400000 0.992921
-0.396000 0.992922
-0.392000 0.992922
-0.388000 0.992922
-0.384000 0.992922
-0.380000 0.992923
-0.376000 0.992923
-0.372000 0.992923
-0.368000 0.992924
-0.364000 0.992924
-0.360000 0.992925
-0.356000 0.992925
-0.352000 0.992925
-0.348000 0.992926
-0.344000 0.992927
-0.340000 0.992927
-0.336000 0.992928
-0.332000 0.992928
-0.328000 0.992929
-0.324000 0.992930
-0.320000 0.992931
-0.316000 0.992932
-0.312000 0.992933
-0.308000 0.992934
-0.304000 0.992935
-0.300000 0.992936
-0.296000 0.992937
-0.292000 0.992938
-0.288000 0.992940
-0.284000 0.992941
-0.280000 0.992942
-0.276000 0.992944
-0.272000 0.992946
-0.268000 0.992948
-0.264000 0.992950
-0.260000 0.992952
-0.256000 0.992954
-0.252000 0.992956
-0.248000 0.992958
-0.244000 0.992961
-0.240000 0.992964
-0.236000 0.992967
-0.232000 0.992970
-0.228000 0.992973
-0.224000 0.992976
-0.220000 0.992979
-0.216000 0.992983
-0.212000 0.992987
-0.208000 0.992991
-0.204000 0.992995
-0.200000 0.993000
-0.196000 0.993005
-0.192000 0.993010
-0.188000 0.993015
-0.184000 0.993020
-0.180000 0.993026
-0.176000 0.993032
-0.172000 0.993038
-0.168000 0.993045
-0.164000 0.993051
-0.160000 0.993058
-0.156000 0.993066
-0.152000 0.993074
-0.148000 0.993082
-0.144000 0.993090
-0.140000 0.993099
-0.136000 0.993108
-0.132000 0.993118
-0.128000 0.993128
-0.124000 0.993138
-0.120000 0.993149
-0.116000 0.993160
-0.112000 0.993171
-0.108000 0.993183
-0.104000 0.993196
-0.100000 0.993209
-0.096000 0.993222
-0.092000 0.993236
-0.088000 0.993250
-0.084000 0.993265
-0.080000 0.993281
-0.076000 0.993297
-0.072000 0.993313
-0.068000 0.993330
-0.064000 0.993348
-0.060000 0.993366
-0.056000 0.993384
-0.052000 0.993404
-0.048000 0.993423
-0.044000 0.993444
-0.040000 0.993465
-0.036000 0.993487
-0.032000 0.993509
-0.028000 0.993532
-0.024000 0.993555
-0.020000 0.993579
-0.016000 0.993604
-0.012000 0.993630
-0.008000 0.993656
-0.004000 0.993683
0.000000 0.993710
0.004000 0.993738
0.008000 0.993767
0.012000 0.993796
0.016000 0.993827
0.020000 0.993857
0.024000 0.993889
0.028000 0.993921
0.032000 0.993954
0.036000 0.993987
0.040000 0.994022
0.044000 0.994057
0.048000 0.994092
0.052000 0.994128
0.056000 0.994165
0.060000 0.994203
0.064000 0.994241
0.068000 0.994280
0.072000 0.994320
0.076000 0.994360
0.080000 0.994401
0.084000 0.994442
0.088000 0.994485
0.092000 0.994527
0.096000 0.994571
0.100000 0.994615
0.104000 0.994659
0.108000 0.994704
0.112000 0.994750
0.116000 0.994796
0.120000 0.994843
0.124000 0.994890
0.128000 0.994938
0.132000 0.994986
0.136000 0.995035
0.140000 0.995084
0.144000 0.995134
0.148000 0.995184
0.152000 0.995235
0.156000 0.995286
0.160000 0.995337
0.164000 0.995389
0.168000 0.995441
0.172000 0.995493
0.176000 0.995546
0.180000 0.995599
0.184000 0.995652
0.188000 0.995706
0.192000 0.995760
0.196000 0.995814
0.200000 0.995868
0.204000 0.995922
0.208000 0.995977
0.212000 0.996031
0.216000 0.996086
0.220000 0.996141
0.224000 0.996196
0.228000 0.996251
0.232000 0.996306
0.236000 0.996361
0.240000 0.996416
0.244000 0.996471
0.248000 0.996526
0.252000 0.996581
0.256000 0.996635
0.260000 0.996690
0.264000 0.996745
0.268000 0.996799
0.272000 0.996853
0.276000 0.996907
0.280000 0.996961
0.284000 0.997014
0.288000 0.997068
0.292000 0.997121
0.296000 0.997173
0.300000 0.997226
0.304000 0.997278
0.308000 0.997329
0.312000 0.997381
0.316000 0.997432
0.320000 0.997483
0.324000 0.997533
0.328000 0.997583
0.332000 0.997632
0.336000 0.997681
0.340000 0.997729
0.344000 0.997777
0.348000 0.997825
0.352000 0.997872
0.356000 0.997919
0.360000 0.997965
0.364000 0.998010
0.368000 0.998055
0.372000 0.998099
0.376000 0.998143
0.380000 0.998187
0.384000 0.998229
0.388000 0.998272
0.392000 0.998313
0.396000 0.998354
0.400000 0.998395
0.404000 0.998434
0.408000 0.998474
0.412000 0.998512
0.416000 0.998550
0.420000 0.998588
0.424000 0.998624
0.428000 0.998660
0.432000 0.998696
0.436000 0.998731
0.440000 0.998765
0.444000 0.998799
0.448000 0.998832
0.452000 0.998864
0.456000 0.998896
0.460000 0.998927
0.464000 0.998958
0.468000 0.998988
0.472000 0.999017
0.476000 0.999046
0.480000 0.999074
0.484000 0.999101
0.488000 0.999128
0.492000 0.999155
0.496000 0.999180
0.500000 0.999206
0.504000 0.999230
0.508000 0.999254
0.512000 0.999278
0.516000 0.999301
0.520000 0.999323
0.524000 0.999345
0.528000 0.999366
0.532000 0.999387
0.536000 0.999407
0.540000 0.999427
0.544000 0.999446
0.548000 0.999464
0.552000 0.999483
0.556000 0.999500
0.560000 0.999517
0.564000 0.999534
0.568000 0.999550
0.572000 0.999566
0.576000 0.999582
0.580000 0.999596
0.584000 0.999611
0.588000 0.999625
0.592000 0.999639
0.596000 0.999652
0.600000 0.999665
0.604000 0.999677
0.608000 0.999689
0.612000 0.999701
0.616000 0.999712
0.620000 0.999723
0.624000 0.999734
0.628000 0.999744
0.632000 0.999754
0.636000 0.999763
0.640000 0.999773
0.644000 0.999782
0.648000 0.999790
0.652000 0.999799
0.656000 0.999807
0.660000 0.999815
0.664000 0.999822
0.668000 0.999830
0.672000 0.999837
0.676000 0.999843
0.680000 0.999850
0.684000 0.999856
0.688000 0.999862
0.692000 0.999868
0.696000 0.999874
0.700000 0.999879
0.704000 0.999884
0.708000 0.999889
0.712000 0.999894
0.716000 0.999899
0.720000 0.999903
0.724000 0.999907
0.728000 0.999912
0.732000 0.999916
0.736000 0.999919
0.740000 0.999923
0.744000 0.999926
0.748000 0.999930
0.752000 0.999933
0.756000 0.999936
0.760000 0.999939
0.764000 0.999942
0.768000 0.999945
0.772000 0.999947
0.776000 0.999950
0.780000 0.999952
0.784000 0.999954
0.788000 0.999957
0.792000 0.999959
0.796000 0.999961
0.800000 0.999963
0.804000 0.999964
0.808000 0.999966
0.812000 0.999968
0.816000 0.999969
0.820000 0.999971
0.824000 0.999972
0.828000 0.999974
0.832000 0.999975
0.836000 0.999976
0.840000 0.999978
0.844000 0.999979
0.848000 0.999980
0.852000 0.999981
0.856000 0.999982
0.860000 0.999983
0.864000 0.999984
0.868000 0.999985
0.872000 0.999985
0.876000 0.999986
0.880000 0.999987
0.884000 0.999988
0.888000 0.999988
0.892000 0.999989
0.896000 0.999989
0.900000 0.999990
0.904000 0.999991
0.908000 0.999991
0.912000 0.999992
0.916000 0.999992
0.920000 0.999992
0.924000 0.999993
0.928000 0.999993
0.932000 0.999994
0.936000 0.999994
0.940000 0.999994
0.944000 0.999995
0.948000 0.999995
0.952000 0.999995
0.956000 0.999996
0.960000 0.999996
0.964000 0.999996
0.968000 0.999996
0.972000 0.999997
0.976000 0.999997
0.980000 0.999997
0.984000 0.999997
0.988000 0.999997
0.992000 0.999998
0.996000 0.999998
1.000000 0.999998
