-1.000000 0.992919
-0.996000 0.992919
-0.992000 0.992919
-0.988000 0.992919
-0.984000 0.992919
-0.980000 0.992919
-0.976000 0.992919
-0.972000 0.992919
-0.968000 0.992919
-0.964000 0.992919
-0.960000 0.992919
-0.956000 0.992919
-0.952000 0.992919
-0.948000 0.992919
-0.944000 0.992919
-0.940000 0.992919
-0.936000 0.992919
-0.932000 0.992919
-0.928000 0.992919
-0.924000 0.992919
-0.920000 0.992919
-0.916000 0.992919
-0.912000 0.992919
-0.908000 0.992919
-0.904000 0.992919
-0.900000 0.992919
-0.896000 0.992919
-0.892000 0.992919
-0.888000 0.992919
-0.884000 0.992919
-0.880000 0.992919
-0.876000 0.992919
-0.872000 0.992919
-0.868000 0.992919
-0.864000 0.992919
-0.860000 0.992919
-0.856000 0.992919
-0.852000 0.992919
-0.848000 0.992919
-0.844000 0.992919
-0.840000 0.992919
-0.836000 0.992919
-0.832000 0.992919
-0.828000 0.992919
-0.824000 0.992919
-0.820000 0.992919
-0.816000 0.992919
-0.812000 0.992919
-0.808000 0.992919
-0.804000 0.992919
-0.800000 0.992919
-0.796000 0.992919
-0.792000 0.992919
-0.788000 0.992919
-0.784000 0.992919
-0.780000 0.992919
-0.776000 0.992919
-0.772000 0.992919
-0.768000 0.992919
-0.764000 0.992919
-0.760000 0.992919
-0.756000 0.992919
-0.752000 0.992919
-0.748000 0.992919
-0.744000 0.992919
-0.740000 0.992919
-0.736000 0.992919
-0.732000 0.992919
-0.728000 0.992919
-0.724000 0.992919
-0.720000 0.992919
-0.716000 0.992919
-0.712000 0.992919
-0.708000 0.992919
-0.704000 0.992919
-0.700000 0.992919
-0.696000 0.992919
-0.692000 0.992919
-0.688000 0.992919
-0.684000 0.992919
-0.680000 0.992919
-0.676000 0.992919
-0.672000 0.992919
-0.668000 0.992919
-0.664000 0.992919
-0.660000 0.992919
-0.656000 0.992919
-0.652000 0.992919
-0.648000 0.992919
-0.644000 0.992919
-0.640000 0.992919
-0.636000 0.992919
-0.632000 0.992919
-0.628000 0.992919
-0.624000 0.992919
-0.620000 0.992919
-0.616000 0.992919
-0.612000 0.992919
-0.608000 0.992919
-0.604000 0.992919
-0.600000 0.992919
-0.596000 0.992919
-0.592000 0.992919
-0.588000 0.992919
-0.584000 0.992919
-0.580000 0.992919
-0.576000 0.992919
-0.572000 0.992919
-0.568000 0.992919
-0.564000 0.992919
-0.560000 0.992919
-0.556000 0.992919
-0.552000 0.992919
-0.548000 0.992919
-0.544000 0.992919
-0.540000 0.992919
-0.536000 0.992919
-0.532000 0.992919
-0.528000 0.992919
-0.524000 0.992919
-0.520000 0.992919
-0.516000 0.992919
-0.512000 0.992919
-0.508000 0.992919
-0.504000 0.992919
-0.500000 0.992919
-0.496000 0.992919
-0.492000 0.992919
-0.488000 0.992919
-0.484000 0.992919
-0.480000 0.992919
-0.476000 0.992919
-0.472000 0.992919
-0.468000 0.992919
-0.464000 0.992919
-0.460000 0.992919
-0.456000 0.992919
-0.452000 0.992919
-0.448000 0.992919
-0.444000 0.992919
-0.440000 0.992919
-0.436000 0.992919
-0.432000 0.992919
-0.428000 0.992919
-0.424000 0.992919
-0.420000 0.992919
-0.416000 0.992919
-0.412000 0.992919
-0.408000 0.992919
-0.404000 0.992919
-0.400000 0.992919
-0.396000 0.992919
-0.392000 0.992919
-0.388000 0.992919
-0.384000 0.992919
-0.380000 0.992919
-0.376000 0.992920
-0.372000 0.992920
-0.368000 0.992920
-0.364000 0.992920
-0.360000 0.992920
-0.356000 0.992920
-0.352000 0.992920
-0.348000 0.992920
-0.344000 0.992920
-0.340000 0.992920
-0.336000 0.992920
-0.332000 0.992920
-0.328000 0.992920
-0.324000 0.992921
-0.320000 0.992921
-0.316000 0.992921
-0.312000 0.992921
-0.308000 0.992921
-0.304000 0.992921
-0.300000 0.992921
-0.296000 0.992922
-0.292000 0.992922
-0.288000 0.992922
-0.284000 0.992922
-0.280000 0.992923
-0.276000 0.992923
-0.272000 0.992923
-0.268000 0.992924
-0.264000 0.992924
-0.260000 0.992924
-0.256000 0.992925
-0.252000 0.992925
-0.248000 0.992925
-0.244000 0.992926
-0.240000 0.992926
-0.236000 0.992927
-0.232000 0.992928
-0.228000 0.992928
-0.224000 0.992929
-0.220000 0.992930
-0.216000 0.992930
-0.212000 0.992931
-0.208000 0.992932
-0.204000 0.992933
-0.200000 0.992934
-0.196000 0.992935
-0.192000 0.992936
-0.188000 0.992937
-0.184000 0.992938
-0.180000 0.992940
-0.176000 0.992941
-0.172000 0.992942
-0.168000 0.992944
-0.164000 0.992945
-0.160000 0.992947
-0.156000 0.992949
-0.152000 0.992951
-0.148000 0.992953
-0.144000 0.992955
-0.140000 0.992957
-0.136000 0.992959
-0.132000 0.992962
-0.128000 0.992964
-0.124000 0.992967
-0.120000 0.992970
-0.116000 0.992973
-0.112000 0.992976
-0.108000 0.992979
-0.104000 0.992983
-0.100000 0.992986
-0.096000 0.992990
-0.092000 0.992994
-0.088000 0.992998
-0.084000 0.993003
-0.080000 0.993007
-0.076000 0.993012
-0.072000 0.993017
-0.068000 0.993022
-0.064000 0.993028
-0.060000 0.993033
-0.056000 0.993039
-0.052000 0.993046
-0.048000 0.993052
-0.044000 0.993059
-0.040000 0.993066
-0.036000 0.993073
-0.032000 0.993081
-0.028000 0.993089
-0.024000 0.993097
-0.020000 0.993105
-0.016000 0.993114
-0.012000 0.993123
-0.008000 0.993133
-0.004000 0.993143
0.000000 0.993153
0.004000 0.993164
0.008000 0.993175
0.012000 0.993186
0.016000 0.993198
0.020000 0.993210
0.024000 0.993223
0.028000 0.993236
0.032000 0.993250
0.036000 0.993264
0.040000 0.993278
0.044000 0.993293
0.048000 0.993308
0.052000 0.993324
0.056000 0.993341
0.060000 0.993358
0.064000 0.993375
0.068000 0.993393
0.072000 0.993411
0.076000 0.993430
0.080000 0.993449
0.084000 0.993469
0.088000 0.993490
0.092000 0.993511
0.096000 0.993533
0.100000 0.993555
0.104000 0.993578
0.108000 0.993601
0.112000 0.993625
0.116000 0.993650
0.120000 0.993675
0.124000 0.993700
0.128000 0.993727
0.132000 0.993754
0.136000 0.993781
0.140000 0.993809
0.144000 0.993838
0.148000 0.993867
0.152000 0.993897
0.156000 0.993928
0.160000 0.993959
0.164000 0.993991
0.168000 0.994023
0.172000 0.994056
0.176000 0.994090
0.180000 0.994124
0.184000 0.994159
0.188000 0.994194
0.192000 0.994230
0.196000 0.994267
0.200000 0.994304
0.204000 0.994341
0.208000 0.994380
0.212000 0.994419
0.216000 0.994458
0.220000 0.994498
0.224000 0.994539
0.228000 0.994580
0.232000 0.994621
0.236000 0.994664
0.240000 0.994706
0.244000 0.994749
0.248000 0.994793
0.252000 0.994837
0.256000 0.994882
0.260000 0.994927
0.264000 0.994973
0.268000 0.995019
0.272000 0.995065
0.276000 0.995112
0.280000 0.995159
0.284000 0.995207
0.288000 0.995255
0.292000 0.995303
0.296000 0.995352
0.300000 0.995401
0.304000 0.995450
0.308000 0.995500
0.312000 0.995550
0.316000 0.995600
0.320000 0.995650
0.324000 0.995701
0.328000 0.995752
0.332000 0.995803
0.336000 0.995854
0.340000 0.995905
0.344000 0.995957
0.348000 0.996009
0.352000 0.996060
0.356000 0.996112
0.360000 0.996164
0.364000 0.996216
0.368000 0.996268
0.372000 0.996320
0.376000 0.996372
0.380000 0.996424
0.384000 0.996476
0.388000 0.996528
0.392000 0.996580
0.396000 0.996632
0.400000 0.996684
0.404000 0.996736
0.408000 0.996787
0.412000 0.996838
0.416000 0.996889
0.420000 0.996940
0.424000 0.996991
0.428000 0.997042
0.432000 0.997092
0.436000 0.997142
0.440000 0.997192
0.444000 0.997242
0.448000 0.997291
0.452000 0.997340
0.456000 0.997388
0.460000 0.997437
0.464000 0.997485
0.468000 0.997532
0.472000 0.997580
0.476000 0.997626
0.480000 0.997673
0.484000 0.997719
0.488000 0.997765
0.492000 0.997810
0.496000 0.997855
0.500000 0.997899
0.504000 0.997943
0.508000 0.997986
0.512000 0.998029
0.516000 0.998071
0.520000 0.998113
0.524000 0.998155
0.528000 0.998196
0.532000 0.998236
0.536000 0.998276
0.540000 0.998316
0.544000 0.998354
0.548000 0.998393
0.552000 0.998431
0.556000 0.998468
0.560000 0.998505
0.564000 0.998541
0.568000 0.998576
0.572000 0.998611
0.576000 0.998646
0.580000 0.998680
0.584000 0.998713
0.588000 0.998746
0.592000 0.998778
0.596000 0.998810
0.600000 0.998841
0.604000 0.998872
0.608000 0.998902
0.612000 0.998931
0.616000 0.998960
0.620000 0.998989
0.624000 0.999017
0.628000 0.999044
0.632000 0.999071
0.636000 0.999097
0.640000 0.999123
0.644000 0.999148
0.648000 0.999172
0.652000 0.999197
0.656000 0.999220
0.660000 0.999243
0.664000 0.999266
0.668000 0.999288
0.672000 0.999309
0.676000 0.999330
0.680000 0.999351
0.684000 0.999371
0.688000 0.999390
0.692000 0.999410
0.696000 0.999428
0.700000 0.999446
0.704000 0.999464
0.708000 0.999481
0.712000 0.999498
0.716000 0.999515
0.720000 0.999531
0.724000 0.999546
0.728000 0.999561
0.732000 0.999576
0.736000 0.999590
0.740000 0.999604
0.744000 0.999618
0.748000 0.999631
0.752000 0.999644
0.756000 0.999656
0.760000 0.999668
0.764000 0.999680
0.768000 0.999692
0.772000 0.999703
0.776000 0.999713
0.780000 0.999724
0.784000 0.999734
0.788000 0.999744
0.792000 0.999753
0.796000 0.999762
0.800000 0.999771
0.804000 0.999780
0.808000 0.999788
0.812000 0.999796
0.816000 0.999804
0.820000 0.999811
0.824000 0.999819
0.828000 0.999826
0.832000 0.999833
0.836000 0.999839
0.840000 0.999845
0.844000 0.999852
0.848000 0.999858
0.852000 0.999863
0.856000 0.999869
0.860000 0.999874
0.864000 0.999879
0.868000 0.999884
0.872000 0.999889
0.876000 0.999894
0.880000 0.999898
0.884000 0.999902
0.888000 0.999906
0.892000 0.999910
0.896000 0.999914
0.900000 0.999918
0.904000 0.999921
0.908000 0.999925
0.912000 0.999928
0.916000 0.999931
0.920000 0.999934
0.924000 0.999937
0.928000 0.999940
0.932000 0.999943
0.936000 0.999945
0.940000 0.999948
0.944000 0.999950
0.948000 0.999952
0.952000 0.999954
0.956000 0.999957
0.960000 0.999959
0.964000 0.999961
0.968000 0.999963
0.972000 0.999964
0.976000 0.999966
0.980000 0.999968
0.984000 0.999970
0.988000 0.999972
0.992000 0.999975
0.996000 0.999977
1.000000 0.999980
