-1.000000 0.991037
-0.996000 0.991037
-0.992000 0.991037
-0.988000 0.991037
-0.984000 0.991037
-0.980000 0.991037
-0.976000 0.991037
-0.972000 0.991037
-0.968000 0.991037
-0.964000 0.991037
-0.960000 0.991037
-0.956000 0.991037
-0.952000 0.991037
-0.948000 0.991037
-0.944000 0.991037
-0.940000 0.991037
-0.936000 0.991037
-0.932000 0.991037
-0.928000 0.991037
-0.924000 0.991037
-0.920000 0.991037
-0.916000 0.991037
-0.912000 0.991037
-0.908000 0.991037
-0.904000 0.991037
-0.900000 0.991037
-0.896000 0.991037
-0.892000 0.991037
-0.888000 0.991037
-0.884000 0.991037
-0.880000 0.991037
-0.876000 0.991037
-0.872000 0.991037
-0.868000 0.991037
-0.864000 0.991037
-0.860000 0.991037
-0.856000 0.991037
-0.852000 0.991037
-0.848000 0.991037
-0.844000 0.991037
-0.840000 0.991037
-0.836000 0.991037
-0.832000 0.991037
-0.828000 0.991037
-0.824000 0.991037
-0.820000 0.991037
-0.816000 0.991037
-0.812000 0.991037
-0.808000 0.991037
-0.804000 0.991037
-0.800000 0.991037
-0.796000 0.991037
-0.792000 0.991037
-0.788000 0.991037
-0.784000 0.991037
-0.780000 0.991037
-0.776000 0.991037
-0.772000 0.991037
-0.768000 0.991037
-0.764000 0.991037
-0.760000 0.991037
-0.756000 0.991037
-0.752000 0.991037
-0.748000 0.991037
-0.744000 0.991037
-0.740000 0.991037
-0.736000 0.991037
-0.732000 0.991037
-0.728000 0.991037
-0.724000 0.991037
-0.720000 0.991037
-0.716000 0.991037
-0.712000 0.991037
-0.708000 0.991037
-0.704000 0.991037
-0.700000 0.991037
-0.696000 0.991037
-0.692000 0.991037
-0.688000 0.991037
-0.684000 0.991037
-0.680000 0.991037
-0.676000 0.991037
-0.672000 0.991037
-0.668000 0.991037
-0.664000 0.991037
-0.660000 0.991037
-0.656000 0.991037
-0.652000 0.991037
-0.648000 0.991037
-0.644000 0.991037
-0.640000 0.991037
-0.636000 0.991037
-0.632000 0.991037
-0.628000 0.991037
-0.624000 0.991037
-0.620000 0.991037
-0.616000 0.991037
-0.612000 0.991037
-0.608000 0.991037
-0.604000 0.991037
-0.600000 0.991037
-0.596000 0.991037
-0.592000 0.991037
-0.588000 0.991037
-0.584000 0.991037
-0.580000 0.991037
-0.576000 0.991037
-0.572000 0.991037
-0.568000 0.991037
-0.564000 0.991037
-0.560000 0.991037
-0.556000 0.991037
-0.552000 0.991037
-0.548000 0.991037
-0.544000 0.991037
-0.540000 0.991037
-0.536000 0.991037
-0.532000 0.991037
-0.528000 0.991037
-0.524000 0.991037
-0.520000 0.991037
-0.516000 0.991037
-0.512000 0.991037
-0.508000 0.991037
-0.504000 0.991037
-0.500000 0.991037
-0.496000 0.991037
-0.492000 0.991037
-0.488000 0.991037
-0.484000 0.991037
-0.480000 0.991037
-0.476000 0.991037
-0.472000 0.991037
-0.468000 0.991037
-0.464000 0.991037
-0.460000 0.991037
-0.456000 0.991037
-0.452000 0.991037
-0.448000 0.991037
-0.444000 0.991037
-0.440000 0.991037
-0.436000 0.991037
-0.432000 0.991037
-0.428000 0.991037
-0.424000 0.991037
-0.420000 0.991037
-0.416000 0.991037
-0.412000 0.991037
-0.408000 0.991037
-0.404000 0.991037
-0.400000 0.991037
-0.396000 0.991037
-0.392000 0.991037
-0.388000 0.991037
-0.384000 0.991037
-0.380000 0.991037
-0.376000 0.991037
-0.372000 0.991037
-0.368000 0.991037
-0.364000 0.991037
-0.360000 0.991037
-0.356000 0.991037
-0.352000 0.991037
-0.348000 0.991037
-0.344000 0.991037
-0.340000 0.991037
-0.336000 0.991037
-0.332000 0.991037
-0.328000 0.991037
-0.324000 0.991037
-0.320000 0.991037
-0.316000 0.991037
-0.312000 0.991037
-0.308000 0.991037
-0.304000 0.991037
-0.300000 0.991037
-0.296000 0.991037
-0.292000 0.991037
-0.288000 0.991037
-0.284000 0.991037
-0.280000 0.991037
-0.276000 0.991037
-0.272000 0.991037
-0.268000 0.991037
-0.264000 0.991037
-0.260000 0.991037
-0.256000 0.991037
-0.252000 0.991037
-0.248000 0.991037
-0.244000 0.991037
-0.240000 0.991037
-0.236000 0.991037
-0.232000 0.991037
-0.228000 0.991037
-0.224000 0.991037
-0.220000 0.991037
-0.216000 0.991037
-0.212000 0.991037
-0.208000 0.991037
-0.204000 0.991037
-0.200000 0.991037
-0.196000 0.991037
-0.192000 0.991038
-0.188000 0.991038
-0.184000 0.991038
-0.180000 0.991038
-0.176000 0.991038
-0.172000 0.991038
-0.168000 0.991038
-0.164000 0.991038
-0.160000 0.991038
-0.156000 0.991038
-0.152000 0.991038
-0.148000 0.991038
-0.144000 0.991038
-0.140000 0.991038
-0.136000 0.991038
-0.132000 0.991039
-0.128000 0.991039
-0.124000 0.991039
-0.120000 0.991039
-0.116000 0.991039
-0.112000 0.991039
-0.108000 0.991039
-0.104000 0.991040
-0.100000 0.991040
-0.096000 0.991040
-0.092000 0.991040
-0.088000 0.991040
-0.084000 0.991041
-0.080000 0.991041
-0.076000 0.991041
-0.072000 0.991041
-0.068000 0.991042
-0.064000 0.991042
-0.060000 0.991042
-0.056000 0.991043
-0.052000 0.991043
-0.048000 0.991043
-0.044000 0.991044
-0.040000 0.991044
-0.036000 0.991045
-0.032000 0.991045
-0.028000 0.991046
-0.024000 0.991046
-0.020000 0.991047
-0.016000 0.991047
-0.012000 0.991048
-0.008000 0.991049
-0.004000 0.991049
0.000000 0.991050
0.004000 0.991051
0.008000 0.991052
0.012000 0.991053
0.016000 0.991053
0.020000 0.991054
0.024000 0.991055
0.028000 0.991056
0.032000 0.991057
0.036000 0.991059
0.040000 0.991060
0.044000 0.991061
0.048000 0.991062
0.052000 0.991064
0.056000 0.991065
0.060000 0.991067
0.064000 0.991068
0.068000 0.991070
0.072000 0.991072
0.076000 0.991074
0.080000 0.991076
0.084000 0.991078
0.088000 0.991080
0.092000 0.991082
0.096000 0.991084
0.100000 0.991086
0.104000 0.991089
0.108000 0.991091
0.112000 0.991094
0.116000 0.991097
0.120000 0.991100
0.124000 0.991103
0.128000 0.991106
0.132000 0.991109
0.136000 0.991112
0.140000 0.991116
0.144000 0.991119
0.148000 0.991123
0.152000 0.991127
0.156000 0.991131
0.160000 0.991135
0.164000 0.991140
0.168000 0.991144
0.172000 0.991149
0.176000 0.991154
0.180000 0.991159
0.184000 0.991164
0.188000 0.991169
0.192000 0.991175
0.196000 0.991180
0.200000 0.991186
0.204000 0.991192
0.208000 0.991199
0.212000 0.991205
0.216000 0.991212
0.220000 0.991219
0.224000 0.991226
0.228000 0.991233
0.232000 0.991241
0.236000 0.991248
0.240000 0.991256
0.244000 0.991265
0.248000 0.991273
0.252000 0.991282
0.256000 0.991291
0.260000 0.991300
0.264000 0.991309
0.268000 0.991319
0.272000 0.991329
0.276000 0.991339
0.280000 0.991349
0.284000 0.991360
0.288000 0.991371
0.292000 0.991382
0.296000 0.991393
0.300000 0.991405
0.304000 0.991417
0.308000 0.991429
0.312000 0.991442
0.316000 0.991455
0.320000 0.991468
0.324000 0.991481
0.328000 0.991495
0.332000 0.991509
0.336000 0.991523
0.340000 0.991538
0.344000 0.991553
0.348000 0.991568
0.352000 0.991583
0.356000 0.991599
0.360000 0.991615
0.364000 0.991631
0.368000 0.991648
0.372000 0.991664
0.376000 0.991682
0.380000 0.991699
0.384000 0.991717
0.388000 0.991735
0.392000 0.991753
0.396000 0.991771
0.400000 0.991790
0.404000 0.991809
0.408000 0.991829
0.412000 0.991848
0.416000 0.991868
0.420000 0.991888
0.424000 0.991909
0.428000 0.991929
0.432000 0.991950
0.436000 0.991972
0.440000 0.991993
0.444000 0.992015
0.448000 0.992037
0.452000 0.992059
0.456000 0.992081
0.460000 0.992104
0.464000 0.992127
0.468000 0.992150
0.472000 0.992173
0.476000 0.992196
0.480000 0.992220
0.484000 0.992244
0.488000 0.992268
0.492000 0.992292
0.496000 0.992316
0.500000 0.992341
0.504000 0.992366
0.508000 0.992391
0.512000 0.992416
0.516000 0.992441
0.520000 0.992466
0.524000 0.992492
0.528000 0.992517
0.532000 0.992543
0.536000 0.992569
0.540000 0.992594
0.544000 0.992620
0.548000 0.992646
0.552000 0.992673
0.556000 0.992699
0.560000 0.992725
0.564000 0.992751
0.568000 0.992778
0.572000 0.992804
0.576000 0.992830
0.580000 0.992857
0.584000 0.992883
0.588000 0.992910
0.592000 0.992936
0.596000 0.992963
0.600000 0.992989
0.604000 0.993015
0.608000 0.993042
0.612000 0.993068
0.616000 0.993094
0.620000 0.993121
0.624000 0.993147
0.628000 0.993173
0.632000 0.993199
0.636000 0.993225
0.640000 0.993251
0.644000 0.993276
0.648000 0.993302
0.652000 0.993327
0.656000 0.993353
0.660000 0.993378
0.664000 0.993403
0.668000 0.993428
0.672000 0.993453
0.676000 0.993478
0.680000 0.993502
0.684000 0.993526
0.688000 0.993551
0.692000 0.993575
0.696000 0.993599
0.700000 0.993622
0.704000 0.993646
0.708000 0.993669
0.712000 0.993692
0.716000 0.993715
0.720000 0.993737
0.724000 0.993760
0.728000 0.993782
0.732000 0.993804
0.736000 0.993826
0.740000 0.993847
0.744000 0.993869
0.748000 0.993890
0.752000 0.993911
0.756000 0.993931
0.760000 0.993951
0.764000 0.993972
0.768000 0.993991
0.772000 0.994011
0.776000 0.994030
0.780000 0.994049
0.784000 0.994068
0.788000 0.994087
0.792000 0.994105
0.796000 0.994123
0.800000 0.994141
0.804000 0.994158
0.808000 0.994176
0.812000 0.994193
0.816000 0.994209
0.820000 0.994226
0.824000 0.994242
0.828000 0.994258
0.832000 0.994273
0.836000 0.994289
0.840000 0.994304
0.844000 0.994319
0.848000 0.994333
0.852000 0.994348
0.856000 0.994362
0.860000 0.994376
0.864000 0.994389
0.868000 0.994403
0.872000 0.994416
0.876000 0.994428
0.880000 0.994441
0.884000 0.994453
0.888000 0.994465
0.892000 0.994477
0.896000 0.994489
0.900000 0.994500
0.904000 0.994511
0.908000 0.994522
0.912000 0.994533
0.916000 0.994543
0.920000 0.994553
0.924000 0.994563
0.928000 0.994573
0.932000 0.994582
0.936000 0.994591
0.940000 0.994600
0.944000 0.994609
0.948000 0.994618
0.952000 0.994627
0.956000 0.994635
0.960000 0.994643
0.964000 0.994651
0.968000 0.994659
0.972000 0.994667
0.976000 0.994676
0.980000 0.994684
0.984000 0.994693
0.988000 0.994703
0.992000 0.994714
0.996000 0.994726
1.000000 0.994742
