-1.000000 0.991037
-0.996000 0.991037
-0.992000 0.991037
-0.988000 0.991037
-0.984000 0.991037
-0.980000 0.991037
-0.976000 0.991037
-0.972000 0.991037
-0.968000 0.991037
-0.964000 0.991037
-0.960000 0.991037
-0.956000 0.991037
-0.952000 0.991037
-0.948000 0.991037
-0.944000 0.991037
-0.940000 0.991037
-0.936000 0.991037
-0.932000 0.991037
-0.928000 0.991037
-0.924000 0.991037
-0.920000 0.991037
-0.916000 0.991037
-0.912000 0.991037
-0.908000 0.991037
-0.904000 0.991037
-0.900000 0.991037
-0.896000 0.991037
-0.892000 0.991037
-0.888000 0.991037
-0.884000 0.991037
-0.880000 0.991037
-0.876000 0.991037
-0.872000 0.991037
-0.868000 0.991037
-0.864000 0.991037
-0.860000 0.991037
-0.856000 0.991037
-0.852000 0.991037
-0.848000 0.991037
-0.844000 0.991037
-0.840000 0.991037
-0.836000 0.991037
-0.832000 0.991037
-0.828000 0.991037
-0.824000 0.991037
-0.820000 0.991037
-0.816000 0.991037
-0.812000 0.991037
-0.808000 0.991037
-0.804000 0.991037
-0.800000 0.991037
-0.796000 0.991037
-0.792000 0.991037
-0.788000 0.991037
-0.784000 0.991037
-0.780000 0.991037
-0.776000 0.991037
-0.772000 0.991037
-0.768000 0.991037
-0.764000 0.991037
-0.760000 0.991037
-0.756000 0.991037
-0.752000 0.991037
-0.748000 0.991037
-0.744000 0.991037
-0.740000 0.991037
-0.736000 0.991037
-0.732000 0.991037
-0.728000 0.991037
-0.724000 0.991037
-0.720000 0.991037
-0.716000 0.991037
-0.712000 0.991037
-0.708000 0.991037
-0.704000 0.991037
-0.700000 0.991037
-0.696000 0.991037
-0.692000 0.991037
-0.688000 0.991037
-0.684000 0.991037
-0.680000 0.991037
-0.676000 0.991037
-0.672000 0.991037
-0.668000 0.991037
-0.664000 0.991037
-0.660000 0.991037
-0.656000 0.991037
-0.652000 0.991037
-0.648000 0.991037
-0.644000 0.991037
-0.640000 0.991037
-0.636000 0.991037
-0.632000 0.991037
-0.628000 0.991037
-0.624000 0.991037
-0.620000 0.991037
-0.616000 0.991037
-0.612000 0.991037
-0.608000 0.991037
-0.604000 0.991037
-0.600000 0.991037
-0.596000 0.991037
-0.592000 0.991037
-0.588000 0.991037
-0.584000 0.991037
-0.580000 0.991037
-0.576000 0.991037
-0.572000 0.991037
-0.568000 0.991037
-0.564000 0.991037
-0.560000 0.991037
-0.556000 0.991037
-0.552000 0.991037
-0.548000 0.991037
-0.544000 0.991037
-0.540000 0.991037
-0.536000 0.991037
-0.532000 0.991037
-0.528000 0.991037
-0.524000 0.991037
-0.520000 0.991037
-0.516000 0.991037
-0.512000 0.991037
-0.508000 0.991037
-0.504000 0.991037
-0.500000 0.991037
-0.496000 0.991037
-0.492000 0.991037
-0.488000 0.991037
-0.484000 0.991037
-0.480000 0.991037
-0.476000 0.991037
-0.472000 0.991037
-0.468000 0.991037
-0.464000 0.991037
-0.460000 0.991037
-0.456000 0.991037
-0.452000 0.991037
-0.448000 0.991037
-0.444000 0.991037
-0.440000 0.991037
-0.436000 0.991037
-0.432000 0.991037
-0.428000 0.991037
-0.424000 0.991037
-0.420000 0.991037
-0.416000 0.991037
-0.412000 0.991037
-0.408000 0.991037
-0.404000 0.991037
-0.400000 0.991037
-0.396000 0.991037
-0.392000 0.991037
-0.388000 0.991037
-0.384000 0.991037
-0.380000 0.991037
-0.376000 0.991037
-0.372000 0.991037
-0.368000 0.991037
-0.364000 0.991037
-0.360000 0.991037
-0.356000 0.991037
-0.352000 0.991037
-0.348000 0.991037
-0.344000 0.991037
-0.340000 0.991037
-0.336000 0.991037
-0.332000 0.991037
-0.328000 0.991037
-0.324000 0.991037
-0.320000 0.991037
-0.316000 0.991037
-0.312000 0.991037
-0.308000 0.991037
-0.304000 0.991037
-0.300000 0.991037
-0.296000 0.991037
-0.292000 0.991038
-0.288000 0.991038
-0.284000 0.991038
-0.280000 0.991038
-0.276000 0.991038
-0.272000 0.991038
-0.268000 0.991038
-0.264000 0.991038
-0.260000 0.991038
-0.256000 0.991038
-0.252000 0.991038
-0.248000 0.991038
-0.244000 0.991038
-0.240000 0.991038
-0.236000 0.991039
-0.232000 0.991039
-0.228000 0.991039
-0.224000 0.991039
-0.220000 0.991039
-0.216000 0.991039
-0.212000 0.991039
-0.208000 0.991040
-0.204000 0.991040
-0.200000 0.991040
-0.196000 0.991040
-0.192000 0.991040
-0.188000 0.991041
-0.184000 0.991041
-0.180000 0.991041
-0.176000 0.991042
-0.172000 0.991042
-0.168000 0.991042
-0.164000 0.991043
-0.160000 0.991043
-0.156000 0.991043
-0.152000 0.991044
-0.148000 0.991044
-0.144000 0.991045
-0.140000 0.991045
-0.136000 0.991046
-0.132000 0.991046
-0.128000 0.991047
-0.124000 0.991048
-0.120000 0.991048
-0.116000 0.991049
-0.112000 0.991050
-0.108000 0.991051
-0.104000 0.991051
-0.100000 0.991052
-0.096000 0.991053
-0.092000 0.991054
-0.088000 0.991055
-0.084000 0.991056
-0.080000 0.991058
-0.076000 0.991059
-0.072000 0.991060
-0.068000 0.991061
-0.064000 0.991063
-0.060000 0.991064
-0.056000 0.991066
-0.052000 0.991067
-0.048000 0.991069
-0.044000 0.991071
-0.040000 0.991073
-0.036000 0.991075
-0.032000 0.991077
-0.028000 0.991079
-0.024000 0.991081
-0.020000 0.991084
-0.016000 0.991086
-0.012000 0.991089
-0.008000 0.991091
-0.004000 0.991094
0.000000 0.991097
0.004000 0.991100
0.008000 0.991103
0.012000 0.991106
0.016000 0.991110
0.020000 0.991113
0.024000 0.991117
0.028000 0.991121
0.032000 0.991125
0.036000 0.991129
0.040000 0.991134
0.044000 0.991138
0.048000 0.991143
0.052000 0.991148
0.056000 0.991153
0.060000 0.991158
0.064000 0.991163
0.068000 0.991169
0.072000 0.991175
0.076000 0.991181
0.080000 0.991187
0.084000 0.991193
0.088000 0.991200
0.092000 0.991207
0.096000 0.991214
0.100000 0.991221
0.104000 0.991229
0.108000 0.991237
0.112000 0.991245
0.116000 0.991253
0.120000 0.991261
0.124000 0.991270
0.128000 0.991279
0.132000 0.991288
0.136000 0.991298
0.140000 0.991308
0.144000 0.991318
0.148000 0.991328
0.152000 0.991339
0.156000 0.991350
0.160000 0.991361
0.164000 0.991373
0.168000 0.991384
0.172000 0.991397
0.176000 0.991409
0.180000 0.991422
0.184000 0.991435
0.188000 0.991448
0.192000 0.991462
0.196000 0.991476
0.200000 0.991490
0.204000 0.991504
0.208000 0.991519
0.212000 0.991534
0.216000 0.991550
0.220000 0.991566
0.224000 0.991582
0.228000 0.991598
0.232000 0.991615
0.236000 0.991632
0.240000 0.991649
0.244000 0.991667
0.248000 0.991685
0.252000 0.991704
0.256000 0.991722
0.260000 0.991741
0.264000 0.991760
0.268000 0.991780
0.272000 0.991800
0.276000 0.991820
0.280000 0.991841
0.284000 0.991861
0.288000 0.991882
0.292000 0.991904
0.296000 0.991925
0.300000 0.991947
0.304000 0.991970
0.308000 0.991992
0.312000 0.992015
0.316000 0.992038
0.320000 0.992061
0.324000 0.992084
0.328000 0.992108
0.332000 0.992132
0.336000 0.992156
0.340000 0.992181
0.344000 0.992206
0.348000 0.992230
0.352000 0.992256
0.356000 0.992281
0.360000 0.992306
0.364000 0.992332
0.368000 0.992358
0.372000 0.992384
0.376000 0.992410
0.380000 0.992437
0.384000 0.992463
0.388000 0.992490
0.392000 0.992516
0.396000 0.992543
0.400000 0.992570
0.404000 0.992598
0.408000 0.992625
0.412000 0.992652
0.416000 0.992679
0.420000 0.992707
0.424000 0.992734
0.428000 0.992762
0.432000 0.992790
0.436000 0.992817
0.440000 0.992845
0.444000 0.992873
0.448000 0.992900
0.452000 0.992928
0.456000 0.992956
0.460000 0.992983
0.464000 0.993011
0.468000 0.993039
0.472000 0.993066
0.476000 0.993094
0.480000 0.993121
0.484000 0.993149
0.488000 0.993176
0.492000 0.993203
0.496000 0.993230
0.500000 0.993257
0.504000 0.993284
0.508000 0.993311
0.512000 0.993338
0.516000 0.993364
0.520000 0.993391
0.524000 0.993417
0.528000 0.993443
0.532000 0.993469
0.536000 0.993495
0.540000 0.993520
0.544000 0.993545
0.548000 0.993571
0.552000 0.993596
0.556000 0.993620
0.560000 0.993645
0.564000 0.993669
0.568000 0.993693
0.572000 0.993717
0.576000 0.993741
0.580000 0.993764
0.584000 0.993788
0.588000 0.993810
0.592000 0.993833
0.596000 0.993856
0.600000 0.993878
0.604000 0.993900
0.608000 0.993921
0.612000 0.993943
0.616000 0.993964
0.620000 0.993985
0.624000 0.994005
0.628000 0.994026
0.632000 0.994046
0.636000 0.994065
0.640000 0.994085
0.644000 0.994104
0.648000 0.994123
0.652000 0.994141
0.656000 0.994160
0.660000 0.994178
0.664000 0.994195
0.668000 0.994213
0.672000 0.994230
0.676000 0.994247
0.680000 0.994263
0.684000 0.994280
0.688000 0.994296
0.692000 0.994311
0.696000 0.994327
0.700000 0.994342
0.704000 0.994357
0.708000 0.994371
0.712000 0.994385
0.716000 0.994399
0.720000 0.994413
0.724000 0.994427
0.728000 0.994440
0.732000 0.994453
0.736000 0.994465
0.740000 0.994477
0.744000 0.994490
0.748000 0.994501
0.752000 0.994513
0.756000 0.994524
0.760000 0.994535
0.764000 0.994546
0.768000 0.994556
0.772000 0.994567
0.776000 0.994577
0.780000 0.994587
0.784000 0.994596
0.788000 0.994605
0.792000 0.994614
0.796000 0.994623
0.800000 0.994632
0.804000 0.994640
0.808000 0.994649
0.812000 0.994656
0.816000 0.994664
0.820000 0.994672
0.824000 0.994679
0.828000 0.994686
0.832000 0.994693
0.836000 0.994700
0.840000 0.994707
0.844000 0.994713
0.848000 0.994719
0.852000 0.994725
0.856000 0.994731
0.860000 0.994737
0.864000 0.994742
0.868000 0.994748
0.872000 0.994753
0.876000 0.994758
0.880000 0.994763
0.884000 0.994767
0.888000 0.994772
0.892000 0.994776
0.896000 0.994781
0.900000 0.994785
0.904000 0.994789
0.908000 0.994793
0.912000 0.994797
0.916000 0.994800
0.920000 0.994804
0.924000 0.994807
0.928000 0.994810
0.932000 0.994814
0.936000 0.994817
0.940000 0.994820
0.944000 0.994823
0.948000 0.994825
0.952000 0.994828
0.956000 0.994831
0.960000 0.994833
0.964000 0.994836
0.968000 0.994838
0.972000 0.994841
0.976000 0.994843
0.980000 0.994845
0.984000 0.994848
0.988000 0.994851
0.992000 0.994854
0.996000 0.994857
1.000000 0.994862
