-1.000000 0.997928
-0.996000 0.997928
-0.992000 0.997928
-0.988000 0.997928
-0.984000 0.997928
-0.980000 0.997928
-0.976000 0.997928
-0.972000 0.997928
-0.968000 0.997928
-0.964000 0.997928
-0.960000 0.997928
-0.956000 0.997928
-0.952000 0.997928
-0.948000 0.997928
-0.944000 0.997928
-0.940000 0.997928
-0.936000 0.997928
-0.932000 0.997928
-0.928000 0.997928
-0.924000 0.997928
-0.920000 0.997928
-0.916000 0.997928
-0.912000 0.997928
-0.908000 0.997928
-0.904000 0.997928
-0.900000 0.997928
-0.896000 0.997928
-0.892000 0.997928
-0.888000 0.997928
-0.884000 0.997928
-0.880000 0.997928
-0.876000 0.997928
-0.872000 0.997928
-0.868000 0.997928
-0.864000 0.997928
-0.860000 0.997928
-0.856000 0.997928
-0.852000 0.997928
-0.848000 0.997928
-0.844000 0.997928
-0.840000 0.997928
-0.836000 0.997928
-0.832000 0.997928
-0.828000 0.997928
-0.824000 0.997928
-0.820000 0.997928
-0.816000 0.997928
-0.812000 0.997928
-0.808000 0.997928
-0.804000 0.997928
-0.800000 0.997928
-0.796000 0.997928
-0.792000 0.997928
-0.788000 0.997928
-0.784000 0.997928
-0.780000 0.997928
-0.776000 0.997928
-0.772000 0.997928
-0.768000 0.997928
-0.764000 0.997928
-0.760000 0.997928
-0.756000 0.997928
-0.752000 0.997928
-0.748000 0.997928
-0.744000 0.997928
-0.740000 0.997928
-0.736000 0.997928
-0.732000 0.997928
-0.728000 0.997928
-0.724000 0.997928
-0.720000 0.997928
-0.716000 0.997928
-0.712000 0.997928
-0.708000 0.997928
-0.704000 0.997928
-0.700000 0.997928
-0.696000 0.997928
-0.692000 0.997928
-0.688000 0.997928
-0.684000 0.997928
-0.680000 0.997928
-0.676000 0.997928
-0.672000 0.997928
-0.668000 0.997928
-0.664000 0.997928
-0.660000 0.997928
-0.656000 0.997928
-0.652000 0.997928
-0.648000 0.997928
-0.644000 0.997928
-0.640000 0.997928
-0.636000 0.997928
-0.632000 0.997928
-0.628000 0.997928
-0.624000 0.997928
-0.620000 0.997928
-0.616000 0.997928
-0.612000 0.997928
-0.608000 0.997928
-0.604000 0.997928
-0.600000 0.997928
-0.596000 0.997928
-0.592000 0.997928
-0.588000 0.997928
-0.584000 0.997928
-0.580000 0.997928
-0.576000 0.997928
-0.572000 0.997928
-0.568000 0.997928
-0.564000 0.997928
-0.560000 0.997928
-0.556000 0.997928
-0.552000 0.997928
-0.548000 0.997928
-0.544000 0.997928
-0.540000 0.997928
-0.536000 0.997928
-0.532000 0.997928
-0.528000 0.997928
-0.524000 0.997928
-0.520000 0.997928
-0.516000 0.997928
-0.512000 0.997928
-0.508000 0.997928
-0.504000 0.997928
-0.500000 0.997928
-0.496000 0.997928
-0.492000 0.997928
-0.488000 0.997928
-0.484000 0.997928
-0.480000 0.997928
-0.476000 0.997928
-0.472000 0.997928
-0.468000 0.997928
-0.464000 0.997928
-0.460000 0.997928
-0.456000 0.997928
-0.452000 0.997928
-0.448000 0.997928
-0.444000 0.997928
-0.440000 0.997928
-0.436000 0.997928
-0.432000 0.997928
-0.428000 0.997928
-0.424000 0.997928
-0.420000 0.997928
-0.416000 0.997928
-0.412000 0.997928
-0.408000 0.997928
-0.404000 0.997928
-0.400000 0.997928
-0.396000 0.997928
-0.392000 0.997928
-0.388000 0.997928
-0.384000 0.997928
-0.380000 0.997928
-0.376000 0.997928
-0.372000 0.997928
-0.368000 0.997928
-0.364000 0.997928
-0.360000 0.997928
-0.356000 0.997928
-0.352000 0.997928
-0.348000 0.997928
-0.344000 0.997928
-0.340000 0.997928
-0.336000 0.997928
-0.332000 0.997928
-0.328000 0.997928
-0.324000 0.997928
-0.320000 0.997928
-0.316000 0.997928
-0.312000 0.997928
-0.308000 0.997928
-0.304000 0.997928
-0.300000 0.997928
-0.296000 0.997928
-0.292000 0.997928
-0.288000 0.997928
-0.284000 0.997928
-0.280000 0.997928
-0.276000 0.997928
-0.272000 0.997928
-0.268000 0.997928
-0.264000 0.997928
-0.260000 0.997928
-0.256000 0.997928
-0.252000 0.997928
-0.248000 0.997928
-0.244000 0.997928
-0.240000 0.997928
-0.236000 0.997928
-0.232000 0.997928
-0.228000 0.997928
-0.224000 0.997928
-0.220000 0.997928
-0.216000 0.997928
-0.212000 0.997928
-0.208000 0.997928
-0.204000 0.997928
-0.200000 0.997928
-0.196000 0.997928
-0.192000 0.997928
-0.188000 0.997928
-0.184000 0.997928
-0.180000 0.997928
-0.176000 0.997928
-0.172000 0.997928
-0.168000 0.997928
-0.164000 0.997928
-0.160000 0.997928
-0.156000 0.997928
-0.152000 0.997928
-0.148000 0.997928
-0.144000 0.997928
-0.140000 0.997928
-0.136000 0.997928
-0.132000 0.997928
-0.128000 0.997928
-0.124000 0.997928
-0.120000 0.997928
-0.116000 0.997928
-0.112000 0.997928
-0.108000 0.997928
-0.104000 0.997928
-0.100000 0.997928
-0.096000 0.997928
-0.092000 0.997928
-0.088000 0.997928
-0.084000 0.997928
-0.080000 0.997928
-0.076000 0.997928
-0.072000 0.997928
-0.068000 0.997928
-0.064000 0.997928
-0.060000 0.997928
-0.056000 0.997928
-0.052000 0.997928
-0.048000 0.997928
-0.044000 0.997928
-0.040000 0.997928
-0.036000 0.997928
-0.032000 0.997928
-0.028000 0.997928
-0.024000 0.997928
-0.020000 0.997928
-0.016000 0.997927
-0.012000 0.997927
-0.008000 0.997927
-0.004000 0.997927
0.000000 0.997927
0.004000 0.997927
0.008000 0.997927
0.012000 0.997927
0.016000 0.997927
0.020000 0.997927
0.024000 0.997927
0.028000 0.997927
0.032000 0.997927
0.036000 0.997927
0.040000 0.997927
0.044000 0.997927
0.048000 0.997926
0.052000 0.997926
0.056000 0.997926
0.060000 0.997926
0.064000 0.997926
0.068000 0.997926
0.072000 0.997926
0.076000 0.997925
0.080000 0.997925
0.084000 0.997925
0.088000 0.997925
0.092000 0.997925
0.096000 0.997924
0.100000 0.997924
0.104000 0.997924
0.108000 0.997924
0.112000 0.997923
0.116000 0.997923
0.120000 0.997923
0.124000 0.997923
0.128000 0.997922
0.132000 0.997922
0.136000 0.997921
0.140000 0.997921
0.144000 0.997921
0.148000 0.997920
0.152000 0.997920
0.156000 0.997919
0.160000 0.997919
0.164000 0.997918
0.168000 0.997918
0.172000 0.997917
0.176000 0.997916
0.180000 0.997916
0.184000 0.997915
0.188000 0.997914
0.192000 0.997913
0.196000 0.997912
0.200000 0.997912
0.204000 0.997911
0.208000 0.997910
0.212000 0.997909
0.216000 0.997907
0.220000 0.997906
0.224000 0.997905
0.228000 0.997904
0.232000 0.997903
0.236000 0.997901
0.240000 0.997900
0.244000 0.997898
0.248000 0.997897
0.252000 0.997895
0.256000 0.997893
0.260000 0.997892
0.264000 0.997890
0.268000 0.997888
0.272000 0.997886
0.276000 0.997884
0.280000 0.997881
0.284000 0.997879
0.288000 0.997877
0.292000 0.997874
0.296000 0.997871
0.300000 0.997869
0.304000 0.997866
0.308000 0.997863
0.312000 0.997860
0.316000 0.997856
0.320000 0.997853
0.324000 0.997849
0.328000 0.997846
0.332000 0.997842
0.336000 0.997838
0.340000 0.997834
0.344000 0.997830
0.348000 0.997825
0.352000 0.997821
0.356000 0.997816
0.360000 0.997811
0.364000 0.997806
0.368000 0.997801
0.372000 0.997795
0.376000 0.997789
0.380000 0.997784
0.384000 0.997777
0.388000 0.997771
0.392000 0.997765
0.396000 0.997758
0.400000 0.997751
0.404000 0.997744
0.408000 0.997736
0.412000 0.997728
0.416000 0.997721
0.420000 0.997712
0.424000 0.997704
0.428000 0.997695
0.432000 0.997686
0.436000 0.997677
0.440000 0.997667
0.444000 0.997657
0.448000 0.997647
0.452000 0.997637
0.456000 0.997626
0.460000 0.997615
0.464000 0.997603
0.468000 0.997592
0.472000 0.997580
0.476000 0.997567
0.480000 0.997554
0.484000 0.997541
0.488000 0.997528
0.492000 0.997514
0.496000 0.997500
0.500000 0.997485
0.504000 0.997471
0.508000 0.997455
0.512000 0.997440
0.516000 0.997424
0.520000 0.997407
0.524000 0.997390
0.528000 0.997373
0.532000 0.997356
0.536000 0.997337
0.540000 0.997319
0.544000 0.997300
0.548000 0.997281
0.552000 0.997261
0.556000 0.997241
0.560000 0.997220
0.564000 0.997199
0.568000 0.997178
0.572000 0.997156
0.576000 0.997134
0.580000 0.997111
0.584000 0.997088
0.588000 0.997064
0.592000 0.997040
0.596000 0.997016
0.600000 0.996991
0.604000 0.996965
0.608000 0.996939
0.612000 0.996913
0.616000 0.996886
0.620000 0.996859
0.624000 0.996831
0.628000 0.996803
0.632000 0.996774
0.636000 0.996745
0.640000 0.996716
0.644000 0.996686
0.648000 0.996656
0.652000 0.996625
0.656000 0.996593
0.660000 0.996562
0.664000 0.996530
0.668000 0.996497
0.672000 0.996464
0.676000 0.996431
0.680000 0.996397
0.684000 0.996362
0.688000 0.996328
0.692000 0.996293
0.696000 0.996257
0.700000 0.996221
0.704000 0.996185
0.708000 0.996149
0.712000 0.996112
0.716000 0.996074
0.720000 0.996037
0.724000 0.995998
0.728000 0.995960
0.732000 0.995921
0.736000 0.995882
0.740000 0.995843
0.744000 0.995803
0.748000 0.995763
0.752000 0.995723
0.756000 0.995682
0.760000 0.995641
0.764000 0.995600
0.768000 0.995559
0.772000 0.995517
0.776000 0.995475
0.780000 0.995433
0.784000 0.995390
0.788000 0.995348
0.792000 0.995305
0.796000 0.995262
0.800000 0.995219
0.804000 0.995176
0.808000 0.995132
0.812000 0.995088
0.816000 0.995045
0.820000 0.995001
0.824000 0.994957
0.828000 0.994913
0.832000 0.994869
0.836000 0.994824
0.840000 0.994780
0.844000 0.994736
0.848000 0.994691
0.852000 0.994647
0.856000 0.994602
0.860000 0.994558
0.864000 0.994514
0.868000 0.994469
0.872000 0.994425
0.876000 0.994380
0.880000 0.994336
0.884000 0.994292
0.888000 0.994248
0.892000 0.994204
0.896000 0.994160
0.900000 0.994116
0.904000 0.994072
0.908000 0.994028
0.912000 0.993985
0.916000 0.993942
0.920000 0.993898
0.924000 0.993855
0.928000 0.993812
0.932000 0.993770
0.936000 0.993727
0.940000 0.993685
0.944000 0.993642
0.948000 0.993600
0.952000 0.993557
0.956000 0.993515
0.960000 0.993472
0.964000 0.993429
0.968000 0.993385
0.972000 0.993340
0.976000 0.993293
0.980000 0.993243
0.984000 0.993190
0.988000 0.993131
0.992000 0.993064
0.996000 0.992986
1.000000 0.992892
