-1.000000 0.992919
-0.996000 0.992919
-0.992000 0.992919
-0.988000 0.992919
-0.984000 0.992919
-0.980000 0.992919
-0.976000 0.992919
-0.972000 0.992919
-0.968000 0.992919
-0.964000 0.992919
-0.960000 0.992919
-0.956000 0.992919
-0.952000 0.992919
-0.948000 0.992919
-0.944000 0.992919
-0.940000 0.992919
-0.936000 0.992919
-0.932000 0.992919
-0.928000 0.992919
-0.924000 0.992919
-0.920000 0.992919
-0.916000 0.992919
-0.912000 0.992919
-0.908000 0.992919
-0.904000 0.992919
-0.900000 0.992919
-0.896000 0.992919
-0.892000 0.992919
-0.888000 0.992919
-0.884000 0.992919
-0.880000 0.992919
-0.876000 0.992919
-0.872000 0.992919
-0.868000 0.992919
-0.864000 0.992919
-0.860000 0.992919
-0.856000 0.992919
-0.852000 0.992919
-0.848000 0.992919
-0.844000 0.992919
-0.840000 0.992919
-0.836000 0.992919
-0.832000 0.992919
-0.828000 0.992919
-0.824000 0.992919
-0.820000 0.992919
-0.816000 0.992919
-0.812000 0.992919
-0.808000 0.992919
-0.804000 0.992919
-0.800000 0.992919
-0.796000 0.992919
-0.792000 0.992919
-0.788000 0.992919
-0.784000 0.992919
-0.780000 0.992919
-0.776000 0.992919
-0.772000 0.992919
-0.768000 0.992919
-0.764000 0.992919
-0.760000 0.992919
-0.756000 0.992919
-0.752000 0.992919
-0.748000 0.992919
-0.744000 0.992919
-0.740000 0.992919
-0.736000 0.992919
-0.732000 0.992919
-0.728000 0.992919
-0.724000 0.992919
-0.720000 0.992919
-0.716000 0.992919
-0.712000 0.992919
-0.708000 0.992919
-0.704000 0.992919
-0.700000 0.992919
-0.696000 0.992919
-0.692000 0.992919
-0.688000 0.992919
-0.684000 0.992919
-0.680000 0.992919
-0.676000 0.992919
-0.672000 0.992919
-0.668000 0.992919
-0.664000 0.992919
-0.660000 0.992919
-0.656000 0.992919
-0.652000 0.992919
-0.648000 0.992919
-0.644000 0.992919
-0.640000 0.992919
-0.636000 0.992919
-0.632000 0.992919
-0.628000 0.992919
-0.624000 0.992919
-0.620000 0.992919
-0.616000 0.992919
-0.612000 0.992919
-0.608000 0.992919
-0.604000 0.992919
-0.600000 0.992919
-0.596000 0.992919
-0.592000 0.992919
-0.588000 0.992919
-0.584000 0.992919
-0.580000 0.992919
-0.576000 0.992919
-0.572000 0.992919
-0.568000 0.992919
-0.564000 0.992919
-0.560000 0.992919
-0.556000 0.992919
-0.552000 0.992919
-0.548000 0.992919
-0.544000 0.992919
-0.540000 0.992919
-0.536000 0.992919
-0.532000 0.992919
-0.528000 0.992919
-0.524000 0.992919
-0.520000 0.992919
-0.516000 0.992919
-0.512000 0.992920
-0.508000 0.992920
-0.504000 0.992920
-0.500000 0.992920
-0.496000 0.992920
-0.492000 0.992920
-0.488000 0.992920
-0.484000 0.992920
-0.480000 0.992920
-0.476000 0.992920
-0.472000 0.992920
-0.468000 0.992920
-0.464000 0.992921
-0.460000 0.992921
-0.456000 0.992921
-0.452000 0.992921
-0.448000 0.992921
-0.444000 0.992921
-0.440000 0.992922
-0.436000 0.992922
-0.432000 0.992922
-0.428000 0.992922
-0.424000 0.992923
-0.420000 0.992923
-0.416000 0.992923
-0.412000 0.992924
-0.408000 0.992924
-0.404000 0.992924
-0.400000 0.992925
-0.396000 0.992925
-0.392000 0.992926
-0.388000 0.992927
-0.384000 0.992927
-0.380000 0.992928
-0.376000 0.992928
-0.372000 0.992929
-0.368000 0.992930
-0.364000 0.992931
-0.360000 0.992932
-0.356000 0.992933
-0.352000 0.992934
-0.348000 0.992935
-0.344000 0.992936
-0.340000 0.992937
-0.336000 0.992939
-0.332000 0.992940
-0.328000 0.992942
-0.324000 0.992943
-0.320000 0.992945
-0.316000 0.992947
-0.312000 0.992949
-0.308000 0.992951
-0.304000 0.992953
-0.300000 0.992955
-0.296000 0.992958
-0.292000 0.992960
-0.288000 0.992963
-0.284000 0.992966
-0.280000 0.992969
-0.276000 0.992972
-0.272000 0.992976
-0.268000 0.992979
-0.264000 0.992983
-0.260000 0.992987
-0.256000 0.992991
-0.252000 0.992995
-0.248000 0.993000
-0.244000 0.993005
-0.240000 0.993010
-0.236000 0.993015
-0.232000 0.993021
-0.228000 0.993027
-0.224000 0.993033
-0.220000 0.993039
-0.216000 0.993046
-0.212000 0.993053
-0.208000 0.993061
-0.204000 0.993069
-0.200000 0.993077
-0.196000 0.993085
-0.192000 0.993094
-0.188000 0.993103
-0.184000 0.993113
-0.180000 0.993123
-0.176000 0.993133
-0.172000 0.993144
-0.168000 0.993155
-0.164000 0.993167
-0.160000 0.993179
-0.156000 0.993192
-0.152000 0.993205
-0.148000 0.993219
-0.144000 0.993233
-0.140000 0.993247
-0.136000 0.993263
-0.132000 0.993278
-0.128000 0.993295
-0.124000 0.993311
-0.120000 0.993329
-0.116000 0.993347
-0.112000 0.993365
-0.108000 0.993385
-0.104000 0.993404
-0.100000 0.993425
-0.096000 0.993446
-0.092000 0.993467
-0.088000 0.993490
-0.084000 0.993513
-0.080000 0.993536
-0.076000 0.993561
-0.072000 0.993586
-0.068000 0.993611
-0.064000 0.993638
-0.060000 0.993665
-0.056000 0.993693
-0.052000 0.993721
-0.048000 0.993750
-0.044000 0.993780
-0.040000 0.993811
-0.036000 0.993842
-0.032000 0.993874
-0.028000 0.993907
-0.024000 0.993940
-0.020000 0.993974
-0.016000 0.994009
-0.012000 0.994045
-0.008000 0.994081
-0.004000 0.994118
0.000000 0.994156
0.004000 0.994194
0.008000 0.994234
0.012000 0.994273
0.016000 0.994314
0.020000 0.994355
0.024000 0.994397
0.028000 0.994440
0.032000 0.994483
0.036000 0.994527
0.040000 0.994571
0.044000 0.994616
0.048000 0.994662
0.052000 0.994708
0.056000 0.994755
0.060000 0.994803
0.064000 0.994851
0.068000 0.994900
0.072000 0.994949
0.076000 0.994999
0.080000 0.995049
0.084000 0.995099
0.088000 0.995151
0.092000 0.995202
0.096000 0.995254
0.100000 0.995307
0.104000 0.995360
0.108000 0.995413
0.112000 0.995466
0.116000 0.995520
0.120000 0.995575
0.124000 0.995629
0.128000 0.995684
0.132000 0.995739
0.136000 0.995794
0.140000 0.995850
0.144000 0.995906
0.148000 0.995962
0.152000 0.996018
0.156000 0.996074
0.160000 0.996130
0.164000 0.996186
0.168000 0.996243
0.172000 0.996299
0.176000 0.996356
0.180000 0.996412
0.184000 0.996468
0.188000 0.996525
0.192000 0.996581
0.196000 0.996637
0.200000 0.996693
0.204000 0.996749
0.208000 0.996805
0.212000 0.996860
0.216000 0.996916
0.220000 0.996971
0.224000 0.997025
0.228000 0.997080
0.232000 0.997134
0.236000 0.997188
0.240000 0.997242
0.244000 0.997295
0.248000 0.997348
0.252000 0.997401
0.256000 0.997453
0.260000 0.997505
0.264000 0.997556
0.268000 0.997607
0.272000 0.997657
0.276000 0.997707
0.280000 0.997757
0.284000 0.997805
0.288000 0.997854
0.292000 0.997902
0.296000 0.997949
0.300000 0.997996
0.304000 0.998042
0.308000 0.998088
0.312000 0.998133
0.316000 0.998178
0.320000 0.998221
0.324000 0.998265
0.328000 0.998307
0.332000 0.998350
0.336000 0.998391
0.340000 0.998432
0.344000 0.998472
0.348000 0.998512
0.352000 0.998551
0.356000 0.998589
0.360000 0.998626
0.364000 0.998663
0.368000 0.998700
0.372000 0.998735
0.376000 0.998770
0.380000 0.998805
0.384000 0.998839
0.388000 0.998872
0.392000 0.998904
0.396000 0.998936
0.400000 0.998967
0.404000 0.998997
0.408000 0.999027
0.412000 0.999056
0.416000 0.999085
0.420000 0.999113
0.424000 0.999140
0.428000 0.999167
0.432000 0.999193
0.436000 0.999218
0.440000 0.999243
0.444000 0.999268
0.448000 0.999291
0.452000 0.999314
0.456000 0.999337
0.460000 0.999359
0.464000 0.999380
0.468000 0.999401
0.472000 0.999421
0.476000 0.999441
0.480000 0.999460
0.484000 0.999479
0.488000 0.999497
0.492000 0.999515
0.496000 0.999532
0.500000 0.999549
0.504000 0.999565
0.508000 0.999581
0.512000 0.999596
0.516000 0.999611
0.520000 0.999625
0.524000 0.999639
0.528000 0.999653
0.532000 0.999666
0.536000 0.999678
0.540000 0.999691
0.544000 0.999703
0.548000 0.999714
0.552000 0.999725
0.556000 0.999736
0.560000 0.999747
0.564000 0.999757
0.568000 0.999766
0.572000 0.999776
0.576000 0.999785
0.580000 0.999794
0.584000 0.999802
0.588000 0.999810
0.592000 0.999818
0.596000 0.999826
0.600000 0.999833
0.604000 0.999840
0.608000 0.999847
0.612000 0.999853
0.616000 0.999860
0.620000 0.999866
0.624000 0.999872
0.628000 0.999877
0.632000 0.999883
0.636000 0.999888
0.640000 0.999893
0.644000 0.999898
0.648000 0.999902
0.652000 0.999907
0.656000 0.999911
0.660000 0.999915
0.664000 0.999919
0.668000 0.999923
0.672000 0.999926
0.676000 0.999930
0.680000 0.999933
0.684000 0.999936
0.688000 0.999939
0.692000 0.999942
0.696000 0.999945
0.700000 0.999947
0.704000 0.999950
0.708000 0.999952
0.712000 0.999955
0.716000 0.999957
0.720000 0.999959
0.724000 0.999961
0.728000 0.999963
0.732000 0.999965
0.736000 0.999967
0.740000 0.999968
0.744000 0.999970
0.748000 0.999971
0.752000 0.999973
0.756000 0.999974
0.760000 0.999976
0.764000 0.999977
0.768000 0.999978
0.772000 0.999979
0.776000 0.999980
0.780000 0.999981
0.784000 0.999982
0.788000 0.999983
0.792000 0.999984
0.796000 0.999985
0.800000 0.999986
0.804000 0.999987
0.808000 0.999987
0.812000 0.999988
0.816000 0.999989
0.820000 0.999989
0.824000 0.999990
0.828000 0.999990
0.832000 0.999991
0.836000 0.999991
0.840000 0.999992
0.844000 0.999992
0.848000 0.999993
0.852000 0.999993
0.856000 0.999994
0.860000 0.999994
0.864000 0.999994
0.868000 0.999995
0.872000 0.999995
0.876000 0.999995
0.880000 0.999996
0.884000 0.999996
0.888000 0.999996
0.892000 0.999996
0.896000 0.999996
0.900000 0.999997
0.904000 0.999997
0.908000 0.999997
0.912000 0.999997
0.916000 0.999997
0.920000 0.999998
0.924000 0.999998
0.928000 0.999998
0.932000 0.999998
0.936000 0.999998
0.940000 0.999998
0.944000 0.999998
0.948000 0.999998
0.952000 0.999999
0.956000 0.999999
0.960000 0.999999
0.964000 0.999999
0.968000 0.999999
0.972000 0.999999
0.976000 0.999999
0.980000 0.999999
0.984000 0.999999
0.988000 0.999999
0.992000 0.999999
0.996000 0.999999
1.000000 1.000000
