-1.000000 0.991037
-0.996000 0.991037
-0.992000 0.991037
-0.988000 0.991037
-0.984000 0.991037
-0.980000 0.991037
-0.976000 0.991037
-0.972000 0.991037
-0.968000 0.991037
-0.964000 0.991037
-0.960000 0.991037
-0.956000 0.991037
-0.952000 0.991037
-0.948000 0.991037
-0.944000 0.991037
-0.940000 0.991037
-0.936000 0.991037
-0.932000 0.991037
-0.928000 0.991037
-0.924000 0.991037
-0.920000 0.991037
-0.916000 0.991037
-0.912000 0.991037
-0.908000 0.991037
-0.904000 0.991037
-0.900000 0.991037
-0.896000 0.991037
-0.892000 0.991037
-0.888000 0.991037
-0.884000 0.991037
-0.880000 0.991037
-0.876000 0.991037
-0.872000 0.991037
-0.868000 0.991037
-0.864000 0.991037
-0.860000 0.991037
-0.856000 0.991037
-0.852000 0.991037
-0.848000 0.991037
-0.844000 0.991037
-0.840000 0.991037
-0.836000 0.991037
-0.832000 0.991037
-0.828000 0.991037
-0.824000 0.991037
-0.820000 0.991037
-0.816000 0.991037
-0.812000 0.991037
-0.808000 0.991037
-0.804000 0.991037
-0.800000 0.991037
-0.796000 0.991037
-0.792000 0.991037
-0.788000 0.991037
-0.784000 0.991037
-0.780000 0.991037
-0.776000 0.991037
-0.772000 0.991037
-0.768000 0.991037
-0.764000 0.991037
-0.760000 0.991037
-0.756000 0.991037
-0.752000 0.991037
-0.748000 0.991037
-0.744000 0.991037
-0.740000 0.991037
-0.736000 0.991037
-0.732000 0.991037
-0.728000 0.991037
-0.724000 0.991037
-0.720000 0.991037
-0.716000 0.991037
-0.712000 0.991037
-0.708000 0.991037
-0.704000 0.991037
-0.700000 0.991037
-0.696000 0.991037
-0.692000 0.991037
-0.688000 0.991037
-0.684000 0.991037
-0.680000 0.991037
-0.676000 0.991037
-0.672000 0.991037
-0.668000 0.991037
-0.664000 0.991037
-0.660000 0.991037
-0.656000 0.991037
-0.652000 0.991037
-0.648000 0.991037
-0.644000 0.991037
-0.640000 0.991037
-0.636000 0.991037
-0.632000 0.991037
-0.628000 0.991037
-0.624000 0.991037
-0.620000 0.991037
-0.616000 0.991037
-0.612000 0.991037
-0.608000 0.991037
-0.604000 0.991037
-0.600000 0.991037
-0.596000 0.991037
-0.592000 0.991038
-0.588000 0.991038
-0.584000 0.991038
-0.580000 0.991038
-0.576000 0.991038
-0.572000 0.991038
-0.568000 0.991038
-0.564000 0.991038
-0.560000 0.991038
-0.556000 0.991038
-0.552000 0.991038
-0.548000 0.991039
-0.544000 0.991039
-0.540000 0.991039
-0.536000 0.991039
-0.532000 0.991039
-0.528000 0.991040
-0.524000 0.991040
-0.520000 0.991040
-0.516000 0.991040
-0.512000 0.991041
-0.508000 0.991041
-0.504000 0.991041
-0.500000 0.991042
-0.496000 0.991042
-0.492000 0.991042
-0.488000 0.991043
-0.484000 0.991043
-0.480000 0.991044
-0.476000 0.991044
-0.472000 0.991045
-0.468000 0.991046
-0.464000 0.991046
-0.460000 0.991047
-0.456000 0.991048
-0.452000 0.991049
-0.448000 0.991050
-0.444000 0.991051
-0.440000 0.991052
-0.436000 0.991053
-0.432000 0.991054
-0.428000 0.991056
-0.424000 0.991057
-0.420000 0.991058
-0.416000 0.991060
-0.412000 0.991062
-0.408000 0.991063
-0.404000 0.991065
-0.400000 0.991067
-0.396000 0.991069
-0.392000 0.991071
-0.388000 0.991074
-0.384000 0.991076
-0.380000 0.991079
-0.376000 0.991082
-0.372000 0.991085
-0.368000 0.991088
-0.364000 0.991091
-0.360000 0.991094
-0.356000 0.991098
-0.352000 0.991102
-0.348000 0.991106
-0.344000 0.991110
-0.340000 0.991114
-0.336000 0.991119
-0.332000 0.991124
-0.328000 0.991129
-0.324000 0.991134
-0.320000 0.991140
-0.316000 0.991145
-0.312000 0.991152
-0.308000 0.991158
-0.304000 0.991164
-0.300000 0.991171
-0.296000 0.991179
-0.292000 0.991186
-0.288000 0.991194
-0.284000 0.991202
-0.280000 0.991211
-0.276000 0.991219
-0.272000 0.991228
-0.268000 0.991238
-0.264000 0.991248
-0.260000 0.991258
-0.256000 0.991269
-0.252000 0.991280
-0.248000 0.991291
-0.244000 0.991303
-0.240000 0.991315
-0.236000 0.991327
-0.232000 0.991340
-0.228000 0.991354
-0.224000 0.991367
-0.220000 0.991382
-0.216000 0.991396
-0.212000 0.991411
-0.208000 0.991427
-0.204000 0.991443
-0.200000 0.991459
-0.196000 0.991476
-0.192000 0.991494
-0.188000 0.991511
-0.184000 0.991530
-0.180000 0.991548
-0.176000 0.991568
-0.172000 0.991587
-0.168000 0.991607
-0.164000 0.991628
-0.160000 0.991649
-0.156000 0.991670
-0.152000 0.991692
-0.148000 0.991715
-0.144000 0.991738
-0.140000 0.991761
-0.136000 0.991785
-0.132000 0.991809
-0.128000 0.991833
-0.124000 0.991858
-0.120000 0.991884
-0.116000 0.991910
-0.112000 0.991936
-0.108000 0.991963
-0.104000 0.991990
-0.100000 0.992017
-0.096000 0.992045
-0.092000 0.992073
-0.088000 0.992102
-0.084000 0.992131
-0.080000 0.992160
-0.076000 0.992189
-0.072000 0.992219
-0.068000 0.992250
-0.064000 0.992280
-0.060000 0.992311
-0.056000 0.992342
-0.052000 0.992373
-0.048000 0.992405
-0.044000 0.992436
-0.040000 0.992468
-0.036000 0.992500
-0.032000 0.992533
-0.028000 0.992565
-0.024000 0.992598
-0.020000 0.992631
-0.016000 0.992663
-0.012000 0.992696
-0.008000 0.992729
-0.004000 0.992763
0.000000 0.992796
0.004000 0.992829
0.008000 0.992862
0.012000 0.992896
0.016000 0.992929
0.020000 0.992962
0.024000 0.992995
0.028000 0.993029
0.032000 0.993062
0.036000 0.993095
0.040000 0.993128
0.044000 0.993160
0.048000 0.993193
0.052000 0.993226
0.056000 0.993258
0.060000 0.993290
0.064000 0.993322
0.068000 0.993354
0.072000 0.993386
0.076000 0.993417
0.080000 0.993448
0.084000 0.993479
0.088000 0.993510
0.092000 0.993540
0.096000 0.993571
0.100000 0.993600
0.104000 0.993630
0.108000 0.993659
0.112000 0.993688
0.116000 0.993717
0.120000 0.993745
0.124000 0.993773
0.128000 0.993800
0.132000 0.993828
0.136000 0.993854
0.140000 0.993881
0.144000 0.993907
0.148000 0.993933
0.152000 0.993958
0.156000 0.993983
0.160000 0.994007
0.164000 0.994032
0.168000 0.994055
0.172000 0.994079
0.176000 0.994102
0.180000 0.994124
0.184000 0.994146
0.188000 0.994168
0.192000 0.994189
0.196000 0.994210
0.200000 0.994230
0.204000 0.994250
0.208000 0.994270
0.212000 0.994289
0.216000 0.994308
0.220000 0.994326
0.224000 0.994344
0.228000 0.994362
0.232000 0.994379
0.236000 0.994396
0.240000 0.994412
0.244000 0.994428
0.248000 0.994443
0.252000 0.994459
0.256000 0.994473
0.260000 0.994488
0.264000 0.994502
0.268000 0.994515
0.272000 0.994529
0.276000 0.994542
0.280000 0.994554
0.284000 0.994566
0.288000 0.994578
0.292000 0.994590
0.296000 0.994601
0.300000 0.994612
0.304000 0.994622
0.308000 0.994633
0.312000 0.994642
0.316000 0.994652
0.320000 0.994661
0.324000 0.994670
0.328000 0.994679
0.332000 0.994688
0.336000 0.994696
0.340000 0.994704
0.344000 0.994711
0.348000 0.994719
0.352000 0.994726
0.356000 0.994733
0.360000 0.994739
0.364000 0.994746
0.368000 0.994752
0.372000 0.994758
0.376000 0.994763
0.380000 0.994769
0.384000 0.994774
0.388000 0.994779
0.392000 0.994784
0.396000 0.994789
0.400000 0.994794
0.404000 0.994798
0.408000 0.994802
0.412000 0.994806
0.416000 0.994810
0.420000 0.994814
0.424000 0.994818
0.428000 0.994821
0.432000 0.994824
0.436000 0.994828
0.440000 0.994831
0.444000 0.994834
0.448000 0.994836
0.452000 0.994839
0.456000 0.994842
0.460000 0.994844
0.464000 0.994846
0.468000 0.994849
0.472000 0.994851
0.476000 0.994853
0.480000 0.994855
0.484000 0.994857
0.488000 0.994858
0.492000 0.994860
0.496000 0.994862
0.500000 0.994863
0.504000 0.994865
0.508000 0.994866
0.512000 0.994868
0.516000 0.994869
0.520000 0.994870
0.524000 0.994871
0.528000 0.994872
0.532000 0.994873
0.536000 0.994874
0.540000 0.994875
0.544000 0.994876
0.548000 0.994877
0.552000 0.994878
0.556000 0.994879
0.560000 0.994879
0.564000 0.994880
0.568000 0.994881
0.572000 0.994881
0.576000 0.994882
0.580000 0.994883
0.584000 0.994883
0.588000 0.994884
0.592000 0.994884
0.596000 0.994885
0.600000 0.994885
0.604000 0.994885
0.608000 0.994886
0.612000 0.994886
0.616000 0.994886
0.620000 0.994887
0.624000 0.994887
0.628000 0.994887
0.632000 0.994888
0.636000 0.994888
0.640000 0.994888
0.644000 0.994888
0.648000 0.994889
0.652000 0.994889
0.656000 0.994889
0.660000 0.994889
0.664000 0.994889
0.668000 0.994890
0.672000 0.994890
0.676000 0.994890
0.680000 0.994890
0.684000 0.994890
0.688000 0.994890
0.692000 0.994890
0.696000 0.994890
0.700000 0.994891
0.704000 0.994891
0.708000 0.994891
0.712000 0.994891
0.716000 0.994891
0.720000 0.994891
0.724000 0.994891
0.728000 0.994891
0.732000 0.994891
0.736000 0.994891
0.740000 0.994891
0.744000 0.994891
0.748000 0.994891
0.752000 0.994891
0.756000 0.994891
0.760000 0.994891
0.764000 0.994892
0.768000 0.994892
0.772000 0.994892
0.776000 0.994892
0.780000 0.994892
0.784000 0.994892
0.788000 0.994892
0.792000 0.994892
0.796000 0.994892
0.800000 0.994892
0.804000 0.994892
0.808000 0.994892
0.812000 0.994892
0.816000 0.994892
0.820000 0.994892
0.824000 0.994892
0.828000 0.994892
0.832000 0.994892
0.836000 0.994892
0.840000 0.994892
0.844000 0.994892
0.848000 0.994892
0.852000 0.994892
0.856000 0.994892
0.860000 0.994892
0.864000 0.994892
0.868000 0.994892
0.872000 0.994892
0.876000 0.994892
0.880000 0.994892
0.884000 0.994892
0.888000 0.994892
0.892000 0.994892
0.896000 0.994892
0.900000 0.994892
0.904000 0.994892
0.908000 0.994892
0.912000 0.994892
0.916000 0.994892
0.920000 0.994892
0.924000 0.994892
0.928000 0.994892
0.932000 0.994892
0.936000 0.994892
0.940000 0.994892
0.944000 0.994892
0.948000 0.994892
0.952000 0.994892
0.956000 0.994892
0.960000 0.994892
0.964000 0.994892
0.968000 0.994892
0.972000 0.994892
0.976000 0.994892
0.980000 0.994892
0.984000 0.994892
0.988000 0.994892
0.992000 0.994892
0.996000 0.994892
1.000000 0.994892
