-1.000000 0.997928
-0.996000 0.997928
-0.992000 0.997928
-0.988000 0.997928
-0.984000 0.997928
-0.980000 0.997928
-0.976000 0.997928
-0.972000 0.997928
-0.968000 0.997928
-0.964000 0.997928
-0.960000 0.997928
-0.956000 0.997928
-0.952000 0.997928
-0.948000 0.997928
-0.944000 0.997928
-0.940000 0.997928
-0.936000 0.997928
-0.932000 0.997928
-0.928000 0.997928
-0.924000 0.997928
-0.920000 0.997928
-0.916000 0.997928
-0.912000 0.997928
-0.908000 0.997928
-0.904000 0.997928
-0.900000 0.997928
-0.896000 0.997928
-0.892000 0.997928
-0.888000 0.997928
-0.884000 0.997928
-0.880000 0.997928
-0.876000 0.997928
-0.872000 0.997928
-0.868000 0.997928
-0.864000 0.997928
-0.860000 0.997928
-0.856000 0.997928
-0.852000 0.997928
-0.848000 0.997928
-0.844000 0.997928
-0.840000 0.997928
-0.836000 0.997928
-0.832000 0.997928
-0.828000 0.997928
-0.824000 0.997928
-0.820000 0.997928
-0.816000 0.997928
-0.812000 0.997928
-0.808000 0.997928
-0.804000 0.997928
-0.800000 0.997928
-0.796000 0.997928
-0.792000 0.997928
-0.788000 0.997928
-0.784000 0.997928
-0.780000 0.997928
-0.776000 0.997928
-0.772000 0.997928
-0.768000 0.997928
-0.764000 0.997928
-0.760000 0.997928
-0.756000 0.997928
-0.752000 0.997928
-0.748000 0.997928
-0.744000 0.997928
-0.740000 0.997928
-0.736000 0.997928
-0.732000 0.997928
-0.728000 0.997928
-0.724000 0.997928
-0.720000 0.997928
-0.716000 0.997928
-0.712000 0.997928
-0.708000 0.997928
-0.704000 0.997928
-0.700000 0.997928
-0.696000 0.997928
-0.692000 0.997928
-0.688000 0.997928
-0.684000 0.997928
-0.680000 0.997928
-0.676000 0.997928
-0.672000 0.997928
-0.668000 0.997928
-0.664000 0.997928
-0.660000 0.997928
-0.656000 0.997928
-0.652000 0.997928
-0.648000 0.997928
-0.644000 0.997928
-0.640000 0.997928
-0.636000 0.997928
-0.632000 0.997928
-0.628000 0.997928
-0.624000 0.997928
-0.620000 0.997928
-0.616000 0.997928
-0.612000 0.997928
-0.608000 0.997928
-0.604000 0.997928
-0.600000 0.997928
-0.596000 0.997928
-0.592000 0.997928
-0.588000 0.997928
-0.584000 0.997928
-0.580000 0.997928
-0.576000 0.997928
-0.572000 0.997928
-0.568000 0.997928
-0.564000 0.997928
-0.560000 0.997928
-0.556000 0.997928
-0.552000 0.997928
-0.548000 0.997928
-0.544000 0.997928
-0.540000 0.997928
-0.536000 0.997928
-0.532000 0.997928
-0.528000 0.997928
-0.524000 0.997928
-0.520000 0.997928
-0.516000 0.997928
-0.512000 0.997928
-0.508000 0.997928
-0.504000 0.997928
-0.500000 0.997928
-0.496000 0.997928
-0.492000 0.997927
-0.488000 0.997927
-0.484000 0.997927
-0.480000 0.997927
-0.476000 0.997927
-0.472000 0.997927
-0.468000 0.997927
-0.464000 0.997927
-0.460000 0.997927
-0.456000 0.997927
-0.452000 0.997927
-0.448000 0.997927
-0.444000 0.997926
-0.440000 0.997926
-0.436000 0.997926
-0.432000 0.997926
-0.428000 0.997926
-0.424000 0.997926
-0.420000 0.997925
-0.416000 0.997925
-0.412000 0.997925
-0.408000 0.997925
-0.404000 0.997924
-0.400000 0.997924
-0.396000 0.997924
-0.392000 0.997923
-0.388000 0.997923
-0.384000 0.997922
-0.380000 0.997922
-0.376000 0.997922
-0.372000 0.997921
-0.368000 0.997920
-0.364000 0.997920
-0.360000 0.997919
-0.356000 0.997918
-0.352000 0.997918
-0.348000 0.997917
-0.344000 0.997916
-0.340000 0.997915
-0.336000 0.997914
-0.332000 0.997913
-0.328000 0.997912
-0.324000 0.997911
-0.320000 0.997910
-0.316000 0.997908
-0.312000 0.997907
-0.308000 0.997905
-0.304000 0.997904
-0.300000 0.997902
-0.296000 0.997900
-0.292000 0.997898
-0.288000 0.997896
-0.284000 0.997894
-0.280000 0.997892
-0.276000 0.997890
-0.272000 0.997887
-0.268000 0.997884
-0.264000 0.997882
-0.260000 0.997879
-0.256000 0.997875
-0.252000 0.997872
-0.248000 0.997869
-0.244000 0.997865
-0.240000 0.997861
-0.236000 0.997857
-0.232000 0.997853
-0.228000 0.997848
-0.224000 0.997843
-0.220000 0.997838
-0.216000 0.997833
-0.212000 0.997828
-0.208000 0.997822
-0.204000 0.997816
-0.200000 0.997809
-0.196000 0.997803
-0.192000 0.997796
-0.188000 0.997789
-0.184000 0.997781
-0.180000 0.997773
-0.176000 0.997765
-0.172000 0.997756
-0.168000 0.997747
-0.164000 0.997738
-0.160000 0.997728
-0.156000 0.997718
-0.152000 0.997707
-0.148000 0.997696
-0.144000 0.997685
-0.140000 0.997673
-0.136000 0.997660
-0.132000 0.997647
-0.128000 0.997634
-0.124000 0.997620
-0.120000 0.997606
-0.116000 0.997591
-0.112000 0.997575
-0.108000 0.997560
-0.104000 0.997543
-0.100000 0.997526
-0.096000 0.997508
-0.092000 0.997490
-0.088000 0.997471
-0.084000 0.997452
-0.080000 0.997432
-0.076000 0.997411
-0.072000 0.997390
-0.068000 0.997368
-0.064000 0.997346
-0.060000 0.997322
-0.056000 0.997298
-0.052000 0.997274
-0.048000 0.997249
-0.044000 0.997223
-0.040000 0.997196
-0.036000 0.997169
-0.032000 0.997141
-0.028000 0.997112
-0.024000 0.997083
-0.020000 0.997053
-0.016000 0.997022
-0.012000 0.996991
-0.008000 0.996958
-0.004000 0.996926
0.000000 0.996892
0.004000 0.996858
0.008000 0.996823
0.012000 0.996787
0.016000 0.996750
0.020000 0.996713
0.024000 0.996675
0.028000 0.996637
0.032000 0.996597
0.036000 0.996557
0.040000 0.996517
0.044000 0.996476
0.048000 0.996434
0.052000 0.996391
0.056000 0.996348
0.060000 0.996304
0.064000 0.996259
0.068000 0.996214
0.072000 0.996169
0.076000 0.996122
0.080000 0.996075
0.084000 0.996028
0.088000 0.995980
0.092000 0.995931
0.096000 0.995882
0.100000 0.995833
0.104000 0.995783
0.108000 0.995732
0.112000 0.995682
0.116000 0.995630
0.120000 0.995578
0.124000 0.995526
0.128000 0.995474
0.132000 0.995421
0.136000 0.995368
0.140000 0.995314
0.144000 0.995260
0.148000 0.995206
0.152000 0.995152
0.156000 0.995098
0.160000 0.995043
0.164000 0.994988
0.168000 0.994933
0.172000 0.994878
0.176000 0.994822
0.180000 0.994767
0.184000 0.994711
0.188000 0.994656
0.192000 0.994600
0.196000 0.994545
0.200000 0.994489
0.204000 0.994434
0.208000 0.994379
0.212000 0.994323
0.216000 0.994268
0.220000 0.994213
0.224000 0.994158
0.228000 0.994104
0.232000 0.994049
0.236000 0.993995
0.240000 0.993941
0.244000 0.993887
0.248000 0.993834
0.252000 0.993781
0.256000 0.993728
0.260000 0.993675
0.264000 0.993623
0.268000 0.993571
0.272000 0.993520
0.276000 0.993469
0.280000 0.993419
0.284000 0.993369
0.288000 0.993319
0.292000 0.993270
0.296000 0.993221
0.300000 0.993173
0.304000 0.993125
0.308000 0.993078
0.312000 0.993032
0.316000 0.992986
0.320000 0.992940
0.324000 0.992895
0.328000 0.992851
0.332000 0.992807
0.336000 0.992764
0.340000 0.992722
0.344000 0.992680
0.348000 0.992638
0.352000 0.992598
0.356000 0.992558
0.360000 0.992518
0.364000 0.992480
0.368000 0.992441
0.372000 0.992404
0.376000 0.992367
0.380000 0.992331
0.384000 0.992295
0.388000 0.992261
0.392000 0.992226
0.396000 0.992193
0.400000 0.992160
0.404000 0.992127
0.408000 0.992096
0.412000 0.992065
0.416000 0.992034
0.420000 0.992005
0.424000 0.991976
0.428000 0.991947
0.432000 0.991919
0.436000 0.991892
0.440000 0.991866
0.444000 0.991840
0.448000 0.991814
0.452000 0.991789
0.456000 0.991765
0.460000 0.991742
0.464000 0.991719
0.468000 0.991696
0.472000 0.991674
0.476000 0.991653
0.480000 0.991632
0.484000 0.991612
0.488000 0.991592
0.492000 0.991573
0.496000 0.991555
0.500000 0.991537
0.504000 0.991519
0.508000 0.991502
0.512000 0.991485
0.516000 0.991469
0.520000 0.991454
0.524000 0.991438
0.528000 0.991424
0.532000 0.991409
0.536000 0.991395
0.540000 0.991382
0.544000 0.991369
0.548000 0.991356
0.552000 0.991344
0.556000 0.991332
0.560000 0.991321
0.564000 0.991310
0.568000 0.991299
0.572000 0.991289
0.576000 0.991279
0.580000 0.991269
0.584000 0.991260
0.588000 0.991251
0.592000 0.991242
0.596000 0.991234
0.600000 0.991226
0.604000 0.991218
0.608000 0.991210
0.612000 0.991203
0.616000 0.991196
0.620000 0.991189
0.624000 0.991183
0.628000 0.991176
0.632000 0.991170
0.636000 0.991165
0.640000 0.991159
0.644000 0.991154
0.648000 0.991148
0.652000 0.991144
0.656000 0.991139
0.660000 0.991134
0.664000 0.991130
0.668000 0.991126
0.672000 0.991122
0.676000 0.991118
0.680000 0.991114
0.684000 0.991110
0.688000 0.991107
0.692000 0.991104
0.696000 0.991101
0.700000 0.991098
0.704000 0.991095
0.708000 0.991092
0.712000 0.991089
0.716000 0.991087
0.720000 0.991084
0.724000 0.991082
0.728000 0.991080
0.732000 0.991078
0.736000 0.991076
0.740000 0.991074
0.744000 0.991072
0.748000 0.991070
0.752000 0.991069
0.756000 0.991067
0.760000 0.991065
0.764000 0.991064
0.768000 0.991063
0.772000 0.991061
0.776000 0.991060
0.780000 0.991059
0.784000 0.991058
0.788000 0.991057
0.792000 0.991056
0.796000 0.991055
0.800000 0.991054
0.804000 0.991053
0.808000 0.991052
0.812000 0.991051
0.816000 0.991050
0.820000 0.991050
0.824000 0.991049
0.828000 0.991048
0.832000 0.991048
0.836000 0.991047
0.840000 0.991047
0.844000 0.991046
0.848000 0.991046
0.852000 0.991045
0.856000 0.991045
0.860000 0.991044
0.864000 0.991044
0.868000 0.991043
0.872000 0.991043
0.876000 0.991043
0.880000 0.991042
0.884000 0.991042
0.888000 0.991042
0.892000 0.991041
0.896000 0.991041
0.900000 0.991041
0.904000 0.991041
0.908000 0.991041
0.912000 0.991040
0.916000 0.991040
0.920000 0.991040
0.924000 0.991040
0.928000 0.991040
0.932000 0.991039
0.936000 0.991039
0.940000 0.991039
0.944000 0.991039
0.948000 0.991039
0.952000 0.991039
0.956000 0.991039
0.960000 0.991039
0.964000 0.991038
0.968000 0.991038
0.972000 0.991038
0.976000 0.991038
0.980000 0.991038
0.984000 0.991038
0.988000 0.991038
0.992000 0.991038
0.996000 0.991038
1.000000 0.991038
