-1.000000 0.991037
-0.996000 0.991037
-0.992000 0.991037
-0.988000 0.991037
-0.984000 0.991037
-0.980000 0.991037
-0.976000 0.991037
-0.972000 0.991037
-0.968000 0.991037
-0.964000 0.991037
-0.960000 0.991037
-0.956000 0.991037
-0.952000 0.991037
-0.948000 0.991037
-0.944000 0.991037
-0.940000 0.991037
-0.936000 0.991037
-0.932000 0.991037
-0.928000 0.991037
-0.924000 0.991037
-0.920000 0.991037
-0.916000 0.991037
-0.912000 0.991037
-0.908000 0.991037
-0.904000 0.991037
-0.900000 0.991037
-0.896000 0.991037
-0.892000 0.991037
-0.888000 0.991037
-0.884000 0.991037
-0.880000 0.991037
-0.876000 0.991037
-0.872000 0.991037
-0.868000 0.991037
-0.864000 0.991037
-0.860000 0.991037
-0.856000 0.991037
-0.852000 0.991037
-0.848000 0.991037
-0.844000 0.991037
-0.840000 0.991037
-0.836000 0.991037
-0.832000 0.991037
-0.828000 0.991037
-0.824000 0.991037
-0.820000 0.991037
-0.816000 0.991037
-0.812000 0.991037
-0.808000 0.991037
-0.804000 0.991037
-0.800000 0.991037
-0.796000 0.991037
-0.792000 0.991037
-0.788000 0.991037
-0.784000 0.991037
-0.780000 0.991037
-0.776000 0.991037
-0.772000 0.991037
-0.768000 0.991037
-0.764000 0.991037
-0.760000 0.991037
-0.756000 0.991037
-0.752000 0.991037
-0.748000 0.991037
-0.744000 0.991037
-0.740000 0.991037
-0.736000 0.991037
-0.732000 0.991037
-0.728000 0.991037
-0.724000 0.991037
-0.720000 0.991037
-0.716000 0.991037
-0.712000 0.991037
-0.708000 0.991037
-0.704000 0.991037
-0.700000 0.991037
-0.696000 0.991037
-0.692000 0.991037
-0.688000 0.991037
-0.684000 0.991037
-0.680000 0.991037
-0.676000 0.991037
-0.672000 0.991037
-0.668000 0.991037
-0.664000 0.991037
-0.660000 0.991037
-0.656000 0.991037
-0.652000 0.991037
-0.648000 0.991037
-0.644000 0.991037
-0.640000 0.991037
-0.636000 0.991037
-0.632000 0.991037
-0.628000 0.991037
-0.624000 0.991037
-0.620000 0.991037
-0.616000 0.991037
-0.612000 0.991037
-0.608000 0.991037
-0.604000 0.991037
-0.600000 0.991037
-0.596000 0.991037
-0.592000 0.991037
-0.588000 0.991037
-0.584000 0.991037
-0.580000 0.991037
-0.576000 0.991037
-0.572000 0.991037
-0.568000 0.991037
-0.564000 0.991037
-0.560000 0.991037
-0.556000 0.991037
-0.552000 0.991037
-0.548000 0.991037
-0.544000 0.991037
-0.540000 0.991037
-0.536000 0.991037
-0.532000 0.991037
-0.528000 0.991037
-0.524000 0.991037
-0.520000 0.991037
-0.516000 0.991037
-0.512000 0.991037
-0.508000 0.991037
-0.504000 0.991037
-0.500000 0.991037
-0.496000 0.991037
-0.492000 0.991037
-0.488000 0.991037
-0.484000 0.991037
-0.480000 0.991037
-0.476000 0.991037
-0.472000 0.991037
-0.468000 0.991037
-0.464000 0.991037
-0.460000 0.991037
-0.456000 0.991037
-0.452000 0.991037
-0.448000 0.991037
-0.444000 0.991037
-0.440000 0.991037
-0.436000 0.991037
-0.432000 0.991037
-0.428000 0.991037
-0.424000 0.991037
-0.420000 0.991037
-0.416000 0.991037
-0.412000 0.991037
-0.408000 0.991037
-0.404000 0.991037
-0.400000 0.991037
-0.396000 0.991037
-0.392000 0.991037
-0.388000 0.991037
-0.384000 0.991037
-0.380000 0.991037
-0.376000 0.991037
-0.372000 0.991037
-0.368000 0.991037
-0.364000 0.991037
-0.360000 0.991037
-0.356000 0.991037
-0.352000 0.991037
-0.348000 0.991037
-0.344000 0.991037
-0.340000 0.991037
-0.336000 0.991037
-0.332000 0.991037
-0.328000 0.991037
-0.324000 0.991037
-0.320000 0.991037
-0.316000 0.991037
-0.312000 0.991037
-0.308000 0.991037
-0.304000 0.991037
-0.300000 0.991037
-0.296000 0.991037
-0.292000 0.991037
-0.288000 0.991037
-0.284000 0.991037
-0.280000 0.991037
-0.276000 0.991037
-0.272000 0.991037
-0.268000 0.991037
-0.264000 0.991037
-0.260000 0.991037
-0.256000 0.991037
-0.252000 0.991037
-0.248000 0.991037
-0.244000 0.991037
-0.240000 0.991037
-0.236000 0.991037
-0.232000 0.991037
-0.228000 0.991037
-0.224000 0.991037
-0.220000 0.991037
-0.216000 0.991037
-0.212000 0.991037
-0.208000 0.991037
-0.204000 0.991037
-0.200000 0.991037
-0.196000 0.991037
-0.192000 0.991037
-0.188000 0.991037
-0.184000 0.991037
-0.180000 0.991037
-0.176000 0.991038
-0.172000 0.991038
-0.168000 0.991038
-0.164000 0.991038
-0.160000 0.991038
-0.156000 0.991038
-0.152000 0.991038
-0.148000 0.991038
-0.144000 0.991038
-0.140000 0.991038
-0.136000 0.991038
-0.132000 0.991038
-0.128000 0.991038
-0.124000 0.991038
-0.120000 0.991038
-0.116000 0.991039
-0.112000 0.991039
-0.108000 0.991039
-0.104000 0.991039
-0.100000 0.991039
-0.096000 0.991039
-0.092000 0.991039
-0.088000 0.991040
-0.084000 0.991040
-0.080000 0.991040
-0.076000 0.991040
-0.072000 0.991040
-0.068000 0.991041
-0.064000 0.991041
-0.060000 0.991041
-0.056000 0.991041
-0.052000 0.991042
-0.048000 0.991042
-0.044000 0.991042
-0.040000 0.991043
-0.036000 0.991043
-0.032000 0.991043
-0.028000 0.991044
-0.024000 0.991044
-0.020000 0.991045
-0.016000 0.991045
-0.012000 0.991046
-0.008000 0.991046
-0.004000 0.991047
0.000000 0.991047
0.004000 0.991048
0.008000 0.991049
0.012000 0.991049
0.016000 0.991050
0.020000 0.991051
0.024000 0.991052
0.028000 0.991053
0.032000 0.991053
0.036000 0.991054
0.040000 0.991055
0.044000 0.991056
0.048000 0.991057
0.052000 0.991059
0.056000 0.991060
0.060000 0.991061
0.064000 0.991062
0.068000 0.991064
0.072000 0.991065
0.076000 0.991067
0.080000 0.991068
0.084000 0.991070
0.088000 0.991072
0.092000 0.991073
0.096000 0.991075
0.100000 0.991077
0.104000 0.991079
0.108000 0.991081
0.112000 0.991084
0.116000 0.991086
0.120000 0.991088
0.124000 0.991091
0.128000 0.991094
0.132000 0.991096
0.136000 0.991099
0.140000 0.991102
0.144000 0.991105
0.148000 0.991108
0.152000 0.991112
0.156000 0.991115
0.160000 0.991119
0.164000 0.991122
0.168000 0.991126
0.172000 0.991130
0.176000 0.991134
0.180000 0.991139
0.184000 0.991143
0.188000 0.991148
0.192000 0.991152
0.196000 0.991157
0.200000 0.991162
0.204000 0.991168
0.208000 0.991173
0.212000 0.991179
0.216000 0.991184
0.220000 0.991190
0.224000 0.991197
0.228000 0.991203
0.232000 0.991210
0.236000 0.991216
0.240000 0.991223
0.244000 0.991230
0.248000 0.991238
0.252000 0.991245
0.256000 0.991253
0.260000 0.991261
0.264000 0.991270
0.268000 0.991278
0.272000 0.991287
0.276000 0.991296
0.280000 0.991305
0.284000 0.991315
0.288000 0.991324
0.292000 0.991334
0.296000 0.991345
0.300000 0.991355
0.304000 0.991366
0.308000 0.991377
0.312000 0.991388
0.316000 0.991400
0.320000 0.991411
0.324000 0.991423
0.328000 0.991436
0.332000 0.991448
0.336000 0.991461
0.340000 0.991474
0.344000 0.991488
0.348000 0.991502
0.352000 0.991516
0.356000 0.991530
0.360000 0.991544
0.364000 0.991559
0.368000 0.991574
0.372000 0.991590
0.376000 0.991605
0.380000 0.991621
0.384000 0.991638
0.388000 0.991654
0.392000 0.991671
0.396000 0.991688
0.400000 0.991706
0.404000 0.991723
0.408000 0.991741
0.412000 0.991760
0.416000 0.991778
0.420000 0.991797
0.424000 0.991816
0.428000 0.991835
0.432000 0.991855
0.436000 0.991875
0.440000 0.991895
0.444000 0.991915
0.448000 0.991936
0.452000 0.991957
0.456000 0.991978
0.460000 0.991999
0.464000 0.992021
0.468000 0.992043
0.472000 0.992065
0.476000 0.992087
0.480000 0.992109
0.484000 0.992132
0.488000 0.992155
0.492000 0.992178
0.496000 0.992202
0.500000 0.992225
0.504000 0.992249
0.508000 0.992273
0.512000 0.992297
0.516000 0.992321
0.520000 0.992346
0.524000 0.992370
0.528000 0.992395
0.532000 0.992420
0.536000 0.992445
0.540000 0.992470
0.544000 0.992495
0.548000 0.992521
0.552000 0.992546
0.556000 0.992572
0.560000 0.992598
0.564000 0.992623
0.568000 0.992649
0.572000 0.992675
0.576000 0.992701
0.580000 0.992727
0.584000 0.992754
0.588000 0.992780
0.592000 0.992806
0.596000 0.992832
0.600000 0.992858
0.604000 0.992885
0.608000 0.992911
0.612000 0.992937
0.616000 0.992964
0.620000 0.992990
0.624000 0.993016
0.628000 0.993042
0.632000 0.993068
0.636000 0.993094
0.640000 0.993120
0.644000 0.993146
0.648000 0.993172
0.652000 0.993198
0.656000 0.993224
0.660000 0.993250
0.664000 0.993275
0.668000 0.993301
0.672000 0.993326
0.676000 0.993351
0.680000 0.993376
0.684000 0.993401
0.688000 0.993426
0.692000 0.993451
0.696000 0.993475
0.700000 0.993500
0.704000 0.993524
0.708000 0.993548
0.712000 0.993572
0.716000 0.993596
0.720000 0.993619
0.724000 0.993642
0.728000 0.993666
0.732000 0.993689
0.736000 0.993711
0.740000 0.993734
0.744000 0.993756
0.748000 0.993778
0.752000 0.993800
0.756000 0.993822
0.760000 0.993843
0.764000 0.993864
0.768000 0.993885
0.772000 0.993906
0.776000 0.993927
0.780000 0.993947
0.784000 0.993967
0.788000 0.993987
0.792000 0.994006
0.796000 0.994026
0.800000 0.994045
0.804000 0.994063
0.808000 0.994082
0.812000 0.994100
0.816000 0.994118
0.820000 0.994136
0.824000 0.994153
0.828000 0.994171
0.832000 0.994188
0.836000 0.994204
0.840000 0.994221
0.844000 0.994237
0.848000 0.994253
0.852000 0.994268
0.856000 0.994284
0.860000 0.994299
0.864000 0.994314
0.868000 0.994328
0.872000 0.994343
0.876000 0.994357
0.880000 0.994371
0.884000 0.994384
0.888000 0.994398
0.892000 0.994411
0.896000 0.994423
0.900000 0.994436
0.904000 0.994448
0.908000 0.994460
0.912000 0.994472
0.916000 0.994484
0.920000 0.994495
0.924000 0.994506
0.928000 0.994517
0.932000 0.994528
0.936000 0.994538
0.940000 0.994549
0.944000 0.994559
0.948000 0.994568
0.952000 0.994578
0.956000 0.994587
0.960000 0.994597
0.964000 0.994606
0.968000 0.994615
0.972000 0.994625
0.976000 0.994634
0.980000 0.994644
0.984000 0.994654
0.988000 0.994665
0.992000 0.994678
0.996000 0.994692
1.000000 0.994710
