-1.000000 0.997928
-0.996000 0.997928
-0.992000 0.997928
-0.988000 0.997928
-0.984000 0.997928
-0.980000 0.997928
-0.976000 0.997928
-0.972000 0.997928
-0.968000 0.997928
-0.964000 0.997928
-0.960000 0.997928
-0.956000 0.997928
-0.952000 0.997928
-0.948000 0.997928
-0.944000 0.997928
-0.940000 0.997928
-0.936000 0.997928
-0.932000 0.997928
-0.928000 0.997928
-0.924000 0.997928
-0.920000 0.997928
-0.916000 0.997928
-0.912000 0.997928
-0.908000 0.997928
-0.904000 0.997928
-0.900000 0.997928
-0.896000 0.997928
-0.892000 0.997928
-0.888000 0.997928
-0.884000 0.997928
-0.880000 0.997928
-0.876000 0.997928
-0.872000 0.997928
-0.868000 0.997928
-0.864000 0.997928
-0.860000 0.997928
-0.856000 0.997928
-0.852000 0.997928
-0.848000 0.997928
-0.844000 0.997928
-0.840000 0.997928
-0.836000 0.997928
-0.832000 0.997928
-0.828000 0.997928
-0.824000 0.997928
-0.820000 0.997928
-0.816000 0.997928
-0.812000 0.997928
-0.808000 0.997928
-0.804000 0.997928
-0.800000 0.997928
-0.796000 0.997928
-0.792000 0.997928
-0.788000 0.997928
-0.784000 0.997928
-0.780000 0.997928
-0.776000 0.997928
-0.772000 0.997928
-0.768000 0.997928
-0.764000 0.997928
-0.760000 0.997928
-0.756000 0.997928
-0.752000 0.997928
-0.748000 0.997928
-0.744000 0.997928
-0.740000 0.997928
-0.736000 0.997928
-0.732000 0.997928
-0.728000 0.997928
-0.724000 0.997928
-0.720000 0.997928
-0.716000 0.997928
-0.712000 0.997928
-0.708000 0.997928
-0.704000 0.997928
-0.700000 0.997928
-0.696000 0.997928
-0.692000 0.997928
-0.688000 0.997928
-0.684000 0.997928
-0.680000 0.997928
-0.676000 0.997928
-0.672000 0.997928
-0.668000 0.997928
-0.664000 0.997928
-0.660000 0.997928
-0.656000 0.997928
-0.652000 0.997928
-0.648000 0.997928
-0.644000 0.997928
-0.640000 0.997928
-0.636000 0.997928
-0.632000 0.997928
-0.628000 0.997928
-0.624000 0.997928
-0.620000 0.997928
-0.616000 0.997928
-0.612000 0.997928
-0.608000 0.997928
-0.604000 0.997928
-0.600000 0.997928
-0.596000 0.997928
-0.592000 0.997928
-0.588000 0.997928
-0.584000 0.997927
-0.580000 0.997927
-0.576000 0.997927
-0.572000 0.997927
-0.568000 0.997927
-0.564000 0.997927
-0.560000 0.997927
-0.556000 0.997927
-0.552000 0.997927
-0.548000 0.997927
-0.544000 0.997927
-0.540000 0.997926
-0.536000 0.997926
-0.532000 0.997926
-0.528000 0.997926
-0.524000 0.997926
-0.520000 0.997925
-0.516000 0.997925
-0.512000 0.997925
-0.508000 0.997925
-0.504000 0.997924
-0.500000 0.997924
-0.496000 0.997924
-0.492000 0.997923
-0.488000 0.997923
-0.484000 0.997922
-0.480000 0.997922
-0.476000 0.997921
-0.472000 0.997921
-0.468000 0.997920
-0.464000 0.997919
-0.460000 0.997919
-0.456000 0.997918
-0.452000 0.997917
-0.448000 0.997916
-0.444000 0.997915
-0.440000 0.997914
-0.436000 0.997913
-0.432000 0.997912
-0.428000 0.997911
-0.424000 0.997909
-0.420000 0.997908
-0.416000 0.997906
-0.412000 0.997904
-0.408000 0.997903
-0.404000 0.997901
-0.400000 0.997899
-0.396000 0.997897
-0.392000 0.997894
-0.388000 0.997892
-0.384000 0.997889
-0.380000 0.997887
-0.376000 0.997884
-0.372000 0.997881
-0.368000 0.997877
-0.364000 0.997874
-0.360000 0.997870
-0.356000 0.997866
-0.352000 0.997862
-0.348000 0.997858
-0.344000 0.997853
-0.340000 0.997848
-0.336000 0.997843
-0.332000 0.997838
-0.328000 0.997832
-0.324000 0.997826
-0.320000 0.997820
-0.316000 0.997813
-0.312000 0.997806
-0.308000 0.997799
-0.304000 0.997791
-0.300000 0.997783
-0.296000 0.997775
-0.292000 0.997766
-0.288000 0.997757
-0.284000 0.997747
-0.280000 0.997737
-0.276000 0.997727
-0.272000 0.997716
-0.268000 0.997704
-0.264000 0.997692
-0.260000 0.997680
-0.256000 0.997667
-0.252000 0.997654
-0.248000 0.997639
-0.244000 0.997625
-0.240000 0.997610
-0.236000 0.997594
-0.232000 0.997577
-0.228000 0.997560
-0.224000 0.997543
-0.220000 0.997524
-0.216000 0.997506
-0.212000 0.997486
-0.208000 0.997466
-0.204000 0.997445
-0.200000 0.997423
-0.196000 0.997401
-0.192000 0.997377
-0.188000 0.997354
-0.184000 0.997329
-0.180000 0.997304
-0.176000 0.997278
-0.172000 0.997251
-0.168000 0.997223
-0.164000 0.997195
-0.160000 0.997165
-0.156000 0.997135
-0.152000 0.997105
-0.148000 0.997073
-0.144000 0.997041
-0.140000 0.997007
-0.136000 0.996973
-0.132000 0.996939
-0.128000 0.996903
-0.124000 0.996866
-0.120000 0.996829
-0.116000 0.996791
-0.112000 0.996752
-0.108000 0.996713
-0.104000 0.996672
-0.100000 0.996631
-0.096000 0.996589
-0.092000 0.996546
-0.088000 0.996502
-0.084000 0.996458
-0.080000 0.996413
-0.076000 0.996367
-0.072000 0.996321
-0.068000 0.996273
-0.064000 0.996225
-0.060000 0.996177
-0.056000 0.996128
-0.052000 0.996078
-0.048000 0.996027
-0.044000 0.995976
-0.040000 0.995924
-0.036000 0.995872
-0.032000 0.995819
-0.028000 0.995765
-0.024000 0.995711
-0.020000 0.995657
-0.016000 0.995602
-0.012000 0.995546
-0.008000 0.995490
-0.004000 0.995434
0.000000 0.995378
0.004000 0.995321
0.008000 0.995263
0.012000 0.995206
0.016000 0.995148
0.020000 0.995090
0.024000 0.995032
0.028000 0.994973
0.032000 0.994914
0.036000 0.994856
0.040000 0.994797
0.044000 0.994738
0.048000 0.994678
0.052000 0.994619
0.056000 0.994560
0.060000 0.994501
0.064000 0.994442
0.068000 0.994383
0.072000 0.994324
0.076000 0.994266
0.080000 0.994207
0.084000 0.994149
0.088000 0.994091
0.092000 0.994033
0.096000 0.993975
0.100000 0.993918
0.104000 0.993861
0.108000 0.993804
0.112000 0.993748
0.116000 0.993692
0.120000 0.993636
0.124000 0.993581
0.128000 0.993527
0.132000 0.993472
0.136000 0.993419
0.140000 0.993366
0.144000 0.993313
0.148000 0.993261
0.152000 0.993209
0.156000 0.993158
0.160000 0.993108
0.164000 0.993058
0.168000 0.993009
0.172000 0.992960
0.176000 0.992912
0.180000 0.992865
0.184000 0.992818
0.188000 0.992772
0.192000 0.992727
0.196000 0.992682
0.200000 0.992639
0.204000 0.992595
0.208000 0.992553
0.212000 0.992511
0.216000 0.992470
0.220000 0.992430
0.224000 0.992390
0.228000 0.992352
0.232000 0.992313
0.236000 0.992276
0.240000 0.992239
0.244000 0.992204
0.248000 0.992168
0.252000 0.992134
0.256000 0.992100
0.260000 0.992067
0.264000 0.992035
0.268000 0.992003
0.272000 0.991973
0.276000 0.991943
0.280000 0.991913
0.284000 0.991884
0.288000 0.991856
0.292000 0.991829
0.296000 0.991803
0.300000 0.991777
0.304000 0.991751
0.308000 0.991727
0.312000 0.991703
0.316000 0.991679
0.320000 0.991657
0.324000 0.991635
0.328000 0.991613
0.332000 0.991592
0.336000 0.991572
0.340000 0.991552
0.344000 0.991533
0.348000 0.991515
0.352000 0.991497
0.356000 0.991479
0.360000 0.991463
0.364000 0.991446
0.368000 0.991430
0.372000 0.991415
0.376000 0.991400
0.380000 0.991386
0.384000 0.991372
0.388000 0.991358
0.392000 0.991345
0.396000 0.991333
0.400000 0.991321
0.404000 0.991309
0.408000 0.991298
0.412000 0.991287
0.416000 0.991276
0.420000 0.991266
0.424000 0.991256
0.428000 0.991247
0.432000 0.991238
0.436000 0.991229
0.440000 0.991221
0.444000 0.991213
0.448000 0.991205
0.452000 0.991197
0.456000 0.991190
0.460000 0.991183
0.464000 0.991177
0.468000 0.991170
0.472000 0.991164
0.476000 0.991158
0.480000 0.991153
0.484000 0.991147
0.488000 0.991142
0.492000 0.991137
0.496000 0.991132
0.500000 0.991128
0.504000 0.991123
0.508000 0.991119
0.512000 0.991115
0.516000 0.991111
0.520000 0.991108
0.524000 0.991104
0.528000 0.991101
0.532000 0.991098
0.536000 0.991095
0.540000 0.991092
0.544000 0.991089
0.548000 0.991086
0.552000 0.991084
0.556000 0.991081
0.560000 0.991079
0.564000 0.991077
0.568000 0.991075
0.572000 0.991073
0.576000 0.991071
0.580000 0.991069
0.584000 0.991068
0.588000 0.991066
0.592000 0.991064
0.596000 0.991063
0.600000 0.991061
0.604000 0.991060
0.608000 0.991059
0.612000 0.991058
0.616000 0.991057
0.620000 0.991055
0.624000 0.991054
0.628000 0.991053
0.632000 0.991053
0.636000 0.991052
0.640000 0.991051
0.644000 0.991050
0.648000 0.991049
0.652000 0.991049
0.656000 0.991048
0.660000 0.991047
0.664000 0.991047
0.668000 0.991046
0.672000 0.991046
0.676000 0.991045
0.680000 0.991045
0.684000 0.991044
0.688000 0.991044
0.692000 0.991043
0.696000 0.991043
0.700000 0.991043
0.704000 0.991042
0.708000 0.991042
0.712000 0.991042
0.716000 0.991041
0.720000 0.991041
0.724000 0.991041
0.728000 0.991041
0.732000 0.991040
0.736000 0.991040
0.740000 0.991040
0.744000 0.991040
0.748000 0.991040
0.752000 0.991039
0.756000 0.991039
0.760000 0.991039
0.764000 0.991039
0.768000 0.991039
0.772000 0.991039
0.776000 0.991039
0.780000 0.991039
0.784000 0.991038
0.788000 0.991038
0.792000 0.991038
0.796000 0.991038
0.800000 0.991038
0.804000 0.991038
0.808000 0.991038
0.812000 0.991038
0.816000 0.991038
0.820000 0.991038
0.824000 0.991038
0.828000 0.991038
0.832000 0.991038
0.836000 0.991038
0.840000 0.991038
0.844000 0.991038
0.848000 0.991037
0.852000 0.991037
0.856000 0.991037
0.860000 0.991037
0.864000 0.991037
0.868000 0.991037
0.872000 0.991037
0.876000 0.991037
0.880000 0.991037
0.884000 0.991037
0.888000 0.991037
0.892000 0.991037
0.896000 0.991037
0.900000 0.991037
0.904000 0.991037
0.908000 0.991037
0.912000 0.991037
0.916000 0.991037
0.920000 0.991037
0.924000 0.991037
0.928000 0.991037
0.932000 0.991037
0.936000 0.991037
0.940000 0.991037
0.944000 0.991037
0.948000 0.991037
0.952000 0.991037
0.956000 0.991037
0.960000 0.991037
0.964000 0.991037
0.968000 0.991037
0.972000 0.991037
0.976000 0.991037
0.980000 0.991037
0.984000 0.991037
0.988000 0.991037
0.992000 0.991037
0.996000 0.991037
1.000000 0.991037
