-1.000000 0.991037
-0.996000 0.991037
-0.992000 0.991037
-0.988000 0.991037
-0.984000 0.991037
-0.980000 0.991037
-0.976000 0.991037
-0.972000 0.991037
-0.968000 0.991037
-0.964000 0.991037
-0.960000 0.991037
-0.956000 0.991037
-0.952000 0.991037
-0.948000 0.991037
-0.944000 0.991037
-0.940000 0.991037
-0.936000 0.991037
-0.932000 0.991037
-0.928000 0.991037
-0.924000 0.991037
-0.920000 0.991037
-0.916000 0.991037
-0.912000 0.991037
-0.908000 0.991037
-0.904000 0.991037
-0.900000 0.991037
-0.896000 0.991037
-0.892000 0.991037
-0.888000 0.991037
-0.884000 0.991037
-0.880000 0.991037
-0.876000 0.991037
-0.872000 0.991037
-0.868000 0.991037
-0.864000 0.991037
-0.860000 0.991037
-0.856000 0.991037
-0.852000 0.991037
-0.848000 0.991037
-0.844000 0.991037
-0.840000 0.991037
-0.836000 0.991037
-0.832000 0.991037
-0.828000 0.991037
-0.824000 0.991037
-0.820000 0.991037
-0.816000 0.991037
-0.812000 0.991037
-0.808000 0.991037
-0.804000 0.991037
-0.800000 0.991037
-0.796000 0.991037
-0.792000 0.991037
-0.788000 0.991037
-0.784000 0.991037
-0.780000 0.991037
-0.776000 0.991037
-0.772000 0.991037
-0.768000 0.991037
-0.764000 0.991037
-0.760000 0.991037
-0.756000 0.991037
-0.752000 0.991037
-0.748000 0.991037
-0.744000 0.991037
-0.740000 0.991037
-0.736000 0.991037
-0.732000 0.991037
-0.728000 0.991038
-0.724000 0.991038
-0.720000 0.991038
-0.716000 0.991038
-0.712000 0.991038
-0.708000 0.991038
-0.704000 0.991038
-0.700000 0.991038
-0.696000 0.991038
-0.692000 0.991038
-0.688000 0.991039
-0.684000 0.991039
-0.680000 0.991039
-0.676000 0.991039
-0.672000 0.991039
-0.668000 0.991040
-0.664000 0.991040
-0.660000 0.991040
-0.656000 0.991041
-0.652000 0.991041
-0.648000 0.991041
-0.644000 0.991042
-0.640000 0.991042
-0.636000 0.991043
-0.632000 0.991043
-0.628000 0.991044
-0.624000 0.991045
-0.620000 0.991045
-0.616000 0.991046
-0.612000 0.991047
-0.608000 0.991048
-0.604000 0.991049
-0.600000 0.991050
-0.596000 0.991051
-0.592000 0.991052
-0.588000 0.991054
-0.584000 0.991055
-0.580000 0.991057
-0.576000 0.991059
-0.572000 0.991060
-0.568000 0.991062
-0.564000 0.991064
-0.560000 0.991067
-0.556000 0.991069
-0.552000 0.991071
-0.548000 0.991074
-0.544000 0.991077
-0.540000 0.991080
-0.536000 0.991083
-0.532000 0.991087
-0.528000 0.991090
-0.524000 0.991094
-0.520000 0.991098
-0.516000 0.991103
-0.512000 0.991107
-0.508000 0.991112
-0.504000 0.991117
-0.500000 0.991123
-0.496000 0.991128
-0.492000 0.991135
-0.488000 0.991141
-0.484000 0.991148
-0.480000 0.991155
-0.476000 0.991162
-0.472000 0.991170
-0.468000 0.991178
-0.464000 0.991187
-0.460000 0.991195
-0.456000 0.991205
-0.452000 0.991215
-0.448000 0.991225
-0.444000 0.991236
-0.440000 0.991247
-0.436000 0.991258
-0.432000 0.991270
-0.428000 0.991283
-0.424000 0.991296
-0.420000 0.991310
-0.416000 0.991324
-0.412000 0.991338
-0.408000 0.991353
-0.404000 0.991369
-0.400000 0.991385
-0.396000 0.991402
-0.392000 0.991420
-0.388000 0.991437
-0.384000 0.991456
-0.380000 0.991475
-0.376000 0.991495
-0.372000 0.991515
-0.368000 0.991536
-0.364000 0.991557
-0.360000 0.991579
-0.356000 0.991602
-0.352000 0.991625
-0.348000 0.991649
-0.344000 0.991673
-0.340000 0.991698
-0.336000 0.991724
-0.332000 0.991750
-0.328000 0.991776
-0.324000 0.991804
-0.320000 0.991831
-0.316000 0.991860
-0.312000 0.991889
-0.308000 0.991918
-0.304000 0.991948
-0.300000 0.991978
-0.296000 0.992009
-0.292000 0.992040
-0.288000 0.992072
-0.284000 0.992105
-0.280000 0.992137
-0.276000 0.992170
-0.272000 0.992204
-0.268000 0.992238
-0.264000 0.992272
-0.260000 0.992307
-0.256000 0.992342
-0.252000 0.992377
-0.248000 0.992413
-0.244000 0.992448
-0.240000 0.992485
-0.236000 0.992521
-0.232000 0.992557
-0.228000 0.992594
-0.224000 0.992631
-0.220000 0.992668
-0.216000 0.992705
-0.212000 0.992743
-0.208000 0.992780
-0.204000 0.992817
-0.200000 0.992855
-0.196000 0.992892
-0.192000 0.992930
-0.188000 0.992967
-0.184000 0.993005
-0.180000 0.993042
-0.176000 0.993079
-0.172000 0.993116
-0.168000 0.993153
-0.164000 0.993190
-0.160000 0.993226
-0.156000 0.993263
-0.152000 0.993299
-0.148000 0.993335
-0.144000 0.993371
-0.140000 0.993406
-0.136000 0.993441
-0.132000 0.993476
-0.128000 0.993510
-0.124000 0.993544
-0.120000 0.993578
-0.116000 0.993612
-0.112000 0.993645
-0.108000 0.993677
-0.104000 0.993709
-0.100000 0.993741
-0.096000 0.993772
-0.092000 0.993803
-0.088000 0.993834
-0.084000 0.993864
-0.080000 0.993893
-0.076000 0.993922
-0.072000 0.993951
-0.068000 0.993979
-0.064000 0.994006
-0.060000 0.994033
-0.056000 0.994060
-0.052000 0.994086
-0.048000 0.994111
-0.044000 0.994136
-0.040000 0.994160
-0.036000 0.994184
-0.032000 0.994208
-0.028000 0.994231
-0.024000 0.994253
-0.020000 0.994275
-0.016000 0.994296
-0.012000 0.994317
-0.008000 0.994337
-0.004000 0.994357
0.000000 0.994376
0.004000 0.994395
0.008000 0.994413
0.012000 0.994431
0.016000 0.994448
0.020000 0.994465
0.024000 0.994481
0.028000 0.994497
0.032000 0.994512
0.036000 0.994527
0.040000 0.994541
0.044000 0.994555
0.048000 0.994569
0.052000 0.994582
0.056000 0.994595
0.060000 0.994607
0.064000 0.994619
0.068000 0.994630
0.072000 0.994641
0.076000 0.994652
0.080000 0.994662
0.084000 0.994672
0.088000 0.994682
0.092000 0.994691
0.096000 0.994700
0.100000 0.994709
0.104000 0.994717
0.108000 0.994725
0.112000 0.994733
0.116000 0.994740
0.120000 0.994747
0.124000 0.994754
0.128000 0.994760
0.132000 0.994767
0.136000 0.994773
0.140000 0.994778
0.144000 0.994784
0.148000 0.994789
0.152000 0.994794
0.156000 0.994799
0.160000 0.994804
0.164000 0.994808
0.168000 0.994812
0.172000 0.994817
0.176000 0.994820
0.180000 0.994824
0.184000 0.994828
0.188000 0.994831
0.192000 0.994834
0.196000 0.994837
0.200000 0.994840
0.204000 0.994843
0.208000 0.994846
0.212000 0.994848
0.216000 0.994851
0.220000 0.994853
0.224000 0.994855
0.228000 0.994857
0.232000 0.994859
0.236000 0.994861
0.240000 0.994863
0.244000 0.994864
0.248000 0.994866
0.252000 0.994867
0.256000 0.994869
0.260000 0.994870
0.264000 0.994871
0.268000 0.994873
0.272000 0.994874
0.276000 0.994875
0.280000 0.994876
0.284000 0.994877
0.288000 0.994878
0.292000 0.994879
0.296000 0.994879
0.300000 0.994880
0.304000 0.994881
0.308000 0.994882
0.312000 0.994882
0.316000 0.994883
0.320000 0.994883
0.324000 0.994884
0.328000 0.994884
0.332000 0.994885
0.336000 0.994885
0.340000 0.994886
0.344000 0.994886
0.348000 0.994887
0.352000 0.994887
0.356000 0.994887
0.360000 0.994888
0.364000 0.994888
0.368000 0.994888
0.372000 0.994888
0.376000 0.994889
0.380000 0.994889
0.384000 0.994889
0.388000 0.994889
0.392000 0.994889
0.396000 0.994890
0.400000 0.994890
0.404000 0.994890
0.408000 0.994890
0.412000 0.994890
0.416000 0.994890
0.420000 0.994890
0.424000 0.994891
0.428000 0.994891
0.432000 0.994891
0.436000 0.994891
0.440000 0.994891
0.444000 0.994891
0.448000 0.994891
0.452000 0.994891
0.456000 0.994891
0.460000 0.994891
0.464000 0.994891
0.468000 0.994891
0.472000 0.994891
0.476000 0.994891
0.480000 0.994891
0.484000 0.994892
0.488000 0.994892
0.492000 0.994892
0.496000 0.994892
0.500000 0.994892
0.504000 0.994892
0.508000 0.994892
0.512000 0.994892
0.516000 0.994892
0.520000 0.994892
0.524000 0.994892
0.528000 0.994892
0.532000 0.994892
0.536000 0.994892
0.540000 0.994892
0.544000 0.994892
0.548000 0.994892
0.552000 0.994892
0.556000 0.994892
0.560000 0.994892
0.564000 0.994892
0.568000 0.994892
0.572000 0.994892
0.576000 0.994892
0.580000 0.994892
0.584000 0.994892
0.588000 0.994892
0.592000 0.994892
0.596000 0.994892
0.600000 0.994892
0.604000 0.994892
0.608000 0.994892
0.612000 0.994892
0.616000 0.994892
0.620000 0.994892
0.624000 0.994892
0.628000 0.994892
0.632000 0.994892
0.636000 0.994892
0.640000 0.994892
0.644000 0.994892
0.648000 0.994892
0.652000 0.994892
0.656000 0.994892
0.660000 0.994892
0.664000 0.994892
0.668000 0.994892
0.672000 0.994892
0.676000 0.994892
0.680000 0.994892
0.684000 0.994892
0.688000 0.994892
0.692000 0.994892
0.696000 0.994892
0.700000 0.994892
0.704000 0.994892
0.708000 0.994892
0.712000 0.994892
0.716000 0.994892
0.720000 0.994892
0.724000 0.994892
0.728000 0.994892
0.732000 0.994892
0.736000 0.994892
0.740000 0.994892
0.744000 0.994892
0.748000 0.994892
0.752000 0.994892
0.756000 0.994892
0.760000 0.994892
0.764000 0.994892
0.768000 0.994892
0.772000 0.994892
0.776000 0.994892
0.780000 0.994892
0.784000 0.994892
0.788000 0.994892
0.792000 0.994892
0.796000 0.994892
0.800000 0.994892
0.804000 0.994892
0.808000 0.994892
0.812000 0.994892
0.816000 0.994892
0.820000 0.994892
0.824000 0.994892
0.828000 0.994892
0.832000 0.994892
0.836000 0.994892
0.840000 0.994892
0.844000 0.994892
0.848000 0.994892
0.852000 0.994892
0.856000 0.994892
0.860000 0.994892
0.864000 0.994892
0.868000 0.994892
0.872000 0.994892
0.876000 0.994892
0.880000 0.994892
0.884000 0.994892
0.888000 0.994892
0.892000 0.994892
0.896000 0.994892
0.900000 0.994892
0.904000 0.994892
0.908000 0.994892
0.912000 0.994892
0.916000 0.994892
0.920000 0.994892
0.924000 0.994892
0.928000 0.994892
0.932000 0.994892
0.936000 0.994892
0.940000 0.994892
0.944000 0.994892
0.948000 0.994892
0.952000 0.994892
0.956000 0.994892
0.960000 0.994892
0.964000 0.994892
0.968000 0.994892
0.972000 0.994892
0.976000 0.994892
0.980000 0.994892
0.984000 0.994892
0.988000 0.994892
0.992000 0.994892
0.996000 0.994892
1.000000 0.994892
