-1.000000 0.991037
-0.996000 0.991037
-0.992000 0.991037
-0.988000 0.991037
-0.984000 0.991037
-0.980000 0.991037
-0.976000 0.991037
-0.972000 0.991037
-0.968000 0.991037
-0.964000 0.991037
-0.960000 0.991037
-0.956000 0.991037
-0.952000 0.991037
-0.948000 0.991037
-0.944000 0.991037
-0.940000 0.991037
-0.936000 0.991037
-0.932000 0.991037
-0.928000 0.991037
-0.924000 0.991037
-0.920000 0.991037
-0.916000 0.991037
-0.912000 0.991037
-0.908000 0.991037
-0.904000 0.991037
-0.900000 0.991037
-0.896000 0.991037
-0.892000 0.991037
-0.888000 0.991037
-0.884000 0.991037
-0.880000 0.991037
-0.876000 0.991037
-0.872000 0.991037
-0.868000 0.991037
-0.864000 0.991037
-0.860000 0.991037
-0.856000 0.991037
-0.852000 0.991037
-0.848000 0.991037
-0.844000 0.991037
-0.840000 0.991037
-0.836000 0.991037
-0.832000 0.991037
-0.828000 0.991037
-0.824000 0.991037
-0.820000 0.991037
-0.816000 0.991037
-0.812000 0.991037
-0.808000 0.991037
-0.804000 0.991037
-0.800000 0.991037
-0.796000 0.991037
-0.792000 0.991037
-0.788000 0.991037
-0.784000 0.991037
-0.780000 0.991037
-0.776000 0.991037
-0.772000 0.991037
-0.768000 0.991037
-0.764000 0.991037
-0.760000 0.991037
-0.756000 0.991037
-0.752000 0.991037
-0.748000 0.991037
-0.744000 0.991037
-0.740000 0.991037
-0.736000 0.991037
-0.732000 0.991037
-0.728000 0.991037
-0.724000 0.991037
-0.720000 0.991037
-0.716000 0.991037
-0.712000 0.991037
-0.708000 0.991037
-0.704000 0.991037
-0.700000 0.991037
-0.696000 0.991037
-0.692000 0.991037
-0.688000 0.991037
-0.684000 0.991037
-0.680000 0.991037
-0.676000 0.991037
-0.672000 0.991037
-0.668000 0.991037
-0.664000 0.991037
-0.660000 0.991037
-0.656000 0.991037
-0.652000 0.991037
-0.648000 0.991037
-0.644000 0.991037
-0.640000 0.991037
-0.636000 0.991037
-0.632000 0.991037
-0.628000 0.991037
-0.624000 0.991037
-0.620000 0.991037
-0.616000 0.991037
-0.612000 0.991037
-0.608000 0.991037
-0.604000 0.991037
-0.600000 0.991037
-0.596000 0.991037
-0.592000 0.991037
-0.588000 0.991037
-0.584000 0.991037
-0.580000 0.991037
-0.576000 0.991037
-0.572000 0.991037
-0.568000 0.991037
-0.564000 0.991037
-0.560000 0.991037
-0.556000 0.991037
-0.552000 0.991037
-0.548000 0.991037
-0.544000 0.991037
-0.540000 0.991037
-0.536000 0.991037
-0.532000 0.991037
-0.528000 0.991037
-0.524000 0.991037
-0.520000 0.991037
-0.516000 0.991037
-0.512000 0.991037
-0.508000 0.991037
-0.504000 0.991037
-0.500000 0.991037
-0.496000 0.991037
-0.492000 0.991037
-0.488000 0.991037
-0.484000 0.991037
-0.480000 0.991037
-0.476000 0.991037
-0.472000 0.991037
-0.468000 0.991037
-0.464000 0.991037
-0.460000 0.991037
-0.456000 0.991037
-0.452000 0.991037
-0.448000 0.991037
-0.444000 0.991037
-0.440000 0.991037
-0.436000 0.991037
-0.432000 0.991037
-0.428000 0.991037
-0.424000 0.991037
-0.420000 0.991037
-0.416000 0.991037
-0.412000 0.991037
-0.408000 0.991037
-0.404000 0.991037
-0.400000 0.991037
-0.396000 0.991037
-0.392000 0.991037
-0.388000 0.991037
-0.384000 0.991037
-0.380000 0.991037
-0.376000 0.991037
-0.372000 0.991037
-0.368000 0.991037
-0.364000 0.991037
-0.360000 0.991037
-0.356000 0.991037
-0.352000 0.991037
-0.348000 0.991037
-0.344000 0.991037
-0.340000 0.991037
-0.336000 0.991037
-0.332000 0.991037
-0.328000 0.991037
-0.324000 0.991037
-0.320000 0.991037
-0.316000 0.991037
-0.312000 0.991037
-0.308000 0.991037
-0.304000 0.991037
-0.300000 0.991037
-0.296000 0.991037
-0.292000 0.991037
-0.288000 0.991037
-0.284000 0.991037
-0.280000 0.991037
-0.276000 0.991037
-0.272000 0.991037
-0.268000 0.991037
-0.264000 0.991037
-0.260000 0.991037
-0.256000 0.991037
-0.252000 0.991037
-0.248000 0.991037
-0.244000 0.991037
-0.240000 0.991037
-0.236000 0.991037
-0.232000 0.991037
-0.228000 0.991037
-0.224000 0.991037
-0.220000 0.991037
-0.216000 0.991037
-0.212000 0.991037
-0.208000 0.991037
-0.204000 0.991037
-0.200000 0.991037
-0.196000 0.991037
-0.192000 0.991037
-0.188000 0.991037
-0.184000 0.991037
-0.180000 0.991037
-0.176000 0.991037
-0.172000 0.991037
-0.168000 0.991037
-0.164000 0.991037
-0.160000 0.991037
-0.156000 0.991037
-0.152000 0.991037
-0.148000 0.991037
-0.144000 0.991037
-0.140000 0.991037
-0.136000 0.991037
-0.132000 0.991037
-0.128000 0.991037
-0.124000 0.991037
-0.120000 0.991037
-0.116000 0.991037
-0.112000 0.991037
-0.108000 0.991037
-0.104000 0.991037
-0.100000 0.991037
-0.096000 0.991037
-0.092000 0.991037
-0.088000 0.991037
-0.084000 0.991037
-0.080000 0.991037
-0.076000 0.991037
-0.072000 0.991037
-0.068000 0.991037
-0.064000 0.991037
-0.060000 0.991037
-0.056000 0.991037
-0.052000 0.991037
-0.048000 0.991037
-0.044000 0.991037
-0.040000 0.991037
-0.036000 0.991037
-0.032000 0.991037
-0.028000 0.991037
-0.024000 0.991037
-0.020000 0.991037
-0.016000 0.991037
-0.012000 0.991037
-0.008000 0.991037
-0.004000 0.991037
0.000000 0.991037
0.004000 0.991037
0.008000 0.991038
0.012000 0.991038
0.016000 0.991038
0.020000 0.991038
0.024000 0.991038
0.028000 0.991038
0.032000 0.991038
0.036000 0.991038
0.040000 0.991038
0.044000 0.991038
0.048000 0.991038
0.052000 0.991038
0.056000 0.991038
0.060000 0.991038
0.064000 0.991038
0.068000 0.991038
0.072000 0.991039
0.076000 0.991039
0.080000 0.991039
0.084000 0.991039
0.088000 0.991039
0.092000 0.991039
0.096000 0.991039
0.100000 0.991039
0.104000 0.991040
0.108000 0.991040
0.112000 0.991040
0.116000 0.991040
0.120000 0.991040
0.124000 0.991041
0.128000 0.991041
0.132000 0.991041
0.136000 0.991041
0.140000 0.991041
0.144000 0.991042
0.148000 0.991042
0.152000 0.991042
0.156000 0.991043
0.160000 0.991043
0.164000 0.991043
0.168000 0.991044
0.172000 0.991044
0.176000 0.991045
0.180000 0.991045
0.184000 0.991045
0.188000 0.991046
0.192000 0.991046
0.196000 0.991047
0.200000 0.991047
0.204000 0.991048
0.208000 0.991049
0.212000 0.991049
0.216000 0.991050
0.220000 0.991051
0.224000 0.991051
0.228000 0.991052
0.232000 0.991053
0.236000 0.991054
0.240000 0.991055
0.244000 0.991056
0.248000 0.991057
0.252000 0.991058
0.256000 0.991059
0.260000 0.991060
0.264000 0.991061
0.268000 0.991062
0.272000 0.991063
0.276000 0.991065
0.280000 0.991066
0.284000 0.991068
0.288000 0.991069
0.292000 0.991071
0.296000 0.991072
0.300000 0.991074
0.304000 0.991076
0.308000 0.991078
0.312000 0.991079
0.316000 0.991081
0.320000 0.991083
0.324000 0.991086
0.328000 0.991088
0.332000 0.991090
0.336000 0.991092
0.340000 0.991095
0.344000 0.991098
0.348000 0.991100
0.352000 0.991103
0.356000 0.991106
0.360000 0.991109
0.364000 0.991112
0.368000 0.991115
0.372000 0.991118
0.376000 0.991122
0.380000 0.991125
0.384000 0.991129
0.388000 0.991133
0.392000 0.991137
0.396000 0.991141
0.400000 0.991145
0.404000 0.991149
0.408000 0.991154
0.412000 0.991158
0.416000 0.991163
0.420000 0.991168
0.424000 0.991173
0.428000 0.991178
0.432000 0.991183
0.436000 0.991189
0.440000 0.991194
0.444000 0.991200
0.448000 0.991206
0.452000 0.991212
0.456000 0.991219
0.460000 0.991225
0.464000 0.991232
0.468000 0.991239
0.472000 0.991246
0.476000 0.991253
0.480000 0.991260
0.484000 0.991268
0.488000 0.991276
0.492000 0.991284
0.496000 0.991292
0.500000 0.991301
0.504000 0.991309
0.508000 0.991318
0.512000 0.991327
0.516000 0.991337
0.520000 0.991346
0.524000 0.991356
0.528000 0.991366
0.532000 0.991376
0.536000 0.991386
0.540000 0.991397
0.544000 0.991408
0.548000 0.991419
0.552000 0.991430
0.556000 0.991442
0.560000 0.991454
0.564000 0.991466
0.568000 0.991478
0.572000 0.991490
0.576000 0.991503
0.580000 0.991516
0.584000 0.991529
0.588000 0.991543
0.592000 0.991557
0.596000 0.991571
0.600000 0.991585
0.604000 0.991599
0.608000 0.991614
0.612000 0.991629
0.616000 0.991644
0.620000 0.991659
0.624000 0.991675
0.628000 0.991691
0.632000 0.991707
0.636000 0.991724
0.640000 0.991740
0.644000 0.991757
0.648000 0.991774
0.652000 0.991792
0.656000 0.991809
0.660000 0.991827
0.664000 0.991845
0.668000 0.991863
0.672000 0.991882
0.676000 0.991901
0.680000 0.991920
0.684000 0.991939
0.688000 0.991958
0.692000 0.991978
0.696000 0.991998
0.700000 0.992018
0.704000 0.992038
0.708000 0.992058
0.712000 0.992079
0.716000 0.992100
0.720000 0.992121
0.724000 0.992142
0.728000 0.992163
0.732000 0.992185
0.736000 0.992207
0.740000 0.992229
0.744000 0.992251
0.748000 0.992273
0.752000 0.992295
0.756000 0.992318
0.760000 0.992340
0.764000 0.992363
0.768000 0.992386
0.772000 0.992409
0.776000 0.992432
0.780000 0.992456
0.784000 0.992479
0.788000 0.992503
0.792000 0.992526
0.796000 0.992550
0.800000 0.992574
0.804000 0.992598
0.808000 0.992622
0.812000 0.992646
0.816000 0.992670
0.820000 0.992694
0.824000 0.992718
0.828000 0.992742
0.832000 0.992767
0.836000 0.992791
0.840000 0.992815
0.844000 0.992840
0.848000 0.992864
0.852000 0.992889
0.856000 0.992913
0.860000 0.992938
0.864000 0.992962
0.868000 0.992986
0.872000 0.993011
0.876000 0.993035
0.880000 0.993059
0.884000 0.993084
0.888000 0.993108
0.892000 0.993132
0.896000 0.993156
0.900000 0.993180
0.904000 0.993204
0.908000 0.993228
0.912000 0.993252
0.916000 0.993276
0.920000 0.993300
0.924000 0.993323
0.928000 0.993347
0.932000 0.993370
0.936000 0.993394
0.940000 0.993417
0.944000 0.993440
0.948000 0.993464
0.952000 0.993487
0.956000 0.993510
0.960000 0.993534
0.964000 0.993557
0.968000 0.993582
0.972000 0.993606
0.976000 0.993632
0.980000 0.993660
0.984000 0.993689
0.988000 0.993721
0.992000 0.993758
0.996000 0.993801
1.000000 0.993853
