-1.000000 0.991037
-0.996000 0.991037
-0.992000 0.991037
-0.988000 0.991037
-0.984000 0.991037
-0.980000 0.991037
-0.976000 0.991037
-0.972000 0.991037
-0.968000 0.991037
-0.964000 0.991037
-0.960000 0.991037
-0.956000 0.991037
-0.952000 0.991037
-0.948000 0.991037
-0.944000 0.991037
-0.940000 0.991037
-0.936000 0.991037
-0.932000 0.991037
-0.928000 0.991037
-0.924000 0.991037
-0.920000 0.991037
-0.916000 0.991037
-0.912000 0.991037
-0.908000 0.991037
-0.904000 0.991037
-0.900000 0.991037
-0.896000 0.991037
-0.892000 0.991037
-0.888000 0.991037
-0.884000 0.991037
-0.880000 0.991037
-0.876000 0.991037
-0.872000 0.991037
-0.868000 0.991037
-0.864000 0.991037
-0.860000 0.991037
-0.856000 0.991037
-0.852000 0.991037
-0.848000 0.991037
-0.844000 0.991037
-0.840000 0.991037
-0.836000 0.991037
-0.832000 0.991037
-0.828000 0.991037
-0.824000 0.991037
-0.820000 0.991037
-0.816000 0.991037
-0.812000 0.991037
-0.808000 0.991037
-0.804000 0.991037
-0.800000 0.991037
-0.796000 0.991037
-0.792000 0.991037
-0.788000 0.991037
-0.784000 0.991037
-0.780000 0.991037
-0.776000 0.991037
-0.772000 0.991037
-0.768000 0.991037
-0.764000 0.991037
-0.760000 0.991037
-0.756000 0.991037
-0.752000 0.991037
-0.748000 0.991037
-0.744000 0.991037
-0.740000 0.991037
-0.736000 0.991037
-0.732000 0.991037
-0.728000 0.991037
-0.724000 0.991037
-0.720000 0.991037
-0.716000 0.991037
-0.712000 0.991037
-0.708000 0.991037
-0.704000 0.991037
-0.700000 0.991037
-0.696000 0.991037
-0.692000 0.991037
-0.688000 0.991037
-0.684000 0.991037
-0.680000 0.991037
-0.676000 0.991037
-0.672000 0.991037
-0.668000 0.991037
-0.664000 0.991037
-0.660000 0.991037
-0.656000 0.991037
-0.652000 0.991037
-0.648000 0.991037
-0.644000 0.991037
-0.640000 0.991037
-0.636000 0.991037
-0.632000 0.991037
-0.628000 0.991037
-0.624000 0.991037
-0.620000 0.991037
-0.616000 0.991037
-0.612000 0.991037
-0.608000 0.991037
-0.604000 0.991037
-0.600000 0.991037
-0.596000 0.991037
-0.592000 0.991037
-0.588000 0.991037
-0.584000 0.991037
-0.580000 0.991037
-0.576000 0.991037
-0.572000 0.991037
-0.568000 0.991037
-0.564000 0.991037
-0.560000 0.991037
-0.556000 0.991037
-0.552000 0.991037
-0.548000 0.991037
-0.544000 0.991037
-0.540000 0.991037
-0.536000 0.991037
-0.532000 0.991037
-0.528000 0.991037
-0.524000 0.991037
-0.520000 0.991037
-0.516000 0.991037
-0.512000 0.991037
-0.508000 0.991037
-0.504000 0.991037
-0.500000 0.991037
-0.496000 0.991037
-0.492000 0.991037
-0.488000 0.991037
-0.484000 0.991037
-0.480000 0.991037
-0.476000 0.991037
-0.472000 0.991037
-0.468000 0.991037
-0.464000 0.991037
-0.460000 0.991037
-0.456000 0.991037
-0.452000 0.991037
-0.448000 0.991037
-0.444000 0.991037
-0.440000 0.991037
-0.436000 0.991037
-0.432000 0.991037
-0.428000 0.991037
-0.424000 0.991037
-0.420000 0.991037
-0.416000 0.991037
-0.412000 0.991037
-0.408000 0.991037
-0.404000 0.991037
-0.400000 0.991037
-0.396000 0.991037
-0.392000 0.991037
-0.388000 0.991037
-0.384000 0.991037
-0.380000 0.991037
-0.376000 0.991037
-0.372000 0.991037
-0.368000 0.991037
-0.364000 0.991037
-0.360000 0.991037
-0.356000 0.991037
-0.352000 0.991037
-0.348000 0.991037
-0.344000 0.991037
-0.340000 0.991037
-0.336000 0.991037
-0.332000 0.991037
-0.328000 0.991037
-0.324000 0.991037
-0.320000 0.991037
-0.316000 0.991037
-0.312000 0.991037
-0.308000 0.991037
-0.304000 0.991037
-0.300000 0.991037
-0.296000 0.991037
-0.292000 0.991037
-0.288000 0.991037
-0.284000 0.991037
-0.280000 0.991037
-0.276000 0.991037
-0.272000 0.991037
-0.268000 0.991037
-0.264000 0.991037
-0.260000 0.991037
-0.256000 0.991037
-0.252000 0.991037
-0.248000 0.991037
-0.244000 0.991037
-0.240000 0.991037
-0.236000 0.991037
-0.232000 0.991037
-0.228000 0.991037
-0.224000 0.991037
-0.220000 0.991037
-0.216000 0.991037
-0.212000 0.991037
-0.208000 0.991037
-0.204000 0.991037
-0.200000 0.991037
-0.196000 0.991037
-0.192000 0.991037
-0.188000 0.991037
-0.184000 0.991037
-0.180000 0.991037
-0.176000 0.991037
-0.172000 0.991037
-0.168000 0.991037
-0.164000 0.991037
-0.160000 0.991037
-0.156000 0.991037
-0.152000 0.991037
-0.148000 0.991037
-0.144000 0.991037
-0.140000 0.991037
-0.136000 0.991037
-0.132000 0.991037
-0.128000 0.991037
-0.124000 0.991037
-0.120000 0.991037
-0.116000 0.991037
-0.112000 0.991037
-0.108000 0.991037
-0.104000 0.991037
-0.100000 0.991037
-0.096000 0.991037
-0.092000 0.991037
-0.088000 0.991037
-0.084000 0.991037
-0.080000 0.991037
-0.076000 0.991037
-0.072000 0.991037
-0.068000 0.991037
-0.064000 0.991037
-0.060000 0.991038
-0.056000 0.991038
-0.052000 0.991038
-0.048000 0.991038
-0.044000 0.991038
-0.040000 0.991038
-0.036000 0.991038
-0.032000 0.991038
-0.028000 0.991038
-0.024000 0.991038
-0.020000 0.991038
-0.016000 0.991038
-0.012000 0.991038
-0.008000 0.991038
-0.004000 0.991038
0.000000 0.991038
0.004000 0.991039
0.008000 0.991039
0.012000 0.991039
0.016000 0.991039
0.020000 0.991039
0.024000 0.991039
0.028000 0.991039
0.032000 0.991039
0.036000 0.991040
0.040000 0.991040
0.044000 0.991040
0.048000 0.991040
0.052000 0.991040
0.056000 0.991041
0.060000 0.991041
0.064000 0.991041
0.068000 0.991041
0.072000 0.991042
0.076000 0.991042
0.080000 0.991042
0.084000 0.991043
0.088000 0.991043
0.092000 0.991043
0.096000 0.991044
0.100000 0.991044
0.104000 0.991044
0.108000 0.991045
0.112000 0.991045
0.116000 0.991046
0.120000 0.991046
0.124000 0.991047
0.128000 0.991047
0.132000 0.991048
0.136000 0.991049
0.140000 0.991049
0.144000 0.991050
0.148000 0.991051
0.152000 0.991052
0.156000 0.991052
0.160000 0.991053
0.164000 0.991054
0.168000 0.991055
0.172000 0.991056
0.176000 0.991057
0.180000 0.991058
0.184000 0.991059
0.188000 0.991060
0.192000 0.991062
0.196000 0.991063
0.200000 0.991064
0.204000 0.991066
0.208000 0.991067
0.212000 0.991069
0.216000 0.991070
0.220000 0.991072
0.224000 0.991073
0.228000 0.991075
0.232000 0.991077
0.236000 0.991079
0.240000 0.991081
0.244000 0.991083
0.248000 0.991085
0.252000 0.991088
0.256000 0.991090
0.260000 0.991092
0.264000 0.991095
0.268000 0.991098
0.272000 0.991100
0.276000 0.991103
0.280000 0.991106
0.284000 0.991109
0.288000 0.991112
0.292000 0.991116
0.296000 0.991119
0.300000 0.991123
0.304000 0.991126
0.308000 0.991130
0.312000 0.991134
0.316000 0.991138
0.320000 0.991142
0.324000 0.991146
0.328000 0.991151
0.332000 0.991155
0.336000 0.991160
0.340000 0.991165
0.344000 0.991170
0.348000 0.991175
0.352000 0.991181
0.356000 0.991186
0.360000 0.991192
0.364000 0.991198
0.368000 0.991204
0.372000 0.991210
0.376000 0.991217
0.380000 0.991224
0.384000 0.991230
0.388000 0.991237
0.392000 0.991245
0.396000 0.991252
0.400000 0.991260
0.404000 0.991267
0.408000 0.991276
0.412000 0.991284
0.416000 0.991292
0.420000 0.991301
0.424000 0.991310
0.428000 0.991319
0.432000 0.991328
0.436000 0.991338
0.440000 0.991348
0.444000 0.991358
0.448000 0.991368
0.452000 0.991378
0.456000 0.991389
0.460000 0.991400
0.464000 0.991411
0.468000 0.991423
0.472000 0.991435
0.476000 0.991446
0.480000 0.991459
0.484000 0.991471
0.488000 0.991484
0.492000 0.991497
0.496000 0.991510
0.500000 0.991524
0.504000 0.991537
0.508000 0.991551
0.512000 0.991565
0.516000 0.991580
0.520000 0.991595
0.524000 0.991610
0.528000 0.991625
0.532000 0.991641
0.536000 0.991656
0.540000 0.991672
0.544000 0.991689
0.548000 0.991705
0.552000 0.991722
0.556000 0.991739
0.560000 0.991756
0.564000 0.991774
0.568000 0.991792
0.572000 0.991810
0.576000 0.991828
0.580000 0.991847
0.584000 0.991866
0.588000 0.991885
0.592000 0.991904
0.596000 0.991923
0.600000 0.991943
0.604000 0.991963
0.608000 0.991983
0.612000 0.992004
0.616000 0.992024
0.620000 0.992045
0.624000 0.992066
0.628000 0.992087
0.632000 0.992109
0.636000 0.992130
0.640000 0.992152
0.644000 0.992174
0.648000 0.992196
0.652000 0.992219
0.656000 0.992241
0.660000 0.992264
0.664000 0.992287
0.668000 0.992310
0.672000 0.992333
0.676000 0.992357
0.680000 0.992380
0.684000 0.992404
0.688000 0.992427
0.692000 0.992451
0.696000 0.992475
0.700000 0.992499
0.704000 0.992524
0.708000 0.992548
0.712000 0.992572
0.716000 0.992597
0.720000 0.992621
0.724000 0.992646
0.728000 0.992671
0.732000 0.992696
0.736000 0.992720
0.740000 0.992745
0.744000 0.992770
0.748000 0.992795
0.752000 0.992820
0.756000 0.992845
0.760000 0.992870
0.764000 0.992895
0.768000 0.992920
0.772000 0.992945
0.776000 0.992970
0.780000 0.992996
0.784000 0.993021
0.788000 0.993045
0.792000 0.993070
0.796000 0.993095
0.800000 0.993120
0.804000 0.993145
0.808000 0.993170
0.812000 0.993194
0.816000 0.993219
0.820000 0.993243
0.824000 0.993268
0.828000 0.993292
0.832000 0.993316
0.836000 0.993340
0.840000 0.993364
0.844000 0.993388
0.848000 0.993412
0.852000 0.993436
0.856000 0.993459
0.860000 0.993483
0.864000 0.993506
0.868000 0.993529
0.872000 0.993552
0.876000 0.993574
0.880000 0.993597
0.884000 0.993620
0.888000 0.993642
0.892000 0.993664
0.896000 0.993686
0.900000 0.993708
0.904000 0.993729
0.908000 0.993750
0.912000 0.993772
0.916000 0.993793
0.920000 0.993813
0.924000 0.993834
0.928000 0.993854
0.932000 0.993875
0.936000 0.993895
0.940000 0.993914
0.944000 0.993934
0.948000 0.993954
0.952000 0.993973
0.956000 0.993992
0.960000 0.994012
0.964000 0.994031
0.968000 0.994051
0.972000 0.994071
0.976000 0.994091
0.980000 0.994113
0.984000 0.994136
0.988000 0.994161
0.992000 0.994190
0.996000 0.994223
1.000000 0.994264
