-1.000000 0.991037
-0.996000 0.991037
-0.992000 0.991037
-0.988000 0.991037
-0.984000 0.991037
-0.980000 0.991037
-0.976000 0.991037
-0.972000 0.991037
-0.968000 0.991037
-0.964000 0.991037
-0.960000 0.991037
-0.956000 0.991037
-0.952000 0.991037
-0.948000 0.991037
-0.944000 0.991037
-0.940000 0.991037
-0.936000 0.991037
-0.932000 0.991037
-0.928000 0.991037
-0.924000 0.991037
-0.920000 0.991037
-0.916000 0.991037
-0.912000 0.991037
-0.908000 0.991037
-0.904000 0.991037
-0.900000 0.991037
-0.896000 0.991037
-0.892000 0.991037
-0.888000 0.991037
-0.884000 0.991037
-0.880000 0.991037
-0.876000 0.991037
-0.872000 0.991037
-0.868000 0.991037
-0.864000 0.991037
-0.860000 0.991037
-0.856000 0.991037
-0.852000 0.991037
-0.848000 0.991037
-0.844000 0.991037
-0.840000 0.991037
-0.836000 0.991037
-0.832000 0.991037
-0.828000 0.991037
-0.824000 0.991037
-0.820000 0.991037
-0.816000 0.991037
-0.812000 0.991037
-0.808000 0.991037
-0.804000 0.991037
-0.800000 0.991037
-0.796000 0.991037
-0.792000 0.991037
-0.788000 0.991037
-0.784000 0.991037
-0.780000 0.991037
-0.776000 0.991037
-0.772000 0.991037
-0.768000 0.991037
-0.764000 0.991037
-0.760000 0.991037
-0.756000 0.991037
-0.752000 0.991037
-0.748000 0.991037
-0.744000 0.991037
-0.740000 0.991037
-0.736000 0.991037
-0.732000 0.991037
-0.728000 0.991037
-0.724000 0.991037
-0.720000 0.991037
-0.716000 0.991037
-0.712000 0.991037
-0.708000 0.991037
-0.704000 0.991037
-0.700000 0.991037
-0.696000 0.991037
-0.692000 0.991037
-0.688000 0.991037
-0.684000 0.991037
-0.680000 0.991037
-0.676000 0.991037
-0.672000 0.991037
-0.668000 0.991037
-0.664000 0.991037
-0.660000 0.991037
-0.656000 0.991037
-0.652000 0.991037
-0.648000 0.991037
-0.644000 0.991037
-0.640000 0.991037
-0.636000 0.991037
-0.632000 0.991037
-0.628000 0.991037
-0.624000 0.991037
-0.620000 0.991037
-0.616000 0.991037
-0.612000 0.991037
-0.608000 0.991037
-0.604000 0.991037
-0.600000 0.991037
-0.596000 0.991037
-0.592000 0.991037
-0.588000 0.991037
-0.584000 0.991037
-0.580000 0.991037
-0.576000 0.991037
-0.572000 0.991037
-0.568000 0.991037
-0.564000 0.991037
-0.560000 0.991037
-0.556000 0.991037
-0.552000 0.991037
-0.548000 0.991037
-0.544000 0.991037
-0.540000 0.991037
-0.536000 0.991037
-0.532000 0.991037
-0.528000 0.991037
-0.524000 0.991037
-0.520000 0.991037
-0.516000 0.991037
-0.512000 0.991037
-0.508000 0.991037
-0.504000 0.991037
-0.500000 0.991037
-0.496000 0.991037
-0.492000 0.991037
-0.488000 0.991037
-0.484000 0.991037
-0.480000 0.991037
-0.476000 0.991037
-0.472000 0.991037
-0.468000 0.991037
-0.464000 0.991037
-0.460000 0.991037
-0.456000 0.991037
-0.452000 0.991037
-0.448000 0.991037
-0.444000 0.991037
-0.440000 0.991037
-0.436000 0.991037
-0.432000 0.991037
-0.428000 0.991037
-0.424000 0.991037
-0.420000 0.991037
-0.416000 0.991037
-0.412000 0.991037
-0.408000 0.991037
-0.404000 0.991037
-0.400000 0.991037
-0.396000 0.991037
-0.392000 0.991037
-0.388000 0.991037
-0.384000 0.991037
-0.380000 0.991037
-0.376000 0.991037
-0.372000 0.991037
-0.368000 0.991037
-0.364000 0.991037
-0.360000 0.991037
-0.356000 0.991037
-0.352000 0.991037
-0.348000 0.991037
-0.344000 0.991037
-0.340000 0.991037
-0.336000 0.991037
-0.332000 0.991037
-0.328000 0.991037
-0.324000 0.991037
-0.320000 0.991037
-0.316000 0.991037
-0.312000 0.991037
-0.308000 0.991037
-0.304000 0.991037
-0.300000 0.991037
-0.296000 0.991037
-0.292000 0.991037
-0.288000 0.991037
-0.284000 0.991037
-0.280000 0.991037
-0.276000 0.991037
-0.272000 0.991037
-0.268000 0.991037
-0.264000 0.991037
-0.260000 0.991037
-0.256000 0.991037
-0.252000 0.991037
-0.248000 0.991037
-0.244000 0.991037
-0.240000 0.991037
-0.236000 0.991037
-0.232000 0.991037
-0.228000 0.991037
-0.224000 0.991037
-0.220000 0.991037
-0.216000 0.991037
-0.212000 0.991037
-0.208000 0.991037
-0.204000 0.991037
-0.200000 0.991037
-0.196000 0.991037
-0.192000 0.991037
-0.188000 0.991037
-0.184000 0.991037
-0.180000 0.991037
-0.176000 0.991037
-0.172000 0.991037
-0.168000 0.991037
-0.164000 0.991037
-0.160000 0.991037
-0.156000 0.991037
-0.152000 0.991037
-0.148000 0.991037
-0.144000 0.991037
-0.140000 0.991037
-0.136000 0.991037
-0.132000 0.991037
-0.128000 0.991037
-0.124000 0.991037
-0.120000 0.991037
-0.116000 0.991037
-0.112000 0.991037
-0.108000 0.991037
-0.104000 0.991037
-0.100000 0.991037
-0.096000 0.991038
-0.092000 0.991038
-0.088000 0.991038
-0.084000 0.991038
-0.080000 0.991038
-0.076000 0.991038
-0.072000 0.991038
-0.068000 0.991038
-0.064000 0.991038
-0.060000 0.991038
-0.056000 0.991038
-0.052000 0.991038
-0.048000 0.991038
-0.044000 0.991038
-0.040000 0.991038
-0.036000 0.991039
-0.032000 0.991039
-0.028000 0.991039
-0.024000 0.991039
-0.020000 0.991039
-0.016000 0.991039
-0.012000 0.991039
-0.008000 0.991039
-0.004000 0.991040
0.000000 0.991040
0.004000 0.991040
0.008000 0.991040
0.012000 0.991040
0.016000 0.991041
0.020000 0.991041
0.024000 0.991041
0.028000 0.991041
0.032000 0.991042
0.036000 0.991042
0.040000 0.991042
0.044000 0.991042
0.048000 0.991043
0.052000 0.991043
0.056000 0.991044
0.060000 0.991044
0.064000 0.991044
0.068000 0.991045
0.072000 0.991045
0.076000 0.991046
0.080000 0.991046
0.084000 0.991047
0.088000 0.991047
0.092000 0.991048
0.096000 0.991049
0.100000 0.991049
0.104000 0.991050
0.108000 0.991051
0.112000 0.991052
0.116000 0.991052
0.120000 0.991053
0.124000 0.991054
0.128000 0.991055
0.132000 0.991056
0.136000 0.991057
0.140000 0.991058
0.144000 0.991059
0.148000 0.991061
0.152000 0.991062
0.156000 0.991063
0.160000 0.991065
0.164000 0.991066
0.168000 0.991067
0.172000 0.991069
0.176000 0.991071
0.180000 0.991072
0.184000 0.991074
0.188000 0.991076
0.192000 0.991078
0.196000 0.991080
0.200000 0.991082
0.204000 0.991084
0.208000 0.991086
0.212000 0.991089
0.216000 0.991091
0.220000 0.991094
0.224000 0.991096
0.228000 0.991099
0.232000 0.991102
0.236000 0.991105
0.240000 0.991108
0.244000 0.991111
0.248000 0.991114
0.252000 0.991118
0.256000 0.991121
0.260000 0.991125
0.264000 0.991129
0.268000 0.991133
0.272000 0.991137
0.276000 0.991141
0.280000 0.991145
0.284000 0.991150
0.288000 0.991154
0.292000 0.991159
0.296000 0.991164
0.300000 0.991169
0.304000 0.991175
0.308000 0.991180
0.312000 0.991186
0.316000 0.991191
0.320000 0.991197
0.324000 0.991204
0.328000 0.991210
0.332000 0.991216
0.336000 0.991223
0.340000 0.991230
0.344000 0.991237
0.348000 0.991245
0.352000 0.991252
0.356000 0.991260
0.360000 0.991268
0.364000 0.991276
0.368000 0.991284
0.372000 0.991293
0.376000 0.991302
0.380000 0.991311
0.384000 0.991320
0.388000 0.991330
0.392000 0.991339
0.396000 0.991349
0.400000 0.991360
0.404000 0.991370
0.408000 0.991381
0.412000 0.991392
0.416000 0.991403
0.420000 0.991414
0.424000 0.991426
0.428000 0.991438
0.432000 0.991450
0.436000 0.991463
0.440000 0.991476
0.444000 0.991489
0.448000 0.991502
0.452000 0.991515
0.456000 0.991529
0.460000 0.991543
0.464000 0.991557
0.468000 0.991572
0.472000 0.991587
0.476000 0.991602
0.480000 0.991617
0.484000 0.991633
0.488000 0.991649
0.492000 0.991665
0.496000 0.991682
0.500000 0.991698
0.504000 0.991715
0.508000 0.991732
0.512000 0.991750
0.516000 0.991768
0.520000 0.991786
0.524000 0.991804
0.528000 0.991822
0.532000 0.991841
0.536000 0.991860
0.540000 0.991879
0.544000 0.991899
0.548000 0.991919
0.552000 0.991939
0.556000 0.991959
0.560000 0.991979
0.564000 0.992000
0.568000 0.992021
0.572000 0.992042
0.576000 0.992063
0.580000 0.992085
0.584000 0.992106
0.588000 0.992128
0.592000 0.992150
0.596000 0.992173
0.600000 0.992195
0.604000 0.992218
0.608000 0.992241
0.612000 0.992264
0.616000 0.992287
0.620000 0.992311
0.624000 0.992334
0.628000 0.992358
0.632000 0.992382
0.636000 0.992406
0.640000 0.992430
0.644000 0.992454
0.648000 0.992478
0.652000 0.992503
0.656000 0.992527
0.660000 0.992552
0.664000 0.992577
0.668000 0.992602
0.672000 0.992627
0.676000 0.992652
0.680000 0.992677
0.684000 0.992702
0.688000 0.992727
0.692000 0.992753
0.696000 0.992778
0.700000 0.992803
0.704000 0.992829
0.708000 0.992854
0.712000 0.992879
0.716000 0.992905
0.720000 0.992930
0.724000 0.992956
0.728000 0.992981
0.732000 0.993006
0.736000 0.993032
0.740000 0.993057
0.744000 0.993082
0.748000 0.993108
0.752000 0.993133
0.756000 0.993158
0.760000 0.993183
0.764000 0.993208
0.768000 0.993233
0.772000 0.993258
0.776000 0.993282
0.780000 0.993307
0.784000 0.993331
0.788000 0.993356
0.792000 0.993380
0.796000 0.993404
0.800000 0.993428
0.804000 0.993452
0.808000 0.993476
0.812000 0.993499
0.816000 0.993523
0.820000 0.993546
0.824000 0.993569
0.828000 0.993592
0.832000 0.993615
0.836000 0.993638
0.840000 0.993660
0.844000 0.993682
0.848000 0.993704
0.852000 0.993726
0.856000 0.993748
0.860000 0.993769
0.864000 0.993791
0.868000 0.993812
0.872000 0.993833
0.876000 0.993853
0.880000 0.993874
0.884000 0.993894
0.888000 0.993914
0.892000 0.993934
0.896000 0.993953
0.900000 0.993973
0.904000 0.993992
0.908000 0.994010
0.912000 0.994029
0.916000 0.994047
0.920000 0.994066
0.924000 0.994084
0.928000 0.994101
0.932000 0.994119
0.936000 0.994136
0.940000 0.994153
0.944000 0.994170
0.948000 0.994186
0.952000 0.994203
0.956000 0.994219
0.960000 0.994236
0.964000 0.994252
0.968000 0.994268
0.972000 0.994285
0.976000 0.994302
0.980000 0.994320
0.984000 0.994339
0.988000 0.994360
0.992000 0.994383
0.996000 0.994410
1.000000 0.994443
