-1.000000 0.991037
-0.996000 0.991037
-0.992000 0.991037
-0.988000 0.991037
-0.984000 0.991037
-0.980000 0.991037
-0.976000 0.991037
-0.972000 0.991037
-0.968000 0.991037
-0.964000 0.991037
-0.960000 0.991037
-0.956000 0.991037
-0.952000 0.991037
-0.948000 0.991037
-0.944000 0.991037
-0.940000 0.991037
-0.936000 0.991037
-0.932000 0.991037
-0.928000 0.991037
-0.924000 0.991037
-0.920000 0.991037
-0.916000 0.991037
-0.912000 0.991037
-0.908000 0.991037
-0.904000 0.991037
-0.900000 0.991037
-0.896000 0.991037
-0.892000 0.991037
-0.888000 0.991037
-0.884000 0.991037
-0.880000 0.991037
-0.876000 0.991037
-0.872000 0.991037
-0.868000 0.991037
-0.864000 0.991037
-0.860000 0.991037
-0.856000 0.991037
-0.852000 0.991037
-0.848000 0.991037
-0.844000 0.991037
-0.840000 0.991037
-0.836000 0.991037
-0.832000 0.991037
-0.828000 0.991037
-0.824000 0.991037
-0.820000 0.991037
-0.816000 0.991037
-0.812000 0.991037
-0.808000 0.991037
-0.804000 0.991037
-0.800000 0.991037
-0.796000 0.991037
-0.792000 0.991037
-0.788000 0.991037
-0.784000 0.991037
-0.780000 0.991037
-0.776000 0.991037
-0.772000 0.991037
-0.768000 0.991037
-0.764000 0.991037
-0.760000 0.991037
-0.756000 0.991037
-0.752000 0.991037
-0.748000 0.991037
-0.744000 0.991037
-0.740000 0.991037
-0.736000 0.991037
-0.732000 0.991037
-0.728000 0.991037
-0.724000 0.991037
-0.720000 0.991037
-0.716000 0.991037
-0.712000 0.991037
-0.708000 0.991037
-0.704000 0.991037
-0.700000 0.991037
-0.696000 0.991037
-0.692000 0.991037
-0.688000 0.991037
-0.684000 0.991037
-0.680000 0.991037
-0.676000 0.991037
-0.672000 0.991037
-0.668000 0.991037
-0.664000 0.991037
-0.660000 0.991037
-0.656000 0.991037
-0.652000 0.991037
-0.648000 0.991037
-0.644000 0.991037
-0.640000 0.991037
-0.636000 0.991037
-0.632000 0.991037
-0.628000 0.991037
-0.624000 0.991037
-0.620000 0.991037
-0.616000 0.991037
-0.612000 0.991037
-0.608000 0.991037
-0.604000 0.991037
-0.600000 0.991037
-0.596000 0.991037
-0.592000 0.991037
-0.588000 0.991037
-0.584000 0.991037
-0.580000 0.991037
-0.576000 0.991037
-0.572000 0.991037
-0.568000 0.991037
-0.564000 0.991037
-0.560000 0.991037
-0.556000 0.991037
-0.552000 0.991037
-0.548000 0.991037
-0.544000 0.991037
-0.540000 0.991037
-0.536000 0.991037
-0.532000 0.991037
-0.528000 0.991037
-0.524000 0.991037
-0.520000 0.991037
-0.516000 0.991037
-0.512000 0.991037
-0.508000 0.991037
-0.504000 0.991037
-0.500000 0.991037
-0.496000 0.991037
-0.492000 0.991037
-0.488000 0.991037
-0.484000 0.991037
-0.480000 0.991037
-0.476000 0.991037
-0.472000 0.991037
-0.468000 0.991037
-0.464000 0.991037
-0.460000 0.991037
-0.456000 0.991037
-0.452000 0.991037
-0.448000 0.991037
-0.444000 0.991037
-0.440000 0.991037
-0.436000 0.991037
-0.432000 0.991037
-0.428000 0.991037
-0.424000 0.991037
-0.420000 0.991037
-0.416000 0.991037
-0.412000 0.991037
-0.408000 0.991037
-0.404000 0.991037
-0.400000 0.991037
-0.396000 0.991037
-0.392000 0.991037
-0.388000 0.991037
-0.384000 0.991038
-0.380000 0.991038
-0.376000 0.991038
-0.372000 0.991038
-0.368000 0.991038
-0.364000 0.991038
-0.360000 0.991038
-0.356000 0.991038
-0.352000 0.991038
-0.348000 0.991038
-0.344000 0.991038
-0.340000 0.991038
-0.336000 0.991038
-0.332000 0.991039
-0.328000 0.991039
-0.324000 0.991039
-0.320000 0.991039
-0.316000 0.991039
-0.312000 0.991039
-0.308000 0.991039
-0.304000 0.991040
-0.300000 0.991040
-0.296000 0.991040
-0.292000 0.991040
-0.288000 0.991041
-0.284000 0.991041
-0.280000 0.991041
-0.276000 0.991041
-0.272000 0.991042
-0.268000 0.991042
-0.264000 0.991042
-0.260000 0.991043
-0.256000 0.991043
-0.252000 0.991044
-0.248000 0.991044
-0.244000 0.991045
-0.240000 0.991045
-0.236000 0.991046
-0.232000 0.991046
-0.228000 0.991047
-0.224000 0.991048
-0.220000 0.991048
-0.216000 0.991049
-0.212000 0.991050
-0.208000 0.991051
-0.204000 0.991052
-0.200000 0.991053
-0.196000 0.991054
-0.192000 0.991055
-0.188000 0.991056
-0.184000 0.991057
-0.180000 0.991058
-0.176000 0.991060
-0.172000 0.991061
-0.168000 0.991063
-0.164000 0.991064
-0.160000 0.991066
-0.156000 0.991068
-0.152000 0.991069
-0.148000 0.991071
-0.144000 0.991073
-0.140000 0.991075
-0.136000 0.991078
-0.132000 0.991080
-0.128000 0.991082
-0.124000 0.991085
-0.120000 0.991087
-0.116000 0.991090
-0.112000 0.991093
-0.108000 0.991096
-0.104000 0.991099
-0.100000 0.991103
-0.096000 0.991106
-0.092000 0.991110
-0.088000 0.991113
-0.084000 0.991117
-0.080000 0.991121
-0.076000 0.991126
-0.072000 0.991130
-0.068000 0.991135
-0.064000 0.991140
-0.060000 0.991145
-0.056000 0.991150
-0.052000 0.991155
-0.048000 0.991161
-0.044000 0.991166
-0.040000 0.991173
-0.036000 0.991179
-0.032000 0.991185
-0.028000 0.991192
-0.024000 0.991199
-0.020000 0.991206
-0.016000 0.991213
-0.012000 0.991221
-0.008000 0.991229
-0.004000 0.991237
0.000000 0.991246
0.004000 0.991254
0.008000 0.991263
0.012000 0.991273
0.016000 0.991282
0.020000 0.991292
0.024000 0.991302
0.028000 0.991313
0.032000 0.991324
0.036000 0.991335
0.040000 0.991346
0.044000 0.991358
0.048000 0.991370
0.052000 0.991382
0.056000 0.991395
0.060000 0.991408
0.064000 0.991421
0.068000 0.991435
0.072000 0.991449
0.076000 0.991463
0.080000 0.991478
0.084000 0.991493
0.088000 0.991508
0.092000 0.991524
0.096000 0.991540
0.100000 0.991557
0.104000 0.991573
0.108000 0.991591
0.112000 0.991608
0.116000 0.991626
0.120000 0.991644
0.124000 0.991663
0.128000 0.991681
0.132000 0.991701
0.136000 0.991720
0.140000 0.991740
0.144000 0.991760
0.148000 0.991781
0.152000 0.991802
0.156000 0.991823
0.160000 0.991845
0.164000 0.991866
0.168000 0.991889
0.172000 0.991911
0.176000 0.991934
0.180000 0.991957
0.184000 0.991981
0.188000 0.992004
0.192000 0.992028
0.196000 0.992053
0.200000 0.992077
0.204000 0.992102
0.208000 0.992127
0.212000 0.992153
0.216000 0.992178
0.220000 0.992204
0.224000 0.992230
0.228000 0.992257
0.232000 0.992283
0.236000 0.992310
0.240000 0.992337
0.244000 0.992364
0.248000 0.992392
0.252000 0.992419
0.256000 0.992447
0.260000 0.992475
0.264000 0.992503
0.268000 0.992531
0.272000 0.992559
0.276000 0.992588
0.280000 0.992616
0.284000 0.992645
0.288000 0.992674
0.292000 0.992702
0.296000 0.992731
0.300000 0.992760
0.304000 0.992789
0.308000 0.992818
0.312000 0.992847
0.316000 0.992876
0.320000 0.992905
0.324000 0.992934
0.328000 0.992963
0.332000 0.992992
0.336000 0.993021
0.340000 0.993050
0.344000 0.993079
0.348000 0.993108
0.352000 0.993137
0.356000 0.993165
0.360000 0.993194
0.364000 0.993222
0.368000 0.993251
0.372000 0.993279
0.376000 0.993307
0.380000 0.993335
0.384000 0.993363
0.388000 0.993391
0.392000 0.993418
0.396000 0.993445
0.400000 0.993472
0.404000 0.993499
0.408000 0.993526
0.412000 0.993553
0.416000 0.993579
0.420000 0.993605
0.424000 0.993631
0.428000 0.993657
0.432000 0.993682
0.436000 0.993707
0.440000 0.993732
0.444000 0.993757
0.448000 0.993781
0.452000 0.993805
0.456000 0.993829
0.460000 0.993852
0.464000 0.993876
0.468000 0.993899
0.472000 0.993921
0.476000 0.993944
0.480000 0.993966
0.484000 0.993988
0.488000 0.994009
0.492000 0.994030
0.496000 0.994051
0.500000 0.994072
0.504000 0.994092
0.508000 0.994112
0.512000 0.994131
0.516000 0.994151
0.520000 0.994170
0.524000 0.994188
0.528000 0.994207
0.532000 0.994225
0.536000 0.994243
0.540000 0.994260
0.544000 0.994277
0.548000 0.994294
0.552000 0.994310
0.556000 0.994326
0.560000 0.994342
0.564000 0.994358
0.568000 0.994373
0.572000 0.994388
0.576000 0.994402
0.580000 0.994417
0.584000 0.994430
0.588000 0.994444
0.592000 0.994457
0.596000 0.994471
0.600000 0.994483
0.604000 0.994496
0.608000 0.994508
0.612000 0.994520
0.616000 0.994531
0.620000 0.994543
0.624000 0.994554
0.628000 0.994565
0.632000 0.994575
0.636000 0.994585
0.640000 0.994595
0.644000 0.994605
0.648000 0.994615
0.652000 0.994624
0.656000 0.994633
0.660000 0.994642
0.664000 0.994650
0.668000 0.994658
0.672000 0.994666
0.676000 0.994674
0.680000 0.994682
0.684000 0.994689
0.688000 0.994696
0.692000 0.994703
0.696000 0.994710
0.700000 0.994717
0.704000 0.994723
0.708000 0.994729
0.712000 0.994735
0.716000 0.994741
0.720000 0.994747
0.724000 0.994752
0.728000 0.994757
0.732000 0.994763
0.736000 0.994767
0.740000 0.994772
0.744000 0.994777
0.748000 0.994781
0.752000 0.994786
0.756000 0.994790
0.760000 0.994794
0.764000 0.994798
0.768000 0.994802
0.772000 0.994805
0.776000 0.994809
0.780000 0.994812
0.784000 0.994815
0.788000 0.994818
0.792000 0.994821
0.796000 0.994824
0.800000 0.994827
0.804000 0.994830
0.808000 0.994833
0.812000 0.994835
0.816000 0.994838
0.820000 0.994840
0.824000 0.994842
0.828000 0.994844
0.832000 0.994846
0.836000 0.994848
0.840000 0.994850
0.844000 0.994852
0.848000 0.994854
0.852000 0.994856
0.856000 0.994857
0.860000 0.994859
0.864000 0.994860
0.868000 0.994862
0.872000 0.994863
0.876000 0.994864
0.880000 0.994866
0.884000 0.994867
0.888000 0.994868
0.892000 0.994869
0.896000 0.994870
0.900000 0.994871
0.904000 0.994872
0.908000 0.994873
0.912000 0.994874
0.916000 0.994875
0.920000 0.994876
0.924000 0.994877
0.928000 0.994877
0.932000 0.994878
0.936000 0.994879
0.940000 0.994879
0.944000 0.994880
0.948000 0.994881
0.952000 0.994881
0.956000 0.994882
0.960000 0.994882
0.964000 0.994883
0.968000 0.994883
0.972000 0.994884
0.976000 0.994884
0.980000 0.994885
0.984000 0.994885
0.988000 0.994886
0.992000 0.994886
0.996000 0.994887
1.000000 0.994888
