-1.000000 0.997928
-0.996000 0.997928
-0.992000 0.997928
-0.988000 0.997928
-0.984000 0.997928
-0.980000 0.997928
-0.976000 0.997928
-0.972000 0.997928
-0.968000 0.997928
-0.964000 0.997928
-0.960000 0.997928
-0.956000 0.997928
-0.952000 0.997928
-0.948000 0.997928
-0.944000 0.997928
-0.940000 0.997928
-0.936000 0.997928
-0.932000 0.997928
-0.928000 0.997928
-0.924000 0.997928
-0.920000 0.997928
-0.916000 0.997928
-0.912000 0.997928
-0.908000 0.997928
-0.904000 0.997928
-0.900000 0.997928
-0.896000 0.997928
-0.892000 0.997928
-0.888000 0.997928
-0.884000 0.997928
-0.880000 0.997928
-0.876000 0.997928
-0.872000 0.997928
-0.868000 0.997928
-0.864000 0.997928
-0.860000 0.997928
-0.856000 0.997928
-0.852000 0.997928
-0.848000 0.997928
-0.844000 0.997928
-0.840000 0.997928
-0.836000 0.997928
-0.832000 0.997928
-0.828000 0.997928
-0.824000 0.997928
-0.820000 0.997928
-0.816000 0.997928
-0.812000 0.997928
-0.808000 0.997928
-0.804000 0.997928
-0.800000 0.997928
-0.796000 0.997928
-0.792000 0.997928
-0.788000 0.997928
-0.784000 0.997928
-0.780000 0.997928
-0.776000 0.997928
-0.772000 0.997928
-0.768000 0.997928
-0.764000 0.997928
-0.760000 0.997928
-0.756000 0.997928
-0.752000 0.997928
-0.748000 0.997928
-0.744000 0.997928
-0.740000 0.997928
-0.736000 0.997928
-0.732000 0.997928
-0.728000 0.997928
-0.724000 0.997928
-0.720000 0.997928
-0.716000 0.997928
-0.712000 0.997928
-0.708000 0.997928
-0.704000 0.997928
-0.700000 0.997928
-0.696000 0.997928
-0.692000 0.997928
-0.688000 0.997928
-0.684000 0.997928
-0.680000 0.997928
-0.676000 0.997928
-0.672000 0.997928
-0.668000 0.997928
-0.664000 0.997928
-0.660000 0.997928
-0.656000 0.997928
-0.652000 0.997928
-0.648000 0.997928
-0.644000 0.997928
-0.640000 0.997928
-0.636000 0.997928
-0.632000 0.997928
-0.628000 0.997928
-0.624000 0.997928
-0.620000 0.997928
-0.616000 0.997928
-0.612000 0.997928
-0.608000 0.997928
-0.604000 0.997928
-0.600000 0.997928
-0.596000 0.997928
-0.592000 0.997928
-0.588000 0.997928
-0.584000 0.997928
-0.580000 0.997928
-0.576000 0.997928
-0.572000 0.997928
-0.568000 0.997928
-0.564000 0.997928
-0.560000 0.997928
-0.556000 0.997928
-0.552000 0.997928
-0.548000 0.997928
-0.544000 0.997928
-0.540000 0.997928
-0.536000 0.997928
-0.532000 0.997928
-0.528000 0.997928
-0.524000 0.997928
-0.520000 0.997928
-0.516000 0.997928
-0.512000 0.997928
-0.508000 0.997928
-0.504000 0.997928
-0.500000 0.997928
-0.496000 0.997928
-0.492000 0.997928
-0.488000 0.997928
-0.484000 0.997928
-0.480000 0.997928
-0.476000 0.997928
-0.472000 0.997928
-0.468000 0.997928
-0.464000 0.997928
-0.460000 0.997928
-0.456000 0.997928
-0.452000 0.997928
-0.448000 0.997928
-0.444000 0.997928
-0.440000 0.997928
-0.436000 0.997928
-0.432000 0.997928
-0.428000 0.997928
-0.424000 0.997928
-0.420000 0.997928
-0.416000 0.997928
-0.412000 0.997928
-0.408000 0.997928
-0.404000 0.997928
-0.400000 0.997928
-0.396000 0.997928
-0.392000 0.997928
-0.388000 0.997928
-0.384000 0.997928
-0.380000 0.997928
-0.376000 0.997928
-0.372000 0.997928
-0.368000 0.997928
-0.364000 0.997928
-0.360000 0.997928
-0.356000 0.997928
-0.352000 0.997928
-0.348000 0.997928
-0.344000 0.997928
-0.340000 0.997928
-0.336000 0.997928
-0.332000 0.997928
-0.328000 0.997928
-0.324000 0.997928
-0.320000 0.997928
-0.316000 0.997928
-0.312000 0.997928
-0.308000 0.997928
-0.304000 0.997928
-0.300000 0.997928
-0.296000 0.997928
-0.292000 0.997928
-0.288000 0.997928
-0.284000 0.997928
-0.280000 0.997928
-0.276000 0.997928
-0.272000 0.997928
-0.268000 0.997928
-0.264000 0.997928
-0.260000 0.997928
-0.256000 0.997928
-0.252000 0.997928
-0.248000 0.997928
-0.244000 0.997928
-0.240000 0.997928
-0.236000 0.997928
-0.232000 0.997928
-0.228000 0.997928
-0.224000 0.997928
-0.220000 0.997928
-0.216000 0.997928
-0.212000 0.997928
-0.208000 0.997928
-0.204000 0.997928
-0.200000 0.997928
-0.196000 0.997928
-0.192000 0.997928
-0.188000 0.997928
-0.184000 0.997928
-0.180000 0.997928
-0.176000 0.997928
-0.172000 0.997928
-0.168000 0.997928
-0.164000 0.997928
-0.160000 0.997928
-0.156000 0.997928
-0.152000 0.997928
-0.148000 0.997928
-0.144000 0.997928
-0.140000 0.997928
-0.136000 0.997928
-0.132000 0.997928
-0.128000 0.997928
-0.124000 0.997928
-0.120000 0.997928
-0.116000 0.997928
-0.112000 0.997928
-0.108000 0.997928
-0.104000 0.997928
-0.100000 0.997928
-0.096000 0.997928
-0.092000 0.997928
-0.088000 0.997928
-0.084000 0.997928
-0.080000 0.997928
-0.076000 0.997928
-0.072000 0.997928
-0.068000 0.997928
-0.064000 0.997928
-0.060000 0.997928
-0.056000 0.997928
-0.052000 0.997928
-0.048000 0.997928
-0.044000 0.997928
-0.040000 0.997928
-0.036000 0.997928
-0.032000 0.997928
-0.028000 0.997928
-0.024000 0.997928
-0.020000 0.997928
-0.016000 0.997928
-0.012000 0.997928
-0.008000 0.997928
-0.004000 0.997928
0.000000 0.997928
0.004000 0.997928
0.008000 0.997928
0.012000 0.997928
0.016000 0.997928
0.020000 0.997928
0.024000 0.997928
0.028000 0.997928
0.032000 0.997928
0.036000 0.997928
0.040000 0.997928
0.044000 0.997928
0.048000 0.997928
0.052000 0.997928
0.056000 0.997928
0.060000 0.997928
0.064000 0.997928
0.068000 0.997928
0.072000 0.997928
0.076000 0.997928
0.080000 0.997928
0.084000 0.997928
0.088000 0.997928
0.092000 0.997928
0.096000 0.997928
0.100000 0.997928
0.104000 0.997928
0.108000 0.997928
0.112000 0.997927
0.116000 0.997927
0.120000 0.997927
0.124000 0.997927
0.128000 0.997927
0.132000 0.997927
0.136000 0.997927
0.140000 0.997927
0.144000 0.997927
0.148000 0.997927
0.152000 0.997927
0.156000 0.997927
0.160000 0.997927
0.164000 0.997927
0.168000 0.997927
0.172000 0.997927
0.176000 0.997926
0.180000 0.997926
0.184000 0.997926
0.188000 0.997926
0.192000 0.997926
0.196000 0.997926
0.200000 0.997926
0.204000 0.997926
0.208000 0.997925
0.212000 0.997925
0.216000 0.997925
0.220000 0.997925
0.224000 0.997925
0.228000 0.997925
0.232000 0.997924
0.236000 0.997924
0.240000 0.997924
0.244000 0.997924
0.248000 0.997923
0.252000 0.997923
0.256000 0.997923
0.260000 0.997922
0.264000 0.997922
0.268000 0.997922
0.272000 0.997921
0.276000 0.997921
0.280000 0.997921
0.284000 0.997920
0.288000 0.997920
0.292000 0.997919
0.296000 0.997919
0.300000 0.997918
0.304000 0.997918
0.308000 0.997917
0.312000 0.997916
0.316000 0.997916
0.320000 0.997915
0.324000 0.997914
0.328000 0.997914
0.332000 0.997913
0.336000 0.997912
0.340000 0.997911
0.344000 0.997910
0.348000 0.997909
0.352000 0.997908
0.356000 0.997907
0.360000 0.997906
0.364000 0.997905
0.368000 0.997904
0.372000 0.997902
0.376000 0.997901
0.380000 0.997900
0.384000 0.997898
0.388000 0.997897
0.392000 0.997895
0.396000 0.997894
0.400000 0.997892
0.404000 0.997890
0.408000 0.997888
0.412000 0.997886
0.416000 0.997884
0.420000 0.997882
0.424000 0.997880
0.428000 0.997878
0.432000 0.997875
0.436000 0.997873
0.440000 0.997870
0.444000 0.997868
0.448000 0.997865
0.452000 0.997862
0.456000 0.997859
0.460000 0.997856
0.464000 0.997853
0.468000 0.997849
0.472000 0.997846
0.476000 0.997842
0.480000 0.997839
0.484000 0.997835
0.488000 0.997831
0.492000 0.997826
0.496000 0.997822
0.500000 0.997818
0.504000 0.997813
0.508000 0.997808
0.512000 0.997803
0.516000 0.997798
0.520000 0.997793
0.524000 0.997787
0.528000 0.997781
0.532000 0.997776
0.536000 0.997770
0.540000 0.997763
0.544000 0.997757
0.548000 0.997750
0.552000 0.997743
0.556000 0.997736
0.560000 0.997729
0.564000 0.997721
0.568000 0.997713
0.572000 0.997705
0.576000 0.997697
0.580000 0.997688
0.584000 0.997680
0.588000 0.997671
0.592000 0.997661
0.596000 0.997652
0.600000 0.997642
0.604000 0.997632
0.608000 0.997621
0.612000 0.997611
0.616000 0.997600
0.620000 0.997588
0.624000 0.997577
0.628000 0.997565
0.632000 0.997552
0.636000 0.997540
0.640000 0.997527
0.644000 0.997514
0.648000 0.997500
0.652000 0.997487
0.656000 0.997472
0.660000 0.997458
0.664000 0.997443
0.668000 0.997428
0.672000 0.997412
0.676000 0.997396
0.680000 0.997380
0.684000 0.997363
0.688000 0.997346
0.692000 0.997329
0.696000 0.997311
0.700000 0.997293
0.704000 0.997274
0.708000 0.997255
0.712000 0.997236
0.716000 0.997216
0.720000 0.997196
0.724000 0.997175
0.728000 0.997154
0.732000 0.997133
0.736000 0.997111
0.740000 0.997089
0.744000 0.997067
0.748000 0.997044
0.752000 0.997020
0.756000 0.996996
0.760000 0.996972
0.764000 0.996948
0.768000 0.996923
0.772000 0.996897
0.776000 0.996871
0.780000 0.996845
0.784000 0.996818
0.788000 0.996791
0.792000 0.996764
0.796000 0.996736
0.800000 0.996707
0.804000 0.996679
0.808000 0.996650
0.812000 0.996620
0.816000 0.996590
0.820000 0.996560
0.824000 0.996529
0.828000 0.996498
0.832000 0.996466
0.836000 0.996434
0.840000 0.996402
0.844000 0.996369
0.848000 0.996336
0.852000 0.996303
0.856000 0.996269
0.860000 0.996235
0.864000 0.996200
0.868000 0.996166
0.872000 0.996130
0.876000 0.996095
0.880000 0.996059
0.884000 0.996023
0.888000 0.995986
0.892000 0.995949
0.896000 0.995912
0.900000 0.995875
0.904000 0.995837
0.908000 0.995799
0.912000 0.995760
0.916000 0.995722
0.920000 0.995683
0.924000 0.995644
0.928000 0.995604
0.932000 0.995564
0.936000 0.995524
0.940000 0.995484
0.944000 0.995443
0.948000 0.995401
0.952000 0.995360
0.956000 0.995317
0.960000 0.995274
0.964000 0.995230
0.968000 0.995184
0.972000 0.995136
0.976000 0.995086
0.980000 0.995033
0.984000 0.994974
0.988000 0.994909
0.992000 0.994835
0.996000 0.994747
1.000000 0.994642
