-1.000000 0.997928
-0.996000 0.997928
-0.992000 0.997928
-0.988000 0.997928
-0.984000 0.997928
-0.980000 0.997928
-0.976000 0.997928
-0.972000 0.997928
-0.968000 0.997928
-0.964000 0.997928
-0.960000 0.997928
-0.956000 0.997928
-0.952000 0.997928
-0.948000 0.997928
-0.944000 0.997928
-0.940000 0.997928
-0.936000 0.997928
-0.932000 0.997928
-0.928000 0.997928
-0.924000 0.997928
-0.920000 0.997928
-0.916000 0.997928
-0.912000 0.997928
-0.908000 0.997928
-0.904000 0.997928
-0.900000 0.997928
-0.896000 0.997928
-0.892000 0.997928
-0.888000 0.997928
-0.884000 0.997928
-0.880000 0.997928
-0.876000 0.997928
-0.872000 0.997928
-0.868000 0.997928
-0.864000 0.997928
-0.860000 0.997928
-0.856000 0.997928
-0.852000 0.997928
-0.848000 0.997928
-0.844000 0.997928
-0.840000 0.997928
-0.836000 0.997928
-0.832000 0.997928
-0.828000 0.997928
-0.824000 0.997928
-0.820000 0.997928
-0.816000 0.997928
-0.812000 0.997928
-0.808000 0.997928
-0.804000 0.997928
-0.800000 0.997928
-0.796000 0.997928
-0.792000 0.997928
-0.788000 0.997928
-0.784000 0.997928
-0.780000 0.997928
-0.776000 0.997928
-0.772000 0.997928
-0.768000 0.997928
-0.764000 0.997928
-0.760000 0.997928
-0.756000 0.997928
-0.752000 0.997928
-0.748000 0.997928
-0.744000 0.997928
-0.740000 0.997928
-0.736000 0.997928
-0.732000 0.997928
-0.728000 0.997928
-0.724000 0.997928
-0.720000 0.997928
-0.716000 0.997928
-0.712000 0.997928
-0.708000 0.997928
-0.704000 0.997928
-0.700000 0.997928
-0.696000 0.997928
-0.692000 0.997928
-0.688000 0.997928
-0.684000 0.997928
-0.680000 0.997928
-0.676000 0.997928
-0.672000 0.997928
-0.668000 0.997928
-0.664000 0.997928
-0.660000 0.997928
-0.656000 0.997928
-0.652000 0.997928
-0.648000 0.997928
-0.644000 0.997928
-0.640000 0.997928
-0.636000 0.997928
-0.632000 0.997928
-0.628000 0.997928
-0.624000 0.997928
-0.620000 0.997928
-0.616000 0.997928
-0.612000 0.997928
-0.608000 0.997928
-0.604000 0.997928
-0.600000 0.997928
-0.596000 0.997928
-0.592000 0.997928
-0.588000 0.997928
-0.584000 0.997928
-0.580000 0.997928
-0.576000 0.997928
-0.572000 0.997928
-0.568000 0.997928
-0.564000 0.997928
-0.560000 0.997928
-0.556000 0.997928
-0.552000 0.997928
-0.548000 0.997928
-0.544000 0.997928
-0.540000 0.997928
-0.536000 0.997928
-0.532000 0.997928
-0.528000 0.997928
-0.524000 0.997928
-0.520000 0.997928
-0.516000 0.997928
-0.512000 0.997928
-0.508000 0.997928
-0.504000 0.997928
-0.500000 0.997928
-0.496000 0.997928
-0.492000 0.997928
-0.488000 0.997928
-0.484000 0.997928
-0.480000 0.997928
-0.476000 0.997928
-0.472000 0.997928
-0.468000 0.997928
-0.464000 0.997928
-0.460000 0.997928
-0.456000 0.997928
-0.452000 0.997928
-0.448000 0.997928
-0.444000 0.997928
-0.440000 0.997928
-0.436000 0.997928
-0.432000 0.997928
-0.428000 0.997928
-0.424000 0.997928
-0.420000 0.997928
-0.416000 0.997928
-0.412000 0.997928
-0.408000 0.997928
-0.404000 0.997928
-0.400000 0.997928
-0.396000 0.997928
-0.392000 0.997928
-0.388000 0.997928
-0.384000 0.997928
-0.380000 0.997928
-0.376000 0.997928
-0.372000 0.997928
-0.368000 0.997928
-0.364000 0.997928
-0.360000 0.997928
-0.356000 0.997928
-0.352000 0.997928
-0.348000 0.997928
-0.344000 0.997928
-0.340000 0.997928
-0.336000 0.997928
-0.332000 0.997928
-0.328000 0.997928
-0.324000 0.997928
-0.320000 0.997928
-0.316000 0.997928
-0.312000 0.997928
-0.308000 0.997928
-0.304000 0.997928
-0.300000 0.997928
-0.296000 0.997928
-0.292000 0.997928
-0.288000 0.997928
-0.284000 0.997928
-0.280000 0.997928
-0.276000 0.997928
-0.272000 0.997928
-0.268000 0.997928
-0.264000 0.997928
-0.260000 0.997928
-0.256000 0.997928
-0.252000 0.997928
-0.248000 0.997927
-0.244000 0.997927
-0.240000 0.997927
-0.236000 0.997927
-0.232000 0.997927
-0.228000 0.997927
-0.224000 0.997927
-0.220000 0.997927
-0.216000 0.997927
-0.212000 0.997927
-0.208000 0.997927
-0.204000 0.997927
-0.200000 0.997927
-0.196000 0.997927
-0.192000 0.997926
-0.188000 0.997926
-0.184000 0.997926
-0.180000 0.997926
-0.176000 0.997926
-0.172000 0.997926
-0.168000 0.997926
-0.164000 0.997925
-0.160000 0.997925
-0.156000 0.997925
-0.152000 0.997925
-0.148000 0.997924
-0.144000 0.997924
-0.140000 0.997924
-0.136000 0.997924
-0.132000 0.997923
-0.128000 0.997923
-0.124000 0.997923
-0.120000 0.997922
-0.116000 0.997922
-0.112000 0.997921
-0.108000 0.997921
-0.104000 0.997920
-0.100000 0.997920
-0.096000 0.997919
-0.092000 0.997919
-0.088000 0.997918
-0.084000 0.997918
-0.080000 0.997917
-0.076000 0.997916
-0.072000 0.997915
-0.068000 0.997914
-0.064000 0.997914
-0.060000 0.997913
-0.056000 0.997912
-0.052000 0.997911
-0.048000 0.997910
-0.044000 0.997908
-0.040000 0.997907
-0.036000 0.997906
-0.032000 0.997905
-0.028000 0.997903
-0.024000 0.997902
-0.020000 0.997900
-0.016000 0.997899
-0.012000 0.997897
-0.008000 0.997895
-0.004000 0.997893
0.000000 0.997891
0.004000 0.997889
0.008000 0.997887
0.012000 0.997884
0.016000 0.997882
0.020000 0.997879
0.024000 0.997877
0.028000 0.997874
0.032000 0.997871
0.036000 0.997868
0.040000 0.997865
0.044000 0.997861
0.048000 0.997858
0.052000 0.997854
0.056000 0.997850
0.060000 0.997846
0.064000 0.997842
0.068000 0.997837
0.072000 0.997833
0.076000 0.997828
0.080000 0.997823
0.084000 0.997818
0.088000 0.997813
0.092000 0.997807
0.096000 0.997801
0.100000 0.997795
0.104000 0.997789
0.108000 0.997782
0.112000 0.997775
0.116000 0.997768
0.120000 0.997761
0.124000 0.997753
0.128000 0.997745
0.132000 0.997737
0.136000 0.997729
0.140000 0.997720
0.144000 0.997711
0.148000 0.997701
0.152000 0.997691
0.156000 0.997681
0.160000 0.997671
0.164000 0.997660
0.168000 0.997649
0.172000 0.997637
0.176000 0.997625
0.180000 0.997613
0.184000 0.997600
0.188000 0.997587
0.192000 0.997574
0.196000 0.997560
0.200000 0.997546
0.204000 0.997531
0.208000 0.997516
0.212000 0.997500
0.216000 0.997484
0.220000 0.997467
0.224000 0.997450
0.228000 0.997433
0.232000 0.997415
0.236000 0.997397
0.240000 0.997378
0.244000 0.997358
0.248000 0.997338
0.252000 0.997318
0.256000 0.997297
0.260000 0.997276
0.264000 0.997254
0.268000 0.997231
0.272000 0.997209
0.276000 0.997185
0.280000 0.997161
0.284000 0.997136
0.288000 0.997111
0.292000 0.997086
0.296000 0.997060
0.300000 0.997033
0.304000 0.997006
0.308000 0.996978
0.312000 0.996950
0.316000 0.996921
0.320000 0.996891
0.324000 0.996861
0.328000 0.996831
0.332000 0.996800
0.336000 0.996768
0.340000 0.996736
0.344000 0.996703
0.348000 0.996670
0.352000 0.996636
0.356000 0.996602
0.360000 0.996567
0.364000 0.996532
0.368000 0.996496
0.372000 0.996459
0.376000 0.996422
0.380000 0.996385
0.384000 0.996347
0.388000 0.996309
0.392000 0.996270
0.396000 0.996230
0.400000 0.996191
0.404000 0.996150
0.408000 0.996110
0.412000 0.996068
0.416000 0.996027
0.420000 0.995985
0.424000 0.995942
0.428000 0.995899
0.432000 0.995856
0.436000 0.995813
0.440000 0.995769
0.444000 0.995724
0.448000 0.995679
0.452000 0.995634
0.456000 0.995589
0.460000 0.995543
0.464000 0.995497
0.468000 0.995451
0.472000 0.995405
0.476000 0.995358
0.480000 0.995311
0.484000 0.995264
0.488000 0.995216
0.492000 0.995169
0.496000 0.995121
0.500000 0.995073
0.504000 0.995025
0.508000 0.994976
0.512000 0.994928
0.516000 0.994880
0.520000 0.994831
0.524000 0.994782
0.528000 0.994733
0.532000 0.994685
0.536000 0.994636
0.540000 0.994587
0.544000 0.994538
0.548000 0.994489
0.552000 0.994441
0.556000 0.994392
0.560000 0.994343
0.564000 0.994295
0.568000 0.994246
0.572000 0.994198
0.576000 0.994150
0.580000 0.994102
0.584000 0.994054
0.588000 0.994006
0.592000 0.993958
0.596000 0.993911
0.600000 0.993864
0.604000 0.993817
0.608000 0.993770
0.612000 0.993723
0.616000 0.993677
0.620000 0.993631
0.624000 0.993585
0.628000 0.993540
0.632000 0.993495
0.636000 0.993450
0.640000 0.993406
0.644000 0.993362
0.648000 0.993318
0.652000 0.993275
0.656000 0.993232
0.660000 0.993189
0.664000 0.993147
0.668000 0.993105
0.672000 0.993064
0.676000 0.993023
0.680000 0.992982
0.684000 0.992942
0.688000 0.992902
0.692000 0.992863
0.696000 0.992824
0.700000 0.992786
0.704000 0.992748
0.708000 0.992711
0.712000 0.992674
0.716000 0.992638
0.720000 0.992602
0.724000 0.992566
0.728000 0.992531
0.732000 0.992497
0.736000 0.992463
0.740000 0.992429
0.744000 0.992396
0.748000 0.992364
0.752000 0.992332
0.756000 0.992300
0.760000 0.992269
0.764000 0.992239
0.768000 0.992209
0.772000 0.992180
0.776000 0.992151
0.780000 0.992122
0.784000 0.992094
0.788000 0.992067
0.792000 0.992040
0.796000 0.992013
0.800000 0.991987
0.804000 0.991962
0.808000 0.991937
0.812000 0.991913
0.816000 0.991889
0.820000 0.991865
0.824000 0.991842
0.828000 0.991819
0.832000 0.991797
0.836000 0.991776
0.840000 0.991755
0.844000 0.991734
0.848000 0.991714
0.852000 0.991694
0.856000 0.991675
0.860000 0.991656
0.864000 0.991637
0.868000 0.991619
0.872000 0.991602
0.876000 0.991584
0.880000 0.991568
0.884000 0.991551
0.888000 0.991535
0.892000 0.991520
0.896000 0.991504
0.900000 0.991490
0.904000 0.991475
0.908000 0.991461
0.912000 0.991447
0.916000 0.991434
0.920000 0.991421
0.924000 0.991408
0.928000 0.991396
0.932000 0.991384
0.936000 0.991372
0.940000 0.991361
0.944000 0.991350
0.948000 0.991339
0.952000 0.991329
0.956000 0.991318
0.960000 0.991308
0.964000 0.991298
0.968000 0.991289
0.972000 0.991279
0.976000 0.991269
0.980000 0.991259
0.984000 0.991248
0.988000 0.991237
0.992000 0.991224
0.996000 0.991209
1.000000 0.991191
