-1.000000 0.991037
-0.996000 0.991037
-0.992000 0.991037
-0.988000 0.991037
-0.984000 0.991037
-0.980000 0.991037
-0.976000 0.991037
-0.972000 0.991037
-0.968000 0.991037
-0.964000 0.991037
-0.960000 0.991037
-0.956000 0.991037
-0.952000 0.991037
-0.948000 0.991037
-0.944000 0.991037
-0.940000 0.991037
-0.936000 0.991037
-0.932000 0.991037
-0.928000 0.991037
-0.924000 0.991037
-0.920000 0.991037
-0.916000 0.991037
-0.912000 0.991037
-0.908000 0.991037
-0.904000 0.991037
-0.900000 0.991037
-0.896000 0.991037
-0.892000 0.991037
-0.888000 0.991037
-0.884000 0.991037
-0.880000 0.991037
-0.876000 0.991037
-0.872000 0.991037
-0.868000 0.991037
-0.864000 0.991038
-0.860000 0.991038
-0.856000 0.991038
-0.852000 0.991038
-0.848000 0.991038
-0.844000 0.991038
-0.840000 0.991038
-0.836000 0.991038
-0.832000 0.991039
-0.828000 0.991039
-0.824000 0.991039
-0.820000 0.991040
-0.816000 0.991040
-0.812000 0.991040
-0.808000 0.991041
-0.804000 0.991041
-0.800000 0.991042
-0.796000 0.991042
-0.792000 0.991043
-0.788000 0.991044
-0.784000 0.991045
-0.780000 0.991046
-0.776000 0.991047
-0.772000 0.991048
-0.768000 0.991049
-0.764000 0.991050
-0.760000 0.991052
-0.756000 0.991053
-0.752000 0.991055
-0.748000 0.991057
-0.744000 0.991059
-0.740000 0.991061
-0.736000 0.991064
-0.732000 0.991067
-0.728000 0.991070
-0.724000 0.991073
-0.720000 0.991076
-0.716000 0.991080
-0.712000 0.991084
-0.708000 0.991088
-0.704000 0.991093
-0.700000 0.991098
-0.696000 0.991104
-0.692000 0.991109
-0.688000 0.991115
-0.684000 0.991122
-0.680000 0.991129
-0.676000 0.991137
-0.672000 0.991145
-0.668000 0.991153
-0.664000 0.991162
-0.660000 0.991172
-0.656000 0.991182
-0.652000 0.991193
-0.648000 0.991204
-0.644000 0.991216
-0.640000 0.991229
-0.636000 0.991242
-0.632000 0.991256
-0.628000 0.991271
-0.624000 0.991286
-0.620000 0.991303
-0.616000 0.991320
-0.612000 0.991337
-0.608000 0.991356
-0.604000 0.991375
-0.600000 0.991395
-0.596000 0.991416
-0.592000 0.991438
-0.588000 0.991461
-0.584000 0.991484
-0.580000 0.991508
-0.576000 0.991534
-0.572000 0.991560
-0.568000 0.991587
-0.564000 0.991614
-0.560000 0.991643
-0.556000 0.991672
-0.552000 0.991703
-0.548000 0.991734
-0.544000 0.991766
-0.540000 0.991798
-0.536000 0.991832
-0.532000 0.991866
-0.528000 0.991901
-0.524000 0.991937
-0.520000 0.991974
-0.516000 0.992011
-0.512000 0.992049
-0.508000 0.992088
-0.504000 0.992127
-0.500000 0.992167
-0.496000 0.992207
-0.492000 0.992248
-0.488000 0.992290
-0.484000 0.992332
-0.480000 0.992374
-0.476000 0.992417
-0.472000 0.992460
-0.468000 0.992504
-0.464000 0.992548
-0.460000 0.992592
-0.456000 0.992636
-0.452000 0.992681
-0.448000 0.992726
-0.444000 0.992770
-0.440000 0.992815
-0.436000 0.992860
-0.432000 0.992905
-0.428000 0.992950
-0.424000 0.992995
-0.420000 0.993039
-0.416000 0.993084
-0.412000 0.993128
-0.408000 0.993172
-0.404000 0.993216
-0.400000 0.993260
-0.396000 0.993303
-0.392000 0.993346
-0.388000 0.993388
-0.384000 0.993430
-0.380000 0.993472
-0.376000 0.993513
-0.372000 0.993553
-0.368000 0.993594
-0.364000 0.993633
-0.360000 0.993672
-0.356000 0.993710
-0.352000 0.993748
-0.348000 0.993785
-0.344000 0.993822
-0.340000 0.993857
-0.336000 0.993893
-0.332000 0.993927
-0.328000 0.993961
-0.324000 0.993994
-0.320000 0.994026
-0.316000 0.994057
-0.312000 0.994088
-0.308000 0.994118
-0.304000 0.994148
-0.300000 0.994176
-0.296000 0.994204
-0.292000 0.994231
-0.288000 0.994257
-0.284000 0.994283
-0.280000 0.994308
-0.276000 0.994332
-0.272000 0.994356
-0.268000 0.994378
-0.264000 0.994400
-0.260000 0.994422
-0.256000 0.994442
-0.252000 0.994462
-0.248000 0.994481
-0.244000 0.994500
-0.240000 0.994518
-0.236000 0.994535
-0.232000 0.994552
-0.228000 0.994568
-0.224000 0.994583
-0.220000 0.994598
-0.216000 0.994612
-0.212000 0.994626
-0.208000 0.994639
-0.204000 0.994652
-0.200000 0.994664
-0.196000 0.994676
-0.192000 0.994687
-0.188000 0.994697
-0.184000 0.994708
-0.180000 0.994717
-0.176000 0.994727
-0.172000 0.994735
-0.168000 0.994744
-0.164000 0.994752
-0.160000 0.994760
-0.156000 0.994767
-0.152000 0.994774
-0.148000 0.994781
-0.144000 0.994787
-0.140000 0.994793
-0.136000 0.994799
-0.132000 0.994804
-0.128000 0.994809
-0.124000 0.994814
-0.120000 0.994819
-0.116000 0.994823
-0.112000 0.994827
-0.108000 0.994831
-0.104000 0.994835
-0.100000 0.994838
-0.096000 0.994842
-0.092000 0.994845
-0.088000 0.994848
-0.084000 0.994851
-0.080000 0.994853
-0.076000 0.994856
-0.072000 0.994858
-0.068000 0.994860
-0.064000 0.994862
-0.060000 0.994864
-0.056000 0.994866
-0.052000 0.994868
-0.048000 0.994869
-0.044000 0.994871
-0.040000 0.994872
-0.036000 0.994874
-0.032000 0.994875
-0.028000 0.994876
-0.024000 0.994877
-0.020000 0.994878
-0.016000 0.994879
-0.012000 0.994880
-0.008000 0.994881
-0.004000 0.994882
0.000000 0.994883
0.004000 0.994883
0.008000 0.994884
0.012000 0.994884
0.016000 0.994885
0.020000 0.994886
0.024000 0.994886
0.028000 0.994886
0.032000 0.994887
0.036000 0.994887
0.040000 0.994888
0.044000 0.994888
0.048000 0.994888
0.052000 0.994889
0.056000 0.994889
0.060000 0.994889
0.064000 0.994889
0.068000 0.994889
0.072000 0.994890
0.076000 0.994890
0.080000 0.994890
0.084000 0.994890
0.088000 0.994890
0.092000 0.994890
0.096000 0.994891
0.100000 0.994891
0.104000 0.994891
0.108000 0.994891
0.112000 0.994891
0.116000 0.994891
0.120000 0.994891
0.124000 0.994891
0.128000 0.994891
0.132000 0.994891
0.136000 0.994891
0.140000 0.994891
0.144000 0.994891
0.148000 0.994892
0.152000 0.994892
0.156000 0.994892
0.160000 0.994892
0.164000 0.994892
0.168000 0.994892
0.172000 0.994892
0.176000 0.994892
0.180000 0.994892
0.184000 0.994892
0.188000 0.994892
0.192000 0.994892
0.196000 0.994892
0.200000 0.994892
0.204000 0.994892
0.208000 0.994892
0.212000 0.994892
0.216000 0.994892
0.220000 0.994892
0.224000 0.994892
0.228000 0.994892
0.232000 0.994892
0.236000 0.994892
0.240000 0.994892
0.244000 0.994892
0.248000 0.994892
0.252000 0.994892
0.256000 0.994892
0.260000 0.994892
0.264000 0.994892
0.268000 0.994892
0.272000 0.994892
0.276000 0.994892
0.280000 0.994892
0.284000 0.994892
0.288000 0.994892
0.292000 0.994892
0.296000 0.994892
0.300000 0.994892
0.304000 0.994892
0.308000 0.994892
0.312000 0.994892
0.316000 0.994892
0.320000 0.994892
0.324000 0.994892
0.328000 0.994892
0.332000 0.994892
0.336000 0.994892
0.340000 0.994892
0.344000 0.994892
0.348000 0.994892
0.352000 0.994892
0.356000 0.994892
0.360000 0.994892
0.364000 0.994892
0.368000 0.994892
0.372000 0.994892
0.376000 0.994892
0.380000 0.994892
0.384000 0.994892
0.388000 0.994892
0.392000 0.994892
0.396000 0.994892
0.400000 0.994892
0.404000 0.994892
0.408000 0.994892
0.412000 0.994892
0.416000 0.994892
0.420000 0.994892
0.424000 0.994892
0.428000 0.994892
0.432000 0.994892
0.436000 0.994892
0.440000 0.994892
0.444000 0.994892
0.448000 0.994892
0.452000 0.994892
0.456000 0.994892
0.460000 0.994892
0.464000 0.994892
0.468000 0.994892
0.472000 0.994892
0.476000 0.994892
0.480000 0.994892
0.484000 0.994892
0.488000 0.994892
0.492000 0.994892
0.496000 0.994892
0.500000 0.994892
0.504000 0.994892
0.508000 0.994892
0.512000 0.994892
0.516000 0.994892
0.520000 0.994892
0.524000 0.994892
0.528000 0.994892
0.532000 0.994892
0.536000 0.994892
0.540000 0.994892
0.544000 0.994892
0.548000 0.994892
0.552000 0.994892
0.556000 0.994892
0.560000 0.994892
0.564000 0.994892
0.568000 0.994892
0.572000 0.994892
0.576000 0.994892
0.580000 0.994892
0.584000 0.994892
0.588000 0.994892
0.592000 0.994892
0.596000 0.994892
0.600000 0.994892
0.604000 0.994892
0.608000 0.994892
0.612000 0.994892
0.616000 0.994892
0.620000 0.994892
0.624000 0.994892
0.628000 0.994892
0.632000 0.994892
0.636000 0.994892
0.640000 0.994892
0.644000 0.994892
0.648000 0.994892
0.652000 0.994892
0.656000 0.994892
0.660000 0.994892
0.664000 0.994892
0.668000 0.994892
0.672000 0.994892
0.676000 0.994892
0.680000 0.994892
0.684000 0.994892
0.688000 0.994892
0.692000 0.994892
0.696000 0.994892
0.700000 0.994892
0.704000 0.994892
0.708000 0.994892
0.712000 0.994892
0.716000 0.994892
0.720000 0.994892
0.724000 0.994892
0.728000 0.994892
0.732000 0.994892
0.736000 0.994892
0.740000 0.994892
0.744000 0.994892
0.748000 0.994892
0.752000 0.994892
0.756000 0.994892
0.760000 0.994892
0.764000 0.994892
0.768000 0.994892
0.772000 0.994892
0.776000 0.994892
0.780000 0.994892
0.784000 0.994892
0.788000 0.994892
0.792000 0.994892
0.796000 0.994892
0.800000 0.994892
0.804000 0.994892
0.808000 0.994892
0.812000 0.994892
0.816000 0.994892
0.820000 0.994892
0.824000 0.994892
0.828000 0.994892
0.832000 0.994892
0.836000 0.994892
0.840000 0.994892
0.844000 0.994892
0.848000 0.994892
0.852000 0.994892
0.856000 0.994892
0.860000 0.994892
0.864000 0.994892
0.868000 0.994892
0.872000 0.994892
0.876000 0.994892
0.880000 0.994892
0.884000 0.994892
0.888000 0.994892
0.892000 0.994892
0.896000 0.994892
0.900000 0.994892
0.904000 0.994892
0.908000 0.994892
0.912000 0.994892
0.916000 0.994892
0.920000 0.994892
0.924000 0.994892
0.928000 0.994892
0.932000 0.994892
0.936000 0.994892
0.940000 0.994892
0.944000 0.994892
0.948000 0.994892
0.952000 0.994892
0.956000 0.994892
0.960000 0.994892
0.964000 0.994892
0.968000 0.994892
0.972000 0.994892
0.976000 0.994892
0.980000 0.994892
0.984000 0.994892
0.988000 0.994892
0.992000 0.994892
0.996000 0.994892
1.000000 0.994892
