-1.000000 0.997928
-0.996000 0.997928
-0.992000 0.997928
-0.988000 0.997928
-0.984000 0.997928
-0.980000 0.997928
-0.976000 0.997928
-0.972000 0.997928
-0.968000 0.997928
-0.964000 0.997928
-0.960000 0.997928
-0.956000 0.997928
-0.952000 0.997928
-0.948000 0.997928
-0.944000 0.997928
-0.940000 0.997928
-0.936000 0.997928
-0.932000 0.997928
-0.928000 0.997928
-0.924000 0.997928
-0.920000 0.997928
-0.916000 0.997928
-0.912000 0.997928
-0.908000 0.997928
-0.904000 0.997928
-0.900000 0.997928
-0.896000 0.997928
-0.892000 0.997928
-0.888000 0.997928
-0.884000 0.997928
-0.880000 0.997928
-0.876000 0.997928
-0.872000 0.997928
-0.868000 0.997928
-0.864000 0.997928
-0.860000 0.997928
-0.856000 0.997928
-0.852000 0.997928
-0.848000 0.997928
-0.844000 0.997928
-0.840000 0.997928
-0.836000 0.997928
-0.832000 0.997928
-0.828000 0.997928
-0.824000 0.997928
-0.820000 0.997928
-0.816000 0.997928
-0.812000 0.997927
-0.808000 0.997927
-0.804000 0.997927
-0.800000 0.997927
-0.796000 0.997927
-0.792000 0.997927
-0.788000 0.997927
-0.784000 0.997927
-0.780000 0.997926
-0.776000 0.997926
-0.772000 0.997926
-0.768000 0.997926
-0.764000 0.997925
-0.760000 0.997925
-0.756000 0.997925
-0.752000 0.997924
-0.748000 0.997924
-0.744000 0.997923
-0.740000 0.997923
-0.736000 0.997922
-0.732000 0.997922
-0.728000 0.997921
-0.724000 0.997920
-0.720000 0.997919
-0.716000 0.997918
-0.712000 0.997917
-0.708000 0.997916
-0.704000 0.997915
-0.700000 0.997913
-0.696000 0.997912
-0.692000 0.997910
-0.688000 0.997908
-0.684000 0.997906
-0.680000 0.997904
-0.676000 0.997902
-0.672000 0.997899
-0.668000 0.997896
-0.664000 0.997893
-0.660000 0.997890
-0.656000 0.997887
-0.652000 0.997883
-0.648000 0.997879
-0.644000 0.997875
-0.640000 0.997870
-0.636000 0.997865
-0.632000 0.997859
-0.628000 0.997853
-0.624000 0.997847
-0.620000 0.997841
-0.616000 0.997833
-0.612000 0.997826
-0.608000 0.997818
-0.604000 0.997809
-0.600000 0.997800
-0.596000 0.997790
-0.592000 0.997780
-0.588000 0.997769
-0.584000 0.997757
-0.580000 0.997744
-0.576000 0.997731
-0.572000 0.997718
-0.568000 0.997703
-0.564000 0.997687
-0.560000 0.997671
-0.556000 0.997654
-0.552000 0.997636
-0.548000 0.997617
-0.544000 0.997597
-0.540000 0.997577
-0.536000 0.997555
-0.532000 0.997532
-0.528000 0.997508
-0.524000 0.997483
-0.520000 0.997457
-0.516000 0.997430
-0.512000 0.997402
-0.508000 0.997373
-0.504000 0.997342
-0.500000 0.997311
-0.496000 0.997278
-0.492000 0.997244
-0.488000 0.997208
-0.484000 0.997172
-0.480000 0.997134
-0.476000 0.997095
-0.472000 0.997054
-0.468000 0.997013
-0.464000 0.996970
-0.460000 0.996926
-0.456000 0.996880
-0.452000 0.996834
-0.448000 0.996786
-0.444000 0.996736
-0.440000 0.996686
-0.436000 0.996634
-0.432000 0.996581
-0.428000 0.996527
-0.424000 0.996472
-0.420000 0.996415
-0.416000 0.996358
-0.412000 0.996299
-0.408000 0.996239
-0.404000 0.996178
-0.400000 0.996117
-0.396000 0.996054
-0.392000 0.995990
-0.388000 0.995925
-0.384000 0.995859
-0.380000 0.995793
-0.376000 0.995726
-0.372000 0.995658
-0.368000 0.995589
-0.364000 0.995519
-0.360000 0.995449
-0.356000 0.995379
-0.352000 0.995308
-0.348000 0.995236
-0.344000 0.995164
-0.340000 0.995092
-0.336000 0.995019
-0.332000 0.994946
-0.328000 0.994873
-0.324000 0.994800
-0.320000 0.994726
-0.316000 0.994653
-0.312000 0.994579
-0.308000 0.994506
-0.304000 0.994432
-0.300000 0.994359
-0.296000 0.994286
-0.292000 0.994214
-0.288000 0.994141
-0.284000 0.994069
-0.280000 0.993998
-0.276000 0.993926
-0.272000 0.993856
-0.268000 0.993786
-0.264000 0.993716
-0.260000 0.993647
-0.256000 0.993579
-0.252000 0.993511
-0.248000 0.993445
-0.244000 0.993379
-0.240000 0.993314
-0.236000 0.993249
-0.232000 0.993186
-0.228000 0.993123
-0.224000 0.993062
-0.220000 0.993001
-0.216000 0.992941
-0.212000 0.992883
-0.208000 0.992825
-0.204000 0.992768
-0.200000 0.992713
-0.196000 0.992658
-0.192000 0.992605
-0.188000 0.992552
-0.184000 0.992501
-0.180000 0.992451
-0.176000 0.992402
-0.172000 0.992354
-0.168000 0.992307
-0.164000 0.992262
-0.160000 0.992217
-0.156000 0.992174
-0.152000 0.992132
-0.148000 0.992090
-0.144000 0.992050
-0.140000 0.992011
-0.136000 0.991974
-0.132000 0.991937
-0.128000 0.991901
-0.124000 0.991866
-0.120000 0.991833
-0.116000 0.991800
-0.112000 0.991769
-0.108000 0.991738
-0.104000 0.991708
-0.100000 0.991680
-0.096000 0.991652
-0.092000 0.991625
-0.088000 0.991600
-0.084000 0.991575
-0.080000 0.991551
-0.076000 0.991528
-0.072000 0.991505
-0.068000 0.991484
-0.064000 0.991463
-0.060000 0.991443
-0.056000 0.991424
-0.052000 0.991406
-0.048000 0.991388
-0.044000 0.991371
-0.040000 0.991355
-0.036000 0.991339
-0.032000 0.991324
-0.028000 0.991310
-0.024000 0.991296
-0.020000 0.991283
-0.016000 0.991271
-0.012000 0.991259
-0.008000 0.991247
-0.004000 0.991236
0.000000 0.991226
0.004000 0.991216
0.008000 0.991206
0.012000 0.991197
0.016000 0.991188
0.020000 0.991180
0.024000 0.991172
0.028000 0.991165
0.032000 0.991158
0.036000 0.991151
0.040000 0.991145
0.044000 0.991138
0.048000 0.991133
0.052000 0.991127
0.056000 0.991122
0.060000 0.991117
0.064000 0.991112
0.068000 0.991108
0.072000 0.991104
0.076000 0.991100
0.080000 0.991096
0.084000 0.991092
0.088000 0.991089
0.092000 0.991086
0.096000 0.991083
0.100000 0.991080
0.104000 0.991077
0.108000 0.991075
0.112000 0.991072
0.116000 0.991070
0.120000 0.991068
0.124000 0.991066
0.128000 0.991064
0.132000 0.991062
0.136000 0.991061
0.140000 0.991059
0.144000 0.991058
0.148000 0.991056
0.152000 0.991055
0.156000 0.991054
0.160000 0.991053
0.164000 0.991052
0.168000 0.991051
0.172000 0.991050
0.176000 0.991049
0.180000 0.991048
0.184000 0.991047
0.188000 0.991047
0.192000 0.991046
0.196000 0.991045
0.200000 0.991045
0.204000 0.991044
0.208000 0.991044
0.212000 0.991043
0.216000 0.991043
0.220000 0.991042
0.224000 0.991042
0.228000 0.991042
0.232000 0.991041
0.236000 0.991041
0.240000 0.991041
0.244000 0.991040
0.248000 0.991040
0.252000 0.991040
0.256000 0.991040
0.260000 0.991039
0.264000 0.991039
0.268000 0.991039
0.272000 0.991039
0.276000 0.991039
0.280000 0.991039
0.284000 0.991039
0.288000 0.991038
0.292000 0.991038
0.296000 0.991038
0.300000 0.991038
0.304000 0.991038
0.308000 0.991038
0.312000 0.991038
0.316000 0.991038
0.320000 0.991038
0.324000 0.991038
0.328000 0.991038
0.332000 0.991038
0.336000 0.991038
0.340000 0.991037
0.344000 0.991037
0.348000 0.991037
0.352000 0.991037
0.356000 0.991037
0.360000 0.991037
0.364000 0.991037
0.368000 0.991037
0.372000 0.991037
0.376000 0.991037
0.380000 0.991037
0.384000 0.991037
0.388000 0.991037
0.392000 0.991037
0.396000 0.991037
0.400000 0.991037
0.404000 0.991037
0.408000 0.991037
0.412000 0.991037
0.416000 0.991037
0.420000 0.991037
0.424000 0.991037
0.428000 0.991037
0.432000 0.991037
0.436000 0.991037
0.440000 0.991037
0.444000 0.991037
0.448000 0.991037
0.452000 0.991037
0.456000 0.991037
0.460000 0.991037
0.464000 0.991037
0.468000 0.991037
0.472000 0.991037
0.476000 0.991037
0.480000 0.991037
0.484000 0.991037
0.488000 0.991037
0.492000 0.991037
0.496000 0.991037
0.500000 0.991037
0.504000 0.991037
0.508000 0.991037
0.512000 0.991037
0.516000 0.991037
0.520000 0.991037
0.524000 0.991037
0.528000 0.991037
0.532000 0.991037
0.536000 0.991037
0.540000 0.991037
0.544000 0.991037
0.548000 0.991037
0.552000 0.991037
0.556000 0.991037
0.560000 0.991037
0.564000 0.991037
0.568000 0.991037
0.572000 0.991037
0.576000 0.991037
0.580000 0.991037
0.584000 0.991037
0.588000 0.991037
0.592000 0.991037
0.596000 0.991037
0.600000 0.991037
0.604000 0.991037
0.608000 0.991037
0.612000 0.991037
0.616000 0.991037
0.620000 0.991037
0.624000 0.991037
0.628000 0.991037
0.632000 0.991037
0.636000 0.991037
0.640000 0.991037
0.644000 0.991037
0.648000 0.991037
0.652000 0.991037
0.656000 0.991037
0.660000 0.991037
0.664000 0.991037
0.668000 0.991037
0.672000 0.991037
0.676000 0.991037
0.680000 0.991037
0.684000 0.991037
0.688000 0.991037
0.692000 0.991037
0.696000 0.991037
0.700000 0.991037
0.704000 0.991037
0.708000 0.991037
0.712000 0.991037
0.716000 0.991037
0.720000 0.991037
0.724000 0.991037
0.728000 0.991037
0.732000 0.991037
0.736000 0.991037
0.740000 0.991037
0.744000 0.991037
0.748000 0.991037
0.752000 0.991037
0.756000 0.991037
0.760000 0.991037
0.764000 0.991037
0.768000 0.991037
0.772000 0.991037
0.776000 0.991037
0.780000 0.991037
0.784000 0.991037
0.788000 0.991037
0.792000 0.991037
0.796000 0.991037
0.800000 0.991037
0.804000 0.991037
0.808000 0.991037
0.812000 0.991037
0.816000 0.991037
0.820000 0.991037
0.824000 0.991037
0.828000 0.991037
0.832000 0.991037
0.836000 0.991037
0.840000 0.991037
0.844000 0.991037
0.848000 0.991037
0.852000 0.991037
0.856000 0.991037
0.860000 0.991037
0.864000 0.991037
0.868000 0.991037
0.872000 0.991037
0.876000 0.991037
0.880000 0.991037
0.884000 0.991037
0.888000 0.991037
0.892000 0.991037
0.896000 0.991037
0.900000 0.991037
0.904000 0.991037
0.908000 0.991037
0.912000 0.991037
0.916000 0.991037
0.920000 0.991037
0.924000 0.991037
0.928000 0.991037
0.932000 0.991037
0.936000 0.991037
0.940000 0.991037
0.944000 0.991037
0.948000 0.991037
0.952000 0.991037
0.956000 0.991037
0.960000 0.991037
0.964000 0.991037
0.968000 0.991037
0.972000 0.991037
0.976000 0.991037
0.980000 0.991037
0.984000 0.991037
0.988000 0.991037
0.992000 0.991037
0.996000 0.991037
1.000000 0.991037
