-1.000000 0.991037
-0.996000 0.991037
-0.992000 0.991037
-0.988000 0.991037
-0.984000 0.991037
-0.980000 0.991037
-0.976000 0.991037
-0.972000 0.991037
-0.968000 0.991037
-0.964000 0.991037
-0.960000 0.991037
-0.956000 0.991037
-0.952000 0.991037
-0.948000 0.991037
-0.944000 0.991037
-0.940000 0.991037
-0.936000 0.991037
-0.932000 0.991037
-0.928000 0.991037
-0.924000 0.991037
-0.920000 0.991037
-0.916000 0.991037
-0.912000 0.991037
-0.908000 0.991037
-0.904000 0.991037
-0.900000 0.991037
-0.896000 0.991037
-0.892000 0.991037
-0.888000 0.991037
-0.884000 0.991037
-0.880000 0.991037
-0.876000 0.991037
-0.872000 0.991037
-0.868000 0.991037
-0.864000 0.991037
-0.860000 0.991037
-0.856000 0.991037
-0.852000 0.991037
-0.848000 0.991037
-0.844000 0.991037
-0.840000 0.991037
-0.836000 0.991037
-0.832000 0.991038
-0.828000 0.991038
-0.824000 0.991038
-0.820000 0.991038
-0.816000 0.991038
-0.812000 0.991038
-0.808000 0.991038
-0.804000 0.991038
-0.800000 0.991039
-0.796000 0.991039
-0.792000 0.991039
-0.788000 0.991039
-0.784000 0.991040
-0.780000 0.991040
-0.776000 0.991040
-0.772000 0.991041
-0.768000 0.991041
-0.764000 0.991042
-0.760000 0.991042
-0.756000 0.991043
-0.752000 0.991043
-0.748000 0.991044
-0.744000 0.991045
-0.740000 0.991046
-0.736000 0.991047
-0.732000 0.991048
-0.728000 0.991049
-0.724000 0.991050
-0.720000 0.991052
-0.716000 0.991053
-0.712000 0.991055
-0.708000 0.991057
-0.704000 0.991059
-0.700000 0.991061
-0.696000 0.991063
-0.692000 0.991065
-0.688000 0.991068
-0.684000 0.991071
-0.680000 0.991074
-0.676000 0.991077
-0.672000 0.991081
-0.668000 0.991085
-0.664000 0.991089
-0.660000 0.991093
-0.656000 0.991098
-0.652000 0.991103
-0.648000 0.991109
-0.644000 0.991114
-0.640000 0.991121
-0.636000 0.991127
-0.632000 0.991134
-0.628000 0.991142
-0.624000 0.991149
-0.620000 0.991158
-0.616000 0.991166
-0.612000 0.991176
-0.608000 0.991185
-0.604000 0.991196
-0.600000 0.991207
-0.596000 0.991218
-0.592000 0.991230
-0.588000 0.991243
-0.584000 0.991256
-0.580000 0.991270
-0.576000 0.991284
-0.572000 0.991300
-0.568000 0.991315
-0.564000 0.991332
-0.560000 0.991349
-0.556000 0.991367
-0.552000 0.991386
-0.548000 0.991405
-0.544000 0.991425
-0.540000 0.991446
-0.536000 0.991468
-0.532000 0.991490
-0.528000 0.991514
-0.524000 0.991537
-0.520000 0.991562
-0.516000 0.991588
-0.512000 0.991614
-0.508000 0.991641
-0.504000 0.991669
-0.500000 0.991697
-0.496000 0.991727
-0.492000 0.991757
-0.488000 0.991787
-0.484000 0.991819
-0.480000 0.991851
-0.476000 0.991884
-0.472000 0.991918
-0.468000 0.991952
-0.464000 0.991987
-0.460000 0.992022
-0.456000 0.992058
-0.452000 0.992095
-0.448000 0.992133
-0.444000 0.992170
-0.440000 0.992209
-0.436000 0.992248
-0.432000 0.992287
-0.428000 0.992327
-0.424000 0.992367
-0.420000 0.992407
-0.416000 0.992448
-0.412000 0.992490
-0.408000 0.992531
-0.404000 0.992573
-0.400000 0.992615
-0.396000 0.992657
-0.392000 0.992699
-0.388000 0.992742
-0.384000 0.992784
-0.380000 0.992827
-0.376000 0.992870
-0.372000 0.992912
-0.368000 0.992955
-0.364000 0.992997
-0.360000 0.993040
-0.356000 0.993082
-0.352000 0.993124
-0.348000 0.993166
-0.344000 0.993208
-0.340000 0.993249
-0.336000 0.993290
-0.332000 0.993331
-0.328000 0.993372
-0.324000 0.993412
-0.320000 0.993452
-0.316000 0.993491
-0.312000 0.993530
-0.308000 0.993568
-0.304000 0.993606
-0.300000 0.993644
-0.296000 0.993681
-0.292000 0.993717
-0.288000 0.993753
-0.284000 0.993788
-0.280000 0.993823
-0.276000 0.993857
-0.272000 0.993890
-0.268000 0.993923
-0.264000 0.993955
-0.260000 0.993987
-0.256000 0.994018
-0.252000 0.994048
-0.248000 0.994077
-0.244000 0.994106
-0.240000 0.994135
-0.236000 0.994162
-0.232000 0.994189
-0.228000 0.994215
-0.224000 0.994241
-0.220000 0.994266
-0.216000 0.994290
-0.212000 0.994313
-0.208000 0.994336
-0.204000 0.994359
-0.200000 0.994380
-0.196000 0.994401
-0.192000 0.994421
-0.188000 0.994441
-0.184000 0.994460
-0.180000 0.994479
-0.176000 0.994496
-0.172000 0.994514
-0.168000 0.994530
-0.164000 0.994546
-0.160000 0.994562
-0.156000 0.994577
-0.152000 0.994591
-0.148000 0.994605
-0.144000 0.994619
-0.140000 0.994631
-0.136000 0.994644
-0.132000 0.994656
-0.128000 0.994667
-0.124000 0.994678
-0.120000 0.994689
-0.116000 0.994699
-0.112000 0.994708
-0.108000 0.994718
-0.104000 0.994727
-0.100000 0.994735
-0.096000 0.994743
-0.092000 0.994751
-0.088000 0.994758
-0.084000 0.994765
-0.080000 0.994772
-0.076000 0.994779
-0.072000 0.994785
-0.068000 0.994791
-0.064000 0.994796
-0.060000 0.994802
-0.056000 0.994807
-0.052000 0.994811
-0.048000 0.994816
-0.044000 0.994820
-0.040000 0.994824
-0.036000 0.994828
-0.032000 0.994832
-0.028000 0.994836
-0.024000 0.994839
-0.020000 0.994842
-0.016000 0.994845
-0.012000 0.994848
-0.008000 0.994851
-0.004000 0.994853
0.000000 0.994856
0.004000 0.994858
0.008000 0.994860
0.012000 0.994862
0.016000 0.994864
0.020000 0.994866
0.024000 0.994867
0.028000 0.994869
0.032000 0.994870
0.036000 0.994872
0.040000 0.994873
0.044000 0.994874
0.048000 0.994875
0.052000 0.994877
0.056000 0.994878
0.060000 0.994879
0.064000 0.994879
0.068000 0.994880
0.072000 0.994881
0.076000 0.994882
0.080000 0.994883
0.084000 0.994883
0.088000 0.994884
0.092000 0.994884
0.096000 0.994885
0.100000 0.994885
0.104000 0.994886
0.108000 0.994886
0.112000 0.994887
0.116000 0.994887
0.120000 0.994887
0.124000 0.994888
0.128000 0.994888
0.132000 0.994888
0.136000 0.994889
0.140000 0.994889
0.144000 0.994889
0.148000 0.994889
0.152000 0.994890
0.156000 0.994890
0.160000 0.994890
0.164000 0.994890
0.168000 0.994890
0.172000 0.994890
0.176000 0.994890
0.180000 0.994891
0.184000 0.994891
0.188000 0.994891
0.192000 0.994891
0.196000 0.994891
0.200000 0.994891
0.204000 0.994891
0.208000 0.994891
0.212000 0.994891
0.216000 0.994891
0.220000 0.994891
0.224000 0.994891
0.228000 0.994891
0.232000 0.994892
0.236000 0.994892
0.240000 0.994892
0.244000 0.994892
0.248000 0.994892
0.252000 0.994892
0.256000 0.994892
0.260000 0.994892
0.264000 0.994892
0.268000 0.994892
0.272000 0.994892
0.276000 0.994892
0.280000 0.994892
0.284000 0.994892
0.288000 0.994892
0.292000 0.994892
0.296000 0.994892
0.300000 0.994892
0.304000 0.994892
0.308000 0.994892
0.312000 0.994892
0.316000 0.994892
0.320000 0.994892
0.324000 0.994892
0.328000 0.994892
0.332000 0.994892
0.336000 0.994892
0.340000 0.994892
0.344000 0.994892
0.348000 0.994892
0.352000 0.994892
0.356000 0.994892
0.360000 0.994892
0.364000 0.994892
0.368000 0.994892
0.372000 0.994892
0.376000 0.994892
0.380000 0.994892
0.384000 0.994892
0.388000 0.994892
0.392000 0.994892
0.396000 0.994892
0.400000 0.994892
0.404000 0.994892
0.408000 0.994892
0.412000 0.994892
0.416000 0.994892
0.420000 0.994892
0.424000 0.994892
0.428000 0.994892
0.432000 0.994892
0.436000 0.994892
0.440000 0.994892
0.444000 0.994892
0.448000 0.994892
0.452000 0.994892
0.456000 0.994892
0.460000 0.994892
0.464000 0.994892
0.468000 0.994892
0.472000 0.994892
0.476000 0.994892
0.480000 0.994892
0.484000 0.994892
0.488000 0.994892
0.492000 0.994892
0.496000 0.994892
0.500000 0.994892
0.504000 0.994892
0.508000 0.994892
0.512000 0.994892
0.516000 0.994892
0.520000 0.994892
0.524000 0.994892
0.528000 0.994892
0.532000 0.994892
0.536000 0.994892
0.540000 0.994892
0.544000 0.994892
0.548000 0.994892
0.552000 0.994892
0.556000 0.994892
0.560000 0.994892
0.564000 0.994892
0.568000 0.994892
0.572000 0.994892
0.576000 0.994892
0.580000 0.994892
0.584000 0.994892
0.588000 0.994892
0.592000 0.994892
0.596000 0.994892
0.600000 0.994892
0.604000 0.994892
0.608000 0.994892
0.612000 0.994892
0.616000 0.994892
0.620000 0.994892
0.624000 0.994892
0.628000 0.994892
0.632000 0.994892
0.636000 0.994892
0.640000 0.994892
0.644000 0.994892
0.648000 0.994892
0.652000 0.994892
0.656000 0.994892
0.660000 0.994892
0.664000 0.994892
0.668000 0.994892
0.672000 0.994892
0.676000 0.994892
0.680000 0.994892
0.684000 0.994892
0.688000 0.994892
0.692000 0.994892
0.696000 0.994892
0.700000 0.994892
0.704000 0.994892
0.708000 0.994892
0.712000 0.994892
0.716000 0.994892
0.720000 0.994892
0.724000 0.994892
0.728000 0.994892
0.732000 0.994892
0.736000 0.994892
0.740000 0.994892
0.744000 0.994892
0.748000 0.994892
0.752000 0.994892
0.756000 0.994892
0.760000 0.994892
0.764000 0.994892
0.768000 0.994892
0.772000 0.994892
0.776000 0.994892
0.780000 0.994892
0.784000 0.994892
0.788000 0.994892
0.792000 0.994892
0.796000 0.994892
0.800000 0.994892
0.804000 0.994892
0.808000 0.994892
0.812000 0.994892
0.816000 0.994892
0.820000 0.994892
0.824000 0.994892
0.828000 0.994892
0.832000 0.994892
0.836000 0.994892
0.840000 0.994892
0.844000 0.994892
0.848000 0.994892
0.852000 0.994892
0.856000 0.994892
0.860000 0.994892
0.864000 0.994892
0.868000 0.994892
0.872000 0.994892
0.876000 0.994892
0.880000 0.994892
0.884000 0.994892
0.888000 0.994892
0.892000 0.994892
0.896000 0.994892
0.900000 0.994892
0.904000 0.994892
0.908000 0.994892
0.912000 0.994892
0.916000 0.994892
0.920000 0.994892
0.924000 0.994892
0.928000 0.994892
0.932000 0.994892
0.936000 0.994892
0.940000 0.994892
0.944000 0.994892
0.948000 0.994892
0.952000 0.994892
0.956000 0.994892
0.960000 0.994892
0.964000 0.994892
0.968000 0.994892
0.972000 0.994892
0.976000 0.994892
0.980000 0.994892
0.984000 0.994892
0.988000 0.994892
0.992000 0.994892
0.996000 0.994892
1.000000 0.994892
