-1.000000 0.997928
-0.996000 0.997928
-0.992000 0.997928
-0.988000 0.997928
-0.984000 0.997928
-0.980000 0.997928
-0.976000 0.997928
-0.972000 0.997928
-0.968000 0.997928
-0.964000 0.997928
-0.960000 0.997928
-0.956000 0.997928
-0.952000 0.997928
-0.948000 0.997928
-0.944000 0.997928
-0.940000 0.997928
-0.936000 0.997928
-0.932000 0.997928
-0.928000 0.997928
-0.924000 0.997928
-0.920000 0.997928
-0.916000 0.997928
-0.912000 0.997928
-0.908000 0.997928
-0.904000 0.997928
-0.900000 0.997928
-0.896000 0.997928
-0.892000 0.997928
-0.888000 0.997928
-0.884000 0.997928
-0.880000 0.997928
-0.876000 0.997928
-0.872000 0.997928
-0.868000 0.997928
-0.864000 0.997928
-0.860000 0.997928
-0.856000 0.997928
-0.852000 0.997928
-0.848000 0.997928
-0.844000 0.997928
-0.840000 0.997928
-0.836000 0.997928
-0.832000 0.997928
-0.828000 0.997928
-0.824000 0.997928
-0.820000 0.997928
-0.816000 0.997928
-0.812000 0.997928
-0.808000 0.997928
-0.804000 0.997928
-0.800000 0.997928
-0.796000 0.997928
-0.792000 0.997928
-0.788000 0.997928
-0.784000 0.997928
-0.780000 0.997928
-0.776000 0.997928
-0.772000 0.997928
-0.768000 0.997928
-0.764000 0.997928
-0.760000 0.997928
-0.756000 0.997928
-0.752000 0.997928
-0.748000 0.997928
-0.744000 0.997928
-0.740000 0.997928
-0.736000 0.997928
-0.732000 0.997928
-0.728000 0.997928
-0.724000 0.997928
-0.720000 0.997928
-0.716000 0.997928
-0.712000 0.997928
-0.708000 0.997928
-0.704000 0.997928
-0.700000 0.997928
-0.696000 0.997928
-0.692000 0.997928
-0.688000 0.997928
-0.684000 0.997928
-0.680000 0.997928
-0.676000 0.997928
-0.672000 0.997928
-0.668000 0.997928
-0.664000 0.997928
-0.660000 0.997928
-0.656000 0.997928
-0.652000 0.997928
-0.648000 0.997928
-0.644000 0.997928
-0.640000 0.997928
-0.636000 0.997928
-0.632000 0.997928
-0.628000 0.997928
-0.624000 0.997928
-0.620000 0.997928
-0.616000 0.997928
-0.612000 0.997928
-0.608000 0.997928
-0.604000 0.997928
-0.600000 0.997928
-0.596000 0.997928
-0.592000 0.997927
-0.588000 0.997927
-0.584000 0.997927
-0.580000 0.997927
-0.576000 0.997927
-0.572000 0.997927
-0.568000 0.997927
-0.564000 0.997927
-0.560000 0.997927
-0.556000 0.997927
-0.552000 0.997927
-0.548000 0.997926
-0.544000 0.997926
-0.540000 0.997926
-0.536000 0.997926
-0.532000 0.997926
-0.528000 0.997925
-0.524000 0.997925
-0.520000 0.997925
-0.516000 0.997925
-0.512000 0.997924
-0.508000 0.997924
-0.504000 0.997924
-0.500000 0.997923
-0.496000 0.997923
-0.492000 0.997922
-0.488000 0.997922
-0.484000 0.997921
-0.480000 0.997921
-0.476000 0.997920
-0.472000 0.997920
-0.468000 0.997919
-0.464000 0.997918
-0.460000 0.997917
-0.456000 0.997916
-0.452000 0.997915
-0.448000 0.997914
-0.444000 0.997913
-0.440000 0.997912
-0.436000 0.997911
-0.432000 0.997909
-0.428000 0.997908
-0.424000 0.997906
-0.420000 0.997905
-0.416000 0.997903
-0.412000 0.997901
-0.408000 0.997899
-0.404000 0.997897
-0.400000 0.997895
-0.396000 0.997892
-0.392000 0.997890
-0.388000 0.997887
-0.384000 0.997884
-0.380000 0.997881
-0.376000 0.997877
-0.372000 0.997874
-0.368000 0.997870
-0.364000 0.997866
-0.360000 0.997862
-0.356000 0.997858
-0.352000 0.997853
-0.348000 0.997848
-0.344000 0.997843
-0.340000 0.997838
-0.336000 0.997832
-0.332000 0.997826
-0.328000 0.997820
-0.324000 0.997813
-0.320000 0.997806
-0.316000 0.997799
-0.312000 0.997791
-0.308000 0.997783
-0.304000 0.997775
-0.300000 0.997766
-0.296000 0.997757
-0.292000 0.997747
-0.288000 0.997737
-0.284000 0.997726
-0.280000 0.997715
-0.276000 0.997704
-0.272000 0.997691
-0.268000 0.997679
-0.264000 0.997666
-0.260000 0.997652
-0.256000 0.997638
-0.252000 0.997623
-0.248000 0.997608
-0.244000 0.997592
-0.240000 0.997575
-0.236000 0.997558
-0.232000 0.997540
-0.228000 0.997522
-0.224000 0.997503
-0.220000 0.997483
-0.216000 0.997462
-0.212000 0.997441
-0.208000 0.997419
-0.204000 0.997397
-0.200000 0.997373
-0.196000 0.997349
-0.192000 0.997324
-0.188000 0.997299
-0.184000 0.997272
-0.180000 0.997245
-0.176000 0.997217
-0.172000 0.997189
-0.168000 0.997159
-0.164000 0.997129
-0.160000 0.997098
-0.156000 0.997066
-0.152000 0.997033
-0.148000 0.996999
-0.144000 0.996965
-0.140000 0.996930
-0.136000 0.996894
-0.132000 0.996857
-0.128000 0.996819
-0.124000 0.996781
-0.120000 0.996741
-0.116000 0.996701
-0.112000 0.996660
-0.108000 0.996619
-0.104000 0.996576
-0.100000 0.996533
-0.096000 0.996489
-0.092000 0.996444
-0.088000 0.996399
-0.084000 0.996352
-0.080000 0.996305
-0.076000 0.996258
-0.072000 0.996209
-0.068000 0.996160
-0.064000 0.996110
-0.060000 0.996060
-0.056000 0.996009
-0.052000 0.995957
-0.048000 0.995905
-0.044000 0.995852
-0.040000 0.995799
-0.036000 0.995745
-0.032000 0.995690
-0.028000 0.995635
-0.024000 0.995580
-0.020000 0.995524
-0.016000 0.995468
-0.012000 0.995411
-0.008000 0.995354
-0.004000 0.995297
0.000000 0.995239
0.004000 0.995181
0.008000 0.995123
0.012000 0.995064
0.016000 0.995006
0.020000 0.994947
0.024000 0.994888
0.028000 0.994829
0.032000 0.994769
0.036000 0.994710
0.040000 0.994651
0.044000 0.994591
0.048000 0.994532
0.052000 0.994472
0.056000 0.994413
0.060000 0.994354
0.064000 0.994295
0.068000 0.994236
0.072000 0.994177
0.076000 0.994119
0.080000 0.994061
0.084000 0.994003
0.088000 0.993945
0.092000 0.993887
0.096000 0.993830
0.100000 0.993774
0.104000 0.993717
0.108000 0.993661
0.112000 0.993606
0.116000 0.993550
0.120000 0.993496
0.124000 0.993442
0.128000 0.993388
0.132000 0.993335
0.136000 0.993282
0.140000 0.993230
0.144000 0.993179
0.148000 0.993128
0.152000 0.993077
0.156000 0.993028
0.160000 0.992979
0.164000 0.992930
0.168000 0.992883
0.172000 0.992835
0.176000 0.992789
0.180000 0.992743
0.184000 0.992698
0.188000 0.992654
0.192000 0.992610
0.196000 0.992567
0.200000 0.992525
0.204000 0.992484
0.208000 0.992443
0.212000 0.992403
0.216000 0.992364
0.220000 0.992325
0.224000 0.992288
0.228000 0.992251
0.232000 0.992214
0.236000 0.992179
0.240000 0.992144
0.244000 0.992110
0.248000 0.992077
0.252000 0.992044
0.256000 0.992012
0.260000 0.991981
0.264000 0.991951
0.268000 0.991921
0.272000 0.991892
0.276000 0.991864
0.280000 0.991836
0.284000 0.991809
0.288000 0.991783
0.292000 0.991757
0.296000 0.991732
0.300000 0.991708
0.304000 0.991685
0.308000 0.991662
0.312000 0.991639
0.316000 0.991618
0.320000 0.991597
0.324000 0.991576
0.328000 0.991556
0.332000 0.991537
0.336000 0.991518
0.340000 0.991500
0.344000 0.991482
0.348000 0.991465
0.352000 0.991449
0.356000 0.991433
0.360000 0.991417
0.364000 0.991402
0.368000 0.991388
0.372000 0.991374
0.376000 0.991360
0.380000 0.991347
0.384000 0.991335
0.388000 0.991322
0.392000 0.991310
0.396000 0.991299
0.400000 0.991288
0.404000 0.991277
0.408000 0.991267
0.412000 0.991257
0.416000 0.991248
0.420000 0.991239
0.424000 0.991230
0.428000 0.991222
0.432000 0.991213
0.436000 0.991206
0.440000 0.991198
0.444000 0.991191
0.448000 0.991184
0.452000 0.991177
0.456000 0.991171
0.460000 0.991165
0.464000 0.991159
0.468000 0.991153
0.472000 0.991148
0.476000 0.991142
0.480000 0.991137
0.484000 0.991133
0.488000 0.991128
0.492000 0.991124
0.496000 0.991119
0.500000 0.991115
0.504000 0.991112
0.508000 0.991108
0.512000 0.991104
0.516000 0.991101
0.520000 0.991098
0.524000 0.991095
0.528000 0.991092
0.532000 0.991089
0.536000 0.991086
0.540000 0.991084
0.544000 0.991081
0.548000 0.991079
0.552000 0.991077
0.556000 0.991075
0.560000 0.991073
0.564000 0.991071
0.568000 0.991069
0.572000 0.991067
0.576000 0.991066
0.580000 0.991064
0.584000 0.991063
0.588000 0.991061
0.592000 0.991060
0.596000 0.991059
0.600000 0.991058
0.604000 0.991056
0.608000 0.991055
0.612000 0.991054
0.616000 0.991053
0.620000 0.991052
0.624000 0.991052
0.628000 0.991051
0.632000 0.991050
0.636000 0.991049
0.640000 0.991048
0.644000 0.991048
0.648000 0.991047
0.652000 0.991047
0.656000 0.991046
0.660000 0.991045
0.664000 0.991045
0.668000 0.991045
0.672000 0.991044
0.676000 0.991044
0.680000 0.991043
0.684000 0.991043
0.688000 0.991043
0.692000 0.991042
0.696000 0.991042
0.700000 0.991042
0.704000 0.991041
0.708000 0.991041
0.712000 0.991041
0.716000 0.991041
0.720000 0.991040
0.724000 0.991040
0.728000 0.991040
0.732000 0.991040
0.736000 0.991040
0.740000 0.991039
0.744000 0.991039
0.748000 0.991039
0.752000 0.991039
0.756000 0.991039
0.760000 0.991039
0.764000 0.991039
0.768000 0.991038
0.772000 0.991038
0.776000 0.991038
0.780000 0.991038
0.784000 0.991038
0.788000 0.991038
0.792000 0.991038
0.796000 0.991038
0.800000 0.991038
0.804000 0.991038
0.808000 0.991038
0.812000 0.991038
0.816000 0.991038
0.820000 0.991038
0.824000 0.991038
0.828000 0.991038
0.832000 0.991037
0.836000 0.991037
0.840000 0.991037
0.844000 0.991037
0.848000 0.991037
0.852000 0.991037
0.856000 0.991037
0.860000 0.991037
0.864000 0.991037
0.868000 0.991037
0.872000 0.991037
0.876000 0.991037
0.880000 0.991037
0.884000 0.991037
0.888000 0.991037
0.892000 0.991037
0.896000 0.991037
0.900000 0.991037
0.904000 0.991037
0.908000 0.991037
0.912000 0.991037
0.916000 0.991037
0.920000 0.991037
0.924000 0.991037
0.928000 0.991037
0.932000 0.991037
0.936000 0.991037
0.940000 0.991037
0.944000 0.991037
0.948000 0.991037
0.952000 0.991037
0.956000 0.991037
0.960000 0.991037
0.964000 0.991037
0.968000 0.991037
0.972000 0.991037
0.976000 0.991037
0.980000 0.991037
0.984000 0.991037
0.988000 0.991037
0.992000 0.991037
0.996000 0.991037
1.000000 0.991037
