-1.000000 0.997928
-0.996000 0.997928
-0.992000 0.997928
-0.988000 0.997928
-0.984000 0.997928
-0.980000 0.997928
-0.976000 0.997928
-0.972000 0.997928
-0.968000 0.997928
-0.964000 0.997928
-0.960000 0.997928
-0.956000 0.997928
-0.952000 0.997928
-0.948000 0.997928
-0.944000 0.997928
-0.940000 0.997928
-0.936000 0.997928
-0.932000 0.997928
-0.928000 0.997928
-0.924000 0.997928
-0.920000 0.997928
-0.916000 0.997928
-0.912000 0.997928
-0.908000 0.997928
-0.904000 0.997928
-0.900000 0.997928
-0.896000 0.997928
-0.892000 0.997928
-0.888000 0.997928
-0.884000 0.997928
-0.880000 0.997928
-0.876000 0.997928
-0.872000 0.997927
-0.868000 0.997927
-0.864000 0.997927
-0.860000 0.997927
-0.856000 0.997927
-0.852000 0.997927
-0.848000 0.997927
-0.844000 0.997926
-0.840000 0.997926
-0.836000 0.997926
-0.832000 0.997926
-0.828000 0.997925
-0.824000 0.997925
-0.820000 0.997925
-0.816000 0.997924
-0.812000 0.997924
-0.808000 0.997923
-0.804000 0.997922
-0.800000 0.997921
-0.796000 0.997921
-0.792000 0.997920
-0.788000 0.997919
-0.784000 0.997917
-0.780000 0.997916
-0.776000 0.997915
-0.772000 0.997913
-0.768000 0.997911
-0.764000 0.997909
-0.760000 0.997907
-0.756000 0.997905
-0.752000 0.997902
-0.748000 0.997900
-0.744000 0.997897
-0.740000 0.997893
-0.736000 0.997890
-0.732000 0.997886
-0.728000 0.997881
-0.724000 0.997877
-0.720000 0.997872
-0.716000 0.997866
-0.712000 0.997860
-0.708000 0.997854
-0.704000 0.997847
-0.700000 0.997839
-0.696000 0.997831
-0.692000 0.997822
-0.688000 0.997813
-0.684000 0.997803
-0.680000 0.997793
-0.676000 0.997781
-0.672000 0.997769
-0.668000 0.997756
-0.664000 0.997742
-0.660000 0.997727
-0.656000 0.997712
-0.652000 0.997695
-0.648000 0.997678
-0.644000 0.997659
-0.640000 0.997639
-0.636000 0.997619
-0.632000 0.997597
-0.628000 0.997574
-0.624000 0.997549
-0.620000 0.997524
-0.616000 0.997497
-0.612000 0.997469
-0.608000 0.997440
-0.604000 0.997409
-0.600000 0.997377
-0.596000 0.997343
-0.592000 0.997308
-0.588000 0.997272
-0.584000 0.997234
-0.580000 0.997194
-0.576000 0.997154
-0.572000 0.997111
-0.568000 0.997067
-0.564000 0.997022
-0.560000 0.996975
-0.556000 0.996926
-0.552000 0.996876
-0.548000 0.996825
-0.544000 0.996772
-0.540000 0.996717
-0.536000 0.996661
-0.532000 0.996603
-0.528000 0.996544
-0.524000 0.996484
-0.520000 0.996422
-0.516000 0.996359
-0.512000 0.996294
-0.508000 0.996229
-0.504000 0.996162
-0.500000 0.996093
-0.496000 0.996024
-0.492000 0.995953
-0.488000 0.995882
-0.484000 0.995809
-0.480000 0.995736
-0.476000 0.995661
-0.472000 0.995586
-0.468000 0.995510
-0.464000 0.995433
-0.460000 0.995356
-0.456000 0.995277
-0.452000 0.995199
-0.448000 0.995120
-0.444000 0.995040
-0.440000 0.994961
-0.436000 0.994881
-0.432000 0.994800
-0.428000 0.994720
-0.424000 0.994640
-0.420000 0.994560
-0.416000 0.994479
-0.412000 0.994399
-0.408000 0.994320
-0.404000 0.994240
-0.400000 0.994161
-0.396000 0.994082
-0.392000 0.994004
-0.388000 0.993926
-0.384000 0.993849
-0.380000 0.993773
-0.376000 0.993697
-0.372000 0.993622
-0.368000 0.993548
-0.364000 0.993475
-0.360000 0.993403
-0.356000 0.993331
-0.352000 0.993261
-0.348000 0.993192
-0.344000 0.993124
-0.340000 0.993057
-0.336000 0.992991
-0.332000 0.992926
-0.328000 0.992862
-0.324000 0.992800
-0.320000 0.992739
-0.316000 0.992679
-0.312000 0.992621
-0.308000 0.992564
-0.304000 0.992508
-0.300000 0.992453
-0.296000 0.992400
-0.292000 0.992348
-0.288000 0.992297
-0.284000 0.992248
-0.280000 0.992200
-0.276000 0.992154
-0.272000 0.992108
-0.268000 0.992064
-0.264000 0.992022
-0.260000 0.991980
-0.256000 0.991940
-0.252000 0.991901
-0.248000 0.991864
-0.244000 0.991827
-0.240000 0.991792
-0.236000 0.991758
-0.232000 0.991726
-0.228000 0.991694
-0.224000 0.991664
-0.220000 0.991634
-0.216000 0.991606
-0.212000 0.991579
-0.208000 0.991553
-0.204000 0.991528
-0.200000 0.991504
-0.196000 0.991480
-0.192000 0.991458
-0.188000 0.991437
-0.184000 0.991417
-0.180000 0.991397
-0.176000 0.991378
-0.172000 0.991360
-0.168000 0.991343
-0.164000 0.991327
-0.160000 0.991311
-0.156000 0.991297
-0.152000 0.991282
-0.148000 0.991269
-0.144000 0.991256
-0.140000 0.991244
-0.136000 0.991232
-0.132000 0.991221
-0.128000 0.991211
-0.124000 0.991200
-0.120000 0.991191
-0.116000 0.991182
-0.112000 0.991173
-0.108000 0.991165
-0.104000 0.991158
-0.100000 0.991150
-0.096000 0.991143
-0.092000 0.991137
-0.088000 0.991131
-0.084000 0.991125
-0.080000 0.991120
-0.076000 0.991114
-0.072000 0.991109
-0.068000 0.991105
-0.064000 0.991101
-0.060000 0.991096
-0.056000 0.991093
-0.052000 0.991089
-0.048000 0.991086
-0.044000 0.991082
-0.040000 0.991079
-0.036000 0.991076
-0.032000 0.991074
-0.028000 0.991071
-0.024000 0.991069
-0.020000 0.991067
-0.016000 0.991065
-0.012000 0.991063
-0.008000 0.991061
-0.004000 0.991059
0.000000 0.991058
0.004000 0.991056
0.008000 0.991055
0.012000 0.991054
0.016000 0.991052
0.020000 0.991051
0.024000 0.991050
0.028000 0.991049
0.032000 0.991048
0.036000 0.991048
0.040000 0.991047
0.044000 0.991046
0.048000 0.991045
0.052000 0.991045
0.056000 0.991044
0.060000 0.991044
0.064000 0.991043
0.068000 0.991043
0.072000 0.991042
0.076000 0.991042
0.080000 0.991041
0.084000 0.991041
0.088000 0.991041
0.092000 0.991040
0.096000 0.991040
0.100000 0.991040
0.104000 0.991040
0.108000 0.991040
0.112000 0.991039
0.116000 0.991039
0.120000 0.991039
0.124000 0.991039
0.128000 0.991039
0.132000 0.991039
0.136000 0.991038
0.140000 0.991038
0.144000 0.991038
0.148000 0.991038
0.152000 0.991038
0.156000 0.991038
0.160000 0.991038
0.164000 0.991038
0.168000 0.991038
0.172000 0.991038
0.176000 0.991038
0.180000 0.991038
0.184000 0.991037
0.188000 0.991037
0.192000 0.991037
0.196000 0.991037
0.200000 0.991037
0.204000 0.991037
0.208000 0.991037
0.212000 0.991037
0.216000 0.991037
0.220000 0.991037
0.224000 0.991037
0.228000 0.991037
0.232000 0.991037
0.236000 0.991037
0.240000 0.991037
0.244000 0.991037
0.248000 0.991037
0.252000 0.991037
0.256000 0.991037
0.260000 0.991037
0.264000 0.991037
0.268000 0.991037
0.272000 0.991037
0.276000 0.991037
0.280000 0.991037
0.284000 0.991037
0.288000 0.991037
0.292000 0.991037
0.296000 0.991037
0.300000 0.991037
0.304000 0.991037
0.308000 0.991037
0.312000 0.991037
0.316000 0.991037
0.320000 0.991037
0.324000 0.991037
0.328000 0.991037
0.332000 0.991037
0.336000 0.991037
0.340000 0.991037
0.344000 0.991037
0.348000 0.991037
0.352000 0.991037
0.356000 0.991037
0.360000 0.991037
0.364000 0.991037
0.368000 0.991037
0.372000 0.991037
0.376000 0.991037
0.380000 0.991037
0.384000 0.991037
0.388000 0.991037
0.392000 0.991037
0.396000 0.991037
0.400000 0.991037
0.404000 0.991037
0.408000 0.991037
0.412000 0.991037
0.416000 0.991037
0.420000 0.991037
0.424000 0.991037
0.428000 0.991037
0.432000 0.991037
0.436000 0.991037
0.440000 0.991037
0.444000 0.991037
0.448000 0.991037
0.452000 0.991037
0.456000 0.991037
0.460000 0.991037
0.464000 0.991037
0.468000 0.991037
0.472000 0.991037
0.476000 0.991037
0.480000 0.991037
0.484000 0.991037
0.488000 0.991037
0.492000 0.991037
0.496000 0.991037
0.500000 0.991037
0.504000 0.991037
0.508000 0.991037
0.512000 0.991037
0.516000 0.991037
0.520000 0.991037
0.524000 0.991037
0.528000 0.991037
0.532000 0.991037
0.536000 0.991037
0.540000 0.991037
0.544000 0.991037
0.548000 0.991037
0.552000 0.991037
0.556000 0.991037
0.560000 0.991037
0.564000 0.991037
0.568000 0.991037
0.572000 0.991037
0.576000 0.991037
0.580000 0.991037
0.584000 0.991037
0.588000 0.991037
0.592000 0.991037
0.596000 0.991037
0.600000 0.991037
0.604000 0.991037
0.608000 0.991037
0.612000 0.991037
0.616000 0.991037
0.620000 0.991037
0.624000 0.991037
0.628000 0.991037
0.632000 0.991037
0.636000 0.991037
0.640000 0.991037
0.644000 0.991037
0.648000 0.991037
0.652000 0.991037
0.656000 0.991037
0.660000 0.991037
0.664000 0.991037
0.668000 0.991037
0.672000 0.991037
0.676000 0.991037
0.680000 0.991037
0.684000 0.991037
0.688000 0.991037
0.692000 0.991037
0.696000 0.991037
0.700000 0.991037
0.704000 0.991037
0.708000 0.991037
0.712000 0.991037
0.716000 0.991037
0.720000 0.991037
0.724000 0.991037
0.728000 0.991037
0.732000 0.991037
0.736000 0.991037
0.740000 0.991037
0.744000 0.991037
0.748000 0.991037
0.752000 0.991037
0.756000 0.991037
0.760000 0.991037
0.764000 0.991037
0.768000 0.991037
0.772000 0.991037
0.776000 0.991037
0.780000 0.991037
0.784000 0.991037
0.788000 0.991037
0.792000 0.991037
0.796000 0.991037
0.800000 0.991037
0.804000 0.991037
0.808000 0.991037
0.812000 0.991037
0.816000 0.991037
0.820000 0.991037
0.824000 0.991037
0.828000 0.991037
0.832000 0.991037
0.836000 0.991037
0.840000 0.991037
0.844000 0.991037
0.848000 0.991037
0.852000 0.991037
0.856000 0.991037
0.860000 0.991037
0.864000 0.991037
0.868000 0.991037
0.872000 0.991037
0.876000 0.991037
0.880000 0.991037
0.884000 0.991037
0.888000 0.991037
0.892000 0.991037
0.896000 0.991037
0.900000 0.991037
0.904000 0.991037
0.908000 0.991037
0.912000 0.991037
0.916000 0.991037
0.920000 0.991037
0.924000 0.991037
0.928000 0.991037
0.932000 0.991037
0.936000 0.991037
0.940000 0.991037
0.944000 0.991037
0.948000 0.991037
0.952000 0.991037
0.956000 0.991037
0.960000 0.991037
0.964000 0.991037
0.968000 0.991037
0.972000 0.991037
0.976000 0.991037
0.980000 0.991037
0.984000 0.991037
0.988000 0.991037
0.992000 0.991037
0.996000 0.991037
1.000000 0.991037
