-1.000000 0.991037
-0.996000 0.991037
-0.992000 0.991037
-0.988000 0.991037
-0.984000 0.991037
-0.980000 0.991037
-0.976000 0.991037
-0.972000 0.991037
-0.968000 0.991037
-0.964000 0.991037
-0.960000 0.991037
-0.956000 0.991037
-0.952000 0.991037
-0.948000 0.991037
-0.944000 0.991037
-0.940000 0.991037
-0.936000 0.991037
-0.932000 0.991037
-0.928000 0.991037
-0.924000 0.991037
-0.920000 0.991037
-0.916000 0.991037
-0.912000 0.991037
-0.908000 0.991037
-0.904000 0.991037
-0.900000 0.991037
-0.896000 0.991037
-0.892000 0.991037
-0.888000 0.991037
-0.884000 0.991037
-0.880000 0.991037
-0.876000 0.991037
-0.872000 0.991037
-0.868000 0.991037
-0.864000 0.991037
-0.860000 0.991037
-0.856000 0.991037
-0.852000 0.991037
-0.848000 0.991037
-0.844000 0.991037
-0.840000 0.991037
-0.836000 0.991037
-0.832000 0.991037
-0.828000 0.991037
-0.824000 0.991037
-0.820000 0.991037
-0.816000 0.991037
-0.812000 0.991037
-0.808000 0.991037
-0.804000 0.991037
-0.800000 0.991037
-0.796000 0.991037
-0.792000 0.991037
-0.788000 0.991037
-0.784000 0.991037
-0.780000 0.991037
-0.776000 0.991037
-0.772000 0.991037
-0.768000 0.991037
-0.764000 0.991037
-0.760000 0.991037
-0.756000 0.991037
-0.752000 0.991037
-0.748000 0.991037
-0.744000 0.991037
-0.740000 0.991037
-0.736000 0.991037
-0.732000 0.991037
-0.728000 0.991037
-0.724000 0.991037
-0.720000 0.991037
-0.716000 0.991037
-0.712000 0.991037
-0.708000 0.991037
-0.704000 0.991037
-0.700000 0.991037
-0.696000 0.991037
-0.692000 0.991037
-0.688000 0.991037
-0.684000 0.991037
-0.680000 0.991037
-0.676000 0.991037
-0.672000 0.991037
-0.668000 0.991037
-0.664000 0.991037
-0.660000 0.991037
-0.656000 0.991037
-0.652000 0.991037
-0.648000 0.991037
-0.644000 0.991037
-0.640000 0.991037
-0.636000 0.991037
-0.632000 0.991037
-0.628000 0.991037
-0.624000 0.991037
-0.620000 0.991037
-0.616000 0.991037
-0.612000 0.991037
-0.608000 0.991037
-0.604000 0.991037
-0.600000 0.991037
-0.596000 0.991037
-0.592000 0.991037
-0.588000 0.991037
-0.584000 0.991037
-0.580000 0.991037
-0.576000 0.991037
-0.572000 0.991037
-0.568000 0.991037
-0.564000 0.991037
-0.560000 0.991037
-0.556000 0.991038
-0.552000 0.991038
-0.548000 0.991038
-0.544000 0.991038
-0.540000 0.991038
-0.536000 0.991038
-0.532000 0.991038
-0.528000 0.991038
-0.524000 0.991038
-0.520000 0.991038
-0.516000 0.991038
-0.512000 0.991038
-0.508000 0.991039
-0.504000 0.991039
-0.500000 0.991039
-0.496000 0.991039
-0.492000 0.991039
-0.488000 0.991039
-0.484000 0.991040
-0.480000 0.991040
-0.476000 0.991040
-0.472000 0.991040
-0.468000 0.991041
-0.464000 0.991041
-0.460000 0.991041
-0.456000 0.991042
-0.452000 0.991042
-0.448000 0.991042
-0.444000 0.991043
-0.440000 0.991043
-0.436000 0.991044
-0.432000 0.991045
-0.428000 0.991045
-0.424000 0.991046
-0.420000 0.991046
-0.416000 0.991047
-0.412000 0.991048
-0.408000 0.991049
-0.404000 0.991050
-0.400000 0.991051
-0.396000 0.991052
-0.392000 0.991053
-0.388000 0.991054
-0.384000 0.991055
-0.380000 0.991056
-0.376000 0.991058
-0.372000 0.991059
-0.368000 0.991061
-0.364000 0.991062
-0.360000 0.991064
-0.356000 0.991066
-0.352000 0.991068
-0.348000 0.991070
-0.344000 0.991072
-0.340000 0.991075
-0.336000 0.991077
-0.332000 0.991080
-0.328000 0.991082
-0.324000 0.991085
-0.320000 0.991088
-0.316000 0.991091
-0.312000 0.991095
-0.308000 0.991098
-0.304000 0.991102
-0.300000 0.991106
-0.296000 0.991110
-0.292000 0.991114
-0.288000 0.991118
-0.284000 0.991123
-0.280000 0.991128
-0.276000 0.991133
-0.272000 0.991138
-0.268000 0.991144
-0.264000 0.991150
-0.260000 0.991156
-0.256000 0.991162
-0.252000 0.991169
-0.248000 0.991175
-0.244000 0.991183
-0.240000 0.991190
-0.236000 0.991198
-0.232000 0.991206
-0.228000 0.991214
-0.224000 0.991223
-0.220000 0.991232
-0.216000 0.991241
-0.212000 0.991251
-0.208000 0.991261
-0.204000 0.991271
-0.200000 0.991282
-0.196000 0.991293
-0.192000 0.991304
-0.188000 0.991316
-0.184000 0.991328
-0.180000 0.991341
-0.176000 0.991354
-0.172000 0.991367
-0.168000 0.991381
-0.164000 0.991395
-0.160000 0.991410
-0.156000 0.991425
-0.152000 0.991440
-0.148000 0.991456
-0.144000 0.991472
-0.140000 0.991489
-0.136000 0.991506
-0.132000 0.991524
-0.128000 0.991542
-0.124000 0.991560
-0.120000 0.991579
-0.116000 0.991598
-0.112000 0.991618
-0.108000 0.991638
-0.104000 0.991659
-0.100000 0.991680
-0.096000 0.991701
-0.092000 0.991723
-0.088000 0.991745
-0.084000 0.991768
-0.080000 0.991791
-0.076000 0.991815
-0.072000 0.991839
-0.068000 0.991863
-0.064000 0.991888
-0.060000 0.991913
-0.056000 0.991939
-0.052000 0.991964
-0.048000 0.991991
-0.044000 0.992017
-0.040000 0.992044
-0.036000 0.992072
-0.032000 0.992099
-0.028000 0.992127
-0.024000 0.992156
-0.020000 0.992184
-0.016000 0.992213
-0.012000 0.992243
-0.008000 0.992272
-0.004000 0.992302
0.000000 0.992332
0.004000 0.992362
0.008000 0.992393
0.012000 0.992423
0.016000 0.992454
0.020000 0.992485
0.024000 0.992517
0.028000 0.992548
0.032000 0.992580
0.036000 0.992611
0.040000 0.992643
0.044000 0.992675
0.048000 0.992707
0.052000 0.992740
0.056000 0.992772
0.060000 0.992804
0.064000 0.992836
0.068000 0.992869
0.072000 0.992901
0.076000 0.992933
0.080000 0.992966
0.084000 0.992998
0.088000 0.993030
0.092000 0.993062
0.096000 0.993094
0.100000 0.993126
0.104000 0.993158
0.108000 0.993190
0.112000 0.993221
0.116000 0.993253
0.120000 0.993284
0.124000 0.993315
0.128000 0.993346
0.132000 0.993377
0.136000 0.993408
0.140000 0.993438
0.144000 0.993468
0.148000 0.993498
0.152000 0.993528
0.156000 0.993557
0.160000 0.993586
0.164000 0.993615
0.168000 0.993644
0.172000 0.993672
0.176000 0.993700
0.180000 0.993728
0.184000 0.993755
0.188000 0.993782
0.192000 0.993809
0.196000 0.993835
0.200000 0.993861
0.204000 0.993887
0.208000 0.993912
0.212000 0.993937
0.216000 0.993962
0.220000 0.993986
0.224000 0.994010
0.228000 0.994033
0.232000 0.994056
0.236000 0.994079
0.240000 0.994101
0.244000 0.994123
0.248000 0.994144
0.252000 0.994166
0.256000 0.994186
0.260000 0.994207
0.264000 0.994227
0.268000 0.994246
0.272000 0.994265
0.276000 0.994284
0.280000 0.994302
0.284000 0.994320
0.288000 0.994338
0.292000 0.994355
0.296000 0.994372
0.300000 0.994388
0.304000 0.994404
0.308000 0.994420
0.312000 0.994435
0.316000 0.994450
0.320000 0.994465
0.324000 0.994479
0.328000 0.994493
0.332000 0.994507
0.336000 0.994520
0.340000 0.994533
0.344000 0.994545
0.348000 0.994557
0.352000 0.994569
0.356000 0.994580
0.360000 0.994592
0.364000 0.994602
0.368000 0.994613
0.372000 0.994623
0.376000 0.994633
0.380000 0.994643
0.384000 0.994652
0.388000 0.994661
0.392000 0.994670
0.396000 0.994678
0.400000 0.994687
0.404000 0.994695
0.408000 0.994702
0.412000 0.994710
0.416000 0.994717
0.420000 0.994724
0.424000 0.994731
0.428000 0.994737
0.432000 0.994744
0.436000 0.994750
0.440000 0.994756
0.444000 0.994761
0.448000 0.994767
0.452000 0.994772
0.456000 0.994777
0.460000 0.994782
0.464000 0.994787
0.468000 0.994791
0.472000 0.994796
0.476000 0.994800
0.480000 0.994804
0.484000 0.994808
0.488000 0.994812
0.492000 0.994815
0.496000 0.994819
0.500000 0.994822
0.504000 0.994825
0.508000 0.994828
0.512000 0.994831
0.516000 0.994834
0.520000 0.994837
0.524000 0.994839
0.528000 0.994842
0.532000 0.994844
0.536000 0.994846
0.540000 0.994849
0.544000 0.994851
0.548000 0.994853
0.552000 0.994855
0.556000 0.994856
0.560000 0.994858
0.564000 0.994860
0.568000 0.994861
0.572000 0.994863
0.576000 0.994864
0.580000 0.994866
0.584000 0.994867
0.588000 0.994868
0.592000 0.994870
0.596000 0.994871
0.600000 0.994872
0.604000 0.994873
0.608000 0.994874
0.612000 0.994875
0.616000 0.994876
0.620000 0.994877
0.624000 0.994877
0.628000 0.994878
0.632000 0.994879
0.636000 0.994880
0.640000 0.994880
0.644000 0.994881
0.648000 0.994882
0.652000 0.994882
0.656000 0.994883
0.660000 0.994883
0.664000 0.994884
0.668000 0.994884
0.672000 0.994885
0.676000 0.994885
0.680000 0.994885
0.684000 0.994886
0.688000 0.994886
0.692000 0.994886
0.696000 0.994887
0.700000 0.994887
0.704000 0.994887
0.708000 0.994888
0.712000 0.994888
0.716000 0.994888
0.720000 0.994888
0.724000 0.994889
0.728000 0.994889
0.732000 0.994889
0.736000 0.994889
0.740000 0.994889
0.744000 0.994890
0.748000 0.994890
0.752000 0.994890
0.756000 0.994890
0.760000 0.994890
0.764000 0.994890
0.768000 0.994890
0.772000 0.994890
0.776000 0.994890
0.780000 0.994891
0.784000 0.994891
0.788000 0.994891
0.792000 0.994891
0.796000 0.994891
0.800000 0.994891
0.804000 0.994891
0.808000 0.994891
0.812000 0.994891
0.816000 0.994891
0.820000 0.994891
0.824000 0.994891
0.828000 0.994891
0.832000 0.994891
0.836000 0.994891
0.840000 0.994891
0.844000 0.994892
0.848000 0.994892
0.852000 0.994892
0.856000 0.994892
0.860000 0.994892
0.864000 0.994892
0.868000 0.994892
0.872000 0.994892
0.876000 0.994892
0.880000 0.994892
0.884000 0.994892
0.888000 0.994892
0.892000 0.994892
0.896000 0.994892
0.900000 0.994892
0.904000 0.994892
0.908000 0.994892
0.912000 0.994892
0.916000 0.994892
0.920000 0.994892
0.924000 0.994892
0.928000 0.994892
0.932000 0.994892
0.936000 0.994892
0.940000 0.994892
0.944000 0.994892
0.948000 0.994892
0.952000 0.994892
0.956000 0.994892
0.960000 0.994892
0.964000 0.994892
0.968000 0.994892
0.972000 0.994892
0.976000 0.994892
0.980000 0.994892
0.984000 0.994892
0.988000 0.994892
0.992000 0.994892
0.996000 0.994892
1.000000 0.994892
