-1.000000 0.991037
-0.996000 0.991037
-0.992000 0.991037
-0.988000 0.991037
-0.984000 0.991037
-0.980000 0.991037
-0.976000 0.991037
-0.972000 0.991037
-0.968000 0.991037
-0.964000 0.991037
-0.960000 0.991037
-0.956000 0.991037
-0.952000 0.991037
-0.948000 0.991037
-0.944000 0.991037
-0.940000 0.991037
-0.936000 0.991037
-0.932000 0.991037
-0.928000 0.991037
-0.924000 0.991037
-0.920000 0.991037
-0.916000 0.991037
-0.912000 0.991037
-0.908000 0.991037
-0.904000 0.991037
-0.900000 0.991037
-0.896000 0.991037
-0.892000 0.991037
-0.888000 0.991037
-0.884000 0.991037
-0.880000 0.991037
-0.876000 0.991037
-0.872000 0.991037
-0.868000 0.991037
-0.864000 0.991037
-0.860000 0.991037
-0.856000 0.991037
-0.852000 0.991037
-0.848000 0.991037
-0.844000 0.991037
-0.840000 0.991037
-0.836000 0.991037
-0.832000 0.991037
-0.828000 0.991037
-0.824000 0.991037
-0.820000 0.991037
-0.816000 0.991037
-0.812000 0.991037
-0.808000 0.991037
-0.804000 0.991037
-0.800000 0.991037
-0.796000 0.991037
-0.792000 0.991037
-0.788000 0.991037
-0.784000 0.991037
-0.780000 0.991037
-0.776000 0.991037
-0.772000 0.991037
-0.768000 0.991037
-0.764000 0.991037
-0.760000 0.991037
-0.756000 0.991037
-0.752000 0.991037
-0.748000 0.991037
-0.744000 0.991037
-0.740000 0.991037
-0.736000 0.991037
-0.732000 0.991037
-0.728000 0.991037
-0.724000 0.991037
-0.720000 0.991037
-0.716000 0.991037
-0.712000 0.991037
-0.708000 0.991037
-0.704000 0.991037
-0.700000 0.991037
-0.696000 0.991037
-0.692000 0.991037
-0.688000 0.991037
-0.684000 0.991037
-0.680000 0.991037
-0.676000 0.991037
-0.672000 0.991037
-0.668000 0.991037
-0.664000 0.991037
-0.660000 0.991037
-0.656000 0.991037
-0.652000 0.991037
-0.648000 0.991037
-0.644000 0.991037
-0.640000 0.991037
-0.636000 0.991037
-0.632000 0.991037
-0.628000 0.991037
-0.624000 0.991037
-0.620000 0.991037
-0.616000 0.991037
-0.612000 0.991037
-0.608000 0.991037
-0.604000 0.991037
-0.600000 0.991037
-0.596000 0.991037
-0.592000 0.991037
-0.588000 0.991037
-0.584000 0.991037
-0.580000 0.991037
-0.576000 0.991037
-0.572000 0.991037
-0.568000 0.991037
-0.564000 0.991037
-0.560000 0.991037
-0.556000 0.991037
-0.552000 0.991037
-0.548000 0.991037
-0.544000 0.991037
-0.540000 0.991037
-0.536000 0.991037
-0.532000 0.991037
-0.528000 0.991037
-0.524000 0.991037
-0.520000 0.991037
-0.516000 0.991037
-0.512000 0.991037
-0.508000 0.991037
-0.504000 0.991037
-0.500000 0.991037
-0.496000 0.991037
-0.492000 0.991037
-0.488000 0.991037
-0.484000 0.991037
-0.480000 0.991037
-0.476000 0.991037
-0.472000 0.991037
-0.468000 0.991037
-0.464000 0.991037
-0.460000 0.991037
-0.456000 0.991037
-0.452000 0.991037
-0.448000 0.991037
-0.444000 0.991037
-0.440000 0.991037
-0.436000 0.991037
-0.432000 0.991037
-0.428000 0.991037
-0.424000 0.991037
-0.420000 0.991037
-0.416000 0.991037
-0.412000 0.991037
-0.408000 0.991037
-0.404000 0.991037
-0.400000 0.991037
-0.396000 0.991037
-0.392000 0.991037
-0.388000 0.991037
-0.384000 0.991037
-0.380000 0.991037
-0.376000 0.991037
-0.372000 0.991037
-0.368000 0.991037
-0.364000 0.991037
-0.360000 0.991037
-0.356000 0.991037
-0.352000 0.991037
-0.348000 0.991037
-0.344000 0.991037
-0.340000 0.991037
-0.336000 0.991037
-0.332000 0.991037
-0.328000 0.991037
-0.324000 0.991037
-0.320000 0.991037
-0.316000 0.991037
-0.312000 0.991037
-0.308000 0.991037
-0.304000 0.991037
-0.300000 0.991037
-0.296000 0.991037
-0.292000 0.991037
-0.288000 0.991037
-0.284000 0.991037
-0.280000 0.991037
-0.276000 0.991037
-0.272000 0.991037
-0.268000 0.991037
-0.264000 0.991037
-0.260000 0.991037
-0.256000 0.991037
-0.252000 0.991037
-0.248000 0.991037
-0.244000 0.991037
-0.240000 0.991037
-0.236000 0.991037
-0.232000 0.991037
-0.228000 0.991037
-0.224000 0.991037
-0.220000 0.991037
-0.216000 0.991037
-0.212000 0.991037
-0.208000 0.991037
-0.204000 0.991037
-0.200000 0.991037
-0.196000 0.991037
-0.192000 0.991037
-0.188000 0.991037
-0.184000 0.991037
-0.180000 0.991037
-0.176000 0.991037
-0.172000 0.991037
-0.168000 0.991037
-0.164000 0.991037
-0.160000 0.991037
-0.156000 0.991037
-0.152000 0.991037
-0.148000 0.991037
-0.144000 0.991037
-0.140000 0.991037
-0.136000 0.991037
-0.132000 0.991037
-0.128000 0.991037
-0.124000 0.991037
-0.120000 0.991037
-0.116000 0.991037
-0.112000 0.991037
-0.108000 0.991037
-0.104000 0.991037
-0.100000 0.991037
-0.096000 0.991037
-0.092000 0.991037
-0.088000 0.991037
-0.084000 0.991037
-0.080000 0.991037
-0.076000 0.991037
-0.072000 0.991037
-0.068000 0.991037
-0.064000 0.991037
-0.060000 0.991037
-0.056000 0.991037
-0.052000 0.991037
-0.048000 0.991037
-0.044000 0.991037
-0.040000 0.991037
-0.036000 0.991037
-0.032000 0.991037
-0.028000 0.991037
-0.024000 0.991037
-0.020000 0.991037
-0.016000 0.991037
-0.012000 0.991037
-0.008000 0.991038
-0.004000 0.991038
0.000000 0.991038
0.004000 0.991038
0.008000 0.991038
0.012000 0.991038
0.016000 0.991038
0.020000 0.991038
0.024000 0.991038
0.028000 0.991038
0.032000 0.991038
0.036000 0.991038
0.040000 0.991038
0.044000 0.991038
0.048000 0.991038
0.052000 0.991038
0.056000 0.991039
0.060000 0.991039
0.064000 0.991039
0.068000 0.991039
0.072000 0.991039
0.076000 0.991039
0.080000 0.991039
0.084000 0.991039
0.088000 0.991040
0.092000 0.991040
0.096000 0.991040
0.100000 0.991040
0.104000 0.991040
0.108000 0.991040
0.112000 0.991041
0.116000 0.991041
0.120000 0.991041
0.124000 0.991041
0.128000 0.991042
0.132000 0.991042
0.136000 0.991042
0.140000 0.991043
0.144000 0.991043
0.148000 0.991043
0.152000 0.991044
0.156000 0.991044
0.160000 0.991045
0.164000 0.991045
0.168000 0.991045
0.172000 0.991046
0.176000 0.991046
0.180000 0.991047
0.184000 0.991047
0.188000 0.991048
0.192000 0.991049
0.196000 0.991049
0.200000 0.991050
0.204000 0.991051
0.208000 0.991051
0.212000 0.991052
0.216000 0.991053
0.220000 0.991054
0.224000 0.991055
0.228000 0.991056
0.232000 0.991057
0.236000 0.991058
0.240000 0.991059
0.244000 0.991060
0.248000 0.991061
0.252000 0.991062
0.256000 0.991064
0.260000 0.991065
0.264000 0.991066
0.268000 0.991068
0.272000 0.991069
0.276000 0.991071
0.280000 0.991073
0.284000 0.991074
0.288000 0.991076
0.292000 0.991078
0.296000 0.991080
0.300000 0.991082
0.304000 0.991084
0.308000 0.991086
0.312000 0.991088
0.316000 0.991091
0.320000 0.991093
0.324000 0.991096
0.328000 0.991098
0.332000 0.991101
0.336000 0.991104
0.340000 0.991107
0.344000 0.991110
0.348000 0.991113
0.352000 0.991116
0.356000 0.991119
0.360000 0.991123
0.364000 0.991126
0.368000 0.991130
0.372000 0.991134
0.376000 0.991138
0.380000 0.991142
0.384000 0.991146
0.388000 0.991150
0.392000 0.991155
0.396000 0.991160
0.400000 0.991164
0.404000 0.991169
0.408000 0.991174
0.412000 0.991180
0.416000 0.991185
0.420000 0.991191
0.424000 0.991196
0.428000 0.991202
0.432000 0.991208
0.436000 0.991215
0.440000 0.991221
0.444000 0.991228
0.448000 0.991235
0.452000 0.991242
0.456000 0.991249
0.460000 0.991256
0.464000 0.991264
0.468000 0.991271
0.472000 0.991279
0.476000 0.991288
0.480000 0.991296
0.484000 0.991305
0.488000 0.991313
0.492000 0.991322
0.496000 0.991332
0.500000 0.991341
0.504000 0.991351
0.508000 0.991361
0.512000 0.991371
0.516000 0.991381
0.520000 0.991392
0.524000 0.991402
0.528000 0.991414
0.532000 0.991425
0.536000 0.991436
0.540000 0.991448
0.544000 0.991460
0.548000 0.991472
0.552000 0.991485
0.556000 0.991497
0.560000 0.991510
0.564000 0.991524
0.568000 0.991537
0.572000 0.991551
0.576000 0.991565
0.580000 0.991579
0.584000 0.991593
0.588000 0.991608
0.592000 0.991623
0.596000 0.991638
0.600000 0.991654
0.604000 0.991669
0.608000 0.991685
0.612000 0.991701
0.616000 0.991718
0.620000 0.991735
0.624000 0.991751
0.628000 0.991769
0.632000 0.991786
0.636000 0.991804
0.640000 0.991821
0.644000 0.991839
0.648000 0.991858
0.652000 0.991876
0.656000 0.991895
0.660000 0.991914
0.664000 0.991933
0.668000 0.991953
0.672000 0.991972
0.676000 0.991992
0.680000 0.992012
0.684000 0.992033
0.688000 0.992053
0.692000 0.992074
0.696000 0.992095
0.700000 0.992116
0.704000 0.992137
0.708000 0.992159
0.712000 0.992180
0.716000 0.992202
0.720000 0.992224
0.724000 0.992246
0.728000 0.992268
0.732000 0.992291
0.736000 0.992314
0.740000 0.992336
0.744000 0.992359
0.748000 0.992382
0.752000 0.992405
0.756000 0.992429
0.760000 0.992452
0.764000 0.992476
0.768000 0.992499
0.772000 0.992523
0.776000 0.992547
0.780000 0.992571
0.784000 0.992595
0.788000 0.992619
0.792000 0.992643
0.796000 0.992667
0.800000 0.992692
0.804000 0.992716
0.808000 0.992740
0.812000 0.992765
0.816000 0.992789
0.820000 0.992814
0.824000 0.992838
0.828000 0.992863
0.832000 0.992887
0.836000 0.992912
0.840000 0.992937
0.844000 0.992961
0.848000 0.992986
0.852000 0.993010
0.856000 0.993035
0.860000 0.993059
0.864000 0.993084
0.868000 0.993108
0.872000 0.993132
0.876000 0.993157
0.880000 0.993181
0.884000 0.993205
0.888000 0.993229
0.892000 0.993253
0.896000 0.993277
0.900000 0.993301
0.904000 0.993324
0.908000 0.993348
0.912000 0.993371
0.916000 0.993395
0.920000 0.993418
0.924000 0.993441
0.928000 0.993464
0.932000 0.993487
0.936000 0.993510
0.940000 0.993533
0.944000 0.993556
0.948000 0.993578
0.952000 0.993601
0.956000 0.993624
0.960000 0.993646
0.964000 0.993669
0.968000 0.993693
0.972000 0.993717
0.976000 0.993742
0.980000 0.993768
0.984000 0.993796
0.988000 0.993827
0.992000 0.993862
0.996000 0.993903
1.000000 0.993953
