-1.000000 0.991037
-0.996000 0.991037
-0.992000 0.991037
-0.988000 0.991037
-0.984000 0.991037
-0.980000 0.991037
-0.976000 0.991037
-0.972000 0.991037
-0.968000 0.991037
-0.964000 0.991037
-0.960000 0.991037
-0.956000 0.991037
-0.952000 0.991037
-0.948000 0.991037
-0.944000 0.991037
-0.940000 0.991037
-0.936000 0.991037
-0.932000 0.991037
-0.928000 0.991037
-0.924000 0.991037
-0.920000 0.991037
-0.916000 0.991037
-0.912000 0.991037
-0.908000 0.991037
-0.904000 0.991037
-0.900000 0.991037
-0.896000 0.991037
-0.892000 0.991037
-0.888000 0.991037
-0.884000 0.991037
-0.880000 0.991037
-0.876000 0.991037
-0.872000 0.991037
-0.868000 0.991037
-0.864000 0.991037
-0.860000 0.991037
-0.856000 0.991037
-0.852000 0.991037
-0.848000 0.991037
-0.844000 0.991037
-0.840000 0.991037
-0.836000 0.991037
-0.832000 0.991037
-0.828000 0.991037
-0.824000 0.991037
-0.820000 0.991037
-0.816000 0.991037
-0.812000 0.991037
-0.808000 0.991037
-0.804000 0.991037
-0.800000 0.991037
-0.796000 0.991037
-0.792000 0.991037
-0.788000 0.991037
-0.784000 0.991037
-0.780000 0.991037
-0.776000 0.991037
-0.772000 0.991037
-0.768000 0.991037
-0.764000 0.991037
-0.760000 0.991037
-0.756000 0.991037
-0.752000 0.991037
-0.748000 0.991037
-0.744000 0.991037
-0.740000 0.991037
-0.736000 0.991037
-0.732000 0.991037
-0.728000 0.991037
-0.724000 0.991037
-0.720000 0.991037
-0.716000 0.991037
-0.712000 0.991037
-0.708000 0.991037
-0.704000 0.991037
-0.700000 0.991037
-0.696000 0.991037
-0.692000 0.991037
-0.688000 0.991037
-0.684000 0.991037
-0.680000 0.991037
-0.676000 0.991037
-0.672000 0.991037
-0.668000 0.991037
-0.664000 0.991037
-0.660000 0.991037
-0.656000 0.991037
-0.652000 0.991037
-0.648000 0.991037
-0.644000 0.991037
-0.640000 0.991037
-0.636000 0.991037
-0.632000 0.991037
-0.628000 0.991037
-0.624000 0.991037
-0.620000 0.991037
-0.616000 0.991037
-0.612000 0.991037
-0.608000 0.991037
-0.604000 0.991037
-0.600000 0.991037
-0.596000 0.991037
-0.592000 0.991037
-0.588000 0.991037
-0.584000 0.991037
-0.580000 0.991037
-0.576000 0.991037
-0.572000 0.991037
-0.568000 0.991037
-0.564000 0.991037
-0.560000 0.991037
-0.556000 0.991037
-0.552000 0.991037
-0.548000 0.991037
-0.544000 0.991037
-0.540000 0.991037
-0.536000 0.991037
-0.532000 0.991037
-0.528000 0.991037
-0.524000 0.991037
-0.520000 0.991037
-0.516000 0.991037
-0.512000 0.991037
-0.508000 0.991037
-0.504000 0.991037
-0.500000 0.991037
-0.496000 0.991037
-0.492000 0.991037
-0.488000 0.991037
-0.484000 0.991037
-0.480000 0.991037
-0.476000 0.991037
-0.472000 0.991037
-0.468000 0.991037
-0.464000 0.991037
-0.460000 0.991037
-0.456000 0.991037
-0.452000 0.991037
-0.448000 0.991037
-0.444000 0.991037
-0.440000 0.991037
-0.436000 0.991037
-0.432000 0.991037
-0.428000 0.991037
-0.424000 0.991037
-0.420000 0.991037
-0.416000 0.991037
-0.412000 0.991037
-0.408000 0.991037
-0.404000 0.991037
-0.400000 0.991037
-0.396000 0.991037
-0.392000 0.991037
-0.388000 0.991037
-0.384000 0.991037
-0.380000 0.991037
-0.376000 0.991037
-0.372000 0.991037
-0.368000 0.991037
-0.364000 0.991037
-0.360000 0.991037
-0.356000 0.991037
-0.352000 0.991037
-0.348000 0.991037
-0.344000 0.991037
-0.340000 0.991038
-0.336000 0.991038
-0.332000 0.991038
-0.328000 0.991038
-0.324000 0.991038
-0.320000 0.991038
-0.316000 0.991038
-0.312000 0.991038
-0.308000 0.991038
-0.304000 0.991038
-0.300000 0.991038
-0.296000 0.991038
-0.292000 0.991038
-0.288000 0.991039
-0.284000 0.991039
-0.280000 0.991039
-0.276000 0.991039
-0.272000 0.991039
-0.268000 0.991039
-0.264000 0.991039
-0.260000 0.991040
-0.256000 0.991040
-0.252000 0.991040
-0.248000 0.991040
-0.244000 0.991040
-0.240000 0.991041
-0.236000 0.991041
-0.232000 0.991041
-0.228000 0.991042
-0.224000 0.991042
-0.220000 0.991042
-0.216000 0.991043
-0.212000 0.991043
-0.208000 0.991044
-0.204000 0.991044
-0.200000 0.991044
-0.196000 0.991045
-0.192000 0.991045
-0.188000 0.991046
-0.184000 0.991047
-0.180000 0.991047
-0.176000 0.991048
-0.172000 0.991049
-0.168000 0.991049
-0.164000 0.991050
-0.160000 0.991051
-0.156000 0.991052
-0.152000 0.991053
-0.148000 0.991054
-0.144000 0.991055
-0.140000 0.991056
-0.136000 0.991057
-0.132000 0.991059
-0.128000 0.991060
-0.124000 0.991061
-0.120000 0.991063
-0.116000 0.991064
-0.112000 0.991066
-0.108000 0.991068
-0.104000 0.991069
-0.100000 0.991071
-0.096000 0.991073
-0.092000 0.991075
-0.088000 0.991077
-0.084000 0.991079
-0.080000 0.991082
-0.076000 0.991084
-0.072000 0.991087
-0.068000 0.991090
-0.064000 0.991092
-0.060000 0.991095
-0.056000 0.991098
-0.052000 0.991101
-0.048000 0.991105
-0.044000 0.991108
-0.040000 0.991112
-0.036000 0.991116
-0.032000 0.991120
-0.028000 0.991124
-0.024000 0.991128
-0.020000 0.991132
-0.016000 0.991137
-0.012000 0.991142
-0.008000 0.991147
-0.004000 0.991152
0.000000 0.991157
0.004000 0.991163
0.008000 0.991168
0.012000 0.991174
0.016000 0.991180
0.020000 0.991187
0.024000 0.991193
0.028000 0.991200
0.032000 0.991207
0.036000 0.991214
0.040000 0.991222
0.044000 0.991230
0.048000 0.991238
0.052000 0.991246
0.056000 0.991255
0.060000 0.991263
0.064000 0.991272
0.068000 0.991282
0.072000 0.991291
0.076000 0.991301
0.080000 0.991311
0.084000 0.991322
0.088000 0.991333
0.092000 0.991344
0.096000 0.991355
0.100000 0.991367
0.104000 0.991379
0.108000 0.991391
0.112000 0.991404
0.116000 0.991417
0.120000 0.991430
0.124000 0.991443
0.128000 0.991457
0.132000 0.991472
0.136000 0.991486
0.140000 0.991501
0.144000 0.991516
0.148000 0.991532
0.152000 0.991548
0.156000 0.991564
0.160000 0.991580
0.164000 0.991597
0.168000 0.991614
0.172000 0.991632
0.176000 0.991650
0.180000 0.991668
0.184000 0.991686
0.188000 0.991705
0.192000 0.991724
0.196000 0.991744
0.200000 0.991764
0.204000 0.991784
0.208000 0.991804
0.212000 0.991825
0.216000 0.991846
0.220000 0.991868
0.224000 0.991889
0.228000 0.991911
0.232000 0.991934
0.236000 0.991956
0.240000 0.991979
0.244000 0.992002
0.248000 0.992026
0.252000 0.992049
0.256000 0.992073
0.260000 0.992098
0.264000 0.992122
0.268000 0.992147
0.272000 0.992172
0.276000 0.992197
0.280000 0.992223
0.284000 0.992248
0.288000 0.992274
0.292000 0.992300
0.296000 0.992327
0.300000 0.992353
0.304000 0.992380
0.308000 0.992407
0.312000 0.992434
0.316000 0.992461
0.320000 0.992488
0.324000 0.992516
0.328000 0.992543
0.332000 0.992571
0.336000 0.992599
0.340000 0.992627
0.344000 0.992655
0.348000 0.992683
0.352000 0.992711
0.356000 0.992739
0.360000 0.992768
0.364000 0.992796
0.368000 0.992824
0.372000 0.992853
0.376000 0.992881
0.380000 0.992910
0.384000 0.992938
0.388000 0.992966
0.392000 0.992995
0.396000 0.993023
0.400000 0.993051
0.404000 0.993080
0.408000 0.993108
0.412000 0.993136
0.416000 0.993164
0.420000 0.993192
0.424000 0.993220
0.428000 0.993247
0.432000 0.993275
0.436000 0.993303
0.440000 0.993330
0.444000 0.993357
0.448000 0.993384
0.452000 0.993411
0.456000 0.993438
0.460000 0.993464
0.464000 0.993491
0.468000 0.993517
0.472000 0.993543
0.476000 0.993569
0.480000 0.993595
0.484000 0.993620
0.488000 0.993645
0.492000 0.993670
0.496000 0.993695
0.500000 0.993719
0.504000 0.993743
0.508000 0.993767
0.512000 0.993791
0.516000 0.993815
0.520000 0.993838
0.524000 0.993861
0.528000 0.993883
0.532000 0.993906
0.536000 0.993928
0.540000 0.993950
0.544000 0.993971
0.548000 0.993993
0.552000 0.994013
0.556000 0.994034
0.560000 0.994055
0.564000 0.994075
0.568000 0.994094
0.572000 0.994114
0.576000 0.994133
0.580000 0.994152
0.584000 0.994170
0.588000 0.994189
0.592000 0.994207
0.596000 0.994224
0.600000 0.994242
0.604000 0.994259
0.608000 0.994275
0.612000 0.994292
0.616000 0.994308
0.620000 0.994324
0.624000 0.994339
0.628000 0.994355
0.632000 0.994370
0.636000 0.994384
0.640000 0.994399
0.644000 0.994413
0.648000 0.994426
0.652000 0.994440
0.656000 0.994453
0.660000 0.994466
0.664000 0.994478
0.668000 0.994491
0.672000 0.994503
0.676000 0.994515
0.680000 0.994526
0.684000 0.994537
0.688000 0.994548
0.692000 0.994559
0.696000 0.994569
0.700000 0.994580
0.704000 0.994590
0.708000 0.994599
0.712000 0.994609
0.716000 0.994618
0.720000 0.994627
0.724000 0.994636
0.728000 0.994644
0.732000 0.994652
0.736000 0.994660
0.740000 0.994668
0.744000 0.994676
0.748000 0.994683
0.752000 0.994690
0.756000 0.994697
0.760000 0.994704
0.764000 0.994711
0.768000 0.994717
0.772000 0.994723
0.776000 0.994730
0.780000 0.994735
0.784000 0.994741
0.788000 0.994747
0.792000 0.994752
0.796000 0.994757
0.800000 0.994762
0.804000 0.994767
0.808000 0.994772
0.812000 0.994776
0.816000 0.994781
0.820000 0.994785
0.824000 0.994789
0.828000 0.994793
0.832000 0.994797
0.836000 0.994801
0.840000 0.994804
0.844000 0.994808
0.848000 0.994811
0.852000 0.994814
0.856000 0.994817
0.860000 0.994820
0.864000 0.994823
0.868000 0.994826
0.872000 0.994829
0.876000 0.994831
0.880000 0.994834
0.884000 0.994836
0.888000 0.994839
0.892000 0.994841
0.896000 0.994843
0.900000 0.994845
0.904000 0.994847
0.908000 0.994849
0.912000 0.994851
0.916000 0.994853
0.920000 0.994854
0.924000 0.994856
0.928000 0.994858
0.932000 0.994859
0.936000 0.994861
0.940000 0.994862
0.944000 0.994863
0.948000 0.994865
0.952000 0.994866
0.956000 0.994867
0.960000 0.994868
0.964000 0.994869
0.968000 0.994871
0.972000 0.994872
0.976000 0.994873
0.980000 0.994874
0.984000 0.994875
0.988000 0.994876
0.992000 0.994877
0.996000 0.994879
1.000000 0.994881
