-1.000000 0.992919
-0.996000 0.992919
-0.992000 0.992919
-0.988000 0.992919
-0.984000 0.992919
-0.980000 0.992919
-0.976000 0.992919
-0.972000 0.992919
-0.968000 0.992919
-0.964000 0.992919
-0.960000 0.992919
-0.956000 0.992919
-0.952000 0.992919
-0.948000 0.992919
-0.944000 0.992919
-0.940000 0.992919
-0.936000 0.992919
-0.932000 0.992919
-0.928000 0.992919
-0.924000 0.992919
-0.920000 0.992919
-0.916000 0.992919
-0.912000 0.992919
-0.908000 0.992919
-0.904000 0.992919
-0.900000 0.992919
-0.896000 0.992919
-0.892000 0.992919
-0.888000 0.992919
-0.884000 0.992919
-0.880000 0.992919
-0.876000 0.992919
-0.872000 0.992919
-0.868000 0.992919
-0.864000 0.992919
-0.860000 0.992919
-0.856000 0.992919
-0.852000 0.992919
-0.848000 0.992919
-0.844000 0.992919
-0.840000 0.992919
-0.836000 0.992919
-0.832000 0.992919
-0.828000 0.992919
-0.824000 0.992919
-0.820000 0.992919
-0.816000 0.992919
-0.812000 0.992919
-0.808000 0.992919
-0.804000 0.992919
-0.800000 0.992919
-0.796000 0.992919
-0.792000 0.992919
-0.788000 0.992919
-0.784000 0.992919
-0.780000 0.992919
-0.776000 0.992919
-0.772000 0.992919
-0.768000 0.992919
-0.764000 0.992919
-0.760000 0.992919
-0.756000 0.992919
-0.752000 0.992919
-0.748000 0.992919
-0.744000 0.992919
-0.740000 0.992919
-0.736000 0.992919
-0.732000 0.992919
-0.728000 0.992919
-0.724000 0.992919
-0.720000 0.992919
-0.716000 0.992919
-0.712000 0.992919
-0.708000 0.992919
-0.704000 0.992919
-0.700000 0.992919
-0.696000 0.992919
-0.692000 0.992919
-0.688000 0.992919
-0.684000 0.992919
-0.680000 0.992919
-0.676000 0.992919
-0.672000 0.992919
-0.668000 0.992919
-0.664000 0.992919
-0.660000 0.992919
-0.656000 0.992919
-0.652000 0.992919
-0.648000 0.992919
-0.644000 0.992919
-0.640000 0.992919
-0.636000 0.992919
-0.632000 0.992919
-0.628000 0.992919
-0.624000 0.992919
-0.620000 0.992919
-0.616000 0.992919
-0.612000 0.992919
-0.608000 0.992919
-0.604000 0.992919
-0.600000 0.992919
-0.596000 0.992919
-0.592000 0.992919
-0.588000 0.992919
-0.584000 0.992919
-0.580000 0.992919
-0.576000 0.992919
-0.572000 0.992919
-0.568000 0.992919
-0.564000 0.992919
-0.560000 0.992919
-0.556000 0.992919
-0.552000 0.992919
-0.548000 0.992919
-0.544000 0.992919
-0.540000 0.992919
-0.536000 0.992919
-0.532000 0.992919
-0.528000 0.992919
-0.524000 0.992919
-0.520000 0.992919
-0.516000 0.992919
-0.512000 0.992919
-0.508000 0.992919
-0.504000 0.992919
-0.500000 0.992919
-0.496000 0.992919
-0.492000 0.992919
-0.488000 0.992919
-0.484000 0.992919
-0.480000 0.992919
-0.476000 0.992919
-0.472000 0.992919
-0.468000 0.992919
-0.464000 0.992919
-0.460000 0.992919
-0.456000 0.992919
-0.452000 0.992919
-0.448000 0.992919
-0.444000 0.992919
-0.440000 0.992919
-0.436000 0.992919
-0.432000 0.992919
-0.428000 0.992919
-0.424000 0.992919
-0.420000 0.992919
-0.416000 0.992919
-0.412000 0.992919
-0.408000 0.992919
-0.404000 0.992919
-0.400000 0.992919
-0.396000 0.992919
-0.392000 0.992919
-0.388000 0.992919
-0.384000 0.992919
-0.380000 0.992919
-0.376000 0.992919
-0.372000 0.992919
-0.368000 0.992919
-0.364000 0.992919
-0.360000 0.992919
-0.356000 0.992919
-0.352000 0.992919
-0.348000 0.992919
-0.344000 0.992919
-0.340000 0.992919
-0.336000 0.992919
-0.332000 0.992919
-0.328000 0.992919
-0.324000 0.992919
-0.320000 0.992919
-0.316000 0.992919
-0.312000 0.992919
-0.308000 0.992919
-0.304000 0.992919
-0.300000 0.992919
-0.296000 0.992919
-0.292000 0.992919
-0.288000 0.992919
-0.284000 0.992919
-0.280000 0.992919
-0.276000 0.992919
-0.272000 0.992919
-0.268000 0.992919
-0.264000 0.992919
-0.260000 0.992919
-0.256000 0.992919
-0.252000 0.992919
-0.248000 0.992919
-0.244000 0.992919
-0.240000 0.992919
-0.236000 0.992919
-0.232000 0.992919
-0.228000 0.992919
-0.224000 0.992919
-0.220000 0.992919
-0.216000 0.992919
-0.212000 0.992919
-0.208000 0.992919
-0.204000 0.992919
-0.200000 0.992919
-0.196000 0.992919
-0.192000 0.992919
-0.188000 0.992919
-0.184000 0.992919
-0.180000 0.992919
-0.176000 0.992919
-0.172000 0.992919
-0.168000 0.992919
-0.164000 0.992919
-0.160000 0.992919
-0.156000 0.992919
-0.152000 0.992919
-0.148000 0.992919
-0.144000 0.992919
-0.140000 0.992919
-0.136000 0.992919
-0.132000 0.992919
-0.128000 0.992919
-0.124000 0.992919
-0.120000 0.992919
-0.116000 0.992919
-0.112000 0.992919
-0.108000 0.992919
-0.104000 0.992919
-0.100000 0.992919
-0.096000 0.992919
-0.092000 0.992919
-0.088000 0.992919
-0.084000 0.992919
-0.080000 0.992919
-0.076000 0.992919
-0.072000 0.992919
-0.068000 0.992919
-0.064000 0.992919
-0.060000 0.992919
-0.056000 0.992919
-0.052000 0.992919
-0.048000 0.992919
-0.044000 0.992919
-0.040000 0.992919
-0.036000 0.992919
-0.032000 0.992919
-0.028000 0.992919
-0.024000 0.992919
-0.020000 0.992919
-0.016000 0.992919
-0.012000 0.992919
-0.008000 0.992919
-0.004000 0.992919
0.000000 0.992919
0.004000 0.992919
0.008000 0.992920
0.012000 0.992920
0.016000 0.992920
0.020000 0.992920
0.024000 0.992920
0.028000 0.992920
0.032000 0.992920
0.036000 0.992920
0.040000 0.992920
0.044000 0.992920
0.048000 0.992920
0.052000 0.992920
0.056000 0.992920
0.060000 0.992920
0.064000 0.992920
0.068000 0.992921
0.072000 0.992921
0.076000 0.992921
0.080000 0.992921
0.084000 0.992921
0.088000 0.992921
0.092000 0.992921
0.096000 0.992921
0.100000 0.992922
0.104000 0.992922
0.108000 0.992922
0.112000 0.992922
0.116000 0.992922
0.120000 0.992923
0.124000 0.992923
0.128000 0.992923
0.132000 0.992923
0.136000 0.992924
0.140000 0.992924
0.144000 0.992924
0.148000 0.992924
0.152000 0.992925
0.156000 0.992925
0.160000 0.992926
0.164000 0.992926
0.168000 0.992926
0.172000 0.992927
0.176000 0.992927
0.180000 0.992928
0.184000 0.992928
0.188000 0.992929
0.192000 0.992929
0.196000 0.992930
0.200000 0.992931
0.204000 0.992931
0.208000 0.992932
0.212000 0.992933
0.216000 0.992934
0.220000 0.992935
0.224000 0.992935
0.228000 0.992936
0.232000 0.992937
0.236000 0.992938
0.240000 0.992939
0.244000 0.992940
0.248000 0.992942
0.252000 0.992943
0.256000 0.992944
0.260000 0.992945
0.264000 0.992947
0.268000 0.992948
0.272000 0.992950
0.276000 0.992951
0.280000 0.992953
0.284000 0.992955
0.288000 0.992957
0.292000 0.992959
0.296000 0.992961
0.300000 0.992963
0.304000 0.992965
0.308000 0.992967
0.312000 0.992969
0.316000 0.992972
0.320000 0.992974
0.324000 0.992977
0.328000 0.992980
0.332000 0.992983
0.336000 0.992986
0.340000 0.992989
0.344000 0.992992
0.348000 0.992996
0.352000 0.992999
0.356000 0.993003
0.360000 0.993007
0.364000 0.993011
0.368000 0.993015
0.372000 0.993019
0.376000 0.993023
0.380000 0.993028
0.384000 0.993033
0.388000 0.993038
0.392000 0.993043
0.396000 0.993048
0.400000 0.993053
0.404000 0.993059
0.408000 0.993065
0.412000 0.993071
0.416000 0.993077
0.420000 0.993084
0.424000 0.993090
0.428000 0.993097
0.432000 0.993104
0.436000 0.993112
0.440000 0.993119
0.444000 0.993127
0.448000 0.993135
0.452000 0.993144
0.456000 0.993152
0.460000 0.993161
0.464000 0.993170
0.468000 0.993180
0.472000 0.993189
0.476000 0.993199
0.480000 0.993210
0.484000 0.993220
0.488000 0.993231
0.492000 0.993242
0.496000 0.993254
0.500000 0.993265
0.504000 0.993278
0.508000 0.993290
0.512000 0.993303
0.516000 0.993316
0.520000 0.993329
0.524000 0.993343
0.528000 0.993357
0.532000 0.993372
0.536000 0.993387
0.540000 0.993402
0.544000 0.993418
0.548000 0.993434
0.552000 0.993450
0.556000 0.993467
0.560000 0.993484
0.564000 0.993501
0.568000 0.993519
0.572000 0.993538
0.576000 0.993556
0.580000 0.993576
0.584000 0.993595
0.588000 0.993615
0.592000 0.993635
0.596000 0.993656
0.600000 0.993677
0.604000 0.993699
0.608000 0.993721
0.612000 0.993743
0.616000 0.993766
0.620000 0.993790
0.624000 0.993813
0.628000 0.993838
0.632000 0.993862
0.636000 0.993887
0.640000 0.993913
0.644000 0.993939
0.648000 0.993965
0.652000 0.993992
0.656000 0.994019
0.660000 0.994047
0.664000 0.994075
0.668000 0.994103
0.672000 0.994132
0.676000 0.994162
0.680000 0.994191
0.684000 0.994222
0.688000 0.994252
0.692000 0.994283
0.696000 0.994315
0.700000 0.994347
0.704000 0.994379
0.708000 0.994412
0.712000 0.994445
0.716000 0.994478
0.720000 0.994512
0.724000 0.994547
0.728000 0.994581
0.732000 0.994617
0.736000 0.994652
0.740000 0.994688
0.744000 0.994724
0.748000 0.994761
0.752000 0.994797
0.756000 0.994835
0.760000 0.994872
0.764000 0.994910
0.768000 0.994949
0.772000 0.994987
0.776000 0.995026
0.780000 0.995065
0.784000 0.995105
0.788000 0.995145
0.792000 0.995185
0.796000 0.995225
0.800000 0.995266
0.804000 0.995306
0.808000 0.995348
0.812000 0.995389
0.816000 0.995431
0.820000 0.995472
0.824000 0.995514
0.828000 0.995557
0.832000 0.995599
0.836000 0.995642
0.840000 0.995684
0.844000 0.995727
0.848000 0.995770
0.852000 0.995814
0.856000 0.995857
0.860000 0.995900
0.864000 0.995944
0.868000 0.995988
0.872000 0.996031
0.876000 0.996075
0.880000 0.996119
0.884000 0.996163
0.888000 0.996207
0.892000 0.996251
0.896000 0.996295
0.900000 0.996339
0.904000 0.996384
0.908000 0.996428
0.912000 0.996472
0.916000 0.996516
0.920000 0.996560
0.924000 0.996604
0.928000 0.996648
0.932000 0.996692
0.936000 0.996736
0.940000 0.996780
0.944000 0.996824
0.948000 0.996868
0.952000 0.996912
0.956000 0.996957
0.960000 0.997002
0.964000 0.997048
0.968000 0.997094
0.972000 0.997143
0.976000 0.997193
0.980000 0.997246
0.984000 0.997304
0.988000 0.997367
0.992000 0.997440
0.996000 0.997525
1.000000 0.997627
