-1.000000 0.992919
-0.996000 0.992919
-0.992000 0.992919
-0.988000 0.992919
-0.984000 0.992919
-0.980000 0.992919
-0.976000 0.992919
-0.972000 0.992919
-0.968000 0.992919
-0.964000 0.992919
-0.960000 0.992919
-0.956000 0.992919
-0.952000 0.992919
-0.948000 0.992919
-0.944000 0.992919
-0.940000 0.992919
-0.936000 0.992919
-0.932000 0.992919
-0.928000 0.992919
-0.924000 0.992919
-0.920000 0.992919
-0.916000 0.992919
-0.912000 0.992919
-0.908000 0.992919
-0.904000 0.992919
-0.900000 0.992919
-0.896000 0.992919
-0.892000 0.992919
-0.888000 0.992919
-0.884000 0.992919
-0.880000 0.992919
-0.876000 0.992919
-0.872000 0.992919
-0.868000 0.992919
-0.864000 0.992919
-0.860000 0.992919
-0.856000 0.992919
-0.852000 0.992919
-0.848000 0.992919
-0.844000 0.992919
-0.840000 0.992919
-0.836000 0.992919
-0.832000 0.992919
-0.828000 0.992919
-0.824000 0.992919
-0.820000 0.992919
-0.816000 0.992919
-0.812000 0.992919
-0.808000 0.992919
-0.804000 0.992919
-0.800000 0.992919
-0.796000 0.992919
-0.792000 0.992919
-0.788000 0.992919
-0.784000 0.992919
-0.780000 0.992919
-0.776000 0.992919
-0.772000 0.992919
-0.768000 0.992919
-0.764000 0.992919
-0.760000 0.992919
-0.756000 0.992919
-0.752000 0.992919
-0.748000 0.992919
-0.744000 0.992919
-0.740000 0.992919
-0.736000 0.992919
-0.732000 0.992919
-0.728000 0.992919
-0.724000 0.992919
-0.720000 0.992919
-0.716000 0.992919
-0.712000 0.992919
-0.708000 0.992919
-0.704000 0.992919
-0.700000 0.992919
-0.696000 0.992919
-0.692000 0.992919
-0.688000 0.992919
-0.684000 0.992919
-0.680000 0.992919
-0.676000 0.992919
-0.672000 0.992919
-0.668000 0.992919
-0.664000 0.992919
-0.660000 0.992919
-0.656000 0.992919
-0.652000 0.992919
-0.648000 0.992919
-0.644000 0.992919
-0.640000 0.992919
-0.636000 0.992919
-0.632000 0.992919
-0.628000 0.992919
-0.624000 0.992919
-0.620000 0.992919
-0.616000 0.992919
-0.612000 0.992919
-0.608000 0.992919
-0.604000 0.992919
-0.600000 0.992919
-0.596000 0.992919
-0.592000 0.992919
-0.588000 0.992919
-0.584000 0.992919
-0.580000 0.992919
-0.576000 0.992919
-0.572000 0.992919
-0.568000 0.992919
-0.564000 0.992919
-0.560000 0.992919
-0.556000 0.992919
-0.552000 0.992919
-0.548000 0.992919
-0.544000 0.992919
-0.540000 0.992919
-0.536000 0.992919
-0.532000 0.992919
-0.528000 0.992919
-0.524000 0.992919
-0.520000 0.992919
-0.516000 0.992919
-0.512000 0.992919
-0.508000 0.992919
-0.504000 0.992919
-0.500000 0.992919
-0.496000 0.992919
-0.492000 0.992919
-0.488000 0.992919
-0.484000 0.992919
-0.480000 0.992919
-0.476000 0.992919
-0.472000 0.992919
-0.468000 0.992919
-0.464000 0.992920
-0.460000 0.992920
-0.456000 0.992920
-0.452000 0.992920
-0.448000 0.992920
-0.444000 0.992920
-0.440000 0.992920
-0.436000 0.992920
-0.432000 0.992920
-0.428000 0.992920
-0.424000 0.992920
-0.420000 0.992920
-0.416000 0.992921
-0.412000 0.992921
-0.408000 0.992921
-0.404000 0.992921
-0.400000 0.992921
-0.396000 0.992921
-0.392000 0.992922
-0.388000 0.992922
-0.384000 0.992922
-0.380000 0.992922
-0.376000 0.992922
-0.372000 0.992923
-0.368000 0.992923
-0.364000 0.992923
-0.360000 0.992924
-0.356000 0.992924
-0.352000 0.992925
-0.348000 0.992925
-0.344000 0.992926
-0.340000 0.992926
-0.336000 0.992927
-0.332000 0.992927
-0.328000 0.992928
-0.324000 0.992929
-0.320000 0.992929
-0.316000 0.992930
-0.312000 0.992931
-0.308000 0.992932
-0.304000 0.992933
-0.300000 0.992934
-0.296000 0.992935
-0.292000 0.992936
-0.288000 0.992937
-0.284000 0.992938
-0.280000 0.992940
-0.276000 0.992941
-0.272000 0.992943
-0.268000 0.992944
-0.264000 0.992946
-0.260000 0.992948
-0.256000 0.992950
-0.252000 0.992952
-0.248000 0.992954
-0.244000 0.992956
-0.240000 0.992959
-0.236000 0.992961
-0.232000 0.992964
-0.228000 0.992967
-0.224000 0.992970
-0.220000 0.992973
-0.216000 0.992976
-0.212000 0.992980
-0.208000 0.992983
-0.204000 0.992987
-0.200000 0.992991
-0.196000 0.992995
-0.192000 0.993000
-0.188000 0.993004
-0.184000 0.993009
-0.180000 0.993015
-0.176000 0.993020
-0.172000 0.993026
-0.168000 0.993032
-0.164000 0.993038
-0.160000 0.993044
-0.156000 0.993051
-0.152000 0.993058
-0.148000 0.993065
-0.144000 0.993073
-0.140000 0.993081
-0.136000 0.993090
-0.132000 0.993098
-0.128000 0.993107
-0.124000 0.993117
-0.120000 0.993127
-0.116000 0.993137
-0.112000 0.993148
-0.108000 0.993159
-0.104000 0.993170
-0.100000 0.993182
-0.096000 0.993194
-0.092000 0.993207
-0.088000 0.993220
-0.084000 0.993234
-0.080000 0.993248
-0.076000 0.993263
-0.072000 0.993278
-0.068000 0.993294
-0.064000 0.993310
-0.060000 0.993327
-0.056000 0.993345
-0.052000 0.993363
-0.048000 0.993381
-0.044000 0.993400
-0.040000 0.993420
-0.036000 0.993440
-0.032000 0.993461
-0.028000 0.993482
-0.024000 0.993504
-0.020000 0.993527
-0.016000 0.993550
-0.012000 0.993574
-0.008000 0.993599
-0.004000 0.993624
0.000000 0.993650
0.004000 0.993676
0.008000 0.993704
0.012000 0.993731
0.016000 0.993760
0.020000 0.993789
0.024000 0.993819
0.028000 0.993849
0.032000 0.993881
0.036000 0.993912
0.040000 0.993945
0.044000 0.993978
0.048000 0.994012
0.052000 0.994047
0.056000 0.994082
0.060000 0.994118
0.064000 0.994154
0.068000 0.994192
0.072000 0.994230
0.076000 0.994268
0.080000 0.994307
0.084000 0.994347
0.088000 0.994388
0.092000 0.994429
0.096000 0.994471
0.100000 0.994513
0.104000 0.994556
0.108000 0.994600
0.112000 0.994644
0.116000 0.994688
0.120000 0.994734
0.124000 0.994780
0.128000 0.994826
0.132000 0.994873
0.136000 0.994920
0.140000 0.994968
0.144000 0.995017
0.148000 0.995066
0.152000 0.995115
0.156000 0.995165
0.160000 0.995215
0.164000 0.995265
0.168000 0.995316
0.172000 0.995368
0.176000 0.995419
0.180000 0.995472
0.184000 0.995524
0.188000 0.995577
0.192000 0.995630
0.196000 0.995683
0.200000 0.995736
0.204000 0.995790
0.208000 0.995844
0.212000 0.995898
0.216000 0.995952
0.220000 0.996006
0.224000 0.996061
0.228000 0.996115
0.232000 0.996170
0.236000 0.996225
0.240000 0.996280
0.244000 0.996334
0.248000 0.996389
0.252000 0.996444
0.256000 0.996499
0.260000 0.996553
0.264000 0.996608
0.268000 0.996662
0.272000 0.996717
0.276000 0.996771
0.280000 0.996825
0.284000 0.996879
0.288000 0.996932
0.292000 0.996986
0.296000 0.997039
0.300000 0.997092
0.304000 0.997145
0.308000 0.997197
0.312000 0.997249
0.316000 0.997301
0.320000 0.997352
0.324000 0.997403
0.328000 0.997454
0.332000 0.997504
0.336000 0.997554
0.340000 0.997603
0.344000 0.997652
0.348000 0.997701
0.352000 0.997749
0.356000 0.997797
0.360000 0.997844
0.364000 0.997891
0.368000 0.997937
0.372000 0.997982
0.376000 0.998027
0.380000 0.998072
0.384000 0.998116
0.388000 0.998160
0.392000 0.998202
0.396000 0.998245
0.400000 0.998287
0.404000 0.998328
0.408000 0.998368
0.412000 0.998408
0.416000 0.998448
0.420000 0.998487
0.424000 0.998525
0.428000 0.998563
0.432000 0.998600
0.436000 0.998636
0.440000 0.998672
0.444000 0.998707
0.448000 0.998742
0.452000 0.998776
0.456000 0.998809
0.460000 0.998842
0.464000 0.998874
0.468000 0.998905
0.472000 0.998936
0.476000 0.998966
0.480000 0.998996
0.484000 0.999025
0.488000 0.999054
0.492000 0.999081
0.496000 0.999109
0.500000 0.999135
0.504000 0.999161
0.508000 0.999187
0.512000 0.999212
0.516000 0.999236
0.520000 0.999260
0.524000 0.999283
0.528000 0.999306
0.532000 0.999328
0.536000 0.999350
0.540000 0.999371
0.544000 0.999391
0.548000 0.999411
0.552000 0.999431
0.556000 0.999450
0.560000 0.999468
0.564000 0.999486
0.568000 0.999504
0.572000 0.999521
0.576000 0.999537
0.580000 0.999553
0.584000 0.999569
0.588000 0.999584
0.592000 0.999599
0.596000 0.999613
0.600000 0.999627
0.604000 0.999641
0.608000 0.999654
0.612000 0.999667
0.616000 0.999679
0.620000 0.999691
0.624000 0.999702
0.628000 0.999714
0.632000 0.999725
0.636000 0.999735
0.640000 0.999745
0.644000 0.999755
0.648000 0.999765
0.652000 0.999774
0.656000 0.999783
0.660000 0.999791
0.664000 0.999800
0.668000 0.999808
0.672000 0.999815
0.676000 0.999823
0.680000 0.999830
0.684000 0.999837
0.688000 0.999844
0.692000 0.999850
0.696000 0.999857
0.700000 0.999863
0.704000 0.999868
0.708000 0.999874
0.712000 0.999879
0.716000 0.999885
0.720000 0.999890
0.724000 0.999894
0.728000 0.999899
0.732000 0.999903
0.736000 0.999908
0.740000 0.999912
0.744000 0.999916
0.748000 0.999919
0.752000 0.999923
0.756000 0.999927
0.760000 0.999930
0.764000 0.999933
0.768000 0.999936
0.772000 0.999939
0.776000 0.999942
0.780000 0.999945
0.784000 0.999947
0.788000 0.999950
0.792000 0.999952
0.796000 0.999954
0.800000 0.999957
0.804000 0.999959
0.808000 0.999961
0.812000 0.999963
0.816000 0.999964
0.820000 0.999966
0.824000 0.999968
0.828000 0.999969
0.832000 0.999971
0.836000 0.999972
0.840000 0.999974
0.844000 0.999975
0.848000 0.999976
0.852000 0.999977
0.856000 0.999979
0.860000 0.999980
0.864000 0.999981
0.868000 0.999982
0.872000 0.999983
0.876000 0.999984
0.880000 0.999984
0.884000 0.999985
0.888000 0.999986
0.892000 0.999987
0.896000 0.999987
0.900000 0.999988
0.904000 0.999989
0.908000 0.999989
0.912000 0.999990
0.916000 0.999990
0.920000 0.999991
0.924000 0.999991
0.928000 0.999992
0.932000 0.999992
0.936000 0.999993
0.940000 0.999993
0.944000 0.999994
0.948000 0.999994
0.952000 0.999994
0.956000 0.999995
0.960000 0.999995
0.964000 0.999995
0.968000 0.999996
0.972000 0.999996
0.976000 0.999996
0.980000 0.999996
0.984000 0.999997
0.988000 0.999997
0.992000 0.999997
0.996000 0.999998
1.000000 0.999998
