-1.000000 0.997928
-0.996000 0.997928
-0.992000 0.997928
-0.988000 0.997928
-0.984000 0.997928
-0.980000 0.997928
-0.976000 0.997928
-0.972000 0.997928
-0.968000 0.997928
-0.964000 0.997928
-0.960000 0.997928
-0.956000 0.997928
-0.952000 0.997928
-0.948000 0.997928
-0.944000 0.997928
-0.940000 0.997928
-0.936000 0.997928
-0.932000 0.997928
-0.928000 0.997928
-0.924000 0.997928
-0.920000 0.997928
-0.916000 0.997928
-0.912000 0.997928
-0.908000 0.997928
-0.904000 0.997928
-0.900000 0.997928
-0.896000 0.997928
-0.892000 0.997928
-0.888000 0.997928
-0.884000 0.997928
-0.880000 0.997928
-0.876000 0.997928
-0.872000 0.997928
-0.868000 0.997928
-0.864000 0.997928
-0.860000 0.997928
-0.856000 0.997928
-0.852000 0.997928
-0.848000 0.997928
-0.844000 0.997928
-0.840000 0.997928
-0.836000 0.997928
-0.832000 0.997928
-0.828000 0.997928
-0.824000 0.997928
-0.820000 0.997928
-0.816000 0.997928
-0.812000 0.997928
-0.808000 0.997928
-0.804000 0.997928
-0.800000 0.997928
-0.796000 0.997928
-0.792000 0.997928
-0.788000 0.997928
-0.784000 0.997928
-0.780000 0.997928
-0.776000 0.997928
-0.772000 0.997928
-0.768000 0.997928
-0.764000 0.997928
-0.760000 0.997928
-0.756000 0.997928
-0.752000 0.997928
-0.748000 0.997928
-0.744000 0.997928
-0.740000 0.997928
-0.736000 0.997928
-0.732000 0.997928
-0.728000 0.997928
-0.724000 0.997928
-0.720000 0.997928
-0.716000 0.997928
-0.712000 0.997928
-0.708000 0.997928
-0.704000 0.997928
-0.700000 0.997928
-0.696000 0.997928
-0.692000 0.997928
-0.688000 0.997928
-0.684000 0.997928
-0.680000 0.997928
-0.676000 0.997928
-0.672000 0.997928
-0.668000 0.997928
-0.664000 0.997928
-0.660000 0.997928
-0.656000 0.997928
-0.652000 0.997928
-0.648000 0.997928
-0.644000 0.997928
-0.640000 0.997928
-0.636000 0.997928
-0.632000 0.997928
-0.628000 0.997928
-0.624000 0.997928
-0.620000 0.997928
-0.616000 0.997928
-0.612000 0.997928
-0.608000 0.997928
-0.604000 0.997928
-0.600000 0.997928
-0.596000 0.997928
-0.592000 0.997928
-0.588000 0.997928
-0.584000 0.997928
-0.580000 0.997928
-0.576000 0.997928
-0.572000 0.997928
-0.568000 0.997928
-0.564000 0.997928
-0.560000 0.997928
-0.556000 0.997928
-0.552000 0.997928
-0.548000 0.997928
-0.544000 0.997928
-0.540000 0.997928
-0.536000 0.997928
-0.532000 0.997928
-0.528000 0.997928
-0.524000 0.997928
-0.520000 0.997928
-0.516000 0.997928
-0.512000 0.997928
-0.508000 0.997928
-0.504000 0.997928
-0.500000 0.997928
-0.496000 0.997928
-0.492000 0.997928
-0.488000 0.997928
-0.484000 0.997928
-0.480000 0.997928
-0.476000 0.997928
-0.472000 0.997928
-0.468000 0.997928
-0.464000 0.997928
-0.460000 0.997928
-0.456000 0.997928
-0.452000 0.997928
-0.448000 0.997928
-0.444000 0.997928
-0.440000 0.997928
-0.436000 0.997928
-0.432000 0.997928
-0.428000 0.997928
-0.424000 0.997928
-0.420000 0.997928
-0.416000 0.997927
-0.412000 0.997927
-0.408000 0.997927
-0.404000 0.997927
-0.400000 0.997927
-0.396000 0.997927
-0.392000 0.997927
-0.388000 0.997927
-0.384000 0.997927
-0.380000 0.997927
-0.376000 0.997927
-0.372000 0.997927
-0.368000 0.997926
-0.364000 0.997926
-0.360000 0.997926
-0.356000 0.997926
-0.352000 0.997926
-0.348000 0.997926
-0.344000 0.997925
-0.340000 0.997925
-0.336000 0.997925
-0.332000 0.997925
-0.328000 0.997925
-0.324000 0.997924
-0.320000 0.997924
-0.316000 0.997924
-0.312000 0.997923
-0.308000 0.997923
-0.304000 0.997923
-0.300000 0.997922
-0.296000 0.997922
-0.292000 0.997921
-0.288000 0.997921
-0.284000 0.997920
-0.280000 0.997920
-0.276000 0.997919
-0.272000 0.997918
-0.268000 0.997917
-0.264000 0.997917
-0.260000 0.997916
-0.256000 0.997915
-0.252000 0.997914
-0.248000 0.997913
-0.244000 0.997912
-0.240000 0.997911
-0.236000 0.997910
-0.232000 0.997909
-0.228000 0.997907
-0.224000 0.997906
-0.220000 0.997904
-0.216000 0.997903
-0.212000 0.997901
-0.208000 0.997899
-0.204000 0.997897
-0.200000 0.997895
-0.196000 0.997893
-0.192000 0.997891
-0.188000 0.997889
-0.184000 0.997886
-0.180000 0.997884
-0.176000 0.997881
-0.172000 0.997878
-0.168000 0.997875
-0.164000 0.997872
-0.160000 0.997869
-0.156000 0.997865
-0.152000 0.997861
-0.148000 0.997857
-0.144000 0.997853
-0.140000 0.997849
-0.136000 0.997845
-0.132000 0.997840
-0.128000 0.997835
-0.124000 0.997830
-0.120000 0.997825
-0.116000 0.997819
-0.112000 0.997813
-0.108000 0.997807
-0.104000 0.997800
-0.100000 0.997794
-0.096000 0.997787
-0.092000 0.997779
-0.088000 0.997772
-0.084000 0.997764
-0.080000 0.997756
-0.076000 0.997747
-0.072000 0.997738
-0.068000 0.997729
-0.064000 0.997719
-0.060000 0.997709
-0.056000 0.997699
-0.052000 0.997688
-0.048000 0.997677
-0.044000 0.997665
-0.040000 0.997653
-0.036000 0.997640
-0.032000 0.997627
-0.028000 0.997614
-0.024000 0.997600
-0.020000 0.997586
-0.016000 0.997571
-0.012000 0.997555
-0.008000 0.997540
-0.004000 0.997523
0.000000 0.997506
0.004000 0.997489
0.008000 0.997471
0.012000 0.997452
0.016000 0.997433
0.020000 0.997414
0.024000 0.997393
0.028000 0.997373
0.032000 0.997351
0.036000 0.997329
0.040000 0.997307
0.044000 0.997284
0.048000 0.997260
0.052000 0.997235
0.056000 0.997210
0.060000 0.997185
0.064000 0.997159
0.068000 0.997132
0.072000 0.997104
0.076000 0.997076
0.080000 0.997047
0.084000 0.997017
0.088000 0.996987
0.092000 0.996957
0.096000 0.996925
0.100000 0.996893
0.104000 0.996860
0.108000 0.996827
0.112000 0.996793
0.116000 0.996758
0.120000 0.996723
0.124000 0.996687
0.128000 0.996650
0.132000 0.996613
0.136000 0.996575
0.140000 0.996537
0.144000 0.996497
0.148000 0.996458
0.152000 0.996417
0.156000 0.996376
0.160000 0.996335
0.164000 0.996293
0.168000 0.996250
0.172000 0.996207
0.176000 0.996163
0.180000 0.996119
0.184000 0.996074
0.188000 0.996029
0.192000 0.995983
0.196000 0.995937
0.200000 0.995890
0.204000 0.995843
0.208000 0.995795
0.212000 0.995747
0.216000 0.995698
0.220000 0.995649
0.224000 0.995600
0.228000 0.995550
0.232000 0.995500
0.236000 0.995450
0.240000 0.995399
0.244000 0.995348
0.248000 0.995297
0.252000 0.995245
0.256000 0.995194
0.260000 0.995142
0.264000 0.995089
0.268000 0.995037
0.272000 0.994985
0.276000 0.994932
0.280000 0.994879
0.284000 0.994826
0.288000 0.994773
0.292000 0.994720
0.296000 0.994667
0.300000 0.994614
0.304000 0.994561
0.308000 0.994508
0.312000 0.994455
0.316000 0.994402
0.320000 0.994349
0.324000 0.994296
0.328000 0.994243
0.332000 0.994190
0.336000 0.994138
0.340000 0.994086
0.344000 0.994034
0.348000 0.993982
0.352000 0.993930
0.356000 0.993879
0.360000 0.993828
0.364000 0.993777
0.368000 0.993726
0.372000 0.993676
0.376000 0.993626
0.380000 0.993576
0.384000 0.993527
0.388000 0.993478
0.392000 0.993430
0.396000 0.993382
0.400000 0.993334
0.404000 0.993287
0.408000 0.993240
0.412000 0.993194
0.416000 0.993148
0.420000 0.993103
0.424000 0.993058
0.428000 0.993013
0.432000 0.992970
0.436000 0.992926
0.440000 0.992883
0.444000 0.992841
0.448000 0.992799
0.452000 0.992758
0.456000 0.992717
0.460000 0.992677
0.464000 0.992638
0.468000 0.992599
0.472000 0.992560
0.476000 0.992522
0.480000 0.992485
0.484000 0.992449
0.488000 0.992413
0.492000 0.992377
0.496000 0.992342
0.500000 0.992308
0.504000 0.992274
0.508000 0.992241
0.512000 0.992209
0.516000 0.992177
0.520000 0.992145
0.524000 0.992115
0.528000 0.992085
0.532000 0.992055
0.536000 0.992026
0.540000 0.991998
0.544000 0.991970
0.548000 0.991943
0.552000 0.991916
0.556000 0.991890
0.560000 0.991865
0.564000 0.991840
0.568000 0.991815
0.572000 0.991792
0.576000 0.991768
0.580000 0.991746
0.584000 0.991723
0.588000 0.991702
0.592000 0.991681
0.596000 0.991660
0.600000 0.991640
0.604000 0.991620
0.608000 0.991601
0.612000 0.991583
0.616000 0.991565
0.620000 0.991547
0.624000 0.991530
0.628000 0.991513
0.632000 0.991497
0.636000 0.991481
0.640000 0.991466
0.644000 0.991451
0.648000 0.991436
0.652000 0.991422
0.656000 0.991408
0.660000 0.991395
0.664000 0.991382
0.668000 0.991370
0.672000 0.991358
0.676000 0.991346
0.680000 0.991334
0.684000 0.991323
0.688000 0.991313
0.692000 0.991302
0.696000 0.991292
0.700000 0.991282
0.704000 0.991273
0.708000 0.991264
0.712000 0.991255
0.716000 0.991247
0.720000 0.991238
0.724000 0.991230
0.728000 0.991223
0.732000 0.991215
0.736000 0.991208
0.740000 0.991201
0.744000 0.991195
0.748000 0.991188
0.752000 0.991182
0.756000 0.991176
0.760000 0.991170
0.764000 0.991165
0.768000 0.991159
0.772000 0.991154
0.776000 0.991149
0.780000 0.991144
0.784000 0.991140
0.788000 0.991135
0.792000 0.991131
0.796000 0.991127
0.800000 0.991123
0.804000 0.991119
0.808000 0.991116
0.812000 0.991112
0.816000 0.991109
0.820000 0.991105
0.824000 0.991102
0.828000 0.991099
0.832000 0.991097
0.836000 0.991094
0.840000 0.991091
0.844000 0.991089
0.848000 0.991086
0.852000 0.991084
0.856000 0.991082
0.860000 0.991080
0.864000 0.991078
0.868000 0.991076
0.872000 0.991074
0.876000 0.991072
0.880000 0.991070
0.884000 0.991069
0.888000 0.991067
0.892000 0.991066
0.896000 0.991064
0.900000 0.991063
0.904000 0.991062
0.908000 0.991061
0.912000 0.991059
0.916000 0.991058
0.920000 0.991057
0.924000 0.991056
0.928000 0.991055
0.932000 0.991054
0.936000 0.991053
0.940000 0.991053
0.944000 0.991052
0.948000 0.991051
0.952000 0.991050
0.956000 0.991050
0.960000 0.991049
0.964000 0.991048
0.968000 0.991048
0.972000 0.991047
0.976000 0.991046
0.980000 0.991046
0.984000 0.991045
0.988000 0.991045
0.992000 0.991044
0.996000 0.991043
1.000000 0.991042
