-1.000000 0.991037
-0.996000 0.991037
-0.992000 0.991037
-0.988000 0.991037
-0.984000 0.991037
-0.980000 0.991038
-0.976000 0.991038
-0.972000 0.991038
-0.968000 0.991038
-0.964000 0.991039
-0.960000 0.991039
-0.956000 0.991040
-0.952000 0.991040
-0.948000 0.991041
-0.944000 0.991042
-0.940000 0.991043
-0.936000 0.991045
-0.932000 0.991046
-0.928000 0.991048
-0.924000 0.991050
-0.920000 0.991053
-0.916000 0.991056
-0.912000 0.991059
-0.908000 0.991063
-0.904000 0.991067
-0.900000 0.991072
-0.896000 0.991077
-0.892000 0.991083
-0.888000 0.991090
-0.884000 0.991097
-0.880000 0.991105
-0.876000 0.991115
-0.872000 0.991125
-0.868000 0.991136
-0.864000 0.991148
-0.860000 0.991161
-0.856000 0.991176
-0.852000 0.991191
-0.848000 0.991208
-0.844000 0.991227
-0.840000 0.991247
-0.836000 0.991268
-0.832000 0.991291
-0.828000 0.991315
-0.824000 0.991342
-0.820000 0.991369
-0.816000 0.991399
-0.812000 0.991430
-0.808000 0.991463
-0.804000 0.991497
-0.800000 0.991533
-0.796000 0.991572
-0.792000 0.991611
-0.788000 0.991653
-0.784000 0.991696
-0.780000 0.991741
-0.776000 0.991787
-0.772000 0.991835
-0.768000 0.991885
-0.764000 0.991936
-0.760000 0.991989
-0.756000 0.992043
-0.752000 0.992098
-0.748000 0.992154
-0.744000 0.992211
-0.740000 0.992270
-0.736000 0.992329
-0.732000 0.992389
-0.728000 0.992450
-0.724000 0.992512
-0.720000 0.992574
-0.716000 0.992636
-0.712000 0.992699
-0.708000 0.992761
-0.704000 0.992824
-0.700000 0.992887
-0.696000 0.992950
-0.692000 0.993012
-0.688000 0.993075
-0.684000 0.993136
-0.680000 0.993197
-0.676000 0.993258
-0.672000 0.993318
-0.668000 0.993377
-0.664000 0.993435
-0.660000 0.993492
-0.656000 0.993549
-0.652000 0.993604
-0.648000 0.993658
-0.644000 0.993711
-0.640000 0.993762
-0.636000 0.993813
-0.632000 0.993862
-0.628000 0.993910
-0.624000 0.993956
-0.620000 0.994001
-0.616000 0.994045
-0.612000 0.994087
-0.608000 0.994128
-0.604000 0.994167
-0.600000 0.994205
-0.596000 0.994242
-0.592000 0.994277
-0.588000 0.994310
-0.584000 0.994343
-0.580000 0.994374
-0.576000 0.994404
-0.572000 0.994432
-0.568000 0.994459
-0.564000 0.994485
-0.560000 0.994510
-0.556000 0.994533
-0.552000 0.994555
-0.548000 0.994576
-0.544000 0.994597
-0.540000 0.994616
-0.536000 0.994634
-0.532000 0.994651
-0.528000 0.994667
-0.524000 0.994682
-0.520000 0.994696
-0.516000 0.994710
-0.512000 0.994722
-0.508000 0.994734
-0.504000 0.994746
-0.500000 0.994756
-0.496000 0.994766
-0.492000 0.994775
-0.488000 0.994784
-0.484000 0.994792
-0.480000 0.994799
-0.476000 0.994806
-0.472000 0.994813
-0.468000 0.994819
-0.464000 0.994825
-0.460000 0.994830
-0.456000 0.994835
-0.452000 0.994840
-0.448000 0.994844
-0.444000 0.994848
-0.440000 0.994851
-0.436000 0.994855
-0.432000 0.994858
-0.428000 0.994861
-0.424000 0.994863
-0.420000 0.994866
-0.416000 0.994868
-0.412000 0.994870
-0.408000 0.994872
-0.404000 0.994874
-0.400000 0.994875
-0.396000 0.994877
-0.392000 0.994878
-0.388000 0.994879
-0.384000 0.994881
-0.380000 0.994882
-0.376000 0.994883
-0.372000 0.994883
-0.368000 0.994884
-0.364000 0.994885
-0.360000 0.994886
-0.356000 0.994886
-0.352000 0.994887
-0.348000 0.994887
-0.344000 0.994888
-0.340000 0.994888
-0.336000 0.994888
-0.332000 0.994889
-0.328000 0.994889
-0.324000 0.994889
-0.320000 0.994890
-0.316000 0.994890
-0.312000 0.994890
-0.308000 0.994890
-0.304000 0.994890
-0.300000 0.994891
-0.296000 0.994891
-0.292000 0.994891
-0.288000 0.994891
-0.284000 0.994891
-0.280000 0.994891
-0.276000 0.994891
-0.272000 0.994891
-0.268000 0.994891
-0.264000 0.994891
-0.260000 0.994892
-0.256000 0.994892
-0.252000 0.994892
-0.248000 0.994892
-0.244000 0.994892
-0.240000 0.994892
-0.236000 0.994892
-0.232000 0.994892
-0.228000 0.994892
-0.224000 0.994892
-0.220000 0.994892
-0.216000 0.994892
-0.212000 0.994892
-0.208000 0.994892
-0.204000 0.994892
-0.200000 0.994892
-0.196000 0.994892
-0.192000 0.994892
-0.188000 0.994892
-0.184000 0.994892
-0.180000 0.994892
-0.176000 0.994892
-0.172000 0.994892
-0.168000 0.994892
-0.164000 0.994892
-0.160000 0.994892
-0.156000 0.994892
-0.152000 0.994892
-0.148000 0.994892
-0.144000 0.994892
-0.140000 0.994892
-0.136000 0.994892
-0.132000 0.994892
-0.128000 0.994892
-0.124000 0.994892
-0.120000 0.994892
-0.116000 0.994892
-0.112000 0.994892
-0.108000 0.994892
-0.104000 0.994892
-0.100000 0.994892
-0.096000 0.994892
-0.092000 0.994892
-0.088000 0.994892
-0.084000 0.994892
-0.080000 0.994892
-0.076000 0.994892
-0.072000 0.994892
-0.068000 0.994892
-0.064000 0.994892
-0.060000 0.994892
-0.056000 0.994892
-0.052000 0.994892
-0.048000 0.994892
-0.044000 0.994892
-0.040000 0.994892
-0.036000 0.994892
-0.032000 0.994892
-0.028000 0.994892
-0.024000 0.994892
-0.020000 0.994892
-0.016000 0.994892
-0.012000 0.994892
-0.008000 0.994892
-0.004000 0.994892
0.000000 0.994892
0.004000 0.994892
0.008000 0.994892
0.012000 0.994892
0.016000 0.994892
0.020000 0.994892
0.024000 0.994892
0.028000 0.994892
0.032000 0.994892
0.036000 0.994892
0.040000 0.994892
0.044000 0.994892
0.048000 0.994892
0.052000 0.994892
0.056000 0.994892
0.060000 0.994892
0.064000 0.994892
0.068000 0.994892
0.072000 0.994892
0.076000 0.994892
0.080000 0.994892
0.084000 0.994892
0.088000 0.994892
0.092000 0.994892
0.096000 0.994892
0.100000 0.994892
0.104000 0.994892
0.108000 0.994892
0.112000 0.994892
0.116000 0.994892
0.120000 0.994892
0.124000 0.994892
0.128000 0.994892
0.132000 0.994892
0.136000 0.994892
0.140000 0.994892
0.144000 0.994892
0.148000 0.994892
0.152000 0.994892
0.156000 0.994892
0.160000 0.994892
0.164000 0.994892
0.168000 0.994892
0.172000 0.994892
0.176000 0.994892
0.180000 0.994892
0.184000 0.994892
0.188000 0.994892
0.192000 0.994892
0.196000 0.994892
0.200000 0.994892
0.204000 0.994892
0.208000 0.994892
0.212000 0.994892
0.216000 0.994892
0.220000 0.994892
0.224000 0.994892
0.228000 0.994892
0.232000 0.994892
0.236000 0.994892
0.240000 0.994892
0.244000 0.994892
0.248000 0.994892
0.252000 0.994892
0.256000 0.994892
0.260000 0.994892
0.264000 0.994892
0.268000 0.994892
0.272000 0.994892
0.276000 0.994892
0.280000 0.994892
0.284000 0.994892
0.288000 0.994892
0.292000 0.994892
0.296000 0.994892
0.300000 0.994892
0.304000 0.994892
0.308000 0.994892
0.312000 0.994892
0.316000 0.994892
0.320000 0.994892
0.324000 0.994892
0.328000 0.994892
0.332000 0.994892
0.336000 0.994892
0.340000 0.994892
0.344000 0.994892
0.348000 0.994892
0.352000 0.994892
0.356000 0.994892
0.360000 0.994892
0.364000 0.994892
0.368000 0.994892
0.372000 0.994892
0.376000 0.994892
0.380000 0.994892
0.384000 0.994892
0.388000 0.994892
0.392000 0.994892
0.396000 0.994892
0.400000 0.994892
0.404000 0.994892
0.408000 0.994892
0.412000 0.994892
0.416000 0.994892
0.420000 0.994892
0.424000 0.994892
0.428000 0.994892
0.432000 0.994892
0.436000 0.994892
0.440000 0.994892
0.444000 0.994892
0.448000 0.994892
0.452000 0.994892
0.456000 0.994892
0.460000 0.994892
0.464000 0.994892
0.468000 0.994892
0.472000 0.994892
0.476000 0.994892
0.480000 0.994892
0.484000 0.994892
0.488000 0.994892
0.492000 0.994892
0.496000 0.994892
0.500000 0.994892
0.504000 0.994892
0.508000 0.994892
0.512000 0.994892
0.516000 0.994892
0.520000 0.994892
0.524000 0.994892
0.528000 0.994892
0.532000 0.994892
0.536000 0.994892
0.540000 0.994892
0.544000 0.994892
0.548000 0.994892
0.552000 0.994892
0.556000 0.994892
0.560000 0.994892
0.564000 0.994892
0.568000 0.994892
0.572000 0.994892
0.576000 0.994892
0.580000 0.994892
0.584000 0.994892
0.588000 0.994892
0.592000 0.994892
0.596000 0.994892
0.600000 0.994892
0.604000 0.994892
0.608000 0.994892
0.612000 0.994892
0.616000 0.994892
0.620000 0.994892
0.624000 0.994892
0.628000 0.994892
0.632000 0.994892
0.636000 0.994892
0.640000 0.994892
0.644000 0.994892
0.648000 0.994892
0.652000 0.994892
0.656000 0.994892
0.660000 0.994892
0.664000 0.994892
0.668000 0.994892
0.672000 0.994892
0.676000 0.994892
0.680000 0.994892
0.684000 0.994892
0.688000 0.994892
0.692000 0.994892
0.696000 0.994892
0.700000 0.994892
0.704000 0.994892
0.708000 0.994892
0.712000 0.994892
0.716000 0.994892
0.720000 0.994892
0.724000 0.994892
0.728000 0.994892
0.732000 0.994892
0.736000 0.994892
0.740000 0.994892
0.744000 0.994892
0.748000 0.994892
0.752000 0.994892
0.756000 0.994892
0.760000 0.994892
0.764000 0.994892
0.768000 0.994892
0.772000 0.994892
0.776000 0.994892
0.780000 0.994892
0.784000 0.994892
0.788000 0.994892
0.792000 0.994892
0.796000 0.994892
0.800000 0.994892
0.804000 0.994892
0.808000 0.994892
0.812000 0.994892
0.816000 0.994892
0.820000 0.994892
0.824000 0.994892
0.828000 0.994892
0.832000 0.994892
0.836000 0.994892
0.840000 0.994892
0.844000 0.994892
0.848000 0.994892
0.852000 0.994892
0.856000 0.994892
0.860000 0.994892
0.864000 0.994892
0.868000 0.994892
0.872000 0.994892
0.876000 0.994892
0.880000 0.994892
0.884000 0.994892
0.888000 0.994892
0.892000 0.994892
0.896000 0.994892
0.900000 0.994892
0.904000 0.994892
0.908000 0.994892
0.912000 0.994892
0.916000 0.994892
0.920000 0.994892
0.924000 0.994892
0.928000 0.994892
0.932000 0.994892
0.936000 0.994892
0.940000 0.994892
0.944000 0.994892
0.948000 0.994892
0.952000 0.994892
0.956000 0.994892
0.960000 0.994892
0.964000 0.994892
0.968000 0.994892
0.972000 0.994892
0.976000 0.994892
0.980000 0.994892
0.984000 0.994892
0.988000 0.994892
0.992000 0.994892
0.996000 0.994892
1.000000 0.994892
