-1.000000 0.992919
-0.996000 0.992919
-0.992000 0.992919
-0.988000 0.992919
-0.984000 0.992919
-0.980000 0.992919
-0.976000 0.992919
-0.972000 0.992919
-0.968000 0.992919
-0.964000 0.992919
-0.960000 0.992919
-0.956000 0.992919
-0.952000 0.992919
-0.948000 0.992919
-0.944000 0.992919
-0.940000 0.992919
-0.936000 0.992919
-0.932000 0.992919
-0.928000 0.992919
-0.924000 0.992919
-0.920000 0.992919
-0.916000 0.992919
-0.912000 0.992919
-0.908000 0.992919
-0.904000 0.992919
-0.900000 0.992919
-0.896000 0.992919
-0.892000 0.992919
-0.888000 0.992919
-0.884000 0.992919
-0.880000 0.992919
-0.876000 0.992919
-0.872000 0.992919
-0.868000 0.992919
-0.864000 0.992919
-0.860000 0.992919
-0.856000 0.992919
-0.852000 0.992919
-0.848000 0.992919
-0.844000 0.992919
-0.840000 0.992919
-0.836000 0.992919
-0.832000 0.992919
-0.828000 0.992919
-0.824000 0.992919
-0.820000 0.992919
-0.816000 0.992919
-0.812000 0.992919
-0.808000 0.992919
-0.804000 0.992919
-0.800000 0.992919
-0.796000 0.992919
-0.792000 0.992919
-0.788000 0.992919
-0.784000 0.992919
-0.780000 0.992919
-0.776000 0.992919
-0.772000 0.992919
-0.768000 0.992919
-0.764000 0.992919
-0.760000 0.992919
-0.756000 0.992919
-0.752000 0.992919
-0.748000 0.992919
-0.744000 0.992919
-0.740000 0.992919
-0.736000 0.992919
-0.732000 0.992919
-0.728000 0.992919
-0.724000 0.992919
-0.720000 0.992919
-0.716000 0.992919
-0.712000 0.992919
-0.708000 0.992919
-0.704000 0.992919
-0.700000 0.992919
-0.696000 0.992919
-0.692000 0.992919
-0.688000 0.992919
-0.684000 0.992919
-0.680000 0.992919
-0.676000 0.992919
-0.672000 0.992919
-0.668000 0.992919
-0.664000 0.992919
-0.660000 0.992919
-0.656000 0.992919
-0.652000 0.992919
-0.648000 0.992919
-0.644000 0.992919
-0.640000 0.992919
-0.636000 0.992919
-0.632000 0.992919
-0.628000 0.992919
-0.624000 0.992919
-0.620000 0.992919
-0.616000 0.992919
-0.612000 0.992919
-0.608000 0.992919
-0.604000 0.992919
-0.600000 0.992919
-0.596000 0.992919
-0.592000 0.992919
-0.588000 0.992919
-0.584000 0.992919
-0.580000 0.992919
-0.576000 0.992919
-0.572000 0.992919
-0.568000 0.992919
-0.564000 0.992919
-0.560000 0.992919
-0.556000 0.992919
-0.552000 0.992919
-0.548000 0.992919
-0.544000 0.992919
-0.540000 0.992919
-0.536000 0.992919
-0.532000 0.992919
-0.528000 0.992919
-0.524000 0.992919
-0.520000 0.992919
-0.516000 0.992919
-0.512000 0.992919
-0.508000 0.992919
-0.504000 0.992919
-0.500000 0.992919
-0.496000 0.992919
-0.492000 0.992919
-0.488000 0.992919
-0.484000 0.992919
-0.480000 0.992919
-0.476000 0.992919
-0.472000 0.992919
-0.468000 0.992919
-0.464000 0.992919
-0.460000 0.992919
-0.456000 0.992919
-0.452000 0.992919
-0.448000 0.992919
-0.444000 0.992919
-0.440000 0.992919
-0.436000 0.992919
-0.432000 0.992919
-0.428000 0.992919
-0.424000 0.992919
-0.420000 0.992919
-0.416000 0.992919
-0.412000 0.992919
-0.408000 0.992919
-0.404000 0.992919
-0.400000 0.992919
-0.396000 0.992920
-0.392000 0.992920
-0.388000 0.992920
-0.384000 0.992920
-0.380000 0.992920
-0.376000 0.992920
-0.372000 0.992920
-0.368000 0.992920
-0.364000 0.992920
-0.360000 0.992920
-0.356000 0.992920
-0.352000 0.992920
-0.348000 0.992920
-0.344000 0.992921
-0.340000 0.992921
-0.336000 0.992921
-0.332000 0.992921
-0.328000 0.992921
-0.324000 0.992921
-0.320000 0.992922
-0.316000 0.992922
-0.312000 0.992922
-0.308000 0.992922
-0.304000 0.992922
-0.300000 0.992923
-0.296000 0.992923
-0.292000 0.992923
-0.288000 0.992924
-0.284000 0.992924
-0.280000 0.992924
-0.276000 0.992925
-0.272000 0.992925
-0.268000 0.992926
-0.264000 0.992926
-0.260000 0.992927
-0.256000 0.992927
-0.252000 0.992928
-0.248000 0.992929
-0.244000 0.992929
-0.240000 0.992930
-0.236000 0.992931
-0.232000 0.992932
-0.228000 0.992933
-0.224000 0.992934
-0.220000 0.992935
-0.216000 0.992936
-0.212000 0.992937
-0.208000 0.992938
-0.204000 0.992939
-0.200000 0.992941
-0.196000 0.992942
-0.192000 0.992944
-0.188000 0.992945
-0.184000 0.992947
-0.180000 0.992949
-0.176000 0.992951
-0.172000 0.992953
-0.168000 0.992955
-0.164000 0.992957
-0.160000 0.992959
-0.156000 0.992962
-0.152000 0.992964
-0.148000 0.992967
-0.144000 0.992970
-0.140000 0.992973
-0.136000 0.992976
-0.132000 0.992980
-0.128000 0.992983
-0.124000 0.992987
-0.120000 0.992991
-0.116000 0.992995
-0.112000 0.992999
-0.108000 0.993003
-0.104000 0.993008
-0.100000 0.993013
-0.096000 0.993018
-0.092000 0.993023
-0.088000 0.993029
-0.084000 0.993035
-0.080000 0.993041
-0.076000 0.993047
-0.072000 0.993054
-0.068000 0.993060
-0.064000 0.993068
-0.060000 0.993075
-0.056000 0.993083
-0.052000 0.993091
-0.048000 0.993099
-0.044000 0.993108
-0.040000 0.993117
-0.036000 0.993127
-0.032000 0.993136
-0.028000 0.993147
-0.024000 0.993157
-0.020000 0.993168
-0.016000 0.993179
-0.012000 0.993191
-0.008000 0.993203
-0.004000 0.993216
0.000000 0.993229
0.004000 0.993242
0.008000 0.993256
0.012000 0.993271
0.016000 0.993285
0.020000 0.993301
0.024000 0.993317
0.028000 0.993333
0.032000 0.993350
0.036000 0.993367
0.040000 0.993385
0.044000 0.993403
0.048000 0.993422
0.052000 0.993442
0.056000 0.993462
0.060000 0.993482
0.064000 0.993503
0.068000 0.993525
0.072000 0.993547
0.076000 0.993570
0.080000 0.993594
0.084000 0.993618
0.088000 0.993642
0.092000 0.993668
0.096000 0.993693
0.100000 0.993720
0.104000 0.993747
0.108000 0.993775
0.112000 0.993803
0.116000 0.993832
0.120000 0.993861
0.124000 0.993892
0.128000 0.993922
0.132000 0.993954
0.136000 0.993986
0.140000 0.994018
0.144000 0.994052
0.148000 0.994086
0.152000 0.994120
0.156000 0.994155
0.160000 0.994191
0.164000 0.994227
0.168000 0.994264
0.172000 0.994302
0.176000 0.994340
0.180000 0.994379
0.184000 0.994418
0.188000 0.994458
0.192000 0.994499
0.196000 0.994540
0.200000 0.994581
0.204000 0.994623
0.208000 0.994666
0.212000 0.994709
0.216000 0.994753
0.220000 0.994797
0.224000 0.994842
0.228000 0.994887
0.232000 0.994933
0.236000 0.994979
0.240000 0.995026
0.244000 0.995073
0.248000 0.995120
0.252000 0.995168
0.256000 0.995216
0.260000 0.995265
0.264000 0.995314
0.268000 0.995363
0.272000 0.995413
0.276000 0.995463
0.280000 0.995513
0.284000 0.995564
0.288000 0.995614
0.292000 0.995665
0.296000 0.995717
0.300000 0.995768
0.304000 0.995820
0.308000 0.995872
0.312000 0.995924
0.316000 0.995976
0.320000 0.996028
0.324000 0.996081
0.328000 0.996133
0.332000 0.996186
0.336000 0.996238
0.340000 0.996291
0.344000 0.996344
0.348000 0.996396
0.352000 0.996449
0.356000 0.996502
0.360000 0.996554
0.364000 0.996607
0.368000 0.996659
0.372000 0.996711
0.376000 0.996763
0.380000 0.996815
0.384000 0.996867
0.388000 0.996919
0.392000 0.996970
0.396000 0.997021
0.400000 0.997072
0.404000 0.997123
0.408000 0.997174
0.412000 0.997224
0.416000 0.997274
0.420000 0.997323
0.424000 0.997373
0.428000 0.997422
0.432000 0.997470
0.436000 0.997518
0.440000 0.997566
0.444000 0.997614
0.448000 0.997661
0.452000 0.997708
0.456000 0.997754
0.460000 0.997800
0.464000 0.997845
0.468000 0.997890
0.472000 0.997934
0.476000 0.997978
0.480000 0.998022
0.484000 0.998065
0.488000 0.998107
0.492000 0.998149
0.496000 0.998191
0.500000 0.998232
0.504000 0.998272
0.508000 0.998312
0.512000 0.998351
0.516000 0.998390
0.520000 0.998428
0.524000 0.998466
0.528000 0.998503
0.532000 0.998540
0.536000 0.998576
0.540000 0.998611
0.544000 0.998646
0.548000 0.998680
0.552000 0.998714
0.556000 0.998747
0.560000 0.998780
0.564000 0.998812
0.568000 0.998843
0.572000 0.998874
0.576000 0.998905
0.580000 0.998934
0.584000 0.998964
0.588000 0.998992
0.592000 0.999020
0.596000 0.999048
0.600000 0.999075
0.604000 0.999101
0.608000 0.999127
0.612000 0.999152
0.616000 0.999177
0.620000 0.999201
0.624000 0.999225
0.628000 0.999248
0.632000 0.999271
0.636000 0.999293
0.640000 0.999315
0.644000 0.999336
0.648000 0.999357
0.652000 0.999377
0.656000 0.999396
0.660000 0.999415
0.664000 0.999434
0.668000 0.999452
0.672000 0.999470
0.676000 0.999487
0.680000 0.999504
0.684000 0.999521
0.688000 0.999537
0.692000 0.999552
0.696000 0.999567
0.700000 0.999582
0.704000 0.999596
0.708000 0.999610
0.712000 0.999624
0.716000 0.999637
0.720000 0.999650
0.724000 0.999662
0.728000 0.999674
0.732000 0.999686
0.736000 0.999697
0.740000 0.999708
0.744000 0.999719
0.748000 0.999729
0.752000 0.999739
0.756000 0.999749
0.760000 0.999758
0.764000 0.999767
0.768000 0.999776
0.772000 0.999785
0.776000 0.999793
0.780000 0.999801
0.784000 0.999809
0.788000 0.999816
0.792000 0.999823
0.796000 0.999830
0.800000 0.999837
0.804000 0.999843
0.808000 0.999850
0.812000 0.999856
0.816000 0.999862
0.820000 0.999867
0.824000 0.999873
0.828000 0.999878
0.832000 0.999883
0.836000 0.999888
0.840000 0.999893
0.844000 0.999897
0.848000 0.999901
0.852000 0.999906
0.856000 0.999910
0.860000 0.999914
0.864000 0.999917
0.868000 0.999921
0.872000 0.999924
0.876000 0.999928
0.880000 0.999931
0.884000 0.999934
0.888000 0.999937
0.892000 0.999940
0.896000 0.999942
0.900000 0.999945
0.904000 0.999947
0.908000 0.999950
0.912000 0.999952
0.916000 0.999954
0.920000 0.999956
0.924000 0.999958
0.928000 0.999960
0.932000 0.999962
0.936000 0.999964
0.940000 0.999966
0.944000 0.999967
0.948000 0.999969
0.952000 0.999970
0.956000 0.999972
0.960000 0.999973
0.964000 0.999975
0.968000 0.999976
0.972000 0.999977
0.976000 0.999978
0.980000 0.999980
0.984000 0.999981
0.988000 0.999982
0.992000 0.999984
0.996000 0.999986
1.000000 0.999988
