-1.000000 0.992919
-0.996000 0.992919
-0.992000 0.992919
-0.988000 0.992919
-0.984000 0.992919
-0.980000 0.992919
-0.976000 0.992919
-0.972000 0.992919
-0.968000 0.992919
-0.964000 0.992919
-0.960000 0.992919
-0.956000 0.992919
-0.952000 0.992919
-0.948000 0.992919
-0.944000 0.992919
-0.940000 0.992919
-0.936000 0.992919
-0.932000 0.992919
-0.928000 0.992919
-0.924000 0.992919
-0.920000 0.992919
-0.916000 0.992919
-0.912000 0.992919
-0.908000 0.992919
-0.904000 0.992919
-0.900000 0.992919
-0.896000 0.992919
-0.892000 0.992919
-0.888000 0.992919
-0.884000 0.992919
-0.880000 0.992919
-0.876000 0.992919
-0.872000 0.992919
-0.868000 0.992919
-0.864000 0.992919
-0.860000 0.992919
-0.856000 0.992919
-0.852000 0.992919
-0.848000 0.992919
-0.844000 0.992919
-0.840000 0.992919
-0.836000 0.992919
-0.832000 0.992919
-0.828000 0.992919
-0.824000 0.992919
-0.820000 0.992919
-0.816000 0.992919
-0.812000 0.992919
-0.808000 0.992919
-0.804000 0.992919
-0.800000 0.992919
-0.796000 0.992919
-0.792000 0.992919
-0.788000 0.992919
-0.784000 0.992919
-0.780000 0.992919
-0.776000 0.992919
-0.772000 0.992919
-0.768000 0.992919
-0.764000 0.992919
-0.760000 0.992919
-0.756000 0.992919
-0.752000 0.992919
-0.748000 0.992919
-0.744000 0.992919
-0.740000 0.992919
-0.736000 0.992919
-0.732000 0.992919
-0.728000 0.992919
-0.724000 0.992919
-0.720000 0.992919
-0.716000 0.992919
-0.712000 0.992919
-0.708000 0.992919
-0.704000 0.992919
-0.700000 0.992919
-0.696000 0.992919
-0.692000 0.992919
-0.688000 0.992919
-0.684000 0.992919
-0.680000 0.992919
-0.676000 0.992919
-0.672000 0.992919
-0.668000 0.992919
-0.664000 0.992919
-0.660000 0.992919
-0.656000 0.992919
-0.652000 0.992919
-0.648000 0.992919
-0.644000 0.992919
-0.640000 0.992919
-0.636000 0.992919
-0.632000 0.992919
-0.628000 0.992919
-0.624000 0.992919
-0.620000 0.992919
-0.616000 0.992919
-0.612000 0.992919
-0.608000 0.992919
-0.604000 0.992919
-0.600000 0.992919
-0.596000 0.992919
-0.592000 0.992919
-0.588000 0.992919
-0.584000 0.992919
-0.580000 0.992919
-0.576000 0.992919
-0.572000 0.992919
-0.568000 0.992919
-0.564000 0.992919
-0.560000 0.992919
-0.556000 0.992919
-0.552000 0.992919
-0.548000 0.992919
-0.544000 0.992919
-0.540000 0.992919
-0.536000 0.992919
-0.532000 0.992919
-0.528000 0.992919
-0.524000 0.992919
-0.520000 0.992919
-0.516000 0.992919
-0.512000 0.992919
-0.508000 0.992919
-0.504000 0.992919
-0.500000 0.992919
-0.496000 0.992919
-0.492000 0.992919
-0.488000 0.992919
-0.484000 0.992919
-0.480000 0.992919
-0.476000 0.992919
-0.472000 0.992919
-0.468000 0.992919
-0.464000 0.992919
-0.460000 0.992919
-0.456000 0.992919
-0.452000 0.992919
-0.448000 0.992919
-0.444000 0.992919
-0.440000 0.992919
-0.436000 0.992919
-0.432000 0.992919
-0.428000 0.992919
-0.424000 0.992920
-0.420000 0.992920
-0.416000 0.992920
-0.412000 0.992920
-0.408000 0.992920
-0.404000 0.992920
-0.400000 0.992920
-0.396000 0.992920
-0.392000 0.992920
-0.388000 0.992920
-0.384000 0.992920
-0.380000 0.992920
-0.376000 0.992920
-0.372000 0.992921
-0.368000 0.992921
-0.364000 0.992921
-0.360000 0.992921
-0.356000 0.992921
-0.352000 0.992921
-0.348000 0.992922
-0.344000 0.992922
-0.340000 0.992922
-0.336000 0.992922
-0.332000 0.992923
-0.328000 0.992923
-0.324000 0.992923
-0.320000 0.992923
-0.316000 0.992924
-0.312000 0.992924
-0.308000 0.992925
-0.304000 0.992925
-0.300000 0.992926
-0.296000 0.992926
-0.292000 0.992927
-0.288000 0.992927
-0.284000 0.992928
-0.280000 0.992928
-0.276000 0.992929
-0.272000 0.992930
-0.268000 0.992931
-0.264000 0.992931
-0.260000 0.992932
-0.256000 0.992933
-0.252000 0.992934
-0.248000 0.992935
-0.244000 0.992936
-0.240000 0.992938
-0.236000 0.992939
-0.232000 0.992940
-0.228000 0.992942
-0.224000 0.992943
-0.220000 0.992945
-0.216000 0.992947
-0.212000 0.992948
-0.208000 0.992950
-0.204000 0.992952
-0.200000 0.992954
-0.196000 0.992957
-0.192000 0.992959
-0.188000 0.992962
-0.184000 0.992964
-0.180000 0.992967
-0.176000 0.992970
-0.172000 0.992973
-0.168000 0.992976
-0.164000 0.992980
-0.160000 0.992983
-0.156000 0.992987
-0.152000 0.992991
-0.148000 0.992995
-0.144000 0.992999
-0.140000 0.993004
-0.136000 0.993009
-0.132000 0.993014
-0.128000 0.993019
-0.124000 0.993024
-0.120000 0.993030
-0.116000 0.993036
-0.112000 0.993042
-0.108000 0.993049
-0.104000 0.993055
-0.100000 0.993062
-0.096000 0.993070
-0.092000 0.993078
-0.088000 0.993086
-0.084000 0.993094
-0.080000 0.993103
-0.076000 0.993112
-0.072000 0.993121
-0.068000 0.993131
-0.064000 0.993141
-0.060000 0.993151
-0.056000 0.993162
-0.052000 0.993174
-0.048000 0.993185
-0.044000 0.993197
-0.040000 0.993210
-0.036000 0.993223
-0.032000 0.993237
-0.028000 0.993251
-0.024000 0.993265
-0.020000 0.993280
-0.016000 0.993295
-0.012000 0.993311
-0.008000 0.993328
-0.004000 0.993345
0.000000 0.993362
0.004000 0.993380
0.008000 0.993399
0.012000 0.993418
0.016000 0.993437
0.020000 0.993457
0.024000 0.993478
0.028000 0.993500
0.032000 0.993522
0.036000 0.993544
0.040000 0.993567
0.044000 0.993591
0.048000 0.993615
0.052000 0.993640
0.056000 0.993666
0.060000 0.993692
0.064000 0.993719
0.068000 0.993747
0.072000 0.993775
0.076000 0.993804
0.080000 0.993833
0.084000 0.993863
0.088000 0.993894
0.092000 0.993925
0.096000 0.993957
0.100000 0.993990
0.104000 0.994023
0.108000 0.994057
0.112000 0.994092
0.116000 0.994127
0.120000 0.994163
0.124000 0.994199
0.128000 0.994236
0.132000 0.994274
0.136000 0.994312
0.140000 0.994351
0.144000 0.994391
0.148000 0.994431
0.152000 0.994472
0.156000 0.994513
0.160000 0.994555
0.164000 0.994597
0.168000 0.994640
0.172000 0.994684
0.176000 0.994728
0.180000 0.994773
0.184000 0.994818
0.188000 0.994863
0.192000 0.994910
0.196000 0.994956
0.200000 0.995003
0.204000 0.995051
0.208000 0.995099
0.212000 0.995147
0.216000 0.995196
0.220000 0.995245
0.224000 0.995295
0.228000 0.995345
0.232000 0.995395
0.236000 0.995446
0.240000 0.995497
0.244000 0.995548
0.248000 0.995600
0.252000 0.995652
0.256000 0.995704
0.260000 0.995756
0.264000 0.995808
0.268000 0.995861
0.272000 0.995914
0.276000 0.995967
0.280000 0.996020
0.284000 0.996073
0.288000 0.996126
0.292000 0.996180
0.296000 0.996233
0.300000 0.996287
0.304000 0.996340
0.308000 0.996394
0.312000 0.996447
0.316000 0.996500
0.320000 0.996554
0.324000 0.996607
0.328000 0.996660
0.332000 0.996713
0.336000 0.996766
0.340000 0.996819
0.344000 0.996872
0.348000 0.996924
0.352000 0.996976
0.356000 0.997028
0.360000 0.997080
0.364000 0.997131
0.368000 0.997183
0.372000 0.997234
0.376000 0.997284
0.380000 0.997334
0.384000 0.997384
0.388000 0.997434
0.392000 0.997483
0.396000 0.997532
0.400000 0.997581
0.404000 0.997629
0.408000 0.997676
0.412000 0.997724
0.416000 0.997770
0.420000 0.997817
0.424000 0.997863
0.428000 0.997908
0.432000 0.997953
0.436000 0.997997
0.440000 0.998041
0.444000 0.998085
0.448000 0.998128
0.452000 0.998170
0.456000 0.998212
0.460000 0.998253
0.464000 0.998294
0.468000 0.998334
0.472000 0.998373
0.476000 0.998413
0.480000 0.998451
0.484000 0.998489
0.488000 0.998526
0.492000 0.998563
0.496000 0.998599
0.500000 0.998635
0.504000 0.998670
0.508000 0.998704
0.512000 0.998738
0.516000 0.998771
0.520000 0.998804
0.524000 0.998836
0.528000 0.998868
0.532000 0.998898
0.536000 0.998929
0.540000 0.998959
0.544000 0.998988
0.548000 0.999016
0.552000 0.999044
0.556000 0.999072
0.560000 0.999099
0.564000 0.999125
0.568000 0.999151
0.572000 0.999176
0.576000 0.999200
0.580000 0.999224
0.584000 0.999248
0.588000 0.999271
0.592000 0.999293
0.596000 0.999315
0.600000 0.999337
0.604000 0.999358
0.608000 0.999378
0.612000 0.999398
0.616000 0.999417
0.620000 0.999436
0.624000 0.999455
0.628000 0.999473
0.632000 0.999490
0.636000 0.999507
0.640000 0.999524
0.644000 0.999540
0.648000 0.999556
0.652000 0.999571
0.656000 0.999586
0.660000 0.999600
0.664000 0.999614
0.668000 0.999628
0.672000 0.999641
0.676000 0.999654
0.680000 0.999666
0.684000 0.999678
0.688000 0.999690
0.692000 0.999701
0.696000 0.999712
0.700000 0.999723
0.704000 0.999733
0.708000 0.999743
0.712000 0.999753
0.716000 0.999762
0.720000 0.999772
0.724000 0.999780
0.728000 0.999789
0.732000 0.999797
0.736000 0.999805
0.740000 0.999813
0.744000 0.999820
0.748000 0.999827
0.752000 0.999834
0.756000 0.999841
0.760000 0.999847
0.764000 0.999854
0.768000 0.999860
0.772000 0.999865
0.776000 0.999871
0.780000 0.999876
0.784000 0.999882
0.788000 0.999886
0.792000 0.999891
0.796000 0.999896
0.800000 0.999900
0.804000 0.999905
0.808000 0.999909
0.812000 0.999913
0.816000 0.999917
0.820000 0.999920
0.824000 0.999924
0.828000 0.999927
0.832000 0.999930
0.836000 0.999933
0.840000 0.999936
0.844000 0.999939
0.848000 0.999942
0.852000 0.999945
0.856000 0.999947
0.860000 0.999950
0.864000 0.999952
0.868000 0.999954
0.872000 0.999956
0.876000 0.999958
0.880000 0.999960
0.884000 0.999962
0.888000 0.999964
0.892000 0.999966
0.896000 0.999967
0.900000 0.999969
0.904000 0.999971
0.908000 0.999972
0.912000 0.999973
0.916000 0.999975
0.920000 0.999976
0.924000 0.999977
0.928000 0.999978
0.932000 0.999979
0.936000 0.999980
0.940000 0.999981
0.944000 0.999982
0.948000 0.999983
0.952000 0.999984
0.956000 0.999985
0.960000 0.999986
0.964000 0.999986
0.968000 0.999987
0.972000 0.999988
0.976000 0.999989
0.980000 0.999989
0.984000 0.999990
0.988000 0.999991
0.992000 0.999992
0.996000 0.999993
1.000000 0.999994
