-1.000000 0.991037
-0.996000 0.991037
-0.992000 0.991037
-0.988000 0.991037
-0.984000 0.991037
-0.980000 0.991037
-0.976000 0.991037
-0.972000 0.991037
-0.968000 0.991037
-0.964000 0.991037
-0.960000 0.991037
-0.956000 0.991037
-0.952000 0.991037
-0.948000 0.991037
-0.944000 0.991037
-0.940000 0.991037
-0.936000 0.991037
-0.932000 0.991037
-0.928000 0.991037
-0.924000 0.991037
-0.920000 0.991038
-0.916000 0.991038
-0.912000 0.991038
-0.908000 0.991038
-0.904000 0.991038
-0.900000 0.991038
-0.896000 0.991038
-0.892000 0.991039
-0.888000 0.991039
-0.884000 0.991039
-0.880000 0.991040
-0.876000 0.991040
-0.872000 0.991041
-0.868000 0.991041
-0.864000 0.991042
-0.860000 0.991043
-0.856000 0.991043
-0.852000 0.991044
-0.848000 0.991045
-0.844000 0.991047
-0.840000 0.991048
-0.836000 0.991049
-0.832000 0.991051
-0.828000 0.991053
-0.824000 0.991055
-0.820000 0.991057
-0.816000 0.991059
-0.812000 0.991062
-0.808000 0.991065
-0.804000 0.991068
-0.800000 0.991072
-0.796000 0.991076
-0.792000 0.991080
-0.788000 0.991085
-0.784000 0.991090
-0.780000 0.991095
-0.776000 0.991101
-0.772000 0.991108
-0.768000 0.991115
-0.764000 0.991122
-0.760000 0.991130
-0.756000 0.991139
-0.752000 0.991148
-0.748000 0.991158
-0.744000 0.991169
-0.740000 0.991181
-0.736000 0.991193
-0.732000 0.991206
-0.728000 0.991220
-0.724000 0.991234
-0.720000 0.991250
-0.716000 0.991266
-0.712000 0.991283
-0.708000 0.991302
-0.704000 0.991321
-0.700000 0.991341
-0.696000 0.991362
-0.692000 0.991385
-0.688000 0.991408
-0.684000 0.991432
-0.680000 0.991458
-0.676000 0.991484
-0.672000 0.991512
-0.668000 0.991540
-0.664000 0.991570
-0.660000 0.991601
-0.656000 0.991633
-0.652000 0.991666
-0.648000 0.991700
-0.644000 0.991735
-0.640000 0.991771
-0.636000 0.991808
-0.632000 0.991846
-0.628000 0.991885
-0.624000 0.991925
-0.620000 0.991966
-0.616000 0.992008
-0.612000 0.992051
-0.608000 0.992094
-0.604000 0.992138
-0.600000 0.992183
-0.596000 0.992229
-0.592000 0.992275
-0.588000 0.992322
-0.584000 0.992370
-0.580000 0.992418
-0.576000 0.992466
-0.572000 0.992515
-0.568000 0.992564
-0.564000 0.992614
-0.560000 0.992664
-0.556000 0.992714
-0.552000 0.992764
-0.548000 0.992814
-0.544000 0.992864
-0.540000 0.992914
-0.536000 0.992965
-0.532000 0.993015
-0.528000 0.993064
-0.524000 0.993114
-0.520000 0.993163
-0.516000 0.993212
-0.512000 0.993261
-0.508000 0.993309
-0.504000 0.993357
-0.500000 0.993404
-0.496000 0.993450
-0.492000 0.993496
-0.488000 0.993542
-0.484000 0.993586
-0.480000 0.993631
-0.476000 0.993674
-0.472000 0.993716
-0.468000 0.993758
-0.464000 0.993799
-0.460000 0.993839
-0.456000 0.993879
-0.452000 0.993917
-0.448000 0.993955
-0.444000 0.993992
-0.440000 0.994027
-0.436000 0.994062
-0.432000 0.994096
-0.428000 0.994129
-0.424000 0.994161
-0.420000 0.994193
-0.416000 0.994223
-0.412000 0.994252
-0.408000 0.994281
-0.404000 0.994308
-0.400000 0.994335
-0.396000 0.994361
-0.392000 0.994386
-0.388000 0.994410
-0.384000 0.994433
-0.380000 0.994455
-0.376000 0.994477
-0.372000 0.994497
-0.368000 0.994517
-0.364000 0.994536
-0.360000 0.994555
-0.356000 0.994572
-0.352000 0.994589
-0.348000 0.994605
-0.344000 0.994621
-0.340000 0.994635
-0.336000 0.994649
-0.332000 0.994663
-0.328000 0.994676
-0.324000 0.994688
-0.320000 0.994699
-0.316000 0.994711
-0.312000 0.994721
-0.308000 0.994731
-0.304000 0.994741
-0.300000 0.994750
-0.296000 0.994758
-0.292000 0.994766
-0.288000 0.994774
-0.284000 0.994781
-0.280000 0.994788
-0.276000 0.994795
-0.272000 0.994801
-0.268000 0.994807
-0.264000 0.994812
-0.260000 0.994817
-0.256000 0.994822
-0.252000 0.994827
-0.248000 0.994831
-0.244000 0.994835
-0.240000 0.994839
-0.236000 0.994843
-0.232000 0.994846
-0.228000 0.994849
-0.224000 0.994852
-0.220000 0.994855
-0.216000 0.994858
-0.212000 0.994860
-0.208000 0.994862
-0.204000 0.994864
-0.200000 0.994866
-0.196000 0.994868
-0.192000 0.994870
-0.188000 0.994872
-0.184000 0.994873
-0.180000 0.994875
-0.176000 0.994876
-0.172000 0.994877
-0.168000 0.994878
-0.164000 0.994879
-0.160000 0.994880
-0.156000 0.994881
-0.152000 0.994882
-0.148000 0.994883
-0.144000 0.994883
-0.140000 0.994884
-0.136000 0.994885
-0.132000 0.994885
-0.128000 0.994886
-0.124000 0.994886
-0.120000 0.994887
-0.116000 0.994887
-0.112000 0.994888
-0.108000 0.994888
-0.104000 0.994888
-0.100000 0.994889
-0.096000 0.994889
-0.092000 0.994889
-0.088000 0.994889
-0.084000 0.994890
-0.080000 0.994890
-0.076000 0.994890
-0.072000 0.994890
-0.068000 0.994890
-0.064000 0.994890
-0.060000 0.994891
-0.056000 0.994891
-0.052000 0.994891
-0.048000 0.994891
-0.044000 0.994891
-0.040000 0.994891
-0.036000 0.994891
-0.032000 0.994891
-0.028000 0.994891
-0.024000 0.994891
-0.020000 0.994891
-0.016000 0.994892
-0.012000 0.994892
-0.008000 0.994892
-0.004000 0.994892
0.000000 0.994892
0.004000 0.994892
0.008000 0.994892
0.012000 0.994892
0.016000 0.994892
0.020000 0.994892
0.024000 0.994892
0.028000 0.994892
0.032000 0.994892
0.036000 0.994892
0.040000 0.994892
0.044000 0.994892
0.048000 0.994892
0.052000 0.994892
0.056000 0.994892
0.060000 0.994892
0.064000 0.994892
0.068000 0.994892
0.072000 0.994892
0.076000 0.994892
0.080000 0.994892
0.084000 0.994892
0.088000 0.994892
0.092000 0.994892
0.096000 0.994892
0.100000 0.994892
0.104000 0.994892
0.108000 0.994892
0.112000 0.994892
0.116000 0.994892
0.120000 0.994892
0.124000 0.994892
0.128000 0.994892
0.132000 0.994892
0.136000 0.994892
0.140000 0.994892
0.144000 0.994892
0.148000 0.994892
0.152000 0.994892
0.156000 0.994892
0.160000 0.994892
0.164000 0.994892
0.168000 0.994892
0.172000 0.994892
0.176000 0.994892
0.180000 0.994892
0.184000 0.994892
0.188000 0.994892
0.192000 0.994892
0.196000 0.994892
0.200000 0.994892
0.204000 0.994892
0.208000 0.994892
0.212000 0.994892
0.216000 0.994892
0.220000 0.994892
0.224000 0.994892
0.228000 0.994892
0.232000 0.994892
0.236000 0.994892
0.240000 0.994892
0.244000 0.994892
0.248000 0.994892
0.252000 0.994892
0.256000 0.994892
0.260000 0.994892
0.264000 0.994892
0.268000 0.994892
0.272000 0.994892
0.276000 0.994892
0.280000 0.994892
0.284000 0.994892
0.288000 0.994892
0.292000 0.994892
0.296000 0.994892
0.300000 0.994892
0.304000 0.994892
0.308000 0.994892
0.312000 0.994892
0.316000 0.994892
0.320000 0.994892
0.324000 0.994892
0.328000 0.994892
0.332000 0.994892
0.336000 0.994892
0.340000 0.994892
0.344000 0.994892
0.348000 0.994892
0.352000 0.994892
0.356000 0.994892
0.360000 0.994892
0.364000 0.994892
0.368000 0.994892
0.372000 0.994892
0.376000 0.994892
0.380000 0.994892
0.384000 0.994892
0.388000 0.994892
0.392000 0.994892
0.396000 0.994892
0.400000 0.994892
0.404000 0.994892
0.408000 0.994892
0.412000 0.994892
0.416000 0.994892
0.420000 0.994892
0.424000 0.994892
0.428000 0.994892
0.432000 0.994892
0.436000 0.994892
0.440000 0.994892
0.444000 0.994892
0.448000 0.994892
0.452000 0.994892
0.456000 0.994892
0.460000 0.994892
0.464000 0.994892
0.468000 0.994892
0.472000 0.994892
0.476000 0.994892
0.480000 0.994892
0.484000 0.994892
0.488000 0.994892
0.492000 0.994892
0.496000 0.994892
0.500000 0.994892
0.504000 0.994892
0.508000 0.994892
0.512000 0.994892
0.516000 0.994892
0.520000 0.994892
0.524000 0.994892
0.528000 0.994892
0.532000 0.994892
0.536000 0.994892
0.540000 0.994892
0.544000 0.994892
0.548000 0.994892
0.552000 0.994892
0.556000 0.994892
0.560000 0.994892
0.564000 0.994892
0.568000 0.994892
0.572000 0.994892
0.576000 0.994892
0.580000 0.994892
0.584000 0.994892
0.588000 0.994892
0.592000 0.994892
0.596000 0.994892
0.600000 0.994892
0.604000 0.994892
0.608000 0.994892
0.612000 0.994892
0.616000 0.994892
0.620000 0.994892
0.624000 0.994892
0.628000 0.994892
0.632000 0.994892
0.636000 0.994892
0.640000 0.994892
0.644000 0.994892
0.648000 0.994892
0.652000 0.994892
0.656000 0.994892
0.660000 0.994892
0.664000 0.994892
0.668000 0.994892
0.672000 0.994892
0.676000 0.994892
0.680000 0.994892
0.684000 0.994892
0.688000 0.994892
0.692000 0.994892
0.696000 0.994892
0.700000 0.994892
0.704000 0.994892
0.708000 0.994892
0.712000 0.994892
0.716000 0.994892
0.720000 0.994892
0.724000 0.994892
0.728000 0.994892
0.732000 0.994892
0.736000 0.994892
0.740000 0.994892
0.744000 0.994892
0.748000 0.994892
0.752000 0.994892
0.756000 0.994892
0.760000 0.994892
0.764000 0.994892
0.768000 0.994892
0.772000 0.994892
0.776000 0.994892
0.780000 0.994892
0.784000 0.994892
0.788000 0.994892
0.792000 0.994892
0.796000 0.994892
0.800000 0.994892
0.804000 0.994892
0.808000 0.994892
0.812000 0.994892
0.816000 0.994892
0.820000 0.994892
0.824000 0.994892
0.828000 0.994892
0.832000 0.994892
0.836000 0.994892
0.840000 0.994892
0.844000 0.994892
0.848000 0.994892
0.852000 0.994892
0.856000 0.994892
0.860000 0.994892
0.864000 0.994892
0.868000 0.994892
0.872000 0.994892
0.876000 0.994892
0.880000 0.994892
0.884000 0.994892
0.888000 0.994892
0.892000 0.994892
0.896000 0.994892
0.900000 0.994892
0.904000 0.994892
0.908000 0.994892
0.912000 0.994892
0.916000 0.994892
0.920000 0.994892
0.924000 0.994892
0.928000 0.994892
0.932000 0.994892
0.936000 0.994892
0.940000 0.994892
0.944000 0.994892
0.948000 0.994892
0.952000 0.994892
0.956000 0.994892
0.960000 0.994892
0.964000 0.994892
0.968000 0.994892
0.972000 0.994892
0.976000 0.994892
0.980000 0.994892
0.984000 0.994892
0.988000 0.994892
0.992000 0.994892
0.996000 0.994892
1.000000 0.994892
