-1.000000 0.997928
-0.996000 0.997928
-0.992000 0.997928
-0.988000 0.997928
-0.984000 0.997928
-0.980000 0.997928
-0.976000 0.997928
-0.972000 0.997928
-0.968000 0.997928
-0.964000 0.997928
-0.960000 0.997928
-0.956000 0.997928
-0.952000 0.997928
-0.948000 0.997928
-0.944000 0.997928
-0.940000 0.997928
-0.936000 0.997928
-0.932000 0.997928
-0.928000 0.997928
-0.924000 0.997928
-0.920000 0.997928
-0.916000 0.997928
-0.912000 0.997928
-0.908000 0.997928
-0.904000 0.997928
-0.900000 0.997928
-0.896000 0.997928
-0.892000 0.997928
-0.888000 0.997928
-0.884000 0.997928
-0.880000 0.997928
-0.876000 0.997928
-0.872000 0.997928
-0.868000 0.997928
-0.864000 0.997928
-0.860000 0.997928
-0.856000 0.997928
-0.852000 0.997928
-0.848000 0.997928
-0.844000 0.997928
-0.840000 0.997928
-0.836000 0.997928
-0.832000 0.997928
-0.828000 0.997928
-0.824000 0.997928
-0.820000 0.997928
-0.816000 0.997928
-0.812000 0.997928
-0.808000 0.997928
-0.804000 0.997928
-0.800000 0.997928
-0.796000 0.997928
-0.792000 0.997928
-0.788000 0.997928
-0.784000 0.997928
-0.780000 0.997928
-0.776000 0.997928
-0.772000 0.997928
-0.768000 0.997928
-0.764000 0.997928
-0.760000 0.997928
-0.756000 0.997928
-0.752000 0.997928
-0.748000 0.997928
-0.744000 0.997928
-0.740000 0.997928
-0.736000 0.997928
-0.732000 0.997928
-0.728000 0.997928
-0.724000 0.997928
-0.720000 0.997928
-0.716000 0.997928
-0.712000 0.997928
-0.708000 0.997928
-0.704000 0.997928
-0.700000 0.997928
-0.696000 0.997928
-0.692000 0.997928
-0.688000 0.997928
-0.684000 0.997928
-0.680000 0.997928
-0.676000 0.997928
-0.672000 0.997928
-0.668000 0.997928
-0.664000 0.997928
-0.660000 0.997928
-0.656000 0.997928
-0.652000 0.997928
-0.648000 0.997928
-0.644000 0.997928
-0.640000 0.997928
-0.636000 0.997928
-0.632000 0.997928
-0.628000 0.997928
-0.624000 0.997928
-0.620000 0.997928
-0.616000 0.997928
-0.612000 0.997928
-0.608000 0.997928
-0.604000 0.997928
-0.600000 0.997928
-0.596000 0.997928
-0.592000 0.997928
-0.588000 0.997928
-0.584000 0.997928
-0.580000 0.997928
-0.576000 0.997928
-0.572000 0.997928
-0.568000 0.997928
-0.564000 0.997928
-0.560000 0.997928
-0.556000 0.997928
-0.552000 0.997928
-0.548000 0.997928
-0.544000 0.997928
-0.540000 0.997928
-0.536000 0.997928
-0.532000 0.997928
-0.528000 0.997928
-0.524000 0.997928
-0.520000 0.997928
-0.516000 0.997928
-0.512000 0.997928
-0.508000 0.997928
-0.504000 0.997928
-0.500000 0.997928
-0.496000 0.997928
-0.492000 0.997928
-0.488000 0.997928
-0.484000 0.997928
-0.480000 0.997928
-0.476000 0.997928
-0.472000 0.997928
-0.468000 0.997928
-0.464000 0.997928
-0.460000 0.997928
-0.456000 0.997928
-0.452000 0.997928
-0.448000 0.997928
-0.444000 0.997928
-0.440000 0.997928
-0.436000 0.997928
-0.432000 0.997928
-0.428000 0.997928
-0.424000 0.997928
-0.420000 0.997928
-0.416000 0.997928
-0.412000 0.997928
-0.408000 0.997928
-0.404000 0.997928
-0.400000 0.997928
-0.396000 0.997928
-0.392000 0.997928
-0.388000 0.997928
-0.384000 0.997928
-0.380000 0.997928
-0.376000 0.997928
-0.372000 0.997928
-0.368000 0.997928
-0.364000 0.997928
-0.360000 0.997928
-0.356000 0.997928
-0.352000 0.997928
-0.348000 0.997928
-0.344000 0.997928
-0.340000 0.997928
-0.336000 0.997928
-0.332000 0.997928
-0.328000 0.997928
-0.324000 0.997928
-0.320000 0.997928
-0.316000 0.997928
-0.312000 0.997928
-0.308000 0.997928
-0.304000 0.997928
-0.300000 0.997928
-0.296000 0.997928
-0.292000 0.997928
-0.288000 0.997928
-0.284000 0.997928
-0.280000 0.997928
-0.276000 0.997928
-0.272000 0.997928
-0.268000 0.997928
-0.264000 0.997928
-0.260000 0.997928
-0.256000 0.997928
-0.252000 0.997928
-0.248000 0.997928
-0.244000 0.997928
-0.240000 0.997928
-0.236000 0.997928
-0.232000 0.997928
-0.228000 0.997927
-0.224000 0.997927
-0.220000 0.997927
-0.216000 0.997927
-0.212000 0.997927
-0.208000 0.997927
-0.204000 0.997927
-0.200000 0.997927
-0.196000 0.997927
-0.192000 0.997927
-0.188000 0.997927
-0.184000 0.997927
-0.180000 0.997927
-0.176000 0.997927
-0.172000 0.997926
-0.168000 0.997926
-0.164000 0.997926
-0.160000 0.997926
-0.156000 0.997926
-0.152000 0.997926
-0.148000 0.997926
-0.144000 0.997925
-0.140000 0.997925
-0.136000 0.997925
-0.132000 0.997925
-0.128000 0.997925
-0.124000 0.997924
-0.120000 0.997924
-0.116000 0.997924
-0.112000 0.997924
-0.108000 0.997923
-0.104000 0.997923
-0.100000 0.997922
-0.096000 0.997922
-0.092000 0.997922
-0.088000 0.997921
-0.084000 0.997921
-0.080000 0.997920
-0.076000 0.997920
-0.072000 0.997919
-0.068000 0.997919
-0.064000 0.997918
-0.060000 0.997917
-0.056000 0.997917
-0.052000 0.997916
-0.048000 0.997915
-0.044000 0.997914
-0.040000 0.997914
-0.036000 0.997913
-0.032000 0.997912
-0.028000 0.997911
-0.024000 0.997910
-0.020000 0.997908
-0.016000 0.997907
-0.012000 0.997906
-0.008000 0.997905
-0.004000 0.997903
0.000000 0.997902
0.004000 0.997900
0.008000 0.997899
0.012000 0.997897
0.016000 0.997895
0.020000 0.997893
0.024000 0.997891
0.028000 0.997889
0.032000 0.997887
0.036000 0.997885
0.040000 0.997882
0.044000 0.997880
0.048000 0.997877
0.052000 0.997874
0.056000 0.997871
0.060000 0.997868
0.064000 0.997865
0.068000 0.997862
0.072000 0.997858
0.076000 0.997855
0.080000 0.997851
0.084000 0.997847
0.088000 0.997843
0.092000 0.997839
0.096000 0.997834
0.100000 0.997829
0.104000 0.997824
0.108000 0.997819
0.112000 0.997814
0.116000 0.997809
0.120000 0.997803
0.124000 0.997797
0.128000 0.997791
0.132000 0.997784
0.136000 0.997778
0.140000 0.997771
0.144000 0.997764
0.148000 0.997756
0.152000 0.997748
0.156000 0.997740
0.160000 0.997732
0.164000 0.997724
0.168000 0.997715
0.172000 0.997705
0.176000 0.997696
0.180000 0.997686
0.184000 0.997676
0.188000 0.997665
0.192000 0.997654
0.196000 0.997643
0.200000 0.997632
0.204000 0.997620
0.208000 0.997607
0.212000 0.997595
0.216000 0.997581
0.220000 0.997568
0.224000 0.997554
0.228000 0.997540
0.232000 0.997525
0.236000 0.997510
0.240000 0.997494
0.244000 0.997478
0.248000 0.997461
0.252000 0.997444
0.256000 0.997427
0.260000 0.997409
0.264000 0.997391
0.268000 0.997372
0.272000 0.997353
0.276000 0.997333
0.280000 0.997312
0.284000 0.997292
0.288000 0.997270
0.292000 0.997248
0.296000 0.997226
0.300000 0.997203
0.304000 0.997180
0.308000 0.997156
0.312000 0.997132
0.316000 0.997107
0.320000 0.997081
0.324000 0.997055
0.328000 0.997029
0.332000 0.997002
0.336000 0.996974
0.340000 0.996946
0.344000 0.996917
0.348000 0.996888
0.352000 0.996858
0.356000 0.996828
0.360000 0.996797
0.364000 0.996766
0.368000 0.996734
0.372000 0.996702
0.376000 0.996669
0.380000 0.996635
0.384000 0.996601
0.388000 0.996567
0.392000 0.996532
0.396000 0.996496
0.400000 0.996460
0.404000 0.996424
0.408000 0.996387
0.412000 0.996349
0.416000 0.996311
0.420000 0.996273
0.424000 0.996234
0.428000 0.996194
0.432000 0.996155
0.436000 0.996114
0.440000 0.996073
0.444000 0.996032
0.448000 0.995991
0.452000 0.995949
0.456000 0.995906
0.460000 0.995864
0.464000 0.995821
0.468000 0.995777
0.472000 0.995733
0.476000 0.995689
0.480000 0.995644
0.484000 0.995600
0.488000 0.995554
0.492000 0.995509
0.496000 0.995463
0.500000 0.995417
0.504000 0.995371
0.508000 0.995325
0.512000 0.995278
0.516000 0.995231
0.520000 0.995184
0.524000 0.995137
0.528000 0.995089
0.532000 0.995041
0.536000 0.994994
0.540000 0.994946
0.544000 0.994898
0.548000 0.994850
0.552000 0.994801
0.556000 0.994753
0.560000 0.994705
0.564000 0.994657
0.568000 0.994608
0.572000 0.994560
0.576000 0.994512
0.580000 0.994463
0.584000 0.994415
0.588000 0.994367
0.592000 0.994319
0.596000 0.994271
0.600000 0.994223
0.604000 0.994175
0.608000 0.994127
0.612000 0.994079
0.616000 0.994032
0.620000 0.993985
0.624000 0.993938
0.628000 0.993891
0.632000 0.993844
0.636000 0.993798
0.640000 0.993751
0.644000 0.993705
0.648000 0.993660
0.652000 0.993614
0.656000 0.993569
0.660000 0.993524
0.664000 0.993480
0.668000 0.993436
0.672000 0.993392
0.676000 0.993348
0.680000 0.993305
0.684000 0.993262
0.688000 0.993220
0.692000 0.993178
0.696000 0.993136
0.700000 0.993095
0.704000 0.993054
0.708000 0.993013
0.712000 0.992973
0.716000 0.992933
0.720000 0.992894
0.724000 0.992856
0.728000 0.992817
0.732000 0.992779
0.736000 0.992742
0.740000 0.992705
0.744000 0.992668
0.748000 0.992632
0.752000 0.992597
0.756000 0.992562
0.760000 0.992527
0.764000 0.992493
0.768000 0.992460
0.772000 0.992426
0.776000 0.992394
0.780000 0.992362
0.784000 0.992330
0.788000 0.992299
0.792000 0.992268
0.796000 0.992238
0.800000 0.992208
0.804000 0.992179
0.808000 0.992150
0.812000 0.992122
0.816000 0.992095
0.820000 0.992067
0.824000 0.992041
0.828000 0.992014
0.832000 0.991989
0.836000 0.991963
0.840000 0.991939
0.844000 0.991914
0.848000 0.991891
0.852000 0.991867
0.856000 0.991844
0.860000 0.991822
0.864000 0.991800
0.868000 0.991779
0.872000 0.991758
0.876000 0.991737
0.880000 0.991717
0.884000 0.991697
0.888000 0.991678
0.892000 0.991659
0.896000 0.991641
0.900000 0.991623
0.904000 0.991605
0.908000 0.991588
0.912000 0.991571
0.916000 0.991555
0.920000 0.991539
0.924000 0.991523
0.928000 0.991508
0.932000 0.991493
0.936000 0.991479
0.940000 0.991465
0.944000 0.991451
0.948000 0.991438
0.952000 0.991425
0.956000 0.991412
0.960000 0.991399
0.964000 0.991387
0.968000 0.991374
0.972000 0.991362
0.976000 0.991349
0.980000 0.991336
0.984000 0.991323
0.988000 0.991308
0.992000 0.991292
0.996000 0.991273
1.000000 0.991250
