-1.000000 0.991037
-0.996000 0.991037
-0.992000 0.991037
-0.988000 0.991037
-0.984000 0.991037
-0.980000 0.991037
-0.976000 0.991037
-0.972000 0.991037
-0.968000 0.991037
-0.964000 0.991037
-0.960000 0.991037
-0.956000 0.991037
-0.952000 0.991037
-0.948000 0.991037
-0.944000 0.991037
-0.940000 0.991037
-0.936000 0.991037
-0.932000 0.991037
-0.928000 0.991037
-0.924000 0.991037
-0.920000 0.991037
-0.916000 0.991037
-0.912000 0.991037
-0.908000 0.991037
-0.904000 0.991037
-0.900000 0.991037
-0.896000 0.991037
-0.892000 0.991037
-0.888000 0.991037
-0.884000 0.991037
-0.880000 0.991037
-0.876000 0.991037
-0.872000 0.991037
-0.868000 0.991037
-0.864000 0.991037
-0.860000 0.991037
-0.856000 0.991037
-0.852000 0.991037
-0.848000 0.991037
-0.844000 0.991037
-0.840000 0.991037
-0.836000 0.991037
-0.832000 0.991037
-0.828000 0.991037
-0.824000 0.991037
-0.820000 0.991037
-0.816000 0.991037
-0.812000 0.991037
-0.808000 0.991038
-0.804000 0.991038
-0.800000 0.991038
-0.796000 0.991038
-0.792000 0.991038
-0.788000 0.991038
-0.784000 0.991038
-0.780000 0.991038
-0.776000 0.991039
-0.772000 0.991039
-0.768000 0.991039
-0.764000 0.991039
-0.760000 0.991040
-0.756000 0.991040
-0.752000 0.991040
-0.748000 0.991041
-0.744000 0.991041
-0.740000 0.991041
-0.736000 0.991042
-0.732000 0.991042
-0.728000 0.991043
-0.724000 0.991044
-0.720000 0.991044
-0.716000 0.991045
-0.712000 0.991046
-0.708000 0.991047
-0.704000 0.991048
-0.700000 0.991049
-0.696000 0.991051
-0.692000 0.991052
-0.688000 0.991053
-0.684000 0.991055
-0.680000 0.991057
-0.676000 0.991059
-0.672000 0.991061
-0.668000 0.991063
-0.664000 0.991065
-0.660000 0.991068
-0.656000 0.991071
-0.652000 0.991073
-0.648000 0.991077
-0.644000 0.991080
-0.640000 0.991084
-0.636000 0.991088
-0.632000 0.991092
-0.628000 0.991096
-0.624000 0.991101
-0.620000 0.991106
-0.616000 0.991111
-0.612000 0.991117
-0.608000 0.991123
-0.604000 0.991130
-0.600000 0.991137
-0.596000 0.991144
-0.592000 0.991152
-0.588000 0.991160
-0.584000 0.991168
-0.580000 0.991177
-0.576000 0.991187
-0.572000 0.991197
-0.568000 0.991207
-0.564000 0.991218
-0.560000 0.991230
-0.556000 0.991242
-0.552000 0.991255
-0.548000 0.991268
-0.544000 0.991282
-0.540000 0.991297
-0.536000 0.991312
-0.532000 0.991328
-0.528000 0.991344
-0.524000 0.991361
-0.520000 0.991379
-0.516000 0.991397
-0.512000 0.991417
-0.508000 0.991436
-0.504000 0.991457
-0.500000 0.991478
-0.496000 0.991500
-0.492000 0.991523
-0.488000 0.991546
-0.484000 0.991571
-0.480000 0.991595
-0.476000 0.991621
-0.472000 0.991647
-0.468000 0.991674
-0.464000 0.991702
-0.460000 0.991731
-0.456000 0.991760
-0.452000 0.991789
-0.448000 0.991820
-0.444000 0.991851
-0.440000 0.991883
-0.436000 0.991915
-0.432000 0.991948
-0.428000 0.991982
-0.424000 0.992016
-0.420000 0.992051
-0.416000 0.992087
-0.412000 0.992123
-0.408000 0.992159
-0.404000 0.992196
-0.400000 0.992234
-0.396000 0.992272
-0.392000 0.992310
-0.388000 0.992349
-0.384000 0.992388
-0.380000 0.992427
-0.376000 0.992467
-0.372000 0.992507
-0.368000 0.992547
-0.364000 0.992588
-0.360000 0.992628
-0.356000 0.992669
-0.352000 0.992710
-0.348000 0.992751
-0.344000 0.992793
-0.340000 0.992834
-0.336000 0.992875
-0.332000 0.992917
-0.328000 0.992958
-0.324000 0.992999
-0.320000 0.993040
-0.316000 0.993081
-0.312000 0.993122
-0.308000 0.993163
-0.304000 0.993203
-0.300000 0.993243
-0.296000 0.993283
-0.292000 0.993323
-0.288000 0.993362
-0.284000 0.993401
-0.280000 0.993440
-0.276000 0.993478
-0.272000 0.993516
-0.268000 0.993553
-0.264000 0.993590
-0.260000 0.993627
-0.256000 0.993663
-0.252000 0.993698
-0.248000 0.993733
-0.244000 0.993768
-0.240000 0.993802
-0.236000 0.993835
-0.232000 0.993868
-0.228000 0.993900
-0.224000 0.993932
-0.220000 0.993963
-0.216000 0.993994
-0.212000 0.994023
-0.208000 0.994053
-0.204000 0.994081
-0.200000 0.994109
-0.196000 0.994137
-0.192000 0.994163
-0.188000 0.994189
-0.184000 0.994215
-0.180000 0.994240
-0.176000 0.994264
-0.172000 0.994287
-0.168000 0.994310
-0.164000 0.994333
-0.160000 0.994354
-0.156000 0.994376
-0.152000 0.994396
-0.148000 0.994416
-0.144000 0.994435
-0.140000 0.994454
-0.136000 0.994472
-0.132000 0.994490
-0.128000 0.994507
-0.124000 0.994523
-0.120000 0.994539
-0.116000 0.994554
-0.112000 0.994569
-0.108000 0.994583
-0.104000 0.994597
-0.100000 0.994610
-0.096000 0.994623
-0.092000 0.994636
-0.088000 0.994647
-0.084000 0.994659
-0.080000 0.994670
-0.076000 0.994680
-0.072000 0.994691
-0.068000 0.994700
-0.064000 0.994710
-0.060000 0.994719
-0.056000 0.994727
-0.052000 0.994736
-0.048000 0.994743
-0.044000 0.994751
-0.040000 0.994758
-0.036000 0.994765
-0.032000 0.994772
-0.028000 0.994778
-0.024000 0.994784
-0.020000 0.994790
-0.016000 0.994795
-0.012000 0.994800
-0.008000 0.994805
-0.004000 0.994810
0.000000 0.994815
0.004000 0.994819
0.008000 0.994823
0.012000 0.994827
0.016000 0.994831
0.020000 0.994834
0.024000 0.994837
0.028000 0.994841
0.032000 0.994844
0.036000 0.994846
0.040000 0.994849
0.044000 0.994852
0.048000 0.994854
0.052000 0.994856
0.056000 0.994858
0.060000 0.994861
0.064000 0.994862
0.068000 0.994864
0.072000 0.994866
0.076000 0.994868
0.080000 0.994869
0.084000 0.994871
0.088000 0.994872
0.092000 0.994873
0.096000 0.994874
0.100000 0.994876
0.104000 0.994877
0.108000 0.994878
0.112000 0.994879
0.116000 0.994879
0.120000 0.994880
0.124000 0.994881
0.128000 0.994882
0.132000 0.994882
0.136000 0.994883
0.140000 0.994884
0.144000 0.994884
0.148000 0.994885
0.152000 0.994885
0.156000 0.994886
0.160000 0.994886
0.164000 0.994887
0.168000 0.994887
0.172000 0.994887
0.176000 0.994888
0.180000 0.994888
0.184000 0.994888
0.188000 0.994889
0.192000 0.994889
0.196000 0.994889
0.200000 0.994889
0.204000 0.994889
0.208000 0.994890
0.212000 0.994890
0.216000 0.994890
0.220000 0.994890
0.224000 0.994890
0.228000 0.994890
0.232000 0.994891
0.236000 0.994891
0.240000 0.994891
0.244000 0.994891
0.248000 0.994891
0.252000 0.994891
0.256000 0.994891
0.260000 0.994891
0.264000 0.994891
0.268000 0.994891
0.272000 0.994891
0.276000 0.994891
0.280000 0.994891
0.284000 0.994891
0.288000 0.994892
0.292000 0.994892
0.296000 0.994892
0.300000 0.994892
0.304000 0.994892
0.308000 0.994892
0.312000 0.994892
0.316000 0.994892
0.320000 0.994892
0.324000 0.994892
0.328000 0.994892
0.332000 0.994892
0.336000 0.994892
0.340000 0.994892
0.344000 0.994892
0.348000 0.994892
0.352000 0.994892
0.356000 0.994892
0.360000 0.994892
0.364000 0.994892
0.368000 0.994892
0.372000 0.994892
0.376000 0.994892
0.380000 0.994892
0.384000 0.994892
0.388000 0.994892
0.392000 0.994892
0.396000 0.994892
0.400000 0.994892
0.404000 0.994892
0.408000 0.994892
0.412000 0.994892
0.416000 0.994892
0.420000 0.994892
0.424000 0.994892
0.428000 0.994892
0.432000 0.994892
0.436000 0.994892
0.440000 0.994892
0.444000 0.994892
0.448000 0.994892
0.452000 0.994892
0.456000 0.994892
0.460000 0.994892
0.464000 0.994892
0.468000 0.994892
0.472000 0.994892
0.476000 0.994892
0.480000 0.994892
0.484000 0.994892
0.488000 0.994892
0.492000 0.994892
0.496000 0.994892
0.500000 0.994892
0.504000 0.994892
0.508000 0.994892
0.512000 0.994892
0.516000 0.994892
0.520000 0.994892
0.524000 0.994892
0.528000 0.994892
0.532000 0.994892
0.536000 0.994892
0.540000 0.994892
0.544000 0.994892
0.548000 0.994892
0.552000 0.994892
0.556000 0.994892
0.560000 0.994892
0.564000 0.994892
0.568000 0.994892
0.572000 0.994892
0.576000 0.994892
0.580000 0.994892
0.584000 0.994892
0.588000 0.994892
0.592000 0.994892
0.596000 0.994892
0.600000 0.994892
0.604000 0.994892
0.608000 0.994892
0.612000 0.994892
0.616000 0.994892
0.620000 0.994892
0.624000 0.994892
0.628000 0.994892
0.632000 0.994892
0.636000 0.994892
0.640000 0.994892
0.644000 0.994892
0.648000 0.994892
0.652000 0.994892
0.656000 0.994892
0.660000 0.994892
0.664000 0.994892
0.668000 0.994892
0.672000 0.994892
0.676000 0.994892
0.680000 0.994892
0.684000 0.994892
0.688000 0.994892
0.692000 0.994892
0.696000 0.994892
0.700000 0.994892
0.704000 0.994892
0.708000 0.994892
0.712000 0.994892
0.716000 0.994892
0.720000 0.994892
0.724000 0.994892
0.728000 0.994892
0.732000 0.994892
0.736000 0.994892
0.740000 0.994892
0.744000 0.994892
0.748000 0.994892
0.752000 0.994892
0.756000 0.994892
0.760000 0.994892
0.764000 0.994892
0.768000 0.994892
0.772000 0.994892
0.776000 0.994892
0.780000 0.994892
0.784000 0.994892
0.788000 0.994892
0.792000 0.994892
0.796000 0.994892
0.800000 0.994892
0.804000 0.994892
0.808000 0.994892
0.812000 0.994892
0.816000 0.994892
0.820000 0.994892
0.824000 0.994892
0.828000 0.994892
0.832000 0.994892
0.836000 0.994892
0.840000 0.994892
0.844000 0.994892
0.848000 0.994892
0.852000 0.994892
0.856000 0.994892
0.860000 0.994892
0.864000 0.994892
0.868000 0.994892
0.872000 0.994892
0.876000 0.994892
0.880000 0.994892
0.884000 0.994892
0.888000 0.994892
0.892000 0.994892
0.896000 0.994892
0.900000 0.994892
0.904000 0.994892
0.908000 0.994892
0.912000 0.994892
0.916000 0.994892
0.920000 0.994892
0.924000 0.994892
0.928000 0.994892
0.932000 0.994892
0.936000 0.994892
0.940000 0.994892
0.944000 0.994892
0.948000 0.994892
0.952000 0.994892
0.956000 0.994892
0.960000 0.994892
0.964000 0.994892
0.968000 0.994892
0.972000 0.994892
0.976000 0.994892
0.980000 0.994892
0.984000 0.994892
0.988000 0.994892
0.992000 0.994892
0.996000 0.994892
1.000000 0.994892
