-1.000000 0.991037
-0.996000 0.991037
-0.992000 0.991037
-0.988000 0.991037
-0.984000 0.991037
-0.980000 0.991037
-0.976000 0.991037
-0.972000 0.991037
-0.968000 0.991037
-0.964000 0.991037
-0.960000 0.991037
-0.956000 0.991037
-0.952000 0.991037
-0.948000 0.991037
-0.944000 0.991037
-0.940000 0.991037
-0.936000 0.991037
-0.932000 0.991037
-0.928000 0.991037
-0.924000 0.991037
-0.920000 0.991037
-0.916000 0.991037
-0.912000 0.991037
-0.908000 0.991037
-0.904000 0.991037
-0.900000 0.991037
-0.896000 0.991037
-0.892000 0.991037
-0.888000 0.991037
-0.884000 0.991037
-0.880000 0.991037
-0.876000 0.991037
-0.872000 0.991037
-0.868000 0.991037
-0.864000 0.991037
-0.860000 0.991037
-0.856000 0.991037
-0.852000 0.991037
-0.848000 0.991037
-0.844000 0.991037
-0.840000 0.991037
-0.836000 0.991037
-0.832000 0.991037
-0.828000 0.991037
-0.824000 0.991037
-0.820000 0.991037
-0.816000 0.991037
-0.812000 0.991037
-0.808000 0.991037
-0.804000 0.991037
-0.800000 0.991037
-0.796000 0.991037
-0.792000 0.991037
-0.788000 0.991037
-0.784000 0.991037
-0.780000 0.991037
-0.776000 0.991037
-0.772000 0.991037
-0.768000 0.991037
-0.764000 0.991037
-0.760000 0.991037
-0.756000 0.991037
-0.752000 0.991037
-0.748000 0.991037
-0.744000 0.991037
-0.740000 0.991037
-0.736000 0.991037
-0.732000 0.991037
-0.728000 0.991037
-0.724000 0.991037
-0.720000 0.991037
-0.716000 0.991037
-0.712000 0.991037
-0.708000 0.991037
-0.704000 0.991037
-0.700000 0.991037
-0.696000 0.991037
-0.692000 0.991037
-0.688000 0.991037
-0.684000 0.991037
-0.680000 0.991037
-0.676000 0.991037
-0.672000 0.991037
-0.668000 0.991037
-0.664000 0.991037
-0.660000 0.991037
-0.656000 0.991037
-0.652000 0.991037
-0.648000 0.991037
-0.644000 0.991037
-0.640000 0.991038
-0.636000 0.991038
-0.632000 0.991038
-0.628000 0.991038
-0.624000 0.991038
-0.620000 0.991038
-0.616000 0.991038
-0.612000 0.991038
-0.608000 0.991038
-0.604000 0.991038
-0.600000 0.991038
-0.596000 0.991039
-0.592000 0.991039
-0.588000 0.991039
-0.584000 0.991039
-0.580000 0.991039
-0.576000 0.991040
-0.572000 0.991040
-0.568000 0.991040
-0.564000 0.991040
-0.560000 0.991041
-0.556000 0.991041
-0.552000 0.991041
-0.548000 0.991042
-0.544000 0.991042
-0.540000 0.991043
-0.536000 0.991043
-0.532000 0.991044
-0.528000 0.991044
-0.524000 0.991045
-0.520000 0.991046
-0.516000 0.991046
-0.512000 0.991047
-0.508000 0.991048
-0.504000 0.991049
-0.500000 0.991050
-0.496000 0.991051
-0.492000 0.991052
-0.488000 0.991053
-0.484000 0.991054
-0.480000 0.991056
-0.476000 0.991057
-0.472000 0.991059
-0.468000 0.991060
-0.464000 0.991062
-0.460000 0.991064
-0.456000 0.991066
-0.452000 0.991068
-0.448000 0.991070
-0.444000 0.991073
-0.440000 0.991075
-0.436000 0.991078
-0.432000 0.991081
-0.428000 0.991084
-0.424000 0.991087
-0.420000 0.991090
-0.416000 0.991094
-0.412000 0.991097
-0.408000 0.991101
-0.404000 0.991105
-0.400000 0.991110
-0.396000 0.991114
-0.392000 0.991119
-0.388000 0.991124
-0.384000 0.991129
-0.380000 0.991135
-0.376000 0.991141
-0.372000 0.991147
-0.368000 0.991153
-0.364000 0.991160
-0.360000 0.991167
-0.356000 0.991174
-0.352000 0.991182
-0.348000 0.991190
-0.344000 0.991198
-0.340000 0.991207
-0.336000 0.991216
-0.332000 0.991225
-0.328000 0.991235
-0.324000 0.991245
-0.320000 0.991256
-0.316000 0.991267
-0.312000 0.991278
-0.308000 0.991290
-0.304000 0.991302
-0.300000 0.991314
-0.296000 0.991327
-0.292000 0.991341
-0.288000 0.991355
-0.284000 0.991369
-0.280000 0.991384
-0.276000 0.991399
-0.272000 0.991415
-0.268000 0.991432
-0.264000 0.991448
-0.260000 0.991466
-0.256000 0.991483
-0.252000 0.991502
-0.248000 0.991520
-0.244000 0.991539
-0.240000 0.991559
-0.236000 0.991579
-0.232000 0.991600
-0.228000 0.991621
-0.224000 0.991643
-0.220000 0.991665
-0.216000 0.991688
-0.212000 0.991711
-0.208000 0.991735
-0.204000 0.991759
-0.200000 0.991783
-0.196000 0.991809
-0.192000 0.991834
-0.188000 0.991860
-0.184000 0.991887
-0.180000 0.991914
-0.176000 0.991941
-0.172000 0.991969
-0.168000 0.991997
-0.164000 0.992025
-0.160000 0.992055
-0.156000 0.992084
-0.152000 0.992114
-0.148000 0.992144
-0.144000 0.992174
-0.140000 0.992205
-0.136000 0.992236
-0.132000 0.992268
-0.128000 0.992300
-0.124000 0.992332
-0.120000 0.992364
-0.116000 0.992397
-0.112000 0.992430
-0.108000 0.992463
-0.104000 0.992496
-0.100000 0.992530
-0.096000 0.992563
-0.092000 0.992597
-0.088000 0.992631
-0.084000 0.992665
-0.080000 0.992700
-0.076000 0.992734
-0.072000 0.992768
-0.068000 0.992803
-0.064000 0.992837
-0.060000 0.992872
-0.056000 0.992906
-0.052000 0.992941
-0.048000 0.992975
-0.044000 0.993010
-0.040000 0.993044
-0.036000 0.993078
-0.032000 0.993112
-0.028000 0.993147
-0.024000 0.993180
-0.020000 0.993214
-0.016000 0.993248
-0.012000 0.993281
-0.008000 0.993315
-0.004000 0.993348
0.000000 0.993380
0.004000 0.993413
0.008000 0.993445
0.012000 0.993478
0.016000 0.993509
0.020000 0.993541
0.024000 0.993572
0.028000 0.993603
0.032000 0.993634
0.036000 0.993664
0.040000 0.993694
0.044000 0.993723
0.048000 0.993752
0.052000 0.993781
0.056000 0.993810
0.060000 0.993838
0.064000 0.993865
0.068000 0.993893
0.072000 0.993919
0.076000 0.993946
0.080000 0.993972
0.084000 0.993997
0.088000 0.994023
0.092000 0.994047
0.096000 0.994072
0.100000 0.994095
0.104000 0.994119
0.108000 0.994142
0.112000 0.994164
0.116000 0.994186
0.120000 0.994208
0.124000 0.994229
0.128000 0.994250
0.132000 0.994270
0.136000 0.994290
0.140000 0.994309
0.144000 0.994328
0.148000 0.994347
0.152000 0.994365
0.156000 0.994383
0.160000 0.994400
0.164000 0.994417
0.168000 0.994433
0.172000 0.994449
0.176000 0.994464
0.180000 0.994479
0.184000 0.994494
0.188000 0.994509
0.192000 0.994522
0.196000 0.994536
0.200000 0.994549
0.204000 0.994562
0.208000 0.994574
0.212000 0.994586
0.216000 0.994598
0.220000 0.994609
0.224000 0.994620
0.228000 0.994631
0.232000 0.994641
0.236000 0.994651
0.240000 0.994661
0.244000 0.994670
0.248000 0.994679
0.252000 0.994688
0.256000 0.994696
0.260000 0.994704
0.264000 0.994712
0.268000 0.994720
0.272000 0.994727
0.276000 0.994734
0.280000 0.994741
0.284000 0.994747
0.288000 0.994754
0.292000 0.994760
0.296000 0.994766
0.300000 0.994771
0.304000 0.994777
0.308000 0.994782
0.312000 0.994787
0.316000 0.994792
0.320000 0.994796
0.324000 0.994801
0.328000 0.994805
0.332000 0.994809
0.336000 0.994813
0.340000 0.994817
0.344000 0.994820
0.348000 0.994824
0.352000 0.994827
0.356000 0.994830
0.360000 0.994833
0.364000 0.994836
0.368000 0.994839
0.372000 0.994842
0.376000 0.994844
0.380000 0.994847
0.384000 0.994849
0.388000 0.994851
0.392000 0.994853
0.396000 0.994855
0.400000 0.994857
0.404000 0.994859
0.408000 0.994861
0.412000 0.994862
0.416000 0.994864
0.420000 0.994865
0.424000 0.994867
0.428000 0.994868
0.432000 0.994869
0.436000 0.994871
0.440000 0.994872
0.444000 0.994873
0.448000 0.994874
0.452000 0.994875
0.456000 0.994876
0.460000 0.994877
0.464000 0.994878
0.468000 0.994879
0.472000 0.994879
0.476000 0.994880
0.480000 0.994881
0.484000 0.994881
0.488000 0.994882
0.492000 0.994883
0.496000 0.994883
0.500000 0.994884
0.504000 0.994884
0.508000 0.994885
0.512000 0.994885
0.516000 0.994885
0.520000 0.994886
0.524000 0.994886
0.528000 0.994887
0.532000 0.994887
0.536000 0.994887
0.540000 0.994887
0.544000 0.994888
0.548000 0.994888
0.552000 0.994888
0.556000 0.994889
0.560000 0.994889
0.564000 0.994889
0.568000 0.994889
0.572000 0.994889
0.576000 0.994889
0.580000 0.994890
0.584000 0.994890
0.588000 0.994890
0.592000 0.994890
0.596000 0.994890
0.600000 0.994890
0.604000 0.994890
0.608000 0.994891
0.612000 0.994891
0.616000 0.994891
0.620000 0.994891
0.624000 0.994891
0.628000 0.994891
0.632000 0.994891
0.636000 0.994891
0.640000 0.994891
0.644000 0.994891
0.648000 0.994891
0.652000 0.994891
0.656000 0.994891
0.660000 0.994891
0.664000 0.994891
0.668000 0.994891
0.672000 0.994892
0.676000 0.994892
0.680000 0.994892
0.684000 0.994892
0.688000 0.994892
0.692000 0.994892
0.696000 0.994892
0.700000 0.994892
0.704000 0.994892
0.708000 0.994892
0.712000 0.994892
0.716000 0.994892
0.720000 0.994892
0.724000 0.994892
0.728000 0.994892
0.732000 0.994892
0.736000 0.994892
0.740000 0.994892
0.744000 0.994892
0.748000 0.994892
0.752000 0.994892
0.756000 0.994892
0.760000 0.994892
0.764000 0.994892
0.768000 0.994892
0.772000 0.994892
0.776000 0.994892
0.780000 0.994892
0.784000 0.994892
0.788000 0.994892
0.792000 0.994892
0.796000 0.994892
0.800000 0.994892
0.804000 0.994892
0.808000 0.994892
0.812000 0.994892
0.816000 0.994892
0.820000 0.994892
0.824000 0.994892
0.828000 0.994892
0.832000 0.994892
0.836000 0.994892
0.840000 0.994892
0.844000 0.994892
0.848000 0.994892
0.852000 0.994892
0.856000 0.994892
0.860000 0.994892
0.864000 0.994892
0.868000 0.994892
0.872000 0.994892
0.876000 0.994892
0.880000 0.994892
0.884000 0.994892
0.888000 0.994892
0.892000 0.994892
0.896000 0.994892
0.900000 0.994892
0.904000 0.994892
0.908000 0.994892
0.912000 0.994892
0.916000 0.994892
0.920000 0.994892
0.924000 0.994892
0.928000 0.994892
0.932000 0.994892
0.936000 0.994892
0.940000 0.994892
0.944000 0.994892
0.948000 0.994892
0.952000 0.994892
0.956000 0.994892
0.960000 0.994892
0.964000 0.994892
0.968000 0.994892
0.972000 0.994892
0.976000 0.994892
0.980000 0.994892
0.984000 0.994892
0.988000 0.994892
0.992000 0.994892
0.996000 0.994892
1.000000 0.994892
