-1.000000 0.992919
-0.996000 0.992919
-0.992000 0.992919
-0.988000 0.992919
-0.984000 0.992919
-0.980000 0.992919
-0.976000 0.992919
-0.972000 0.992919
-0.968000 0.992919
-0.964000 0.992919
-0.960000 0.992919
-0.956000 0.992919
-0.952000 0.992919
-0.948000 0.992919
-0.944000 0.992919
-0.940000 0.992919
-0.936000 0.992919
-0.932000 0.992919
-0.928000 0.992919
-0.924000 0.992919
-0.920000 0.992919
-0.916000 0.992919
-0.912000 0.992919
-0.908000 0.992919
-0.904000 0.992919
-0.900000 0.992919
-0.896000 0.992919
-0.892000 0.992919
-0.888000 0.992919
-0.884000 0.992919
-0.880000 0.992919
-0.876000 0.992919
-0.872000 0.992919
-0.868000 0.992919
-0.864000 0.992919
-0.860000 0.992919
-0.856000 0.992919
-0.852000 0.992919
-0.848000 0.992919
-0.844000 0.992919
-0.840000 0.992919
-0.836000 0.992919
-0.832000 0.992919
-0.828000 0.992919
-0.824000 0.992919
-0.820000 0.992919
-0.816000 0.992919
-0.812000 0.992919
-0.808000 0.992919
-0.804000 0.992919
-0.800000 0.992919
-0.796000 0.992919
-0.792000 0.992919
-0.788000 0.992919
-0.784000 0.992919
-0.780000 0.992919
-0.776000 0.992919
-0.772000 0.992919
-0.768000 0.992919
-0.764000 0.992919
-0.760000 0.992919
-0.756000 0.992919
-0.752000 0.992919
-0.748000 0.992919
-0.744000 0.992919
-0.740000 0.992919
-0.736000 0.992919
-0.732000 0.992919
-0.728000 0.992919
-0.724000 0.992919
-0.720000 0.992919
-0.716000 0.992919
-0.712000 0.992919
-0.708000 0.992919
-0.704000 0.992919
-0.700000 0.992919
-0.696000 0.992919
-0.692000 0.992919
-0.688000 0.992919
-0.684000 0.992919
-0.680000 0.992919
-0.676000 0.992919
-0.672000 0.992919
-0.668000 0.992919
-0.664000 0.992919
-0.660000 0.992919
-0.656000 0.992919
-0.652000 0.992919
-0.648000 0.992919
-0.644000 0.992919
-0.640000 0.992919
-0.636000 0.992919
-0.632000 0.992919
-0.628000 0.992919
-0.624000 0.992919
-0.620000 0.992919
-0.616000 0.992919
-0.612000 0.992919
-0.608000 0.992919
-0.604000 0.992919
-0.600000 0.992919
-0.596000 0.992919
-0.592000 0.992919
-0.588000 0.992919
-0.584000 0.992919
-0.580000 0.992919
-0.576000 0.992919
-0.572000 0.992919
-0.568000 0.992919
-0.564000 0.992919
-0.560000 0.992919
-0.556000 0.992919
-0.552000 0.992919
-0.548000 0.992919
-0.544000 0.992919
-0.540000 0.992919
-0.536000 0.992919
-0.532000 0.992919
-0.528000 0.992919
-0.524000 0.992919
-0.520000 0.992919
-0.516000 0.992919
-0.512000 0.992919
-0.508000 0.992919
-0.504000 0.992919
-0.500000 0.992919
-0.496000 0.992919
-0.492000 0.992919
-0.488000 0.992919
-0.484000 0.992919
-0.480000 0.992919
-0.476000 0.992920
-0.472000 0.992920
-0.468000 0.992920
-0.464000 0.992920
-0.460000 0.992920
-0.456000 0.992920
-0.452000 0.992920
-0.448000 0.992920
-0.444000 0.992920
-0.440000 0.992920
-0.436000 0.992920
-0.432000 0.992920
-0.428000 0.992921
-0.424000 0.992921
-0.420000 0.992921
-0.416000 0.992921
-0.412000 0.992921
-0.408000 0.992921
-0.404000 0.992922
-0.400000 0.992922
-0.396000 0.992922
-0.392000 0.992922
-0.388000 0.992923
-0.384000 0.992923
-0.380000 0.992923
-0.376000 0.992924
-0.372000 0.992924
-0.368000 0.992924
-0.364000 0.992925
-0.360000 0.992925
-0.356000 0.992926
-0.352000 0.992926
-0.348000 0.992927
-0.344000 0.992928
-0.340000 0.992928
-0.336000 0.992929
-0.332000 0.992930
-0.328000 0.992931
-0.324000 0.992931
-0.320000 0.992932
-0.316000 0.992933
-0.312000 0.992934
-0.308000 0.992936
-0.304000 0.992937
-0.300000 0.992938
-0.296000 0.992939
-0.292000 0.992941
-0.288000 0.992942
-0.284000 0.992944
-0.280000 0.992946
-0.276000 0.992948
-0.272000 0.992949
-0.268000 0.992951
-0.264000 0.992954
-0.260000 0.992956
-0.256000 0.992958
-0.252000 0.992961
-0.248000 0.992964
-0.244000 0.992966
-0.240000 0.992969
-0.236000 0.992973
-0.232000 0.992976
-0.228000 0.992979
-0.224000 0.992983
-0.220000 0.992987
-0.216000 0.992991
-0.212000 0.992995
-0.208000 0.993000
-0.204000 0.993005
-0.200000 0.993010
-0.196000 0.993015
-0.192000 0.993020
-0.188000 0.993026
-0.184000 0.993032
-0.180000 0.993038
-0.176000 0.993045
-0.172000 0.993052
-0.168000 0.993059
-0.164000 0.993066
-0.160000 0.993074
-0.156000 0.993082
-0.152000 0.993091
-0.148000 0.993100
-0.144000 0.993109
-0.140000 0.993119
-0.136000 0.993129
-0.132000 0.993139
-0.128000 0.993150
-0.124000 0.993161
-0.120000 0.993173
-0.116000 0.993185
-0.112000 0.993197
-0.108000 0.993210
-0.104000 0.993224
-0.100000 0.993238
-0.096000 0.993252
-0.092000 0.993267
-0.088000 0.993283
-0.084000 0.993299
-0.080000 0.993316
-0.076000 0.993333
-0.072000 0.993350
-0.068000 0.993369
-0.064000 0.993388
-0.060000 0.993407
-0.056000 0.993427
-0.052000 0.993448
-0.048000 0.993469
-0.044000 0.993491
-0.040000 0.993513
-0.036000 0.993536
-0.032000 0.993560
-0.028000 0.993585
-0.024000 0.993610
-0.020000 0.993635
-0.016000 0.993662
-0.012000 0.993689
-0.008000 0.993717
-0.004000 0.993745
0.000000 0.993774
0.004000 0.993804
0.008000 0.993834
0.012000 0.993865
0.016000 0.993897
0.020000 0.993930
0.024000 0.993963
0.028000 0.993997
0.032000 0.994031
0.036000 0.994067
0.040000 0.994103
0.044000 0.994139
0.048000 0.994176
0.052000 0.994214
0.056000 0.994253
0.060000 0.994292
0.064000 0.994332
0.068000 0.994373
0.072000 0.994414
0.076000 0.994456
0.080000 0.994499
0.084000 0.994542
0.088000 0.994585
0.092000 0.994630
0.096000 0.994675
0.100000 0.994720
0.104000 0.994766
0.108000 0.994813
0.112000 0.994860
0.116000 0.994908
0.120000 0.994956
0.124000 0.995005
0.128000 0.995054
0.132000 0.995104
0.136000 0.995154
0.140000 0.995204
0.144000 0.995255
0.148000 0.995306
0.152000 0.995358
0.156000 0.995410
0.160000 0.995463
0.164000 0.995515
0.168000 0.995569
0.172000 0.995622
0.176000 0.995675
0.180000 0.995729
0.184000 0.995783
0.188000 0.995838
0.192000 0.995892
0.196000 0.995947
0.200000 0.996002
0.204000 0.996057
0.208000 0.996112
0.212000 0.996167
0.216000 0.996222
0.220000 0.996277
0.224000 0.996332
0.228000 0.996388
0.232000 0.996443
0.236000 0.996498
0.240000 0.996553
0.244000 0.996608
0.248000 0.996663
0.252000 0.996718
0.256000 0.996773
0.260000 0.996827
0.264000 0.996881
0.268000 0.996935
0.272000 0.996989
0.276000 0.997043
0.280000 0.997096
0.284000 0.997149
0.288000 0.997202
0.292000 0.997254
0.296000 0.997307
0.300000 0.997358
0.304000 0.997410
0.308000 0.997461
0.312000 0.997511
0.316000 0.997562
0.320000 0.997611
0.324000 0.997661
0.328000 0.997710
0.332000 0.997758
0.336000 0.997806
0.340000 0.997853
0.344000 0.997900
0.348000 0.997947
0.352000 0.997993
0.356000 0.998038
0.360000 0.998083
0.364000 0.998127
0.368000 0.998171
0.372000 0.998214
0.376000 0.998256
0.380000 0.998298
0.384000 0.998340
0.388000 0.998380
0.392000 0.998421
0.396000 0.998460
0.400000 0.998499
0.404000 0.998537
0.408000 0.998575
0.412000 0.998612
0.416000 0.998649
0.420000 0.998685
0.424000 0.998720
0.428000 0.998754
0.432000 0.998788
0.436000 0.998822
0.440000 0.998855
0.444000 0.998887
0.448000 0.998918
0.452000 0.998949
0.456000 0.998979
0.460000 0.999009
0.464000 0.999038
0.468000 0.999066
0.472000 0.999094
0.476000 0.999121
0.480000 0.999148
0.484000 0.999174
0.488000 0.999199
0.492000 0.999224
0.496000 0.999248
0.500000 0.999272
0.504000 0.999295
0.508000 0.999318
0.512000 0.999340
0.516000 0.999361
0.520000 0.999382
0.524000 0.999403
0.528000 0.999422
0.532000 0.999442
0.536000 0.999461
0.540000 0.999479
0.544000 0.999497
0.548000 0.999514
0.552000 0.999531
0.556000 0.999547
0.560000 0.999563
0.564000 0.999579
0.568000 0.999594
0.572000 0.999608
0.576000 0.999623
0.580000 0.999636
0.584000 0.999650
0.588000 0.999663
0.592000 0.999675
0.596000 0.999687
0.600000 0.999699
0.604000 0.999711
0.608000 0.999722
0.612000 0.999732
0.616000 0.999743
0.620000 0.999753
0.624000 0.999762
0.628000 0.999772
0.632000 0.999781
0.636000 0.999789
0.640000 0.999798
0.644000 0.999806
0.648000 0.999814
0.652000 0.999822
0.656000 0.999829
0.660000 0.999836
0.664000 0.999843
0.668000 0.999849
0.672000 0.999856
0.676000 0.999862
0.680000 0.999868
0.684000 0.999873
0.688000 0.999879
0.692000 0.999884
0.696000 0.999889
0.700000 0.999894
0.704000 0.999898
0.708000 0.999903
0.712000 0.999907
0.716000 0.999911
0.720000 0.999915
0.724000 0.999919
0.728000 0.999923
0.732000 0.999926
0.736000 0.999930
0.740000 0.999933
0.744000 0.999936
0.748000 0.999939
0.752000 0.999942
0.756000 0.999945
0.760000 0.999947
0.764000 0.999950
0.768000 0.999952
0.772000 0.999954
0.776000 0.999957
0.780000 0.999959
0.784000 0.999961
0.788000 0.999963
0.792000 0.999964
0.796000 0.999966
0.800000 0.999968
0.804000 0.999969
0.808000 0.999971
0.812000 0.999972
0.816000 0.999974
0.820000 0.999975
0.824000 0.999976
0.828000 0.999978
0.832000 0.999979
0.836000 0.999980
0.840000 0.999981
0.844000 0.999982
0.848000 0.999983
0.852000 0.999984
0.856000 0.999985
0.860000 0.999985
0.864000 0.999986
0.868000 0.999987
0.872000 0.999988
0.876000 0.999988
0.880000 0.999989
0.884000 0.999990
0.888000 0.999990
0.892000 0.999991
0.896000 0.999991
0.900000 0.999992
0.904000 0.999992
0.908000 0.999993
0.912000 0.999993
0.916000 0.999993
0.920000 0.999994
0.924000 0.999994
0.928000 0.999994
0.932000 0.999995
0.936000 0.999995
0.940000 0.999995
0.944000 0.999996
0.948000 0.999996
0.952000 0.999996
0.956000 0.999996
0.960000 0.999997
0.964000 0.999997
0.968000 0.999997
0.972000 0.999997
0.976000 0.999997
0.980000 0.999997
0.984000 0.999998
0.988000 0.999998
0.992000 0.999998
0.996000 0.999998
1.000000 0.999999
