-1.000000 0.997928
-0.996000 0.997928
-0.992000 0.997928
-0.988000 0.997928
-0.984000 0.997928
-0.980000 0.997928
-0.976000 0.997928
-0.972000 0.997928
-0.968000 0.997928
-0.964000 0.997928
-0.960000 0.997928
-0.956000 0.997928
-0.952000 0.997928
-0.948000 0.997928
-0.944000 0.997928
-0.940000 0.997928
-0.936000 0.997928
-0.932000 0.997928
-0.928000 0.997928
-0.924000 0.997928
-0.920000 0.997928
-0.916000 0.997928
-0.912000 0.997928
-0.908000 0.997928
-0.904000 0.997928
-0.900000 0.997928
-0.896000 0.997928
-0.892000 0.997928
-0.888000 0.997928
-0.884000 0.997928
-0.880000 0.997928
-0.876000 0.997928
-0.872000 0.997928
-0.868000 0.997928
-0.864000 0.997928
-0.860000 0.997928
-0.856000 0.997928
-0.852000 0.997928
-0.848000 0.997928
-0.844000 0.997928
-0.840000 0.997928
-0.836000 0.997928
-0.832000 0.997928
-0.828000 0.997928
-0.824000 0.997928
-0.820000 0.997928
-0.816000 0.997928
-0.812000 0.997928
-0.808000 0.997928
-0.804000 0.997928
-0.800000 0.997928
-0.796000 0.997928
-0.792000 0.997928
-0.788000 0.997928
-0.784000 0.997928
-0.780000 0.997928
-0.776000 0.997928
-0.772000 0.997928
-0.768000 0.997928
-0.764000 0.997928
-0.760000 0.997928
-0.756000 0.997928
-0.752000 0.997928
-0.748000 0.997928
-0.744000 0.997928
-0.740000 0.997928
-0.736000 0.997928
-0.732000 0.997928
-0.728000 0.997928
-0.724000 0.997928
-0.720000 0.997928
-0.716000 0.997928
-0.712000 0.997928
-0.708000 0.997928
-0.704000 0.997928
-0.700000 0.997928
-0.696000 0.997928
-0.692000 0.997928
-0.688000 0.997928
-0.684000 0.997928
-0.680000 0.997928
-0.676000 0.997928
-0.672000 0.997928
-0.668000 0.997928
-0.664000 0.997928
-0.660000 0.997928
-0.656000 0.997928
-0.652000 0.997928
-0.648000 0.997928
-0.644000 0.997928
-0.640000 0.997928
-0.636000 0.997928
-0.632000 0.997928
-0.628000 0.997928
-0.624000 0.997928
-0.620000 0.997928
-0.616000 0.997927
-0.612000 0.997927
-0.608000 0.997927
-0.604000 0.997927
-0.600000 0.997927
-0.596000 0.997927
-0.592000 0.997927
-0.588000 0.997927
-0.584000 0.997927
-0.580000 0.997927
-0.576000 0.997926
-0.572000 0.997926
-0.568000 0.997926
-0.564000 0.997926
-0.560000 0.997926
-0.556000 0.997926
-0.552000 0.997925
-0.548000 0.997925
-0.544000 0.997925
-0.540000 0.997924
-0.536000 0.997924
-0.532000 0.997924
-0.528000 0.997923
-0.524000 0.997923
-0.520000 0.997922
-0.516000 0.997922
-0.512000 0.997921
-0.508000 0.997921
-0.504000 0.997920
-0.500000 0.997919
-0.496000 0.997919
-0.492000 0.997918
-0.488000 0.997917
-0.484000 0.997916
-0.480000 0.997915
-0.476000 0.997914
-0.472000 0.997913
-0.468000 0.997912
-0.464000 0.997910
-0.460000 0.997909
-0.456000 0.997907
-0.452000 0.997906
-0.448000 0.997904
-0.444000 0.997902
-0.440000 0.997900
-0.436000 0.997898
-0.432000 0.997895
-0.428000 0.997893
-0.424000 0.997890
-0.420000 0.997888
-0.416000 0.997885
-0.412000 0.997882
-0.408000 0.997878
-0.404000 0.997875
-0.400000 0.997871
-0.396000 0.997867
-0.392000 0.997863
-0.388000 0.997859
-0.384000 0.997854
-0.380000 0.997849
-0.376000 0.997844
-0.372000 0.997838
-0.368000 0.997832
-0.364000 0.997826
-0.360000 0.997820
-0.356000 0.997813
-0.352000 0.997806
-0.348000 0.997798
-0.344000 0.997791
-0.340000 0.997782
-0.336000 0.997774
-0.332000 0.997765
-0.328000 0.997755
-0.324000 0.997745
-0.320000 0.997735
-0.316000 0.997724
-0.312000 0.997712
-0.308000 0.997700
-0.304000 0.997688
-0.300000 0.997675
-0.296000 0.997661
-0.292000 0.997647
-0.288000 0.997632
-0.284000 0.997617
-0.280000 0.997601
-0.276000 0.997584
-0.272000 0.997567
-0.268000 0.997549
-0.264000 0.997531
-0.260000 0.997512
-0.256000 0.997492
-0.252000 0.997471
-0.248000 0.997450
-0.244000 0.997428
-0.240000 0.997405
-0.236000 0.997381
-0.232000 0.997357
-0.228000 0.997332
-0.224000 0.997306
-0.220000 0.997279
-0.216000 0.997251
-0.212000 0.997223
-0.208000 0.997194
-0.204000 0.997164
-0.200000 0.997133
-0.196000 0.997101
-0.192000 0.997069
-0.188000 0.997035
-0.184000 0.997001
-0.180000 0.996966
-0.176000 0.996930
-0.172000 0.996893
-0.168000 0.996856
-0.164000 0.996817
-0.160000 0.996778
-0.156000 0.996738
-0.152000 0.996697
-0.148000 0.996655
-0.144000 0.996612
-0.140000 0.996569
-0.136000 0.996524
-0.132000 0.996479
-0.128000 0.996433
-0.124000 0.996387
-0.120000 0.996339
-0.116000 0.996291
-0.112000 0.996242
-0.108000 0.996192
-0.104000 0.996142
-0.100000 0.996091
-0.096000 0.996039
-0.092000 0.995987
-0.088000 0.995934
-0.084000 0.995880
-0.080000 0.995826
-0.076000 0.995771
-0.072000 0.995716
-0.068000 0.995660
-0.064000 0.995604
-0.060000 0.995547
-0.056000 0.995490
-0.052000 0.995432
-0.048000 0.995374
-0.044000 0.995316
-0.040000 0.995257
-0.036000 0.995198
-0.032000 0.995139
-0.028000 0.995079
-0.024000 0.995019
-0.020000 0.994959
-0.016000 0.994899
-0.012000 0.994839
-0.008000 0.994778
-0.004000 0.994718
0.000000 0.994657
0.004000 0.994597
0.008000 0.994536
0.012000 0.994476
0.016000 0.994415
0.020000 0.994355
0.024000 0.994295
0.028000 0.994235
0.032000 0.994175
0.036000 0.994115
0.040000 0.994056
0.044000 0.993996
0.048000 0.993938
0.052000 0.993879
0.056000 0.993821
0.060000 0.993763
0.064000 0.993706
0.068000 0.993649
0.072000 0.993592
0.076000 0.993536
0.080000 0.993481
0.084000 0.993425
0.088000 0.993371
0.092000 0.993317
0.096000 0.993264
0.100000 0.993211
0.104000 0.993158
0.108000 0.993107
0.112000 0.993056
0.116000 0.993005
0.120000 0.992956
0.124000 0.992907
0.128000 0.992858
0.132000 0.992811
0.136000 0.992764
0.140000 0.992718
0.144000 0.992672
0.148000 0.992627
0.152000 0.992583
0.156000 0.992540
0.160000 0.992498
0.164000 0.992456
0.168000 0.992415
0.172000 0.992375
0.176000 0.992335
0.180000 0.992297
0.184000 0.992259
0.188000 0.992222
0.192000 0.992185
0.196000 0.992150
0.200000 0.992115
0.204000 0.992081
0.208000 0.992048
0.212000 0.992015
0.216000 0.991983
0.220000 0.991952
0.224000 0.991922
0.228000 0.991892
0.232000 0.991864
0.236000 0.991835
0.240000 0.991808
0.244000 0.991781
0.248000 0.991755
0.252000 0.991730
0.256000 0.991705
0.260000 0.991682
0.264000 0.991658
0.268000 0.991636
0.272000 0.991614
0.276000 0.991592
0.280000 0.991572
0.284000 0.991552
0.288000 0.991532
0.292000 0.991513
0.296000 0.991495
0.300000 0.991477
0.304000 0.991460
0.308000 0.991443
0.312000 0.991427
0.316000 0.991412
0.320000 0.991396
0.324000 0.991382
0.328000 0.991368
0.332000 0.991354
0.336000 0.991341
0.340000 0.991328
0.344000 0.991316
0.348000 0.991304
0.352000 0.991293
0.356000 0.991282
0.360000 0.991271
0.364000 0.991261
0.368000 0.991251
0.372000 0.991242
0.376000 0.991233
0.380000 0.991224
0.384000 0.991216
0.388000 0.991208
0.392000 0.991200
0.396000 0.991193
0.400000 0.991185
0.404000 0.991179
0.408000 0.991172
0.412000 0.991166
0.416000 0.991160
0.420000 0.991154
0.424000 0.991148
0.428000 0.991143
0.432000 0.991138
0.436000 0.991133
0.440000 0.991128
0.444000 0.991124
0.448000 0.991119
0.452000 0.991115
0.456000 0.991111
0.460000 0.991108
0.464000 0.991104
0.468000 0.991101
0.472000 0.991098
0.476000 0.991094
0.480000 0.991091
0.484000 0.991089
0.488000 0.991086
0.492000 0.991083
0.496000 0.991081
0.500000 0.991079
0.504000 0.991076
0.508000 0.991074
0.512000 0.991072
0.516000 0.991070
0.520000 0.991069
0.524000 0.991067
0.528000 0.991065
0.532000 0.991064
0.536000 0.991062
0.540000 0.991061
0.544000 0.991060
0.548000 0.991058
0.552000 0.991057
0.556000 0.991056
0.560000 0.991055
0.564000 0.991054
0.568000 0.991053
0.572000 0.991052
0.576000 0.991051
0.580000 0.991050
0.584000 0.991050
0.588000 0.991049
0.592000 0.991048
0.596000 0.991047
0.600000 0.991047
0.604000 0.991046
0.608000 0.991046
0.612000 0.991045
0.616000 0.991045
0.620000 0.991044
0.624000 0.991044
0.628000 0.991043
0.632000 0.991043
0.636000 0.991043
0.640000 0.991042
0.644000 0.991042
0.648000 0.991042
0.652000 0.991041
0.656000 0.991041
0.660000 0.991041
0.664000 0.991041
0.668000 0.991040
0.672000 0.991040
0.676000 0.991040
0.680000 0.991040
0.684000 0.991040
0.688000 0.991039
0.692000 0.991039
0.696000 0.991039
0.700000 0.991039
0.704000 0.991039
0.708000 0.991039
0.712000 0.991039
0.716000 0.991038
0.720000 0.991038
0.724000 0.991038
0.728000 0.991038
0.732000 0.991038
0.736000 0.991038
0.740000 0.991038
0.744000 0.991038
0.748000 0.991038
0.752000 0.991038
0.756000 0.991038
0.760000 0.991038
0.764000 0.991038
0.768000 0.991038
0.772000 0.991038
0.776000 0.991038
0.780000 0.991037
0.784000 0.991037
0.788000 0.991037
0.792000 0.991037
0.796000 0.991037
0.800000 0.991037
0.804000 0.991037
0.808000 0.991037
0.812000 0.991037
0.816000 0.991037
0.820000 0.991037
0.824000 0.991037
0.828000 0.991037
0.832000 0.991037
0.836000 0.991037
0.840000 0.991037
0.844000 0.991037
0.848000 0.991037
0.852000 0.991037
0.856000 0.991037
0.860000 0.991037
0.864000 0.991037
0.868000 0.991037
0.872000 0.991037
0.876000 0.991037
0.880000 0.991037
0.884000 0.991037
0.888000 0.991037
0.892000 0.991037
0.896000 0.991037
0.900000 0.991037
0.904000 0.991037
0.908000 0.991037
0.912000 0.991037
0.916000 0.991037
0.920000 0.991037
0.924000 0.991037
0.928000 0.991037
0.932000 0.991037
0.936000 0.991037
0.940000 0.991037
0.944000 0.991037
0.948000 0.991037
0.952000 0.991037
0.956000 0.991037
0.960000 0.991037
0.964000 0.991037
0.968000 0.991037
0.972000 0.991037
0.976000 0.991037
0.980000 0.991037
0.984000 0.991037
0.988000 0.991037
0.992000 0.991037
0.996000 0.991037
1.000000 0.991037
