-1.000000 0.997928
-0.996000 0.997928
-0.992000 0.997928
-0.988000 0.997928
-0.984000 0.997928
-0.980000 0.997928
-0.976000 0.997928
-0.972000 0.997928
-0.968000 0.997928
-0.964000 0.997928
-0.960000 0.997928
-0.956000 0.997928
-0.952000 0.997928
-0.948000 0.997928
-0.944000 0.997928
-0.940000 0.997928
-0.936000 0.997928
-0.932000 0.997928
-0.928000 0.997928
-0.924000 0.997928
-0.920000 0.997928
-0.916000 0.997928
-0.912000 0.997928
-0.908000 0.997928
-0.904000 0.997928
-0.900000 0.997928
-0.896000 0.997928
-0.892000 0.997928
-0.888000 0.997928
-0.884000 0.997928
-0.880000 0.997928
-0.876000 0.997928
-0.872000 0.997928
-0.868000 0.997928
-0.864000 0.997928
-0.860000 0.997928
-0.856000 0.997928
-0.852000 0.997928
-0.848000 0.997928
-0.844000 0.997928
-0.840000 0.997928
-0.836000 0.997928
-0.832000 0.997928
-0.828000 0.997928
-0.824000 0.997928
-0.820000 0.997928
-0.816000 0.997928
-0.812000 0.997928
-0.808000 0.997928
-0.804000 0.997928
-0.800000 0.997928
-0.796000 0.997928
-0.792000 0.997928
-0.788000 0.997928
-0.784000 0.997928
-0.780000 0.997928
-0.776000 0.997928
-0.772000 0.997928
-0.768000 0.997928
-0.764000 0.997928
-0.760000 0.997928
-0.756000 0.997928
-0.752000 0.997928
-0.748000 0.997928
-0.744000 0.997928
-0.740000 0.997928
-0.736000 0.997928
-0.732000 0.997928
-0.728000 0.997928
-0.724000 0.997928
-0.720000 0.997928
-0.716000 0.997928
-0.712000 0.997928
-0.708000 0.997928
-0.704000 0.997928
-0.700000 0.997928
-0.696000 0.997928
-0.692000 0.997928
-0.688000 0.997928
-0.684000 0.997928
-0.680000 0.997928
-0.676000 0.997928
-0.672000 0.997928
-0.668000 0.997928
-0.664000 0.997928
-0.660000 0.997928
-0.656000 0.997928
-0.652000 0.997928
-0.648000 0.997928
-0.644000 0.997928
-0.640000 0.997928
-0.636000 0.997928
-0.632000 0.997928
-0.628000 0.997928
-0.624000 0.997928
-0.620000 0.997928
-0.616000 0.997928
-0.612000 0.997928
-0.608000 0.997928
-0.604000 0.997928
-0.600000 0.997928
-0.596000 0.997928
-0.592000 0.997928
-0.588000 0.997928
-0.584000 0.997928
-0.580000 0.997928
-0.576000 0.997928
-0.572000 0.997928
-0.568000 0.997928
-0.564000 0.997928
-0.560000 0.997928
-0.556000 0.997928
-0.552000 0.997928
-0.548000 0.997928
-0.544000 0.997928
-0.540000 0.997928
-0.536000 0.997928
-0.532000 0.997928
-0.528000 0.997928
-0.524000 0.997928
-0.520000 0.997928
-0.516000 0.997928
-0.512000 0.997928
-0.508000 0.997928
-0.504000 0.997928
-0.500000 0.997928
-0.496000 0.997928
-0.492000 0.997928
-0.488000 0.997928
-0.484000 0.997928
-0.480000 0.997928
-0.476000 0.997928
-0.472000 0.997928
-0.468000 0.997928
-0.464000 0.997928
-0.460000 0.997928
-0.456000 0.997928
-0.452000 0.997928
-0.448000 0.997928
-0.444000 0.997928
-0.440000 0.997928
-0.436000 0.997928
-0.432000 0.997928
-0.428000 0.997928
-0.424000 0.997928
-0.420000 0.997928
-0.416000 0.997928
-0.412000 0.997928
-0.408000 0.997928
-0.404000 0.997928
-0.400000 0.997928
-0.396000 0.997928
-0.392000 0.997928
-0.388000 0.997928
-0.384000 0.997928
-0.380000 0.997928
-0.376000 0.997928
-0.372000 0.997928
-0.368000 0.997928
-0.364000 0.997928
-0.360000 0.997928
-0.356000 0.997928
-0.352000 0.997928
-0.348000 0.997928
-0.344000 0.997928
-0.340000 0.997928
-0.336000 0.997928
-0.332000 0.997928
-0.328000 0.997928
-0.324000 0.997928
-0.320000 0.997928
-0.316000 0.997928
-0.312000 0.997928
-0.308000 0.997928
-0.304000 0.997928
-0.300000 0.997928
-0.296000 0.997928
-0.292000 0.997928
-0.288000 0.997928
-0.284000 0.997928
-0.280000 0.997928
-0.276000 0.997928
-0.272000 0.997928
-0.268000 0.997928
-0.264000 0.997928
-0.260000 0.997928
-0.256000 0.997928
-0.252000 0.997928
-0.248000 0.997928
-0.244000 0.997928
-0.240000 0.997928
-0.236000 0.997928
-0.232000 0.997928
-0.228000 0.997928
-0.224000 0.997928
-0.220000 0.997928
-0.216000 0.997928
-0.212000 0.997928
-0.208000 0.997928
-0.204000 0.997928
-0.200000 0.997928
-0.196000 0.997928
-0.192000 0.997928
-0.188000 0.997928
-0.184000 0.997928
-0.180000 0.997928
-0.176000 0.997928
-0.172000 0.997928
-0.168000 0.997928
-0.164000 0.997928
-0.160000 0.997928
-0.156000 0.997928
-0.152000 0.997928
-0.148000 0.997928
-0.144000 0.997928
-0.140000 0.997928
-0.136000 0.997928
-0.132000 0.997928
-0.128000 0.997928
-0.124000 0.997928
-0.120000 0.997928
-0.116000 0.997928
-0.112000 0.997928
-0.108000 0.997928
-0.104000 0.997928
-0.100000 0.997928
-0.096000 0.997928
-0.092000 0.997928
-0.088000 0.997928
-0.084000 0.997928
-0.080000 0.997928
-0.076000 0.997928
-0.072000 0.997928
-0.068000 0.997928
-0.064000 0.997928
-0.060000 0.997928
-0.056000 0.997928
-0.052000 0.997928
-0.048000 0.997928
-0.044000 0.997928
-0.040000 0.997928
-0.036000 0.997928
-0.032000 0.997928
-0.028000 0.997928
-0.024000 0.997928
-0.020000 0.997928
-0.016000 0.997928
-0.012000 0.997928
-0.008000 0.997928
-0.004000 0.997928
0.000000 0.997928
0.004000 0.997928
0.008000 0.997928
0.012000 0.997928
0.016000 0.997928
0.020000 0.997928
0.024000 0.997928
0.028000 0.997928
0.032000 0.997928
0.036000 0.997928
0.040000 0.997928
0.044000 0.997928
0.048000 0.997928
0.052000 0.997928
0.056000 0.997928
0.060000 0.997928
0.064000 0.997928
0.068000 0.997928
0.072000 0.997928
0.076000 0.997928
0.080000 0.997928
0.084000 0.997928
0.088000 0.997928
0.092000 0.997928
0.096000 0.997928
0.100000 0.997928
0.104000 0.997928
0.108000 0.997928
0.112000 0.997928
0.116000 0.997928
0.120000 0.997928
0.124000 0.997928
0.128000 0.997928
0.132000 0.997928
0.136000 0.997928
0.140000 0.997928
0.144000 0.997928
0.148000 0.997928
0.152000 0.997928
0.156000 0.997928
0.160000 0.997928
0.164000 0.997928
0.168000 0.997928
0.172000 0.997928
0.176000 0.997928
0.180000 0.997927
0.184000 0.997927
0.188000 0.997927
0.192000 0.997927
0.196000 0.997927
0.200000 0.997927
0.204000 0.997927
0.208000 0.997927
0.212000 0.997927
0.216000 0.997927
0.220000 0.997927
0.224000 0.997927
0.228000 0.997927
0.232000 0.997927
0.236000 0.997927
0.240000 0.997927
0.244000 0.997927
0.248000 0.997926
0.252000 0.997926
0.256000 0.997926
0.260000 0.997926
0.264000 0.997926
0.268000 0.997926
0.272000 0.997926
0.276000 0.997926
0.280000 0.997925
0.284000 0.997925
0.288000 0.997925
0.292000 0.997925
0.296000 0.997925
0.300000 0.997924
0.304000 0.997924
0.308000 0.997924
0.312000 0.997924
0.316000 0.997924
0.320000 0.997923
0.324000 0.997923
0.328000 0.997923
0.332000 0.997922
0.336000 0.997922
0.340000 0.997922
0.344000 0.997921
0.348000 0.997921
0.352000 0.997921
0.356000 0.997920
0.360000 0.997920
0.364000 0.997919
0.368000 0.997919
0.372000 0.997918
0.376000 0.997918
0.380000 0.997917
0.384000 0.997916
0.388000 0.997916
0.392000 0.997915
0.396000 0.997914
0.400000 0.997914
0.404000 0.997913
0.408000 0.997912
0.412000 0.997911
0.416000 0.997910
0.420000 0.997910
0.424000 0.997909
0.428000 0.997908
0.432000 0.997907
0.436000 0.997905
0.440000 0.997904
0.444000 0.997903
0.448000 0.997902
0.452000 0.997901
0.456000 0.997899
0.460000 0.997898
0.464000 0.997896
0.468000 0.997895
0.472000 0.997893
0.476000 0.997891
0.480000 0.997890
0.484000 0.997888
0.488000 0.997886
0.492000 0.997884
0.496000 0.997882
0.500000 0.997880
0.504000 0.997878
0.508000 0.997875
0.512000 0.997873
0.516000 0.997870
0.520000 0.997868
0.524000 0.997865
0.528000 0.997862
0.532000 0.997859
0.536000 0.997856
0.540000 0.997853
0.544000 0.997850
0.548000 0.997846
0.552000 0.997843
0.556000 0.997839
0.560000 0.997836
0.564000 0.997832
0.568000 0.997828
0.572000 0.997823
0.576000 0.997819
0.580000 0.997815
0.584000 0.997810
0.588000 0.997805
0.592000 0.997800
0.596000 0.997795
0.600000 0.997790
0.604000 0.997784
0.608000 0.997779
0.612000 0.997773
0.616000 0.997767
0.620000 0.997761
0.624000 0.997754
0.628000 0.997748
0.632000 0.997741
0.636000 0.997734
0.640000 0.997726
0.644000 0.997719
0.648000 0.997711
0.652000 0.997703
0.656000 0.997695
0.660000 0.997687
0.664000 0.997678
0.668000 0.997669
0.672000 0.997660
0.676000 0.997651
0.680000 0.997641
0.684000 0.997631
0.688000 0.997621
0.692000 0.997610
0.696000 0.997600
0.700000 0.997589
0.704000 0.997577
0.708000 0.997566
0.712000 0.997554
0.716000 0.997542
0.720000 0.997529
0.724000 0.997516
0.728000 0.997503
0.732000 0.997490
0.736000 0.997476
0.740000 0.997462
0.744000 0.997447
0.748000 0.997432
0.752000 0.997417
0.756000 0.997402
0.760000 0.997386
0.764000 0.997370
0.768000 0.997353
0.772000 0.997337
0.776000 0.997319
0.780000 0.997302
0.784000 0.997284
0.788000 0.997265
0.792000 0.997247
0.796000 0.997228
0.800000 0.997208
0.804000 0.997188
0.808000 0.997168
0.812000 0.997147
0.816000 0.997126
0.820000 0.997105
0.824000 0.997083
0.828000 0.997061
0.832000 0.997039
0.836000 0.997016
0.840000 0.996992
0.844000 0.996969
0.848000 0.996944
0.852000 0.996920
0.856000 0.996895
0.860000 0.996870
0.864000 0.996844
0.868000 0.996818
0.872000 0.996791
0.876000 0.996764
0.880000 0.996737
0.884000 0.996709
0.888000 0.996681
0.892000 0.996653
0.896000 0.996624
0.900000 0.996595
0.904000 0.996565
0.908000 0.996535
0.912000 0.996505
0.916000 0.996474
0.920000 0.996443
0.924000 0.996411
0.928000 0.996379
0.932000 0.996347
0.936000 0.996314
0.940000 0.996280
0.944000 0.996247
0.948000 0.996212
0.952000 0.996177
0.956000 0.996141
0.960000 0.996105
0.964000 0.996067
0.968000 0.996028
0.972000 0.995986
0.976000 0.995943
0.980000 0.995896
0.984000 0.995844
0.988000 0.995787
0.992000 0.995721
0.996000 0.995643
1.000000 0.995549
