-1.000000 0.992919
-0.996000 0.992919
-0.992000 0.992919
-0.988000 0.992919
-0.984000 0.992919
-0.980000 0.992919
-0.976000 0.992919
-0.972000 0.992919
-0.968000 0.992919
-0.964000 0.992919
-0.960000 0.992919
-0.956000 0.992919
-0.952000 0.992919
-0.948000 0.992919
-0.944000 0.992919
-0.940000 0.992919
-0.936000 0.992919
-0.932000 0.992919
-0.928000 0.992919
-0.924000 0.992919
-0.920000 0.992919
-0.916000 0.992919
-0.912000 0.992919
-0.908000 0.992919
-0.904000 0.992919
-0.900000 0.992919
-0.896000 0.992919
-0.892000 0.992919
-0.888000 0.992919
-0.884000 0.992919
-0.880000 0.992919
-0.876000 0.992919
-0.872000 0.992919
-0.868000 0.992919
-0.864000 0.992919
-0.860000 0.992919
-0.856000 0.992919
-0.852000 0.992919
-0.848000 0.992919
-0.844000 0.992919
-0.840000 0.992919
-0.836000 0.992919
-0.832000 0.992919
-0.828000 0.992919
-0.824000 0.992919
-0.820000 0.992919
-0.816000 0.992919
-0.812000 0.992919
-0.808000 0.992919
-0.804000 0.992919
-0.800000 0.992919
-0.796000 0.992919
-0.792000 0.992919
-0.788000 0.992919
-0.784000 0.992919
-0.780000 0.992919
-0.776000 0.992919
-0.772000 0.992919
-0.768000 0.992919
-0.764000 0.992919
-0.760000 0.992919
-0.756000 0.992919
-0.752000 0.992919
-0.748000 0.992919
-0.744000 0.992919
-0.740000 0.992919
-0.736000 0.992919
-0.732000 0.992919
-0.728000 0.992919
-0.724000 0.992919
-0.720000 0.992919
-0.716000 0.992919
-0.712000 0.992919
-0.708000 0.992919
-0.704000 0.992919
-0.700000 0.992919
-0.696000 0.992919
-0.692000 0.992919
-0.688000 0.992919
-0.684000 0.992919
-0.680000 0.992919
-0.676000 0.992919
-0.672000 0.992919
-0.668000 0.992919
-0.664000 0.992919
-0.660000 0.992919
-0.656000 0.992919
-0.652000 0.992919
-0.648000 0.992919
-0.644000 0.992919
-0.640000 0.992919
-0.636000 0.992919
-0.632000 0.992919
-0.628000 0.992919
-0.624000 0.992919
-0.620000 0.992919
-0.616000 0.992919
-0.612000 0.992919
-0.608000 0.992919
-0.604000 0.992919
-0.600000 0.992919
-0.596000 0.992919
-0.592000 0.992919
-0.588000 0.992919
-0.584000 0.992919
-0.580000 0.992919
-0.576000 0.992919
-0.572000 0.992919
-0.568000 0.992919
-0.564000 0.992919
-0.560000 0.992919
-0.556000 0.992919
-0.552000 0.992919
-0.548000 0.992919
-0.544000 0.992919
-0.540000 0.992919
-0.536000 0.992919
-0.532000 0.992919
-0.528000 0.992919
-0.524000 0.992919
-0.520000 0.992919
-0.516000 0.992919
-0.512000 0.992919
-0.508000 0.992919
-0.504000 0.992919
-0.500000 0.992919
-0.496000 0.992919
-0.492000 0.992919
-0.488000 0.992919
-0.484000 0.992919
-0.480000 0.992919
-0.476000 0.992919
-0.472000 0.992919
-0.468000 0.992919
-0.464000 0.992919
-0.460000 0.992919
-0.456000 0.992919
-0.452000 0.992919
-0.448000 0.992919
-0.444000 0.992919
-0.440000 0.992919
-0.436000 0.992919
-0.432000 0.992919
-0.428000 0.992919
-0.424000 0.992919
-0.420000 0.992919
-0.416000 0.992919
-0.412000 0.992919
-0.408000 0.992919
-0.404000 0.992919
-0.400000 0.992919
-0.396000 0.992919
-0.392000 0.992919
-0.388000 0.992919
-0.384000 0.992919
-0.380000 0.992919
-0.376000 0.992919
-0.372000 0.992919
-0.368000 0.992919
-0.364000 0.992919
-0.360000 0.992919
-0.356000 0.992919
-0.352000 0.992919
-0.348000 0.992919
-0.344000 0.992919
-0.340000 0.992919
-0.336000 0.992919
-0.332000 0.992919
-0.328000 0.992919
-0.324000 0.992919
-0.320000 0.992919
-0.316000 0.992919
-0.312000 0.992919
-0.308000 0.992919
-0.304000 0.992919
-0.300000 0.992919
-0.296000 0.992919
-0.292000 0.992919
-0.288000 0.992919
-0.284000 0.992919
-0.280000 0.992919
-0.276000 0.992919
-0.272000 0.992919
-0.268000 0.992919
-0.264000 0.992919
-0.260000 0.992919
-0.256000 0.992919
-0.252000 0.992919
-0.248000 0.992919
-0.244000 0.992919
-0.240000 0.992919
-0.236000 0.992919
-0.232000 0.992919
-0.228000 0.992919
-0.224000 0.992919
-0.220000 0.992920
-0.216000 0.992920
-0.212000 0.992920
-0.208000 0.992920
-0.204000 0.992920
-0.200000 0.992920
-0.196000 0.992920
-0.192000 0.992920
-0.188000 0.992920
-0.184000 0.992920
-0.180000 0.992920
-0.176000 0.992920
-0.172000 0.992920
-0.168000 0.992920
-0.164000 0.992921
-0.160000 0.992921
-0.156000 0.992921
-0.152000 0.992921
-0.148000 0.992921
-0.144000 0.992921
-0.140000 0.992921
-0.136000 0.992922
-0.132000 0.992922
-0.128000 0.992922
-0.124000 0.992922
-0.120000 0.992922
-0.116000 0.992923
-0.112000 0.992923
-0.108000 0.992923
-0.104000 0.992923
-0.100000 0.992924
-0.096000 0.992924
-0.092000 0.992924
-0.088000 0.992925
-0.084000 0.992925
-0.080000 0.992926
-0.076000 0.992926
-0.072000 0.992927
-0.068000 0.992927
-0.064000 0.992928
-0.060000 0.992928
-0.056000 0.992929
-0.052000 0.992929
-0.048000 0.992930
-0.044000 0.992931
-0.040000 0.992932
-0.036000 0.992932
-0.032000 0.992933
-0.028000 0.992934
-0.024000 0.992935
-0.020000 0.992936
-0.016000 0.992937
-0.012000 0.992938
-0.008000 0.992939
-0.004000 0.992941
0.000000 0.992942
0.004000 0.992943
0.008000 0.992945
0.012000 0.992946
0.016000 0.992948
0.020000 0.992949
0.024000 0.992951
0.028000 0.992953
0.032000 0.992955
0.036000 0.992957
0.040000 0.992959
0.044000 0.992961
0.048000 0.992964
0.052000 0.992966
0.056000 0.992969
0.060000 0.992971
0.064000 0.992974
0.068000 0.992977
0.072000 0.992980
0.076000 0.992984
0.080000 0.992987
0.084000 0.992990
0.088000 0.992994
0.092000 0.992998
0.096000 0.993002
0.100000 0.993006
0.104000 0.993010
0.108000 0.993015
0.112000 0.993020
0.116000 0.993024
0.120000 0.993030
0.124000 0.993035
0.128000 0.993040
0.132000 0.993046
0.136000 0.993052
0.140000 0.993058
0.144000 0.993065
0.148000 0.993071
0.152000 0.993078
0.156000 0.993086
0.160000 0.993093
0.164000 0.993101
0.168000 0.993109
0.172000 0.993117
0.176000 0.993126
0.180000 0.993134
0.184000 0.993144
0.188000 0.993153
0.192000 0.993163
0.196000 0.993173
0.200000 0.993183
0.204000 0.993194
0.208000 0.993205
0.212000 0.993217
0.216000 0.993229
0.220000 0.993241
0.224000 0.993254
0.228000 0.993267
0.232000 0.993280
0.236000 0.993294
0.240000 0.993308
0.244000 0.993323
0.248000 0.993338
0.252000 0.993353
0.256000 0.993369
0.260000 0.993385
0.264000 0.993402
0.268000 0.993419
0.272000 0.993437
0.276000 0.993455
0.280000 0.993474
0.284000 0.993493
0.288000 0.993512
0.292000 0.993532
0.296000 0.993553
0.300000 0.993574
0.304000 0.993595
0.308000 0.993617
0.312000 0.993640
0.316000 0.993663
0.320000 0.993686
0.324000 0.993710
0.328000 0.993734
0.332000 0.993759
0.336000 0.993785
0.340000 0.993811
0.344000 0.993838
0.348000 0.993865
0.352000 0.993892
0.356000 0.993920
0.360000 0.993949
0.364000 0.993978
0.368000 0.994008
0.372000 0.994038
0.376000 0.994069
0.380000 0.994100
0.384000 0.994132
0.388000 0.994164
0.392000 0.994197
0.396000 0.994230
0.400000 0.994264
0.404000 0.994298
0.408000 0.994333
0.412000 0.994368
0.416000 0.994404
0.420000 0.994440
0.424000 0.994477
0.428000 0.994514
0.432000 0.994552
0.436000 0.994590
0.440000 0.994629
0.444000 0.994668
0.448000 0.994707
0.452000 0.994747
0.456000 0.994788
0.460000 0.994829
0.464000 0.994870
0.468000 0.994911
0.472000 0.994953
0.476000 0.994996
0.480000 0.995039
0.484000 0.995082
0.488000 0.995125
0.492000 0.995169
0.496000 0.995213
0.500000 0.995258
0.504000 0.995302
0.508000 0.995347
0.512000 0.995393
0.516000 0.995438
0.520000 0.995484
0.524000 0.995530
0.528000 0.995577
0.532000 0.995623
0.536000 0.995670
0.540000 0.995717
0.544000 0.995764
0.548000 0.995812
0.552000 0.995859
0.556000 0.995907
0.560000 0.995954
0.564000 0.996002
0.568000 0.996050
0.572000 0.996098
0.576000 0.996146
0.580000 0.996195
0.584000 0.996243
0.588000 0.996291
0.592000 0.996339
0.596000 0.996388
0.600000 0.996436
0.604000 0.996484
0.608000 0.996532
0.612000 0.996581
0.616000 0.996629
0.620000 0.996677
0.624000 0.996724
0.628000 0.996772
0.632000 0.996820
0.636000 0.996867
0.640000 0.996915
0.644000 0.996962
0.648000 0.997009
0.652000 0.997056
0.656000 0.997103
0.660000 0.997149
0.664000 0.997195
0.668000 0.997241
0.672000 0.997287
0.676000 0.997332
0.680000 0.997378
0.684000 0.997423
0.688000 0.997467
0.692000 0.997511
0.696000 0.997556
0.700000 0.997599
0.704000 0.997643
0.708000 0.997686
0.712000 0.997728
0.716000 0.997771
0.720000 0.997813
0.724000 0.997854
0.728000 0.997895
0.732000 0.997936
0.736000 0.997976
0.740000 0.998016
0.744000 0.998056
0.748000 0.998095
0.752000 0.998134
0.756000 0.998172
0.760000 0.998210
0.764000 0.998248
0.768000 0.998284
0.772000 0.998321
0.776000 0.998357
0.780000 0.998393
0.784000 0.998428
0.788000 0.998463
0.792000 0.998497
0.796000 0.998531
0.800000 0.998564
0.804000 0.998597
0.808000 0.998629
0.812000 0.998661
0.816000 0.998692
0.820000 0.998723
0.824000 0.998754
0.828000 0.998783
0.832000 0.998813
0.836000 0.998842
0.840000 0.998870
0.844000 0.998898
0.848000 0.998926
0.852000 0.998953
0.856000 0.998980
0.860000 0.999006
0.864000 0.999031
0.868000 0.999056
0.872000 0.999081
0.876000 0.999105
0.880000 0.999129
0.884000 0.999152
0.888000 0.999175
0.892000 0.999198
0.896000 0.999220
0.900000 0.999241
0.904000 0.999262
0.908000 0.999283
0.912000 0.999303
0.916000 0.999323
0.920000 0.999342
0.924000 0.999361
0.928000 0.999379
0.932000 0.999398
0.936000 0.999415
0.940000 0.999433
0.944000 0.999450
0.948000 0.999466
0.952000 0.999483
0.956000 0.999499
0.960000 0.999514
0.964000 0.999530
0.968000 0.999545
0.972000 0.999561
0.976000 0.999577
0.980000 0.999593
0.984000 0.999611
0.988000 0.999629
0.992000 0.999650
0.996000 0.999675
1.000000 0.999704
