-1.000000 0.991037
-0.996000 0.991037
-0.992000 0.991037
-0.988000 0.991037
-0.984000 0.991037
-0.980000 0.991037
-0.976000 0.991037
-0.972000 0.991037
-0.968000 0.991037
-0.964000 0.991037
-0.960000 0.991037
-0.956000 0.991037
-0.952000 0.991037
-0.948000 0.991037
-0.944000 0.991037
-0.940000 0.991037
-0.936000 0.991037
-0.932000 0.991037
-0.928000 0.991037
-0.924000 0.991037
-0.920000 0.991037
-0.916000 0.991037
-0.912000 0.991037
-0.908000 0.991037
-0.904000 0.991037
-0.900000 0.991037
-0.896000 0.991037
-0.892000 0.991037
-0.888000 0.991037
-0.884000 0.991037
-0.880000 0.991037
-0.876000 0.991037
-0.872000 0.991037
-0.868000 0.991037
-0.864000 0.991037
-0.860000 0.991037
-0.856000 0.991037
-0.852000 0.991037
-0.848000 0.991037
-0.844000 0.991037
-0.840000 0.991037
-0.836000 0.991037
-0.832000 0.991037
-0.828000 0.991037
-0.824000 0.991037
-0.820000 0.991037
-0.816000 0.991037
-0.812000 0.991037
-0.808000 0.991037
-0.804000 0.991037
-0.800000 0.991037
-0.796000 0.991037
-0.792000 0.991037
-0.788000 0.991037
-0.784000 0.991037
-0.780000 0.991037
-0.776000 0.991037
-0.772000 0.991037
-0.768000 0.991037
-0.764000 0.991037
-0.760000 0.991037
-0.756000 0.991037
-0.752000 0.991037
-0.748000 0.991037
-0.744000 0.991037
-0.740000 0.991037
-0.736000 0.991037
-0.732000 0.991037
-0.728000 0.991037
-0.724000 0.991037
-0.720000 0.991037
-0.716000 0.991037
-0.712000 0.991037
-0.708000 0.991037
-0.704000 0.991037
-0.700000 0.991037
-0.696000 0.991037
-0.692000 0.991037
-0.688000 0.991037
-0.684000 0.991037
-0.680000 0.991037
-0.676000 0.991037
-0.672000 0.991037
-0.668000 0.991037
-0.664000 0.991037
-0.660000 0.991037
-0.656000 0.991037
-0.652000 0.991037
-0.648000 0.991037
-0.644000 0.991037
-0.640000 0.991037
-0.636000 0.991037
-0.632000 0.991037
-0.628000 0.991037
-0.624000 0.991037
-0.620000 0.991037
-0.616000 0.991037
-0.612000 0.991037
-0.608000 0.991037
-0.604000 0.991037
-0.600000 0.991037
-0.596000 0.991037
-0.592000 0.991037
-0.588000 0.991037
-0.584000 0.991037
-0.580000 0.991037
-0.576000 0.991037
-0.572000 0.991037
-0.568000 0.991037
-0.564000 0.991037
-0.560000 0.991037
-0.556000 0.991037
-0.552000 0.991037
-0.548000 0.991037
-0.544000 0.991037
-0.540000 0.991037
-0.536000 0.991037
-0.532000 0.991037
-0.528000 0.991037
-0.524000 0.991037
-0.520000 0.991037
-0.516000 0.991037
-0.512000 0.991037
-0.508000 0.991037
-0.504000 0.991037
-0.500000 0.991037
-0.496000 0.991037
-0.492000 0.991037
-0.488000 0.991037
-0.484000 0.991037
-0.480000 0.991037
-0.476000 0.991037
-0.472000 0.991037
-0.468000 0.991037
-0.464000 0.991037
-0.460000 0.991037
-0.456000 0.991037
-0.452000 0.991037
-0.448000 0.991037
-0.444000 0.991037
-0.440000 0.991037
-0.436000 0.991037
-0.432000 0.991037
-0.428000 0.991037
-0.424000 0.991037
-0.420000 0.991037
-0.416000 0.991037
-0.412000 0.991037
-0.408000 0.991037
-0.404000 0.991037
-0.400000 0.991037
-0.396000 0.991037
-0.392000 0.991037
-0.388000 0.991037
-0.384000 0.991037
-0.380000 0.991037
-0.376000 0.991038
-0.372000 0.991038
-0.368000 0.991038
-0.364000 0.991038
-0.360000 0.991038
-0.356000 0.991038
-0.352000 0.991038
-0.348000 0.991038
-0.344000 0.991038
-0.340000 0.991038
-0.336000 0.991038
-0.332000 0.991038
-0.328000 0.991038
-0.324000 0.991039
-0.320000 0.991039
-0.316000 0.991039
-0.312000 0.991039
-0.308000 0.991039
-0.304000 0.991039
-0.300000 0.991039
-0.296000 0.991040
-0.292000 0.991040
-0.288000 0.991040
-0.284000 0.991040
-0.280000 0.991041
-0.276000 0.991041
-0.272000 0.991041
-0.268000 0.991041
-0.264000 0.991042
-0.260000 0.991042
-0.256000 0.991042
-0.252000 0.991043
-0.248000 0.991043
-0.244000 0.991044
-0.240000 0.991044
-0.236000 0.991045
-0.232000 0.991045
-0.228000 0.991046
-0.224000 0.991046
-0.220000 0.991047
-0.216000 0.991048
-0.212000 0.991048
-0.208000 0.991049
-0.204000 0.991050
-0.200000 0.991051
-0.196000 0.991052
-0.192000 0.991053
-0.188000 0.991054
-0.184000 0.991055
-0.180000 0.991056
-0.176000 0.991057
-0.172000 0.991058
-0.168000 0.991060
-0.164000 0.991061
-0.160000 0.991063
-0.156000 0.991064
-0.152000 0.991066
-0.148000 0.991068
-0.144000 0.991069
-0.140000 0.991071
-0.136000 0.991073
-0.132000 0.991075
-0.128000 0.991078
-0.124000 0.991080
-0.120000 0.991082
-0.116000 0.991085
-0.112000 0.991087
-0.108000 0.991090
-0.104000 0.991093
-0.100000 0.991096
-0.096000 0.991099
-0.092000 0.991102
-0.088000 0.991106
-0.084000 0.991109
-0.080000 0.991113
-0.076000 0.991117
-0.072000 0.991121
-0.068000 0.991125
-0.064000 0.991130
-0.060000 0.991134
-0.056000 0.991139
-0.052000 0.991144
-0.048000 0.991149
-0.044000 0.991155
-0.040000 0.991160
-0.036000 0.991166
-0.032000 0.991172
-0.028000 0.991178
-0.024000 0.991184
-0.020000 0.991191
-0.016000 0.991198
-0.012000 0.991205
-0.008000 0.991212
-0.004000 0.991220
0.000000 0.991228
0.004000 0.991236
0.008000 0.991244
0.012000 0.991253
0.016000 0.991262
0.020000 0.991271
0.024000 0.991281
0.028000 0.991290
0.032000 0.991301
0.036000 0.991311
0.040000 0.991322
0.044000 0.991333
0.048000 0.991344
0.052000 0.991355
0.056000 0.991367
0.060000 0.991380
0.064000 0.991392
0.068000 0.991405
0.072000 0.991418
0.076000 0.991432
0.080000 0.991446
0.084000 0.991460
0.088000 0.991474
0.092000 0.991489
0.096000 0.991505
0.100000 0.991520
0.104000 0.991536
0.108000 0.991552
0.112000 0.991569
0.116000 0.991586
0.120000 0.991603
0.124000 0.991621
0.128000 0.991639
0.132000 0.991657
0.136000 0.991676
0.140000 0.991695
0.144000 0.991714
0.148000 0.991734
0.152000 0.991754
0.156000 0.991775
0.160000 0.991795
0.164000 0.991816
0.168000 0.991838
0.172000 0.991859
0.176000 0.991881
0.180000 0.991904
0.184000 0.991926
0.188000 0.991949
0.192000 0.991973
0.196000 0.991996
0.200000 0.992020
0.204000 0.992044
0.208000 0.992068
0.212000 0.992093
0.216000 0.992118
0.220000 0.992143
0.224000 0.992169
0.228000 0.992194
0.232000 0.992220
0.236000 0.992247
0.240000 0.992273
0.244000 0.992300
0.248000 0.992326
0.252000 0.992353
0.256000 0.992381
0.260000 0.992408
0.264000 0.992435
0.268000 0.992463
0.272000 0.992491
0.276000 0.992519
0.280000 0.992547
0.284000 0.992575
0.288000 0.992604
0.292000 0.992632
0.296000 0.992661
0.300000 0.992689
0.304000 0.992718
0.308000 0.992747
0.312000 0.992776
0.316000 0.992805
0.320000 0.992834
0.324000 0.992863
0.328000 0.992892
0.332000 0.992920
0.336000 0.992949
0.340000 0.992978
0.344000 0.993007
0.348000 0.993036
0.352000 0.993065
0.356000 0.993094
0.360000 0.993122
0.364000 0.993151
0.368000 0.993179
0.372000 0.993208
0.376000 0.993236
0.380000 0.993264
0.384000 0.993292
0.388000 0.993320
0.392000 0.993348
0.396000 0.993376
0.400000 0.993403
0.404000 0.993430
0.408000 0.993458
0.412000 0.993485
0.416000 0.993511
0.420000 0.993538
0.424000 0.993564
0.428000 0.993590
0.432000 0.993616
0.436000 0.993642
0.440000 0.993667
0.444000 0.993692
0.448000 0.993717
0.452000 0.993742
0.456000 0.993766
0.460000 0.993791
0.464000 0.993815
0.468000 0.993838
0.472000 0.993862
0.476000 0.993885
0.480000 0.993907
0.484000 0.993930
0.488000 0.993952
0.492000 0.993974
0.496000 0.993996
0.500000 0.994017
0.504000 0.994038
0.508000 0.994059
0.512000 0.994079
0.516000 0.994099
0.520000 0.994119
0.524000 0.994138
0.528000 0.994157
0.532000 0.994176
0.536000 0.994195
0.540000 0.994213
0.544000 0.994231
0.548000 0.994248
0.552000 0.994265
0.556000 0.994282
0.560000 0.994299
0.564000 0.994315
0.568000 0.994331
0.572000 0.994347
0.576000 0.994362
0.580000 0.994377
0.584000 0.994392
0.588000 0.994406
0.592000 0.994421
0.596000 0.994434
0.600000 0.994448
0.604000 0.994461
0.608000 0.994474
0.612000 0.994487
0.616000 0.994499
0.620000 0.994511
0.624000 0.994523
0.628000 0.994534
0.632000 0.994546
0.636000 0.994557
0.640000 0.994567
0.644000 0.994578
0.648000 0.994588
0.652000 0.994598
0.656000 0.994607
0.660000 0.994617
0.664000 0.994626
0.668000 0.994635
0.672000 0.994643
0.676000 0.994652
0.680000 0.994660
0.684000 0.994668
0.688000 0.994676
0.692000 0.994683
0.696000 0.994691
0.700000 0.994698
0.704000 0.994705
0.708000 0.994711
0.712000 0.994718
0.716000 0.994724
0.720000 0.994730
0.724000 0.994736
0.728000 0.994742
0.732000 0.994748
0.736000 0.994753
0.740000 0.994758
0.744000 0.994763
0.748000 0.994768
0.752000 0.994773
0.756000 0.994777
0.760000 0.994782
0.764000 0.994786
0.768000 0.994790
0.772000 0.994794
0.776000 0.994798
0.780000 0.994802
0.784000 0.994806
0.788000 0.994809
0.792000 0.994812
0.796000 0.994816
0.800000 0.994819
0.804000 0.994822
0.808000 0.994825
0.812000 0.994827
0.816000 0.994830
0.820000 0.994833
0.824000 0.994835
0.828000 0.994838
0.832000 0.994840
0.836000 0.994842
0.840000 0.994844
0.844000 0.994846
0.848000 0.994848
0.852000 0.994850
0.856000 0.994852
0.860000 0.994854
0.864000 0.994856
0.868000 0.994857
0.872000 0.994859
0.876000 0.994860
0.880000 0.994862
0.884000 0.994863
0.888000 0.994864
0.892000 0.994866
0.896000 0.994867
0.900000 0.994868
0.904000 0.994869
0.908000 0.994870
0.912000 0.994871
0.916000 0.994872
0.920000 0.994873
0.924000 0.994874
0.928000 0.994875
0.932000 0.994876
0.936000 0.994877
0.940000 0.994877
0.944000 0.994878
0.948000 0.994879
0.952000 0.994879
0.956000 0.994880
0.960000 0.994881
0.964000 0.994881
0.968000 0.994882
0.972000 0.994882
0.976000 0.994883
0.980000 0.994883
0.984000 0.994884
0.988000 0.994885
0.992000 0.994885
0.996000 0.994886
1.000000 0.994887
