-1.000000 0.992919
-0.996000 0.992919
-0.992000 0.992919
-0.988000 0.992919
-0.984000 0.992919
-0.980000 0.992919
-0.976000 0.992919
-0.972000 0.992919
-0.968000 0.992919
-0.964000 0.992919
-0.960000 0.992919
-0.956000 0.992919
-0.952000 0.992919
-0.948000 0.992919
-0.944000 0.992919
-0.940000 0.992919
-0.936000 0.992919
-0.932000 0.992919
-0.928000 0.992919
-0.924000 0.992919
-0.920000 0.992919
-0.916000 0.992919
-0.912000 0.992919
-0.908000 0.992919
-0.904000 0.992919
-0.900000 0.992919
-0.896000 0.992919
-0.892000 0.992919
-0.888000 0.992919
-0.884000 0.992919
-0.880000 0.992919
-0.876000 0.992919
-0.872000 0.992919
-0.868000 0.992919
-0.864000 0.992919
-0.860000 0.992919
-0.856000 0.992919
-0.852000 0.992919
-0.848000 0.992919
-0.844000 0.992919
-0.840000 0.992919
-0.836000 0.992919
-0.832000 0.992919
-0.828000 0.992919
-0.824000 0.992919
-0.820000 0.992919
-0.816000 0.992919
-0.812000 0.992919
-0.808000 0.992919
-0.804000 0.992919
-0.800000 0.992919
-0.796000 0.992919
-0.792000 0.992919
-0.788000 0.992919
-0.784000 0.992919
-0.780000 0.992919
-0.776000 0.992919
-0.772000 0.992919
-0.768000 0.992919
-0.764000 0.992919
-0.760000 0.992919
-0.756000 0.992919
-0.752000 0.992919
-0.748000 0.992919
-0.744000 0.992919
-0.740000 0.992919
-0.736000 0.992919
-0.732000 0.992919
-0.728000 0.992919
-0.724000 0.992919
-0.720000 0.992919
-0.716000 0.992919
-0.712000 0.992919
-0.708000 0.992919
-0.704000 0.992919
-0.700000 0.992919
-0.696000 0.992919
-0.692000 0.992919
-0.688000 0.992919
-0.684000 0.992919
-0.680000 0.992919
-0.676000 0.992919
-0.672000 0.992919
-0.668000 0.992919
-0.664000 0.992919
-0.660000 0.992919
-0.656000 0.992919
-0.652000 0.992919
-0.648000 0.992919
-0.644000 0.992919
-0.640000 0.992919
-0.636000 0.992919
-0.632000 0.992919
-0.628000 0.992919
-0.624000 0.992919
-0.620000 0.992919
-0.616000 0.992919
-0.612000 0.992919
-0.608000 0.992919
-0.604000 0.992919
-0.600000 0.992919
-0.596000 0.992919
-0.592000 0.992919
-0.588000 0.992919
-0.584000 0.992919
-0.580000 0.992919
-0.576000 0.992919
-0.572000 0.992919
-0.568000 0.992919
-0.564000 0.992919
-0.560000 0.992919
-0.556000 0.992919
-0.552000 0.992919
-0.548000 0.992919
-0.544000 0.992919
-0.540000 0.992919
-0.536000 0.992919
-0.532000 0.992919
-0.528000 0.992919
-0.524000 0.992919
-0.520000 0.992919
-0.516000 0.992919
-0.512000 0.992919
-0.508000 0.992919
-0.504000 0.992919
-0.500000 0.992919
-0.496000 0.992919
-0.492000 0.992919
-0.488000 0.992919
-0.484000 0.992919
-0.480000 0.992919
-0.476000 0.992919
-0.472000 0.992919
-0.468000 0.992919
-0.464000 0.992919
-0.460000 0.992919
-0.456000 0.992919
-0.452000 0.992919
-0.448000 0.992919
-0.444000 0.992919
-0.440000 0.992919
-0.436000 0.992919
-0.432000 0.992919
-0.428000 0.992919
-0.424000 0.992919
-0.420000 0.992919
-0.416000 0.992919
-0.412000 0.992919
-0.408000 0.992919
-0.404000 0.992919
-0.400000 0.992919
-0.396000 0.992919
-0.392000 0.992919
-0.388000 0.992919
-0.384000 0.992919
-0.380000 0.992919
-0.376000 0.992919
-0.372000 0.992919
-0.368000 0.992919
-0.364000 0.992919
-0.360000 0.992919
-0.356000 0.992919
-0.352000 0.992919
-0.348000 0.992919
-0.344000 0.992919
-0.340000 0.992919
-0.336000 0.992919
-0.332000 0.992919
-0.328000 0.992919
-0.324000 0.992919
-0.320000 0.992919
-0.316000 0.992919
-0.312000 0.992919
-0.308000 0.992919
-0.304000 0.992919
-0.300000 0.992919
-0.296000 0.992919
-0.292000 0.992919
-0.288000 0.992919
-0.284000 0.992919
-0.280000 0.992919
-0.276000 0.992919
-0.272000 0.992919
-0.268000 0.992919
-0.264000 0.992919
-0.260000 0.992919
-0.256000 0.992919
-0.252000 0.992919
-0.248000 0.992919
-0.244000 0.992919
-0.240000 0.992919
-0.236000 0.992919
-0.232000 0.992919
-0.228000 0.992919
-0.224000 0.992919
-0.220000 0.992919
-0.216000 0.992919
-0.212000 0.992919
-0.208000 0.992919
-0.204000 0.992919
-0.200000 0.992919
-0.196000 0.992919
-0.192000 0.992919
-0.188000 0.992919
-0.184000 0.992919
-0.180000 0.992919
-0.176000 0.992919
-0.172000 0.992919
-0.168000 0.992919
-0.164000 0.992919
-0.160000 0.992919
-0.156000 0.992919
-0.152000 0.992919
-0.148000 0.992919
-0.144000 0.992919
-0.140000 0.992919
-0.136000 0.992919
-0.132000 0.992919
-0.128000 0.992919
-0.124000 0.992919
-0.120000 0.992919
-0.116000 0.992919
-0.112000 0.992919
-0.108000 0.992919
-0.104000 0.992919
-0.100000 0.992919
-0.096000 0.992919
-0.092000 0.992919
-0.088000 0.992919
-0.084000 0.992919
-0.080000 0.992919
-0.076000 0.992919
-0.072000 0.992919
-0.068000 0.992919
-0.064000 0.992919
-0.060000 0.992919
-0.056000 0.992919
-0.052000 0.992919
-0.048000 0.992919
-0.044000 0.992919
-0.040000 0.992919
-0.036000 0.992919
-0.032000 0.992919
-0.028000 0.992919
-0.024000 0.992919
-0.020000 0.992919
-0.016000 0.992919
-0.012000 0.992919
-0.008000 0.992919
-0.004000 0.992919
0.000000 0.992920
0.004000 0.992920
0.008000 0.992920
0.012000 0.992920
0.016000 0.992920
0.020000 0.992920
0.024000 0.992920
0.028000 0.992920
0.032000 0.992920
0.036000 0.992920
0.040000 0.992920
0.044000 0.992920
0.048000 0.992920
0.052000 0.992920
0.056000 0.992920
0.060000 0.992921
0.064000 0.992921
0.068000 0.992921
0.072000 0.992921
0.076000 0.992921
0.080000 0.992921
0.084000 0.992921
0.088000 0.992921
0.092000 0.992922
0.096000 0.992922
0.100000 0.992922
0.104000 0.992922
0.108000 0.992922
0.112000 0.992923
0.116000 0.992923
0.120000 0.992923
0.124000 0.992923
0.128000 0.992924
0.132000 0.992924
0.136000 0.992924
0.140000 0.992924
0.144000 0.992925
0.148000 0.992925
0.152000 0.992926
0.156000 0.992926
0.160000 0.992926
0.164000 0.992927
0.168000 0.992927
0.172000 0.992928
0.176000 0.992928
0.180000 0.992929
0.184000 0.992929
0.188000 0.992930
0.192000 0.992931
0.196000 0.992931
0.200000 0.992932
0.204000 0.992933
0.208000 0.992934
0.212000 0.992935
0.216000 0.992935
0.220000 0.992936
0.224000 0.992937
0.228000 0.992938
0.232000 0.992939
0.236000 0.992940
0.240000 0.992942
0.244000 0.992943
0.248000 0.992944
0.252000 0.992945
0.256000 0.992947
0.260000 0.992948
0.264000 0.992950
0.268000 0.992952
0.272000 0.992953
0.276000 0.992955
0.280000 0.992957
0.284000 0.992959
0.288000 0.992961
0.292000 0.992963
0.296000 0.992965
0.300000 0.992967
0.304000 0.992970
0.308000 0.992972
0.312000 0.992975
0.316000 0.992977
0.320000 0.992980
0.324000 0.992983
0.328000 0.992986
0.332000 0.992989
0.336000 0.992993
0.340000 0.992996
0.344000 0.992999
0.348000 0.993003
0.352000 0.993007
0.356000 0.993011
0.360000 0.993015
0.364000 0.993019
0.368000 0.993024
0.372000 0.993028
0.376000 0.993033
0.380000 0.993038
0.384000 0.993043
0.388000 0.993049
0.392000 0.993054
0.396000 0.993060
0.400000 0.993066
0.404000 0.993072
0.408000 0.993078
0.412000 0.993085
0.416000 0.993091
0.420000 0.993098
0.424000 0.993106
0.428000 0.993113
0.432000 0.993121
0.436000 0.993129
0.440000 0.993137
0.444000 0.993145
0.448000 0.993154
0.452000 0.993163
0.456000 0.993172
0.460000 0.993181
0.464000 0.993191
0.468000 0.993201
0.472000 0.993212
0.476000 0.993222
0.480000 0.993233
0.484000 0.993244
0.488000 0.993256
0.492000 0.993268
0.496000 0.993280
0.500000 0.993293
0.504000 0.993306
0.508000 0.993319
0.512000 0.993332
0.516000 0.993346
0.520000 0.993361
0.524000 0.993375
0.528000 0.993390
0.532000 0.993406
0.536000 0.993421
0.540000 0.993438
0.544000 0.993454
0.548000 0.993471
0.552000 0.993488
0.556000 0.993506
0.560000 0.993524
0.564000 0.993543
0.568000 0.993561
0.572000 0.993581
0.576000 0.993600
0.580000 0.993620
0.584000 0.993641
0.588000 0.993662
0.592000 0.993683
0.596000 0.993705
0.600000 0.993727
0.604000 0.993750
0.608000 0.993773
0.612000 0.993797
0.616000 0.993821
0.620000 0.993845
0.624000 0.993870
0.628000 0.993895
0.632000 0.993921
0.636000 0.993947
0.640000 0.993973
0.644000 0.994000
0.648000 0.994028
0.652000 0.994056
0.656000 0.994084
0.660000 0.994113
0.664000 0.994142
0.668000 0.994171
0.672000 0.994202
0.676000 0.994232
0.680000 0.994263
0.684000 0.994294
0.688000 0.994326
0.692000 0.994358
0.696000 0.994391
0.700000 0.994424
0.704000 0.994457
0.708000 0.994491
0.712000 0.994525
0.716000 0.994559
0.720000 0.994594
0.724000 0.994630
0.728000 0.994665
0.732000 0.994701
0.736000 0.994738
0.740000 0.994775
0.744000 0.994812
0.748000 0.994849
0.752000 0.994887
0.756000 0.994925
0.760000 0.994964
0.764000 0.995003
0.768000 0.995042
0.772000 0.995081
0.776000 0.995121
0.780000 0.995161
0.784000 0.995201
0.788000 0.995242
0.792000 0.995283
0.796000 0.995324
0.800000 0.995365
0.804000 0.995407
0.808000 0.995448
0.812000 0.995490
0.816000 0.995533
0.820000 0.995575
0.824000 0.995618
0.828000 0.995661
0.832000 0.995703
0.836000 0.995747
0.840000 0.995790
0.844000 0.995833
0.848000 0.995877
0.852000 0.995920
0.856000 0.995964
0.860000 0.996008
0.864000 0.996052
0.868000 0.996096
0.872000 0.996140
0.876000 0.996184
0.880000 0.996228
0.884000 0.996272
0.888000 0.996317
0.892000 0.996361
0.896000 0.996405
0.900000 0.996449
0.904000 0.996493
0.908000 0.996538
0.912000 0.996582
0.916000 0.996626
0.920000 0.996670
0.924000 0.996714
0.928000 0.996758
0.932000 0.996802
0.936000 0.996846
0.940000 0.996889
0.944000 0.996933
0.948000 0.996977
0.952000 0.997021
0.956000 0.997066
0.960000 0.997110
0.964000 0.997156
0.968000 0.997202
0.972000 0.997249
0.976000 0.997299
0.980000 0.997352
0.984000 0.997409
0.988000 0.997472
0.992000 0.997543
0.996000 0.997627
1.000000 0.997728
