-1.000000 0.991037
-0.996000 0.991037
-0.992000 0.991037
-0.988000 0.991037
-0.984000 0.991037
-0.980000 0.991037
-0.976000 0.991037
-0.972000 0.991037
-0.968000 0.991037
-0.964000 0.991037
-0.960000 0.991037
-0.956000 0.991037
-0.952000 0.991037
-0.948000 0.991037
-0.944000 0.991037
-0.940000 0.991037
-0.936000 0.991037
-0.932000 0.991037
-0.928000 0.991037
-0.924000 0.991037
-0.920000 0.991037
-0.916000 0.991037
-0.912000 0.991037
-0.908000 0.991037
-0.904000 0.991037
-0.900000 0.991037
-0.896000 0.991037
-0.892000 0.991037
-0.888000 0.991037
-0.884000 0.991037
-0.880000 0.991037
-0.876000 0.991037
-0.872000 0.991037
-0.868000 0.991037
-0.864000 0.991037
-0.860000 0.991037
-0.856000 0.991037
-0.852000 0.991037
-0.848000 0.991037
-0.844000 0.991037
-0.840000 0.991037
-0.836000 0.991037
-0.832000 0.991037
-0.828000 0.991037
-0.824000 0.991037
-0.820000 0.991037
-0.816000 0.991037
-0.812000 0.991037
-0.808000 0.991037
-0.804000 0.991037
-0.800000 0.991037
-0.796000 0.991037
-0.792000 0.991037
-0.788000 0.991037
-0.784000 0.991037
-0.780000 0.991037
-0.776000 0.991037
-0.772000 0.991037
-0.768000 0.991037
-0.764000 0.991037
-0.760000 0.991037
-0.756000 0.991037
-0.752000 0.991037
-0.748000 0.991037
-0.744000 0.991037
-0.740000 0.991037
-0.736000 0.991037
-0.732000 0.991037
-0.728000 0.991037
-0.724000 0.991037
-0.720000 0.991037
-0.716000 0.991037
-0.712000 0.991037
-0.708000 0.991037
-0.704000 0.991037
-0.700000 0.991037
-0.696000 0.991037
-0.692000 0.991037
-0.688000 0.991037
-0.684000 0.991037
-0.680000 0.991037
-0.676000 0.991037
-0.672000 0.991037
-0.668000 0.991037
-0.664000 0.991037
-0.660000 0.991037
-0.656000 0.991037
-0.652000 0.991037
-0.648000 0.991037
-0.644000 0.991037
-0.640000 0.991037
-0.636000 0.991037
-0.632000 0.991037
-0.628000 0.991037
-0.624000 0.991037
-0.620000 0.991037
-0.616000 0.991037
-0.612000 0.991037
-0.608000 0.991037
-0.604000 0.991037
-0.600000 0.991037
-0.596000 0.991037
-0.592000 0.991037
-0.588000 0.991037
-0.584000 0.991037
-0.580000 0.991037
-0.576000 0.991037
-0.572000 0.991037
-0.568000 0.991037
-0.564000 0.991037
-0.560000 0.991037
-0.556000 0.991037
-0.552000 0.991037
-0.548000 0.991037
-0.544000 0.991037
-0.540000 0.991037
-0.536000 0.991037
-0.532000 0.991037
-0.528000 0.991037
-0.524000 0.991037
-0.520000 0.991037
-0.516000 0.991037
-0.512000 0.991037
-0.508000 0.991037
-0.504000 0.991037
-0.500000 0.991037
-0.496000 0.991037
-0.492000 0.991037
-0.488000 0.991037
-0.484000 0.991037
-0.480000 0.991037
-0.476000 0.991037
-0.472000 0.991037
-0.468000 0.991037
-0.464000 0.991037
-0.460000 0.991037
-0.456000 0.991037
-0.452000 0.991037
-0.448000 0.991037
-0.444000 0.991037
-0.440000 0.991037
-0.436000 0.991037
-0.432000 0.991037
-0.428000 0.991037
-0.424000 0.991037
-0.420000 0.991037
-0.416000 0.991037
-0.412000 0.991038
-0.408000 0.991038
-0.404000 0.991038
-0.400000 0.991038
-0.396000 0.991038
-0.392000 0.991038
-0.388000 0.991038
-0.384000 0.991038
-0.380000 0.991038
-0.376000 0.991038
-0.372000 0.991038
-0.368000 0.991038
-0.364000 0.991038
-0.360000 0.991039
-0.356000 0.991039
-0.352000 0.991039
-0.348000 0.991039
-0.344000 0.991039
-0.340000 0.991039
-0.336000 0.991039
-0.332000 0.991040
-0.328000 0.991040
-0.324000 0.991040
-0.320000 0.991040
-0.316000 0.991041
-0.312000 0.991041
-0.308000 0.991041
-0.304000 0.991042
-0.300000 0.991042
-0.296000 0.991042
-0.292000 0.991043
-0.288000 0.991043
-0.284000 0.991043
-0.280000 0.991044
-0.276000 0.991044
-0.272000 0.991045
-0.268000 0.991046
-0.264000 0.991046
-0.260000 0.991047
-0.256000 0.991047
-0.252000 0.991048
-0.248000 0.991049
-0.244000 0.991050
-0.240000 0.991051
-0.236000 0.991052
-0.232000 0.991053
-0.228000 0.991054
-0.224000 0.991055
-0.220000 0.991056
-0.216000 0.991057
-0.212000 0.991058
-0.208000 0.991060
-0.204000 0.991061
-0.200000 0.991063
-0.196000 0.991064
-0.192000 0.991066
-0.188000 0.991067
-0.184000 0.991069
-0.180000 0.991071
-0.176000 0.991073
-0.172000 0.991075
-0.168000 0.991078
-0.164000 0.991080
-0.160000 0.991082
-0.156000 0.991085
-0.152000 0.991088
-0.148000 0.991091
-0.144000 0.991094
-0.140000 0.991097
-0.136000 0.991100
-0.132000 0.991103
-0.128000 0.991107
-0.124000 0.991111
-0.120000 0.991114
-0.116000 0.991118
-0.112000 0.991123
-0.108000 0.991127
-0.104000 0.991132
-0.100000 0.991136
-0.096000 0.991141
-0.092000 0.991146
-0.088000 0.991152
-0.084000 0.991157
-0.080000 0.991163
-0.076000 0.991169
-0.072000 0.991175
-0.068000 0.991182
-0.064000 0.991188
-0.060000 0.991195
-0.056000 0.991203
-0.052000 0.991210
-0.048000 0.991218
-0.044000 0.991226
-0.040000 0.991234
-0.036000 0.991242
-0.032000 0.991251
-0.028000 0.991260
-0.024000 0.991270
-0.020000 0.991279
-0.016000 0.991289
-0.012000 0.991299
-0.008000 0.991310
-0.004000 0.991321
0.000000 0.991332
0.004000 0.991344
0.008000 0.991355
0.012000 0.991368
0.016000 0.991380
0.020000 0.991393
0.024000 0.991406
0.028000 0.991420
0.032000 0.991434
0.036000 0.991448
0.040000 0.991462
0.044000 0.991477
0.048000 0.991493
0.052000 0.991508
0.056000 0.991524
0.060000 0.991540
0.064000 0.991557
0.068000 0.991574
0.072000 0.991592
0.076000 0.991609
0.080000 0.991628
0.084000 0.991646
0.088000 0.991665
0.092000 0.991684
0.096000 0.991704
0.100000 0.991724
0.104000 0.991744
0.108000 0.991765
0.112000 0.991786
0.116000 0.991807
0.120000 0.991829
0.124000 0.991851
0.128000 0.991873
0.132000 0.991896
0.136000 0.991919
0.140000 0.991942
0.144000 0.991965
0.148000 0.991989
0.152000 0.992014
0.156000 0.992038
0.160000 0.992063
0.164000 0.992088
0.168000 0.992114
0.172000 0.992139
0.176000 0.992165
0.180000 0.992191
0.184000 0.992218
0.188000 0.992244
0.192000 0.992271
0.196000 0.992298
0.200000 0.992326
0.204000 0.992353
0.208000 0.992381
0.212000 0.992409
0.216000 0.992437
0.220000 0.992465
0.224000 0.992494
0.228000 0.992522
0.232000 0.992551
0.236000 0.992580
0.240000 0.992609
0.244000 0.992638
0.248000 0.992667
0.252000 0.992696
0.256000 0.992726
0.260000 0.992755
0.264000 0.992784
0.268000 0.992814
0.272000 0.992843
0.276000 0.992873
0.280000 0.992902
0.284000 0.992932
0.288000 0.992961
0.292000 0.992991
0.296000 0.993020
0.300000 0.993050
0.304000 0.993079
0.308000 0.993108
0.312000 0.993137
0.316000 0.993167
0.320000 0.993196
0.324000 0.993224
0.328000 0.993253
0.332000 0.993282
0.336000 0.993310
0.340000 0.993339
0.344000 0.993367
0.348000 0.993395
0.352000 0.993423
0.356000 0.993451
0.360000 0.993478
0.364000 0.993505
0.368000 0.993532
0.372000 0.993559
0.376000 0.993586
0.380000 0.993612
0.384000 0.993639
0.388000 0.993665
0.392000 0.993690
0.396000 0.993716
0.400000 0.993741
0.404000 0.993766
0.408000 0.993790
0.412000 0.993815
0.416000 0.993839
0.420000 0.993863
0.424000 0.993886
0.428000 0.993909
0.432000 0.993932
0.436000 0.993955
0.440000 0.993977
0.444000 0.993999
0.448000 0.994021
0.452000 0.994042
0.456000 0.994063
0.460000 0.994084
0.464000 0.994104
0.468000 0.994124
0.472000 0.994144
0.476000 0.994163
0.480000 0.994182
0.484000 0.994201
0.488000 0.994219
0.492000 0.994237
0.496000 0.994255
0.500000 0.994273
0.504000 0.994290
0.508000 0.994306
0.512000 0.994323
0.516000 0.994339
0.520000 0.994355
0.524000 0.994370
0.528000 0.994385
0.532000 0.994400
0.536000 0.994415
0.540000 0.994429
0.544000 0.994443
0.548000 0.994456
0.552000 0.994470
0.556000 0.994483
0.560000 0.994495
0.564000 0.994508
0.568000 0.994520
0.572000 0.994532
0.576000 0.994543
0.580000 0.994554
0.584000 0.994565
0.588000 0.994576
0.592000 0.994586
0.596000 0.994596
0.600000 0.994606
0.604000 0.994616
0.608000 0.994625
0.612000 0.994634
0.616000 0.994643
0.620000 0.994652
0.624000 0.994660
0.628000 0.994668
0.632000 0.994676
0.636000 0.994684
0.640000 0.994691
0.644000 0.994698
0.648000 0.994705
0.652000 0.994712
0.656000 0.994719
0.660000 0.994725
0.664000 0.994731
0.668000 0.994737
0.672000 0.994743
0.676000 0.994749
0.680000 0.994754
0.684000 0.994760
0.688000 0.994765
0.692000 0.994770
0.696000 0.994774
0.700000 0.994779
0.704000 0.994783
0.708000 0.994788
0.712000 0.994792
0.716000 0.994796
0.720000 0.994800
0.724000 0.994804
0.728000 0.994807
0.732000 0.994811
0.736000 0.994814
0.740000 0.994817
0.744000 0.994820
0.748000 0.994823
0.752000 0.994826
0.756000 0.994829
0.760000 0.994832
0.764000 0.994834
0.768000 0.994837
0.772000 0.994839
0.776000 0.994842
0.780000 0.994844
0.784000 0.994846
0.788000 0.994848
0.792000 0.994850
0.796000 0.994852
0.800000 0.994854
0.804000 0.994855
0.808000 0.994857
0.812000 0.994859
0.816000 0.994860
0.820000 0.994862
0.824000 0.994863
0.828000 0.994864
0.832000 0.994866
0.836000 0.994867
0.840000 0.994868
0.844000 0.994869
0.848000 0.994870
0.852000 0.994871
0.856000 0.994872
0.860000 0.994873
0.864000 0.994874
0.868000 0.994875
0.872000 0.994876
0.876000 0.994877
0.880000 0.994877
0.884000 0.994878
0.888000 0.994879
0.892000 0.994879
0.896000 0.994880
0.900000 0.994881
0.904000 0.994881
0.908000 0.994882
0.912000 0.994882
0.916000 0.994883
0.920000 0.994883
0.924000 0.994884
0.928000 0.994884
0.932000 0.994885
0.936000 0.994885
0.940000 0.994885
0.944000 0.994886
0.948000 0.994886
0.952000 0.994886
0.956000 0.994887
0.960000 0.994887
0.964000 0.994887
0.968000 0.994888
0.972000 0.994888
0.976000 0.994888
0.980000 0.994888
0.984000 0.994889
0.988000 0.994889
0.992000 0.994889
0.996000 0.994889
1.000000 0.994890
