-1.000000 0.992919
-0.996000 0.992919
-0.992000 0.992919
-0.988000 0.992919
-0.984000 0.992919
-0.980000 0.992919
-0.976000 0.992919
-0.972000 0.992919
-0.968000 0.992919
-0.964000 0.992919
-0.960000 0.992919
-0.956000 0.992919
-0.952000 0.992919
-0.948000 0.992919
-0.944000 0.992919
-0.940000 0.992919
-0.936000 0.992919
-0.932000 0.992919
-0.928000 0.992919
-0.924000 0.992919
-0.920000 0.992919
-0.916000 0.992919
-0.912000 0.992919
-0.908000 0.992919
-0.904000 0.992919
-0.900000 0.992919
-0.896000 0.992919
-0.892000 0.992919
-0.888000 0.992919
-0.884000 0.992919
-0.880000 0.992919
-0.876000 0.992919
-0.872000 0.992919
-0.868000 0.992919
-0.864000 0.992919
-0.860000 0.992919
-0.856000 0.992919
-0.852000 0.992919
-0.848000 0.992919
-0.844000 0.992919
-0.840000 0.992919
-0.836000 0.992919
-0.832000 0.992919
-0.828000 0.992919
-0.824000 0.992919
-0.820000 0.992919
-0.816000 0.992919
-0.812000 0.992919
-0.808000 0.992919
-0.804000 0.992919
-0.800000 0.992919
-0.796000 0.992919
-0.792000 0.992919
-0.788000 0.992919
-0.784000 0.992919
-0.780000 0.992919
-0.776000 0.992919
-0.772000 0.992919
-0.768000 0.992919
-0.764000 0.992919
-0.760000 0.992919
-0.756000 0.992919
-0.752000 0.992919
-0.748000 0.992919
-0.744000 0.992919
-0.740000 0.992919
-0.736000 0.992919
-0.732000 0.992919
-0.728000 0.992919
-0.724000 0.992919
-0.720000 0.992919
-0.716000 0.992919
-0.712000 0.992919
-0.708000 0.992919
-0.704000 0.992919
-0.700000 0.992919
-0.696000 0.992919
-0.692000 0.992919
-0.688000 0.992919
-0.684000 0.992919
-0.680000 0.992919
-0.676000 0.992919
-0.672000 0.992919
-0.668000 0.992919
-0.664000 0.992919
-0.660000 0.992919
-0.656000 0.992919
-0.652000 0.992919
-0.648000 0.992919
-0.644000 0.992919
-0.640000 0.992919
-0.636000 0.992919
-0.632000 0.992919
-0.628000 0.992919
-0.624000 0.992919
-0.620000 0.992919
-0.616000 0.992919
-0.612000 0.992919
-0.608000 0.992919
-0.604000 0.992919
-0.600000 0.992919
-0.596000 0.992919
-0.592000 0.992919
-0.588000 0.992919
-0.584000 0.992919
-0.580000 0.992919
-0.576000 0.992919
-0.572000 0.992919
-0.568000 0.992919
-0.564000 0.992919
-0.560000 0.992919
-0.556000 0.992919
-0.552000 0.992919
-0.548000 0.992919
-0.544000 0.992919
-0.540000 0.992919
-0.536000 0.992919
-0.532000 0.992919
-0.528000 0.992919
-0.524000 0.992919
-0.520000 0.992919
-0.516000 0.992919
-0.512000 0.992919
-0.508000 0.992919
-0.504000 0.992919
-0.500000 0.992919
-0.496000 0.992919
-0.492000 0.992919
-0.488000 0.992919
-0.484000 0.992919
-0.480000 0.992919
-0.476000 0.992919
-0.472000 0.992919
-0.468000 0.992919
-0.464000 0.992919
-0.460000 0.992919
-0.456000 0.992919
-0.452000 0.992919
-0.448000 0.992919
-0.444000 0.992919
-0.440000 0.992919
-0.436000 0.992919
-0.432000 0.992919
-0.428000 0.992919
-0.424000 0.992919
-0.420000 0.992919
-0.416000 0.992919
-0.412000 0.992919
-0.408000 0.992919
-0.404000 0.992919
-0.400000 0.992919
-0.396000 0.992919
-0.392000 0.992919
-0.388000 0.992919
-0.384000 0.992919
-0.380000 0.992919
-0.376000 0.992919
-0.372000 0.992919
-0.368000 0.992919
-0.364000 0.992919
-0.360000 0.992919
-0.356000 0.992919
-0.352000 0.992920
-0.348000 0.992920
-0.344000 0.992920
-0.340000 0.992920
-0.336000 0.992920
-0.332000 0.992920
-0.328000 0.992920
-0.324000 0.992920
-0.320000 0.992920
-0.316000 0.992920
-0.312000 0.992920
-0.308000 0.992920
-0.304000 0.992920
-0.300000 0.992921
-0.296000 0.992921
-0.292000 0.992921
-0.288000 0.992921
-0.284000 0.992921
-0.280000 0.992921
-0.276000 0.992922
-0.272000 0.992922
-0.268000 0.992922
-0.264000 0.992922
-0.260000 0.992922
-0.256000 0.992923
-0.252000 0.992923
-0.248000 0.992923
-0.244000 0.992924
-0.240000 0.992924
-0.236000 0.992924
-0.232000 0.992925
-0.228000 0.992925
-0.224000 0.992926
-0.220000 0.992926
-0.216000 0.992927
-0.212000 0.992927
-0.208000 0.992928
-0.204000 0.992928
-0.200000 0.992929
-0.196000 0.992930
-0.192000 0.992931
-0.188000 0.992931
-0.184000 0.992932
-0.180000 0.992933
-0.176000 0.992934
-0.172000 0.992935
-0.168000 0.992936
-0.164000 0.992937
-0.160000 0.992939
-0.156000 0.992940
-0.152000 0.992941
-0.148000 0.992943
-0.144000 0.992944
-0.140000 0.992946
-0.136000 0.992947
-0.132000 0.992949
-0.128000 0.992951
-0.124000 0.992953
-0.120000 0.992955
-0.116000 0.992957
-0.112000 0.992959
-0.108000 0.992962
-0.104000 0.992964
-0.100000 0.992967
-0.096000 0.992970
-0.092000 0.992973
-0.088000 0.992976
-0.084000 0.992979
-0.080000 0.992983
-0.076000 0.992986
-0.072000 0.992990
-0.068000 0.992994
-0.064000 0.992998
-0.060000 0.993002
-0.056000 0.993007
-0.052000 0.993011
-0.048000 0.993016
-0.044000 0.993021
-0.040000 0.993027
-0.036000 0.993032
-0.032000 0.993038
-0.028000 0.993044
-0.024000 0.993051
-0.020000 0.993057
-0.016000 0.993064
-0.012000 0.993071
-0.008000 0.993079
-0.004000 0.993086
0.000000 0.993094
0.004000 0.993103
0.008000 0.993111
0.012000 0.993120
0.016000 0.993130
0.020000 0.993139
0.024000 0.993149
0.028000 0.993160
0.032000 0.993170
0.036000 0.993182
0.040000 0.993193
0.044000 0.993205
0.048000 0.993217
0.052000 0.993230
0.056000 0.993243
0.060000 0.993257
0.064000 0.993271
0.068000 0.993286
0.072000 0.993301
0.076000 0.993316
0.080000 0.993332
0.084000 0.993348
0.088000 0.993365
0.092000 0.993382
0.096000 0.993400
0.100000 0.993419
0.104000 0.993438
0.108000 0.993457
0.112000 0.993477
0.116000 0.993498
0.120000 0.993519
0.124000 0.993540
0.128000 0.993562
0.132000 0.993585
0.136000 0.993608
0.140000 0.993632
0.144000 0.993657
0.148000 0.993681
0.152000 0.993707
0.156000 0.993733
0.160000 0.993760
0.164000 0.993787
0.168000 0.993815
0.172000 0.993844
0.176000 0.993873
0.180000 0.993903
0.184000 0.993933
0.188000 0.993964
0.192000 0.993995
0.196000 0.994027
0.200000 0.994060
0.204000 0.994093
0.208000 0.994127
0.212000 0.994162
0.216000 0.994197
0.220000 0.994232
0.224000 0.994268
0.228000 0.994305
0.232000 0.994343
0.236000 0.994380
0.240000 0.994419
0.244000 0.994458
0.248000 0.994497
0.252000 0.994538
0.256000 0.994578
0.260000 0.994619
0.264000 0.994661
0.268000 0.994703
0.272000 0.994746
0.276000 0.994789
0.280000 0.994833
0.284000 0.994877
0.288000 0.994921
0.292000 0.994966
0.296000 0.995012
0.300000 0.995057
0.304000 0.995104
0.308000 0.995150
0.312000 0.995197
0.316000 0.995245
0.320000 0.995292
0.324000 0.995340
0.328000 0.995389
0.332000 0.995438
0.336000 0.995487
0.340000 0.995536
0.344000 0.995585
0.348000 0.995635
0.352000 0.995685
0.356000 0.995735
0.360000 0.995786
0.364000 0.995836
0.368000 0.995887
0.372000 0.995938
0.376000 0.995989
0.380000 0.996040
0.384000 0.996092
0.388000 0.996143
0.392000 0.996194
0.396000 0.996246
0.400000 0.996297
0.404000 0.996349
0.408000 0.996400
0.412000 0.996452
0.416000 0.996503
0.420000 0.996555
0.424000 0.996606
0.428000 0.996657
0.432000 0.996708
0.436000 0.996759
0.440000 0.996810
0.444000 0.996861
0.448000 0.996911
0.452000 0.996962
0.456000 0.997012
0.460000 0.997062
0.464000 0.997112
0.468000 0.997161
0.472000 0.997210
0.476000 0.997259
0.480000 0.997308
0.484000 0.997356
0.488000 0.997404
0.492000 0.997452
0.496000 0.997499
0.500000 0.997546
0.504000 0.997593
0.508000 0.997639
0.512000 0.997685
0.516000 0.997730
0.520000 0.997775
0.524000 0.997820
0.528000 0.997864
0.532000 0.997908
0.536000 0.997951
0.540000 0.997994
0.544000 0.998036
0.548000 0.998078
0.552000 0.998120
0.556000 0.998161
0.560000 0.998201
0.564000 0.998241
0.568000 0.998280
0.572000 0.998319
0.576000 0.998358
0.580000 0.998396
0.584000 0.998433
0.588000 0.998470
0.592000 0.998506
0.596000 0.998542
0.600000 0.998577
0.604000 0.998612
0.608000 0.998646
0.612000 0.998680
0.616000 0.998713
0.620000 0.998745
0.624000 0.998777
0.628000 0.998809
0.632000 0.998839
0.636000 0.998870
0.640000 0.998900
0.644000 0.998929
0.648000 0.998958
0.652000 0.998986
0.656000 0.999013
0.660000 0.999040
0.664000 0.999067
0.668000 0.999093
0.672000 0.999118
0.676000 0.999143
0.680000 0.999168
0.684000 0.999192
0.688000 0.999215
0.692000 0.999238
0.696000 0.999261
0.700000 0.999283
0.704000 0.999304
0.708000 0.999325
0.712000 0.999345
0.716000 0.999365
0.720000 0.999385
0.724000 0.999404
0.728000 0.999423
0.732000 0.999441
0.736000 0.999458
0.740000 0.999476
0.744000 0.999492
0.748000 0.999509
0.752000 0.999525
0.756000 0.999540
0.760000 0.999556
0.764000 0.999570
0.768000 0.999585
0.772000 0.999599
0.776000 0.999612
0.780000 0.999625
0.784000 0.999638
0.788000 0.999651
0.792000 0.999663
0.796000 0.999675
0.800000 0.999686
0.804000 0.999697
0.808000 0.999708
0.812000 0.999718
0.816000 0.999728
0.820000 0.999738
0.824000 0.999748
0.828000 0.999757
0.832000 0.999766
0.836000 0.999775
0.840000 0.999783
0.844000 0.999791
0.848000 0.999799
0.852000 0.999807
0.856000 0.999814
0.860000 0.999821
0.864000 0.999828
0.868000 0.999835
0.872000 0.999841
0.876000 0.999847
0.880000 0.999853
0.884000 0.999859
0.888000 0.999865
0.892000 0.999870
0.896000 0.999876
0.900000 0.999881
0.904000 0.999885
0.908000 0.999890
0.912000 0.999895
0.916000 0.999899
0.920000 0.999903
0.924000 0.999907
0.928000 0.999911
0.932000 0.999915
0.936000 0.999919
0.940000 0.999922
0.944000 0.999925
0.948000 0.999929
0.952000 0.999932
0.956000 0.999935
0.960000 0.999938
0.964000 0.999940
0.968000 0.999943
0.972000 0.999946
0.976000 0.999949
0.980000 0.999951
0.984000 0.999954
0.988000 0.999957
0.992000 0.999961
0.996000 0.999965
1.000000 0.999969
