-1.000000 0.992919
-0.996000 0.992919
-0.992000 0.992919
-0.988000 0.992919
-0.984000 0.992919
-0.980000 0.992919
-0.976000 0.992919
-0.972000 0.992919
-0.968000 0.992919
-0.964000 0.992919
-0.960000 0.992919
-0.956000 0.992919
-0.952000 0.992919
-0.948000 0.992919
-0.944000 0.992919
-0.940000 0.992919
-0.936000 0.992919
-0.932000 0.992919
-0.928000 0.992919
-0.924000 0.992919
-0.920000 0.992919
-0.916000 0.992919
-0.912000 0.992919
-0.908000 0.992919
-0.904000 0.992919
-0.900000 0.992919
-0.896000 0.992919
-0.892000 0.992919
-0.888000 0.992919
-0.884000 0.992919
-0.880000 0.992919
-0.876000 0.992919
-0.872000 0.992919
-0.868000 0.992919
-0.864000 0.992919
-0.860000 0.992919
-0.856000 0.992919
-0.852000 0.992919
-0.848000 0.992919
-0.844000 0.992919
-0.840000 0.992919
-0.836000 0.992919
-0.832000 0.992919
-0.828000 0.992919
-0.824000 0.992919
-0.820000 0.992919
-0.816000 0.992919
-0.812000 0.992919
-0.808000 0.992919
-0.804000 0.992919
-0.800000 0.992919
-0.796000 0.992919
-0.792000 0.992919
-0.788000 0.992919
-0.784000 0.992919
-0.780000 0.992919
-0.776000 0.992919
-0.772000 0.992919
-0.768000 0.992919
-0.764000 0.992919
-0.760000 0.992919
-0.756000 0.992919
-0.752000 0.992919
-0.748000 0.992919
-0.744000 0.992919
-0.740000 0.992919
-0.736000 0.992919
-0.732000 0.992919
-0.728000 0.992919
-0.724000 0.992919
-0.720000 0.992919
-0.716000 0.992919
-0.712000 0.992919
-0.708000 0.992919
-0.704000 0.992919
-0.700000 0.992919
-0.696000 0.992919
-0.692000 0.992919
-0.688000 0.992919
-0.684000 0.992919
-0.680000 0.992919
-0.676000 0.992919
-0.672000 0.992919
-0.668000 0.992919
-0.664000 0.992919
-0.660000 0.992919
-0.656000 0.992919
-0.652000 0.992919
-0.648000 0.992919
-0.644000 0.992919
-0.640000 0.992919
-0.636000 0.992919
-0.632000 0.992919
-0.628000 0.992919
-0.624000 0.992919
-0.620000 0.992919
-0.616000 0.992919
-0.612000 0.992919
-0.608000 0.992919
-0.604000 0.992919
-0.600000 0.992919
-0.596000 0.992919
-0.592000 0.992919
-0.588000 0.992919
-0.584000 0.992919
-0.580000 0.992919
-0.576000 0.992919
-0.572000 0.992919
-0.568000 0.992919
-0.564000 0.992919
-0.560000 0.992919
-0.556000 0.992919
-0.552000 0.992919
-0.548000 0.992919
-0.544000 0.992919
-0.540000 0.992919
-0.536000 0.992919
-0.532000 0.992919
-0.528000 0.992919
-0.524000 0.992919
-0.520000 0.992919
-0.516000 0.992919
-0.512000 0.992919
-0.508000 0.992919
-0.504000 0.992919
-0.500000 0.992919
-0.496000 0.992919
-0.492000 0.992919
-0.488000 0.992919
-0.484000 0.992919
-0.480000 0.992919
-0.476000 0.992919
-0.472000 0.992919
-0.468000 0.992919
-0.464000 0.992919
-0.460000 0.992919
-0.456000 0.992919
-0.452000 0.992919
-0.448000 0.992919
-0.444000 0.992919
-0.440000 0.992919
-0.436000 0.992919
-0.432000 0.992919
-0.428000 0.992919
-0.424000 0.992919
-0.420000 0.992919
-0.416000 0.992919
-0.412000 0.992919
-0.408000 0.992919
-0.404000 0.992919
-0.400000 0.992919
-0.396000 0.992919
-0.392000 0.992919
-0.388000 0.992919
-0.384000 0.992919
-0.380000 0.992919
-0.376000 0.992919
-0.372000 0.992919
-0.368000 0.992919
-0.364000 0.992919
-0.360000 0.992919
-0.356000 0.992919
-0.352000 0.992919
-0.348000 0.992919
-0.344000 0.992919
-0.340000 0.992919
-0.336000 0.992919
-0.332000 0.992919
-0.328000 0.992919
-0.324000 0.992919
-0.320000 0.992919
-0.316000 0.992919
-0.312000 0.992919
-0.308000 0.992919
-0.304000 0.992919
-0.300000 0.992919
-0.296000 0.992919
-0.292000 0.992919
-0.288000 0.992919
-0.284000 0.992919
-0.280000 0.992919
-0.276000 0.992919
-0.272000 0.992919
-0.268000 0.992919
-0.264000 0.992920
-0.260000 0.992920
-0.256000 0.992920
-0.252000 0.992920
-0.248000 0.992920
-0.244000 0.992920
-0.240000 0.992920
-0.236000 0.992920
-0.232000 0.992920
-0.228000 0.992920
-0.224000 0.992920
-0.220000 0.992920
-0.216000 0.992920
-0.212000 0.992920
-0.208000 0.992921
-0.204000 0.992921
-0.200000 0.992921
-0.196000 0.992921
-0.192000 0.992921
-0.188000 0.992921
-0.184000 0.992921
-0.180000 0.992922
-0.176000 0.992922
-0.172000 0.992922
-0.168000 0.992922
-0.164000 0.992922
-0.160000 0.992923
-0.156000 0.992923
-0.152000 0.992923
-0.148000 0.992924
-0.144000 0.992924
-0.140000 0.992924
-0.136000 0.992925
-0.132000 0.992925
-0.128000 0.992925
-0.124000 0.992926
-0.120000 0.992926
-0.116000 0.992927
-0.112000 0.992927
-0.108000 0.992928
-0.104000 0.992929
-0.100000 0.992929
-0.096000 0.992930
-0.092000 0.992931
-0.088000 0.992931
-0.084000 0.992932
-0.080000 0.992933
-0.076000 0.992934
-0.072000 0.992935
-0.068000 0.992936
-0.064000 0.992937
-0.060000 0.992938
-0.056000 0.992939
-0.052000 0.992940
-0.048000 0.992942
-0.044000 0.992943
-0.040000 0.992945
-0.036000 0.992946
-0.032000 0.992948
-0.028000 0.992949
-0.024000 0.992951
-0.020000 0.992953
-0.016000 0.992955
-0.012000 0.992957
-0.008000 0.992959
-0.004000 0.992962
0.000000 0.992964
0.004000 0.992967
0.008000 0.992969
0.012000 0.992972
0.016000 0.992975
0.020000 0.992978
0.024000 0.992981
0.028000 0.992985
0.032000 0.992988
0.036000 0.992992
0.040000 0.992995
0.044000 0.992999
0.048000 0.993004
0.052000 0.993008
0.056000 0.993012
0.060000 0.993017
0.064000 0.993022
0.068000 0.993027
0.072000 0.993032
0.076000 0.993038
0.080000 0.993044
0.084000 0.993050
0.088000 0.993056
0.092000 0.993062
0.096000 0.993069
0.100000 0.993076
0.104000 0.993083
0.108000 0.993091
0.112000 0.993099
0.116000 0.993107
0.120000 0.993115
0.124000 0.993124
0.128000 0.993133
0.132000 0.993142
0.136000 0.993152
0.140000 0.993162
0.144000 0.993172
0.148000 0.993183
0.152000 0.993194
0.156000 0.993205
0.160000 0.993217
0.164000 0.993229
0.168000 0.993242
0.172000 0.993255
0.176000 0.993268
0.180000 0.993282
0.184000 0.993296
0.188000 0.993310
0.192000 0.993325
0.196000 0.993341
0.200000 0.993357
0.204000 0.993373
0.208000 0.993390
0.212000 0.993407
0.216000 0.993425
0.220000 0.993443
0.224000 0.993461
0.228000 0.993480
0.232000 0.993500
0.236000 0.993520
0.240000 0.993541
0.244000 0.993562
0.248000 0.993584
0.252000 0.993606
0.256000 0.993628
0.260000 0.993652
0.264000 0.993675
0.268000 0.993699
0.272000 0.993724
0.276000 0.993750
0.280000 0.993775
0.284000 0.993802
0.288000 0.993829
0.292000 0.993856
0.296000 0.993884
0.300000 0.993913
0.304000 0.993942
0.308000 0.993971
0.312000 0.994002
0.316000 0.994032
0.320000 0.994064
0.324000 0.994095
0.328000 0.994128
0.332000 0.994161
0.336000 0.994194
0.340000 0.994228
0.344000 0.994262
0.348000 0.994297
0.352000 0.994333
0.356000 0.994369
0.360000 0.994405
0.364000 0.994442
0.368000 0.994480
0.372000 0.994518
0.376000 0.994557
0.380000 0.994596
0.384000 0.994635
0.388000 0.994675
0.392000 0.994715
0.396000 0.994756
0.400000 0.994798
0.404000 0.994839
0.408000 0.994881
0.412000 0.994924
0.416000 0.994967
0.420000 0.995010
0.424000 0.995054
0.428000 0.995098
0.432000 0.995143
0.436000 0.995187
0.440000 0.995233
0.444000 0.995278
0.448000 0.995324
0.452000 0.995370
0.456000 0.995416
0.460000 0.995463
0.464000 0.995510
0.468000 0.995557
0.472000 0.995605
0.476000 0.995652
0.480000 0.995700
0.484000 0.995748
0.488000 0.995796
0.492000 0.995845
0.496000 0.995893
0.500000 0.995942
0.504000 0.995991
0.508000 0.996040
0.512000 0.996089
0.516000 0.996138
0.520000 0.996187
0.524000 0.996236
0.528000 0.996285
0.532000 0.996335
0.536000 0.996384
0.540000 0.996433
0.544000 0.996482
0.548000 0.996531
0.552000 0.996580
0.556000 0.996629
0.560000 0.996678
0.564000 0.996727
0.568000 0.996776
0.572000 0.996824
0.576000 0.996873
0.580000 0.996921
0.584000 0.996969
0.588000 0.997017
0.592000 0.997065
0.596000 0.997112
0.600000 0.997160
0.604000 0.997207
0.608000 0.997254
0.612000 0.997300
0.616000 0.997346
0.620000 0.997392
0.624000 0.997438
0.628000 0.997484
0.632000 0.997529
0.636000 0.997573
0.640000 0.997618
0.644000 0.997662
0.648000 0.997706
0.652000 0.997749
0.656000 0.997792
0.660000 0.997834
0.664000 0.997876
0.668000 0.997918
0.672000 0.997960
0.676000 0.998001
0.680000 0.998041
0.684000 0.998081
0.688000 0.998121
0.692000 0.998160
0.696000 0.998199
0.700000 0.998237
0.704000 0.998275
0.708000 0.998312
0.712000 0.998349
0.716000 0.998385
0.720000 0.998421
0.724000 0.998457
0.728000 0.998492
0.732000 0.998526
0.736000 0.998560
0.740000 0.998594
0.744000 0.998627
0.748000 0.998659
0.752000 0.998691
0.756000 0.998723
0.760000 0.998754
0.764000 0.998784
0.768000 0.998814
0.772000 0.998844
0.776000 0.998873
0.780000 0.998901
0.784000 0.998929
0.788000 0.998957
0.792000 0.998984
0.796000 0.999010
0.800000 0.999036
0.804000 0.999062
0.808000 0.999087
0.812000 0.999111
0.816000 0.999135
0.820000 0.999159
0.824000 0.999182
0.828000 0.999205
0.832000 0.999227
0.836000 0.999249
0.840000 0.999270
0.844000 0.999291
0.848000 0.999311
0.852000 0.999331
0.856000 0.999351
0.860000 0.999370
0.864000 0.999388
0.868000 0.999406
0.872000 0.999424
0.876000 0.999442
0.880000 0.999459
0.884000 0.999475
0.888000 0.999491
0.892000 0.999507
0.896000 0.999522
0.900000 0.999537
0.904000 0.999552
0.908000 0.999566
0.912000 0.999580
0.916000 0.999594
0.920000 0.999607
0.924000 0.999620
0.928000 0.999632
0.932000 0.999644
0.936000 0.999656
0.940000 0.999668
0.944000 0.999679
0.948000 0.999690
0.952000 0.999700
0.956000 0.999711
0.960000 0.999721
0.964000 0.999731
0.968000 0.999741
0.972000 0.999751
0.976000 0.999761
0.980000 0.999772
0.984000 0.999782
0.988000 0.999794
0.992000 0.999807
0.996000 0.999822
1.000000 0.999841
