-1.000000 0.991037
-0.996000 0.991037
-0.992000 0.991037
-0.988000 0.991037
-0.984000 0.991037
-0.980000 0.991037
-0.976000 0.991037
-0.972000 0.991037
-0.968000 0.991037
-0.964000 0.991037
-0.960000 0.991037
-0.956000 0.991037
-0.952000 0.991037
-0.948000 0.991037
-0.944000 0.991037
-0.940000 0.991037
-0.936000 0.991037
-0.932000 0.991037
-0.928000 0.991037
-0.924000 0.991037
-0.920000 0.991037
-0.916000 0.991038
-0.912000 0.991038
-0.908000 0.991038
-0.904000 0.991038
-0.900000 0.991038
-0.896000 0.991038
-0.892000 0.991038
-0.888000 0.991039
-0.884000 0.991039
-0.880000 0.991039
-0.876000 0.991040
-0.872000 0.991040
-0.868000 0.991040
-0.864000 0.991041
-0.860000 0.991042
-0.856000 0.991042
-0.852000 0.991043
-0.848000 0.991044
-0.844000 0.991045
-0.840000 0.991046
-0.836000 0.991047
-0.832000 0.991049
-0.828000 0.991050
-0.824000 0.991052
-0.820000 0.991054
-0.816000 0.991056
-0.812000 0.991058
-0.808000 0.991060
-0.804000 0.991063
-0.800000 0.991066
-0.796000 0.991070
-0.792000 0.991073
-0.788000 0.991077
-0.784000 0.991081
-0.780000 0.991086
-0.776000 0.991091
-0.772000 0.991097
-0.768000 0.991103
-0.764000 0.991109
-0.760000 0.991116
-0.756000 0.991124
-0.752000 0.991132
-0.748000 0.991141
-0.744000 0.991150
-0.740000 0.991160
-0.736000 0.991171
-0.732000 0.991182
-0.728000 0.991194
-0.724000 0.991207
-0.720000 0.991221
-0.716000 0.991235
-0.712000 0.991251
-0.708000 0.991267
-0.704000 0.991284
-0.700000 0.991302
-0.696000 0.991321
-0.692000 0.991341
-0.688000 0.991362
-0.684000 0.991384
-0.680000 0.991407
-0.676000 0.991431
-0.672000 0.991456
-0.668000 0.991482
-0.664000 0.991509
-0.660000 0.991538
-0.656000 0.991567
-0.652000 0.991597
-0.648000 0.991628
-0.644000 0.991661
-0.640000 0.991694
-0.636000 0.991729
-0.632000 0.991764
-0.628000 0.991801
-0.624000 0.991838
-0.620000 0.991877
-0.616000 0.991916
-0.612000 0.991956
-0.608000 0.991997
-0.604000 0.992039
-0.600000 0.992082
-0.596000 0.992126
-0.592000 0.992170
-0.588000 0.992215
-0.584000 0.992260
-0.580000 0.992307
-0.576000 0.992353
-0.572000 0.992401
-0.568000 0.992449
-0.564000 0.992497
-0.560000 0.992545
-0.556000 0.992594
-0.552000 0.992643
-0.548000 0.992693
-0.544000 0.992742
-0.540000 0.992792
-0.536000 0.992841
-0.532000 0.992891
-0.528000 0.992941
-0.524000 0.992990
-0.520000 0.993039
-0.516000 0.993089
-0.512000 0.993137
-0.508000 0.993186
-0.504000 0.993234
-0.500000 0.993282
-0.496000 0.993330
-0.492000 0.993376
-0.488000 0.993423
-0.484000 0.993469
-0.480000 0.993514
-0.476000 0.993559
-0.472000 0.993603
-0.468000 0.993646
-0.464000 0.993689
-0.460000 0.993731
-0.456000 0.993772
-0.452000 0.993812
-0.448000 0.993851
-0.444000 0.993890
-0.440000 0.993928
-0.436000 0.993965
-0.432000 0.994001
-0.428000 0.994036
-0.424000 0.994071
-0.420000 0.994104
-0.416000 0.994137
-0.412000 0.994168
-0.408000 0.994199
-0.404000 0.994229
-0.400000 0.994258
-0.396000 0.994286
-0.392000 0.994313
-0.388000 0.994339
-0.384000 0.994365
-0.380000 0.994389
-0.376000 0.994413
-0.372000 0.994436
-0.368000 0.994458
-0.364000 0.994479
-0.360000 0.994499
-0.356000 0.994519
-0.352000 0.994538
-0.348000 0.994556
-0.344000 0.994573
-0.340000 0.994590
-0.336000 0.994606
-0.332000 0.994621
-0.328000 0.994635
-0.324000 0.994649
-0.320000 0.994663
-0.316000 0.994675
-0.312000 0.994687
-0.308000 0.994699
-0.304000 0.994710
-0.300000 0.994720
-0.296000 0.994730
-0.292000 0.994740
-0.288000 0.994749
-0.284000 0.994757
-0.280000 0.994765
-0.276000 0.994773
-0.272000 0.994780
-0.268000 0.994787
-0.264000 0.994794
-0.260000 0.994800
-0.256000 0.994806
-0.252000 0.994811
-0.248000 0.994816
-0.244000 0.994821
-0.240000 0.994826
-0.236000 0.994830
-0.232000 0.994834
-0.228000 0.994838
-0.224000 0.994842
-0.220000 0.994845
-0.216000 0.994848
-0.212000 0.994851
-0.208000 0.994854
-0.204000 0.994857
-0.200000 0.994859
-0.196000 0.994862
-0.192000 0.994864
-0.188000 0.994866
-0.184000 0.994868
-0.180000 0.994869
-0.176000 0.994871
-0.172000 0.994873
-0.168000 0.994874
-0.164000 0.994875
-0.160000 0.994877
-0.156000 0.994878
-0.152000 0.994879
-0.148000 0.994880
-0.144000 0.994881
-0.140000 0.994882
-0.136000 0.994882
-0.132000 0.994883
-0.128000 0.994884
-0.124000 0.994884
-0.120000 0.994885
-0.116000 0.994886
-0.112000 0.994886
-0.108000 0.994887
-0.104000 0.994887
-0.100000 0.994887
-0.096000 0.994888
-0.092000 0.994888
-0.088000 0.994888
-0.084000 0.994889
-0.080000 0.994889
-0.076000 0.994889
-0.072000 0.994890
-0.068000 0.994890
-0.064000 0.994890
-0.060000 0.994890
-0.056000 0.994890
-0.052000 0.994890
-0.048000 0.994891
-0.044000 0.994891
-0.040000 0.994891
-0.036000 0.994891
-0.032000 0.994891
-0.028000 0.994891
-0.024000 0.994891
-0.020000 0.994891
-0.016000 0.994891
-0.012000 0.994891
-0.008000 0.994891
-0.004000 0.994891
0.000000 0.994892
0.004000 0.994892
0.008000 0.994892
0.012000 0.994892
0.016000 0.994892
0.020000 0.994892
0.024000 0.994892
0.028000 0.994892
0.032000 0.994892
0.036000 0.994892
0.040000 0.994892
0.044000 0.994892
0.048000 0.994892
0.052000 0.994892
0.056000 0.994892
0.060000 0.994892
0.064000 0.994892
0.068000 0.994892
0.072000 0.994892
0.076000 0.994892
0.080000 0.994892
0.084000 0.994892
0.088000 0.994892
0.092000 0.994892
0.096000 0.994892
0.100000 0.994892
0.104000 0.994892
0.108000 0.994892
0.112000 0.994892
0.116000 0.994892
0.120000 0.994892
0.124000 0.994892
0.128000 0.994892
0.132000 0.994892
0.136000 0.994892
0.140000 0.994892
0.144000 0.994892
0.148000 0.994892
0.152000 0.994892
0.156000 0.994892
0.160000 0.994892
0.164000 0.994892
0.168000 0.994892
0.172000 0.994892
0.176000 0.994892
0.180000 0.994892
0.184000 0.994892
0.188000 0.994892
0.192000 0.994892
0.196000 0.994892
0.200000 0.994892
0.204000 0.994892
0.208000 0.994892
0.212000 0.994892
0.216000 0.994892
0.220000 0.994892
0.224000 0.994892
0.228000 0.994892
0.232000 0.994892
0.236000 0.994892
0.240000 0.994892
0.244000 0.994892
0.248000 0.994892
0.252000 0.994892
0.256000 0.994892
0.260000 0.994892
0.264000 0.994892
0.268000 0.994892
0.272000 0.994892
0.276000 0.994892
0.280000 0.994892
0.284000 0.994892
0.288000 0.994892
0.292000 0.994892
0.296000 0.994892
0.300000 0.994892
0.304000 0.994892
0.308000 0.994892
0.312000 0.994892
0.316000 0.994892
0.320000 0.994892
0.324000 0.994892
0.328000 0.994892
0.332000 0.994892
0.336000 0.994892
0.340000 0.994892
0.344000 0.994892
0.348000 0.994892
0.352000 0.994892
0.356000 0.994892
0.360000 0.994892
0.364000 0.994892
0.368000 0.994892
0.372000 0.994892
0.376000 0.994892
0.380000 0.994892
0.384000 0.994892
0.388000 0.994892
0.392000 0.994892
0.396000 0.994892
0.400000 0.994892
0.404000 0.994892
0.408000 0.994892
0.412000 0.994892
0.416000 0.994892
0.420000 0.994892
0.424000 0.994892
0.428000 0.994892
0.432000 0.994892
0.436000 0.994892
0.440000 0.994892
0.444000 0.994892
0.448000 0.994892
0.452000 0.994892
0.456000 0.994892
0.460000 0.994892
0.464000 0.994892
0.468000 0.994892
0.472000 0.994892
0.476000 0.994892
0.480000 0.994892
0.484000 0.994892
0.488000 0.994892
0.492000 0.994892
0.496000 0.994892
0.500000 0.994892
0.504000 0.994892
0.508000 0.994892
0.512000 0.994892
0.516000 0.994892
0.520000 0.994892
0.524000 0.994892
0.528000 0.994892
0.532000 0.994892
0.536000 0.994892
0.540000 0.994892
0.544000 0.994892
0.548000 0.994892
0.552000 0.994892
0.556000 0.994892
0.560000 0.994892
0.564000 0.994892
0.568000 0.994892
0.572000 0.994892
0.576000 0.994892
0.580000 0.994892
0.584000 0.994892
0.588000 0.994892
0.592000 0.994892
0.596000 0.994892
0.600000 0.994892
0.604000 0.994892
0.608000 0.994892
0.612000 0.994892
0.616000 0.994892
0.620000 0.994892
0.624000 0.994892
0.628000 0.994892
0.632000 0.994892
0.636000 0.994892
0.640000 0.994892
0.644000 0.994892
0.648000 0.994892
0.652000 0.994892
0.656000 0.994892
0.660000 0.994892
0.664000 0.994892
0.668000 0.994892
0.672000 0.994892
0.676000 0.994892
0.680000 0.994892
0.684000 0.994892
0.688000 0.994892
0.692000 0.994892
0.696000 0.994892
0.700000 0.994892
0.704000 0.994892
0.708000 0.994892
0.712000 0.994892
0.716000 0.994892
0.720000 0.994892
0.724000 0.994892
0.728000 0.994892
0.732000 0.994892
0.736000 0.994892
0.740000 0.994892
0.744000 0.994892
0.748000 0.994892
0.752000 0.994892
0.756000 0.994892
0.760000 0.994892
0.764000 0.994892
0.768000 0.994892
0.772000 0.994892
0.776000 0.994892
0.780000 0.994892
0.784000 0.994892
0.788000 0.994892
0.792000 0.994892
0.796000 0.994892
0.800000 0.994892
0.804000 0.994892
0.808000 0.994892
0.812000 0.994892
0.816000 0.994892
0.820000 0.994892
0.824000 0.994892
0.828000 0.994892
0.832000 0.994892
0.836000 0.994892
0.840000 0.994892
0.844000 0.994892
0.848000 0.994892
0.852000 0.994892
0.856000 0.994892
0.860000 0.994892
0.864000 0.994892
0.868000 0.994892
0.872000 0.994892
0.876000 0.994892
0.880000 0.994892
0.884000 0.994892
0.888000 0.994892
0.892000 0.994892
0.896000 0.994892
0.900000 0.994892
0.904000 0.994892
0.908000 0.994892
0.912000 0.994892
0.916000 0.994892
0.920000 0.994892
0.924000 0.994892
0.928000 0.994892
0.932000 0.994892
0.936000 0.994892
0.940000 0.994892
0.944000 0.994892
0.948000 0.994892
0.952000 0.994892
0.956000 0.994892
0.960000 0.994892
0.964000 0.994892
0.968000 0.994892
0.972000 0.994892
0.976000 0.994892
0.980000 0.994892
0.984000 0.994892
0.988000 0.994892
0.992000 0.994892
0.996000 0.994892
1.000000 0.994892
