-1.000000 0.992919
-0.996000 0.992919
-0.992000 0.992919
-0.988000 0.992919
-0.984000 0.992919
-0.980000 0.992919
-0.976000 0.992919
-0.972000 0.992919
-0.968000 0.992919
-0.964000 0.992919
-0.960000 0.992919
-0.956000 0.992919
-0.952000 0.992919
-0.948000 0.992919
-0.944000 0.992919
-0.940000 0.992919
-0.936000 0.992919
-0.932000 0.992919
-0.928000 0.992919
-0.924000 0.992919
-0.920000 0.992919
-0.916000 0.992919
-0.912000 0.992919
-0.908000 0.992919
-0.904000 0.992919
-0.900000 0.992919
-0.896000 0.992919
-0.892000 0.992919
-0.888000 0.992919
-0.884000 0.992919
-0.880000 0.992919
-0.876000 0.992919
-0.872000 0.992919
-0.868000 0.992919
-0.864000 0.992919
-0.860000 0.992919
-0.856000 0.992919
-0.852000 0.992919
-0.848000 0.992919
-0.844000 0.992919
-0.840000 0.992919
-0.836000 0.992919
-0.832000 0.992919
-0.828000 0.992919
-0.824000 0.992919
-0.820000 0.992919
-0.816000 0.992919
-0.812000 0.992919
-0.808000 0.992919
-0.804000 0.992919
-0.800000 0.992919
-0.796000 0.992919
-0.792000 0.992919
-0.788000 0.992919
-0.784000 0.992919
-0.780000 0.992919
-0.776000 0.992919
-0.772000 0.992919
-0.768000 0.992919
-0.764000 0.992919
-0.760000 0.992919
-0.756000 0.992919
-0.752000 0.992919
-0.748000 0.992919
-0.744000 0.992919
-0.740000 0.992919
-0.736000 0.992919
-0.732000 0.992919
-0.728000 0.992919
-0.724000 0.992919
-0.720000 0.992919
-0.716000 0.992919
-0.712000 0.992919
-0.708000 0.992919
-0.704000 0.992919
-0.700000 0.992919
-0.696000 0.992919
-0.692000 0.992919
-0.688000 0.992919
-0.684000 0.992919
-0.680000 0.992919
-0.676000 0.992919
-0.672000 0.992919
-0.668000 0.992919
-0.664000 0.992919
-0.660000 0.992919
-0.656000 0.992919
-0.652000 0.992919
-0.648000 0.992919
-0.644000 0.992919
-0.640000 0.992919
-0.636000 0.992919
-0.632000 0.992919
-0.628000 0.992919
-0.624000 0.992919
-0.620000 0.992919
-0.616000 0.992919
-0.612000 0.992919
-0.608000 0.992919
-0.604000 0.992919
-0.600000 0.992919
-0.596000 0.992919
-0.592000 0.992919
-0.588000 0.992919
-0.584000 0.992919
-0.580000 0.992919
-0.576000 0.992919
-0.572000 0.992919
-0.568000 0.992919
-0.564000 0.992919
-0.560000 0.992919
-0.556000 0.992919
-0.552000 0.992919
-0.548000 0.992919
-0.544000 0.992919
-0.540000 0.992919
-0.536000 0.992919
-0.532000 0.992919
-0.528000 0.992919
-0.524000 0.992919
-0.520000 0.992919
-0.516000 0.992919
-0.512000 0.992919
-0.508000 0.992919
-0.504000 0.992919
-0.500000 0.992919
-0.496000 0.992919
-0.492000 0.992919
-0.488000 0.992919
-0.484000 0.992919
-0.480000 0.992919
-0.476000 0.992919
-0.472000 0.992919
-0.468000 0.992919
-0.464000 0.992919
-0.460000 0.992919
-0.456000 0.992919
-0.452000 0.992919
-0.448000 0.992919
-0.444000 0.992919
-0.440000 0.992919
-0.436000 0.992919
-0.432000 0.992919
-0.428000 0.992919
-0.424000 0.992919
-0.420000 0.992919
-0.416000 0.992919
-0.412000 0.992919
-0.408000 0.992919
-0.404000 0.992919
-0.400000 0.992919
-0.396000 0.992919
-0.392000 0.992919
-0.388000 0.992919
-0.384000 0.992919
-0.380000 0.992920
-0.376000 0.992920
-0.372000 0.992920
-0.368000 0.992920
-0.364000 0.992920
-0.360000 0.992920
-0.356000 0.992920
-0.352000 0.992920
-0.348000 0.992920
-0.344000 0.992920
-0.340000 0.992920
-0.336000 0.992920
-0.332000 0.992920
-0.328000 0.992921
-0.324000 0.992921
-0.320000 0.992921
-0.316000 0.992921
-0.312000 0.992921
-0.308000 0.992921
-0.304000 0.992922
-0.300000 0.992922
-0.296000 0.992922
-0.292000 0.992922
-0.288000 0.992923
-0.284000 0.992923
-0.280000 0.992923
-0.276000 0.992923
-0.272000 0.992924
-0.268000 0.992924
-0.264000 0.992925
-0.260000 0.992925
-0.256000 0.992925
-0.252000 0.992926
-0.248000 0.992926
-0.244000 0.992927
-0.240000 0.992928
-0.236000 0.992928
-0.232000 0.992929
-0.228000 0.992930
-0.224000 0.992930
-0.220000 0.992931
-0.216000 0.992932
-0.212000 0.992933
-0.208000 0.992934
-0.204000 0.992935
-0.200000 0.992936
-0.196000 0.992937
-0.192000 0.992938
-0.188000 0.992939
-0.184000 0.992941
-0.180000 0.992942
-0.176000 0.992944
-0.172000 0.992945
-0.168000 0.992947
-0.164000 0.992949
-0.160000 0.992951
-0.156000 0.992953
-0.152000 0.992955
-0.148000 0.992957
-0.144000 0.992959
-0.140000 0.992962
-0.136000 0.992964
-0.132000 0.992967
-0.128000 0.992970
-0.124000 0.992973
-0.120000 0.992976
-0.116000 0.992979
-0.112000 0.992983
-0.108000 0.992987
-0.104000 0.992990
-0.100000 0.992994
-0.096000 0.992999
-0.092000 0.993003
-0.088000 0.993008
-0.084000 0.993012
-0.080000 0.993017
-0.076000 0.993023
-0.072000 0.993028
-0.068000 0.993034
-0.064000 0.993040
-0.060000 0.993046
-0.056000 0.993053
-0.052000 0.993059
-0.048000 0.993066
-0.044000 0.993074
-0.040000 0.993081
-0.036000 0.993089
-0.032000 0.993098
-0.028000 0.993106
-0.024000 0.993115
-0.020000 0.993124
-0.016000 0.993134
-0.012000 0.993144
-0.008000 0.993154
-0.004000 0.993165
0.000000 0.993176
0.004000 0.993188
0.008000 0.993200
0.012000 0.993212
0.016000 0.993225
0.020000 0.993238
0.024000 0.993252
0.028000 0.993266
0.032000 0.993281
0.036000 0.993296
0.040000 0.993311
0.044000 0.993327
0.048000 0.993344
0.052000 0.993361
0.056000 0.993378
0.060000 0.993396
0.064000 0.993415
0.068000 0.993434
0.072000 0.993453
0.076000 0.993474
0.080000 0.993494
0.084000 0.993516
0.088000 0.993538
0.092000 0.993560
0.096000 0.993583
0.100000 0.993607
0.104000 0.993631
0.108000 0.993655
0.112000 0.993681
0.116000 0.993707
0.120000 0.993733
0.124000 0.993761
0.128000 0.993788
0.132000 0.993817
0.136000 0.993846
0.140000 0.993875
0.144000 0.993905
0.148000 0.993936
0.152000 0.993968
0.156000 0.994000
0.160000 0.994032
0.164000 0.994066
0.168000 0.994100
0.172000 0.994134
0.176000 0.994169
0.180000 0.994205
0.184000 0.994241
0.188000 0.994278
0.192000 0.994316
0.196000 0.994354
0.200000 0.994392
0.204000 0.994432
0.208000 0.994472
0.212000 0.994512
0.216000 0.994553
0.220000 0.994594
0.224000 0.994636
0.228000 0.994679
0.232000 0.994722
0.236000 0.994765
0.240000 0.994809
0.244000 0.994854
0.248000 0.994899
0.252000 0.994944
0.256000 0.994990
0.260000 0.995036
0.264000 0.995083
0.268000 0.995130
0.272000 0.995178
0.276000 0.995226
0.280000 0.995274
0.284000 0.995323
0.288000 0.995372
0.292000 0.995421
0.296000 0.995471
0.300000 0.995521
0.304000 0.995571
0.308000 0.995621
0.312000 0.995672
0.316000 0.995723
0.320000 0.995774
0.324000 0.995826
0.328000 0.995877
0.332000 0.995929
0.336000 0.995980
0.340000 0.996032
0.344000 0.996084
0.348000 0.996137
0.352000 0.996189
0.356000 0.996241
0.360000 0.996293
0.364000 0.996345
0.368000 0.996398
0.372000 0.996450
0.376000 0.996502
0.380000 0.996554
0.384000 0.996606
0.388000 0.996658
0.392000 0.996710
0.396000 0.996762
0.400000 0.996814
0.404000 0.996865
0.408000 0.996916
0.412000 0.996967
0.416000 0.997018
0.420000 0.997069
0.424000 0.997119
0.428000 0.997169
0.432000 0.997219
0.436000 0.997269
0.440000 0.997318
0.444000 0.997367
0.448000 0.997416
0.452000 0.997464
0.456000 0.997512
0.460000 0.997559
0.464000 0.997607
0.468000 0.997653
0.472000 0.997700
0.476000 0.997746
0.480000 0.997791
0.484000 0.997836
0.488000 0.997881
0.492000 0.997925
0.496000 0.997969
0.500000 0.998012
0.504000 0.998055
0.508000 0.998097
0.512000 0.998139
0.516000 0.998180
0.520000 0.998221
0.524000 0.998261
0.528000 0.998301
0.532000 0.998340
0.536000 0.998379
0.540000 0.998417
0.544000 0.998455
0.548000 0.998492
0.552000 0.998528
0.556000 0.998564
0.560000 0.998600
0.564000 0.998634
0.568000 0.998669
0.572000 0.998702
0.576000 0.998736
0.580000 0.998768
0.584000 0.998800
0.588000 0.998832
0.592000 0.998863
0.596000 0.998893
0.600000 0.998923
0.604000 0.998952
0.608000 0.998981
0.612000 0.999009
0.616000 0.999036
0.620000 0.999063
0.624000 0.999090
0.628000 0.999116
0.632000 0.999141
0.636000 0.999166
0.640000 0.999190
0.644000 0.999214
0.648000 0.999237
0.652000 0.999260
0.656000 0.999282
0.660000 0.999304
0.664000 0.999325
0.668000 0.999346
0.672000 0.999366
0.676000 0.999386
0.680000 0.999405
0.684000 0.999424
0.688000 0.999442
0.692000 0.999460
0.696000 0.999478
0.700000 0.999495
0.704000 0.999511
0.708000 0.999527
0.712000 0.999543
0.716000 0.999558
0.720000 0.999573
0.724000 0.999588
0.728000 0.999602
0.732000 0.999615
0.736000 0.999629
0.740000 0.999642
0.744000 0.999654
0.748000 0.999666
0.752000 0.999678
0.756000 0.999690
0.760000 0.999701
0.764000 0.999712
0.768000 0.999722
0.772000 0.999732
0.776000 0.999742
0.780000 0.999752
0.784000 0.999761
0.788000 0.999770
0.792000 0.999778
0.796000 0.999787
0.800000 0.999795
0.804000 0.999803
0.808000 0.999810
0.812000 0.999818
0.816000 0.999825
0.820000 0.999832
0.824000 0.999838
0.828000 0.999845
0.832000 0.999851
0.836000 0.999857
0.840000 0.999863
0.844000 0.999868
0.848000 0.999874
0.852000 0.999879
0.856000 0.999884
0.860000 0.999889
0.864000 0.999893
0.868000 0.999898
0.872000 0.999902
0.876000 0.999906
0.880000 0.999910
0.884000 0.999914
0.888000 0.999918
0.892000 0.999921
0.896000 0.999925
0.900000 0.999928
0.904000 0.999931
0.908000 0.999934
0.912000 0.999937
0.916000 0.999940
0.920000 0.999942
0.924000 0.999945
0.928000 0.999948
0.932000 0.999950
0.936000 0.999952
0.940000 0.999954
0.944000 0.999956
0.948000 0.999958
0.952000 0.999960
0.956000 0.999962
0.960000 0.999964
0.964000 0.999966
0.968000 0.999968
0.972000 0.999969
0.976000 0.999971
0.980000 0.999973
0.984000 0.999974
0.988000 0.999976
0.992000 0.999978
0.996000 0.999980
1.000000 0.999983
