-1.000000 0.997928
-0.996000 0.997928
-0.992000 0.997928
-0.988000 0.997928
-0.984000 0.997928
-0.980000 0.997928
-0.976000 0.997928
-0.972000 0.997928
-0.968000 0.997928
-0.964000 0.997928
-0.960000 0.997928
-0.956000 0.997928
-0.952000 0.997928
-0.948000 0.997928
-0.944000 0.997928
-0.940000 0.997928
-0.936000 0.997928
-0.932000 0.997927
-0.928000 0.997927
-0.924000 0.997927
-0.920000 0.997927
-0.916000 0.997927
-0.912000 0.997926
-0.908000 0.997926
-0.904000 0.997926
-0.900000 0.997925
-0.896000 0.997925
-0.892000 0.997924
-0.888000 0.997924
-0.884000 0.997923
-0.880000 0.997922
-0.876000 0.997921
-0.872000 0.997920
-0.868000 0.997919
-0.864000 0.997918
-0.860000 0.997916
-0.856000 0.997915
-0.852000 0.997913
-0.848000 0.997911
-0.844000 0.997908
-0.840000 0.997906
-0.836000 0.997903
-0.832000 0.997899
-0.828000 0.997896
-0.824000 0.997892
-0.820000 0.997887
-0.816000 0.997882
-0.812000 0.997877
-0.808000 0.997871
-0.804000 0.997864
-0.800000 0.997857
-0.796000 0.997849
-0.792000 0.997840
-0.788000 0.997831
-0.784000 0.997821
-0.780000 0.997810
-0.776000 0.997798
-0.772000 0.997785
-0.768000 0.997771
-0.764000 0.997755
-0.760000 0.997739
-0.756000 0.997722
-0.752000 0.997703
-0.748000 0.997683
-0.744000 0.997662
-0.740000 0.997639
-0.736000 0.997615
-0.732000 0.997589
-0.728000 0.997561
-0.724000 0.997532
-0.720000 0.997502
-0.716000 0.997469
-0.712000 0.997435
-0.708000 0.997399
-0.704000 0.997361
-0.700000 0.997321
-0.696000 0.997280
-0.692000 0.997236
-0.688000 0.997190
-0.684000 0.997143
-0.680000 0.997093
-0.676000 0.997042
-0.672000 0.996988
-0.668000 0.996932
-0.664000 0.996875
-0.660000 0.996815
-0.656000 0.996754
-0.652000 0.996690
-0.648000 0.996625
-0.644000 0.996557
-0.640000 0.996488
-0.636000 0.996417
-0.632000 0.996344
-0.628000 0.996270
-0.624000 0.996194
-0.620000 0.996116
-0.616000 0.996037
-0.612000 0.995956
-0.608000 0.995874
-0.604000 0.995790
-0.600000 0.995706
-0.596000 0.995620
-0.592000 0.995533
-0.588000 0.995446
-0.584000 0.995357
-0.580000 0.995268
-0.576000 0.995178
-0.572000 0.995088
-0.568000 0.994997
-0.564000 0.994906
-0.560000 0.994814
-0.556000 0.994723
-0.552000 0.994631
-0.548000 0.994540
-0.544000 0.994448
-0.540000 0.994357
-0.536000 0.994267
-0.532000 0.994177
-0.528000 0.994087
-0.524000 0.993998
-0.520000 0.993910
-0.516000 0.993823
-0.512000 0.993736
-0.508000 0.993651
-0.504000 0.993566
-0.500000 0.993483
-0.496000 0.993401
-0.492000 0.993320
-0.488000 0.993241
-0.484000 0.993163
-0.480000 0.993086
-0.476000 0.993011
-0.472000 0.992938
-0.468000 0.992865
-0.464000 0.992795
-0.460000 0.992726
-0.456000 0.992659
-0.452000 0.992594
-0.448000 0.992530
-0.444000 0.992468
-0.440000 0.992407
-0.436000 0.992348
-0.432000 0.992291
-0.428000 0.992236
-0.424000 0.992183
-0.420000 0.992131
-0.416000 0.992080
-0.412000 0.992032
-0.408000 0.991985
-0.404000 0.991940
-0.400000 0.991896
-0.396000 0.991854
-0.392000 0.991814
-0.388000 0.991775
-0.384000 0.991738
-0.380000 0.991702
-0.376000 0.991667
-0.372000 0.991634
-0.368000 0.991603
-0.364000 0.991572
-0.360000 0.991543
-0.356000 0.991516
-0.352000 0.991489
-0.348000 0.991464
-0.344000 0.991440
-0.340000 0.991417
-0.336000 0.991395
-0.332000 0.991374
-0.328000 0.991355
-0.324000 0.991336
-0.320000 0.991318
-0.316000 0.991301
-0.312000 0.991285
-0.308000 0.991270
-0.304000 0.991255
-0.300000 0.991242
-0.296000 0.991229
-0.292000 0.991217
-0.288000 0.991205
-0.284000 0.991194
-0.280000 0.991184
-0.276000 0.991175
-0.272000 0.991165
-0.268000 0.991157
-0.264000 0.991149
-0.260000 0.991141
-0.256000 0.991134
-0.252000 0.991128
-0.248000 0.991121
-0.244000 0.991115
-0.240000 0.991110
-0.236000 0.991105
-0.232000 0.991100
-0.228000 0.991095
-0.224000 0.991091
-0.220000 0.991087
-0.216000 0.991084
-0.212000 0.991080
-0.208000 0.991077
-0.204000 0.991074
-0.200000 0.991071
-0.196000 0.991069
-0.192000 0.991066
-0.188000 0.991064
-0.184000 0.991062
-0.180000 0.991060
-0.176000 0.991058
-0.172000 0.991057
-0.168000 0.991055
-0.164000 0.991054
-0.160000 0.991052
-0.156000 0.991051
-0.152000 0.991050
-0.148000 0.991049
-0.144000 0.991048
-0.140000 0.991047
-0.136000 0.991046
-0.132000 0.991046
-0.128000 0.991045
-0.124000 0.991044
-0.120000 0.991044
-0.116000 0.991043
-0.112000 0.991042
-0.108000 0.991042
-0.104000 0.991042
-0.100000 0.991041
-0.096000 0.991041
-0.092000 0.991041
-0.088000 0.991040
-0.084000 0.991040
-0.080000 0.991040
-0.076000 0.991039
-0.072000 0.991039
-0.068000 0.991039
-0.064000 0.991039
-0.060000 0.991039
-0.056000 0.991039
-0.052000 0.991038
-0.048000 0.991038
-0.044000 0.991038
-0.040000 0.991038
-0.036000 0.991038
-0.032000 0.991038
-0.028000 0.991038
-0.024000 0.991038
-0.020000 0.991038
-0.016000 0.991038
-0.012000 0.991038
-0.008000 0.991037
-0.004000 0.991037
0.000000 0.991037
0.004000 0.991037
0.008000 0.991037
0.012000 0.991037
0.016000 0.991037
0.020000 0.991037
0.024000 0.991037
0.028000 0.991037
0.032000 0.991037
0.036000 0.991037
0.040000 0.991037
0.044000 0.991037
0.048000 0.991037
0.052000 0.991037
0.056000 0.991037
0.060000 0.991037
0.064000 0.991037
0.068000 0.991037
0.072000 0.991037
0.076000 0.991037
0.080000 0.991037
0.084000 0.991037
0.088000 0.991037
0.092000 0.991037
0.096000 0.991037
0.100000 0.991037
0.104000 0.991037
0.108000 0.991037
0.112000 0.991037
0.116000 0.991037
0.120000 0.991037
0.124000 0.991037
0.128000 0.991037
0.132000 0.991037
0.136000 0.991037
0.140000 0.991037
0.144000 0.991037
0.148000 0.991037
0.152000 0.991037
0.156000 0.991037
0.160000 0.991037
0.164000 0.991037
0.168000 0.991037
0.172000 0.991037
0.176000 0.991037
0.180000 0.991037
0.184000 0.991037
0.188000 0.991037
0.192000 0.991037
0.196000 0.991037
0.200000 0.991037
0.204000 0.991037
0.208000 0.991037
0.212000 0.991037
0.216000 0.991037
0.220000 0.991037
0.224000 0.991037
0.228000 0.991037
0.232000 0.991037
0.236000 0.991037
0.240000 0.991037
0.244000 0.991037
0.248000 0.991037
0.252000 0.991037
0.256000 0.991037
0.260000 0.991037
0.264000 0.991037
0.268000 0.991037
0.272000 0.991037
0.276000 0.991037
0.280000 0.991037
0.284000 0.991037
0.288000 0.991037
0.292000 0.991037
0.296000 0.991037
0.300000 0.991037
0.304000 0.991037
0.308000 0.991037
0.312000 0.991037
0.316000 0.991037
0.320000 0.991037
0.324000 0.991037
0.328000 0.991037
0.332000 0.991037
0.336000 0.991037
0.340000 0.991037
0.344000 0.991037
0.348000 0.991037
0.352000 0.991037
0.356000 0.991037
0.360000 0.991037
0.364000 0.991037
0.368000 0.991037
0.372000 0.991037
0.376000 0.991037
0.380000 0.991037
0.384000 0.991037
0.388000 0.991037
0.392000 0.991037
0.396000 0.991037
0.400000 0.991037
0.404000 0.991037
0.408000 0.991037
0.412000 0.991037
0.416000 0.991037
0.420000 0.991037
0.424000 0.991037
0.428000 0.991037
0.432000 0.991037
0.436000 0.991037
0.440000 0.991037
0.444000 0.991037
0.448000 0.991037
0.452000 0.991037
0.456000 0.991037
0.460000 0.991037
0.464000 0.991037
0.468000 0.991037
0.472000 0.991037
0.476000 0.991037
0.480000 0.991037
0.484000 0.991037
0.488000 0.991037
0.492000 0.991037
0.496000 0.991037
0.500000 0.991037
0.504000 0.991037
0.508000 0.991037
0.512000 0.991037
0.516000 0.991037
0.520000 0.991037
0.524000 0.991037
0.528000 0.991037
0.532000 0.991037
0.536000 0.991037
0.540000 0.991037
0.544000 0.991037
0.548000 0.991037
0.552000 0.991037
0.556000 0.991037
0.560000 0.991037
0.564000 0.991037
0.568000 0.991037
0.572000 0.991037
0.576000 0.991037
0.580000 0.991037
0.584000 0.991037
0.588000 0.991037
0.592000 0.991037
0.596000 0.991037
0.600000 0.991037
0.604000 0.991037
0.608000 0.991037
0.612000 0.991037
0.616000 0.991037
0.620000 0.991037
0.624000 0.991037
0.628000 0.991037
0.632000 0.991037
0.636000 0.991037
0.640000 0.991037
0.644000 0.991037
0.648000 0.991037
0.652000 0.991037
0.656000 0.991037
0.660000 0.991037
0.664000 0.991037
0.668000 0.991037
0.672000 0.991037
0.676000 0.991037
0.680000 0.991037
0.684000 0.991037
0.688000 0.991037
0.692000 0.991037
0.696000 0.991037
0.700000 0.991037
0.704000 0.991037
0.708000 0.991037
0.712000 0.991037
0.716000 0.991037
0.720000 0.991037
0.724000 0.991037
0.728000 0.991037
0.732000 0.991037
0.736000 0.991037
0.740000 0.991037
0.744000 0.991037
0.748000 0.991037
0.752000 0.991037
0.756000 0.991037
0.760000 0.991037
0.764000 0.991037
0.768000 0.991037
0.772000 0.991037
0.776000 0.991037
0.780000 0.991037
0.784000 0.991037
0.788000 0.991037
0.792000 0.991037
0.796000 0.991037
0.800000 0.991037
0.804000 0.991037
0.808000 0.991037
0.812000 0.991037
0.816000 0.991037
0.820000 0.991037
0.824000 0.991037
0.828000 0.991037
0.832000 0.991037
0.836000 0.991037
0.840000 0.991037
0.844000 0.991037
0.848000 0.991037
0.852000 0.991037
0.856000 0.991037
0.860000 0.991037
0.864000 0.991037
0.868000 0.991037
0.872000 0.991037
0.876000 0.991037
0.880000 0.991037
0.884000 0.991037
0.888000 0.991037
0.892000 0.991037
0.896000 0.991037
0.900000 0.991037
0.904000 0.991037
0.908000 0.991037
0.912000 0.991037
0.916000 0.991037
0.920000 0.991037
0.924000 0.991037
0.928000 0.991037
0.932000 0.991037
0.936000 0.991037
0.940000 0.991037
0.944000 0.991037
0.948000 0.991037
0.952000 0.991037
0.956000 0.991037
0.960000 0.991037
0.964000 0.991037
0.968000 0.991037
0.972000 0.991037
0.976000 0.991037
0.980000 0.991037
0.984000 0.991037
0.988000 0.991037
0.992000 0.991037
0.996000 0.991037
1.000000 0.991037
