-1.000000 0.991037
-0.996000 0.991037
-0.992000 0.991037
-0.988000 0.991037
-0.984000 0.991037
-0.980000 0.991037
-0.976000 0.991037
-0.972000 0.991037
-0.968000 0.991037
-0.964000 0.991037
-0.960000 0.991037
-0.956000 0.991037
-0.952000 0.991037
-0.948000 0.991037
-0.944000 0.991037
-0.940000 0.991037
-0.936000 0.991037
-0.932000 0.991037
-0.928000 0.991037
-0.924000 0.991037
-0.920000 0.991037
-0.916000 0.991037
-0.912000 0.991037
-0.908000 0.991037
-0.904000 0.991037
-0.900000 0.991037
-0.896000 0.991037
-0.892000 0.991037
-0.888000 0.991037
-0.884000 0.991037
-0.880000 0.991037
-0.876000 0.991037
-0.872000 0.991037
-0.868000 0.991037
-0.864000 0.991037
-0.860000 0.991037
-0.856000 0.991037
-0.852000 0.991037
-0.848000 0.991037
-0.844000 0.991037
-0.840000 0.991037
-0.836000 0.991037
-0.832000 0.991037
-0.828000 0.991037
-0.824000 0.991037
-0.820000 0.991037
-0.816000 0.991037
-0.812000 0.991037
-0.808000 0.991037
-0.804000 0.991037
-0.800000 0.991037
-0.796000 0.991037
-0.792000 0.991037
-0.788000 0.991037
-0.784000 0.991037
-0.780000 0.991037
-0.776000 0.991037
-0.772000 0.991037
-0.768000 0.991037
-0.764000 0.991037
-0.760000 0.991037
-0.756000 0.991037
-0.752000 0.991037
-0.748000 0.991037
-0.744000 0.991037
-0.740000 0.991037
-0.736000 0.991037
-0.732000 0.991037
-0.728000 0.991037
-0.724000 0.991037
-0.720000 0.991037
-0.716000 0.991037
-0.712000 0.991037
-0.708000 0.991037
-0.704000 0.991037
-0.700000 0.991037
-0.696000 0.991037
-0.692000 0.991037
-0.688000 0.991037
-0.684000 0.991037
-0.680000 0.991037
-0.676000 0.991037
-0.672000 0.991037
-0.668000 0.991037
-0.664000 0.991037
-0.660000 0.991037
-0.656000 0.991037
-0.652000 0.991037
-0.648000 0.991037
-0.644000 0.991037
-0.640000 0.991037
-0.636000 0.991037
-0.632000 0.991037
-0.628000 0.991037
-0.624000 0.991037
-0.620000 0.991037
-0.616000 0.991037
-0.612000 0.991037
-0.608000 0.991037
-0.604000 0.991037
-0.600000 0.991037
-0.596000 0.991037
-0.592000 0.991037
-0.588000 0.991037
-0.584000 0.991037
-0.580000 0.991037
-0.576000 0.991037
-0.572000 0.991037
-0.568000 0.991037
-0.564000 0.991037
-0.560000 0.991037
-0.556000 0.991037
-0.552000 0.991037
-0.548000 0.991037
-0.544000 0.991037
-0.540000 0.991037
-0.536000 0.991037
-0.532000 0.991037
-0.528000 0.991038
-0.524000 0.991038
-0.520000 0.991038
-0.516000 0.991038
-0.512000 0.991038
-0.508000 0.991038
-0.504000 0.991038
-0.500000 0.991038
-0.496000 0.991038
-0.492000 0.991038
-0.488000 0.991038
-0.484000 0.991038
-0.480000 0.991039
-0.476000 0.991039
-0.472000 0.991039
-0.468000 0.991039
-0.464000 0.991039
-0.460000 0.991039
-0.456000 0.991040
-0.452000 0.991040
-0.448000 0.991040
-0.444000 0.991040
-0.440000 0.991041
-0.436000 0.991041
-0.432000 0.991041
-0.428000 0.991042
-0.424000 0.991042
-0.420000 0.991042
-0.416000 0.991043
-0.412000 0.991043
-0.408000 0.991044
-0.404000 0.991044
-0.400000 0.991045
-0.396000 0.991045
-0.392000 0.991046
-0.388000 0.991047
-0.384000 0.991048
-0.380000 0.991048
-0.376000 0.991049
-0.372000 0.991050
-0.368000 0.991051
-0.364000 0.991052
-0.360000 0.991053
-0.356000 0.991054
-0.352000 0.991056
-0.348000 0.991057
-0.344000 0.991058
-0.340000 0.991060
-0.336000 0.991061
-0.332000 0.991063
-0.328000 0.991065
-0.324000 0.991066
-0.320000 0.991068
-0.316000 0.991070
-0.312000 0.991073
-0.308000 0.991075
-0.304000 0.991077
-0.300000 0.991080
-0.296000 0.991083
-0.292000 0.991085
-0.288000 0.991088
-0.284000 0.991091
-0.280000 0.991095
-0.276000 0.991098
-0.272000 0.991102
-0.268000 0.991105
-0.264000 0.991109
-0.260000 0.991114
-0.256000 0.991118
-0.252000 0.991122
-0.248000 0.991127
-0.244000 0.991132
-0.240000 0.991137
-0.236000 0.991143
-0.232000 0.991148
-0.228000 0.991154
-0.224000 0.991160
-0.220000 0.991167
-0.216000 0.991173
-0.212000 0.991180
-0.208000 0.991187
-0.204000 0.991195
-0.200000 0.991203
-0.196000 0.991211
-0.192000 0.991219
-0.188000 0.991228
-0.184000 0.991237
-0.180000 0.991246
-0.176000 0.991255
-0.172000 0.991265
-0.168000 0.991276
-0.164000 0.991286
-0.160000 0.991297
-0.156000 0.991309
-0.152000 0.991320
-0.148000 0.991333
-0.144000 0.991345
-0.140000 0.991358
-0.136000 0.991371
-0.132000 0.991385
-0.128000 0.991399
-0.124000 0.991413
-0.120000 0.991428
-0.116000 0.991443
-0.112000 0.991459
-0.108000 0.991475
-0.104000 0.991491
-0.100000 0.991508
-0.096000 0.991525
-0.092000 0.991543
-0.088000 0.991561
-0.084000 0.991579
-0.080000 0.991598
-0.076000 0.991618
-0.072000 0.991638
-0.068000 0.991658
-0.064000 0.991678
-0.060000 0.991699
-0.056000 0.991721
-0.052000 0.991743
-0.048000 0.991765
-0.044000 0.991787
-0.040000 0.991810
-0.036000 0.991834
-0.032000 0.991858
-0.028000 0.991882
-0.024000 0.991906
-0.020000 0.991931
-0.016000 0.991957
-0.012000 0.991982
-0.008000 0.992008
-0.004000 0.992035
0.000000 0.992062
0.004000 0.992089
0.008000 0.992116
0.012000 0.992144
0.016000 0.992172
0.020000 0.992200
0.024000 0.992228
0.028000 0.992257
0.032000 0.992286
0.036000 0.992316
0.040000 0.992345
0.044000 0.992375
0.048000 0.992405
0.052000 0.992435
0.056000 0.992466
0.060000 0.992496
0.064000 0.992527
0.068000 0.992558
0.072000 0.992589
0.076000 0.992620
0.080000 0.992651
0.084000 0.992683
0.088000 0.992714
0.092000 0.992746
0.096000 0.992777
0.100000 0.992809
0.104000 0.992841
0.108000 0.992873
0.112000 0.992904
0.116000 0.992936
0.120000 0.992968
0.124000 0.992999
0.128000 0.993031
0.132000 0.993063
0.136000 0.993094
0.140000 0.993125
0.144000 0.993157
0.148000 0.993188
0.152000 0.993219
0.156000 0.993250
0.160000 0.993281
0.164000 0.993311
0.168000 0.993342
0.172000 0.993372
0.176000 0.993402
0.180000 0.993432
0.184000 0.993462
0.188000 0.993491
0.192000 0.993520
0.196000 0.993549
0.200000 0.993578
0.204000 0.993606
0.208000 0.993634
0.212000 0.993662
0.216000 0.993690
0.220000 0.993717
0.224000 0.993744
0.228000 0.993771
0.232000 0.993797
0.236000 0.993823
0.240000 0.993849
0.244000 0.993874
0.248000 0.993899
0.252000 0.993924
0.256000 0.993948
0.260000 0.993972
0.264000 0.993996
0.268000 0.994019
0.272000 0.994042
0.276000 0.994064
0.280000 0.994087
0.284000 0.994108
0.288000 0.994130
0.292000 0.994151
0.296000 0.994171
0.300000 0.994192
0.304000 0.994211
0.308000 0.994231
0.312000 0.994250
0.316000 0.994269
0.320000 0.994287
0.324000 0.994305
0.328000 0.994323
0.332000 0.994340
0.336000 0.994357
0.340000 0.994373
0.344000 0.994389
0.348000 0.994405
0.352000 0.994421
0.356000 0.994436
0.360000 0.994450
0.364000 0.994465
0.368000 0.994479
0.372000 0.994492
0.376000 0.994506
0.380000 0.994519
0.384000 0.994531
0.388000 0.994544
0.392000 0.994556
0.396000 0.994567
0.400000 0.994578
0.404000 0.994590
0.408000 0.994600
0.412000 0.994611
0.416000 0.994621
0.420000 0.994631
0.424000 0.994640
0.428000 0.994649
0.432000 0.994658
0.436000 0.994667
0.440000 0.994676
0.444000 0.994684
0.448000 0.994692
0.452000 0.994699
0.456000 0.994707
0.460000 0.994714
0.464000 0.994721
0.468000 0.994728
0.472000 0.994734
0.476000 0.994741
0.480000 0.994747
0.484000 0.994753
0.488000 0.994758
0.492000 0.994764
0.496000 0.994769
0.500000 0.994774
0.504000 0.994779
0.508000 0.994784
0.512000 0.994788
0.516000 0.994793
0.520000 0.994797
0.524000 0.994801
0.528000 0.994805
0.532000 0.994809
0.536000 0.994813
0.540000 0.994816
0.544000 0.994819
0.548000 0.994823
0.552000 0.994826
0.556000 0.994829
0.560000 0.994832
0.564000 0.994834
0.568000 0.994837
0.572000 0.994840
0.576000 0.994842
0.580000 0.994844
0.584000 0.994847
0.588000 0.994849
0.592000 0.994851
0.596000 0.994853
0.600000 0.994855
0.604000 0.994856
0.608000 0.994858
0.612000 0.994860
0.616000 0.994861
0.620000 0.994863
0.624000 0.994864
0.628000 0.994866
0.632000 0.994867
0.636000 0.994868
0.640000 0.994869
0.644000 0.994871
0.648000 0.994872
0.652000 0.994873
0.656000 0.994874
0.660000 0.994875
0.664000 0.994876
0.668000 0.994876
0.672000 0.994877
0.676000 0.994878
0.680000 0.994879
0.684000 0.994879
0.688000 0.994880
0.692000 0.994881
0.696000 0.994881
0.700000 0.994882
0.704000 0.994882
0.708000 0.994883
0.712000 0.994884
0.716000 0.994884
0.720000 0.994884
0.724000 0.994885
0.728000 0.994885
0.732000 0.994886
0.736000 0.994886
0.740000 0.994886
0.744000 0.994887
0.748000 0.994887
0.752000 0.994887
0.756000 0.994888
0.760000 0.994888
0.764000 0.994888
0.768000 0.994888
0.772000 0.994888
0.776000 0.994889
0.780000 0.994889
0.784000 0.994889
0.788000 0.994889
0.792000 0.994889
0.796000 0.994890
0.800000 0.994890
0.804000 0.994890
0.808000 0.994890
0.812000 0.994890
0.816000 0.994890
0.820000 0.994890
0.824000 0.994890
0.828000 0.994891
0.832000 0.994891
0.836000 0.994891
0.840000 0.994891
0.844000 0.994891
0.848000 0.994891
0.852000 0.994891
0.856000 0.994891
0.860000 0.994891
0.864000 0.994891
0.868000 0.994891
0.872000 0.994891
0.876000 0.994891
0.880000 0.994891
0.884000 0.994891
0.888000 0.994891
0.892000 0.994891
0.896000 0.994892
0.900000 0.994892
0.904000 0.994892
0.908000 0.994892
0.912000 0.994892
0.916000 0.994892
0.920000 0.994892
0.924000 0.994892
0.928000 0.994892
0.932000 0.994892
0.936000 0.994892
0.940000 0.994892
0.944000 0.994892
0.948000 0.994892
0.952000 0.994892
0.956000 0.994892
0.960000 0.994892
0.964000 0.994892
0.968000 0.994892
0.972000 0.994892
0.976000 0.994892
0.980000 0.994892
0.984000 0.994892
0.988000 0.994892
0.992000 0.994892
0.996000 0.994892
1.000000 0.994892
