-1.000000 0.991037
-0.996000 0.991037
-0.992000 0.991037
-0.988000 0.991037
-0.984000 0.991037
-0.980000 0.991037
-0.976000 0.991037
-0.972000 0.991037
-0.968000 0.991037
-0.964000 0.991037
-0.960000 0.991037
-0.956000 0.991037
-0.952000 0.991037
-0.948000 0.991037
-0.944000 0.991037
-0.940000 0.991037
-0.936000 0.991037
-0.932000 0.991037
-0.928000 0.991037
-0.924000 0.991037
-0.920000 0.991037
-0.916000 0.991037
-0.912000 0.991037
-0.908000 0.991037
-0.904000 0.991037
-0.900000 0.991037
-0.896000 0.991037
-0.892000 0.991037
-0.888000 0.991037
-0.884000 0.991037
-0.880000 0.991037
-0.876000 0.991037
-0.872000 0.991037
-0.868000 0.991037
-0.864000 0.991037
-0.860000 0.991037
-0.856000 0.991037
-0.852000 0.991037
-0.848000 0.991037
-0.844000 0.991037
-0.840000 0.991037
-0.836000 0.991037
-0.832000 0.991037
-0.828000 0.991037
-0.824000 0.991037
-0.820000 0.991037
-0.816000 0.991037
-0.812000 0.991037
-0.808000 0.991037
-0.804000 0.991037
-0.800000 0.991037
-0.796000 0.991037
-0.792000 0.991037
-0.788000 0.991037
-0.784000 0.991037
-0.780000 0.991037
-0.776000 0.991037
-0.772000 0.991037
-0.768000 0.991037
-0.764000 0.991037
-0.760000 0.991037
-0.756000 0.991037
-0.752000 0.991037
-0.748000 0.991037
-0.744000 0.991037
-0.740000 0.991037
-0.736000 0.991037
-0.732000 0.991037
-0.728000 0.991037
-0.724000 0.991037
-0.720000 0.991037
-0.716000 0.991037
-0.712000 0.991037
-0.708000 0.991037
-0.704000 0.991037
-0.700000 0.991037
-0.696000 0.991037
-0.692000 0.991037
-0.688000 0.991037
-0.684000 0.991037
-0.680000 0.991037
-0.676000 0.991037
-0.672000 0.991037
-0.668000 0.991037
-0.664000 0.991037
-0.660000 0.991037
-0.656000 0.991037
-0.652000 0.991037
-0.648000 0.991037
-0.644000 0.991037
-0.640000 0.991037
-0.636000 0.991037
-0.632000 0.991037
-0.628000 0.991037
-0.624000 0.991037
-0.620000 0.991037
-0.616000 0.991037
-0.612000 0.991037
-0.608000 0.991037
-0.604000 0.991037
-0.600000 0.991037
-0.596000 0.991037
-0.592000 0.991037
-0.588000 0.991037
-0.584000 0.991037
-0.580000 0.991037
-0.576000 0.991037
-0.572000 0.991037
-0.568000 0.991037
-0.564000 0.991037
-0.560000 0.991037
-0.556000 0.991037
-0.552000 0.991037
-0.548000 0.991037
-0.544000 0.991037
-0.540000 0.991037
-0.536000 0.991037
-0.532000 0.991037
-0.528000 0.991037
-0.524000 0.991037
-0.520000 0.991037
-0.516000 0.991037
-0.512000 0.991037
-0.508000 0.991037
-0.504000 0.991037
-0.500000 0.991037
-0.496000 0.991037
-0.492000 0.991037
-0.488000 0.991037
-0.484000 0.991037
-0.480000 0.991037
-0.476000 0.991037
-0.472000 0.991037
-0.468000 0.991037
-0.464000 0.991037
-0.460000 0.991037
-0.456000 0.991037
-0.452000 0.991037
-0.448000 0.991037
-0.444000 0.991037
-0.440000 0.991037
-0.436000 0.991037
-0.432000 0.991037
-0.428000 0.991037
-0.424000 0.991037
-0.420000 0.991037
-0.416000 0.991037
-0.412000 0.991037
-0.408000 0.991037
-0.404000 0.991037
-0.400000 0.991037
-0.396000 0.991037
-0.392000 0.991037
-0.388000 0.991037
-0.384000 0.991037
-0.380000 0.991037
-0.376000 0.991037
-0.372000 0.991037
-0.368000 0.991038
-0.364000 0.991038
-0.360000 0.991038
-0.356000 0.991038
-0.352000 0.991038
-0.348000 0.991038
-0.344000 0.991038
-0.340000 0.991038
-0.336000 0.991038
-0.332000 0.991038
-0.328000 0.991038
-0.324000 0.991038
-0.320000 0.991038
-0.316000 0.991039
-0.312000 0.991039
-0.308000 0.991039
-0.304000 0.991039
-0.300000 0.991039
-0.296000 0.991039
-0.292000 0.991039
-0.288000 0.991040
-0.284000 0.991040
-0.280000 0.991040
-0.276000 0.991040
-0.272000 0.991041
-0.268000 0.991041
-0.264000 0.991041
-0.260000 0.991041
-0.256000 0.991042
-0.252000 0.991042
-0.248000 0.991043
-0.244000 0.991043
-0.240000 0.991043
-0.236000 0.991044
-0.232000 0.991044
-0.228000 0.991045
-0.224000 0.991045
-0.220000 0.991046
-0.216000 0.991046
-0.212000 0.991047
-0.208000 0.991048
-0.204000 0.991049
-0.200000 0.991049
-0.196000 0.991050
-0.192000 0.991051
-0.188000 0.991052
-0.184000 0.991053
-0.180000 0.991054
-0.176000 0.991055
-0.172000 0.991056
-0.168000 0.991057
-0.164000 0.991059
-0.160000 0.991060
-0.156000 0.991061
-0.152000 0.991063
-0.148000 0.991064
-0.144000 0.991066
-0.140000 0.991068
-0.136000 0.991069
-0.132000 0.991071
-0.128000 0.991073
-0.124000 0.991075
-0.120000 0.991077
-0.116000 0.991080
-0.112000 0.991082
-0.108000 0.991085
-0.104000 0.991087
-0.100000 0.991090
-0.096000 0.991093
-0.092000 0.991096
-0.088000 0.991099
-0.084000 0.991102
-0.080000 0.991106
-0.076000 0.991109
-0.072000 0.991113
-0.068000 0.991117
-0.064000 0.991121
-0.060000 0.991125
-0.056000 0.991129
-0.052000 0.991134
-0.048000 0.991139
-0.044000 0.991144
-0.040000 0.991149
-0.036000 0.991154
-0.032000 0.991159
-0.028000 0.991165
-0.024000 0.991171
-0.020000 0.991177
-0.016000 0.991184
-0.012000 0.991190
-0.008000 0.991197
-0.004000 0.991204
0.000000 0.991211
0.004000 0.991219
0.008000 0.991227
0.012000 0.991235
0.016000 0.991243
0.020000 0.991252
0.024000 0.991260
0.028000 0.991270
0.032000 0.991279
0.036000 0.991289
0.040000 0.991299
0.044000 0.991309
0.048000 0.991320
0.052000 0.991330
0.056000 0.991342
0.060000 0.991353
0.064000 0.991365
0.068000 0.991377
0.072000 0.991389
0.076000 0.991402
0.080000 0.991415
0.084000 0.991429
0.088000 0.991442
0.092000 0.991457
0.096000 0.991471
0.100000 0.991486
0.104000 0.991501
0.108000 0.991516
0.112000 0.991532
0.116000 0.991548
0.120000 0.991565
0.124000 0.991581
0.128000 0.991599
0.132000 0.991616
0.136000 0.991634
0.140000 0.991652
0.144000 0.991671
0.148000 0.991689
0.152000 0.991709
0.156000 0.991728
0.160000 0.991748
0.164000 0.991768
0.168000 0.991789
0.172000 0.991810
0.176000 0.991831
0.180000 0.991852
0.184000 0.991874
0.188000 0.991896
0.192000 0.991919
0.196000 0.991942
0.200000 0.991965
0.204000 0.991988
0.208000 0.992012
0.212000 0.992036
0.216000 0.992060
0.220000 0.992084
0.224000 0.992109
0.228000 0.992134
0.232000 0.992159
0.236000 0.992185
0.240000 0.992211
0.244000 0.992237
0.248000 0.992263
0.252000 0.992289
0.256000 0.992316
0.260000 0.992343
0.264000 0.992370
0.268000 0.992397
0.272000 0.992424
0.276000 0.992452
0.280000 0.992479
0.284000 0.992507
0.288000 0.992535
0.292000 0.992563
0.296000 0.992591
0.300000 0.992620
0.304000 0.992648
0.308000 0.992677
0.312000 0.992705
0.316000 0.992734
0.320000 0.992763
0.324000 0.992791
0.328000 0.992820
0.332000 0.992849
0.336000 0.992878
0.340000 0.992907
0.344000 0.992936
0.348000 0.992964
0.352000 0.992993
0.356000 0.993022
0.360000 0.993051
0.364000 0.993079
0.368000 0.993108
0.372000 0.993136
0.376000 0.993165
0.380000 0.993193
0.384000 0.993222
0.388000 0.993250
0.392000 0.993278
0.396000 0.993306
0.400000 0.993333
0.404000 0.993361
0.408000 0.993388
0.412000 0.993416
0.416000 0.993443
0.420000 0.993470
0.424000 0.993496
0.428000 0.993523
0.432000 0.993549
0.436000 0.993576
0.440000 0.993601
0.444000 0.993627
0.448000 0.993653
0.452000 0.993678
0.456000 0.993703
0.460000 0.993728
0.464000 0.993752
0.468000 0.993776
0.472000 0.993800
0.476000 0.993824
0.480000 0.993847
0.484000 0.993871
0.488000 0.993893
0.492000 0.993916
0.496000 0.993938
0.500000 0.993960
0.504000 0.993982
0.508000 0.994003
0.512000 0.994025
0.516000 0.994045
0.520000 0.994066
0.524000 0.994086
0.528000 0.994106
0.532000 0.994126
0.536000 0.994145
0.540000 0.994164
0.544000 0.994182
0.548000 0.994201
0.552000 0.994219
0.556000 0.994236
0.560000 0.994254
0.564000 0.994271
0.568000 0.994288
0.572000 0.994304
0.576000 0.994320
0.580000 0.994336
0.584000 0.994351
0.588000 0.994367
0.592000 0.994382
0.596000 0.994396
0.600000 0.994410
0.604000 0.994424
0.608000 0.994438
0.612000 0.994452
0.616000 0.994465
0.620000 0.994477
0.624000 0.994490
0.628000 0.994502
0.632000 0.994514
0.636000 0.994526
0.640000 0.994537
0.644000 0.994548
0.648000 0.994559
0.652000 0.994570
0.656000 0.994580
0.660000 0.994590
0.664000 0.994600
0.668000 0.994609
0.672000 0.994619
0.676000 0.994628
0.680000 0.994637
0.684000 0.994645
0.688000 0.994654
0.692000 0.994662
0.696000 0.994670
0.700000 0.994677
0.704000 0.994685
0.708000 0.994692
0.712000 0.994699
0.716000 0.994706
0.720000 0.994713
0.724000 0.994719
0.728000 0.994725
0.732000 0.994731
0.736000 0.994737
0.740000 0.994743
0.744000 0.994748
0.748000 0.994754
0.752000 0.994759
0.756000 0.994764
0.760000 0.994769
0.764000 0.994774
0.768000 0.994778
0.772000 0.994782
0.776000 0.994787
0.780000 0.994791
0.784000 0.994795
0.788000 0.994799
0.792000 0.994802
0.796000 0.994806
0.800000 0.994809
0.804000 0.994813
0.808000 0.994816
0.812000 0.994819
0.816000 0.994822
0.820000 0.994825
0.824000 0.994828
0.828000 0.994830
0.832000 0.994833
0.836000 0.994835
0.840000 0.994838
0.844000 0.994840
0.848000 0.994842
0.852000 0.994845
0.856000 0.994847
0.860000 0.994849
0.864000 0.994850
0.868000 0.994852
0.872000 0.994854
0.876000 0.994856
0.880000 0.994857
0.884000 0.994859
0.888000 0.994860
0.892000 0.994862
0.896000 0.994863
0.900000 0.994864
0.904000 0.994866
0.908000 0.994867
0.912000 0.994868
0.916000 0.994869
0.920000 0.994870
0.924000 0.994871
0.928000 0.994872
0.932000 0.994873
0.936000 0.994874
0.940000 0.994875
0.944000 0.994876
0.948000 0.994877
0.952000 0.994877
0.956000 0.994878
0.960000 0.994879
0.964000 0.994879
0.968000 0.994880
0.972000 0.994881
0.976000 0.994881
0.980000 0.994882
0.984000 0.994883
0.988000 0.994883
0.992000 0.994884
0.996000 0.994885
1.000000 0.994886
