-1.000000 0.997928
-0.996000 0.997928
-0.992000 0.997928
-0.988000 0.997928
-0.984000 0.997928
-0.980000 0.997928
-0.976000 0.997928
-0.972000 0.997928
-0.968000 0.997928
-0.964000 0.997928
-0.960000 0.997928
-0.956000 0.997928
-0.952000 0.997928
-0.948000 0.997928
-0.944000 0.997928
-0.940000 0.997928
-0.936000 0.997928
-0.932000 0.997928
-0.928000 0.997928
-0.924000 0.997928
-0.920000 0.997928
-0.916000 0.997928
-0.912000 0.997928
-0.908000 0.997928
-0.904000 0.997928
-0.900000 0.997928
-0.896000 0.997928
-0.892000 0.997928
-0.888000 0.997928
-0.884000 0.997928
-0.880000 0.997928
-0.876000 0.997928
-0.872000 0.997928
-0.868000 0.997928
-0.864000 0.997928
-0.860000 0.997928
-0.856000 0.997928
-0.852000 0.997928
-0.848000 0.997928
-0.844000 0.997928
-0.840000 0.997928
-0.836000 0.997928
-0.832000 0.997928
-0.828000 0.997928
-0.824000 0.997928
-0.820000 0.997928
-0.816000 0.997928
-0.812000 0.997928
-0.808000 0.997928
-0.804000 0.997928
-0.800000 0.997928
-0.796000 0.997928
-0.792000 0.997928
-0.788000 0.997928
-0.784000 0.997928
-0.780000 0.997928
-0.776000 0.997928
-0.772000 0.997928
-0.768000 0.997928
-0.764000 0.997928
-0.760000 0.997928
-0.756000 0.997928
-0.752000 0.997928
-0.748000 0.997928
-0.744000 0.997928
-0.740000 0.997928
-0.736000 0.997928
-0.732000 0.997928
-0.728000 0.997928
-0.724000 0.997928
-0.720000 0.997928
-0.716000 0.997928
-0.712000 0.997928
-0.708000 0.997928
-0.704000 0.997928
-0.700000 0.997928
-0.696000 0.997928
-0.692000 0.997928
-0.688000 0.997928
-0.684000 0.997928
-0.680000 0.997928
-0.676000 0.997928
-0.672000 0.997928
-0.668000 0.997928
-0.664000 0.997928
-0.660000 0.997928
-0.656000 0.997928
-0.652000 0.997928
-0.648000 0.997928
-0.644000 0.997928
-0.640000 0.997928
-0.636000 0.997928
-0.632000 0.997928
-0.628000 0.997928
-0.624000 0.997928
-0.620000 0.997928
-0.616000 0.997928
-0.612000 0.997928
-0.608000 0.997928
-0.604000 0.997928
-0.600000 0.997928
-0.596000 0.997928
-0.592000 0.997928
-0.588000 0.997928
-0.584000 0.997928
-0.580000 0.997928
-0.576000 0.997928
-0.572000 0.997928
-0.568000 0.997928
-0.564000 0.997928
-0.560000 0.997928
-0.556000 0.997928
-0.552000 0.997928
-0.548000 0.997928
-0.544000 0.997928
-0.540000 0.997928
-0.536000 0.997928
-0.532000 0.997928
-0.528000 0.997928
-0.524000 0.997928
-0.520000 0.997928
-0.516000 0.997928
-0.512000 0.997928
-0.508000 0.997928
-0.504000 0.997928
-0.500000 0.997928
-0.496000 0.997928
-0.492000 0.997928
-0.488000 0.997928
-0.484000 0.997928
-0.480000 0.997928
-0.476000 0.997928
-0.472000 0.997928
-0.468000 0.997928
-0.464000 0.997928
-0.460000 0.997928
-0.456000 0.997928
-0.452000 0.997928
-0.448000 0.997928
-0.444000 0.997928
-0.440000 0.997928
-0.436000 0.997928
-0.432000 0.997928
-0.428000 0.997928
-0.424000 0.997928
-0.420000 0.997928
-0.416000 0.997928
-0.412000 0.997928
-0.408000 0.997928
-0.404000 0.997928
-0.400000 0.997928
-0.396000 0.997928
-0.392000 0.997928
-0.388000 0.997928
-0.384000 0.997928
-0.380000 0.997928
-0.376000 0.997928
-0.372000 0.997928
-0.368000 0.997928
-0.364000 0.997928
-0.360000 0.997928
-0.356000 0.997928
-0.352000 0.997928
-0.348000 0.997928
-0.344000 0.997928
-0.340000 0.997928
-0.336000 0.997928
-0.332000 0.997928
-0.328000 0.997928
-0.324000 0.997928
-0.320000 0.997927
-0.316000 0.997927
-0.312000 0.997927
-0.308000 0.997927
-0.304000 0.997927
-0.300000 0.997927
-0.296000 0.997927
-0.292000 0.997927
-0.288000 0.997927
-0.284000 0.997927
-0.280000 0.997927
-0.276000 0.997927
-0.272000 0.997927
-0.268000 0.997926
-0.264000 0.997926
-0.260000 0.997926
-0.256000 0.997926
-0.252000 0.997926
-0.248000 0.997926
-0.244000 0.997926
-0.240000 0.997925
-0.236000 0.997925
-0.232000 0.997925
-0.228000 0.997925
-0.224000 0.997925
-0.220000 0.997924
-0.216000 0.997924
-0.212000 0.997924
-0.208000 0.997923
-0.204000 0.997923
-0.200000 0.997923
-0.196000 0.997922
-0.192000 0.997922
-0.188000 0.997921
-0.184000 0.997921
-0.180000 0.997920
-0.176000 0.997920
-0.172000 0.997919
-0.168000 0.997919
-0.164000 0.997918
-0.160000 0.997917
-0.156000 0.997917
-0.152000 0.997916
-0.148000 0.997915
-0.144000 0.997914
-0.140000 0.997913
-0.136000 0.997912
-0.132000 0.997911
-0.128000 0.997910
-0.124000 0.997909
-0.120000 0.997908
-0.116000 0.997906
-0.112000 0.997905
-0.108000 0.997903
-0.104000 0.997902
-0.100000 0.997900
-0.096000 0.997899
-0.092000 0.997897
-0.088000 0.997895
-0.084000 0.997893
-0.080000 0.997891
-0.076000 0.997889
-0.072000 0.997886
-0.068000 0.997884
-0.064000 0.997881
-0.060000 0.997879
-0.056000 0.997876
-0.052000 0.997873
-0.048000 0.997870
-0.044000 0.997866
-0.040000 0.997863
-0.036000 0.997859
-0.032000 0.997856
-0.028000 0.997852
-0.024000 0.997848
-0.020000 0.997843
-0.016000 0.997839
-0.012000 0.997834
-0.008000 0.997829
-0.004000 0.997824
0.000000 0.997819
0.004000 0.997813
0.008000 0.997807
0.012000 0.997801
0.016000 0.997795
0.020000 0.997788
0.024000 0.997782
0.028000 0.997774
0.032000 0.997767
0.036000 0.997759
0.040000 0.997751
0.044000 0.997743
0.048000 0.997734
0.052000 0.997726
0.056000 0.997716
0.060000 0.997707
0.064000 0.997697
0.068000 0.997686
0.072000 0.997676
0.076000 0.997665
0.080000 0.997653
0.084000 0.997641
0.088000 0.997629
0.092000 0.997617
0.096000 0.997604
0.100000 0.997590
0.104000 0.997576
0.108000 0.997562
0.112000 0.997547
0.116000 0.997532
0.120000 0.997516
0.124000 0.997500
0.128000 0.997483
0.132000 0.997466
0.136000 0.997448
0.140000 0.997430
0.144000 0.997412
0.148000 0.997392
0.152000 0.997373
0.156000 0.997353
0.160000 0.997332
0.164000 0.997310
0.168000 0.997289
0.172000 0.997266
0.176000 0.997243
0.180000 0.997220
0.184000 0.997196
0.188000 0.997171
0.192000 0.997146
0.196000 0.997120
0.200000 0.997094
0.204000 0.997067
0.208000 0.997039
0.212000 0.997011
0.216000 0.996983
0.220000 0.996953
0.224000 0.996923
0.228000 0.996893
0.232000 0.996862
0.236000 0.996830
0.240000 0.996798
0.244000 0.996765
0.248000 0.996732
0.252000 0.996698
0.256000 0.996663
0.260000 0.996628
0.264000 0.996593
0.268000 0.996557
0.272000 0.996520
0.276000 0.996482
0.280000 0.996445
0.284000 0.996406
0.288000 0.996367
0.292000 0.996328
0.296000 0.996288
0.300000 0.996247
0.304000 0.996206
0.308000 0.996165
0.312000 0.996123
0.316000 0.996080
0.320000 0.996037
0.324000 0.995994
0.328000 0.995950
0.332000 0.995906
0.336000 0.995861
0.340000 0.995816
0.344000 0.995770
0.348000 0.995724
0.352000 0.995678
0.356000 0.995632
0.360000 0.995585
0.364000 0.995537
0.368000 0.995490
0.372000 0.995442
0.376000 0.995394
0.380000 0.995345
0.384000 0.995297
0.388000 0.995248
0.392000 0.995198
0.396000 0.995149
0.400000 0.995100
0.404000 0.995050
0.408000 0.995000
0.412000 0.994950
0.416000 0.994900
0.420000 0.994850
0.424000 0.994799
0.428000 0.994749
0.432000 0.994699
0.436000 0.994648
0.440000 0.994598
0.444000 0.994547
0.448000 0.994497
0.452000 0.994446
0.456000 0.994396
0.460000 0.994346
0.464000 0.994295
0.468000 0.994245
0.472000 0.994195
0.476000 0.994145
0.480000 0.994096
0.484000 0.994046
0.488000 0.993997
0.492000 0.993948
0.496000 0.993899
0.500000 0.993850
0.504000 0.993801
0.508000 0.993753
0.512000 0.993705
0.516000 0.993658
0.520000 0.993610
0.524000 0.993563
0.528000 0.993516
0.532000 0.993470
0.536000 0.993424
0.540000 0.993378
0.544000 0.993333
0.548000 0.993288
0.552000 0.993244
0.556000 0.993199
0.560000 0.993156
0.564000 0.993112
0.568000 0.993070
0.572000 0.993027
0.576000 0.992985
0.580000 0.992944
0.584000 0.992903
0.588000 0.992862
0.592000 0.992822
0.596000 0.992783
0.600000 0.992744
0.604000 0.992705
0.608000 0.992667
0.612000 0.992630
0.616000 0.992593
0.620000 0.992556
0.624000 0.992520
0.628000 0.992485
0.632000 0.992450
0.636000 0.992415
0.640000 0.992382
0.644000 0.992348
0.648000 0.992316
0.652000 0.992283
0.656000 0.992252
0.660000 0.992220
0.664000 0.992190
0.668000 0.992160
0.672000 0.992130
0.676000 0.992101
0.680000 0.992073
0.684000 0.992045
0.688000 0.992018
0.692000 0.991991
0.696000 0.991964
0.700000 0.991939
0.704000 0.991913
0.708000 0.991888
0.712000 0.991864
0.716000 0.991840
0.720000 0.991817
0.724000 0.991795
0.728000 0.991772
0.732000 0.991751
0.736000 0.991729
0.740000 0.991709
0.744000 0.991688
0.748000 0.991668
0.752000 0.991649
0.756000 0.991630
0.760000 0.991612
0.764000 0.991594
0.768000 0.991576
0.772000 0.991559
0.776000 0.991542
0.780000 0.991526
0.784000 0.991510
0.788000 0.991495
0.792000 0.991480
0.796000 0.991465
0.800000 0.991451
0.804000 0.991437
0.808000 0.991424
0.812000 0.991410
0.816000 0.991398
0.820000 0.991385
0.824000 0.991373
0.828000 0.991362
0.832000 0.991350
0.836000 0.991339
0.840000 0.991328
0.844000 0.991318
0.848000 0.991308
0.852000 0.991298
0.856000 0.991289
0.860000 0.991280
0.864000 0.991271
0.868000 0.991262
0.872000 0.991254
0.876000 0.991246
0.880000 0.991238
0.884000 0.991230
0.888000 0.991223
0.892000 0.991216
0.896000 0.991209
0.900000 0.991202
0.904000 0.991196
0.908000 0.991190
0.912000 0.991184
0.916000 0.991178
0.920000 0.991172
0.924000 0.991167
0.928000 0.991162
0.932000 0.991157
0.936000 0.991152
0.940000 0.991147
0.944000 0.991143
0.948000 0.991138
0.952000 0.991134
0.956000 0.991130
0.960000 0.991126
0.964000 0.991122
0.968000 0.991118
0.972000 0.991115
0.976000 0.991111
0.980000 0.991107
0.984000 0.991103
0.988000 0.991099
0.992000 0.991094
0.996000 0.991089
1.000000 0.991082
