-1.000000 0.991037
-0.996000 0.991037
-0.992000 0.991037
-0.988000 0.991037
-0.984000 0.991037
-0.980000 0.991037
-0.976000 0.991037
-0.972000 0.991037
-0.968000 0.991037
-0.964000 0.991037
-0.960000 0.991037
-0.956000 0.991037
-0.952000 0.991037
-0.948000 0.991037
-0.944000 0.991037
-0.940000 0.991037
-0.936000 0.991037
-0.932000 0.991037
-0.928000 0.991037
-0.924000 0.991037
-0.920000 0.991037
-0.916000 0.991037
-0.912000 0.991037
-0.908000 0.991037
-0.904000 0.991037
-0.900000 0.991037
-0.896000 0.991037
-0.892000 0.991037
-0.888000 0.991037
-0.884000 0.991037
-0.880000 0.991037
-0.876000 0.991037
-0.872000 0.991037
-0.868000 0.991037
-0.864000 0.991037
-0.860000 0.991037
-0.856000 0.991037
-0.852000 0.991037
-0.848000 0.991037
-0.844000 0.991037
-0.840000 0.991037
-0.836000 0.991037
-0.832000 0.991037
-0.828000 0.991037
-0.824000 0.991037
-0.820000 0.991037
-0.816000 0.991037
-0.812000 0.991037
-0.808000 0.991037
-0.804000 0.991037
-0.800000 0.991037
-0.796000 0.991037
-0.792000 0.991037
-0.788000 0.991037
-0.784000 0.991037
-0.780000 0.991037
-0.776000 0.991037
-0.772000 0.991037
-0.768000 0.991037
-0.764000 0.991037
-0.760000 0.991037
-0.756000 0.991037
-0.752000 0.991037
-0.748000 0.991037
-0.744000 0.991037
-0.740000 0.991037
-0.736000 0.991037
-0.732000 0.991037
-0.728000 0.991037
-0.724000 0.991037
-0.720000 0.991037
-0.716000 0.991037
-0.712000 0.991037
-0.708000 0.991037
-0.704000 0.991037
-0.700000 0.991037
-0.696000 0.991037
-0.692000 0.991037
-0.688000 0.991037
-0.684000 0.991037
-0.680000 0.991037
-0.676000 0.991037
-0.672000 0.991038
-0.668000 0.991038
-0.664000 0.991038
-0.660000 0.991038
-0.656000 0.991038
-0.652000 0.991038
-0.648000 0.991038
-0.644000 0.991038
-0.640000 0.991038
-0.636000 0.991038
-0.632000 0.991038
-0.628000 0.991039
-0.624000 0.991039
-0.620000 0.991039
-0.616000 0.991039
-0.612000 0.991039
-0.608000 0.991040
-0.604000 0.991040
-0.600000 0.991040
-0.596000 0.991041
-0.592000 0.991041
-0.588000 0.991041
-0.584000 0.991042
-0.580000 0.991042
-0.576000 0.991043
-0.572000 0.991043
-0.568000 0.991044
-0.564000 0.991044
-0.560000 0.991045
-0.556000 0.991046
-0.552000 0.991046
-0.548000 0.991047
-0.544000 0.991048
-0.540000 0.991049
-0.536000 0.991050
-0.532000 0.991051
-0.528000 0.991052
-0.524000 0.991053
-0.520000 0.991055
-0.516000 0.991056
-0.512000 0.991058
-0.508000 0.991059
-0.504000 0.991061
-0.500000 0.991063
-0.496000 0.991065
-0.492000 0.991067
-0.488000 0.991069
-0.484000 0.991072
-0.480000 0.991074
-0.476000 0.991077
-0.472000 0.991080
-0.468000 0.991083
-0.464000 0.991086
-0.460000 0.991089
-0.456000 0.991093
-0.452000 0.991097
-0.448000 0.991101
-0.444000 0.991105
-0.440000 0.991109
-0.436000 0.991114
-0.432000 0.991119
-0.428000 0.991124
-0.424000 0.991129
-0.420000 0.991135
-0.416000 0.991141
-0.412000 0.991148
-0.408000 0.991154
-0.404000 0.991161
-0.400000 0.991168
-0.396000 0.991176
-0.392000 0.991184
-0.388000 0.991192
-0.384000 0.991201
-0.380000 0.991210
-0.376000 0.991219
-0.372000 0.991229
-0.368000 0.991239
-0.364000 0.991250
-0.360000 0.991261
-0.356000 0.991273
-0.352000 0.991284
-0.348000 0.991297
-0.344000 0.991310
-0.340000 0.991323
-0.336000 0.991337
-0.332000 0.991351
-0.328000 0.991366
-0.324000 0.991381
-0.320000 0.991396
-0.316000 0.991413
-0.312000 0.991429
-0.308000 0.991447
-0.304000 0.991464
-0.300000 0.991483
-0.296000 0.991501
-0.292000 0.991521
-0.288000 0.991540
-0.284000 0.991561
-0.280000 0.991582
-0.276000 0.991603
-0.272000 0.991625
-0.268000 0.991647
-0.264000 0.991670
-0.260000 0.991694
-0.256000 0.991718
-0.252000 0.991742
-0.248000 0.991767
-0.244000 0.991793
-0.240000 0.991819
-0.236000 0.991845
-0.232000 0.991872
-0.228000 0.991900
-0.224000 0.991928
-0.220000 0.991956
-0.216000 0.991985
-0.212000 0.992014
-0.208000 0.992044
-0.204000 0.992074
-0.200000 0.992105
-0.196000 0.992136
-0.192000 0.992167
-0.188000 0.992198
-0.184000 0.992231
-0.180000 0.992263
-0.176000 0.992296
-0.172000 0.992329
-0.168000 0.992362
-0.164000 0.992395
-0.160000 0.992429
-0.156000 0.992463
-0.152000 0.992497
-0.148000 0.992532
-0.144000 0.992567
-0.140000 0.992601
-0.136000 0.992636
-0.132000 0.992672
-0.128000 0.992707
-0.124000 0.992742
-0.120000 0.992777
-0.116000 0.992813
-0.112000 0.992848
-0.108000 0.992884
-0.104000 0.992919
-0.100000 0.992955
-0.096000 0.992990
-0.092000 0.993026
-0.088000 0.993061
-0.084000 0.993096
-0.080000 0.993131
-0.076000 0.993166
-0.072000 0.993201
-0.068000 0.993235
-0.064000 0.993270
-0.060000 0.993304
-0.056000 0.993338
-0.052000 0.993372
-0.048000 0.993406
-0.044000 0.993439
-0.040000 0.993472
-0.036000 0.993505
-0.032000 0.993537
-0.028000 0.993569
-0.024000 0.993601
-0.020000 0.993632
-0.016000 0.993663
-0.012000 0.993694
-0.008000 0.993724
-0.004000 0.993754
0.000000 0.993784
0.004000 0.993813
0.008000 0.993842
0.012000 0.993870
0.016000 0.993898
0.020000 0.993926
0.024000 0.993953
0.028000 0.993979
0.032000 0.994005
0.036000 0.994031
0.040000 0.994056
0.044000 0.994081
0.048000 0.994105
0.052000 0.994129
0.056000 0.994152
0.060000 0.994175
0.064000 0.994198
0.068000 0.994220
0.072000 0.994241
0.076000 0.994262
0.080000 0.994283
0.084000 0.994303
0.088000 0.994322
0.092000 0.994341
0.096000 0.994360
0.100000 0.994378
0.104000 0.994396
0.108000 0.994413
0.112000 0.994430
0.116000 0.994447
0.120000 0.994463
0.124000 0.994478
0.128000 0.994493
0.132000 0.994508
0.136000 0.994522
0.140000 0.994536
0.144000 0.994550
0.148000 0.994563
0.152000 0.994575
0.156000 0.994588
0.160000 0.994600
0.164000 0.994611
0.168000 0.994622
0.172000 0.994633
0.176000 0.994644
0.180000 0.994654
0.184000 0.994664
0.188000 0.994673
0.192000 0.994682
0.196000 0.994691
0.200000 0.994700
0.204000 0.994708
0.208000 0.994716
0.212000 0.994723
0.216000 0.994731
0.220000 0.994738
0.224000 0.994745
0.228000 0.994751
0.232000 0.994758
0.236000 0.994764
0.240000 0.994769
0.244000 0.994775
0.248000 0.994780
0.252000 0.994786
0.256000 0.994791
0.260000 0.994795
0.264000 0.994800
0.268000 0.994804
0.272000 0.994809
0.276000 0.994813
0.280000 0.994816
0.284000 0.994820
0.288000 0.994824
0.292000 0.994827
0.296000 0.994830
0.300000 0.994833
0.304000 0.994836
0.308000 0.994839
0.312000 0.994842
0.316000 0.994844
0.320000 0.994847
0.324000 0.994849
0.328000 0.994852
0.332000 0.994854
0.336000 0.994856
0.340000 0.994858
0.344000 0.994859
0.348000 0.994861
0.352000 0.994863
0.356000 0.994864
0.360000 0.994866
0.364000 0.994867
0.368000 0.994869
0.372000 0.994870
0.376000 0.994871
0.380000 0.994872
0.384000 0.994874
0.388000 0.994875
0.392000 0.994876
0.396000 0.994877
0.400000 0.994877
0.404000 0.994878
0.408000 0.994879
0.412000 0.994880
0.416000 0.994881
0.420000 0.994881
0.424000 0.994882
0.428000 0.994882
0.432000 0.994883
0.436000 0.994884
0.440000 0.994884
0.444000 0.994885
0.448000 0.994885
0.452000 0.994885
0.456000 0.994886
0.460000 0.994886
0.464000 0.994887
0.468000 0.994887
0.472000 0.994887
0.476000 0.994888
0.480000 0.994888
0.484000 0.994888
0.488000 0.994888
0.492000 0.994889
0.496000 0.994889
0.500000 0.994889
0.504000 0.994889
0.508000 0.994889
0.512000 0.994890
0.516000 0.994890
0.520000 0.994890
0.524000 0.994890
0.528000 0.994890
0.532000 0.994890
0.536000 0.994890
0.540000 0.994890
0.544000 0.994891
0.548000 0.994891
0.552000 0.994891
0.556000 0.994891
0.560000 0.994891
0.564000 0.994891
0.568000 0.994891
0.572000 0.994891
0.576000 0.994891
0.580000 0.994891
0.584000 0.994891
0.588000 0.994891
0.592000 0.994891
0.596000 0.994891
0.600000 0.994891
0.604000 0.994892
0.608000 0.994892
0.612000 0.994892
0.616000 0.994892
0.620000 0.994892
0.624000 0.994892
0.628000 0.994892
0.632000 0.994892
0.636000 0.994892
0.640000 0.994892
0.644000 0.994892
0.648000 0.994892
0.652000 0.994892
0.656000 0.994892
0.660000 0.994892
0.664000 0.994892
0.668000 0.994892
0.672000 0.994892
0.676000 0.994892
0.680000 0.994892
0.684000 0.994892
0.688000 0.994892
0.692000 0.994892
0.696000 0.994892
0.700000 0.994892
0.704000 0.994892
0.708000 0.994892
0.712000 0.994892
0.716000 0.994892
0.720000 0.994892
0.724000 0.994892
0.728000 0.994892
0.732000 0.994892
0.736000 0.994892
0.740000 0.994892
0.744000 0.994892
0.748000 0.994892
0.752000 0.994892
0.756000 0.994892
0.760000 0.994892
0.764000 0.994892
0.768000 0.994892
0.772000 0.994892
0.776000 0.994892
0.780000 0.994892
0.784000 0.994892
0.788000 0.994892
0.792000 0.994892
0.796000 0.994892
0.800000 0.994892
0.804000 0.994892
0.808000 0.994892
0.812000 0.994892
0.816000 0.994892
0.820000 0.994892
0.824000 0.994892
0.828000 0.994892
0.832000 0.994892
0.836000 0.994892
0.840000 0.994892
0.844000 0.994892
0.848000 0.994892
0.852000 0.994892
0.856000 0.994892
0.860000 0.994892
0.864000 0.994892
0.868000 0.994892
0.872000 0.994892
0.876000 0.994892
0.880000 0.994892
0.884000 0.994892
0.888000 0.994892
0.892000 0.994892
0.896000 0.994892
0.900000 0.994892
0.904000 0.994892
0.908000 0.994892
0.912000 0.994892
0.916000 0.994892
0.920000 0.994892
0.924000 0.994892
0.928000 0.994892
0.932000 0.994892
0.936000 0.994892
0.940000 0.994892
0.944000 0.994892
0.948000 0.994892
0.952000 0.994892
0.956000 0.994892
0.960000 0.994892
0.964000 0.994892
0.968000 0.994892
0.972000 0.994892
0.976000 0.994892
0.980000 0.994892
0.984000 0.994892
0.988000 0.994892
0.992000 0.994892
0.996000 0.994892
1.000000 0.994892
