-1.000000 0.997928
-0.996000 0.997928
-0.992000 0.997928
-0.988000 0.997928
-0.984000 0.997928
-0.980000 0.997928
-0.976000 0.997928
-0.972000 0.997928
-0.968000 0.997928
-0.964000 0.997928
-0.960000 0.997928
-0.956000 0.997928
-0.952000 0.997928
-0.948000 0.997928
-0.944000 0.997928
-0.940000 0.997928
-0.936000 0.997928
-0.932000 0.997928
-0.928000 0.997928
-0.924000 0.997928
-0.920000 0.997928
-0.916000 0.997928
-0.912000 0.997928
-0.908000 0.997928
-0.904000 0.997928
-0.900000 0.997928
-0.896000 0.997928
-0.892000 0.997928
-0.888000 0.997928
-0.884000 0.997928
-0.880000 0.997928
-0.876000 0.997928
-0.872000 0.997928
-0.868000 0.997928
-0.864000 0.997928
-0.860000 0.997928
-0.856000 0.997928
-0.852000 0.997928
-0.848000 0.997928
-0.844000 0.997928
-0.840000 0.997928
-0.836000 0.997928
-0.832000 0.997928
-0.828000 0.997928
-0.824000 0.997928
-0.820000 0.997928
-0.816000 0.997928
-0.812000 0.997928
-0.808000 0.997928
-0.804000 0.997928
-0.800000 0.997928
-0.796000 0.997928
-0.792000 0.997928
-0.788000 0.997928
-0.784000 0.997928
-0.780000 0.997928
-0.776000 0.997928
-0.772000 0.997928
-0.768000 0.997928
-0.764000 0.997928
-0.760000 0.997928
-0.756000 0.997928
-0.752000 0.997928
-0.748000 0.997928
-0.744000 0.997928
-0.740000 0.997928
-0.736000 0.997928
-0.732000 0.997928
-0.728000 0.997928
-0.724000 0.997928
-0.720000 0.997928
-0.716000 0.997928
-0.712000 0.997928
-0.708000 0.997928
-0.704000 0.997928
-0.700000 0.997928
-0.696000 0.997928
-0.692000 0.997928
-0.688000 0.997928
-0.684000 0.997928
-0.680000 0.997928
-0.676000 0.997928
-0.672000 0.997928
-0.668000 0.997928
-0.664000 0.997928
-0.660000 0.997928
-0.656000 0.997928
-0.652000 0.997928
-0.648000 0.997928
-0.644000 0.997928
-0.640000 0.997928
-0.636000 0.997928
-0.632000 0.997928
-0.628000 0.997928
-0.624000 0.997928
-0.620000 0.997928
-0.616000 0.997928
-0.612000 0.997928
-0.608000 0.997928
-0.604000 0.997928
-0.600000 0.997928
-0.596000 0.997928
-0.592000 0.997928
-0.588000 0.997928
-0.584000 0.997928
-0.580000 0.997928
-0.576000 0.997928
-0.572000 0.997928
-0.568000 0.997928
-0.564000 0.997928
-0.560000 0.997928
-0.556000 0.997928
-0.552000 0.997928
-0.548000 0.997928
-0.544000 0.997928
-0.540000 0.997928
-0.536000 0.997928
-0.532000 0.997928
-0.528000 0.997928
-0.524000 0.997928
-0.520000 0.997928
-0.516000 0.997928
-0.512000 0.997928
-0.508000 0.997928
-0.504000 0.997928
-0.500000 0.997928
-0.496000 0.997928
-0.492000 0.997928
-0.488000 0.997928
-0.484000 0.997928
-0.480000 0.997928
-0.476000 0.997928
-0.472000 0.997928
-0.468000 0.997928
-0.464000 0.997928
-0.460000 0.997928
-0.456000 0.997928
-0.452000 0.997928
-0.448000 0.997928
-0.444000 0.997928
-0.440000 0.997928
-0.436000 0.997928
-0.432000 0.997928
-0.428000 0.997928
-0.424000 0.997928
-0.420000 0.997928
-0.416000 0.997928
-0.412000 0.997928
-0.408000 0.997928
-0.404000 0.997928
-0.400000 0.997928
-0.396000 0.997928
-0.392000 0.997928
-0.388000 0.997928
-0.384000 0.997928
-0.380000 0.997928
-0.376000 0.997928
-0.372000 0.997928
-0.368000 0.997928
-0.364000 0.997928
-0.360000 0.997928
-0.356000 0.997928
-0.352000 0.997928
-0.348000 0.997928
-0.344000 0.997928
-0.340000 0.997928
-0.336000 0.997928
-0.332000 0.997928
-0.328000 0.997928
-0.324000 0.997928
-0.320000 0.997928
-0.316000 0.997928
-0.312000 0.997928
-0.308000 0.997928
-0.304000 0.997928
-0.300000 0.997928
-0.296000 0.997928
-0.292000 0.997928
-0.288000 0.997928
-0.284000 0.997928
-0.280000 0.997928
-0.276000 0.997928
-0.272000 0.997928
-0.268000 0.997928
-0.264000 0.997928
-0.260000 0.997928
-0.256000 0.997928
-0.252000 0.997928
-0.248000 0.997928
-0.244000 0.997928
-0.240000 0.997928
-0.236000 0.997928
-0.232000 0.997928
-0.228000 0.997928
-0.224000 0.997928
-0.220000 0.997928
-0.216000 0.997928
-0.212000 0.997928
-0.208000 0.997928
-0.204000 0.997928
-0.200000 0.997928
-0.196000 0.997928
-0.192000 0.997928
-0.188000 0.997928
-0.184000 0.997928
-0.180000 0.997928
-0.176000 0.997928
-0.172000 0.997928
-0.168000 0.997928
-0.164000 0.997928
-0.160000 0.997928
-0.156000 0.997928
-0.152000 0.997928
-0.148000 0.997928
-0.144000 0.997928
-0.140000 0.997928
-0.136000 0.997928
-0.132000 0.997927
-0.128000 0.997927
-0.124000 0.997927
-0.120000 0.997927
-0.116000 0.997927
-0.112000 0.997927
-0.108000 0.997927
-0.104000 0.997927
-0.100000 0.997927
-0.096000 0.997927
-0.092000 0.997927
-0.088000 0.997927
-0.084000 0.997927
-0.080000 0.997927
-0.076000 0.997926
-0.072000 0.997926
-0.068000 0.997926
-0.064000 0.997926
-0.060000 0.997926
-0.056000 0.997926
-0.052000 0.997926
-0.048000 0.997926
-0.044000 0.997925
-0.040000 0.997925
-0.036000 0.997925
-0.032000 0.997925
-0.028000 0.997925
-0.024000 0.997924
-0.020000 0.997924
-0.016000 0.997924
-0.012000 0.997923
-0.008000 0.997923
-0.004000 0.997923
0.000000 0.997923
0.004000 0.997922
0.008000 0.997922
0.012000 0.997921
0.016000 0.997921
0.020000 0.997920
0.024000 0.997920
0.028000 0.997919
0.032000 0.997919
0.036000 0.997918
0.040000 0.997918
0.044000 0.997917
0.048000 0.997916
0.052000 0.997916
0.056000 0.997915
0.060000 0.997914
0.064000 0.997913
0.068000 0.997912
0.072000 0.997911
0.076000 0.997910
0.080000 0.997909
0.084000 0.997908
0.088000 0.997907
0.092000 0.997906
0.096000 0.997905
0.100000 0.997903
0.104000 0.997902
0.108000 0.997900
0.112000 0.997899
0.116000 0.997897
0.120000 0.997896
0.124000 0.997894
0.128000 0.997892
0.132000 0.997890
0.136000 0.997888
0.140000 0.997886
0.144000 0.997884
0.148000 0.997881
0.152000 0.997879
0.156000 0.997876
0.160000 0.997873
0.164000 0.997871
0.168000 0.997868
0.172000 0.997865
0.176000 0.997861
0.180000 0.997858
0.184000 0.997855
0.188000 0.997851
0.192000 0.997847
0.196000 0.997843
0.200000 0.997839
0.204000 0.997835
0.208000 0.997831
0.212000 0.997826
0.216000 0.997821
0.220000 0.997816
0.224000 0.997811
0.228000 0.997806
0.232000 0.997800
0.236000 0.997794
0.240000 0.997788
0.244000 0.997782
0.248000 0.997776
0.252000 0.997769
0.256000 0.997762
0.260000 0.997755
0.264000 0.997747
0.268000 0.997740
0.272000 0.997732
0.276000 0.997723
0.280000 0.997715
0.284000 0.997706
0.288000 0.997697
0.292000 0.997687
0.296000 0.997678
0.300000 0.997668
0.304000 0.997657
0.308000 0.997647
0.312000 0.997636
0.316000 0.997624
0.320000 0.997613
0.324000 0.997601
0.328000 0.997588
0.332000 0.997575
0.336000 0.997562
0.340000 0.997549
0.344000 0.997535
0.348000 0.997521
0.352000 0.997506
0.356000 0.997491
0.360000 0.997475
0.364000 0.997459
0.368000 0.997443
0.372000 0.997426
0.376000 0.997409
0.380000 0.997392
0.384000 0.997374
0.388000 0.997355
0.392000 0.997336
0.396000 0.997317
0.400000 0.997297
0.404000 0.997277
0.408000 0.997256
0.412000 0.997235
0.416000 0.997213
0.420000 0.997191
0.424000 0.997168
0.428000 0.997145
0.432000 0.997121
0.436000 0.997097
0.440000 0.997073
0.444000 0.997048
0.448000 0.997022
0.452000 0.996996
0.456000 0.996969
0.460000 0.996942
0.464000 0.996915
0.468000 0.996887
0.472000 0.996858
0.476000 0.996829
0.480000 0.996799
0.484000 0.996769
0.488000 0.996739
0.492000 0.996708
0.496000 0.996676
0.500000 0.996644
0.504000 0.996612
0.508000 0.996579
0.512000 0.996546
0.516000 0.996512
0.520000 0.996477
0.524000 0.996442
0.528000 0.996407
0.532000 0.996371
0.536000 0.996335
0.540000 0.996299
0.544000 0.996261
0.548000 0.996224
0.552000 0.996186
0.556000 0.996148
0.560000 0.996109
0.564000 0.996070
0.568000 0.996030
0.572000 0.995990
0.576000 0.995950
0.580000 0.995909
0.584000 0.995868
0.588000 0.995827
0.592000 0.995785
0.596000 0.995743
0.600000 0.995701
0.604000 0.995658
0.608000 0.995615
0.612000 0.995572
0.616000 0.995528
0.620000 0.995485
0.624000 0.995441
0.628000 0.995396
0.632000 0.995352
0.636000 0.995307
0.640000 0.995262
0.644000 0.995217
0.648000 0.995172
0.652000 0.995126
0.656000 0.995080
0.660000 0.995035
0.664000 0.994989
0.668000 0.994943
0.672000 0.994896
0.676000 0.994850
0.680000 0.994804
0.684000 0.994758
0.688000 0.994711
0.692000 0.994665
0.696000 0.994618
0.700000 0.994572
0.704000 0.994525
0.708000 0.994479
0.712000 0.994432
0.716000 0.994386
0.720000 0.994340
0.724000 0.994293
0.728000 0.994247
0.732000 0.994201
0.736000 0.994155
0.740000 0.994109
0.744000 0.994064
0.748000 0.994018
0.752000 0.993973
0.756000 0.993928
0.760000 0.993883
0.764000 0.993838
0.768000 0.993793
0.772000 0.993749
0.776000 0.993704
0.780000 0.993660
0.784000 0.993617
0.788000 0.993573
0.792000 0.993530
0.796000 0.993487
0.800000 0.993445
0.804000 0.993402
0.808000 0.993360
0.812000 0.993319
0.816000 0.993278
0.820000 0.993237
0.824000 0.993196
0.828000 0.993156
0.832000 0.993116
0.836000 0.993076
0.840000 0.993037
0.844000 0.992998
0.848000 0.992960
0.852000 0.992922
0.856000 0.992884
0.860000 0.992847
0.864000 0.992810
0.868000 0.992774
0.872000 0.992738
0.876000 0.992702
0.880000 0.992667
0.884000 0.992633
0.888000 0.992598
0.892000 0.992565
0.896000 0.992531
0.900000 0.992498
0.904000 0.992466
0.908000 0.992434
0.912000 0.992402
0.916000 0.992371
0.920000 0.992341
0.924000 0.992310
0.928000 0.992281
0.932000 0.992251
0.936000 0.992222
0.940000 0.992194
0.944000 0.992166
0.948000 0.992138
0.952000 0.992111
0.956000 0.992084
0.960000 0.992057
0.964000 0.992030
0.968000 0.992003
0.972000 0.991975
0.976000 0.991947
0.980000 0.991918
0.984000 0.991887
0.988000 0.991853
0.992000 0.991815
0.996000 0.991771
1.000000 0.991717
