-1.000000 0.997928
-0.996000 0.997928
-0.992000 0.997928
-0.988000 0.997928
-0.984000 0.997928
-0.980000 0.997928
-0.976000 0.997928
-0.972000 0.997928
-0.968000 0.997928
-0.964000 0.997928
-0.960000 0.997928
-0.956000 0.997928
-0.952000 0.997928
-0.948000 0.997928
-0.944000 0.997928
-0.940000 0.997928
-0.936000 0.997928
-0.932000 0.997928
-0.928000 0.997928
-0.924000 0.997928
-0.920000 0.997928
-0.916000 0.997928
-0.912000 0.997928
-0.908000 0.997928
-0.904000 0.997928
-0.900000 0.997928
-0.896000 0.997928
-0.892000 0.997928
-0.888000 0.997928
-0.884000 0.997928
-0.880000 0.997928
-0.876000 0.997928
-0.872000 0.997928
-0.868000 0.997928
-0.864000 0.997928
-0.860000 0.997928
-0.856000 0.997928
-0.852000 0.997928
-0.848000 0.997928
-0.844000 0.997928
-0.840000 0.997928
-0.836000 0.997928
-0.832000 0.997928
-0.828000 0.997928
-0.824000 0.997928
-0.820000 0.997928
-0.816000 0.997928
-0.812000 0.997928
-0.808000 0.997928
-0.804000 0.997928
-0.800000 0.997928
-0.796000 0.997928
-0.792000 0.997928
-0.788000 0.997928
-0.784000 0.997928
-0.780000 0.997928
-0.776000 0.997928
-0.772000 0.997928
-0.768000 0.997928
-0.764000 0.997928
-0.760000 0.997928
-0.756000 0.997928
-0.752000 0.997928
-0.748000 0.997928
-0.744000 0.997928
-0.740000 0.997928
-0.736000 0.997928
-0.732000 0.997928
-0.728000 0.997928
-0.724000 0.997928
-0.720000 0.997928
-0.716000 0.997928
-0.712000 0.997928
-0.708000 0.997928
-0.704000 0.997928
-0.700000 0.997928
-0.696000 0.997928
-0.692000 0.997928
-0.688000 0.997928
-0.684000 0.997928
-0.680000 0.997928
-0.676000 0.997928
-0.672000 0.997928
-0.668000 0.997928
-0.664000 0.997928
-0.660000 0.997928
-0.656000 0.997928
-0.652000 0.997928
-0.648000 0.997928
-0.644000 0.997928
-0.640000 0.997928
-0.636000 0.997928
-0.632000 0.997928
-0.628000 0.997928
-0.624000 0.997928
-0.620000 0.997928
-0.616000 0.997928
-0.612000 0.997928
-0.608000 0.997928
-0.604000 0.997928
-0.600000 0.997928
-0.596000 0.997928
-0.592000 0.997928
-0.588000 0.997928
-0.584000 0.997928
-0.580000 0.997928
-0.576000 0.997928
-0.572000 0.997928
-0.568000 0.997928
-0.564000 0.997928
-0.560000 0.997928
-0.556000 0.997928
-0.552000 0.997928
-0.548000 0.997928
-0.544000 0.997928
-0.540000 0.997928
-0.536000 0.997928
-0.532000 0.997928
-0.528000 0.997928
-0.524000 0.997928
-0.520000 0.997928
-0.516000 0.997928
-0.512000 0.997928
-0.508000 0.997928
-0.504000 0.997928
-0.500000 0.997928
-0.496000 0.997928
-0.492000 0.997928
-0.488000 0.997928
-0.484000 0.997928
-0.480000 0.997928
-0.476000 0.997928
-0.472000 0.997928
-0.468000 0.997928
-0.464000 0.997928
-0.460000 0.997928
-0.456000 0.997928
-0.452000 0.997928
-0.448000 0.997928
-0.444000 0.997928
-0.440000 0.997928
-0.436000 0.997928
-0.432000 0.997928
-0.428000 0.997928
-0.424000 0.997928
-0.420000 0.997928
-0.416000 0.997928
-0.412000 0.997928
-0.408000 0.997928
-0.404000 0.997928
-0.400000 0.997928
-0.396000 0.997928
-0.392000 0.997928
-0.388000 0.997928
-0.384000 0.997928
-0.380000 0.997928
-0.376000 0.997928
-0.372000 0.997928
-0.368000 0.997928
-0.364000 0.997928
-0.360000 0.997928
-0.356000 0.997928
-0.352000 0.997928
-0.348000 0.997928
-0.344000 0.997928
-0.340000 0.997927
-0.336000 0.997927
-0.332000 0.997927
-0.328000 0.997927
-0.324000 0.997927
-0.320000 0.997927
-0.316000 0.997927
-0.312000 0.997927
-0.308000 0.997927
-0.304000 0.997927
-0.300000 0.997927
-0.296000 0.997927
-0.292000 0.997927
-0.288000 0.997926
-0.284000 0.997926
-0.280000 0.997926
-0.276000 0.997926
-0.272000 0.997926
-0.268000 0.997926
-0.264000 0.997926
-0.260000 0.997925
-0.256000 0.997925
-0.252000 0.997925
-0.248000 0.997925
-0.244000 0.997924
-0.240000 0.997924
-0.236000 0.997924
-0.232000 0.997923
-0.228000 0.997923
-0.224000 0.997923
-0.220000 0.997922
-0.216000 0.997922
-0.212000 0.997921
-0.208000 0.997921
-0.204000 0.997921
-0.200000 0.997920
-0.196000 0.997919
-0.192000 0.997919
-0.188000 0.997918
-0.184000 0.997917
-0.180000 0.997917
-0.176000 0.997916
-0.172000 0.997915
-0.168000 0.997914
-0.164000 0.997913
-0.160000 0.997912
-0.156000 0.997911
-0.152000 0.997910
-0.148000 0.997909
-0.144000 0.997908
-0.140000 0.997906
-0.136000 0.997905
-0.132000 0.997904
-0.128000 0.997902
-0.124000 0.997900
-0.120000 0.997899
-0.116000 0.997897
-0.112000 0.997895
-0.108000 0.997893
-0.104000 0.997891
-0.100000 0.997889
-0.096000 0.997886
-0.092000 0.997884
-0.088000 0.997881
-0.084000 0.997878
-0.080000 0.997875
-0.076000 0.997872
-0.072000 0.997869
-0.068000 0.997866
-0.064000 0.997862
-0.060000 0.997859
-0.056000 0.997855
-0.052000 0.997851
-0.048000 0.997847
-0.044000 0.997842
-0.040000 0.997838
-0.036000 0.997833
-0.032000 0.997828
-0.028000 0.997823
-0.024000 0.997817
-0.020000 0.997812
-0.016000 0.997806
-0.012000 0.997800
-0.008000 0.997793
-0.004000 0.997786
0.000000 0.997779
0.004000 0.997772
0.008000 0.997765
0.012000 0.997757
0.016000 0.997749
0.020000 0.997740
0.024000 0.997731
0.028000 0.997722
0.032000 0.997713
0.036000 0.997703
0.040000 0.997692
0.044000 0.997682
0.048000 0.997671
0.052000 0.997660
0.056000 0.997648
0.060000 0.997636
0.064000 0.997623
0.068000 0.997610
0.072000 0.997597
0.076000 0.997583
0.080000 0.997569
0.084000 0.997554
0.088000 0.997539
0.092000 0.997523
0.096000 0.997507
0.100000 0.997490
0.104000 0.997473
0.108000 0.997455
0.112000 0.997437
0.116000 0.997419
0.120000 0.997399
0.124000 0.997380
0.128000 0.997359
0.132000 0.997338
0.136000 0.997317
0.140000 0.997295
0.144000 0.997273
0.148000 0.997250
0.152000 0.997226
0.156000 0.997202
0.160000 0.997177
0.164000 0.997152
0.168000 0.997126
0.172000 0.997099
0.176000 0.997072
0.180000 0.997045
0.184000 0.997016
0.188000 0.996987
0.192000 0.996958
0.196000 0.996928
0.200000 0.996897
0.204000 0.996866
0.208000 0.996834
0.212000 0.996801
0.216000 0.996768
0.220000 0.996735
0.224000 0.996700
0.228000 0.996665
0.232000 0.996630
0.236000 0.996594
0.240000 0.996557
0.244000 0.996520
0.248000 0.996482
0.252000 0.996444
0.256000 0.996405
0.260000 0.996366
0.264000 0.996326
0.268000 0.996285
0.272000 0.996244
0.276000 0.996203
0.280000 0.996161
0.284000 0.996118
0.288000 0.996075
0.292000 0.996032
0.296000 0.995988
0.300000 0.995944
0.304000 0.995899
0.308000 0.995854
0.312000 0.995808
0.316000 0.995762
0.320000 0.995715
0.324000 0.995669
0.328000 0.995621
0.332000 0.995574
0.336000 0.995526
0.340000 0.995478
0.344000 0.995429
0.348000 0.995381
0.352000 0.995332
0.356000 0.995282
0.360000 0.995233
0.364000 0.995183
0.368000 0.995133
0.372000 0.995083
0.376000 0.995033
0.380000 0.994982
0.384000 0.994932
0.388000 0.994881
0.392000 0.994830
0.396000 0.994779
0.400000 0.994728
0.404000 0.994677
0.408000 0.994626
0.412000 0.994575
0.416000 0.994524
0.420000 0.994473
0.424000 0.994423
0.428000 0.994372
0.432000 0.994321
0.436000 0.994270
0.440000 0.994220
0.444000 0.994169
0.448000 0.994119
0.452000 0.994069
0.456000 0.994019
0.460000 0.993969
0.464000 0.993919
0.468000 0.993870
0.472000 0.993821
0.476000 0.993772
0.480000 0.993723
0.484000 0.993675
0.488000 0.993627
0.492000 0.993580
0.496000 0.993532
0.500000 0.993485
0.504000 0.993439
0.508000 0.993392
0.512000 0.993346
0.516000 0.993301
0.520000 0.993256
0.524000 0.993211
0.528000 0.993167
0.532000 0.993123
0.536000 0.993080
0.540000 0.993037
0.544000 0.992994
0.548000 0.992952
0.552000 0.992911
0.556000 0.992870
0.560000 0.992829
0.564000 0.992789
0.568000 0.992750
0.572000 0.992711
0.576000 0.992672
0.580000 0.992634
0.584000 0.992597
0.588000 0.992560
0.592000 0.992524
0.596000 0.992488
0.600000 0.992452
0.604000 0.992418
0.608000 0.992383
0.612000 0.992350
0.616000 0.992317
0.620000 0.992284
0.624000 0.992252
0.628000 0.992221
0.632000 0.992190
0.636000 0.992159
0.640000 0.992130
0.644000 0.992100
0.648000 0.992072
0.652000 0.992043
0.656000 0.992016
0.660000 0.991989
0.664000 0.991962
0.668000 0.991936
0.672000 0.991911
0.676000 0.991886
0.680000 0.991861
0.684000 0.991837
0.688000 0.991814
0.692000 0.991791
0.696000 0.991769
0.700000 0.991747
0.704000 0.991725
0.708000 0.991704
0.712000 0.991684
0.716000 0.991664
0.720000 0.991645
0.724000 0.991626
0.728000 0.991607
0.732000 0.991589
0.736000 0.991572
0.740000 0.991554
0.744000 0.991538
0.748000 0.991521
0.752000 0.991505
0.756000 0.991490
0.760000 0.991475
0.764000 0.991460
0.768000 0.991446
0.772000 0.991432
0.776000 0.991419
0.780000 0.991406
0.784000 0.991393
0.788000 0.991381
0.792000 0.991369
0.796000 0.991357
0.800000 0.991346
0.804000 0.991335
0.808000 0.991324
0.812000 0.991314
0.816000 0.991303
0.820000 0.991294
0.824000 0.991284
0.828000 0.991275
0.832000 0.991266
0.836000 0.991258
0.840000 0.991249
0.844000 0.991241
0.848000 0.991234
0.852000 0.991226
0.856000 0.991219
0.860000 0.991212
0.864000 0.991205
0.868000 0.991199
0.872000 0.991192
0.876000 0.991186
0.880000 0.991180
0.884000 0.991174
0.888000 0.991169
0.892000 0.991164
0.896000 0.991158
0.900000 0.991153
0.904000 0.991149
0.908000 0.991144
0.912000 0.991140
0.916000 0.991135
0.920000 0.991131
0.924000 0.991127
0.928000 0.991123
0.932000 0.991120
0.936000 0.991116
0.940000 0.991113
0.944000 0.991110
0.948000 0.991106
0.952000 0.991103
0.956000 0.991100
0.960000 0.991098
0.964000 0.991095
0.968000 0.991092
0.972000 0.991089
0.976000 0.991087
0.980000 0.991084
0.984000 0.991081
0.988000 0.991078
0.992000 0.991075
0.996000 0.991071
1.000000 0.991067
