-1.000000 0.991037
-0.996000 0.991037
-0.992000 0.991037
-0.988000 0.991037
-0.984000 0.991037
-0.980000 0.991037
-0.976000 0.991037
-0.972000 0.991037
-0.968000 0.991037
-0.964000 0.991037
-0.960000 0.991037
-0.956000 0.991037
-0.952000 0.991037
-0.948000 0.991037
-0.944000 0.991037
-0.940000 0.991037
-0.936000 0.991037
-0.932000 0.991037
-0.928000 0.991037
-0.924000 0.991037
-0.920000 0.991037
-0.916000 0.991037
-0.912000 0.991037
-0.908000 0.991037
-0.904000 0.991037
-0.900000 0.991037
-0.896000 0.991037
-0.892000 0.991037
-0.888000 0.991037
-0.884000 0.991037
-0.880000 0.991037
-0.876000 0.991037
-0.872000 0.991037
-0.868000 0.991037
-0.864000 0.991037
-0.860000 0.991037
-0.856000 0.991037
-0.852000 0.991037
-0.848000 0.991037
-0.844000 0.991037
-0.840000 0.991037
-0.836000 0.991037
-0.832000 0.991037
-0.828000 0.991037
-0.824000 0.991037
-0.820000 0.991037
-0.816000 0.991037
-0.812000 0.991037
-0.808000 0.991037
-0.804000 0.991037
-0.800000 0.991037
-0.796000 0.991037
-0.792000 0.991037
-0.788000 0.991037
-0.784000 0.991037
-0.780000 0.991037
-0.776000 0.991037
-0.772000 0.991037
-0.768000 0.991037
-0.764000 0.991037
-0.760000 0.991037
-0.756000 0.991037
-0.752000 0.991037
-0.748000 0.991037
-0.744000 0.991037
-0.740000 0.991037
-0.736000 0.991037
-0.732000 0.991037
-0.728000 0.991037
-0.724000 0.991037
-0.720000 0.991037
-0.716000 0.991037
-0.712000 0.991037
-0.708000 0.991037
-0.704000 0.991037
-0.700000 0.991037
-0.696000 0.991037
-0.692000 0.991037
-0.688000 0.991037
-0.684000 0.991037
-0.680000 0.991037
-0.676000 0.991037
-0.672000 0.991037
-0.668000 0.991037
-0.664000 0.991037
-0.660000 0.991037
-0.656000 0.991037
-0.652000 0.991037
-0.648000 0.991037
-0.644000 0.991037
-0.640000 0.991037
-0.636000 0.991037
-0.632000 0.991037
-0.628000 0.991037
-0.624000 0.991037
-0.620000 0.991037
-0.616000 0.991037
-0.612000 0.991037
-0.608000 0.991037
-0.604000 0.991037
-0.600000 0.991037
-0.596000 0.991037
-0.592000 0.991037
-0.588000 0.991037
-0.584000 0.991037
-0.580000 0.991037
-0.576000 0.991038
-0.572000 0.991038
-0.568000 0.991038
-0.564000 0.991038
-0.560000 0.991038
-0.556000 0.991038
-0.552000 0.991038
-0.548000 0.991038
-0.544000 0.991038
-0.540000 0.991038
-0.536000 0.991038
-0.532000 0.991038
-0.528000 0.991039
-0.524000 0.991039
-0.520000 0.991039
-0.516000 0.991039
-0.512000 0.991039
-0.508000 0.991039
-0.504000 0.991040
-0.500000 0.991040
-0.496000 0.991040
-0.492000 0.991040
-0.488000 0.991041
-0.484000 0.991041
-0.480000 0.991041
-0.476000 0.991042
-0.472000 0.991042
-0.468000 0.991043
-0.464000 0.991043
-0.460000 0.991044
-0.456000 0.991044
-0.452000 0.991045
-0.448000 0.991045
-0.444000 0.991046
-0.440000 0.991047
-0.436000 0.991048
-0.432000 0.991048
-0.428000 0.991049
-0.424000 0.991050
-0.420000 0.991051
-0.416000 0.991052
-0.412000 0.991053
-0.408000 0.991055
-0.404000 0.991056
-0.400000 0.991057
-0.396000 0.991059
-0.392000 0.991060
-0.388000 0.991062
-0.384000 0.991064
-0.380000 0.991066
-0.376000 0.991068
-0.372000 0.991070
-0.368000 0.991072
-0.364000 0.991074
-0.360000 0.991077
-0.356000 0.991079
-0.352000 0.991082
-0.348000 0.991085
-0.344000 0.991088
-0.340000 0.991091
-0.336000 0.991095
-0.332000 0.991098
-0.328000 0.991102
-0.324000 0.991106
-0.320000 0.991110
-0.316000 0.991114
-0.312000 0.991119
-0.308000 0.991123
-0.304000 0.991128
-0.300000 0.991134
-0.296000 0.991139
-0.292000 0.991145
-0.288000 0.991151
-0.284000 0.991157
-0.280000 0.991163
-0.276000 0.991170
-0.272000 0.991177
-0.268000 0.991184
-0.264000 0.991192
-0.260000 0.991200
-0.256000 0.991208
-0.252000 0.991217
-0.248000 0.991226
-0.244000 0.991235
-0.240000 0.991244
-0.236000 0.991254
-0.232000 0.991265
-0.228000 0.991275
-0.224000 0.991286
-0.220000 0.991298
-0.216000 0.991309
-0.212000 0.991322
-0.208000 0.991334
-0.204000 0.991347
-0.200000 0.991361
-0.196000 0.991374
-0.192000 0.991389
-0.188000 0.991403
-0.184000 0.991418
-0.180000 0.991434
-0.176000 0.991450
-0.172000 0.991466
-0.168000 0.991483
-0.164000 0.991500
-0.160000 0.991518
-0.156000 0.991536
-0.152000 0.991554
-0.148000 0.991573
-0.144000 0.991593
-0.140000 0.991613
-0.136000 0.991633
-0.132000 0.991654
-0.128000 0.991675
-0.124000 0.991697
-0.120000 0.991719
-0.116000 0.991742
-0.112000 0.991765
-0.108000 0.991788
-0.104000 0.991812
-0.100000 0.991836
-0.096000 0.991861
-0.092000 0.991886
-0.088000 0.991911
-0.084000 0.991937
-0.080000 0.991964
-0.076000 0.991990
-0.072000 0.992017
-0.068000 0.992045
-0.064000 0.992073
-0.060000 0.992101
-0.056000 0.992129
-0.052000 0.992158
-0.048000 0.992187
-0.044000 0.992216
-0.040000 0.992246
-0.036000 0.992276
-0.032000 0.992306
-0.028000 0.992337
-0.024000 0.992368
-0.020000 0.992399
-0.016000 0.992430
-0.012000 0.992461
-0.008000 0.992493
-0.004000 0.992525
0.000000 0.992557
0.004000 0.992589
0.008000 0.992621
0.012000 0.992653
0.016000 0.992686
0.020000 0.992718
0.024000 0.992751
0.028000 0.992784
0.032000 0.992816
0.036000 0.992849
0.040000 0.992882
0.044000 0.992915
0.048000 0.992947
0.052000 0.992980
0.056000 0.993013
0.060000 0.993046
0.064000 0.993078
0.068000 0.993111
0.072000 0.993143
0.076000 0.993175
0.080000 0.993207
0.084000 0.993239
0.088000 0.993271
0.092000 0.993303
0.096000 0.993335
0.100000 0.993366
0.104000 0.993397
0.108000 0.993428
0.112000 0.993458
0.116000 0.993489
0.120000 0.993519
0.124000 0.993549
0.128000 0.993579
0.132000 0.993608
0.136000 0.993637
0.140000 0.993666
0.144000 0.993694
0.148000 0.993722
0.152000 0.993750
0.156000 0.993778
0.160000 0.993805
0.164000 0.993831
0.168000 0.993858
0.172000 0.993884
0.176000 0.993910
0.180000 0.993935
0.184000 0.993960
0.188000 0.993984
0.192000 0.994008
0.196000 0.994032
0.200000 0.994056
0.204000 0.994079
0.208000 0.994101
0.212000 0.994123
0.216000 0.994145
0.220000 0.994167
0.224000 0.994188
0.228000 0.994208
0.232000 0.994228
0.236000 0.994248
0.240000 0.994267
0.244000 0.994286
0.248000 0.994305
0.252000 0.994323
0.256000 0.994341
0.260000 0.994358
0.264000 0.994375
0.268000 0.994392
0.272000 0.994408
0.276000 0.994424
0.280000 0.994439
0.284000 0.994454
0.288000 0.994469
0.292000 0.994483
0.296000 0.994497
0.300000 0.994511
0.304000 0.994524
0.308000 0.994537
0.312000 0.994549
0.316000 0.994562
0.320000 0.994573
0.324000 0.994585
0.328000 0.994596
0.332000 0.994607
0.336000 0.994618
0.340000 0.994628
0.344000 0.994638
0.348000 0.994647
0.352000 0.994657
0.356000 0.994666
0.360000 0.994674
0.364000 0.994683
0.368000 0.994691
0.372000 0.994699
0.376000 0.994707
0.380000 0.994714
0.384000 0.994721
0.388000 0.994728
0.392000 0.994735
0.396000 0.994741
0.400000 0.994748
0.404000 0.994754
0.408000 0.994760
0.412000 0.994765
0.416000 0.994771
0.420000 0.994776
0.424000 0.994781
0.428000 0.994786
0.432000 0.994790
0.436000 0.994795
0.440000 0.994799
0.444000 0.994803
0.448000 0.994807
0.452000 0.994811
0.456000 0.994815
0.460000 0.994818
0.464000 0.994822
0.468000 0.994825
0.472000 0.994828
0.476000 0.994831
0.480000 0.994834
0.484000 0.994837
0.488000 0.994839
0.492000 0.994842
0.496000 0.994844
0.500000 0.994846
0.504000 0.994849
0.508000 0.994851
0.512000 0.994853
0.516000 0.994855
0.520000 0.994857
0.524000 0.994858
0.528000 0.994860
0.532000 0.994862
0.536000 0.994863
0.540000 0.994865
0.544000 0.994866
0.548000 0.994867
0.552000 0.994869
0.556000 0.994870
0.560000 0.994871
0.564000 0.994872
0.568000 0.994873
0.572000 0.994874
0.576000 0.994875
0.580000 0.994876
0.584000 0.994877
0.588000 0.994878
0.592000 0.994878
0.596000 0.994879
0.600000 0.994880
0.604000 0.994881
0.608000 0.994881
0.612000 0.994882
0.616000 0.994882
0.620000 0.994883
0.624000 0.994883
0.628000 0.994884
0.632000 0.994884
0.636000 0.994885
0.640000 0.994885
0.644000 0.994886
0.648000 0.994886
0.652000 0.994886
0.656000 0.994887
0.660000 0.994887
0.664000 0.994887
0.668000 0.994888
0.672000 0.994888
0.676000 0.994888
0.680000 0.994888
0.684000 0.994889
0.688000 0.994889
0.692000 0.994889
0.696000 0.994889
0.700000 0.994889
0.704000 0.994889
0.708000 0.994890
0.712000 0.994890
0.716000 0.994890
0.720000 0.994890
0.724000 0.994890
0.728000 0.994890
0.732000 0.994890
0.736000 0.994890
0.740000 0.994891
0.744000 0.994891
0.748000 0.994891
0.752000 0.994891
0.756000 0.994891
0.760000 0.994891
0.764000 0.994891
0.768000 0.994891
0.772000 0.994891
0.776000 0.994891
0.780000 0.994891
0.784000 0.994891
0.788000 0.994891
0.792000 0.994891
0.796000 0.994891
0.800000 0.994891
0.804000 0.994892
0.808000 0.994892
0.812000 0.994892
0.816000 0.994892
0.820000 0.994892
0.824000 0.994892
0.828000 0.994892
0.832000 0.994892
0.836000 0.994892
0.840000 0.994892
0.844000 0.994892
0.848000 0.994892
0.852000 0.994892
0.856000 0.994892
0.860000 0.994892
0.864000 0.994892
0.868000 0.994892
0.872000 0.994892
0.876000 0.994892
0.880000 0.994892
0.884000 0.994892
0.888000 0.994892
0.892000 0.994892
0.896000 0.994892
0.900000 0.994892
0.904000 0.994892
0.908000 0.994892
0.912000 0.994892
0.916000 0.994892
0.920000 0.994892
0.924000 0.994892
0.928000 0.994892
0.932000 0.994892
0.936000 0.994892
0.940000 0.994892
0.944000 0.994892
0.948000 0.994892
0.952000 0.994892
0.956000 0.994892
0.960000 0.994892
0.964000 0.994892
0.968000 0.994892
0.972000 0.994892
0.976000 0.994892
0.980000 0.994892
0.984000 0.994892
0.988000 0.994892
0.992000 0.994892
0.996000 0.994892
1.000000 0.994892
