-1.000000 0.997928
-0.996000 0.997928
-0.992000 0.997928
-0.988000 0.997928
-0.984000 0.997928
-0.980000 0.997928
-0.976000 0.997928
-0.972000 0.997928
-0.968000 0.997928
-0.964000 0.997928
-0.960000 0.997928
-0.956000 0.997928
-0.952000 0.997928
-0.948000 0.997928
-0.944000 0.997928
-0.940000 0.997928
-0.936000 0.997928
-0.932000 0.997928
-0.928000 0.997928
-0.924000 0.997928
-0.920000 0.997928
-0.916000 0.997928
-0.912000 0.997928
-0.908000 0.997928
-0.904000 0.997928
-0.900000 0.997928
-0.896000 0.997928
-0.892000 0.997928
-0.888000 0.997928
-0.884000 0.997928
-0.880000 0.997928
-0.876000 0.997928
-0.872000 0.997928
-0.868000 0.997928
-0.864000 0.997928
-0.860000 0.997928
-0.856000 0.997927
-0.852000 0.997927
-0.848000 0.997927
-0.844000 0.997927
-0.840000 0.997927
-0.836000 0.997927
-0.832000 0.997927
-0.828000 0.997927
-0.824000 0.997926
-0.820000 0.997926
-0.816000 0.997926
-0.812000 0.997925
-0.808000 0.997925
-0.804000 0.997925
-0.800000 0.997924
-0.796000 0.997924
-0.792000 0.997923
-0.788000 0.997923
-0.784000 0.997922
-0.780000 0.997921
-0.776000 0.997920
-0.772000 0.997919
-0.768000 0.997918
-0.764000 0.997917
-0.760000 0.997916
-0.756000 0.997914
-0.752000 0.997913
-0.748000 0.997911
-0.744000 0.997909
-0.740000 0.997907
-0.736000 0.997905
-0.732000 0.997903
-0.728000 0.997900
-0.724000 0.997897
-0.720000 0.997894
-0.716000 0.997890
-0.712000 0.997886
-0.708000 0.997882
-0.704000 0.997878
-0.700000 0.997873
-0.696000 0.997868
-0.692000 0.997862
-0.688000 0.997856
-0.684000 0.997849
-0.680000 0.997842
-0.676000 0.997835
-0.672000 0.997827
-0.668000 0.997818
-0.664000 0.997809
-0.660000 0.997799
-0.656000 0.997788
-0.652000 0.997777
-0.648000 0.997765
-0.644000 0.997752
-0.640000 0.997738
-0.636000 0.997724
-0.632000 0.997708
-0.628000 0.997692
-0.624000 0.997675
-0.620000 0.997657
-0.616000 0.997637
-0.612000 0.997617
-0.608000 0.997596
-0.604000 0.997573
-0.600000 0.997550
-0.596000 0.997525
-0.592000 0.997499
-0.588000 0.997472
-0.584000 0.997444
-0.580000 0.997414
-0.576000 0.997383
-0.572000 0.997351
-0.568000 0.997317
-0.564000 0.997282
-0.560000 0.997245
-0.556000 0.997208
-0.552000 0.997168
-0.548000 0.997128
-0.544000 0.997086
-0.540000 0.997042
-0.536000 0.996997
-0.532000 0.996951
-0.528000 0.996903
-0.524000 0.996853
-0.520000 0.996802
-0.516000 0.996750
-0.512000 0.996697
-0.508000 0.996642
-0.504000 0.996585
-0.500000 0.996527
-0.496000 0.996468
-0.492000 0.996408
-0.488000 0.996346
-0.484000 0.996283
-0.480000 0.996219
-0.476000 0.996153
-0.472000 0.996087
-0.468000 0.996019
-0.464000 0.995950
-0.460000 0.995881
-0.456000 0.995810
-0.452000 0.995738
-0.448000 0.995666
-0.444000 0.995593
-0.440000 0.995519
-0.436000 0.995444
-0.432000 0.995369
-0.428000 0.995293
-0.424000 0.995216
-0.420000 0.995139
-0.416000 0.995062
-0.412000 0.994984
-0.408000 0.994906
-0.404000 0.994828
-0.400000 0.994750
-0.396000 0.994672
-0.392000 0.994594
-0.388000 0.994515
-0.384000 0.994437
-0.380000 0.994359
-0.376000 0.994282
-0.372000 0.994205
-0.368000 0.994128
-0.364000 0.994051
-0.360000 0.993975
-0.356000 0.993899
-0.352000 0.993824
-0.348000 0.993750
-0.344000 0.993677
-0.340000 0.993604
-0.336000 0.993532
-0.332000 0.993461
-0.328000 0.993390
-0.324000 0.993321
-0.320000 0.993252
-0.316000 0.993185
-0.312000 0.993119
-0.308000 0.993053
-0.304000 0.992989
-0.300000 0.992926
-0.296000 0.992864
-0.292000 0.992803
-0.288000 0.992743
-0.284000 0.992685
-0.280000 0.992628
-0.276000 0.992572
-0.272000 0.992517
-0.268000 0.992463
-0.264000 0.992411
-0.260000 0.992360
-0.256000 0.992310
-0.252000 0.992262
-0.248000 0.992215
-0.244000 0.992169
-0.240000 0.992124
-0.236000 0.992081
-0.232000 0.992039
-0.228000 0.991998
-0.224000 0.991958
-0.220000 0.991920
-0.216000 0.991882
-0.212000 0.991846
-0.208000 0.991811
-0.204000 0.991778
-0.200000 0.991745
-0.196000 0.991713
-0.192000 0.991683
-0.188000 0.991654
-0.184000 0.991625
-0.180000 0.991598
-0.176000 0.991572
-0.172000 0.991546
-0.168000 0.991522
-0.164000 0.991499
-0.160000 0.991476
-0.156000 0.991455
-0.152000 0.991434
-0.148000 0.991414
-0.144000 0.991395
-0.140000 0.991377
-0.136000 0.991360
-0.132000 0.991343
-0.128000 0.991327
-0.124000 0.991312
-0.120000 0.991297
-0.116000 0.991283
-0.112000 0.991270
-0.108000 0.991257
-0.104000 0.991245
-0.100000 0.991234
-0.096000 0.991223
-0.092000 0.991213
-0.088000 0.991203
-0.084000 0.991193
-0.080000 0.991184
-0.076000 0.991176
-0.072000 0.991168
-0.068000 0.991160
-0.064000 0.991153
-0.060000 0.991146
-0.056000 0.991139
-0.052000 0.991133
-0.048000 0.991128
-0.044000 0.991122
-0.040000 0.991117
-0.036000 0.991112
-0.032000 0.991107
-0.028000 0.991103
-0.024000 0.991099
-0.020000 0.991095
-0.016000 0.991091
-0.012000 0.991088
-0.008000 0.991084
-0.004000 0.991081
0.000000 0.991078
0.004000 0.991076
0.008000 0.991073
0.012000 0.991071
0.016000 0.991069
0.020000 0.991066
0.024000 0.991064
0.028000 0.991063
0.032000 0.991061
0.036000 0.991059
0.040000 0.991058
0.044000 0.991056
0.048000 0.991055
0.052000 0.991054
0.056000 0.991052
0.060000 0.991051
0.064000 0.991050
0.068000 0.991049
0.072000 0.991048
0.076000 0.991048
0.080000 0.991047
0.084000 0.991046
0.088000 0.991045
0.092000 0.991045
0.096000 0.991044
0.100000 0.991044
0.104000 0.991043
0.108000 0.991043
0.112000 0.991042
0.116000 0.991042
0.120000 0.991042
0.124000 0.991041
0.128000 0.991041
0.132000 0.991041
0.136000 0.991040
0.140000 0.991040
0.144000 0.991040
0.148000 0.991040
0.152000 0.991039
0.156000 0.991039
0.160000 0.991039
0.164000 0.991039
0.168000 0.991039
0.172000 0.991039
0.176000 0.991038
0.180000 0.991038
0.184000 0.991038
0.188000 0.991038
0.192000 0.991038
0.196000 0.991038
0.200000 0.991038
0.204000 0.991038
0.208000 0.991038
0.212000 0.991038
0.216000 0.991038
0.220000 0.991038
0.224000 0.991038
0.228000 0.991037
0.232000 0.991037
0.236000 0.991037
0.240000 0.991037
0.244000 0.991037
0.248000 0.991037
0.252000 0.991037
0.256000 0.991037
0.260000 0.991037
0.264000 0.991037
0.268000 0.991037
0.272000 0.991037
0.276000 0.991037
0.280000 0.991037
0.284000 0.991037
0.288000 0.991037
0.292000 0.991037
0.296000 0.991037
0.300000 0.991037
0.304000 0.991037
0.308000 0.991037
0.312000 0.991037
0.316000 0.991037
0.320000 0.991037
0.324000 0.991037
0.328000 0.991037
0.332000 0.991037
0.336000 0.991037
0.340000 0.991037
0.344000 0.991037
0.348000 0.991037
0.352000 0.991037
0.356000 0.991037
0.360000 0.991037
0.364000 0.991037
0.368000 0.991037
0.372000 0.991037
0.376000 0.991037
0.380000 0.991037
0.384000 0.991037
0.388000 0.991037
0.392000 0.991037
0.396000 0.991037
0.400000 0.991037
0.404000 0.991037
0.408000 0.991037
0.412000 0.991037
0.416000 0.991037
0.420000 0.991037
0.424000 0.991037
0.428000 0.991037
0.432000 0.991037
0.436000 0.991037
0.440000 0.991037
0.444000 0.991037
0.448000 0.991037
0.452000 0.991037
0.456000 0.991037
0.460000 0.991037
0.464000 0.991037
0.468000 0.991037
0.472000 0.991037
0.476000 0.991037
0.480000 0.991037
0.484000 0.991037
0.488000 0.991037
0.492000 0.991037
0.496000 0.991037
0.500000 0.991037
0.504000 0.991037
0.508000 0.991037
0.512000 0.991037
0.516000 0.991037
0.520000 0.991037
0.524000 0.991037
0.528000 0.991037
0.532000 0.991037
0.536000 0.991037
0.540000 0.991037
0.544000 0.991037
0.548000 0.991037
0.552000 0.991037
0.556000 0.991037
0.560000 0.991037
0.564000 0.991037
0.568000 0.991037
0.572000 0.991037
0.576000 0.991037
0.580000 0.991037
0.584000 0.991037
0.588000 0.991037
0.592000 0.991037
0.596000 0.991037
0.600000 0.991037
0.604000 0.991037
0.608000 0.991037
0.612000 0.991037
0.616000 0.991037
0.620000 0.991037
0.624000 0.991037
0.628000 0.991037
0.632000 0.991037
0.636000 0.991037
0.640000 0.991037
0.644000 0.991037
0.648000 0.991037
0.652000 0.991037
0.656000 0.991037
0.660000 0.991037
0.664000 0.991037
0.668000 0.991037
0.672000 0.991037
0.676000 0.991037
0.680000 0.991037
0.684000 0.991037
0.688000 0.991037
0.692000 0.991037
0.696000 0.991037
0.700000 0.991037
0.704000 0.991037
0.708000 0.991037
0.712000 0.991037
0.716000 0.991037
0.720000 0.991037
0.724000 0.991037
0.728000 0.991037
0.732000 0.991037
0.736000 0.991037
0.740000 0.991037
0.744000 0.991037
0.748000 0.991037
0.752000 0.991037
0.756000 0.991037
0.760000 0.991037
0.764000 0.991037
0.768000 0.991037
0.772000 0.991037
0.776000 0.991037
0.780000 0.991037
0.784000 0.991037
0.788000 0.991037
0.792000 0.991037
0.796000 0.991037
0.800000 0.991037
0.804000 0.991037
0.808000 0.991037
0.812000 0.991037
0.816000 0.991037
0.820000 0.991037
0.824000 0.991037
0.828000 0.991037
0.832000 0.991037
0.836000 0.991037
0.840000 0.991037
0.844000 0.991037
0.848000 0.991037
0.852000 0.991037
0.856000 0.991037
0.860000 0.991037
0.864000 0.991037
0.868000 0.991037
0.872000 0.991037
0.876000 0.991037
0.880000 0.991037
0.884000 0.991037
0.888000 0.991037
0.892000 0.991037
0.896000 0.991037
0.900000 0.991037
0.904000 0.991037
0.908000 0.991037
0.912000 0.991037
0.916000 0.991037
0.920000 0.991037
0.924000 0.991037
0.928000 0.991037
0.932000 0.991037
0.936000 0.991037
0.940000 0.991037
0.944000 0.991037
0.948000 0.991037
0.952000 0.991037
0.956000 0.991037
0.960000 0.991037
0.964000 0.991037
0.968000 0.991037
0.972000 0.991037
0.976000 0.991037
0.980000 0.991037
0.984000 0.991037
0.988000 0.991037
0.992000 0.991037
0.996000 0.991037
1.000000 0.991037
