-1.000000 0.991037
-0.996000 0.991037
-0.992000 0.991037
-0.988000 0.991037
-0.984000 0.991037
-0.980000 0.991037
-0.976000 0.991037
-0.972000 0.991037
-0.968000 0.991037
-0.964000 0.991037
-0.960000 0.991037
-0.956000 0.991037
-0.952000 0.991037
-0.948000 0.991037
-0.944000 0.991037
-0.940000 0.991037
-0.936000 0.991037
-0.932000 0.991037
-0.928000 0.991037
-0.924000 0.991037
-0.920000 0.991037
-0.916000 0.991037
-0.912000 0.991037
-0.908000 0.991037
-0.904000 0.991037
-0.900000 0.991037
-0.896000 0.991037
-0.892000 0.991037
-0.888000 0.991037
-0.884000 0.991037
-0.880000 0.991037
-0.876000 0.991037
-0.872000 0.991037
-0.868000 0.991037
-0.864000 0.991037
-0.860000 0.991037
-0.856000 0.991037
-0.852000 0.991037
-0.848000 0.991037
-0.844000 0.991037
-0.840000 0.991037
-0.836000 0.991037
-0.832000 0.991037
-0.828000 0.991037
-0.824000 0.991037
-0.820000 0.991037
-0.816000 0.991037
-0.812000 0.991037
-0.808000 0.991037
-0.804000 0.991037
-0.800000 0.991037
-0.796000 0.991037
-0.792000 0.991037
-0.788000 0.991037
-0.784000 0.991037
-0.780000 0.991037
-0.776000 0.991037
-0.772000 0.991037
-0.768000 0.991037
-0.764000 0.991037
-0.760000 0.991037
-0.756000 0.991037
-0.752000 0.991037
-0.748000 0.991037
-0.744000 0.991037
-0.740000 0.991037
-0.736000 0.991037
-0.732000 0.991037
-0.728000 0.991037
-0.724000 0.991037
-0.720000 0.991037
-0.716000 0.991037
-0.712000 0.991037
-0.708000 0.991037
-0.704000 0.991037
-0.700000 0.991037
-0.696000 0.991037
-0.692000 0.991037
-0.688000 0.991037
-0.684000 0.991037
-0.680000 0.991037
-0.676000 0.991037
-0.672000 0.991037
-0.668000 0.991037
-0.664000 0.991037
-0.660000 0.991037
-0.656000 0.991037
-0.652000 0.991037
-0.648000 0.991037
-0.644000 0.991037
-0.640000 0.991037
-0.636000 0.991037
-0.632000 0.991037
-0.628000 0.991037
-0.624000 0.991037
-0.620000 0.991037
-0.616000 0.991037
-0.612000 0.991037
-0.608000 0.991037
-0.604000 0.991037
-0.600000 0.991037
-0.596000 0.991037
-0.592000 0.991037
-0.588000 0.991037
-0.584000 0.991037
-0.580000 0.991037
-0.576000 0.991037
-0.572000 0.991037
-0.568000 0.991037
-0.564000 0.991037
-0.560000 0.991037
-0.556000 0.991037
-0.552000 0.991037
-0.548000 0.991037
-0.544000 0.991037
-0.540000 0.991037
-0.536000 0.991037
-0.532000 0.991037
-0.528000 0.991037
-0.524000 0.991037
-0.520000 0.991037
-0.516000 0.991037
-0.512000 0.991037
-0.508000 0.991037
-0.504000 0.991037
-0.500000 0.991037
-0.496000 0.991037
-0.492000 0.991037
-0.488000 0.991037
-0.484000 0.991037
-0.480000 0.991037
-0.476000 0.991037
-0.472000 0.991037
-0.468000 0.991037
-0.464000 0.991037
-0.460000 0.991037
-0.456000 0.991037
-0.452000 0.991037
-0.448000 0.991037
-0.444000 0.991037
-0.440000 0.991037
-0.436000 0.991037
-0.432000 0.991037
-0.428000 0.991037
-0.424000 0.991037
-0.420000 0.991037
-0.416000 0.991037
-0.412000 0.991037
-0.408000 0.991037
-0.404000 0.991037
-0.400000 0.991037
-0.396000 0.991037
-0.392000 0.991037
-0.388000 0.991037
-0.384000 0.991037
-0.380000 0.991037
-0.376000 0.991037
-0.372000 0.991037
-0.368000 0.991037
-0.364000 0.991037
-0.360000 0.991037
-0.356000 0.991037
-0.352000 0.991037
-0.348000 0.991037
-0.344000 0.991037
-0.340000 0.991037
-0.336000 0.991037
-0.332000 0.991037
-0.328000 0.991037
-0.324000 0.991037
-0.320000 0.991037
-0.316000 0.991037
-0.312000 0.991037
-0.308000 0.991037
-0.304000 0.991037
-0.300000 0.991037
-0.296000 0.991037
-0.292000 0.991037
-0.288000 0.991037
-0.284000 0.991037
-0.280000 0.991037
-0.276000 0.991037
-0.272000 0.991037
-0.268000 0.991037
-0.264000 0.991037
-0.260000 0.991037
-0.256000 0.991037
-0.252000 0.991037
-0.248000 0.991037
-0.244000 0.991037
-0.240000 0.991038
-0.236000 0.991038
-0.232000 0.991038
-0.228000 0.991038
-0.224000 0.991038
-0.220000 0.991038
-0.216000 0.991038
-0.212000 0.991038
-0.208000 0.991038
-0.204000 0.991038
-0.200000 0.991038
-0.196000 0.991038
-0.192000 0.991038
-0.188000 0.991038
-0.184000 0.991039
-0.180000 0.991039
-0.176000 0.991039
-0.172000 0.991039
-0.168000 0.991039
-0.164000 0.991039
-0.160000 0.991039
-0.156000 0.991040
-0.152000 0.991040
-0.148000 0.991040
-0.144000 0.991040
-0.140000 0.991040
-0.136000 0.991041
-0.132000 0.991041
-0.128000 0.991041
-0.124000 0.991041
-0.120000 0.991042
-0.116000 0.991042
-0.112000 0.991042
-0.108000 0.991043
-0.104000 0.991043
-0.100000 0.991044
-0.096000 0.991044
-0.092000 0.991044
-0.088000 0.991045
-0.084000 0.991045
-0.080000 0.991046
-0.076000 0.991047
-0.072000 0.991047
-0.068000 0.991048
-0.064000 0.991048
-0.060000 0.991049
-0.056000 0.991050
-0.052000 0.991051
-0.048000 0.991052
-0.044000 0.991052
-0.040000 0.991053
-0.036000 0.991054
-0.032000 0.991055
-0.028000 0.991056
-0.024000 0.991058
-0.020000 0.991059
-0.016000 0.991060
-0.012000 0.991061
-0.008000 0.991063
-0.004000 0.991064
0.000000 0.991066
0.004000 0.991067
0.008000 0.991069
0.012000 0.991071
0.016000 0.991072
0.020000 0.991074
0.024000 0.991076
0.028000 0.991078
0.032000 0.991080
0.036000 0.991083
0.040000 0.991085
0.044000 0.991088
0.048000 0.991090
0.052000 0.991093
0.056000 0.991096
0.060000 0.991098
0.064000 0.991101
0.068000 0.991105
0.072000 0.991108
0.076000 0.991111
0.080000 0.991115
0.084000 0.991118
0.088000 0.991122
0.092000 0.991126
0.096000 0.991130
0.100000 0.991135
0.104000 0.991139
0.108000 0.991144
0.112000 0.991148
0.116000 0.991153
0.120000 0.991158
0.124000 0.991164
0.128000 0.991169
0.132000 0.991175
0.136000 0.991181
0.140000 0.991187
0.144000 0.991193
0.148000 0.991199
0.152000 0.991206
0.156000 0.991213
0.160000 0.991220
0.164000 0.991227
0.168000 0.991235
0.172000 0.991243
0.176000 0.991251
0.180000 0.991259
0.184000 0.991267
0.188000 0.991276
0.192000 0.991285
0.196000 0.991294
0.200000 0.991304
0.204000 0.991314
0.208000 0.991324
0.212000 0.991334
0.216000 0.991344
0.220000 0.991355
0.224000 0.991366
0.228000 0.991378
0.232000 0.991389
0.236000 0.991401
0.240000 0.991413
0.244000 0.991426
0.248000 0.991439
0.252000 0.991452
0.256000 0.991465
0.260000 0.991479
0.264000 0.991493
0.268000 0.991507
0.272000 0.991522
0.276000 0.991536
0.280000 0.991552
0.284000 0.991567
0.288000 0.991583
0.292000 0.991599
0.296000 0.991615
0.300000 0.991632
0.304000 0.991649
0.308000 0.991666
0.312000 0.991684
0.316000 0.991701
0.320000 0.991720
0.324000 0.991738
0.328000 0.991757
0.332000 0.991776
0.336000 0.991795
0.340000 0.991815
0.344000 0.991835
0.348000 0.991855
0.352000 0.991875
0.356000 0.991896
0.360000 0.991917
0.364000 0.991938
0.368000 0.991960
0.372000 0.991982
0.376000 0.992004
0.380000 0.992026
0.384000 0.992049
0.388000 0.992071
0.392000 0.992095
0.396000 0.992118
0.400000 0.992141
0.404000 0.992165
0.408000 0.992189
0.412000 0.992213
0.416000 0.992237
0.420000 0.992262
0.424000 0.992287
0.428000 0.992312
0.432000 0.992337
0.436000 0.992362
0.440000 0.992388
0.444000 0.992413
0.448000 0.992439
0.452000 0.992465
0.456000 0.992491
0.460000 0.992517
0.464000 0.992543
0.468000 0.992570
0.472000 0.992596
0.476000 0.992623
0.480000 0.992649
0.484000 0.992676
0.488000 0.992703
0.492000 0.992730
0.496000 0.992757
0.500000 0.992784
0.504000 0.992811
0.508000 0.992838
0.512000 0.992865
0.516000 0.992892
0.520000 0.992919
0.524000 0.992946
0.528000 0.992973
0.532000 0.993000
0.536000 0.993027
0.540000 0.993054
0.544000 0.993081
0.548000 0.993107
0.552000 0.993134
0.556000 0.993161
0.560000 0.993188
0.564000 0.993214
0.568000 0.993241
0.572000 0.993267
0.576000 0.993293
0.580000 0.993319
0.584000 0.993345
0.588000 0.993371
0.592000 0.993397
0.596000 0.993422
0.600000 0.993448
0.604000 0.993473
0.608000 0.993498
0.612000 0.993523
0.616000 0.993548
0.620000 0.993573
0.624000 0.993597
0.628000 0.993621
0.632000 0.993645
0.636000 0.993669
0.640000 0.993692
0.644000 0.993716
0.648000 0.993739
0.652000 0.993762
0.656000 0.993785
0.660000 0.993807
0.664000 0.993829
0.668000 0.993851
0.672000 0.993873
0.676000 0.993894
0.680000 0.993916
0.684000 0.993937
0.688000 0.993957
0.692000 0.993978
0.696000 0.993998
0.700000 0.994018
0.704000 0.994038
0.708000 0.994057
0.712000 0.994076
0.716000 0.994095
0.720000 0.994114
0.724000 0.994132
0.728000 0.994150
0.732000 0.994168
0.736000 0.994185
0.740000 0.994202
0.744000 0.994219
0.748000 0.994236
0.752000 0.994252
0.756000 0.994268
0.760000 0.994284
0.764000 0.994300
0.768000 0.994315
0.772000 0.994330
0.776000 0.994345
0.780000 0.994359
0.784000 0.994373
0.788000 0.994387
0.792000 0.994401
0.796000 0.994414
0.800000 0.994427
0.804000 0.994440
0.808000 0.994453
0.812000 0.994465
0.816000 0.994477
0.820000 0.994489
0.824000 0.994500
0.828000 0.994512
0.832000 0.994523
0.836000 0.994534
0.840000 0.994544
0.844000 0.994554
0.848000 0.994565
0.852000 0.994574
0.856000 0.994584
0.860000 0.994593
0.864000 0.994603
0.868000 0.994612
0.872000 0.994620
0.876000 0.994629
0.880000 0.994637
0.884000 0.994645
0.888000 0.994653
0.892000 0.994661
0.896000 0.994668
0.900000 0.994676
0.904000 0.994683
0.908000 0.994690
0.912000 0.994696
0.916000 0.994703
0.920000 0.994709
0.924000 0.994715
0.928000 0.994721
0.932000 0.994727
0.936000 0.994733
0.940000 0.994738
0.944000 0.994744
0.948000 0.994749
0.952000 0.994754
0.956000 0.994759
0.960000 0.994764
0.964000 0.994769
0.968000 0.994773
0.972000 0.994778
0.976000 0.994783
0.980000 0.994788
0.984000 0.994793
0.988000 0.994798
0.992000 0.994805
0.996000 0.994812
1.000000 0.994820
