-1.000000 0.991037
-0.996000 0.991037
-0.992000 0.991037
-0.988000 0.991037
-0.984000 0.991037
-0.980000 0.991037
-0.976000 0.991037
-0.972000 0.991037
-0.968000 0.991037
-0.964000 0.991037
-0.960000 0.991037
-0.956000 0.991037
-0.952000 0.991037
-0.948000 0.991037
-0.944000 0.991037
-0.940000 0.991037
-0.936000 0.991037
-0.932000 0.991037
-0.928000 0.991037
-0.924000 0.991037
-0.920000 0.991037
-0.916000 0.991037
-0.912000 0.991037
-0.908000 0.991037
-0.904000 0.991037
-0.900000 0.991037
-0.896000 0.991037
-0.892000 0.991037
-0.888000 0.991037
-0.884000 0.991037
-0.880000 0.991037
-0.876000 0.991037
-0.872000 0.991037
-0.868000 0.991037
-0.864000 0.991037
-0.860000 0.991037
-0.856000 0.991037
-0.852000 0.991037
-0.848000 0.991037
-0.844000 0.991037
-0.840000 0.991037
-0.836000 0.991037
-0.832000 0.991037
-0.828000 0.991037
-0.824000 0.991037
-0.820000 0.991037
-0.816000 0.991037
-0.812000 0.991037
-0.808000 0.991037
-0.804000 0.991037
-0.800000 0.991037
-0.796000 0.991037
-0.792000 0.991037
-0.788000 0.991037
-0.784000 0.991037
-0.780000 0.991037
-0.776000 0.991037
-0.772000 0.991037
-0.768000 0.991037
-0.764000 0.991037
-0.760000 0.991037
-0.756000 0.991037
-0.752000 0.991037
-0.748000 0.991037
-0.744000 0.991037
-0.740000 0.991037
-0.736000 0.991037
-0.732000 0.991037
-0.728000 0.991037
-0.724000 0.991037
-0.720000 0.991037
-0.716000 0.991037
-0.712000 0.991037
-0.708000 0.991037
-0.704000 0.991037
-0.700000 0.991037
-0.696000 0.991037
-0.692000 0.991037
-0.688000 0.991037
-0.684000 0.991037
-0.680000 0.991037
-0.676000 0.991037
-0.672000 0.991037
-0.668000 0.991037
-0.664000 0.991037
-0.660000 0.991037
-0.656000 0.991037
-0.652000 0.991037
-0.648000 0.991037
-0.644000 0.991037
-0.640000 0.991037
-0.636000 0.991037
-0.632000 0.991037
-0.628000 0.991037
-0.624000 0.991037
-0.620000 0.991037
-0.616000 0.991037
-0.612000 0.991037
-0.608000 0.991037
-0.604000 0.991037
-0.600000 0.991037
-0.596000 0.991037
-0.592000 0.991037
-0.588000 0.991037
-0.584000 0.991037
-0.580000 0.991037
-0.576000 0.991037
-0.572000 0.991037
-0.568000 0.991037
-0.564000 0.991037
-0.560000 0.991037
-0.556000 0.991037
-0.552000 0.991037
-0.548000 0.991037
-0.544000 0.991037
-0.540000 0.991037
-0.536000 0.991037
-0.532000 0.991037
-0.528000 0.991037
-0.524000 0.991037
-0.520000 0.991038
-0.516000 0.991038
-0.512000 0.991038
-0.508000 0.991038
-0.504000 0.991038
-0.500000 0.991038
-0.496000 0.991038
-0.492000 0.991038
-0.488000 0.991038
-0.484000 0.991038
-0.480000 0.991038
-0.476000 0.991038
-0.472000 0.991039
-0.468000 0.991039
-0.464000 0.991039
-0.460000 0.991039
-0.456000 0.991039
-0.452000 0.991039
-0.448000 0.991040
-0.444000 0.991040
-0.440000 0.991040
-0.436000 0.991040
-0.432000 0.991041
-0.428000 0.991041
-0.424000 0.991041
-0.420000 0.991042
-0.416000 0.991042
-0.412000 0.991042
-0.408000 0.991043
-0.404000 0.991043
-0.400000 0.991044
-0.396000 0.991044
-0.392000 0.991045
-0.388000 0.991046
-0.384000 0.991046
-0.380000 0.991047
-0.376000 0.991048
-0.372000 0.991048
-0.368000 0.991049
-0.364000 0.991050
-0.360000 0.991051
-0.356000 0.991052
-0.352000 0.991053
-0.348000 0.991054
-0.344000 0.991056
-0.340000 0.991057
-0.336000 0.991058
-0.332000 0.991060
-0.328000 0.991061
-0.324000 0.991063
-0.320000 0.991065
-0.316000 0.991067
-0.312000 0.991069
-0.308000 0.991071
-0.304000 0.991073
-0.300000 0.991075
-0.296000 0.991077
-0.292000 0.991080
-0.288000 0.991083
-0.284000 0.991085
-0.280000 0.991088
-0.276000 0.991091
-0.272000 0.991095
-0.268000 0.991098
-0.264000 0.991102
-0.260000 0.991105
-0.256000 0.991109
-0.252000 0.991113
-0.248000 0.991118
-0.244000 0.991122
-0.240000 0.991127
-0.236000 0.991132
-0.232000 0.991137
-0.228000 0.991142
-0.224000 0.991148
-0.220000 0.991154
-0.216000 0.991160
-0.212000 0.991166
-0.208000 0.991173
-0.204000 0.991180
-0.200000 0.991187
-0.196000 0.991194
-0.192000 0.991202
-0.188000 0.991210
-0.184000 0.991218
-0.180000 0.991227
-0.176000 0.991235
-0.172000 0.991245
-0.168000 0.991254
-0.164000 0.991264
-0.160000 0.991274
-0.156000 0.991285
-0.152000 0.991296
-0.148000 0.991307
-0.144000 0.991318
-0.140000 0.991330
-0.136000 0.991343
-0.132000 0.991356
-0.128000 0.991369
-0.124000 0.991382
-0.120000 0.991396
-0.116000 0.991410
-0.112000 0.991425
-0.108000 0.991440
-0.104000 0.991455
-0.100000 0.991471
-0.096000 0.991487
-0.092000 0.991504
-0.088000 0.991521
-0.084000 0.991539
-0.080000 0.991557
-0.076000 0.991575
-0.072000 0.991594
-0.068000 0.991613
-0.064000 0.991632
-0.060000 0.991652
-0.056000 0.991673
-0.052000 0.991694
-0.048000 0.991715
-0.044000 0.991736
-0.040000 0.991758
-0.036000 0.991781
-0.032000 0.991804
-0.028000 0.991827
-0.024000 0.991850
-0.020000 0.991874
-0.016000 0.991899
-0.012000 0.991923
-0.008000 0.991948
-0.004000 0.991974
0.000000 0.992000
0.004000 0.992026
0.008000 0.992052
0.012000 0.992079
0.016000 0.992106
0.020000 0.992134
0.024000 0.992161
0.028000 0.992189
0.032000 0.992218
0.036000 0.992246
0.040000 0.992275
0.044000 0.992304
0.048000 0.992334
0.052000 0.992363
0.056000 0.992393
0.060000 0.992423
0.064000 0.992453
0.068000 0.992484
0.072000 0.992514
0.076000 0.992545
0.080000 0.992576
0.084000 0.992607
0.088000 0.992638
0.092000 0.992669
0.096000 0.992700
0.100000 0.992732
0.104000 0.992763
0.108000 0.992795
0.112000 0.992826
0.116000 0.992858
0.120000 0.992889
0.124000 0.992921
0.128000 0.992952
0.132000 0.992984
0.136000 0.993015
0.140000 0.993047
0.144000 0.993078
0.148000 0.993110
0.152000 0.993141
0.156000 0.993172
0.160000 0.993203
0.164000 0.993234
0.168000 0.993264
0.172000 0.993295
0.176000 0.993325
0.180000 0.993356
0.184000 0.993386
0.188000 0.993416
0.192000 0.993445
0.196000 0.993475
0.200000 0.993504
0.204000 0.993533
0.208000 0.993562
0.212000 0.993590
0.216000 0.993618
0.220000 0.993646
0.224000 0.993674
0.228000 0.993701
0.232000 0.993728
0.236000 0.993755
0.240000 0.993781
0.244000 0.993807
0.248000 0.993833
0.252000 0.993859
0.256000 0.993884
0.260000 0.993908
0.264000 0.993933
0.268000 0.993957
0.272000 0.993981
0.276000 0.994004
0.280000 0.994027
0.284000 0.994050
0.288000 0.994072
0.292000 0.994094
0.296000 0.994115
0.300000 0.994137
0.304000 0.994157
0.308000 0.994178
0.312000 0.994198
0.316000 0.994218
0.320000 0.994237
0.324000 0.994256
0.328000 0.994274
0.332000 0.994293
0.336000 0.994310
0.340000 0.994328
0.344000 0.994345
0.348000 0.994361
0.352000 0.994378
0.356000 0.994394
0.360000 0.994409
0.364000 0.994425
0.368000 0.994439
0.372000 0.994454
0.376000 0.994468
0.380000 0.994482
0.384000 0.994496
0.388000 0.994509
0.392000 0.994522
0.396000 0.994534
0.400000 0.994546
0.404000 0.994558
0.408000 0.994570
0.412000 0.994581
0.416000 0.994592
0.420000 0.994602
0.424000 0.994613
0.428000 0.994623
0.432000 0.994632
0.436000 0.994642
0.440000 0.994651
0.444000 0.994660
0.448000 0.994669
0.452000 0.994677
0.456000 0.994685
0.460000 0.994693
0.464000 0.994701
0.468000 0.994708
0.472000 0.994715
0.476000 0.994722
0.480000 0.994729
0.484000 0.994735
0.488000 0.994741
0.492000 0.994747
0.496000 0.994753
0.500000 0.994759
0.504000 0.994764
0.508000 0.994770
0.512000 0.994775
0.516000 0.994780
0.520000 0.994784
0.524000 0.994789
0.528000 0.994793
0.532000 0.994797
0.536000 0.994801
0.540000 0.994805
0.544000 0.994809
0.548000 0.994813
0.552000 0.994816
0.556000 0.994820
0.560000 0.994823
0.564000 0.994826
0.568000 0.994829
0.572000 0.994832
0.576000 0.994835
0.580000 0.994837
0.584000 0.994840
0.588000 0.994842
0.592000 0.994844
0.596000 0.994847
0.600000 0.994849
0.604000 0.994851
0.608000 0.994853
0.612000 0.994855
0.616000 0.994856
0.620000 0.994858
0.624000 0.994860
0.628000 0.994861
0.632000 0.994863
0.636000 0.994864
0.640000 0.994866
0.644000 0.994867
0.648000 0.994868
0.652000 0.994869
0.656000 0.994871
0.660000 0.994872
0.664000 0.994873
0.668000 0.994874
0.672000 0.994875
0.676000 0.994876
0.680000 0.994876
0.684000 0.994877
0.688000 0.994878
0.692000 0.994879
0.696000 0.994879
0.700000 0.994880
0.704000 0.994881
0.708000 0.994881
0.712000 0.994882
0.716000 0.994882
0.720000 0.994883
0.724000 0.994883
0.728000 0.994884
0.732000 0.994884
0.736000 0.994885
0.740000 0.994885
0.744000 0.994886
0.748000 0.994886
0.752000 0.994886
0.756000 0.994887
0.760000 0.994887
0.764000 0.994887
0.768000 0.994887
0.772000 0.994888
0.776000 0.994888
0.780000 0.994888
0.784000 0.994888
0.788000 0.994889
0.792000 0.994889
0.796000 0.994889
0.800000 0.994889
0.804000 0.994889
0.808000 0.994890
0.812000 0.994890
0.816000 0.994890
0.820000 0.994890
0.824000 0.994890
0.828000 0.994890
0.832000 0.994890
0.836000 0.994890
0.840000 0.994890
0.844000 0.994891
0.848000 0.994891
0.852000 0.994891
0.856000 0.994891
0.860000 0.994891
0.864000 0.994891
0.868000 0.994891
0.872000 0.994891
0.876000 0.994891
0.880000 0.994891
0.884000 0.994891
0.888000 0.994891
0.892000 0.994891
0.896000 0.994891
0.900000 0.994891
0.904000 0.994891
0.908000 0.994892
0.912000 0.994892
0.916000 0.994892
0.920000 0.994892
0.924000 0.994892
0.928000 0.994892
0.932000 0.994892
0.936000 0.994892
0.940000 0.994892
0.944000 0.994892
0.948000 0.994892
0.952000 0.994892
0.956000 0.994892
0.960000 0.994892
0.964000 0.994892
0.968000 0.994892
0.972000 0.994892
0.976000 0.994892
0.980000 0.994892
0.984000 0.994892
0.988000 0.994892
0.992000 0.994892
0.996000 0.994892
1.000000 0.994892
