-1.000000 0.992919
-0.996000 0.992920
-0.992000 0.992922
-0.988000 0.992925
-0.984000 0.992928
-0.980000 0.992932
-0.976000 0.992938
-0.972000 0.992944
-0.968000 0.992952
-0.964000 0.992961
-0.960000 0.992972
-0.956000 0.992986
-0.952000 0.993001
-0.948000 0.993019
-0.944000 0.993040
-0.940000 0.993064
-0.936000 0.993091
-0.932000 0.993122
-0.928000 0.993157
-0.924000 0.993195
-0.920000 0.993238
-0.916000 0.993286
-0.912000 0.993338
-0.908000 0.993396
-0.904000 0.993458
-0.900000 0.993526
-0.896000 0.993599
-0.892000 0.993677
-0.888000 0.993761
-0.884000 0.993850
-0.880000 0.993945
-0.876000 0.994044
-0.872000 0.994149
-0.868000 0.994259
-0.864000 0.994374
-0.860000 0.994493
-0.856000 0.994617
-0.852000 0.994745
-0.848000 0.994876
-0.844000 0.995011
-0.840000 0.995149
-0.836000 0.995289
-0.832000 0.995431
-0.828000 0.995576
-0.824000 0.995721
-0.820000 0.995868
-0.816000 0.996015
-0.812000 0.996163
-0.808000 0.996310
-0.804000 0.996456
-0.800000 0.996602
-0.796000 0.996746
-0.792000 0.996888
-0.788000 0.997028
-0.784000 0.997166
-0.780000 0.997301
-0.776000 0.997434
-0.772000 0.997563
-0.768000 0.997689
-0.764000 0.997811
-0.760000 0.997930
-0.756000 0.998045
-0.752000 0.998156
-0.748000 0.998263
-0.744000 0.998366
-0.740000 0.998465
-0.736000 0.998560
-0.732000 0.998650
-0.728000 0.998737
-0.724000 0.998820
-0.720000 0.998898
-0.716000 0.998973
-0.712000 0.999043
-0.708000 0.999110
-0.704000 0.999173
-0.700000 0.999233
-0.696000 0.999289
-0.692000 0.999342
-0.688000 0.999392
-0.684000 0.999438
-0.680000 0.999482
-0.676000 0.999522
-0.672000 0.999560
-0.668000 0.999596
-0.664000 0.999629
-0.660000 0.999659
-0.656000 0.999688
-0.652000 0.999714
-0.648000 0.999739
-0.644000 0.999761
-0.640000 0.999782
-0.636000 0.999801
-0.632000 0.999819
-0.628000 0.999835
-0.624000 0.999850
-0.620000 0.999864
-0.616000 0.999877
-0.612000 0.999888
-0.608000 0.999899
-0.604000 0.999908
-0.600000 0.999917
-0.596000 0.999925
-0.592000 0.999932
-0.588000 0.999939
-0.584000 0.999945
-0.580000 0.999951
-0.576000 0.999956
-0.572000 0.999960
-0.568000 0.999964
-0.564000 0.999968
-0.560000 0.999971
-0.556000 0.999974
-0.552000 0.999977
-0.548000 0.999979
-0.544000 0.999982
-0.540000 0.999984
-0.536000 0.999985
-0.532000 0.999987
-0.528000 0.999988
-0.524000 0.999990
-0.520000 0.999991
-0.516000 0.999992
-0.512000 0.999993
-0.508000 0.999994
-0.504000 0.999994
-0.500000 0.999995
-0.496000 0.999995
-0.492000 0.999996
-0.488000 0.999996
-0.484000 0.999997
-0.480000 0.999997
-0.476000 0.999998
-0.472000 0.999998
-0.468000 0.999998
-0.464000 0.999998
-0.460000 0.999999
-0.456000 0.999999
-0.452000 0.999999
-0.448000 0.999999
-0.444000 0.999999
-0.440000 0.999999
-0.436000 0.999999
-0.432000 0.999999
-0.428000 0.999999
-0.424000 1.000000
-0.420000 1.000000
-0.416000 1.000000
-0.412000 1.000000
-0.408000 1.000000
-0.404000 1.000000
-0.400000 1.000000
-0.396000 1.000000
-0.392000 1.000000
-0.388000 1.000000
-0.384000 1.000000
-0.380000 1.000000
-0.376000 1.000000
-0.372000 1.000000
-0.368000 1.000000
-0.364000 1.000000
-0.360000 1.000000
-0.356000 1.000000
-0.352000 1.000000
-0.348000 1.000000
-0.344000 1.000000
-0.340000 1.000000
-0.336000 1.000000
-0.332000 1.000000
-0.328000 1.000000
-0.324000 1.000000
-0.320000 1.000000
-0.316000 1.000000
-0.312000 1.000000
-0.308000 1.000000
-0.304000 1.000000
-0.300000 1.000000
-0.296000 1.000000
-0.292000 1.000000
-0.288000 1.000000
-0.284000 1.000000
-0.280000 1.000000
-0.276000 1.000000
-0.272000 1.000000
-0.268000 1.000000
-0.264000 1.000000
-0.260000 1.000000
-0.256000 1.000000
-0.252000 1.000000
-0.248000 1.000000
-0.244000 1.000000
-0.240000 1.000000
-0.236000 1.000000
-0.232000 1.000000
-0.228000 1.000000
-0.224000 1.000000
-0.220000 1.000000
-0.216000 1.000000
-0.212000 1.000000
-0.208000 1.000000
-0.204000 1.000000
-0.200000 1.000000
-0.196000 1.000000
-0.192000 1.000000
-0.188000 1.000000
-0.184000 1.000000
-0.180000 1.000000
-0.176000 1.000000
-0.172000 1.000000
-0.168000 1.000000
-0.164000 1.000000
-0.160000 1.000000
-0.156000 1.000000
-0.152000 1.000000
-0.148000 1.000000
-0.144000 1.000000
-0.140000 1.000000
-0.136000 1.000000
-0.132000 1.000000
-0.128000 1.000000
-0.124000 1.000000
-0.120000 1.000000
-0.116000 1.000000
-0.112000 1.000000
-0.108000 1.000000
-0.104000 1.000000
-0.100000 1.000000
-0.096000 1.000000
-0.092000 1.000000
-0.088000 1.000000
-0.084000 1.000000
-0.080000 1.000000
-0.076000 1.000000
-0.072000 1.000000
-0.068000 1.000000
-0.064000 1.000000
-0.060000 1.000000
-0.056000 1.000000
-0.052000 1.000000
-0.048000 1.000000
-0.044000 1.000000
-0.040000 1.000000
-0.036000 1.000000
-0.032000 1.000000
-0.028000 1.000000
-0.024000 1.000000
-0.020000 1.000000
-0.016000 1.000000
-0.012000 1.000000
-0.008000 1.000000
-0.004000 1.000000
0.000000 1.000000
0.004000 1.000000
0.008000 1.000000
0.012000 1.000000
0.016000 1.000000
0.020000 1.000000
0.024000 1.000000
0.028000 1.000000
0.032000 1.000000
0.036000 1.000000
0.040000 1.000000
0.044000 1.000000
0.048000 1.000000
0.052000 1.000000
0.056000 1.000000
0.060000 1.000000
0.064000 1.000000
0.068000 1.000000
0.072000 1.000000
0.076000 1.000000
0.080000 1.000000
0.084000 1.000000
0.088000 1.000000
0.092000 1.000000
0.096000 1.000000
0.100000 1.000000
0.104000 1.000000
0.108000 1.000000
0.112000 1.000000
0.116000 1.000000
0.120000 1.000000
0.124000 1.000000
0.128000 1.000000
0.132000 1.000000
0.136000 1.000000
0.140000 1.000000
0.144000 1.000000
0.148000 1.000000
0.152000 1.000000
0.156000 1.000000
0.160000 1.000000
0.164000 1.000000
0.168000 1.000000
0.172000 1.000000
0.176000 1.000000
0.180000 1.000000
0.184000 1.000000
0.188000 1.000000
0.192000 1.000000
0.196000 1.000000
0.200000 1.000000
0.204000 1.000000
0.208000 1.000000
0.212000 1.000000
0.216000 1.000000
0.220000 1.000000
0.224000 1.000000
0.228000 1.000000
0.232000 1.000000
0.236000 1.000000
0.240000 1.000000
0.244000 1.000000
0.248000 1.000000
0.252000 1.000000
0.256000 1.000000
0.260000 1.000000
0.264000 1.000000
0.268000 1.000000
0.272000 1.000000
0.276000 1.000000
0.280000 1.000000
0.284000 1.000000
0.288000 1.000000
0.292000 1.000000
0.296000 1.000000
0.300000 1.000000
0.304000 1.000000
0.308000 1.000000
0.312000 1.000000
0.316000 1.000000
0.320000 1.000000
0.324000 1.000000
0.328000 1.000000
0.332000 1.000000
0.336000 1.000000
0.340000 1.000000
0.344000 1.000000
0.348000 1.000000
0.352000 1.000000
0.356000 1.000000
0.360000 1.000000
0.364000 1.000000
0.368000 1.000000
0.372000 1.000000
0.376000 1.000000
0.380000 1.000000
0.384000 1.000000
0.388000 1.000000
0.392000 1.000000
0.396000 1.000000
0.400000 1.000000
0.404000 1.000000
0.408000 1.000000
0.412000 1.000000
0.416000 1.000000
0.420000 1.000000
0.424000 1.000000
0.428000 1.000000
0.432000 1.000000
0.436000 1.000000
0.440000 1.000000
0.444000 1.000000
0.448000 1.000000
0.452000 1.000000
0.456000 1.000000
0.460000 1.000000
0.464000 1.000000
0.468000 1.000000
0.472000 1.000000
0.476000 1.000000
0.480000 1.000000
0.484000 1.000000
0.488000 1.000000
0.492000 1.000000
0.496000 1.000000
0.500000 1.000000
0.504000 1.000000
0.508000 1.000000
0.512000 1.000000
0.516000 1.000000
0.520000 1.000000
0.524000 1.000000
0.528000 1.000000
0.532000 1.000000
0.536000 1.000000
0.540000 1.000000
0.544000 1.000000
0.548000 1.000000
0.552000 1.000000
0.556000 1.000000
0.560000 1.000000
0.564000 1.000000
0.568000 1.000000
0.572000 1.000000
0.576000 1.000000
0.580000 1.000000
0.584000 1.000000
0.588000 1.000000
0.592000 1.000000
0.596000 1.000000
0.600000 1.000000
0.604000 1.000000
0.608000 1.000000
0.612000 1.000000
0.616000 1.000000
0.620000 1.000000
0.624000 1.000000
0.628000 1.000000
0.632000 1.000000
0.636000 1.000000
0.640000 1.000000
0.644000 1.000000
0.648000 1.000000
0.652000 1.000000
0.656000 1.000000
0.660000 1.000000
0.664000 1.000000
0.668000 1.000000
0.672000 1.000000
0.676000 1.000000
0.680000 1.000000
0.684000 1.000000
0.688000 1.000000
0.692000 1.000000
0.696000 1.000000
0.700000 1.000000
0.704000 1.000000
0.708000 1.000000
0.712000 1.000000
0.716000 1.000000
0.720000 1.000000
0.724000 1.000000
0.728000 1.000000
0.732000 1.000000
0.736000 1.000000
0.740000 1.000000
0.744000 1.000000
0.748000 1.000000
0.752000 1.000000
0.756000 1.000000
0.760000 1.000000
0.764000 1.000000
0.768000 1.000000
0.772000 1.000000
0.776000 1.000000
0.780000 1.000000
0.784000 1.000000
0.788000 1.000000
0.792000 1.000000
0.796000 1.000000
0.800000 1.000000
0.804000 1.000000
0.808000 1.000000
0.812000 1.000000
0.816000 1.000000
0.820000 1.000000
0.824000 1.000000
0.828000 1.000000
0.832000 1.000000
0.836000 1.000000
0.840000 1.000000
0.844000 1.000000
0.848000 1.000000
0.852000 1.000000
0.856000 1.000000
0.860000 1.000000
0.864000 1.000000
0.868000 1.000000
0.872000 1.000000
0.876000 1.000000
0.880000 1.000000
0.884000 1.000000
0.888000 1.000000
0.892000 1.000000
0.896000 1.000000
0.900000 1.000000
0.904000 1.000000
0.908000 1.000000
0.912000 1.000000
0.916000 1.000000
0.920000 1.000000
0.924000 1.000000
0.928000 1.000000
0.932000 1.000000
0.936000 1.000000
0.940000 1.000000
0.944000 1.000000
0.948000 1.000000
0.952000 1.000000
0.956000 1.000000
0.960000 1.000000
0.964000 1.000000
0.968000 1.000000
0.972000 1.000000
0.976000 1.000000
0.980000 1.000000
0.984000 1.000000
0.988000 1.000000
0.992000 1.000000
0.996000 1.000000
1.000000 1.000000
