-1.000000 0.992919
-0.996000 0.992919
-0.992000 0.992919
-0.988000 0.992919
-0.984000 0.992919
-0.980000 0.992919
-0.976000 0.992919
-0.972000 0.992919
-0.968000 0.992919
-0.964000 0.992919
-0.960000 0.992919
-0.956000 0.992919
-0.952000 0.992919
-0.948000 0.992919
-0.944000 0.992919
-0.940000 0.992919
-0.936000 0.992919
-0.932000 0.992919
-0.928000 0.992919
-0.924000 0.992919
-0.920000 0.992919
-0.916000 0.992919
-0.912000 0.992919
-0.908000 0.992919
-0.904000 0.992919
-0.900000 0.992919
-0.896000 0.992919
-0.892000 0.992919
-0.888000 0.992919
-0.884000 0.992919
-0.880000 0.992919
-0.876000 0.992919
-0.872000 0.992919
-0.868000 0.992919
-0.864000 0.992919
-0.860000 0.992919
-0.856000 0.992919
-0.852000 0.992919
-0.848000 0.992919
-0.844000 0.992919
-0.840000 0.992919
-0.836000 0.992919
-0.832000 0.992919
-0.828000 0.992919
-0.824000 0.992919
-0.820000 0.992919
-0.816000 0.992919
-0.812000 0.992919
-0.808000 0.992919
-0.804000 0.992919
-0.800000 0.992919
-0.796000 0.992919
-0.792000 0.992919
-0.788000 0.992919
-0.784000 0.992919
-0.780000 0.992919
-0.776000 0.992919
-0.772000 0.992919
-0.768000 0.992919
-0.764000 0.992919
-0.760000 0.992919
-0.756000 0.992919
-0.752000 0.992919
-0.748000 0.992919
-0.744000 0.992919
-0.740000 0.992919
-0.736000 0.992919
-0.732000 0.992919
-0.728000 0.992919
-0.724000 0.992919
-0.720000 0.992919
-0.716000 0.992919
-0.712000 0.992919
-0.708000 0.992919
-0.704000 0.992919
-0.700000 0.992919
-0.696000 0.992919
-0.692000 0.992919
-0.688000 0.992919
-0.684000 0.992919
-0.680000 0.992919
-0.676000 0.992919
-0.672000 0.992919
-0.668000 0.992919
-0.664000 0.992919
-0.660000 0.992919
-0.656000 0.992919
-0.652000 0.992919
-0.648000 0.992919
-0.644000 0.992919
-0.640000 0.992919
-0.636000 0.992919
-0.632000 0.992919
-0.628000 0.992919
-0.624000 0.992919
-0.620000 0.992919
-0.616000 0.992919
-0.612000 0.992919
-0.608000 0.992919
-0.604000 0.992919
-0.600000 0.992919
-0.596000 0.992919
-0.592000 0.992919
-0.588000 0.992919
-0.584000 0.992919
-0.580000 0.992919
-0.576000 0.992919
-0.572000 0.992919
-0.568000 0.992919
-0.564000 0.992919
-0.560000 0.992919
-0.556000 0.992919
-0.552000 0.992919
-0.548000 0.992919
-0.544000 0.992919
-0.540000 0.992919
-0.536000 0.992919
-0.532000 0.992919
-0.528000 0.992919
-0.524000 0.992919
-0.520000 0.992919
-0.516000 0.992919
-0.512000 0.992919
-0.508000 0.992919
-0.504000 0.992919
-0.500000 0.992919
-0.496000 0.992919
-0.492000 0.992919
-0.488000 0.992919
-0.484000 0.992919
-0.480000 0.992919
-0.476000 0.992919
-0.472000 0.992919
-0.468000 0.992919
-0.464000 0.992919
-0.460000 0.992919
-0.456000 0.992919
-0.452000 0.992919
-0.448000 0.992919
-0.444000 0.992919
-0.440000 0.992919
-0.436000 0.992919
-0.432000 0.992919
-0.428000 0.992919
-0.424000 0.992919
-0.420000 0.992919
-0.416000 0.992919
-0.412000 0.992919
-0.408000 0.992919
-0.404000 0.992919
-0.400000 0.992919
-0.396000 0.992919
-0.392000 0.992919
-0.388000 0.992919
-0.384000 0.992919
-0.380000 0.992919
-0.376000 0.992919
-0.372000 0.992919
-0.368000 0.992919
-0.364000 0.992919
-0.360000 0.992919
-0.356000 0.992919
-0.352000 0.992919
-0.348000 0.992919
-0.344000 0.992919
-0.340000 0.992919
-0.336000 0.992919
-0.332000 0.992919
-0.328000 0.992919
-0.324000 0.992919
-0.320000 0.992919
-0.316000 0.992919
-0.312000 0.992919
-0.308000 0.992919
-0.304000 0.992919
-0.300000 0.992919
-0.296000 0.992919
-0.292000 0.992919
-0.288000 0.992919
-0.284000 0.992919
-0.280000 0.992919
-0.276000 0.992919
-0.272000 0.992919
-0.268000 0.992919
-0.264000 0.992919
-0.260000 0.992919
-0.256000 0.992919
-0.252000 0.992919
-0.248000 0.992919
-0.244000 0.992919
-0.240000 0.992919
-0.236000 0.992919
-0.232000 0.992919
-0.228000 0.992919
-0.224000 0.992919
-0.220000 0.992919
-0.216000 0.992919
-0.212000 0.992919
-0.208000 0.992919
-0.204000 0.992919
-0.200000 0.992919
-0.196000 0.992919
-0.192000 0.992919
-0.188000 0.992919
-0.184000 0.992919
-0.180000 0.992919
-0.176000 0.992919
-0.172000 0.992919
-0.168000 0.992919
-0.164000 0.992919
-0.160000 0.992919
-0.156000 0.992919
-0.152000 0.992919
-0.148000 0.992919
-0.144000 0.992919
-0.140000 0.992919
-0.136000 0.992919
-0.132000 0.992919
-0.128000 0.992919
-0.124000 0.992919
-0.120000 0.992919
-0.116000 0.992919
-0.112000 0.992919
-0.108000 0.992919
-0.104000 0.992919
-0.100000 0.992919
-0.096000 0.992919
-0.092000 0.992919
-0.088000 0.992919
-0.084000 0.992919
-0.080000 0.992919
-0.076000 0.992919
-0.072000 0.992919
-0.068000 0.992919
-0.064000 0.992919
-0.060000 0.992919
-0.056000 0.992919
-0.052000 0.992919
-0.048000 0.992919
-0.044000 0.992920
-0.040000 0.992920
-0.036000 0.992920
-0.032000 0.992920
-0.028000 0.992920
-0.024000 0.992920
-0.020000 0.992920
-0.016000 0.992920
-0.012000 0.992920
-0.008000 0.992920
-0.004000 0.992920
0.000000 0.992920
0.004000 0.992920
0.008000 0.992920
0.012000 0.992920
0.016000 0.992921
0.020000 0.992921
0.024000 0.992921
0.028000 0.992921
0.032000 0.992921
0.036000 0.992921
0.040000 0.992921
0.044000 0.992921
0.048000 0.992922
0.052000 0.992922
0.056000 0.992922
0.060000 0.992922
0.064000 0.992922
0.068000 0.992923
0.072000 0.992923
0.076000 0.992923
0.080000 0.992923
0.084000 0.992924
0.088000 0.992924
0.092000 0.992924
0.096000 0.992925
0.100000 0.992925
0.104000 0.992925
0.108000 0.992926
0.112000 0.992926
0.116000 0.992927
0.120000 0.992927
0.124000 0.992928
0.128000 0.992928
0.132000 0.992929
0.136000 0.992929
0.140000 0.992930
0.144000 0.992931
0.148000 0.992931
0.152000 0.992932
0.156000 0.992933
0.160000 0.992934
0.164000 0.992935
0.168000 0.992935
0.172000 0.992936
0.176000 0.992937
0.180000 0.992938
0.184000 0.992939
0.188000 0.992941
0.192000 0.992942
0.196000 0.992943
0.200000 0.992944
0.204000 0.992946
0.208000 0.992947
0.212000 0.992949
0.216000 0.992950
0.220000 0.992952
0.224000 0.992954
0.228000 0.992955
0.232000 0.992957
0.236000 0.992959
0.240000 0.992961
0.244000 0.992964
0.248000 0.992966
0.252000 0.992968
0.256000 0.992971
0.260000 0.992973
0.264000 0.992976
0.268000 0.992979
0.272000 0.992982
0.276000 0.992985
0.280000 0.992988
0.284000 0.992991
0.288000 0.992994
0.292000 0.992998
0.296000 0.993002
0.300000 0.993006
0.304000 0.993010
0.308000 0.993014
0.312000 0.993018
0.316000 0.993022
0.320000 0.993027
0.324000 0.993032
0.328000 0.993037
0.332000 0.993042
0.336000 0.993047
0.340000 0.993053
0.344000 0.993059
0.348000 0.993065
0.352000 0.993071
0.356000 0.993077
0.360000 0.993084
0.364000 0.993091
0.368000 0.993098
0.372000 0.993105
0.376000 0.993113
0.380000 0.993120
0.384000 0.993128
0.388000 0.993137
0.392000 0.993145
0.396000 0.993154
0.400000 0.993163
0.404000 0.993173
0.408000 0.993182
0.412000 0.993192
0.416000 0.993203
0.420000 0.993213
0.424000 0.993224
0.428000 0.993235
0.432000 0.993247
0.436000 0.993259
0.440000 0.993271
0.444000 0.993283
0.448000 0.993296
0.452000 0.993310
0.456000 0.993323
0.460000 0.993337
0.464000 0.993351
0.468000 0.993366
0.472000 0.993381
0.476000 0.993396
0.480000 0.993412
0.484000 0.993428
0.488000 0.993445
0.492000 0.993462
0.496000 0.993479
0.500000 0.993497
0.504000 0.993515
0.508000 0.993534
0.512000 0.993553
0.516000 0.993572
0.520000 0.993592
0.524000 0.993613
0.528000 0.993633
0.532000 0.993654
0.536000 0.993676
0.540000 0.993698
0.544000 0.993721
0.548000 0.993743
0.552000 0.993767
0.556000 0.993791
0.560000 0.993815
0.564000 0.993840
0.568000 0.993865
0.572000 0.993890
0.576000 0.993916
0.580000 0.993943
0.584000 0.993970
0.588000 0.993997
0.592000 0.994025
0.596000 0.994053
0.600000 0.994082
0.604000 0.994111
0.608000 0.994141
0.612000 0.994171
0.616000 0.994202
0.620000 0.994233
0.624000 0.994264
0.628000 0.994296
0.632000 0.994328
0.636000 0.994361
0.640000 0.994394
0.644000 0.994428
0.648000 0.994462
0.652000 0.994496
0.656000 0.994531
0.660000 0.994566
0.664000 0.994602
0.668000 0.994638
0.672000 0.994674
0.676000 0.994711
0.680000 0.994748
0.684000 0.994785
0.688000 0.994823
0.692000 0.994862
0.696000 0.994900
0.700000 0.994939
0.704000 0.994978
0.708000 0.995018
0.712000 0.995058
0.716000 0.995098
0.720000 0.995139
0.724000 0.995179
0.728000 0.995221
0.732000 0.995262
0.736000 0.995304
0.740000 0.995346
0.744000 0.995388
0.748000 0.995430
0.752000 0.995473
0.756000 0.995516
0.760000 0.995559
0.764000 0.995602
0.768000 0.995645
0.772000 0.995689
0.776000 0.995733
0.780000 0.995777
0.784000 0.995821
0.788000 0.995865
0.792000 0.995909
0.796000 0.995954
0.800000 0.995998
0.804000 0.996043
0.808000 0.996088
0.812000 0.996132
0.816000 0.996177
0.820000 0.996222
0.824000 0.996267
0.828000 0.996312
0.832000 0.996357
0.836000 0.996402
0.840000 0.996447
0.844000 0.996492
0.848000 0.996537
0.852000 0.996581
0.856000 0.996626
0.860000 0.996671
0.864000 0.996715
0.868000 0.996760
0.872000 0.996804
0.876000 0.996849
0.880000 0.996893
0.884000 0.996937
0.888000 0.996981
0.892000 0.997025
0.896000 0.997068
0.900000 0.997112
0.904000 0.997155
0.908000 0.997198
0.912000 0.997241
0.916000 0.997284
0.920000 0.997326
0.924000 0.997368
0.928000 0.997410
0.932000 0.997452
0.936000 0.997494
0.940000 0.997535
0.944000 0.997577
0.948000 0.997618
0.952000 0.997659
0.956000 0.997700
0.960000 0.997741
0.964000 0.997783
0.968000 0.997826
0.972000 0.997869
0.976000 0.997914
0.980000 0.997962
0.984000 0.998013
0.988000 0.998070
0.992000 0.998134
0.996000 0.998209
1.000000 0.998299
