-1.000000 0.991037
-0.996000 0.991037
-0.992000 0.991037
-0.988000 0.991037
-0.984000 0.991037
-0.980000 0.991037
-0.976000 0.991037
-0.972000 0.991037
-0.968000 0.991037
-0.964000 0.991037
-0.960000 0.991037
-0.956000 0.991037
-0.952000 0.991037
-0.948000 0.991037
-0.944000 0.991037
-0.940000 0.991037
-0.936000 0.991037
-0.932000 0.991037
-0.928000 0.991037
-0.924000 0.991037
-0.920000 0.991037
-0.916000 0.991037
-0.912000 0.991037
-0.908000 0.991037
-0.904000 0.991037
-0.900000 0.991037
-0.896000 0.991037
-0.892000 0.991037
-0.888000 0.991037
-0.884000 0.991037
-0.880000 0.991037
-0.876000 0.991037
-0.872000 0.991037
-0.868000 0.991037
-0.864000 0.991037
-0.860000 0.991037
-0.856000 0.991037
-0.852000 0.991037
-0.848000 0.991037
-0.844000 0.991037
-0.840000 0.991037
-0.836000 0.991037
-0.832000 0.991037
-0.828000 0.991037
-0.824000 0.991037
-0.820000 0.991037
-0.816000 0.991037
-0.812000 0.991037
-0.808000 0.991037
-0.804000 0.991037
-0.800000 0.991037
-0.796000 0.991037
-0.792000 0.991037
-0.788000 0.991037
-0.784000 0.991037
-0.780000 0.991037
-0.776000 0.991037
-0.772000 0.991037
-0.768000 0.991037
-0.764000 0.991037
-0.760000 0.991037
-0.756000 0.991037
-0.752000 0.991037
-0.748000 0.991037
-0.744000 0.991037
-0.740000 0.991037
-0.736000 0.991037
-0.732000 0.991037
-0.728000 0.991037
-0.724000 0.991037
-0.720000 0.991037
-0.716000 0.991037
-0.712000 0.991037
-0.708000 0.991037
-0.704000 0.991037
-0.700000 0.991037
-0.696000 0.991037
-0.692000 0.991037
-0.688000 0.991037
-0.684000 0.991037
-0.680000 0.991037
-0.676000 0.991038
-0.672000 0.991038
-0.668000 0.991038
-0.664000 0.991038
-0.660000 0.991038
-0.656000 0.991038
-0.652000 0.991038
-0.648000 0.991038
-0.644000 0.991038
-0.640000 0.991038
-0.636000 0.991039
-0.632000 0.991039
-0.628000 0.991039
-0.624000 0.991039
-0.620000 0.991039
-0.616000 0.991040
-0.612000 0.991040
-0.608000 0.991040
-0.604000 0.991040
-0.600000 0.991041
-0.596000 0.991041
-0.592000 0.991042
-0.588000 0.991042
-0.584000 0.991042
-0.580000 0.991043
-0.576000 0.991043
-0.572000 0.991044
-0.568000 0.991045
-0.564000 0.991045
-0.560000 0.991046
-0.556000 0.991047
-0.552000 0.991048
-0.548000 0.991049
-0.544000 0.991050
-0.540000 0.991051
-0.536000 0.991052
-0.532000 0.991053
-0.528000 0.991054
-0.524000 0.991056
-0.520000 0.991057
-0.516000 0.991059
-0.512000 0.991061
-0.508000 0.991063
-0.504000 0.991065
-0.500000 0.991067
-0.496000 0.991069
-0.492000 0.991071
-0.488000 0.991074
-0.484000 0.991076
-0.480000 0.991079
-0.476000 0.991082
-0.472000 0.991086
-0.468000 0.991089
-0.464000 0.991093
-0.460000 0.991096
-0.456000 0.991100
-0.452000 0.991105
-0.448000 0.991109
-0.444000 0.991114
-0.440000 0.991119
-0.436000 0.991124
-0.432000 0.991129
-0.428000 0.991135
-0.424000 0.991141
-0.420000 0.991148
-0.416000 0.991154
-0.412000 0.991161
-0.408000 0.991169
-0.404000 0.991176
-0.400000 0.991184
-0.396000 0.991193
-0.392000 0.991201
-0.388000 0.991211
-0.384000 0.991220
-0.380000 0.991230
-0.376000 0.991240
-0.372000 0.991251
-0.368000 0.991262
-0.364000 0.991274
-0.360000 0.991286
-0.356000 0.991298
-0.352000 0.991311
-0.348000 0.991325
-0.344000 0.991339
-0.340000 0.991353
-0.336000 0.991368
-0.332000 0.991383
-0.328000 0.991399
-0.324000 0.991415
-0.320000 0.991432
-0.316000 0.991450
-0.312000 0.991468
-0.308000 0.991486
-0.304000 0.991505
-0.300000 0.991524
-0.296000 0.991545
-0.292000 0.991565
-0.288000 0.991586
-0.284000 0.991608
-0.280000 0.991630
-0.276000 0.991653
-0.272000 0.991676
-0.268000 0.991700
-0.264000 0.991724
-0.260000 0.991749
-0.256000 0.991774
-0.252000 0.991800
-0.248000 0.991826
-0.244000 0.991853
-0.240000 0.991880
-0.236000 0.991908
-0.232000 0.991936
-0.228000 0.991965
-0.224000 0.991994
-0.220000 0.992024
-0.216000 0.992054
-0.212000 0.992084
-0.208000 0.992115
-0.204000 0.992146
-0.200000 0.992178
-0.196000 0.992210
-0.192000 0.992242
-0.188000 0.992275
-0.184000 0.992308
-0.180000 0.992341
-0.176000 0.992375
-0.172000 0.992409
-0.168000 0.992443
-0.164000 0.992477
-0.160000 0.992512
-0.156000 0.992546
-0.152000 0.992581
-0.148000 0.992616
-0.144000 0.992652
-0.140000 0.992687
-0.136000 0.992722
-0.132000 0.992758
-0.128000 0.992794
-0.124000 0.992829
-0.120000 0.992865
-0.116000 0.992901
-0.112000 0.992936
-0.108000 0.992972
-0.104000 0.993008
-0.100000 0.993043
-0.096000 0.993078
-0.092000 0.993114
-0.088000 0.993149
-0.084000 0.993184
-0.080000 0.993219
-0.076000 0.993254
-0.072000 0.993288
-0.068000 0.993323
-0.064000 0.993357
-0.060000 0.993391
-0.056000 0.993424
-0.052000 0.993458
-0.048000 0.993491
-0.044000 0.993523
-0.040000 0.993556
-0.036000 0.993588
-0.032000 0.993620
-0.028000 0.993651
-0.024000 0.993682
-0.020000 0.993713
-0.016000 0.993743
-0.012000 0.993773
-0.008000 0.993802
-0.004000 0.993831
0.000000 0.993860
0.004000 0.993888
0.008000 0.993916
0.012000 0.993943
0.016000 0.993970
0.020000 0.993997
0.024000 0.994023
0.028000 0.994048
0.032000 0.994073
0.036000 0.994098
0.040000 0.994122
0.044000 0.994145
0.048000 0.994169
0.052000 0.994191
0.056000 0.994213
0.060000 0.994235
0.064000 0.994256
0.068000 0.994277
0.072000 0.994297
0.076000 0.994317
0.080000 0.994337
0.084000 0.994356
0.088000 0.994374
0.092000 0.994392
0.096000 0.994409
0.100000 0.994427
0.104000 0.994443
0.108000 0.994459
0.112000 0.994475
0.116000 0.994490
0.120000 0.994505
0.124000 0.994520
0.128000 0.994534
0.132000 0.994547
0.136000 0.994560
0.140000 0.994573
0.144000 0.994586
0.148000 0.994598
0.152000 0.994609
0.156000 0.994621
0.160000 0.994632
0.164000 0.994642
0.168000 0.994652
0.172000 0.994662
0.176000 0.994672
0.180000 0.994681
0.184000 0.994690
0.188000 0.994699
0.192000 0.994707
0.196000 0.994715
0.200000 0.994723
0.204000 0.994730
0.208000 0.994737
0.212000 0.994744
0.216000 0.994751
0.220000 0.994757
0.224000 0.994763
0.228000 0.994769
0.232000 0.994775
0.236000 0.994780
0.240000 0.994785
0.244000 0.994790
0.248000 0.994795
0.252000 0.994800
0.256000 0.994804
0.260000 0.994809
0.264000 0.994813
0.268000 0.994816
0.272000 0.994820
0.276000 0.994824
0.280000 0.994827
0.284000 0.994830
0.288000 0.994833
0.292000 0.994836
0.296000 0.994839
0.300000 0.994842
0.304000 0.994845
0.308000 0.994847
0.312000 0.994849
0.316000 0.994852
0.320000 0.994854
0.324000 0.994856
0.328000 0.994858
0.332000 0.994860
0.336000 0.994861
0.340000 0.994863
0.344000 0.994865
0.348000 0.994866
0.352000 0.994868
0.356000 0.994869
0.360000 0.994870
0.364000 0.994871
0.368000 0.994873
0.372000 0.994874
0.376000 0.994875
0.380000 0.994876
0.384000 0.994877
0.388000 0.994878
0.392000 0.994878
0.396000 0.994879
0.400000 0.994880
0.404000 0.994881
0.408000 0.994881
0.412000 0.994882
0.416000 0.994883
0.420000 0.994883
0.424000 0.994884
0.428000 0.994884
0.432000 0.994885
0.436000 0.994885
0.440000 0.994886
0.444000 0.994886
0.448000 0.994886
0.452000 0.994887
0.456000 0.994887
0.460000 0.994887
0.464000 0.994888
0.468000 0.994888
0.472000 0.994888
0.476000 0.994888
0.480000 0.994889
0.484000 0.994889
0.488000 0.994889
0.492000 0.994889
0.496000 0.994889
0.500000 0.994890
0.504000 0.994890
0.508000 0.994890
0.512000 0.994890
0.516000 0.994890
0.520000 0.994890
0.524000 0.994890
0.528000 0.994891
0.532000 0.994891
0.536000 0.994891
0.540000 0.994891
0.544000 0.994891
0.548000 0.994891
0.552000 0.994891
0.556000 0.994891
0.560000 0.994891
0.564000 0.994891
0.568000 0.994891
0.572000 0.994891
0.576000 0.994891
0.580000 0.994891
0.584000 0.994891
0.588000 0.994891
0.592000 0.994892
0.596000 0.994892
0.600000 0.994892
0.604000 0.994892
0.608000 0.994892
0.612000 0.994892
0.616000 0.994892
0.620000 0.994892
0.624000 0.994892
0.628000 0.994892
0.632000 0.994892
0.636000 0.994892
0.640000 0.994892
0.644000 0.994892
0.648000 0.994892
0.652000 0.994892
0.656000 0.994892
0.660000 0.994892
0.664000 0.994892
0.668000 0.994892
0.672000 0.994892
0.676000 0.994892
0.680000 0.994892
0.684000 0.994892
0.688000 0.994892
0.692000 0.994892
0.696000 0.994892
0.700000 0.994892
0.704000 0.994892
0.708000 0.994892
0.712000 0.994892
0.716000 0.994892
0.720000 0.994892
0.724000 0.994892
0.728000 0.994892
0.732000 0.994892
0.736000 0.994892
0.740000 0.994892
0.744000 0.994892
0.748000 0.994892
0.752000 0.994892
0.756000 0.994892
0.760000 0.994892
0.764000 0.994892
0.768000 0.994892
0.772000 0.994892
0.776000 0.994892
0.780000 0.994892
0.784000 0.994892
0.788000 0.994892
0.792000 0.994892
0.796000 0.994892
0.800000 0.994892
0.804000 0.994892
0.808000 0.994892
0.812000 0.994892
0.816000 0.994892
0.820000 0.994892
0.824000 0.994892
0.828000 0.994892
0.832000 0.994892
0.836000 0.994892
0.840000 0.994892
0.844000 0.994892
0.848000 0.994892
0.852000 0.994892
0.856000 0.994892
0.860000 0.994892
0.864000 0.994892
0.868000 0.994892
0.872000 0.994892
0.876000 0.994892
0.880000 0.994892
0.884000 0.994892
0.888000 0.994892
0.892000 0.994892
0.896000 0.994892
0.900000 0.994892
0.904000 0.994892
0.908000 0.994892
0.912000 0.994892
0.916000 0.994892
0.920000 0.994892
0.924000 0.994892
0.928000 0.994892
0.932000 0.994892
0.936000 0.994892
0.940000 0.994892
0.944000 0.994892
0.948000 0.994892
0.952000 0.994892
0.956000 0.994892
0.960000 0.994892
0.964000 0.994892
0.968000 0.994892
0.972000 0.994892
0.976000 0.994892
0.980000 0.994892
0.984000 0.994892
0.988000 0.994892
0.992000 0.994892
0.996000 0.994892
1.000000 0.994892
