-1.000000 0.992919
-0.996000 0.992919
-0.992000 0.992919
-0.988000 0.992919
-0.984000 0.992919
-0.980000 0.992919
-0.976000 0.992919
-0.972000 0.992919
-0.968000 0.992919
-0.964000 0.992919
-0.960000 0.992919
-0.956000 0.992919
-0.952000 0.992919
-0.948000 0.992919
-0.944000 0.992919
-0.940000 0.992919
-0.936000 0.992919
-0.932000 0.992919
-0.928000 0.992919
-0.924000 0.992919
-0.920000 0.992919
-0.916000 0.992919
-0.912000 0.992919
-0.908000 0.992919
-0.904000 0.992919
-0.900000 0.992919
-0.896000 0.992919
-0.892000 0.992919
-0.888000 0.992919
-0.884000 0.992919
-0.880000 0.992919
-0.876000 0.992919
-0.872000 0.992919
-0.868000 0.992919
-0.864000 0.992919
-0.860000 0.992919
-0.856000 0.992919
-0.852000 0.992919
-0.848000 0.992919
-0.844000 0.992919
-0.840000 0.992919
-0.836000 0.992919
-0.832000 0.992919
-0.828000 0.992919
-0.824000 0.992919
-0.820000 0.992919
-0.816000 0.992919
-0.812000 0.992919
-0.808000 0.992919
-0.804000 0.992919
-0.800000 0.992919
-0.796000 0.992919
-0.792000 0.992919
-0.788000 0.992919
-0.784000 0.992919
-0.780000 0.992919
-0.776000 0.992919
-0.772000 0.992919
-0.768000 0.992919
-0.764000 0.992919
-0.760000 0.992919
-0.756000 0.992919
-0.752000 0.992919
-0.748000 0.992919
-0.744000 0.992919
-0.740000 0.992919
-0.736000 0.992919
-0.732000 0.992919
-0.728000 0.992919
-0.724000 0.992919
-0.720000 0.992919
-0.716000 0.992919
-0.712000 0.992919
-0.708000 0.992919
-0.704000 0.992919
-0.700000 0.992919
-0.696000 0.992919
-0.692000 0.992919
-0.688000 0.992919
-0.684000 0.992919
-0.680000 0.992919
-0.676000 0.992919
-0.672000 0.992919
-0.668000 0.992919
-0.664000 0.992919
-0.660000 0.992919
-0.656000 0.992919
-0.652000 0.992919
-0.648000 0.992919
-0.644000 0.992919
-0.640000 0.992919
-0.636000 0.992919
-0.632000 0.992919
-0.628000 0.992919
-0.624000 0.992919
-0.620000 0.992919
-0.616000 0.992919
-0.612000 0.992919
-0.608000 0.992919
-0.604000 0.992919
-0.600000 0.992919
-0.596000 0.992919
-0.592000 0.992919
-0.588000 0.992919
-0.584000 0.992919
-0.580000 0.992919
-0.576000 0.992919
-0.572000 0.992919
-0.568000 0.992919
-0.564000 0.992919
-0.560000 0.992919
-0.556000 0.992919
-0.552000 0.992919
-0.548000 0.992919
-0.544000 0.992919
-0.540000 0.992919
-0.536000 0.992919
-0.532000 0.992919
-0.528000 0.992919
-0.524000 0.992919
-0.520000 0.992919
-0.516000 0.992919
-0.512000 0.992919
-0.508000 0.992919
-0.504000 0.992919
-0.500000 0.992919
-0.496000 0.992919
-0.492000 0.992919
-0.488000 0.992919
-0.484000 0.992919
-0.480000 0.992919
-0.476000 0.992919
-0.472000 0.992919
-0.468000 0.992919
-0.464000 0.992919
-0.460000 0.992919
-0.456000 0.992919
-0.452000 0.992919
-0.448000 0.992919
-0.444000 0.992919
-0.440000 0.992919
-0.436000 0.992919
-0.432000 0.992919
-0.428000 0.992919
-0.424000 0.992919
-0.420000 0.992919
-0.416000 0.992919
-0.412000 0.992919
-0.408000 0.992919
-0.404000 0.992919
-0.400000 0.992919
-0.396000 0.992919
-0.392000 0.992919
-0.388000 0.992919
-0.384000 0.992919
-0.380000 0.992919
-0.376000 0.992919
-0.372000 0.992919
-0.368000 0.992919
-0.364000 0.992919
-0.360000 0.992919
-0.356000 0.992919
-0.352000 0.992919
-0.348000 0.992919
-0.344000 0.992919
-0.340000 0.992919
-0.336000 0.992919
-0.332000 0.992919
-0.328000 0.992919
-0.324000 0.992919
-0.320000 0.992919
-0.316000 0.992919
-0.312000 0.992919
-0.308000 0.992919
-0.304000 0.992919
-0.300000 0.992919
-0.296000 0.992919
-0.292000 0.992919
-0.288000 0.992919
-0.284000 0.992919
-0.280000 0.992919
-0.276000 0.992919
-0.272000 0.992919
-0.268000 0.992919
-0.264000 0.992919
-0.260000 0.992919
-0.256000 0.992919
-0.252000 0.992919
-0.248000 0.992919
-0.244000 0.992919
-0.240000 0.992919
-0.236000 0.992919
-0.232000 0.992919
-0.228000 0.992919
-0.224000 0.992919
-0.220000 0.992919
-0.216000 0.992919
-0.212000 0.992919
-0.208000 0.992919
-0.204000 0.992919
-0.200000 0.992919
-0.196000 0.992919
-0.192000 0.992919
-0.188000 0.992919
-0.184000 0.992919
-0.180000 0.992919
-0.176000 0.992919
-0.172000 0.992919
-0.168000 0.992919
-0.164000 0.992919
-0.160000 0.992919
-0.156000 0.992919
-0.152000 0.992919
-0.148000 0.992919
-0.144000 0.992919
-0.140000 0.992919
-0.136000 0.992919
-0.132000 0.992919
-0.128000 0.992919
-0.124000 0.992919
-0.120000 0.992919
-0.116000 0.992919
-0.112000 0.992919
-0.108000 0.992919
-0.104000 0.992919
-0.100000 0.992919
-0.096000 0.992919
-0.092000 0.992919
-0.088000 0.992919
-0.084000 0.992919
-0.080000 0.992919
-0.076000 0.992919
-0.072000 0.992919
-0.068000 0.992919
-0.064000 0.992919
-0.060000 0.992919
-0.056000 0.992919
-0.052000 0.992919
-0.048000 0.992919
-0.044000 0.992919
-0.040000 0.992919
-0.036000 0.992919
-0.032000 0.992919
-0.028000 0.992919
-0.024000 0.992919
-0.020000 0.992919
-0.016000 0.992919
-0.012000 0.992919
-0.008000 0.992919
-0.004000 0.992919
0.000000 0.992919
0.004000 0.992919
0.008000 0.992919
0.012000 0.992919
0.016000 0.992919
0.020000 0.992919
0.024000 0.992919
0.028000 0.992919
0.032000 0.992919
0.036000 0.992919
0.040000 0.992919
0.044000 0.992919
0.048000 0.992919
0.052000 0.992919
0.056000 0.992919
0.060000 0.992919
0.064000 0.992920
0.068000 0.992920
0.072000 0.992920
0.076000 0.992920
0.080000 0.992920
0.084000 0.992920
0.088000 0.992920
0.092000 0.992920
0.096000 0.992920
0.100000 0.992920
0.104000 0.992920
0.108000 0.992920
0.112000 0.992920
0.116000 0.992920
0.120000 0.992920
0.124000 0.992920
0.128000 0.992921
0.132000 0.992921
0.136000 0.992921
0.140000 0.992921
0.144000 0.992921
0.148000 0.992921
0.152000 0.992921
0.156000 0.992921
0.160000 0.992922
0.164000 0.992922
0.168000 0.992922
0.172000 0.992922
0.176000 0.992922
0.180000 0.992922
0.184000 0.992923
0.188000 0.992923
0.192000 0.992923
0.196000 0.992923
0.200000 0.992924
0.204000 0.992924
0.208000 0.992924
0.212000 0.992925
0.216000 0.992925
0.220000 0.992925
0.224000 0.992926
0.228000 0.992926
0.232000 0.992926
0.236000 0.992927
0.240000 0.992927
0.244000 0.992928
0.248000 0.992928
0.252000 0.992929
0.256000 0.992930
0.260000 0.992930
0.264000 0.992931
0.268000 0.992931
0.272000 0.992932
0.276000 0.992933
0.280000 0.992934
0.284000 0.992934
0.288000 0.992935
0.292000 0.992936
0.296000 0.992937
0.300000 0.992938
0.304000 0.992939
0.308000 0.992940
0.312000 0.992941
0.316000 0.992942
0.320000 0.992944
0.324000 0.992945
0.328000 0.992946
0.332000 0.992948
0.336000 0.992949
0.340000 0.992951
0.344000 0.992952
0.348000 0.992954
0.352000 0.992956
0.356000 0.992958
0.360000 0.992960
0.364000 0.992961
0.368000 0.992964
0.372000 0.992966
0.376000 0.992968
0.380000 0.992970
0.384000 0.992973
0.388000 0.992975
0.392000 0.992978
0.396000 0.992981
0.400000 0.992984
0.404000 0.992987
0.408000 0.992990
0.412000 0.992993
0.416000 0.992996
0.420000 0.993000
0.424000 0.993003
0.428000 0.993007
0.432000 0.993011
0.436000 0.993015
0.440000 0.993019
0.444000 0.993023
0.448000 0.993028
0.452000 0.993032
0.456000 0.993037
0.460000 0.993042
0.464000 0.993047
0.468000 0.993053
0.472000 0.993058
0.476000 0.993064
0.480000 0.993070
0.484000 0.993076
0.488000 0.993082
0.492000 0.993089
0.496000 0.993095
0.500000 0.993102
0.504000 0.993109
0.508000 0.993117
0.512000 0.993124
0.516000 0.993132
0.520000 0.993140
0.524000 0.993148
0.528000 0.993157
0.532000 0.993166
0.536000 0.993175
0.540000 0.993184
0.544000 0.993194
0.548000 0.993204
0.552000 0.993214
0.556000 0.993224
0.560000 0.993235
0.564000 0.993246
0.568000 0.993257
0.572000 0.993269
0.576000 0.993281
0.580000 0.993293
0.584000 0.993306
0.588000 0.993319
0.592000 0.993332
0.596000 0.993346
0.600000 0.993359
0.604000 0.993374
0.608000 0.993388
0.612000 0.993403
0.616000 0.993419
0.620000 0.993434
0.624000 0.993450
0.628000 0.993467
0.632000 0.993483
0.636000 0.993501
0.640000 0.993518
0.644000 0.993536
0.648000 0.993554
0.652000 0.993573
0.656000 0.993592
0.660000 0.993611
0.664000 0.993631
0.668000 0.993651
0.672000 0.993672
0.676000 0.993693
0.680000 0.993715
0.684000 0.993736
0.688000 0.993759
0.692000 0.993781
0.696000 0.993804
0.700000 0.993828
0.704000 0.993852
0.708000 0.993876
0.712000 0.993901
0.716000 0.993926
0.720000 0.993952
0.724000 0.993978
0.728000 0.994004
0.732000 0.994031
0.736000 0.994058
0.740000 0.994086
0.744000 0.994114
0.748000 0.994142
0.752000 0.994171
0.756000 0.994201
0.760000 0.994230
0.764000 0.994260
0.768000 0.994291
0.772000 0.994322
0.776000 0.994353
0.780000 0.994385
0.784000 0.994417
0.788000 0.994449
0.792000 0.994482
0.796000 0.994515
0.800000 0.994549
0.804000 0.994583
0.808000 0.994617
0.812000 0.994652
0.816000 0.994687
0.820000 0.994723
0.824000 0.994758
0.828000 0.994795
0.832000 0.994831
0.836000 0.994868
0.840000 0.994905
0.844000 0.994942
0.848000 0.994980
0.852000 0.995018
0.856000 0.995056
0.860000 0.995095
0.864000 0.995134
0.868000 0.995173
0.872000 0.995212
0.876000 0.995252
0.880000 0.995292
0.884000 0.995332
0.888000 0.995373
0.892000 0.995413
0.896000 0.995454
0.900000 0.995495
0.904000 0.995536
0.908000 0.995578
0.912000 0.995619
0.916000 0.995661
0.920000 0.995703
0.924000 0.995746
0.928000 0.995788
0.932000 0.995830
0.936000 0.995873
0.940000 0.995916
0.944000 0.995960
0.948000 0.996003
0.952000 0.996047
0.956000 0.996092
0.960000 0.996137
0.964000 0.996183
0.968000 0.996230
0.972000 0.996280
0.976000 0.996331
0.980000 0.996386
0.984000 0.996446
0.988000 0.996513
0.992000 0.996589
0.996000 0.996677
1.000000 0.996785
