-1.000000 0.991037
-0.996000 0.991037
-0.992000 0.991037
-0.988000 0.991038
-0.984000 0.991038
-0.980000 0.991039
-0.976000 0.991039
-0.972000 0.991040
-0.968000 0.991041
-0.964000 0.991042
-0.960000 0.991044
-0.956000 0.991046
-0.952000 0.991048
-0.948000 0.991050
-0.944000 0.991053
-0.940000 0.991057
-0.936000 0.991061
-0.932000 0.991066
-0.928000 0.991071
-0.924000 0.991077
-0.920000 0.991084
-0.916000 0.991092
-0.912000 0.991101
-0.908000 0.991111
-0.904000 0.991122
-0.900000 0.991135
-0.896000 0.991149
-0.892000 0.991164
-0.888000 0.991181
-0.884000 0.991199
-0.880000 0.991219
-0.876000 0.991241
-0.872000 0.991265
-0.868000 0.991291
-0.864000 0.991318
-0.860000 0.991348
-0.856000 0.991380
-0.852000 0.991413
-0.848000 0.991449
-0.844000 0.991487
-0.840000 0.991528
-0.836000 0.991570
-0.832000 0.991614
-0.828000 0.991661
-0.824000 0.991710
-0.820000 0.991760
-0.816000 0.991813
-0.812000 0.991868
-0.808000 0.991924
-0.804000 0.991982
-0.800000 0.992042
-0.796000 0.992103
-0.792000 0.992166
-0.788000 0.992229
-0.784000 0.992295
-0.780000 0.992361
-0.776000 0.992428
-0.772000 0.992495
-0.768000 0.992564
-0.764000 0.992633
-0.760000 0.992702
-0.756000 0.992771
-0.752000 0.992840
-0.748000 0.992910
-0.744000 0.992979
-0.740000 0.993047
-0.736000 0.993115
-0.732000 0.993183
-0.728000 0.993249
-0.724000 0.993315
-0.720000 0.993380
-0.716000 0.993444
-0.712000 0.993506
-0.708000 0.993568
-0.704000 0.993628
-0.700000 0.993686
-0.696000 0.993743
-0.692000 0.993799
-0.688000 0.993853
-0.684000 0.993905
-0.680000 0.993956
-0.676000 0.994005
-0.672000 0.994053
-0.668000 0.994098
-0.664000 0.994142
-0.660000 0.994184
-0.656000 0.994225
-0.652000 0.994264
-0.648000 0.994301
-0.644000 0.994337
-0.640000 0.994371
-0.636000 0.994403
-0.632000 0.994434
-0.628000 0.994463
-0.624000 0.994491
-0.620000 0.994517
-0.616000 0.994542
-0.612000 0.994566
-0.608000 0.994588
-0.604000 0.994609
-0.600000 0.994629
-0.596000 0.994648
-0.592000 0.994665
-0.588000 0.994682
-0.584000 0.994697
-0.580000 0.994712
-0.576000 0.994725
-0.572000 0.994738
-0.568000 0.994750
-0.564000 0.994761
-0.560000 0.994771
-0.556000 0.994781
-0.552000 0.994790
-0.548000 0.994798
-0.544000 0.994806
-0.540000 0.994813
-0.536000 0.994819
-0.532000 0.994825
-0.528000 0.994831
-0.524000 0.994836
-0.520000 0.994841
-0.516000 0.994845
-0.512000 0.994850
-0.508000 0.994853
-0.504000 0.994857
-0.500000 0.994860
-0.496000 0.994863
-0.492000 0.994865
-0.488000 0.994868
-0.484000 0.994870
-0.480000 0.994872
-0.476000 0.994874
-0.472000 0.994876
-0.468000 0.994877
-0.464000 0.994879
-0.460000 0.994880
-0.456000 0.994881
-0.452000 0.994882
-0.448000 0.994883
-0.444000 0.994884
-0.440000 0.994885
-0.436000 0.994885
-0.432000 0.994886
-0.428000 0.994887
-0.424000 0.994887
-0.420000 0.994888
-0.416000 0.994888
-0.412000 0.994889
-0.408000 0.994889
-0.404000 0.994889
-0.400000 0.994890
-0.396000 0.994890
-0.392000 0.994890
-0.388000 0.994890
-0.384000 0.994890
-0.380000 0.994891
-0.376000 0.994891
-0.372000 0.994891
-0.368000 0.994891
-0.364000 0.994891
-0.360000 0.994891
-0.356000 0.994891
-0.352000 0.994891
-0.348000 0.994891
-0.344000 0.994892
-0.340000 0.994892
-0.336000 0.994892
-0.332000 0.994892
-0.328000 0.994892
-0.324000 0.994892
-0.320000 0.994892
-0.316000 0.994892
-0.312000 0.994892
-0.308000 0.994892
-0.304000 0.994892
-0.300000 0.994892
-0.296000 0.994892
-0.292000 0.994892
-0.288000 0.994892
-0.284000 0.994892
-0.280000 0.994892
-0.276000 0.994892
-0.272000 0.994892
-0.268000 0.994892
-0.264000 0.994892
-0.260000 0.994892
-0.256000 0.994892
-0.252000 0.994892
-0.248000 0.994892
-0.244000 0.994892
-0.240000 0.994892
-0.236000 0.994892
-0.232000 0.994892
-0.228000 0.994892
-0.224000 0.994892
-0.220000 0.994892
-0.216000 0.994892
-0.212000 0.994892
-0.208000 0.994892
-0.204000 0.994892
-0.200000 0.994892
-0.196000 0.994892
-0.192000 0.994892
-0.188000 0.994892
-0.184000 0.994892
-0.180000 0.994892
-0.176000 0.994892
-0.172000 0.994892
-0.168000 0.994892
-0.164000 0.994892
-0.160000 0.994892
-0.156000 0.994892
-0.152000 0.994892
-0.148000 0.994892
-0.144000 0.994892
-0.140000 0.994892
-0.136000 0.994892
-0.132000 0.994892
-0.128000 0.994892
-0.124000 0.994892
-0.120000 0.994892
-0.116000 0.994892
-0.112000 0.994892
-0.108000 0.994892
-0.104000 0.994892
-0.100000 0.994892
-0.096000 0.994892
-0.092000 0.994892
-0.088000 0.994892
-0.084000 0.994892
-0.080000 0.994892
-0.076000 0.994892
-0.072000 0.994892
-0.068000 0.994892
-0.064000 0.994892
-0.060000 0.994892
-0.056000 0.994892
-0.052000 0.994892
-0.048000 0.994892
-0.044000 0.994892
-0.040000 0.994892
-0.036000 0.994892
-0.032000 0.994892
-0.028000 0.994892
-0.024000 0.994892
-0.020000 0.994892
-0.016000 0.994892
-0.012000 0.994892
-0.008000 0.994892
-0.004000 0.994892
0.000000 0.994892
0.004000 0.994892
0.008000 0.994892
0.012000 0.994892
0.016000 0.994892
0.020000 0.994892
0.024000 0.994892
0.028000 0.994892
0.032000 0.994892
0.036000 0.994892
0.040000 0.994892
0.044000 0.994892
0.048000 0.994892
0.052000 0.994892
0.056000 0.994892
0.060000 0.994892
0.064000 0.994892
0.068000 0.994892
0.072000 0.994892
0.076000 0.994892
0.080000 0.994892
0.084000 0.994892
0.088000 0.994892
0.092000 0.994892
0.096000 0.994892
0.100000 0.994892
0.104000 0.994892
0.108000 0.994892
0.112000 0.994892
0.116000 0.994892
0.120000 0.994892
0.124000 0.994892
0.128000 0.994892
0.132000 0.994892
0.136000 0.994892
0.140000 0.994892
0.144000 0.994892
0.148000 0.994892
0.152000 0.994892
0.156000 0.994892
0.160000 0.994892
0.164000 0.994892
0.168000 0.994892
0.172000 0.994892
0.176000 0.994892
0.180000 0.994892
0.184000 0.994892
0.188000 0.994892
0.192000 0.994892
0.196000 0.994892
0.200000 0.994892
0.204000 0.994892
0.208000 0.994892
0.212000 0.994892
0.216000 0.994892
0.220000 0.994892
0.224000 0.994892
0.228000 0.994892
0.232000 0.994892
0.236000 0.994892
0.240000 0.994892
0.244000 0.994892
0.248000 0.994892
0.252000 0.994892
0.256000 0.994892
0.260000 0.994892
0.264000 0.994892
0.268000 0.994892
0.272000 0.994892
0.276000 0.994892
0.280000 0.994892
0.284000 0.994892
0.288000 0.994892
0.292000 0.994892
0.296000 0.994892
0.300000 0.994892
0.304000 0.994892
0.308000 0.994892
0.312000 0.994892
0.316000 0.994892
0.320000 0.994892
0.324000 0.994892
0.328000 0.994892
0.332000 0.994892
0.336000 0.994892
0.340000 0.994892
0.344000 0.994892
0.348000 0.994892
0.352000 0.994892
0.356000 0.994892
0.360000 0.994892
0.364000 0.994892
0.368000 0.994892
0.372000 0.994892
0.376000 0.994892
0.380000 0.994892
0.384000 0.994892
0.388000 0.994892
0.392000 0.994892
0.396000 0.994892
0.400000 0.994892
0.404000 0.994892
0.408000 0.994892
0.412000 0.994892
0.416000 0.994892
0.420000 0.994892
0.424000 0.994892
0.428000 0.994892
0.432000 0.994892
0.436000 0.994892
0.440000 0.994892
0.444000 0.994892
0.448000 0.994892
0.452000 0.994892
0.456000 0.994892
0.460000 0.994892
0.464000 0.994892
0.468000 0.994892
0.472000 0.994892
0.476000 0.994892
0.480000 0.994892
0.484000 0.994892
0.488000 0.994892
0.492000 0.994892
0.496000 0.994892
0.500000 0.994892
0.504000 0.994892
0.508000 0.994892
0.512000 0.994892
0.516000 0.994892
0.520000 0.994892
0.524000 0.994892
0.528000 0.994892
0.532000 0.994892
0.536000 0.994892
0.540000 0.994892
0.544000 0.994892
0.548000 0.994892
0.552000 0.994892
0.556000 0.994892
0.560000 0.994892
0.564000 0.994892
0.568000 0.994892
0.572000 0.994892
0.576000 0.994892
0.580000 0.994892
0.584000 0.994892
0.588000 0.994892
0.592000 0.994892
0.596000 0.994892
0.600000 0.994892
0.604000 0.994892
0.608000 0.994892
0.612000 0.994892
0.616000 0.994892
0.620000 0.994892
0.624000 0.994892
0.628000 0.994892
0.632000 0.994892
0.636000 0.994892
0.640000 0.994892
0.644000 0.994892
0.648000 0.994892
0.652000 0.994892
0.656000 0.994892
0.660000 0.994892
0.664000 0.994892
0.668000 0.994892
0.672000 0.994892
0.676000 0.994892
0.680000 0.994892
0.684000 0.994892
0.688000 0.994892
0.692000 0.994892
0.696000 0.994892
0.700000 0.994892
0.704000 0.994892
0.708000 0.994892
0.712000 0.994892
0.716000 0.994892
0.720000 0.994892
0.724000 0.994892
0.728000 0.994892
0.732000 0.994892
0.736000 0.994892
0.740000 0.994892
0.744000 0.994892
0.748000 0.994892
0.752000 0.994892
0.756000 0.994892
0.760000 0.994892
0.764000 0.994892
0.768000 0.994892
0.772000 0.994892
0.776000 0.994892
0.780000 0.994892
0.784000 0.994892
0.788000 0.994892
0.792000 0.994892
0.796000 0.994892
0.800000 0.994892
0.804000 0.994892
0.808000 0.994892
0.812000 0.994892
0.816000 0.994892
0.820000 0.994892
0.824000 0.994892
0.828000 0.994892
0.832000 0.994892
0.836000 0.994892
0.840000 0.994892
0.844000 0.994892
0.848000 0.994892
0.852000 0.994892
0.856000 0.994892
0.860000 0.994892
0.864000 0.994892
0.868000 0.994892
0.872000 0.994892
0.876000 0.994892
0.880000 0.994892
0.884000 0.994892
0.888000 0.994892
0.892000 0.994892
0.896000 0.994892
0.900000 0.994892
0.904000 0.994892
0.908000 0.994892
0.912000 0.994892
0.916000 0.994892
0.920000 0.994892
0.924000 0.994892
0.928000 0.994892
0.932000 0.994892
0.936000 0.994892
0.940000 0.994892
0.944000 0.994892
0.948000 0.994892
0.952000 0.994892
0.956000 0.994892
0.960000 0.994892
0.964000 0.994892
0.968000 0.994892
0.972000 0.994892
0.976000 0.994892
0.980000 0.994892
0.984000 0.994892
0.988000 0.994892
0.992000 0.994892
0.996000 0.994892
1.000000 0.994892
