-1.000000 0.992919
-0.996000 0.992919
-0.992000 0.992919
-0.988000 0.992919
-0.984000 0.992919
-0.980000 0.992919
-0.976000 0.992919
-0.972000 0.992919
-0.968000 0.992919
-0.964000 0.992919
-0.960000 0.992919
-0.956000 0.992919
-0.952000 0.992919
-0.948000 0.992919
-0.944000 0.992919
-0.940000 0.992919
-0.936000 0.992919
-0.932000 0.992919
-0.928000 0.992919
-0.924000 0.992919
-0.920000 0.992919
-0.916000 0.992919
-0.912000 0.992919
-0.908000 0.992919
-0.904000 0.992919
-0.900000 0.992919
-0.896000 0.992919
-0.892000 0.992919
-0.888000 0.992919
-0.884000 0.992919
-0.880000 0.992919
-0.876000 0.992919
-0.872000 0.992919
-0.868000 0.992919
-0.864000 0.992919
-0.860000 0.992919
-0.856000 0.992919
-0.852000 0.992919
-0.848000 0.992919
-0.844000 0.992919
-0.840000 0.992919
-0.836000 0.992919
-0.832000 0.992919
-0.828000 0.992919
-0.824000 0.992919
-0.820000 0.992919
-0.816000 0.992919
-0.812000 0.992919
-0.808000 0.992919
-0.804000 0.992919
-0.800000 0.992919
-0.796000 0.992919
-0.792000 0.992919
-0.788000 0.992919
-0.784000 0.992919
-0.780000 0.992919
-0.776000 0.992919
-0.772000 0.992919
-0.768000 0.992919
-0.764000 0.992919
-0.760000 0.992919
-0.756000 0.992919
-0.752000 0.992919
-0.748000 0.992919
-0.744000 0.992919
-0.740000 0.992919
-0.736000 0.992919
-0.732000 0.992919
-0.728000 0.992919
-0.724000 0.992919
-0.720000 0.992919
-0.716000 0.992919
-0.712000 0.992919
-0.708000 0.992919
-0.704000 0.992919
-0.700000 0.992919
-0.696000 0.992919
-0.692000 0.992919
-0.688000 0.992919
-0.684000 0.992919
-0.680000 0.992919
-0.676000 0.992919
-0.672000 0.992919
-0.668000 0.992919
-0.664000 0.992919
-0.660000 0.992919
-0.656000 0.992919
-0.652000 0.992919
-0.648000 0.992919
-0.644000 0.992919
-0.640000 0.992919
-0.636000 0.992919
-0.632000 0.992919
-0.628000 0.992919
-0.624000 0.992919
-0.620000 0.992919
-0.616000 0.992919
-0.612000 0.992919
-0.608000 0.992919
-0.604000 0.992919
-0.600000 0.992919
-0.596000 0.992919
-0.592000 0.992919
-0.588000 0.992919
-0.584000 0.992919
-0.580000 0.992919
-0.576000 0.992919
-0.572000 0.992919
-0.568000 0.992919
-0.564000 0.992919
-0.560000 0.992919
-0.556000 0.992919
-0.552000 0.992919
-0.548000 0.992919
-0.544000 0.992919
-0.540000 0.992919
-0.536000 0.992919
-0.532000 0.992919
-0.528000 0.992919
-0.524000 0.992919
-0.520000 0.992919
-0.516000 0.992919
-0.512000 0.992919
-0.508000 0.992919
-0.504000 0.992919
-0.500000 0.992919
-0.496000 0.992919
-0.492000 0.992919
-0.488000 0.992919
-0.484000 0.992919
-0.480000 0.992919
-0.476000 0.992919
-0.472000 0.992919
-0.468000 0.992919
-0.464000 0.992919
-0.460000 0.992919
-0.456000 0.992919
-0.452000 0.992919
-0.448000 0.992919
-0.444000 0.992919
-0.440000 0.992919
-0.436000 0.992919
-0.432000 0.992919
-0.428000 0.992919
-0.424000 0.992919
-0.420000 0.992919
-0.416000 0.992919
-0.412000 0.992919
-0.408000 0.992919
-0.404000 0.992919
-0.400000 0.992919
-0.396000 0.992919
-0.392000 0.992919
-0.388000 0.992919
-0.384000 0.992919
-0.380000 0.992919
-0.376000 0.992919
-0.372000 0.992919
-0.368000 0.992919
-0.364000 0.992919
-0.360000 0.992919
-0.356000 0.992919
-0.352000 0.992919
-0.348000 0.992919
-0.344000 0.992919
-0.340000 0.992919
-0.336000 0.992919
-0.332000 0.992919
-0.328000 0.992919
-0.324000 0.992919
-0.320000 0.992919
-0.316000 0.992919
-0.312000 0.992919
-0.308000 0.992919
-0.304000 0.992919
-0.300000 0.992919
-0.296000 0.992919
-0.292000 0.992919
-0.288000 0.992919
-0.284000 0.992919
-0.280000 0.992919
-0.276000 0.992919
-0.272000 0.992919
-0.268000 0.992919
-0.264000 0.992919
-0.260000 0.992919
-0.256000 0.992919
-0.252000 0.992919
-0.248000 0.992919
-0.244000 0.992919
-0.240000 0.992919
-0.236000 0.992919
-0.232000 0.992919
-0.228000 0.992919
-0.224000 0.992919
-0.220000 0.992919
-0.216000 0.992919
-0.212000 0.992919
-0.208000 0.992919
-0.204000 0.992919
-0.200000 0.992919
-0.196000 0.992919
-0.192000 0.992919
-0.188000 0.992919
-0.184000 0.992919
-0.180000 0.992919
-0.176000 0.992919
-0.172000 0.992919
-0.168000 0.992919
-0.164000 0.992919
-0.160000 0.992919
-0.156000 0.992919
-0.152000 0.992919
-0.148000 0.992919
-0.144000 0.992919
-0.140000 0.992919
-0.136000 0.992919
-0.132000 0.992919
-0.128000 0.992919
-0.124000 0.992919
-0.120000 0.992919
-0.116000 0.992919
-0.112000 0.992920
-0.108000 0.992920
-0.104000 0.992920
-0.100000 0.992920
-0.096000 0.992920
-0.092000 0.992920
-0.088000 0.992920
-0.084000 0.992920
-0.080000 0.992920
-0.076000 0.992920
-0.072000 0.992920
-0.068000 0.992920
-0.064000 0.992920
-0.060000 0.992920
-0.056000 0.992920
-0.052000 0.992921
-0.048000 0.992921
-0.044000 0.992921
-0.040000 0.992921
-0.036000 0.992921
-0.032000 0.992921
-0.028000 0.992921
-0.024000 0.992922
-0.020000 0.992922
-0.016000 0.992922
-0.012000 0.992922
-0.008000 0.992922
-0.004000 0.992923
0.000000 0.992923
0.004000 0.992923
0.008000 0.992923
0.012000 0.992924
0.016000 0.992924
0.020000 0.992924
0.024000 0.992925
0.028000 0.992925
0.032000 0.992925
0.036000 0.992926
0.040000 0.992926
0.044000 0.992927
0.048000 0.992927
0.052000 0.992928
0.056000 0.992928
0.060000 0.992929
0.064000 0.992929
0.068000 0.992930
0.072000 0.992931
0.076000 0.992931
0.080000 0.992932
0.084000 0.992933
0.088000 0.992934
0.092000 0.992934
0.096000 0.992935
0.100000 0.992936
0.104000 0.992937
0.108000 0.992938
0.112000 0.992940
0.116000 0.992941
0.120000 0.992942
0.124000 0.992943
0.128000 0.992945
0.132000 0.992946
0.136000 0.992948
0.140000 0.992949
0.144000 0.992951
0.148000 0.992953
0.152000 0.992954
0.156000 0.992956
0.160000 0.992958
0.164000 0.992960
0.168000 0.992962
0.172000 0.992965
0.176000 0.992967
0.180000 0.992970
0.184000 0.992972
0.188000 0.992975
0.192000 0.992978
0.196000 0.992981
0.200000 0.992984
0.204000 0.992987
0.208000 0.992990
0.212000 0.992994
0.216000 0.992997
0.220000 0.993001
0.224000 0.993005
0.228000 0.993009
0.232000 0.993013
0.236000 0.993018
0.240000 0.993022
0.244000 0.993027
0.248000 0.993032
0.252000 0.993037
0.256000 0.993043
0.260000 0.993048
0.264000 0.993054
0.268000 0.993060
0.272000 0.993066
0.276000 0.993072
0.280000 0.993079
0.284000 0.993086
0.288000 0.993093
0.292000 0.993100
0.296000 0.993108
0.300000 0.993116
0.304000 0.993124
0.308000 0.993132
0.312000 0.993141
0.316000 0.993150
0.320000 0.993159
0.324000 0.993169
0.328000 0.993178
0.332000 0.993189
0.336000 0.993199
0.340000 0.993210
0.344000 0.993221
0.348000 0.993232
0.352000 0.993244
0.356000 0.993256
0.360000 0.993269
0.364000 0.993281
0.368000 0.993295
0.372000 0.993308
0.376000 0.993322
0.380000 0.993336
0.384000 0.993351
0.388000 0.993366
0.392000 0.993381
0.396000 0.993397
0.400000 0.993414
0.404000 0.993430
0.408000 0.993447
0.412000 0.993465
0.416000 0.993483
0.420000 0.993501
0.424000 0.993520
0.428000 0.993539
0.432000 0.993559
0.436000 0.993579
0.440000 0.993599
0.444000 0.993620
0.448000 0.993642
0.452000 0.993664
0.456000 0.993686
0.460000 0.993709
0.464000 0.993732
0.468000 0.993756
0.472000 0.993780
0.476000 0.993805
0.480000 0.993830
0.484000 0.993856
0.488000 0.993882
0.492000 0.993909
0.496000 0.993936
0.500000 0.993963
0.504000 0.993991
0.508000 0.994020
0.512000 0.994049
0.516000 0.994078
0.520000 0.994108
0.524000 0.994139
0.528000 0.994170
0.532000 0.994201
0.536000 0.994233
0.540000 0.994265
0.544000 0.994298
0.548000 0.994331
0.552000 0.994365
0.556000 0.994399
0.560000 0.994433
0.564000 0.994468
0.568000 0.994503
0.572000 0.994539
0.576000 0.994576
0.580000 0.994612
0.584000 0.994649
0.588000 0.994687
0.592000 0.994725
0.596000 0.994763
0.600000 0.994802
0.604000 0.994841
0.608000 0.994880
0.612000 0.994920
0.616000 0.994960
0.620000 0.995001
0.624000 0.995041
0.628000 0.995083
0.632000 0.995124
0.636000 0.995166
0.640000 0.995208
0.644000 0.995250
0.648000 0.995293
0.652000 0.995336
0.656000 0.995379
0.660000 0.995423
0.664000 0.995466
0.668000 0.995510
0.672000 0.995554
0.676000 0.995599
0.680000 0.995643
0.684000 0.995688
0.688000 0.995733
0.692000 0.995778
0.696000 0.995823
0.700000 0.995869
0.704000 0.995914
0.708000 0.995960
0.712000 0.996006
0.716000 0.996051
0.720000 0.996097
0.724000 0.996143
0.728000 0.996189
0.732000 0.996235
0.736000 0.996282
0.740000 0.996328
0.744000 0.996374
0.748000 0.996420
0.752000 0.996466
0.756000 0.996512
0.760000 0.996558
0.764000 0.996604
0.768000 0.996650
0.772000 0.996696
0.776000 0.996741
0.780000 0.996787
0.784000 0.996832
0.788000 0.996878
0.792000 0.996923
0.796000 0.996968
0.800000 0.997013
0.804000 0.997058
0.808000 0.997102
0.812000 0.997147
0.816000 0.997191
0.820000 0.997235
0.824000 0.997279
0.828000 0.997322
0.832000 0.997366
0.836000 0.997409
0.840000 0.997451
0.844000 0.997494
0.848000 0.997536
0.852000 0.997578
0.856000 0.997620
0.860000 0.997661
0.864000 0.997702
0.868000 0.997743
0.872000 0.997783
0.876000 0.997823
0.880000 0.997863
0.884000 0.997902
0.888000 0.997941
0.892000 0.997979
0.896000 0.998018
0.900000 0.998056
0.904000 0.998093
0.908000 0.998130
0.912000 0.998167
0.916000 0.998203
0.920000 0.998239
0.924000 0.998275
0.928000 0.998310
0.932000 0.998344
0.936000 0.998379
0.940000 0.998413
0.944000 0.998447
0.948000 0.998480
0.952000 0.998513
0.956000 0.998546
0.960000 0.998579
0.964000 0.998612
0.968000 0.998645
0.972000 0.998679
0.976000 0.998714
0.980000 0.998750
0.984000 0.998789
0.988000 0.998832
0.992000 0.998880
0.996000 0.998936
1.000000 0.999004
