-1.000000 0.991037
-0.996000 0.991037
-0.992000 0.991037
-0.988000 0.991037
-0.984000 0.991037
-0.980000 0.991037
-0.976000 0.991037
-0.972000 0.991037
-0.968000 0.991037
-0.964000 0.991037
-0.960000 0.991037
-0.956000 0.991037
-0.952000 0.991037
-0.948000 0.991037
-0.944000 0.991037
-0.940000 0.991037
-0.936000 0.991037
-0.932000 0.991037
-0.928000 0.991037
-0.924000 0.991037
-0.920000 0.991037
-0.916000 0.991037
-0.912000 0.991037
-0.908000 0.991037
-0.904000 0.991037
-0.900000 0.991037
-0.896000 0.991037
-0.892000 0.991037
-0.888000 0.991037
-0.884000 0.991037
-0.880000 0.991037
-0.876000 0.991037
-0.872000 0.991037
-0.868000 0.991037
-0.864000 0.991037
-0.860000 0.991037
-0.856000 0.991037
-0.852000 0.991037
-0.848000 0.991037
-0.844000 0.991037
-0.840000 0.991037
-0.836000 0.991037
-0.832000 0.991037
-0.828000 0.991037
-0.824000 0.991037
-0.820000 0.991037
-0.816000 0.991037
-0.812000 0.991037
-0.808000 0.991037
-0.804000 0.991037
-0.800000 0.991037
-0.796000 0.991037
-0.792000 0.991037
-0.788000 0.991037
-0.784000 0.991037
-0.780000 0.991037
-0.776000 0.991037
-0.772000 0.991037
-0.768000 0.991037
-0.764000 0.991037
-0.760000 0.991037
-0.756000 0.991037
-0.752000 0.991037
-0.748000 0.991037
-0.744000 0.991037
-0.740000 0.991037
-0.736000 0.991037
-0.732000 0.991037
-0.728000 0.991037
-0.724000 0.991037
-0.720000 0.991037
-0.716000 0.991037
-0.712000 0.991037
-0.708000 0.991037
-0.704000 0.991037
-0.700000 0.991037
-0.696000 0.991037
-0.692000 0.991037
-0.688000 0.991037
-0.684000 0.991037
-0.680000 0.991037
-0.676000 0.991037
-0.672000 0.991037
-0.668000 0.991037
-0.664000 0.991037
-0.660000 0.991037
-0.656000 0.991037
-0.652000 0.991037
-0.648000 0.991037
-0.644000 0.991037
-0.640000 0.991037
-0.636000 0.991037
-0.632000 0.991037
-0.628000 0.991037
-0.624000 0.991037
-0.620000 0.991038
-0.616000 0.991038
-0.612000 0.991038
-0.608000 0.991038
-0.604000 0.991038
-0.600000 0.991038
-0.596000 0.991038
-0.592000 0.991038
-0.588000 0.991038
-0.584000 0.991038
-0.580000 0.991038
-0.576000 0.991039
-0.572000 0.991039
-0.568000 0.991039
-0.564000 0.991039
-0.560000 0.991039
-0.556000 0.991039
-0.552000 0.991040
-0.548000 0.991040
-0.544000 0.991040
-0.540000 0.991041
-0.536000 0.991041
-0.532000 0.991041
-0.528000 0.991042
-0.524000 0.991042
-0.520000 0.991042
-0.516000 0.991043
-0.512000 0.991043
-0.508000 0.991044
-0.504000 0.991045
-0.500000 0.991045
-0.496000 0.991046
-0.492000 0.991047
-0.488000 0.991048
-0.484000 0.991048
-0.480000 0.991049
-0.476000 0.991050
-0.472000 0.991051
-0.468000 0.991052
-0.464000 0.991054
-0.460000 0.991055
-0.456000 0.991056
-0.452000 0.991058
-0.448000 0.991059
-0.444000 0.991061
-0.440000 0.991063
-0.436000 0.991065
-0.432000 0.991067
-0.428000 0.991069
-0.424000 0.991071
-0.420000 0.991073
-0.416000 0.991076
-0.412000 0.991078
-0.408000 0.991081
-0.404000 0.991084
-0.400000 0.991087
-0.396000 0.991091
-0.392000 0.991094
-0.388000 0.991098
-0.384000 0.991102
-0.380000 0.991106
-0.376000 0.991110
-0.372000 0.991114
-0.368000 0.991119
-0.364000 0.991124
-0.360000 0.991129
-0.356000 0.991135
-0.352000 0.991140
-0.348000 0.991146
-0.344000 0.991153
-0.340000 0.991159
-0.336000 0.991166
-0.332000 0.991173
-0.328000 0.991181
-0.324000 0.991188
-0.320000 0.991196
-0.316000 0.991205
-0.312000 0.991214
-0.308000 0.991223
-0.304000 0.991232
-0.300000 0.991242
-0.296000 0.991252
-0.292000 0.991263
-0.288000 0.991274
-0.284000 0.991285
-0.280000 0.991297
-0.276000 0.991309
-0.272000 0.991322
-0.268000 0.991335
-0.264000 0.991349
-0.260000 0.991363
-0.256000 0.991377
-0.252000 0.991392
-0.248000 0.991407
-0.244000 0.991423
-0.240000 0.991439
-0.236000 0.991456
-0.232000 0.991473
-0.228000 0.991491
-0.224000 0.991509
-0.220000 0.991527
-0.216000 0.991546
-0.212000 0.991566
-0.208000 0.991586
-0.204000 0.991606
-0.200000 0.991627
-0.196000 0.991649
-0.192000 0.991671
-0.188000 0.991693
-0.184000 0.991716
-0.180000 0.991739
-0.176000 0.991763
-0.172000 0.991788
-0.168000 0.991812
-0.164000 0.991838
-0.160000 0.991863
-0.156000 0.991889
-0.152000 0.991916
-0.148000 0.991943
-0.144000 0.991970
-0.140000 0.991998
-0.136000 0.992026
-0.132000 0.992055
-0.128000 0.992084
-0.124000 0.992113
-0.120000 0.992142
-0.116000 0.992172
-0.112000 0.992203
-0.108000 0.992233
-0.104000 0.992264
-0.100000 0.992296
-0.096000 0.992327
-0.092000 0.992359
-0.088000 0.992391
-0.084000 0.992423
-0.080000 0.992456
-0.076000 0.992489
-0.072000 0.992522
-0.068000 0.992555
-0.064000 0.992588
-0.060000 0.992621
-0.056000 0.992655
-0.052000 0.992689
-0.048000 0.992722
-0.044000 0.992756
-0.040000 0.992790
-0.036000 0.992824
-0.032000 0.992858
-0.028000 0.992892
-0.024000 0.992926
-0.020000 0.992960
-0.016000 0.992994
-0.012000 0.993028
-0.008000 0.993061
-0.004000 0.993095
0.000000 0.993129
0.004000 0.993162
0.008000 0.993195
0.012000 0.993229
0.016000 0.993262
0.020000 0.993295
0.024000 0.993327
0.028000 0.993360
0.032000 0.993392
0.036000 0.993424
0.040000 0.993456
0.044000 0.993487
0.048000 0.993518
0.052000 0.993549
0.056000 0.993580
0.060000 0.993610
0.064000 0.993640
0.068000 0.993670
0.072000 0.993699
0.076000 0.993729
0.080000 0.993757
0.084000 0.993786
0.088000 0.993813
0.092000 0.993841
0.096000 0.993868
0.100000 0.993895
0.104000 0.993921
0.108000 0.993947
0.112000 0.993973
0.116000 0.993998
0.120000 0.994023
0.124000 0.994047
0.128000 0.994071
0.132000 0.994095
0.136000 0.994118
0.140000 0.994140
0.144000 0.994163
0.148000 0.994184
0.152000 0.994206
0.156000 0.994227
0.160000 0.994247
0.164000 0.994267
0.168000 0.994287
0.172000 0.994306
0.176000 0.994325
0.180000 0.994343
0.184000 0.994361
0.188000 0.994378
0.192000 0.994395
0.196000 0.994412
0.200000 0.994428
0.204000 0.994444
0.208000 0.994460
0.212000 0.994475
0.216000 0.994489
0.220000 0.994503
0.224000 0.994517
0.228000 0.994531
0.232000 0.994544
0.236000 0.994557
0.240000 0.994569
0.244000 0.994581
0.248000 0.994593
0.252000 0.994604
0.256000 0.994615
0.260000 0.994626
0.264000 0.994636
0.268000 0.994646
0.272000 0.994656
0.276000 0.994665
0.280000 0.994674
0.284000 0.994683
0.288000 0.994691
0.292000 0.994699
0.296000 0.994707
0.300000 0.994715
0.304000 0.994722
0.308000 0.994729
0.312000 0.994736
0.316000 0.994743
0.320000 0.994749
0.324000 0.994755
0.328000 0.994761
0.332000 0.994767
0.336000 0.994773
0.340000 0.994778
0.344000 0.994783
0.348000 0.994788
0.352000 0.994793
0.356000 0.994797
0.360000 0.994801
0.364000 0.994806
0.368000 0.994810
0.372000 0.994813
0.376000 0.994817
0.380000 0.994821
0.384000 0.994824
0.388000 0.994827
0.392000 0.994830
0.396000 0.994833
0.400000 0.994836
0.404000 0.994839
0.408000 0.994842
0.412000 0.994844
0.416000 0.994846
0.420000 0.994849
0.424000 0.994851
0.428000 0.994853
0.432000 0.994855
0.436000 0.994857
0.440000 0.994859
0.444000 0.994860
0.448000 0.994862
0.452000 0.994864
0.456000 0.994865
0.460000 0.994867
0.464000 0.994868
0.468000 0.994869
0.472000 0.994870
0.476000 0.994872
0.480000 0.994873
0.484000 0.994874
0.488000 0.994875
0.492000 0.994876
0.496000 0.994877
0.500000 0.994877
0.504000 0.994878
0.508000 0.994879
0.512000 0.994880
0.516000 0.994880
0.520000 0.994881
0.524000 0.994882
0.528000 0.994882
0.532000 0.994883
0.536000 0.994883
0.540000 0.994884
0.544000 0.994884
0.548000 0.994885
0.552000 0.994885
0.556000 0.994886
0.560000 0.994886
0.564000 0.994886
0.568000 0.994887
0.572000 0.994887
0.576000 0.994887
0.580000 0.994888
0.584000 0.994888
0.588000 0.994888
0.592000 0.994888
0.596000 0.994889
0.600000 0.994889
0.604000 0.994889
0.608000 0.994889
0.612000 0.994889
0.616000 0.994890
0.620000 0.994890
0.624000 0.994890
0.628000 0.994890
0.632000 0.994890
0.636000 0.994890
0.640000 0.994890
0.644000 0.994890
0.648000 0.994891
0.652000 0.994891
0.656000 0.994891
0.660000 0.994891
0.664000 0.994891
0.668000 0.994891
0.672000 0.994891
0.676000 0.994891
0.680000 0.994891
0.684000 0.994891
0.688000 0.994891
0.692000 0.994891
0.696000 0.994891
0.700000 0.994891
0.704000 0.994891
0.708000 0.994891
0.712000 0.994892
0.716000 0.994892
0.720000 0.994892
0.724000 0.994892
0.728000 0.994892
0.732000 0.994892
0.736000 0.994892
0.740000 0.994892
0.744000 0.994892
0.748000 0.994892
0.752000 0.994892
0.756000 0.994892
0.760000 0.994892
0.764000 0.994892
0.768000 0.994892
0.772000 0.994892
0.776000 0.994892
0.780000 0.994892
0.784000 0.994892
0.788000 0.994892
0.792000 0.994892
0.796000 0.994892
0.800000 0.994892
0.804000 0.994892
0.808000 0.994892
0.812000 0.994892
0.816000 0.994892
0.820000 0.994892
0.824000 0.994892
0.828000 0.994892
0.832000 0.994892
0.836000 0.994892
0.840000 0.994892
0.844000 0.994892
0.848000 0.994892
0.852000 0.994892
0.856000 0.994892
0.860000 0.994892
0.864000 0.994892
0.868000 0.994892
0.872000 0.994892
0.876000 0.994892
0.880000 0.994892
0.884000 0.994892
0.888000 0.994892
0.892000 0.994892
0.896000 0.994892
0.900000 0.994892
0.904000 0.994892
0.908000 0.994892
0.912000 0.994892
0.916000 0.994892
0.920000 0.994892
0.924000 0.994892
0.928000 0.994892
0.932000 0.994892
0.936000 0.994892
0.940000 0.994892
0.944000 0.994892
0.948000 0.994892
0.952000 0.994892
0.956000 0.994892
0.960000 0.994892
0.964000 0.994892
0.968000 0.994892
0.972000 0.994892
0.976000 0.994892
0.980000 0.994892
0.984000 0.994892
0.988000 0.994892
0.992000 0.994892
0.996000 0.994892
1.000000 0.994892
