-1.000000 0.992919
-0.996000 0.992919
-0.992000 0.992919
-0.988000 0.992919
-0.984000 0.992919
-0.980000 0.992919
-0.976000 0.992919
-0.972000 0.992919
-0.968000 0.992919
-0.964000 0.992919
-0.960000 0.992919
-0.956000 0.992919
-0.952000 0.992919
-0.948000 0.992919
-0.944000 0.992919
-0.940000 0.992919
-0.936000 0.992919
-0.932000 0.992919
-0.928000 0.992919
-0.924000 0.992919
-0.920000 0.992919
-0.916000 0.992919
-0.912000 0.992919
-0.908000 0.992919
-0.904000 0.992919
-0.900000 0.992919
-0.896000 0.992919
-0.892000 0.992919
-0.888000 0.992919
-0.884000 0.992919
-0.880000 0.992919
-0.876000 0.992919
-0.872000 0.992919
-0.868000 0.992919
-0.864000 0.992919
-0.860000 0.992919
-0.856000 0.992919
-0.852000 0.992919
-0.848000 0.992919
-0.844000 0.992919
-0.840000 0.992919
-0.836000 0.992919
-0.832000 0.992919
-0.828000 0.992919
-0.824000 0.992919
-0.820000 0.992919
-0.816000 0.992919
-0.812000 0.992919
-0.808000 0.992919
-0.804000 0.992919
-0.800000 0.992919
-0.796000 0.992919
-0.792000 0.992919
-0.788000 0.992919
-0.784000 0.992919
-0.780000 0.992919
-0.776000 0.992919
-0.772000 0.992919
-0.768000 0.992919
-0.764000 0.992919
-0.760000 0.992919
-0.756000 0.992919
-0.752000 0.992919
-0.748000 0.992919
-0.744000 0.992919
-0.740000 0.992919
-0.736000 0.992919
-0.732000 0.992919
-0.728000 0.992919
-0.724000 0.992919
-0.720000 0.992919
-0.716000 0.992919
-0.712000 0.992919
-0.708000 0.992919
-0.704000 0.992919
-0.700000 0.992919
-0.696000 0.992919
-0.692000 0.992919
-0.688000 0.992919
-0.684000 0.992919
-0.680000 0.992919
-0.676000 0.992919
-0.672000 0.992919
-0.668000 0.992919
-0.664000 0.992919
-0.660000 0.992919
-0.656000 0.992919
-0.652000 0.992919
-0.648000 0.992919
-0.644000 0.992919
-0.640000 0.992919
-0.636000 0.992919
-0.632000 0.992919
-0.628000 0.992919
-0.624000 0.992919
-0.620000 0.992919
-0.616000 0.992920
-0.612000 0.992920
-0.608000 0.992920
-0.604000 0.992920
-0.600000 0.992920
-0.596000 0.992920
-0.592000 0.992920
-0.588000 0.992920
-0.584000 0.992920
-0.580000 0.992920
-0.576000 0.992920
-0.572000 0.992921
-0.568000 0.992921
-0.564000 0.992921
-0.560000 0.992921
-0.556000 0.992921
-0.552000 0.992922
-0.548000 0.992922
-0.544000 0.992922
-0.540000 0.992922
-0.536000 0.992923
-0.532000 0.992923
-0.528000 0.992923
-0.524000 0.992924
-0.520000 0.992924
-0.516000 0.992925
-0.512000 0.992925
-0.508000 0.992926
-0.504000 0.992926
-0.500000 0.992927
-0.496000 0.992928
-0.492000 0.992929
-0.488000 0.992929
-0.484000 0.992930
-0.480000 0.992931
-0.476000 0.992932
-0.472000 0.992933
-0.468000 0.992935
-0.464000 0.992936
-0.460000 0.992937
-0.456000 0.992939
-0.452000 0.992940
-0.448000 0.992942
-0.444000 0.992944
-0.440000 0.992945
-0.436000 0.992947
-0.432000 0.992950
-0.428000 0.992952
-0.424000 0.992954
-0.420000 0.992957
-0.416000 0.992960
-0.412000 0.992963
-0.408000 0.992966
-0.404000 0.992969
-0.400000 0.992973
-0.396000 0.992976
-0.392000 0.992980
-0.388000 0.992984
-0.384000 0.992989
-0.380000 0.992994
-0.376000 0.992998
-0.372000 0.993004
-0.368000 0.993009
-0.364000 0.993015
-0.360000 0.993021
-0.356000 0.993027
-0.352000 0.993034
-0.348000 0.993041
-0.344000 0.993049
-0.340000 0.993057
-0.336000 0.993065
-0.332000 0.993073
-0.328000 0.993083
-0.324000 0.993092
-0.320000 0.993102
-0.316000 0.993112
-0.312000 0.993123
-0.308000 0.993135
-0.304000 0.993146
-0.300000 0.993159
-0.296000 0.993172
-0.292000 0.993185
-0.288000 0.993199
-0.284000 0.993214
-0.280000 0.993229
-0.276000 0.993244
-0.272000 0.993261
-0.268000 0.993278
-0.264000 0.993296
-0.260000 0.993314
-0.256000 0.993333
-0.252000 0.993352
-0.248000 0.993373
-0.244000 0.993394
-0.240000 0.993416
-0.236000 0.993438
-0.232000 0.993461
-0.228000 0.993485
-0.224000 0.993510
-0.220000 0.993536
-0.216000 0.993562
-0.212000 0.993589
-0.208000 0.993617
-0.204000 0.993646
-0.200000 0.993676
-0.196000 0.993706
-0.192000 0.993737
-0.188000 0.993769
-0.184000 0.993802
-0.180000 0.993836
-0.176000 0.993870
-0.172000 0.993906
-0.168000 0.993942
-0.164000 0.993979
-0.160000 0.994017
-0.156000 0.994055
-0.152000 0.994095
-0.148000 0.994135
-0.144000 0.994176
-0.140000 0.994218
-0.136000 0.994261
-0.132000 0.994305
-0.128000 0.994349
-0.124000 0.994395
-0.120000 0.994441
-0.116000 0.994487
-0.112000 0.994535
-0.108000 0.994583
-0.104000 0.994632
-0.100000 0.994682
-0.096000 0.994732
-0.092000 0.994783
-0.088000 0.994835
-0.084000 0.994887
-0.080000 0.994940
-0.076000 0.994994
-0.072000 0.995048
-0.068000 0.995103
-0.064000 0.995158
-0.060000 0.995214
-0.056000 0.995270
-0.052000 0.995327
-0.048000 0.995384
-0.044000 0.995442
-0.040000 0.995500
-0.036000 0.995558
-0.032000 0.995617
-0.028000 0.995676
-0.024000 0.995735
-0.020000 0.995795
-0.016000 0.995855
-0.012000 0.995915
-0.008000 0.995975
-0.004000 0.996036
0.000000 0.996096
0.004000 0.996157
0.008000 0.996218
0.012000 0.996279
0.016000 0.996339
0.020000 0.996400
0.024000 0.996461
0.028000 0.996522
0.032000 0.996582
0.036000 0.996643
0.040000 0.996703
0.044000 0.996763
0.048000 0.996823
0.052000 0.996883
0.056000 0.996942
0.060000 0.997002
0.064000 0.997060
0.068000 0.997119
0.072000 0.997177
0.076000 0.997235
0.080000 0.997292
0.084000 0.997349
0.088000 0.997406
0.092000 0.997462
0.096000 0.997517
0.100000 0.997572
0.104000 0.997627
0.108000 0.997681
0.112000 0.997734
0.116000 0.997787
0.120000 0.997840
0.124000 0.997891
0.128000 0.997942
0.132000 0.997993
0.136000 0.998042
0.140000 0.998091
0.144000 0.998140
0.148000 0.998188
0.152000 0.998235
0.156000 0.998281
0.160000 0.998327
0.164000 0.998371
0.168000 0.998416
0.172000 0.998459
0.176000 0.998502
0.180000 0.998544
0.184000 0.998585
0.188000 0.998625
0.192000 0.998665
0.196000 0.998704
0.200000 0.998742
0.204000 0.998780
0.208000 0.998816
0.212000 0.998852
0.216000 0.998887
0.220000 0.998922
0.224000 0.998955
0.228000 0.998988
0.232000 0.999021
0.236000 0.999052
0.240000 0.999083
0.244000 0.999113
0.248000 0.999142
0.252000 0.999171
0.256000 0.999198
0.260000 0.999226
0.264000 0.999252
0.268000 0.999278
0.272000 0.999303
0.276000 0.999327
0.280000 0.999351
0.284000 0.999374
0.288000 0.999397
0.292000 0.999419
0.296000 0.999440
0.300000 0.999460
0.304000 0.999480
0.308000 0.999500
0.312000 0.999519
0.316000 0.999537
0.320000 0.999555
0.324000 0.999572
0.328000 0.999588
0.332000 0.999605
0.336000 0.999620
0.340000 0.999635
0.344000 0.999650
0.348000 0.999664
0.352000 0.999677
0.356000 0.999691
0.360000 0.999703
0.364000 0.999716
0.368000 0.999728
0.372000 0.999739
0.376000 0.999750
0.380000 0.999761
0.384000 0.999771
0.388000 0.999781
0.392000 0.999790
0.396000 0.999799
0.400000 0.999808
0.404000 0.999817
0.408000 0.999825
0.412000 0.999833
0.416000 0.999840
0.420000 0.999847
0.424000 0.999854
0.428000 0.999861
0.432000 0.999868
0.436000 0.999874
0.440000 0.999880
0.444000 0.999885
0.448000 0.999891
0.452000 0.999896
0.456000 0.999901
0.460000 0.999906
0.464000 0.999910
0.468000 0.999915
0.472000 0.999919
0.476000 0.999923
0.480000 0.999927
0.484000 0.999930
0.488000 0.999934
0.492000 0.999937
0.496000 0.999940
0.500000 0.999943
0.504000 0.999946
0.508000 0.999949
0.512000 0.999952
0.516000 0.999954
0.520000 0.999956
0.524000 0.999959
0.528000 0.999961
0.532000 0.999963
0.536000 0.999965
0.540000 0.999967
0.544000 0.999969
0.548000 0.999970
0.552000 0.999972
0.556000 0.999973
0.560000 0.999975
0.564000 0.999976
0.568000 0.999978
0.572000 0.999979
0.576000 0.999980
0.580000 0.999981
0.584000 0.999982
0.588000 0.999983
0.592000 0.999984
0.596000 0.999985
0.600000 0.999986
0.604000 0.999987
0.608000 0.999987
0.612000 0.999988
0.616000 0.999989
0.620000 0.999990
0.624000 0.999990
0.628000 0.999991
0.632000 0.999991
0.636000 0.999992
0.640000 0.999992
0.644000 0.999993
0.648000 0.999993
0.652000 0.999994
0.656000 0.999994
0.660000 0.999994
0.664000 0.999995
0.668000 0.999995
0.672000 0.999995
0.676000 0.999996
0.680000 0.999996
0.684000 0.999996
0.688000 0.999996
0.692000 0.999997
0.696000 0.999997
0.700000 0.999997
0.704000 0.999997
0.708000 0.999997
0.712000 0.999998
0.716000 0.999998
0.720000 0.999998
0.724000 0.999998
0.728000 0.999998
0.732000 0.999998
0.736000 0.999998
0.740000 0.999998
0.744000 0.999999
0.748000 0.999999
0.752000 0.999999
0.756000 0.999999
0.760000 0.999999
0.764000 0.999999
0.768000 0.999999
0.772000 0.999999
0.776000 0.999999
0.780000 0.999999
0.784000 0.999999
0.788000 0.999999
0.792000 0.999999
0.796000 0.999999
0.800000 0.999999
0.804000 1.000000
0.808000 1.000000
0.812000 1.000000
0.816000 1.000000
0.820000 1.000000
0.824000 1.000000
0.828000 1.000000
0.832000 1.000000
0.836000 1.000000
0.840000 1.000000
0.844000 1.000000
0.848000 1.000000
0.852000 1.000000
0.856000 1.000000
0.860000 1.000000
0.864000 1.000000
0.868000 1.000000
0.872000 1.000000
0.876000 1.000000
0.880000 1.000000
0.884000 1.000000
0.888000 1.000000
0.892000 1.000000
0.896000 1.000000
0.900000 1.000000
0.904000 1.000000
0.908000 1.000000
0.912000 1.000000
0.916000 1.000000
0.920000 1.000000
0.924000 1.000000
0.928000 1.000000
0.932000 1.000000
0.936000 1.000000
0.940000 1.000000
0.944000 1.000000
0.948000 1.000000
0.952000 1.000000
0.956000 1.000000
0.960000 1.000000
0.964000 1.000000
0.968000 1.000000
0.972000 1.000000
0.976000 1.000000
0.980000 1.000000
0.984000 1.000000
0.988000 1.000000
0.992000 1.000000
0.996000 1.000000
1.000000 1.000000
