-1.000000 0.992919
-0.996000 0.992919
-0.992000 0.992919
-0.988000 0.992919
-0.984000 0.992919
-0.980000 0.992919
-0.976000 0.992919
-0.972000 0.992919
-0.968000 0.992919
-0.964000 0.992919
-0.960000 0.992919
-0.956000 0.992919
-0.952000 0.992919
-0.948000 0.992919
-0.944000 0.992919
-0.940000 0.992919
-0.936000 0.992919
-0.932000 0.992919
-0.928000 0.992919
-0.924000 0.992919
-0.920000 0.992919
-0.916000 0.992919
-0.912000 0.992919
-0.908000 0.992919
-0.904000 0.992919
-0.900000 0.992919
-0.896000 0.992919
-0.892000 0.992919
-0.888000 0.992919
-0.884000 0.992919
-0.880000 0.992919
-0.876000 0.992919
-0.872000 0.992919
-0.868000 0.992919
-0.864000 0.992919
-0.860000 0.992919
-0.856000 0.992919
-0.852000 0.992919
-0.848000 0.992919
-0.844000 0.992919
-0.840000 0.992919
-0.836000 0.992919
-0.832000 0.992919
-0.828000 0.992919
-0.824000 0.992919
-0.820000 0.992919
-0.816000 0.992919
-0.812000 0.992919
-0.808000 0.992919
-0.804000 0.992919
-0.800000 0.992919
-0.796000 0.992919
-0.792000 0.992919
-0.788000 0.992919
-0.784000 0.992919
-0.780000 0.992919
-0.776000 0.992919
-0.772000 0.992919
-0.768000 0.992919
-0.764000 0.992919
-0.760000 0.992919
-0.756000 0.992919
-0.752000 0.992919
-0.748000 0.992919
-0.744000 0.992919
-0.740000 0.992919
-0.736000 0.992919
-0.732000 0.992919
-0.728000 0.992919
-0.724000 0.992919
-0.720000 0.992919
-0.716000 0.992919
-0.712000 0.992919
-0.708000 0.992919
-0.704000 0.992919
-0.700000 0.992919
-0.696000 0.992919
-0.692000 0.992919
-0.688000 0.992919
-0.684000 0.992919
-0.680000 0.992919
-0.676000 0.992919
-0.672000 0.992919
-0.668000 0.992919
-0.664000 0.992919
-0.660000 0.992919
-0.656000 0.992919
-0.652000 0.992919
-0.648000 0.992919
-0.644000 0.992919
-0.640000 0.992919
-0.636000 0.992919
-0.632000 0.992919
-0.628000 0.992919
-0.624000 0.992919
-0.620000 0.992919
-0.616000 0.992919
-0.612000 0.992919
-0.608000 0.992919
-0.604000 0.992919
-0.600000 0.992919
-0.596000 0.992919
-0.592000 0.992919
-0.588000 0.992919
-0.584000 0.992919
-0.580000 0.992919
-0.576000 0.992919
-0.572000 0.992919
-0.568000 0.992919
-0.564000 0.992919
-0.560000 0.992919
-0.556000 0.992919
-0.552000 0.992919
-0.548000 0.992919
-0.544000 0.992919
-0.540000 0.992919
-0.536000 0.992919
-0.532000 0.992919
-0.528000 0.992919
-0.524000 0.992919
-0.520000 0.992919
-0.516000 0.992919
-0.512000 0.992919
-0.508000 0.992919
-0.504000 0.992919
-0.500000 0.992919
-0.496000 0.992919
-0.492000 0.992919
-0.488000 0.992919
-0.484000 0.992919
-0.480000 0.992919
-0.476000 0.992919
-0.472000 0.992919
-0.468000 0.992919
-0.464000 0.992919
-0.460000 0.992919
-0.456000 0.992919
-0.452000 0.992919
-0.448000 0.992919
-0.444000 0.992920
-0.440000 0.992920
-0.436000 0.992920
-0.432000 0.992920
-0.428000 0.992920
-0.424000 0.992920
-0.420000 0.992920
-0.416000 0.992920
-0.412000 0.992920
-0.408000 0.992920
-0.404000 0.992920
-0.400000 0.992920
-0.396000 0.992920
-0.392000 0.992921
-0.388000 0.992921
-0.384000 0.992921
-0.380000 0.992921
-0.376000 0.992921
-0.372000 0.992921
-0.368000 0.992922
-0.364000 0.992922
-0.360000 0.992922
-0.356000 0.992922
-0.352000 0.992923
-0.348000 0.992923
-0.344000 0.992923
-0.340000 0.992924
-0.336000 0.992924
-0.332000 0.992924
-0.328000 0.992925
-0.324000 0.992925
-0.320000 0.992926
-0.316000 0.992926
-0.312000 0.992927
-0.308000 0.992927
-0.304000 0.992928
-0.300000 0.992929
-0.296000 0.992930
-0.292000 0.992930
-0.288000 0.992931
-0.284000 0.992932
-0.280000 0.992933
-0.276000 0.992934
-0.272000 0.992935
-0.268000 0.992936
-0.264000 0.992937
-0.260000 0.992939
-0.256000 0.992940
-0.252000 0.992941
-0.248000 0.992943
-0.244000 0.992945
-0.240000 0.992946
-0.236000 0.992948
-0.232000 0.992950
-0.228000 0.992952
-0.224000 0.992954
-0.220000 0.992956
-0.216000 0.992959
-0.212000 0.992961
-0.208000 0.992964
-0.204000 0.992967
-0.200000 0.992970
-0.196000 0.992973
-0.192000 0.992976
-0.188000 0.992980
-0.184000 0.992983
-0.180000 0.992987
-0.176000 0.992991
-0.172000 0.992995
-0.168000 0.993000
-0.164000 0.993004
-0.160000 0.993009
-0.156000 0.993014
-0.152000 0.993019
-0.148000 0.993025
-0.144000 0.993031
-0.140000 0.993037
-0.136000 0.993043
-0.132000 0.993050
-0.128000 0.993057
-0.124000 0.993064
-0.120000 0.993072
-0.116000 0.993079
-0.112000 0.993088
-0.108000 0.993096
-0.104000 0.993105
-0.100000 0.993114
-0.096000 0.993124
-0.092000 0.993134
-0.088000 0.993144
-0.084000 0.993155
-0.080000 0.993166
-0.076000 0.993178
-0.072000 0.993190
-0.068000 0.993202
-0.064000 0.993215
-0.060000 0.993229
-0.056000 0.993242
-0.052000 0.993257
-0.048000 0.993272
-0.044000 0.993287
-0.040000 0.993303
-0.036000 0.993319
-0.032000 0.993336
-0.028000 0.993353
-0.024000 0.993371
-0.020000 0.993390
-0.016000 0.993409
-0.012000 0.993429
-0.008000 0.993449
-0.004000 0.993470
0.000000 0.993491
0.004000 0.993513
0.008000 0.993536
0.012000 0.993559
0.016000 0.993583
0.020000 0.993607
0.024000 0.993632
0.028000 0.993658
0.032000 0.993685
0.036000 0.993712
0.040000 0.993739
0.044000 0.993768
0.048000 0.993797
0.052000 0.993826
0.056000 0.993856
0.060000 0.993887
0.064000 0.993919
0.068000 0.993951
0.072000 0.993984
0.076000 0.994018
0.080000 0.994052
0.084000 0.994087
0.088000 0.994122
0.092000 0.994159
0.096000 0.994196
0.100000 0.994233
0.104000 0.994271
0.108000 0.994310
0.112000 0.994349
0.116000 0.994389
0.120000 0.994430
0.124000 0.994471
0.128000 0.994513
0.132000 0.994556
0.136000 0.994599
0.140000 0.994642
0.144000 0.994686
0.148000 0.994731
0.152000 0.994776
0.156000 0.994822
0.160000 0.994868
0.164000 0.994915
0.168000 0.994962
0.172000 0.995010
0.176000 0.995058
0.180000 0.995107
0.184000 0.995156
0.188000 0.995205
0.192000 0.995255
0.196000 0.995306
0.200000 0.995356
0.204000 0.995407
0.208000 0.995459
0.212000 0.995510
0.216000 0.995562
0.220000 0.995615
0.224000 0.995667
0.228000 0.995720
0.232000 0.995773
0.236000 0.995826
0.240000 0.995879
0.244000 0.995933
0.248000 0.995986
0.252000 0.996040
0.256000 0.996094
0.260000 0.996148
0.264000 0.996202
0.268000 0.996256
0.272000 0.996310
0.276000 0.996364
0.280000 0.996418
0.284000 0.996473
0.288000 0.996527
0.292000 0.996581
0.296000 0.996634
0.300000 0.996688
0.304000 0.996742
0.308000 0.996795
0.312000 0.996849
0.316000 0.996902
0.320000 0.996955
0.324000 0.997007
0.328000 0.997060
0.332000 0.997112
0.336000 0.997164
0.340000 0.997215
0.344000 0.997267
0.348000 0.997318
0.352000 0.997368
0.356000 0.997419
0.360000 0.997469
0.364000 0.997518
0.368000 0.997567
0.372000 0.997616
0.376000 0.997664
0.380000 0.997712
0.384000 0.997760
0.388000 0.997807
0.392000 0.997853
0.396000 0.997899
0.400000 0.997945
0.404000 0.997990
0.408000 0.998034
0.412000 0.998078
0.416000 0.998122
0.420000 0.998165
0.424000 0.998207
0.428000 0.998249
0.432000 0.998290
0.436000 0.998331
0.440000 0.998371
0.444000 0.998410
0.448000 0.998449
0.452000 0.998488
0.456000 0.998526
0.460000 0.998563
0.464000 0.998599
0.468000 0.998635
0.472000 0.998671
0.476000 0.998706
0.480000 0.998740
0.484000 0.998773
0.488000 0.998806
0.492000 0.998839
0.496000 0.998870
0.500000 0.998902
0.504000 0.998932
0.508000 0.998962
0.512000 0.998992
0.516000 0.999021
0.520000 0.999049
0.524000 0.999076
0.528000 0.999103
0.532000 0.999130
0.536000 0.999156
0.540000 0.999181
0.544000 0.999206
0.548000 0.999230
0.552000 0.999254
0.556000 0.999277
0.560000 0.999300
0.564000 0.999322
0.568000 0.999343
0.572000 0.999364
0.576000 0.999384
0.580000 0.999404
0.584000 0.999424
0.588000 0.999443
0.592000 0.999461
0.596000 0.999479
0.600000 0.999497
0.604000 0.999514
0.608000 0.999530
0.612000 0.999546
0.616000 0.999562
0.620000 0.999577
0.624000 0.999592
0.628000 0.999607
0.632000 0.999621
0.636000 0.999634
0.640000 0.999647
0.644000 0.999660
0.648000 0.999672
0.652000 0.999684
0.656000 0.999696
0.660000 0.999707
0.664000 0.999718
0.668000 0.999729
0.672000 0.999739
0.676000 0.999749
0.680000 0.999759
0.684000 0.999768
0.688000 0.999777
0.692000 0.999786
0.696000 0.999794
0.700000 0.999802
0.704000 0.999810
0.708000 0.999818
0.712000 0.999825
0.716000 0.999832
0.720000 0.999839
0.724000 0.999846
0.728000 0.999852
0.732000 0.999858
0.736000 0.999864
0.740000 0.999870
0.744000 0.999875
0.748000 0.999880
0.752000 0.999885
0.756000 0.999890
0.760000 0.999895
0.764000 0.999900
0.768000 0.999904
0.772000 0.999908
0.776000 0.999912
0.780000 0.999916
0.784000 0.999920
0.788000 0.999923
0.792000 0.999927
0.796000 0.999930
0.800000 0.999933
0.804000 0.999936
0.808000 0.999939
0.812000 0.999942
0.816000 0.999945
0.820000 0.999947
0.824000 0.999950
0.828000 0.999952
0.832000 0.999954
0.836000 0.999956
0.840000 0.999959
0.844000 0.999960
0.848000 0.999962
0.852000 0.999964
0.856000 0.999966
0.860000 0.999968
0.864000 0.999969
0.868000 0.999971
0.872000 0.999972
0.876000 0.999973
0.880000 0.999975
0.884000 0.999976
0.888000 0.999977
0.892000 0.999978
0.896000 0.999979
0.900000 0.999981
0.904000 0.999982
0.908000 0.999982
0.912000 0.999983
0.916000 0.999984
0.920000 0.999985
0.924000 0.999986
0.928000 0.999987
0.932000 0.999987
0.936000 0.999988
0.940000 0.999989
0.944000 0.999989
0.948000 0.999990
0.952000 0.999990
0.956000 0.999991
0.960000 0.999991
0.964000 0.999992
0.968000 0.999992
0.972000 0.999993
0.976000 0.999993
0.980000 0.999994
0.984000 0.999994
0.988000 0.999995
0.992000 0.999995
0.996000 0.999996
1.000000 0.999996
