-1.000000 0.997928
-0.996000 0.997928
-0.992000 0.997928
-0.988000 0.997928
-0.984000 0.997928
-0.980000 0.997928
-0.976000 0.997928
-0.972000 0.997928
-0.968000 0.997928
-0.964000 0.997928
-0.960000 0.997928
-0.956000 0.997928
-0.952000 0.997928
-0.948000 0.997928
-0.944000 0.997928
-0.940000 0.997928
-0.936000 0.997928
-0.932000 0.997928
-0.928000 0.997928
-0.924000 0.997928
-0.920000 0.997928
-0.916000 0.997928
-0.912000 0.997928
-0.908000 0.997928
-0.904000 0.997928
-0.900000 0.997928
-0.896000 0.997928
-0.892000 0.997928
-0.888000 0.997928
-0.884000 0.997928
-0.880000 0.997928
-0.876000 0.997928
-0.872000 0.997928
-0.868000 0.997928
-0.864000 0.997928
-0.860000 0.997928
-0.856000 0.997928
-0.852000 0.997928
-0.848000 0.997928
-0.844000 0.997928
-0.840000 0.997928
-0.836000 0.997928
-0.832000 0.997928
-0.828000 0.997928
-0.824000 0.997928
-0.820000 0.997928
-0.816000 0.997928
-0.812000 0.997928
-0.808000 0.997928
-0.804000 0.997928
-0.800000 0.997928
-0.796000 0.997928
-0.792000 0.997928
-0.788000 0.997928
-0.784000 0.997928
-0.780000 0.997928
-0.776000 0.997928
-0.772000 0.997928
-0.768000 0.997928
-0.764000 0.997928
-0.760000 0.997928
-0.756000 0.997928
-0.752000 0.997928
-0.748000 0.997928
-0.744000 0.997928
-0.740000 0.997928
-0.736000 0.997928
-0.732000 0.997928
-0.728000 0.997928
-0.724000 0.997928
-0.720000 0.997928
-0.716000 0.997928
-0.712000 0.997928
-0.708000 0.997928
-0.704000 0.997928
-0.700000 0.997928
-0.696000 0.997928
-0.692000 0.997928
-0.688000 0.997928
-0.684000 0.997928
-0.680000 0.997928
-0.676000 0.997928
-0.672000 0.997928
-0.668000 0.997928
-0.664000 0.997928
-0.660000 0.997928
-0.656000 0.997928
-0.652000 0.997928
-0.648000 0.997928
-0.644000 0.997928
-0.640000 0.997928
-0.636000 0.997928
-0.632000 0.997928
-0.628000 0.997928
-0.624000 0.997928
-0.620000 0.997928
-0.616000 0.997928
-0.612000 0.997928
-0.608000 0.997928
-0.604000 0.997928
-0.600000 0.997928
-0.596000 0.997928
-0.592000 0.997928
-0.588000 0.997928
-0.584000 0.997928
-0.580000 0.997928
-0.576000 0.997928
-0.572000 0.997928
-0.568000 0.997928
-0.564000 0.997928
-0.560000 0.997928
-0.556000 0.997928
-0.552000 0.997928
-0.548000 0.997928
-0.544000 0.997928
-0.540000 0.997928
-0.536000 0.997928
-0.532000 0.997928
-0.528000 0.997928
-0.524000 0.997928
-0.520000 0.997928
-0.516000 0.997928
-0.512000 0.997928
-0.508000 0.997928
-0.504000 0.997928
-0.500000 0.997928
-0.496000 0.997928
-0.492000 0.997928
-0.488000 0.997928
-0.484000 0.997928
-0.480000 0.997928
-0.476000 0.997928
-0.472000 0.997928
-0.468000 0.997928
-0.464000 0.997927
-0.460000 0.997927
-0.456000 0.997927
-0.452000 0.997927
-0.448000 0.997927
-0.444000 0.997927
-0.440000 0.997927
-0.436000 0.997927
-0.432000 0.997927
-0.428000 0.997927
-0.424000 0.997927
-0.420000 0.997927
-0.416000 0.997926
-0.412000 0.997926
-0.408000 0.997926
-0.404000 0.997926
-0.400000 0.997926
-0.396000 0.997926
-0.392000 0.997925
-0.388000 0.997925
-0.384000 0.997925
-0.380000 0.997925
-0.376000 0.997924
-0.372000 0.997924
-0.368000 0.997924
-0.364000 0.997923
-0.360000 0.997923
-0.356000 0.997923
-0.352000 0.997922
-0.348000 0.997922
-0.344000 0.997921
-0.340000 0.997921
-0.336000 0.997920
-0.332000 0.997919
-0.328000 0.997919
-0.324000 0.997918
-0.320000 0.997917
-0.316000 0.997917
-0.312000 0.997916
-0.308000 0.997915
-0.304000 0.997914
-0.300000 0.997913
-0.296000 0.997912
-0.292000 0.997910
-0.288000 0.997909
-0.284000 0.997908
-0.280000 0.997906
-0.276000 0.997905
-0.272000 0.997903
-0.268000 0.997902
-0.264000 0.997900
-0.260000 0.997898
-0.256000 0.997896
-0.252000 0.997894
-0.248000 0.997892
-0.244000 0.997889
-0.240000 0.997887
-0.236000 0.997884
-0.232000 0.997881
-0.228000 0.997878
-0.224000 0.997875
-0.220000 0.997872
-0.216000 0.997868
-0.212000 0.997865
-0.208000 0.997861
-0.204000 0.997857
-0.200000 0.997853
-0.196000 0.997848
-0.192000 0.997844
-0.188000 0.997839
-0.184000 0.997834
-0.180000 0.997828
-0.176000 0.997823
-0.172000 0.997817
-0.168000 0.997811
-0.164000 0.997804
-0.160000 0.997797
-0.156000 0.997790
-0.152000 0.997783
-0.148000 0.997775
-0.144000 0.997767
-0.140000 0.997759
-0.136000 0.997750
-0.132000 0.997741
-0.128000 0.997732
-0.124000 0.997722
-0.120000 0.997711
-0.116000 0.997701
-0.112000 0.997690
-0.108000 0.997678
-0.104000 0.997666
-0.100000 0.997654
-0.096000 0.997641
-0.092000 0.997627
-0.088000 0.997614
-0.084000 0.997599
-0.080000 0.997585
-0.076000 0.997569
-0.072000 0.997553
-0.068000 0.997537
-0.064000 0.997520
-0.060000 0.997502
-0.056000 0.997484
-0.052000 0.997466
-0.048000 0.997446
-0.044000 0.997427
-0.040000 0.997406
-0.036000 0.997385
-0.032000 0.997363
-0.028000 0.997341
-0.024000 0.997318
-0.020000 0.997295
-0.016000 0.997271
-0.012000 0.997246
-0.008000 0.997220
-0.004000 0.997194
0.000000 0.997167
0.004000 0.997140
0.008000 0.997111
0.012000 0.997083
0.016000 0.997053
0.020000 0.997023
0.024000 0.996992
0.028000 0.996960
0.032000 0.996928
0.036000 0.996895
0.040000 0.996861
0.044000 0.996827
0.048000 0.996792
0.052000 0.996756
0.056000 0.996720
0.060000 0.996683
0.064000 0.996645
0.068000 0.996606
0.072000 0.996567
0.076000 0.996528
0.080000 0.996487
0.084000 0.996446
0.088000 0.996404
0.092000 0.996362
0.096000 0.996319
0.100000 0.996276
0.104000 0.996231
0.108000 0.996187
0.112000 0.996141
0.116000 0.996096
0.120000 0.996049
0.124000 0.996002
0.128000 0.995955
0.132000 0.995907
0.136000 0.995858
0.140000 0.995809
0.144000 0.995760
0.148000 0.995710
0.152000 0.995660
0.156000 0.995609
0.160000 0.995558
0.164000 0.995507
0.168000 0.995455
0.172000 0.995403
0.176000 0.995351
0.180000 0.995298
0.184000 0.995245
0.188000 0.995192
0.192000 0.995138
0.196000 0.995085
0.200000 0.995031
0.204000 0.994977
0.208000 0.994922
0.212000 0.994868
0.216000 0.994814
0.220000 0.994759
0.224000 0.994705
0.228000 0.994650
0.232000 0.994596
0.236000 0.994541
0.240000 0.994486
0.244000 0.994432
0.248000 0.994377
0.252000 0.994323
0.256000 0.994269
0.260000 0.994215
0.264000 0.994161
0.268000 0.994107
0.272000 0.994053
0.276000 0.994000
0.280000 0.993947
0.284000 0.993894
0.288000 0.993841
0.292000 0.993789
0.296000 0.993737
0.300000 0.993685
0.304000 0.993634
0.308000 0.993583
0.312000 0.993532
0.316000 0.993482
0.320000 0.993432
0.324000 0.993383
0.328000 0.993334
0.332000 0.993285
0.336000 0.993237
0.340000 0.993190
0.344000 0.993143
0.348000 0.993096
0.352000 0.993050
0.356000 0.993005
0.360000 0.992960
0.364000 0.992915
0.368000 0.992871
0.372000 0.992828
0.376000 0.992785
0.380000 0.992743
0.384000 0.992702
0.388000 0.992661
0.392000 0.992620
0.396000 0.992581
0.400000 0.992541
0.404000 0.992503
0.408000 0.992465
0.412000 0.992428
0.416000 0.992391
0.420000 0.992355
0.424000 0.992319
0.428000 0.992285
0.432000 0.992251
0.436000 0.992217
0.440000 0.992184
0.444000 0.992152
0.448000 0.992120
0.452000 0.992089
0.456000 0.992059
0.460000 0.992029
0.464000 0.992000
0.468000 0.991971
0.472000 0.991943
0.476000 0.991916
0.480000 0.991889
0.484000 0.991863
0.488000 0.991838
0.492000 0.991813
0.496000 0.991788
0.500000 0.991765
0.504000 0.991741
0.508000 0.991719
0.512000 0.991697
0.516000 0.991675
0.520000 0.991654
0.524000 0.991634
0.528000 0.991614
0.532000 0.991594
0.536000 0.991575
0.540000 0.991557
0.544000 0.991539
0.548000 0.991522
0.552000 0.991505
0.556000 0.991488
0.560000 0.991472
0.564000 0.991457
0.568000 0.991442
0.572000 0.991427
0.576000 0.991413
0.580000 0.991399
0.584000 0.991386
0.588000 0.991373
0.592000 0.991360
0.596000 0.991348
0.600000 0.991336
0.604000 0.991325
0.608000 0.991314
0.612000 0.991303
0.616000 0.991293
0.620000 0.991283
0.624000 0.991273
0.628000 0.991264
0.632000 0.991255
0.636000 0.991246
0.640000 0.991238
0.644000 0.991230
0.648000 0.991222
0.652000 0.991214
0.656000 0.991207
0.660000 0.991200
0.664000 0.991193
0.668000 0.991187
0.672000 0.991180
0.676000 0.991174
0.680000 0.991168
0.684000 0.991163
0.688000 0.991157
0.692000 0.991152
0.696000 0.991147
0.700000 0.991142
0.704000 0.991138
0.708000 0.991133
0.712000 0.991129
0.716000 0.991125
0.720000 0.991121
0.724000 0.991117
0.728000 0.991113
0.732000 0.991110
0.736000 0.991107
0.740000 0.991103
0.744000 0.991100
0.748000 0.991097
0.752000 0.991094
0.756000 0.991092
0.760000 0.991089
0.764000 0.991087
0.768000 0.991084
0.772000 0.991082
0.776000 0.991080
0.780000 0.991078
0.784000 0.991076
0.788000 0.991074
0.792000 0.991072
0.796000 0.991070
0.800000 0.991069
0.804000 0.991067
0.808000 0.991066
0.812000 0.991064
0.816000 0.991063
0.820000 0.991061
0.824000 0.991060
0.828000 0.991059
0.832000 0.991058
0.836000 0.991057
0.840000 0.991056
0.844000 0.991055
0.848000 0.991054
0.852000 0.991053
0.856000 0.991052
0.860000 0.991051
0.864000 0.991051
0.868000 0.991050
0.872000 0.991049
0.876000 0.991049
0.880000 0.991048
0.884000 0.991047
0.888000 0.991047
0.892000 0.991046
0.896000 0.991046
0.900000 0.991045
0.904000 0.991045
0.908000 0.991044
0.912000 0.991044
0.916000 0.991044
0.920000 0.991043
0.924000 0.991043
0.928000 0.991043
0.932000 0.991042
0.936000 0.991042
0.940000 0.991042
0.944000 0.991041
0.948000 0.991041
0.952000 0.991041
0.956000 0.991041
0.960000 0.991040
0.964000 0.991040
0.968000 0.991040
0.972000 0.991040
0.976000 0.991040
0.980000 0.991039
0.984000 0.991039
0.988000 0.991039
0.992000 0.991039
0.996000 0.991039
1.000000 0.991038
