-1.000000 0.997928
-0.996000 0.997928
-0.992000 0.997928
-0.988000 0.997928
-0.984000 0.997928
-0.980000 0.997928
-0.976000 0.997928
-0.972000 0.997928
-0.968000 0.997928
-0.964000 0.997928
-0.960000 0.997928
-0.956000 0.997928
-0.952000 0.997928
-0.948000 0.997928
-0.944000 0.997928
-0.940000 0.997928
-0.936000 0.997928
-0.932000 0.997928
-0.928000 0.997928
-0.924000 0.997928
-0.920000 0.997928
-0.916000 0.997928
-0.912000 0.997928
-0.908000 0.997928
-0.904000 0.997928
-0.900000 0.997928
-0.896000 0.997928
-0.892000 0.997928
-0.888000 0.997928
-0.884000 0.997928
-0.880000 0.997928
-0.876000 0.997928
-0.872000 0.997928
-0.868000 0.997928
-0.864000 0.997928
-0.860000 0.997928
-0.856000 0.997928
-0.852000 0.997928
-0.848000 0.997928
-0.844000 0.997928
-0.840000 0.997928
-0.836000 0.997928
-0.832000 0.997928
-0.828000 0.997928
-0.824000 0.997928
-0.820000 0.997928
-0.816000 0.997928
-0.812000 0.997928
-0.808000 0.997928
-0.804000 0.997928
-0.800000 0.997928
-0.796000 0.997928
-0.792000 0.997928
-0.788000 0.997928
-0.784000 0.997928
-0.780000 0.997928
-0.776000 0.997928
-0.772000 0.997928
-0.768000 0.997928
-0.764000 0.997928
-0.760000 0.997928
-0.756000 0.997928
-0.752000 0.997928
-0.748000 0.997928
-0.744000 0.997928
-0.740000 0.997928
-0.736000 0.997928
-0.732000 0.997928
-0.728000 0.997928
-0.724000 0.997928
-0.720000 0.997928
-0.716000 0.997928
-0.712000 0.997928
-0.708000 0.997928
-0.704000 0.997928
-0.700000 0.997928
-0.696000 0.997928
-0.692000 0.997928
-0.688000 0.997928
-0.684000 0.997928
-0.680000 0.997928
-0.676000 0.997928
-0.672000 0.997928
-0.668000 0.997928
-0.664000 0.997928
-0.660000 0.997928
-0.656000 0.997928
-0.652000 0.997928
-0.648000 0.997928
-0.644000 0.997928
-0.640000 0.997928
-0.636000 0.997928
-0.632000 0.997928
-0.628000 0.997928
-0.624000 0.997928
-0.620000 0.997928
-0.616000 0.997928
-0.612000 0.997928
-0.608000 0.997928
-0.604000 0.997928
-0.600000 0.997928
-0.596000 0.997928
-0.592000 0.997928
-0.588000 0.997928
-0.584000 0.997928
-0.580000 0.997928
-0.576000 0.997928
-0.572000 0.997928
-0.568000 0.997928
-0.564000 0.997928
-0.560000 0.997928
-0.556000 0.997928
-0.552000 0.997928
-0.548000 0.997928
-0.544000 0.997928
-0.540000 0.997928
-0.536000 0.997928
-0.532000 0.997928
-0.528000 0.997928
-0.524000 0.997928
-0.520000 0.997928
-0.516000 0.997928
-0.512000 0.997928
-0.508000 0.997928
-0.504000 0.997928
-0.500000 0.997928
-0.496000 0.997928
-0.492000 0.997928
-0.488000 0.997928
-0.484000 0.997928
-0.480000 0.997928
-0.476000 0.997928
-0.472000 0.997928
-0.468000 0.997928
-0.464000 0.997928
-0.460000 0.997928
-0.456000 0.997928
-0.452000 0.997928
-0.448000 0.997928
-0.444000 0.997928
-0.440000 0.997928
-0.436000 0.997928
-0.432000 0.997928
-0.428000 0.997928
-0.424000 0.997928
-0.420000 0.997928
-0.416000 0.997928
-0.412000 0.997928
-0.408000 0.997928
-0.404000 0.997928
-0.400000 0.997928
-0.396000 0.997928
-0.392000 0.997928
-0.388000 0.997928
-0.384000 0.997928
-0.380000 0.997928
-0.376000 0.997928
-0.372000 0.997928
-0.368000 0.997928
-0.364000 0.997928
-0.360000 0.997928
-0.356000 0.997928
-0.352000 0.997928
-0.348000 0.997928
-0.344000 0.997928
-0.340000 0.997928
-0.336000 0.997928
-0.332000 0.997928
-0.328000 0.997928
-0.324000 0.997928
-0.320000 0.997928
-0.316000 0.997928
-0.312000 0.997928
-0.308000 0.997928
-0.304000 0.997928
-0.300000 0.997928
-0.296000 0.997928
-0.292000 0.997928
-0.288000 0.997928
-0.284000 0.997928
-0.280000 0.997928
-0.276000 0.997928
-0.272000 0.997928
-0.268000 0.997928
-0.264000 0.997928
-0.260000 0.997928
-0.256000 0.997928
-0.252000 0.997928
-0.248000 0.997928
-0.244000 0.997928
-0.240000 0.997928
-0.236000 0.997928
-0.232000 0.997928
-0.228000 0.997928
-0.224000 0.997928
-0.220000 0.997928
-0.216000 0.997928
-0.212000 0.997928
-0.208000 0.997928
-0.204000 0.997928
-0.200000 0.997928
-0.196000 0.997928
-0.192000 0.997928
-0.188000 0.997928
-0.184000 0.997928
-0.180000 0.997928
-0.176000 0.997928
-0.172000 0.997928
-0.168000 0.997928
-0.164000 0.997928
-0.160000 0.997928
-0.156000 0.997928
-0.152000 0.997928
-0.148000 0.997928
-0.144000 0.997928
-0.140000 0.997928
-0.136000 0.997928
-0.132000 0.997928
-0.128000 0.997928
-0.124000 0.997928
-0.120000 0.997928
-0.116000 0.997928
-0.112000 0.997928
-0.108000 0.997928
-0.104000 0.997928
-0.100000 0.997928
-0.096000 0.997928
-0.092000 0.997928
-0.088000 0.997928
-0.084000 0.997928
-0.080000 0.997928
-0.076000 0.997928
-0.072000 0.997928
-0.068000 0.997928
-0.064000 0.997928
-0.060000 0.997928
-0.056000 0.997928
-0.052000 0.997928
-0.048000 0.997928
-0.044000 0.997928
-0.040000 0.997928
-0.036000 0.997927
-0.032000 0.997927
-0.028000 0.997927
-0.024000 0.997927
-0.020000 0.997927
-0.016000 0.997927
-0.012000 0.997927
-0.008000 0.997927
-0.004000 0.997927
0.000000 0.997927
0.004000 0.997927
0.008000 0.997927
0.012000 0.997927
0.016000 0.997927
0.020000 0.997927
0.024000 0.997926
0.028000 0.997926
0.032000 0.997926
0.036000 0.997926
0.040000 0.997926
0.044000 0.997926
0.048000 0.997926
0.052000 0.997925
0.056000 0.997925
0.060000 0.997925
0.064000 0.997925
0.068000 0.997925
0.072000 0.997925
0.076000 0.997924
0.080000 0.997924
0.084000 0.997924
0.088000 0.997924
0.092000 0.997923
0.096000 0.997923
0.100000 0.997923
0.104000 0.997922
0.108000 0.997922
0.112000 0.997922
0.116000 0.997921
0.120000 0.997921
0.124000 0.997920
0.128000 0.997920
0.132000 0.997919
0.136000 0.997919
0.140000 0.997918
0.144000 0.997918
0.148000 0.997917
0.152000 0.997916
0.156000 0.997916
0.160000 0.997915
0.164000 0.997914
0.168000 0.997913
0.172000 0.997912
0.176000 0.997911
0.180000 0.997911
0.184000 0.997910
0.188000 0.997908
0.192000 0.997907
0.196000 0.997906
0.200000 0.997905
0.204000 0.997904
0.208000 0.997902
0.212000 0.997901
0.216000 0.997900
0.220000 0.997898
0.224000 0.997897
0.228000 0.997895
0.232000 0.997893
0.236000 0.997891
0.240000 0.997889
0.244000 0.997887
0.248000 0.997885
0.252000 0.997883
0.256000 0.997881
0.260000 0.997878
0.264000 0.997876
0.268000 0.997873
0.272000 0.997871
0.276000 0.997868
0.280000 0.997865
0.284000 0.997862
0.288000 0.997859
0.292000 0.997855
0.296000 0.997852
0.300000 0.997848
0.304000 0.997845
0.308000 0.997841
0.312000 0.997837
0.316000 0.997832
0.320000 0.997828
0.324000 0.997824
0.328000 0.997819
0.332000 0.997814
0.336000 0.997809
0.340000 0.997804
0.344000 0.997798
0.348000 0.997793
0.352000 0.997787
0.356000 0.997781
0.360000 0.997775
0.364000 0.997768
0.368000 0.997761
0.372000 0.997755
0.376000 0.997747
0.380000 0.997740
0.384000 0.997732
0.388000 0.997724
0.392000 0.997716
0.396000 0.997708
0.400000 0.997699
0.404000 0.997690
0.408000 0.997681
0.412000 0.997671
0.416000 0.997662
0.420000 0.997651
0.424000 0.997641
0.428000 0.997630
0.432000 0.997619
0.436000 0.997608
0.440000 0.997596
0.444000 0.997584
0.448000 0.997572
0.452000 0.997559
0.456000 0.997546
0.460000 0.997532
0.464000 0.997519
0.468000 0.997504
0.472000 0.997490
0.476000 0.997475
0.480000 0.997460
0.484000 0.997444
0.488000 0.997428
0.492000 0.997412
0.496000 0.997395
0.500000 0.997377
0.504000 0.997360
0.508000 0.997342
0.512000 0.997323
0.516000 0.997304
0.520000 0.997285
0.524000 0.997265
0.528000 0.997245
0.532000 0.997224
0.536000 0.997203
0.540000 0.997181
0.544000 0.997159
0.548000 0.997137
0.552000 0.997114
0.556000 0.997091
0.560000 0.997067
0.564000 0.997043
0.568000 0.997018
0.572000 0.996993
0.576000 0.996967
0.580000 0.996941
0.584000 0.996915
0.588000 0.996888
0.592000 0.996860
0.596000 0.996832
0.600000 0.996804
0.604000 0.996775
0.608000 0.996746
0.612000 0.996716
0.616000 0.996686
0.620000 0.996655
0.624000 0.996624
0.628000 0.996593
0.632000 0.996561
0.636000 0.996528
0.640000 0.996495
0.644000 0.996462
0.648000 0.996428
0.652000 0.996394
0.656000 0.996360
0.660000 0.996325
0.664000 0.996289
0.668000 0.996253
0.672000 0.996217
0.676000 0.996181
0.680000 0.996144
0.684000 0.996106
0.688000 0.996068
0.692000 0.996030
0.696000 0.995992
0.700000 0.995953
0.704000 0.995914
0.708000 0.995875
0.712000 0.995835
0.716000 0.995795
0.720000 0.995754
0.724000 0.995713
0.728000 0.995672
0.732000 0.995631
0.736000 0.995590
0.740000 0.995548
0.744000 0.995506
0.748000 0.995463
0.752000 0.995421
0.756000 0.995378
0.760000 0.995335
0.764000 0.995292
0.768000 0.995248
0.772000 0.995205
0.776000 0.995161
0.780000 0.995117
0.784000 0.995073
0.788000 0.995029
0.792000 0.994985
0.796000 0.994940
0.800000 0.994896
0.804000 0.994851
0.808000 0.994807
0.812000 0.994762
0.816000 0.994717
0.820000 0.994673
0.824000 0.994628
0.828000 0.994583
0.832000 0.994538
0.836000 0.994493
0.840000 0.994449
0.844000 0.994404
0.848000 0.994359
0.852000 0.994315
0.856000 0.994270
0.860000 0.994225
0.864000 0.994181
0.868000 0.994137
0.872000 0.994093
0.876000 0.994049
0.880000 0.994005
0.884000 0.993961
0.888000 0.993917
0.892000 0.993874
0.896000 0.993831
0.900000 0.993788
0.904000 0.993745
0.908000 0.993702
0.912000 0.993660
0.916000 0.993618
0.920000 0.993576
0.924000 0.993534
0.928000 0.993493
0.932000 0.993451
0.936000 0.993410
0.940000 0.993369
0.944000 0.993329
0.948000 0.993288
0.952000 0.993248
0.956000 0.993207
0.960000 0.993167
0.964000 0.993126
0.968000 0.993084
0.972000 0.993042
0.976000 0.992997
0.980000 0.992951
0.984000 0.992901
0.988000 0.992846
0.992000 0.992783
0.996000 0.992711
1.000000 0.992623
