-1.000000 0.992919
-0.996000 0.992919
-0.992000 0.992919
-0.988000 0.992919
-0.984000 0.992919
-0.980000 0.992919
-0.976000 0.992919
-0.972000 0.992919
-0.968000 0.992919
-0.964000 0.992919
-0.960000 0.992919
-0.956000 0.992919
-0.952000 0.992919
-0.948000 0.992919
-0.944000 0.992919
-0.940000 0.992919
-0.936000 0.992919
-0.932000 0.992919
-0.928000 0.992919
-0.924000 0.992919
-0.920000 0.992919
-0.916000 0.992919
-0.912000 0.992919
-0.908000 0.992919
-0.904000 0.992919
-0.900000 0.992919
-0.896000 0.992919
-0.892000 0.992919
-0.888000 0.992919
-0.884000 0.992919
-0.880000 0.992919
-0.876000 0.992919
-0.872000 0.992919
-0.868000 0.992919
-0.864000 0.992919
-0.860000 0.992919
-0.856000 0.992919
-0.852000 0.992919
-0.848000 0.992919
-0.844000 0.992919
-0.840000 0.992919
-0.836000 0.992919
-0.832000 0.992919
-0.828000 0.992919
-0.824000 0.992919
-0.820000 0.992919
-0.816000 0.992919
-0.812000 0.992919
-0.808000 0.992919
-0.804000 0.992919
-0.800000 0.992919
-0.796000 0.992919
-0.792000 0.992919
-0.788000 0.992919
-0.784000 0.992919
-0.780000 0.992919
-0.776000 0.992919
-0.772000 0.992919
-0.768000 0.992919
-0.764000 0.992919
-0.760000 0.992919
-0.756000 0.992919
-0.752000 0.992919
-0.748000 0.992919
-0.744000 0.992919
-0.740000 0.992919
-0.736000 0.992919
-0.732000 0.992919
-0.728000 0.992919
-0.724000 0.992919
-0.720000 0.992919
-0.716000 0.992919
-0.712000 0.992919
-0.708000 0.992919
-0.704000 0.992919
-0.700000 0.992919
-0.696000 0.992919
-0.692000 0.992919
-0.688000 0.992919
-0.684000 0.992919
-0.680000 0.992919
-0.676000 0.992919
-0.672000 0.992919
-0.668000 0.992919
-0.664000 0.992919
-0.660000 0.992919
-0.656000 0.992919
-0.652000 0.992919
-0.648000 0.992919
-0.644000 0.992919
-0.640000 0.992919
-0.636000 0.992919
-0.632000 0.992919
-0.628000 0.992919
-0.624000 0.992919
-0.620000 0.992919
-0.616000 0.992919
-0.612000 0.992919
-0.608000 0.992919
-0.604000 0.992919
-0.600000 0.992919
-0.596000 0.992919
-0.592000 0.992919
-0.588000 0.992919
-0.584000 0.992919
-0.580000 0.992919
-0.576000 0.992919
-0.572000 0.992919
-0.568000 0.992919
-0.564000 0.992919
-0.560000 0.992919
-0.556000 0.992919
-0.552000 0.992919
-0.548000 0.992919
-0.544000 0.992919
-0.540000 0.992919
-0.536000 0.992919
-0.532000 0.992919
-0.528000 0.992919
-0.524000 0.992919
-0.520000 0.992919
-0.516000 0.992919
-0.512000 0.992919
-0.508000 0.992919
-0.504000 0.992919
-0.500000 0.992919
-0.496000 0.992919
-0.492000 0.992919
-0.488000 0.992919
-0.484000 0.992919
-0.480000 0.992919
-0.476000 0.992919
-0.472000 0.992919
-0.468000 0.992919
-0.464000 0.992919
-0.460000 0.992919
-0.456000 0.992919
-0.452000 0.992919
-0.448000 0.992919
-0.444000 0.992919
-0.440000 0.992919
-0.436000 0.992919
-0.432000 0.992919
-0.428000 0.992919
-0.424000 0.992919
-0.420000 0.992919
-0.416000 0.992919
-0.412000 0.992919
-0.408000 0.992919
-0.404000 0.992919
-0.400000 0.992919
-0.396000 0.992919
-0.392000 0.992919
-0.388000 0.992919
-0.384000 0.992919
-0.380000 0.992919
-0.376000 0.992919
-0.372000 0.992919
-0.368000 0.992919
-0.364000 0.992919
-0.360000 0.992919
-0.356000 0.992919
-0.352000 0.992919
-0.348000 0.992919
-0.344000 0.992919
-0.340000 0.992919
-0.336000 0.992919
-0.332000 0.992919
-0.328000 0.992919
-0.324000 0.992919
-0.320000 0.992919
-0.316000 0.992919
-0.312000 0.992919
-0.308000 0.992919
-0.304000 0.992919
-0.300000 0.992919
-0.296000 0.992919
-0.292000 0.992919
-0.288000 0.992919
-0.284000 0.992919
-0.280000 0.992919
-0.276000 0.992919
-0.272000 0.992919
-0.268000 0.992919
-0.264000 0.992919
-0.260000 0.992919
-0.256000 0.992919
-0.252000 0.992919
-0.248000 0.992919
-0.244000 0.992919
-0.240000 0.992919
-0.236000 0.992919
-0.232000 0.992919
-0.228000 0.992919
-0.224000 0.992919
-0.220000 0.992919
-0.216000 0.992919
-0.212000 0.992919
-0.208000 0.992919
-0.204000 0.992919
-0.200000 0.992919
-0.196000 0.992919
-0.192000 0.992919
-0.188000 0.992919
-0.184000 0.992919
-0.180000 0.992919
-0.176000 0.992919
-0.172000 0.992919
-0.168000 0.992919
-0.164000 0.992919
-0.160000 0.992919
-0.156000 0.992919
-0.152000 0.992919
-0.148000 0.992919
-0.144000 0.992919
-0.140000 0.992919
-0.136000 0.992919
-0.132000 0.992919
-0.128000 0.992919
-0.124000 0.992920
-0.120000 0.992920
-0.116000 0.992920
-0.112000 0.992920
-0.108000 0.992920
-0.104000 0.992920
-0.100000 0.992920
-0.096000 0.992920
-0.092000 0.992920
-0.088000 0.992920
-0.084000 0.992920
-0.080000 0.992920
-0.076000 0.992920
-0.072000 0.992920
-0.068000 0.992921
-0.064000 0.992921
-0.060000 0.992921
-0.056000 0.992921
-0.052000 0.992921
-0.048000 0.992921
-0.044000 0.992921
-0.040000 0.992921
-0.036000 0.992922
-0.032000 0.992922
-0.028000 0.992922
-0.024000 0.992922
-0.020000 0.992922
-0.016000 0.992923
-0.012000 0.992923
-0.008000 0.992923
-0.004000 0.992924
0.000000 0.992924
0.004000 0.992924
0.008000 0.992924
0.012000 0.992925
0.016000 0.992925
0.020000 0.992926
0.024000 0.992926
0.028000 0.992927
0.032000 0.992927
0.036000 0.992927
0.040000 0.992928
0.044000 0.992929
0.048000 0.992929
0.052000 0.992930
0.056000 0.992931
0.060000 0.992931
0.064000 0.992932
0.068000 0.992933
0.072000 0.992934
0.076000 0.992934
0.080000 0.992935
0.084000 0.992936
0.088000 0.992937
0.092000 0.992938
0.096000 0.992940
0.100000 0.992941
0.104000 0.992942
0.108000 0.992943
0.112000 0.992945
0.116000 0.992946
0.120000 0.992948
0.124000 0.992949
0.128000 0.992951
0.132000 0.992953
0.136000 0.992954
0.140000 0.992956
0.144000 0.992958
0.148000 0.992960
0.152000 0.992963
0.156000 0.992965
0.160000 0.992967
0.164000 0.992970
0.168000 0.992972
0.172000 0.992975
0.176000 0.992978
0.180000 0.992981
0.184000 0.992984
0.188000 0.992987
0.192000 0.992991
0.196000 0.992994
0.200000 0.992998
0.204000 0.993002
0.208000 0.993006
0.212000 0.993010
0.216000 0.993014
0.220000 0.993019
0.224000 0.993023
0.228000 0.993028
0.232000 0.993033
0.236000 0.993038
0.240000 0.993044
0.244000 0.993049
0.248000 0.993055
0.252000 0.993061
0.256000 0.993068
0.260000 0.993074
0.264000 0.993081
0.268000 0.993088
0.272000 0.993095
0.276000 0.993102
0.280000 0.993110
0.284000 0.993118
0.288000 0.993126
0.292000 0.993135
0.296000 0.993144
0.300000 0.993153
0.304000 0.993162
0.308000 0.993172
0.312000 0.993182
0.316000 0.993192
0.320000 0.993203
0.324000 0.993214
0.328000 0.993225
0.332000 0.993237
0.336000 0.993249
0.340000 0.993261
0.344000 0.993274
0.348000 0.993287
0.352000 0.993300
0.356000 0.993314
0.360000 0.993328
0.364000 0.993343
0.368000 0.993357
0.372000 0.993373
0.376000 0.993388
0.380000 0.993405
0.384000 0.993421
0.388000 0.993438
0.392000 0.993455
0.396000 0.993473
0.400000 0.993492
0.404000 0.993510
0.408000 0.993529
0.412000 0.993549
0.416000 0.993569
0.420000 0.993589
0.424000 0.993610
0.428000 0.993632
0.432000 0.993653
0.436000 0.993676
0.440000 0.993699
0.444000 0.993722
0.448000 0.993746
0.452000 0.993770
0.456000 0.993794
0.460000 0.993819
0.464000 0.993845
0.468000 0.993871
0.472000 0.993898
0.476000 0.993925
0.480000 0.993952
0.484000 0.993980
0.488000 0.994009
0.492000 0.994038
0.496000 0.994067
0.500000 0.994097
0.504000 0.994128
0.508000 0.994159
0.512000 0.994190
0.516000 0.994222
0.520000 0.994254
0.524000 0.994287
0.528000 0.994320
0.532000 0.994354
0.536000 0.994388
0.540000 0.994423
0.544000 0.994458
0.548000 0.994493
0.552000 0.994529
0.556000 0.994565
0.560000 0.994602
0.564000 0.994639
0.568000 0.994677
0.572000 0.994715
0.576000 0.994753
0.580000 0.994792
0.584000 0.994831
0.588000 0.994871
0.592000 0.994911
0.596000 0.994951
0.600000 0.994992
0.604000 0.995033
0.608000 0.995074
0.612000 0.995116
0.616000 0.995158
0.620000 0.995200
0.624000 0.995243
0.628000 0.995286
0.632000 0.995329
0.636000 0.995372
0.640000 0.995416
0.644000 0.995460
0.648000 0.995504
0.652000 0.995549
0.656000 0.995593
0.660000 0.995638
0.664000 0.995683
0.668000 0.995728
0.672000 0.995773
0.676000 0.995819
0.680000 0.995865
0.684000 0.995910
0.688000 0.995956
0.692000 0.996002
0.696000 0.996048
0.700000 0.996094
0.704000 0.996141
0.708000 0.996187
0.712000 0.996233
0.716000 0.996280
0.720000 0.996326
0.724000 0.996372
0.728000 0.996419
0.732000 0.996465
0.736000 0.996511
0.740000 0.996558
0.744000 0.996604
0.748000 0.996650
0.752000 0.996696
0.756000 0.996742
0.760000 0.996788
0.764000 0.996834
0.768000 0.996880
0.772000 0.996925
0.776000 0.996970
0.780000 0.997016
0.784000 0.997061
0.788000 0.997105
0.792000 0.997150
0.796000 0.997194
0.800000 0.997239
0.804000 0.997283
0.808000 0.997326
0.812000 0.997370
0.816000 0.997413
0.820000 0.997456
0.824000 0.997499
0.828000 0.997541
0.832000 0.997583
0.836000 0.997625
0.840000 0.997667
0.844000 0.997708
0.848000 0.997749
0.852000 0.997789
0.856000 0.997829
0.860000 0.997869
0.864000 0.997909
0.868000 0.997948
0.872000 0.997987
0.876000 0.998025
0.880000 0.998063
0.884000 0.998101
0.888000 0.998138
0.892000 0.998175
0.896000 0.998211
0.900000 0.998247
0.904000 0.998283
0.908000 0.998318
0.912000 0.998353
0.916000 0.998387
0.920000 0.998421
0.924000 0.998454
0.928000 0.998488
0.932000 0.998520
0.936000 0.998553
0.940000 0.998584
0.944000 0.998616
0.948000 0.998647
0.952000 0.998678
0.956000 0.998709
0.960000 0.998740
0.964000 0.998770
0.968000 0.998801
0.972000 0.998832
0.976000 0.998864
0.980000 0.998898
0.984000 0.998934
0.988000 0.998973
0.992000 0.999018
0.996000 0.999070
1.000000 0.999132
