-1.000000 0.991037
-0.996000 0.991037
-0.992000 0.991037
-0.988000 0.991037
-0.984000 0.991037
-0.980000 0.991037
-0.976000 0.991037
-0.972000 0.991037
-0.968000 0.991037
-0.964000 0.991037
-0.960000 0.991037
-0.956000 0.991037
-0.952000 0.991037
-0.948000 0.991037
-0.944000 0.991037
-0.940000 0.991037
-0.936000 0.991037
-0.932000 0.991037
-0.928000 0.991037
-0.924000 0.991037
-0.920000 0.991037
-0.916000 0.991037
-0.912000 0.991037
-0.908000 0.991037
-0.904000 0.991037
-0.900000 0.991037
-0.896000 0.991037
-0.892000 0.991037
-0.888000 0.991037
-0.884000 0.991037
-0.880000 0.991037
-0.876000 0.991037
-0.872000 0.991037
-0.868000 0.991037
-0.864000 0.991037
-0.860000 0.991037
-0.856000 0.991037
-0.852000 0.991037
-0.848000 0.991037
-0.844000 0.991037
-0.840000 0.991037
-0.836000 0.991037
-0.832000 0.991037
-0.828000 0.991037
-0.824000 0.991037
-0.820000 0.991037
-0.816000 0.991037
-0.812000 0.991037
-0.808000 0.991037
-0.804000 0.991037
-0.800000 0.991037
-0.796000 0.991037
-0.792000 0.991037
-0.788000 0.991037
-0.784000 0.991037
-0.780000 0.991037
-0.776000 0.991037
-0.772000 0.991037
-0.768000 0.991037
-0.764000 0.991037
-0.760000 0.991037
-0.756000 0.991037
-0.752000 0.991037
-0.748000 0.991037
-0.744000 0.991037
-0.740000 0.991037
-0.736000 0.991037
-0.732000 0.991037
-0.728000 0.991037
-0.724000 0.991037
-0.720000 0.991037
-0.716000 0.991037
-0.712000 0.991037
-0.708000 0.991037
-0.704000 0.991037
-0.700000 0.991037
-0.696000 0.991037
-0.692000 0.991037
-0.688000 0.991037
-0.684000 0.991037
-0.680000 0.991037
-0.676000 0.991037
-0.672000 0.991037
-0.668000 0.991037
-0.664000 0.991037
-0.660000 0.991037
-0.656000 0.991037
-0.652000 0.991037
-0.648000 0.991037
-0.644000 0.991037
-0.640000 0.991037
-0.636000 0.991037
-0.632000 0.991037
-0.628000 0.991037
-0.624000 0.991037
-0.620000 0.991037
-0.616000 0.991037
-0.612000 0.991037
-0.608000 0.991037
-0.604000 0.991037
-0.600000 0.991037
-0.596000 0.991037
-0.592000 0.991037
-0.588000 0.991037
-0.584000 0.991037
-0.580000 0.991037
-0.576000 0.991037
-0.572000 0.991037
-0.568000 0.991037
-0.564000 0.991037
-0.560000 0.991037
-0.556000 0.991037
-0.552000 0.991037
-0.548000 0.991037
-0.544000 0.991037
-0.540000 0.991037
-0.536000 0.991037
-0.532000 0.991037
-0.528000 0.991037
-0.524000 0.991037
-0.520000 0.991037
-0.516000 0.991037
-0.512000 0.991037
-0.508000 0.991037
-0.504000 0.991037
-0.500000 0.991037
-0.496000 0.991037
-0.492000 0.991037
-0.488000 0.991037
-0.484000 0.991037
-0.480000 0.991037
-0.476000 0.991037
-0.472000 0.991037
-0.468000 0.991037
-0.464000 0.991037
-0.460000 0.991037
-0.456000 0.991037
-0.452000 0.991037
-0.448000 0.991037
-0.444000 0.991037
-0.440000 0.991037
-0.436000 0.991037
-0.432000 0.991037
-0.428000 0.991037
-0.424000 0.991037
-0.420000 0.991037
-0.416000 0.991037
-0.412000 0.991037
-0.408000 0.991037
-0.404000 0.991037
-0.400000 0.991037
-0.396000 0.991037
-0.392000 0.991037
-0.388000 0.991037
-0.384000 0.991037
-0.380000 0.991037
-0.376000 0.991037
-0.372000 0.991037
-0.368000 0.991037
-0.364000 0.991037
-0.360000 0.991037
-0.356000 0.991037
-0.352000 0.991037
-0.348000 0.991037
-0.344000 0.991037
-0.340000 0.991037
-0.336000 0.991037
-0.332000 0.991037
-0.328000 0.991037
-0.324000 0.991037
-0.320000 0.991037
-0.316000 0.991037
-0.312000 0.991037
-0.308000 0.991037
-0.304000 0.991037
-0.300000 0.991038
-0.296000 0.991038
-0.292000 0.991038
-0.288000 0.991038
-0.284000 0.991038
-0.280000 0.991038
-0.276000 0.991038
-0.272000 0.991038
-0.268000 0.991038
-0.264000 0.991038
-0.260000 0.991038
-0.256000 0.991038
-0.252000 0.991038
-0.248000 0.991038
-0.244000 0.991039
-0.240000 0.991039
-0.236000 0.991039
-0.232000 0.991039
-0.228000 0.991039
-0.224000 0.991039
-0.220000 0.991039
-0.216000 0.991040
-0.212000 0.991040
-0.208000 0.991040
-0.204000 0.991040
-0.200000 0.991040
-0.196000 0.991041
-0.192000 0.991041
-0.188000 0.991041
-0.184000 0.991042
-0.180000 0.991042
-0.176000 0.991042
-0.172000 0.991043
-0.168000 0.991043
-0.164000 0.991043
-0.160000 0.991044
-0.156000 0.991044
-0.152000 0.991045
-0.148000 0.991045
-0.144000 0.991046
-0.140000 0.991046
-0.136000 0.991047
-0.132000 0.991048
-0.128000 0.991048
-0.124000 0.991049
-0.120000 0.991050
-0.116000 0.991051
-0.112000 0.991051
-0.108000 0.991052
-0.104000 0.991053
-0.100000 0.991054
-0.096000 0.991055
-0.092000 0.991056
-0.088000 0.991058
-0.084000 0.991059
-0.080000 0.991060
-0.076000 0.991061
-0.072000 0.991063
-0.068000 0.991064
-0.064000 0.991066
-0.060000 0.991067
-0.056000 0.991069
-0.052000 0.991071
-0.048000 0.991073
-0.044000 0.991075
-0.040000 0.991077
-0.036000 0.991079
-0.032000 0.991081
-0.028000 0.991084
-0.024000 0.991086
-0.020000 0.991089
-0.016000 0.991091
-0.012000 0.991094
-0.008000 0.991097
-0.004000 0.991100
0.000000 0.991103
0.004000 0.991107
0.008000 0.991110
0.012000 0.991114
0.016000 0.991118
0.020000 0.991121
0.024000 0.991125
0.028000 0.991130
0.032000 0.991134
0.036000 0.991139
0.040000 0.991143
0.044000 0.991148
0.048000 0.991153
0.052000 0.991159
0.056000 0.991164
0.060000 0.991170
0.064000 0.991176
0.068000 0.991182
0.072000 0.991188
0.076000 0.991194
0.080000 0.991201
0.084000 0.991208
0.088000 0.991215
0.092000 0.991222
0.096000 0.991230
0.100000 0.991238
0.104000 0.991246
0.108000 0.991254
0.112000 0.991263
0.116000 0.991272
0.120000 0.991281
0.124000 0.991290
0.128000 0.991300
0.132000 0.991310
0.136000 0.991320
0.140000 0.991330
0.144000 0.991341
0.148000 0.991352
0.152000 0.991364
0.156000 0.991375
0.160000 0.991387
0.164000 0.991399
0.168000 0.991412
0.172000 0.991425
0.176000 0.991438
0.180000 0.991451
0.184000 0.991465
0.188000 0.991479
0.192000 0.991493
0.196000 0.991508
0.200000 0.991523
0.204000 0.991538
0.208000 0.991554
0.212000 0.991570
0.216000 0.991586
0.220000 0.991603
0.224000 0.991620
0.228000 0.991637
0.232000 0.991655
0.236000 0.991672
0.240000 0.991691
0.244000 0.991709
0.248000 0.991728
0.252000 0.991747
0.256000 0.991767
0.260000 0.991786
0.264000 0.991806
0.268000 0.991827
0.272000 0.991847
0.276000 0.991868
0.280000 0.991889
0.284000 0.991911
0.288000 0.991933
0.292000 0.991955
0.296000 0.991977
0.300000 0.992000
0.304000 0.992023
0.308000 0.992046
0.312000 0.992069
0.316000 0.992093
0.320000 0.992117
0.324000 0.992141
0.328000 0.992166
0.332000 0.992190
0.336000 0.992215
0.340000 0.992240
0.344000 0.992265
0.348000 0.992291
0.352000 0.992317
0.356000 0.992342
0.360000 0.992368
0.364000 0.992395
0.368000 0.992421
0.372000 0.992448
0.376000 0.992474
0.380000 0.992501
0.384000 0.992528
0.388000 0.992555
0.392000 0.992582
0.396000 0.992609
0.400000 0.992637
0.404000 0.992664
0.408000 0.992692
0.412000 0.992719
0.416000 0.992747
0.420000 0.992775
0.424000 0.992802
0.428000 0.992830
0.432000 0.992858
0.436000 0.992886
0.440000 0.992914
0.444000 0.992941
0.448000 0.992969
0.452000 0.992997
0.456000 0.993025
0.460000 0.993052
0.464000 0.993080
0.468000 0.993108
0.472000 0.993135
0.476000 0.993163
0.480000 0.993190
0.484000 0.993217
0.488000 0.993244
0.492000 0.993271
0.496000 0.993298
0.500000 0.993325
0.504000 0.993352
0.508000 0.993378
0.512000 0.993405
0.516000 0.993431
0.520000 0.993457
0.524000 0.993483
0.528000 0.993509
0.532000 0.993534
0.536000 0.993560
0.540000 0.993585
0.544000 0.993610
0.548000 0.993634
0.552000 0.993659
0.556000 0.993683
0.560000 0.993707
0.564000 0.993731
0.568000 0.993755
0.572000 0.993778
0.576000 0.993801
0.580000 0.993824
0.584000 0.993847
0.588000 0.993869
0.592000 0.993891
0.596000 0.993913
0.600000 0.993935
0.604000 0.993956
0.608000 0.993977
0.612000 0.993998
0.616000 0.994018
0.620000 0.994038
0.624000 0.994058
0.628000 0.994078
0.632000 0.994097
0.636000 0.994116
0.640000 0.994135
0.644000 0.994153
0.648000 0.994172
0.652000 0.994189
0.656000 0.994207
0.660000 0.994224
0.664000 0.994241
0.668000 0.994258
0.672000 0.994274
0.676000 0.994291
0.680000 0.994306
0.684000 0.994322
0.688000 0.994337
0.692000 0.994352
0.696000 0.994367
0.700000 0.994381
0.704000 0.994395
0.708000 0.994409
0.712000 0.994423
0.716000 0.994436
0.720000 0.994449
0.724000 0.994462
0.728000 0.994474
0.732000 0.994486
0.736000 0.994498
0.740000 0.994510
0.744000 0.994521
0.748000 0.994532
0.752000 0.994543
0.756000 0.994554
0.760000 0.994564
0.764000 0.994574
0.768000 0.994584
0.772000 0.994594
0.776000 0.994603
0.780000 0.994612
0.784000 0.994621
0.788000 0.994630
0.792000 0.994638
0.796000 0.994647
0.800000 0.994655
0.804000 0.994663
0.808000 0.994670
0.812000 0.994678
0.816000 0.994685
0.820000 0.994692
0.824000 0.994699
0.828000 0.994705
0.832000 0.994712
0.836000 0.994718
0.840000 0.994724
0.844000 0.994730
0.848000 0.994736
0.852000 0.994741
0.856000 0.994747
0.860000 0.994752
0.864000 0.994757
0.868000 0.994762
0.872000 0.994767
0.876000 0.994771
0.880000 0.994776
0.884000 0.994780
0.888000 0.994784
0.892000 0.994788
0.896000 0.994792
0.900000 0.994796
0.904000 0.994800
0.908000 0.994803
0.912000 0.994807
0.916000 0.994810
0.920000 0.994813
0.924000 0.994816
0.928000 0.994819
0.932000 0.994822
0.936000 0.994825
0.940000 0.994828
0.944000 0.994830
0.948000 0.994833
0.952000 0.994835
0.956000 0.994838
0.960000 0.994840
0.964000 0.994842
0.968000 0.994844
0.972000 0.994847
0.976000 0.994849
0.980000 0.994851
0.984000 0.994853
0.988000 0.994856
0.992000 0.994858
0.996000 0.994862
1.000000 0.994865
