-1.000000 0.997928
-0.996000 0.997928
-0.992000 0.997928
-0.988000 0.997928
-0.984000 0.997928
-0.980000 0.997928
-0.976000 0.997928
-0.972000 0.997928
-0.968000 0.997928
-0.964000 0.997928
-0.960000 0.997928
-0.956000 0.997928
-0.952000 0.997928
-0.948000 0.997928
-0.944000 0.997928
-0.940000 0.997928
-0.936000 0.997927
-0.932000 0.997927
-0.928000 0.997927
-0.924000 0.997927
-0.920000 0.997927
-0.916000 0.997926
-0.912000 0.997926
-0.908000 0.997926
-0.904000 0.997925
-0.900000 0.997925
-0.896000 0.997924
-0.892000 0.997924
-0.888000 0.997923
-0.884000 0.997922
-0.880000 0.997921
-0.876000 0.997920
-0.872000 0.997919
-0.868000 0.997917
-0.864000 0.997916
-0.860000 0.997914
-0.856000 0.997912
-0.852000 0.997910
-0.848000 0.997907
-0.844000 0.997904
-0.840000 0.997901
-0.836000 0.997897
-0.832000 0.997894
-0.828000 0.997889
-0.824000 0.997884
-0.820000 0.997879
-0.816000 0.997873
-0.812000 0.997867
-0.808000 0.997859
-0.804000 0.997852
-0.800000 0.997843
-0.796000 0.997834
-0.792000 0.997824
-0.788000 0.997813
-0.784000 0.997801
-0.780000 0.997788
-0.776000 0.997774
-0.772000 0.997759
-0.768000 0.997742
-0.764000 0.997725
-0.760000 0.997706
-0.756000 0.997686
-0.752000 0.997665
-0.748000 0.997642
-0.744000 0.997617
-0.740000 0.997591
-0.736000 0.997564
-0.732000 0.997534
-0.728000 0.997503
-0.724000 0.997470
-0.720000 0.997436
-0.716000 0.997399
-0.712000 0.997361
-0.708000 0.997321
-0.704000 0.997278
-0.700000 0.997234
-0.696000 0.997188
-0.692000 0.997139
-0.688000 0.997089
-0.684000 0.997037
-0.680000 0.996982
-0.676000 0.996926
-0.672000 0.996867
-0.668000 0.996806
-0.664000 0.996744
-0.660000 0.996679
-0.656000 0.996612
-0.652000 0.996544
-0.648000 0.996473
-0.644000 0.996401
-0.640000 0.996327
-0.636000 0.996251
-0.632000 0.996174
-0.628000 0.996095
-0.624000 0.996014
-0.620000 0.995932
-0.616000 0.995848
-0.612000 0.995763
-0.608000 0.995677
-0.604000 0.995590
-0.600000 0.995502
-0.596000 0.995413
-0.592000 0.995323
-0.588000 0.995233
-0.584000 0.995142
-0.580000 0.995050
-0.576000 0.994958
-0.572000 0.994865
-0.568000 0.994773
-0.564000 0.994680
-0.560000 0.994588
-0.556000 0.994495
-0.552000 0.994403
-0.548000 0.994311
-0.544000 0.994220
-0.540000 0.994129
-0.536000 0.994039
-0.532000 0.993949
-0.528000 0.993860
-0.524000 0.993772
-0.520000 0.993686
-0.516000 0.993600
-0.512000 0.993515
-0.508000 0.993432
-0.504000 0.993350
-0.500000 0.993269
-0.496000 0.993189
-0.492000 0.993112
-0.488000 0.993035
-0.484000 0.992960
-0.480000 0.992887
-0.476000 0.992815
-0.472000 0.992745
-0.468000 0.992677
-0.464000 0.992610
-0.460000 0.992545
-0.456000 0.992482
-0.452000 0.992420
-0.448000 0.992361
-0.444000 0.992303
-0.440000 0.992247
-0.436000 0.992192
-0.432000 0.992139
-0.428000 0.992088
-0.424000 0.992039
-0.420000 0.991991
-0.416000 0.991946
-0.412000 0.991901
-0.408000 0.991859
-0.404000 0.991818
-0.400000 0.991778
-0.396000 0.991740
-0.392000 0.991704
-0.388000 0.991669
-0.384000 0.991636
-0.380000 0.991604
-0.376000 0.991573
-0.372000 0.991544
-0.368000 0.991516
-0.364000 0.991489
-0.360000 0.991464
-0.356000 0.991439
-0.352000 0.991416
-0.348000 0.991394
-0.344000 0.991373
-0.340000 0.991353
-0.336000 0.991334
-0.332000 0.991316
-0.328000 0.991299
-0.324000 0.991283
-0.320000 0.991268
-0.316000 0.991254
-0.312000 0.991240
-0.308000 0.991227
-0.304000 0.991215
-0.300000 0.991203
-0.296000 0.991193
-0.292000 0.991182
-0.288000 0.991173
-0.284000 0.991164
-0.280000 0.991155
-0.276000 0.991147
-0.272000 0.991140
-0.268000 0.991133
-0.264000 0.991126
-0.260000 0.991120
-0.256000 0.991114
-0.252000 0.991108
-0.248000 0.991103
-0.244000 0.991099
-0.240000 0.991094
-0.236000 0.991090
-0.232000 0.991086
-0.228000 0.991083
-0.224000 0.991079
-0.220000 0.991076
-0.216000 0.991073
-0.212000 0.991070
-0.208000 0.991068
-0.204000 0.991065
-0.200000 0.991063
-0.196000 0.991061
-0.192000 0.991059
-0.188000 0.991058
-0.184000 0.991056
-0.180000 0.991054
-0.176000 0.991053
-0.172000 0.991052
-0.168000 0.991051
-0.164000 0.991049
-0.160000 0.991048
-0.156000 0.991048
-0.152000 0.991047
-0.148000 0.991046
-0.144000 0.991045
-0.140000 0.991044
-0.136000 0.991044
-0.132000 0.991043
-0.128000 0.991043
-0.124000 0.991042
-0.120000 0.991042
-0.116000 0.991041
-0.112000 0.991041
-0.108000 0.991041
-0.104000 0.991040
-0.100000 0.991040
-0.096000 0.991040
-0.092000 0.991040
-0.088000 0.991039
-0.084000 0.991039
-0.080000 0.991039
-0.076000 0.991039
-0.072000 0.991039
-0.068000 0.991038
-0.064000 0.991038
-0.060000 0.991038
-0.056000 0.991038
-0.052000 0.991038
-0.048000 0.991038
-0.044000 0.991038
-0.040000 0.991038
-0.036000 0.991038
-0.032000 0.991038
-0.028000 0.991038
-0.024000 0.991037
-0.020000 0.991037
-0.016000 0.991037
-0.012000 0.991037
-0.008000 0.991037
-0.004000 0.991037
0.000000 0.991037
0.004000 0.991037
0.008000 0.991037
0.012000 0.991037
0.016000 0.991037
0.020000 0.991037
0.024000 0.991037
0.028000 0.991037
0.032000 0.991037
0.036000 0.991037
0.040000 0.991037
0.044000 0.991037
0.048000 0.991037
0.052000 0.991037
0.056000 0.991037
0.060000 0.991037
0.064000 0.991037
0.068000 0.991037
0.072000 0.991037
0.076000 0.991037
0.080000 0.991037
0.084000 0.991037
0.088000 0.991037
0.092000 0.991037
0.096000 0.991037
0.100000 0.991037
0.104000 0.991037
0.108000 0.991037
0.112000 0.991037
0.116000 0.991037
0.120000 0.991037
0.124000 0.991037
0.128000 0.991037
0.132000 0.991037
0.136000 0.991037
0.140000 0.991037
0.144000 0.991037
0.148000 0.991037
0.152000 0.991037
0.156000 0.991037
0.160000 0.991037
0.164000 0.991037
0.168000 0.991037
0.172000 0.991037
0.176000 0.991037
0.180000 0.991037
0.184000 0.991037
0.188000 0.991037
0.192000 0.991037
0.196000 0.991037
0.200000 0.991037
0.204000 0.991037
0.208000 0.991037
0.212000 0.991037
0.216000 0.991037
0.220000 0.991037
0.224000 0.991037
0.228000 0.991037
0.232000 0.991037
0.236000 0.991037
0.240000 0.991037
0.244000 0.991037
0.248000 0.991037
0.252000 0.991037
0.256000 0.991037
0.260000 0.991037
0.264000 0.991037
0.268000 0.991037
0.272000 0.991037
0.276000 0.991037
0.280000 0.991037
0.284000 0.991037
0.288000 0.991037
0.292000 0.991037
0.296000 0.991037
0.300000 0.991037
0.304000 0.991037
0.308000 0.991037
0.312000 0.991037
0.316000 0.991037
0.320000 0.991037
0.324000 0.991037
0.328000 0.991037
0.332000 0.991037
0.336000 0.991037
0.340000 0.991037
0.344000 0.991037
0.348000 0.991037
0.352000 0.991037
0.356000 0.991037
0.360000 0.991037
0.364000 0.991037
0.368000 0.991037
0.372000 0.991037
0.376000 0.991037
0.380000 0.991037
0.384000 0.991037
0.388000 0.991037
0.392000 0.991037
0.396000 0.991037
0.400000 0.991037
0.404000 0.991037
0.408000 0.991037
0.412000 0.991037
0.416000 0.991037
0.420000 0.991037
0.424000 0.991037
0.428000 0.991037
0.432000 0.991037
0.436000 0.991037
0.440000 0.991037
0.444000 0.991037
0.448000 0.991037
0.452000 0.991037
0.456000 0.991037
0.460000 0.991037
0.464000 0.991037
0.468000 0.991037
0.472000 0.991037
0.476000 0.991037
0.480000 0.991037
0.484000 0.991037
0.488000 0.991037
0.492000 0.991037
0.496000 0.991037
0.500000 0.991037
0.504000 0.991037
0.508000 0.991037
0.512000 0.991037
0.516000 0.991037
0.520000 0.991037
0.524000 0.991037
0.528000 0.991037
0.532000 0.991037
0.536000 0.991037
0.540000 0.991037
0.544000 0.991037
0.548000 0.991037
0.552000 0.991037
0.556000 0.991037
0.560000 0.991037
0.564000 0.991037
0.568000 0.991037
0.572000 0.991037
0.576000 0.991037
0.580000 0.991037
0.584000 0.991037
0.588000 0.991037
0.592000 0.991037
0.596000 0.991037
0.600000 0.991037
0.604000 0.991037
0.608000 0.991037
0.612000 0.991037
0.616000 0.991037
0.620000 0.991037
0.624000 0.991037
0.628000 0.991037
0.632000 0.991037
0.636000 0.991037
0.640000 0.991037
0.644000 0.991037
0.648000 0.991037
0.652000 0.991037
0.656000 0.991037
0.660000 0.991037
0.664000 0.991037
0.668000 0.991037
0.672000 0.991037
0.676000 0.991037
0.680000 0.991037
0.684000 0.991037
0.688000 0.991037
0.692000 0.991037
0.696000 0.991037
0.700000 0.991037
0.704000 0.991037
0.708000 0.991037
0.712000 0.991037
0.716000 0.991037
0.720000 0.991037
0.724000 0.991037
0.728000 0.991037
0.732000 0.991037
0.736000 0.991037
0.740000 0.991037
0.744000 0.991037
0.748000 0.991037
0.752000 0.991037
0.756000 0.991037
0.760000 0.991037
0.764000 0.991037
0.768000 0.991037
0.772000 0.991037
0.776000 0.991037
0.780000 0.991037
0.784000 0.991037
0.788000 0.991037
0.792000 0.991037
0.796000 0.991037
0.800000 0.991037
0.804000 0.991037
0.808000 0.991037
0.812000 0.991037
0.816000 0.991037
0.820000 0.991037
0.824000 0.991037
0.828000 0.991037
0.832000 0.991037
0.836000 0.991037
0.840000 0.991037
0.844000 0.991037
0.848000 0.991037
0.852000 0.991037
0.856000 0.991037
0.860000 0.991037
0.864000 0.991037
0.868000 0.991037
0.872000 0.991037
0.876000 0.991037
0.880000 0.991037
0.884000 0.991037
0.888000 0.991037
0.892000 0.991037
0.896000 0.991037
0.900000 0.991037
0.904000 0.991037
0.908000 0.991037
0.912000 0.991037
0.916000 0.991037
0.920000 0.991037
0.924000 0.991037
0.928000 0.991037
0.932000 0.991037
0.936000 0.991037
0.940000 0.991037
0.944000 0.991037
0.948000 0.991037
0.952000 0.991037
0.956000 0.991037
0.960000 0.991037
0.964000 0.991037
0.968000 0.991037
0.972000 0.991037
0.976000 0.991037
0.980000 0.991037
0.984000 0.991037
0.988000 0.991037
0.992000 0.991037
0.996000 0.991037
1.000000 0.991037
