-1.000000 0.991037
-0.996000 0.991037
-0.992000 0.991037
-0.988000 0.991037
-0.984000 0.991037
-0.980000 0.991037
-0.976000 0.991037
-0.972000 0.991037
-0.968000 0.991037
-0.964000 0.991037
-0.960000 0.991037
-0.956000 0.991037
-0.952000 0.991037
-0.948000 0.991037
-0.944000 0.991037
-0.940000 0.991037
-0.936000 0.991037
-0.932000 0.991037
-0.928000 0.991037
-0.924000 0.991037
-0.920000 0.991037
-0.916000 0.991037
-0.912000 0.991037
-0.908000 0.991037
-0.904000 0.991037
-0.900000 0.991037
-0.896000 0.991037
-0.892000 0.991037
-0.888000 0.991037
-0.884000 0.991037
-0.880000 0.991037
-0.876000 0.991037
-0.872000 0.991037
-0.868000 0.991037
-0.864000 0.991037
-0.860000 0.991037
-0.856000 0.991037
-0.852000 0.991037
-0.848000 0.991037
-0.844000 0.991037
-0.840000 0.991037
-0.836000 0.991037
-0.832000 0.991037
-0.828000 0.991037
-0.824000 0.991037
-0.820000 0.991037
-0.816000 0.991037
-0.812000 0.991037
-0.808000 0.991037
-0.804000 0.991037
-0.800000 0.991037
-0.796000 0.991037
-0.792000 0.991037
-0.788000 0.991037
-0.784000 0.991037
-0.780000 0.991037
-0.776000 0.991037
-0.772000 0.991037
-0.768000 0.991037
-0.764000 0.991037
-0.760000 0.991037
-0.756000 0.991037
-0.752000 0.991037
-0.748000 0.991037
-0.744000 0.991037
-0.740000 0.991037
-0.736000 0.991037
-0.732000 0.991037
-0.728000 0.991037
-0.724000 0.991037
-0.720000 0.991037
-0.716000 0.991037
-0.712000 0.991037
-0.708000 0.991037
-0.704000 0.991037
-0.700000 0.991037
-0.696000 0.991037
-0.692000 0.991037
-0.688000 0.991037
-0.684000 0.991037
-0.680000 0.991037
-0.676000 0.991037
-0.672000 0.991037
-0.668000 0.991037
-0.664000 0.991037
-0.660000 0.991037
-0.656000 0.991037
-0.652000 0.991037
-0.648000 0.991037
-0.644000 0.991037
-0.640000 0.991037
-0.636000 0.991037
-0.632000 0.991037
-0.628000 0.991037
-0.624000 0.991037
-0.620000 0.991037
-0.616000 0.991037
-0.612000 0.991037
-0.608000 0.991037
-0.604000 0.991037
-0.600000 0.991037
-0.596000 0.991037
-0.592000 0.991037
-0.588000 0.991037
-0.584000 0.991037
-0.580000 0.991037
-0.576000 0.991037
-0.572000 0.991037
-0.568000 0.991037
-0.564000 0.991037
-0.560000 0.991037
-0.556000 0.991037
-0.552000 0.991037
-0.548000 0.991037
-0.544000 0.991037
-0.540000 0.991037
-0.536000 0.991037
-0.532000 0.991037
-0.528000 0.991037
-0.524000 0.991037
-0.520000 0.991037
-0.516000 0.991037
-0.512000 0.991037
-0.508000 0.991037
-0.504000 0.991037
-0.500000 0.991037
-0.496000 0.991037
-0.492000 0.991037
-0.488000 0.991037
-0.484000 0.991037
-0.480000 0.991037
-0.476000 0.991037
-0.472000 0.991037
-0.468000 0.991037
-0.464000 0.991037
-0.460000 0.991037
-0.456000 0.991037
-0.452000 0.991037
-0.448000 0.991037
-0.444000 0.991037
-0.440000 0.991037
-0.436000 0.991037
-0.432000 0.991037
-0.428000 0.991037
-0.424000 0.991037
-0.420000 0.991037
-0.416000 0.991037
-0.412000 0.991037
-0.408000 0.991037
-0.404000 0.991037
-0.400000 0.991037
-0.396000 0.991037
-0.392000 0.991037
-0.388000 0.991037
-0.384000 0.991037
-0.380000 0.991037
-0.376000 0.991037
-0.372000 0.991037
-0.368000 0.991037
-0.364000 0.991037
-0.360000 0.991037
-0.356000 0.991037
-0.352000 0.991037
-0.348000 0.991037
-0.344000 0.991037
-0.340000 0.991037
-0.336000 0.991037
-0.332000 0.991037
-0.328000 0.991037
-0.324000 0.991037
-0.320000 0.991037
-0.316000 0.991037
-0.312000 0.991037
-0.308000 0.991037
-0.304000 0.991037
-0.300000 0.991037
-0.296000 0.991037
-0.292000 0.991037
-0.288000 0.991037
-0.284000 0.991037
-0.280000 0.991037
-0.276000 0.991037
-0.272000 0.991037
-0.268000 0.991037
-0.264000 0.991037
-0.260000 0.991037
-0.256000 0.991037
-0.252000 0.991037
-0.248000 0.991037
-0.244000 0.991037
-0.240000 0.991037
-0.236000 0.991037
-0.232000 0.991037
-0.228000 0.991037
-0.224000 0.991037
-0.220000 0.991037
-0.216000 0.991037
-0.212000 0.991037
-0.208000 0.991037
-0.204000 0.991037
-0.200000 0.991037
-0.196000 0.991037
-0.192000 0.991037
-0.188000 0.991037
-0.184000 0.991037
-0.180000 0.991037
-0.176000 0.991037
-0.172000 0.991037
-0.168000 0.991037
-0.164000 0.991037
-0.160000 0.991037
-0.156000 0.991037
-0.152000 0.991037
-0.148000 0.991037
-0.144000 0.991037
-0.140000 0.991037
-0.136000 0.991037
-0.132000 0.991037
-0.128000 0.991037
-0.124000 0.991037
-0.120000 0.991037
-0.116000 0.991037
-0.112000 0.991037
-0.108000 0.991037
-0.104000 0.991037
-0.100000 0.991037
-0.096000 0.991037
-0.092000 0.991037
-0.088000 0.991037
-0.084000 0.991037
-0.080000 0.991037
-0.076000 0.991037
-0.072000 0.991037
-0.068000 0.991037
-0.064000 0.991037
-0.060000 0.991037
-0.056000 0.991037
-0.052000 0.991037
-0.048000 0.991037
-0.044000 0.991037
-0.040000 0.991037
-0.036000 0.991037
-0.032000 0.991037
-0.028000 0.991037
-0.024000 0.991037
-0.020000 0.991037
-0.016000 0.991037
-0.012000 0.991037
-0.008000 0.991037
-0.004000 0.991037
0.000000 0.991037
0.004000 0.991037
0.008000 0.991037
0.012000 0.991037
0.016000 0.991037
0.020000 0.991037
0.024000 0.991037
0.028000 0.991037
0.032000 0.991037
0.036000 0.991038
0.040000 0.991038
0.044000 0.991038
0.048000 0.991038
0.052000 0.991038
0.056000 0.991038
0.060000 0.991038
0.064000 0.991038
0.068000 0.991038
0.072000 0.991038
0.076000 0.991038
0.080000 0.991038
0.084000 0.991038
0.088000 0.991038
0.092000 0.991038
0.096000 0.991038
0.100000 0.991038
0.104000 0.991039
0.108000 0.991039
0.112000 0.991039
0.116000 0.991039
0.120000 0.991039
0.124000 0.991039
0.128000 0.991039
0.132000 0.991039
0.136000 0.991040
0.140000 0.991040
0.144000 0.991040
0.148000 0.991040
0.152000 0.991040
0.156000 0.991041
0.160000 0.991041
0.164000 0.991041
0.168000 0.991041
0.172000 0.991042
0.176000 0.991042
0.180000 0.991042
0.184000 0.991042
0.188000 0.991043
0.192000 0.991043
0.196000 0.991043
0.200000 0.991044
0.204000 0.991044
0.208000 0.991045
0.212000 0.991045
0.216000 0.991045
0.220000 0.991046
0.224000 0.991046
0.228000 0.991047
0.232000 0.991047
0.236000 0.991048
0.240000 0.991049
0.244000 0.991049
0.248000 0.991050
0.252000 0.991051
0.256000 0.991051
0.260000 0.991052
0.264000 0.991053
0.268000 0.991054
0.272000 0.991055
0.276000 0.991056
0.280000 0.991056
0.284000 0.991057
0.288000 0.991059
0.292000 0.991060
0.296000 0.991061
0.300000 0.991062
0.304000 0.991063
0.308000 0.991064
0.312000 0.991066
0.316000 0.991067
0.320000 0.991069
0.324000 0.991070
0.328000 0.991072
0.332000 0.991073
0.336000 0.991075
0.340000 0.991077
0.344000 0.991079
0.348000 0.991081
0.352000 0.991083
0.356000 0.991085
0.360000 0.991087
0.364000 0.991089
0.368000 0.991091
0.372000 0.991094
0.376000 0.991096
0.380000 0.991099
0.384000 0.991102
0.388000 0.991104
0.392000 0.991107
0.396000 0.991110
0.400000 0.991113
0.404000 0.991117
0.408000 0.991120
0.412000 0.991123
0.416000 0.991127
0.420000 0.991130
0.424000 0.991134
0.428000 0.991138
0.432000 0.991142
0.436000 0.991146
0.440000 0.991151
0.444000 0.991155
0.448000 0.991160
0.452000 0.991164
0.456000 0.991169
0.460000 0.991174
0.464000 0.991179
0.468000 0.991185
0.472000 0.991190
0.476000 0.991196
0.480000 0.991202
0.484000 0.991208
0.488000 0.991214
0.492000 0.991220
0.496000 0.991226
0.500000 0.991233
0.504000 0.991240
0.508000 0.991247
0.512000 0.991254
0.516000 0.991261
0.520000 0.991269
0.524000 0.991277
0.528000 0.991285
0.532000 0.991293
0.536000 0.991301
0.540000 0.991310
0.544000 0.991319
0.548000 0.991328
0.552000 0.991337
0.556000 0.991346
0.560000 0.991356
0.564000 0.991366
0.568000 0.991376
0.572000 0.991386
0.576000 0.991397
0.580000 0.991407
0.584000 0.991418
0.588000 0.991429
0.592000 0.991441
0.596000 0.991452
0.600000 0.991464
0.604000 0.991476
0.608000 0.991489
0.612000 0.991501
0.616000 0.991514
0.620000 0.991527
0.624000 0.991541
0.628000 0.991554
0.632000 0.991568
0.636000 0.991582
0.640000 0.991596
0.644000 0.991611
0.648000 0.991625
0.652000 0.991640
0.656000 0.991656
0.660000 0.991671
0.664000 0.991687
0.668000 0.991703
0.672000 0.991719
0.676000 0.991735
0.680000 0.991752
0.684000 0.991769
0.688000 0.991786
0.692000 0.991803
0.696000 0.991821
0.700000 0.991838
0.704000 0.991856
0.708000 0.991875
0.712000 0.991893
0.716000 0.991912
0.720000 0.991931
0.724000 0.991950
0.728000 0.991969
0.732000 0.991988
0.736000 0.992008
0.740000 0.992028
0.744000 0.992048
0.748000 0.992068
0.752000 0.992089
0.756000 0.992110
0.760000 0.992131
0.764000 0.992152
0.768000 0.992173
0.772000 0.992194
0.776000 0.992216
0.780000 0.992237
0.784000 0.992259
0.788000 0.992281
0.792000 0.992304
0.796000 0.992326
0.800000 0.992348
0.804000 0.992371
0.808000 0.992394
0.812000 0.992417
0.816000 0.992439
0.820000 0.992463
0.824000 0.992486
0.828000 0.992509
0.832000 0.992532
0.836000 0.992556
0.840000 0.992580
0.844000 0.992603
0.848000 0.992627
0.852000 0.992651
0.856000 0.992675
0.860000 0.992698
0.864000 0.992722
0.868000 0.992746
0.872000 0.992771
0.876000 0.992795
0.880000 0.992819
0.884000 0.992843
0.888000 0.992867
0.892000 0.992891
0.896000 0.992915
0.900000 0.992940
0.904000 0.992964
0.908000 0.992988
0.912000 0.993012
0.916000 0.993036
0.920000 0.993060
0.924000 0.993084
0.928000 0.993108
0.932000 0.993132
0.936000 0.993156
0.940000 0.993180
0.944000 0.993204
0.948000 0.993229
0.952000 0.993253
0.956000 0.993277
0.960000 0.993301
0.964000 0.993326
0.968000 0.993352
0.972000 0.993378
0.976000 0.993405
0.980000 0.993434
0.984000 0.993465
0.988000 0.993500
0.992000 0.993539
0.996000 0.993585
1.000000 0.993640
