-1.000000 0.991037
-0.996000 0.991037
-0.992000 0.991037
-0.988000 0.991037
-0.984000 0.991037
-0.980000 0.991037
-0.976000 0.991037
-0.972000 0.991037
-0.968000 0.991037
-0.964000 0.991037
-0.960000 0.991037
-0.956000 0.991037
-0.952000 0.991037
-0.948000 0.991037
-0.944000 0.991037
-0.940000 0.991037
-0.936000 0.991037
-0.932000 0.991037
-0.928000 0.991037
-0.924000 0.991037
-0.920000 0.991037
-0.916000 0.991037
-0.912000 0.991037
-0.908000 0.991037
-0.904000 0.991037
-0.900000 0.991037
-0.896000 0.991037
-0.892000 0.991037
-0.888000 0.991037
-0.884000 0.991037
-0.880000 0.991037
-0.876000 0.991037
-0.872000 0.991037
-0.868000 0.991037
-0.864000 0.991037
-0.860000 0.991037
-0.856000 0.991037
-0.852000 0.991037
-0.848000 0.991037
-0.844000 0.991038
-0.840000 0.991038
-0.836000 0.991038
-0.832000 0.991038
-0.828000 0.991038
-0.824000 0.991038
-0.820000 0.991038
-0.816000 0.991038
-0.812000 0.991039
-0.808000 0.991039
-0.804000 0.991039
-0.800000 0.991039
-0.796000 0.991040
-0.792000 0.991040
-0.788000 0.991040
-0.784000 0.991041
-0.780000 0.991041
-0.776000 0.991042
-0.772000 0.991042
-0.768000 0.991043
-0.764000 0.991044
-0.760000 0.991044
-0.756000 0.991045
-0.752000 0.991046
-0.748000 0.991047
-0.744000 0.991048
-0.740000 0.991049
-0.736000 0.991051
-0.732000 0.991052
-0.728000 0.991054
-0.724000 0.991056
-0.720000 0.991057
-0.716000 0.991060
-0.712000 0.991062
-0.708000 0.991064
-0.704000 0.991067
-0.700000 0.991070
-0.696000 0.991073
-0.692000 0.991076
-0.688000 0.991080
-0.684000 0.991083
-0.680000 0.991087
-0.676000 0.991092
-0.672000 0.991097
-0.668000 0.991102
-0.664000 0.991107
-0.660000 0.991113
-0.656000 0.991119
-0.652000 0.991126
-0.648000 0.991133
-0.644000 0.991140
-0.640000 0.991148
-0.636000 0.991156
-0.632000 0.991165
-0.628000 0.991175
-0.624000 0.991185
-0.620000 0.991195
-0.616000 0.991206
-0.612000 0.991218
-0.608000 0.991230
-0.604000 0.991243
-0.600000 0.991256
-0.596000 0.991270
-0.592000 0.991285
-0.588000 0.991301
-0.584000 0.991317
-0.580000 0.991334
-0.576000 0.991352
-0.572000 0.991370
-0.568000 0.991389
-0.564000 0.991409
-0.560000 0.991430
-0.556000 0.991451
-0.552000 0.991473
-0.548000 0.991496
-0.544000 0.991520
-0.540000 0.991545
-0.536000 0.991570
-0.532000 0.991596
-0.528000 0.991623
-0.524000 0.991651
-0.520000 0.991680
-0.516000 0.991709
-0.512000 0.991739
-0.508000 0.991770
-0.504000 0.991802
-0.500000 0.991834
-0.496000 0.991867
-0.492000 0.991901
-0.488000 0.991936
-0.484000 0.991971
-0.480000 0.992007
-0.476000 0.992043
-0.472000 0.992081
-0.468000 0.992118
-0.464000 0.992157
-0.460000 0.992195
-0.456000 0.992235
-0.452000 0.992275
-0.448000 0.992315
-0.444000 0.992356
-0.440000 0.992397
-0.436000 0.992438
-0.432000 0.992480
-0.428000 0.992522
-0.424000 0.992565
-0.420000 0.992608
-0.416000 0.992650
-0.412000 0.992693
-0.408000 0.992737
-0.404000 0.992780
-0.400000 0.992823
-0.396000 0.992867
-0.392000 0.992910
-0.388000 0.992953
-0.384000 0.992997
-0.380000 0.993040
-0.376000 0.993083
-0.372000 0.993125
-0.368000 0.993168
-0.364000 0.993210
-0.360000 0.993253
-0.356000 0.993294
-0.352000 0.993336
-0.348000 0.993377
-0.344000 0.993418
-0.340000 0.993458
-0.336000 0.993498
-0.332000 0.993537
-0.328000 0.993576
-0.324000 0.993615
-0.320000 0.993653
-0.316000 0.993690
-0.312000 0.993727
-0.308000 0.993763
-0.304000 0.993799
-0.300000 0.993834
-0.296000 0.993868
-0.292000 0.993902
-0.288000 0.993935
-0.284000 0.993967
-0.280000 0.993999
-0.276000 0.994030
-0.272000 0.994061
-0.268000 0.994090
-0.264000 0.994120
-0.260000 0.994148
-0.256000 0.994176
-0.252000 0.994203
-0.248000 0.994229
-0.244000 0.994254
-0.240000 0.994279
-0.236000 0.994304
-0.232000 0.994327
-0.228000 0.994350
-0.224000 0.994372
-0.220000 0.994394
-0.216000 0.994414
-0.212000 0.994435
-0.208000 0.994454
-0.204000 0.994473
-0.200000 0.994491
-0.196000 0.994509
-0.192000 0.994526
-0.188000 0.994543
-0.184000 0.994558
-0.180000 0.994574
-0.176000 0.994589
-0.172000 0.994603
-0.168000 0.994616
-0.164000 0.994630
-0.160000 0.994642
-0.156000 0.994654
-0.152000 0.994666
-0.148000 0.994677
-0.144000 0.994688
-0.140000 0.994698
-0.136000 0.994708
-0.132000 0.994717
-0.128000 0.994726
-0.124000 0.994735
-0.120000 0.994743
-0.116000 0.994751
-0.112000 0.994759
-0.108000 0.994766
-0.104000 0.994773
-0.100000 0.994779
-0.096000 0.994785
-0.092000 0.994791
-0.088000 0.994797
-0.084000 0.994802
-0.080000 0.994807
-0.076000 0.994812
-0.072000 0.994817
-0.068000 0.994821
-0.064000 0.994825
-0.060000 0.994829
-0.056000 0.994833
-0.052000 0.994836
-0.048000 0.994840
-0.044000 0.994843
-0.040000 0.994846
-0.036000 0.994849
-0.032000 0.994851
-0.028000 0.994854
-0.024000 0.994856
-0.020000 0.994859
-0.016000 0.994861
-0.012000 0.994863
-0.008000 0.994865
-0.004000 0.994866
0.000000 0.994868
0.004000 0.994870
0.008000 0.994871
0.012000 0.994872
0.016000 0.994874
0.020000 0.994875
0.024000 0.994876
0.028000 0.994877
0.032000 0.994878
0.036000 0.994879
0.040000 0.994880
0.044000 0.994881
0.048000 0.994882
0.052000 0.994882
0.056000 0.994883
0.060000 0.994884
0.064000 0.994884
0.068000 0.994885
0.072000 0.994885
0.076000 0.994886
0.080000 0.994886
0.084000 0.994887
0.088000 0.994887
0.092000 0.994887
0.096000 0.994888
0.100000 0.994888
0.104000 0.994888
0.108000 0.994889
0.112000 0.994889
0.116000 0.994889
0.120000 0.994889
0.124000 0.994890
0.128000 0.994890
0.132000 0.994890
0.136000 0.994890
0.140000 0.994890
0.144000 0.994890
0.148000 0.994890
0.152000 0.994891
0.156000 0.994891
0.160000 0.994891
0.164000 0.994891
0.168000 0.994891
0.172000 0.994891
0.176000 0.994891
0.180000 0.994891
0.184000 0.994891
0.188000 0.994891
0.192000 0.994891
0.196000 0.994891
0.200000 0.994891
0.204000 0.994892
0.208000 0.994892
0.212000 0.994892
0.216000 0.994892
0.220000 0.994892
0.224000 0.994892
0.228000 0.994892
0.232000 0.994892
0.236000 0.994892
0.240000 0.994892
0.244000 0.994892
0.248000 0.994892
0.252000 0.994892
0.256000 0.994892
0.260000 0.994892
0.264000 0.994892
0.268000 0.994892
0.272000 0.994892
0.276000 0.994892
0.280000 0.994892
0.284000 0.994892
0.288000 0.994892
0.292000 0.994892
0.296000 0.994892
0.300000 0.994892
0.304000 0.994892
0.308000 0.994892
0.312000 0.994892
0.316000 0.994892
0.320000 0.994892
0.324000 0.994892
0.328000 0.994892
0.332000 0.994892
0.336000 0.994892
0.340000 0.994892
0.344000 0.994892
0.348000 0.994892
0.352000 0.994892
0.356000 0.994892
0.360000 0.994892
0.364000 0.994892
0.368000 0.994892
0.372000 0.994892
0.376000 0.994892
0.380000 0.994892
0.384000 0.994892
0.388000 0.994892
0.392000 0.994892
0.396000 0.994892
0.400000 0.994892
0.404000 0.994892
0.408000 0.994892
0.412000 0.994892
0.416000 0.994892
0.420000 0.994892
0.424000 0.994892
0.428000 0.994892
0.432000 0.994892
0.436000 0.994892
0.440000 0.994892
0.444000 0.994892
0.448000 0.994892
0.452000 0.994892
0.456000 0.994892
0.460000 0.994892
0.464000 0.994892
0.468000 0.994892
0.472000 0.994892
0.476000 0.994892
0.480000 0.994892
0.484000 0.994892
0.488000 0.994892
0.492000 0.994892
0.496000 0.994892
0.500000 0.994892
0.504000 0.994892
0.508000 0.994892
0.512000 0.994892
0.516000 0.994892
0.520000 0.994892
0.524000 0.994892
0.528000 0.994892
0.532000 0.994892
0.536000 0.994892
0.540000 0.994892
0.544000 0.994892
0.548000 0.994892
0.552000 0.994892
0.556000 0.994892
0.560000 0.994892
0.564000 0.994892
0.568000 0.994892
0.572000 0.994892
0.576000 0.994892
0.580000 0.994892
0.584000 0.994892
0.588000 0.994892
0.592000 0.994892
0.596000 0.994892
0.600000 0.994892
0.604000 0.994892
0.608000 0.994892
0.612000 0.994892
0.616000 0.994892
0.620000 0.994892
0.624000 0.994892
0.628000 0.994892
0.632000 0.994892
0.636000 0.994892
0.640000 0.994892
0.644000 0.994892
0.648000 0.994892
0.652000 0.994892
0.656000 0.994892
0.660000 0.994892
0.664000 0.994892
0.668000 0.994892
0.672000 0.994892
0.676000 0.994892
0.680000 0.994892
0.684000 0.994892
0.688000 0.994892
0.692000 0.994892
0.696000 0.994892
0.700000 0.994892
0.704000 0.994892
0.708000 0.994892
0.712000 0.994892
0.716000 0.994892
0.720000 0.994892
0.724000 0.994892
0.728000 0.994892
0.732000 0.994892
0.736000 0.994892
0.740000 0.994892
0.744000 0.994892
0.748000 0.994892
0.752000 0.994892
0.756000 0.994892
0.760000 0.994892
0.764000 0.994892
0.768000 0.994892
0.772000 0.994892
0.776000 0.994892
0.780000 0.994892
0.784000 0.994892
0.788000 0.994892
0.792000 0.994892
0.796000 0.994892
0.800000 0.994892
0.804000 0.994892
0.808000 0.994892
0.812000 0.994892
0.816000 0.994892
0.820000 0.994892
0.824000 0.994892
0.828000 0.994892
0.832000 0.994892
0.836000 0.994892
0.840000 0.994892
0.844000 0.994892
0.848000 0.994892
0.852000 0.994892
0.856000 0.994892
0.860000 0.994892
0.864000 0.994892
0.868000 0.994892
0.872000 0.994892
0.876000 0.994892
0.880000 0.994892
0.884000 0.994892
0.888000 0.994892
0.892000 0.994892
0.896000 0.994892
0.900000 0.994892
0.904000 0.994892
0.908000 0.994892
0.912000 0.994892
0.916000 0.994892
0.920000 0.994892
0.924000 0.994892
0.928000 0.994892
0.932000 0.994892
0.936000 0.994892
0.940000 0.994892
0.944000 0.994892
0.948000 0.994892
0.952000 0.994892
0.956000 0.994892
0.960000 0.994892
0.964000 0.994892
0.968000 0.994892
0.972000 0.994892
0.976000 0.994892
0.980000 0.994892
0.984000 0.994892
0.988000 0.994892
0.992000 0.994892
0.996000 0.994892
1.000000 0.994892
