-1.000000 0.991037
-0.996000 0.991037
-0.992000 0.991037
-0.988000 0.991037
-0.984000 0.991037
-0.980000 0.991037
-0.976000 0.991037
-0.972000 0.991037
-0.968000 0.991037
-0.964000 0.991037
-0.960000 0.991037
-0.956000 0.991037
-0.952000 0.991037
-0.948000 0.991037
-0.944000 0.991037
-0.940000 0.991037
-0.936000 0.991037
-0.932000 0.991037
-0.928000 0.991037
-0.924000 0.991037
-0.920000 0.991037
-0.916000 0.991037
-0.912000 0.991037
-0.908000 0.991037
-0.904000 0.991037
-0.900000 0.991037
-0.896000 0.991037
-0.892000 0.991037
-0.888000 0.991037
-0.884000 0.991037
-0.880000 0.991037
-0.876000 0.991037
-0.872000 0.991037
-0.868000 0.991037
-0.864000 0.991037
-0.860000 0.991037
-0.856000 0.991037
-0.852000 0.991037
-0.848000 0.991037
-0.844000 0.991037
-0.840000 0.991037
-0.836000 0.991037
-0.832000 0.991037
-0.828000 0.991037
-0.824000 0.991037
-0.820000 0.991037
-0.816000 0.991037
-0.812000 0.991037
-0.808000 0.991037
-0.804000 0.991037
-0.800000 0.991037
-0.796000 0.991037
-0.792000 0.991037
-0.788000 0.991037
-0.784000 0.991037
-0.780000 0.991037
-0.776000 0.991037
-0.772000 0.991037
-0.768000 0.991037
-0.764000 0.991037
-0.760000 0.991037
-0.756000 0.991037
-0.752000 0.991037
-0.748000 0.991037
-0.744000 0.991037
-0.740000 0.991037
-0.736000 0.991037
-0.732000 0.991037
-0.728000 0.991037
-0.724000 0.991037
-0.720000 0.991037
-0.716000 0.991037
-0.712000 0.991037
-0.708000 0.991037
-0.704000 0.991037
-0.700000 0.991037
-0.696000 0.991037
-0.692000 0.991037
-0.688000 0.991037
-0.684000 0.991037
-0.680000 0.991037
-0.676000 0.991037
-0.672000 0.991037
-0.668000 0.991037
-0.664000 0.991037
-0.660000 0.991037
-0.656000 0.991037
-0.652000 0.991037
-0.648000 0.991037
-0.644000 0.991037
-0.640000 0.991037
-0.636000 0.991037
-0.632000 0.991037
-0.628000 0.991037
-0.624000 0.991037
-0.620000 0.991037
-0.616000 0.991037
-0.612000 0.991037
-0.608000 0.991037
-0.604000 0.991037
-0.600000 0.991037
-0.596000 0.991037
-0.592000 0.991037
-0.588000 0.991037
-0.584000 0.991037
-0.580000 0.991037
-0.576000 0.991037
-0.572000 0.991037
-0.568000 0.991037
-0.564000 0.991037
-0.560000 0.991037
-0.556000 0.991037
-0.552000 0.991037
-0.548000 0.991037
-0.544000 0.991037
-0.540000 0.991037
-0.536000 0.991037
-0.532000 0.991037
-0.528000 0.991037
-0.524000 0.991037
-0.520000 0.991037
-0.516000 0.991037
-0.512000 0.991037
-0.508000 0.991037
-0.504000 0.991037
-0.500000 0.991037
-0.496000 0.991037
-0.492000 0.991037
-0.488000 0.991037
-0.484000 0.991037
-0.480000 0.991037
-0.476000 0.991037
-0.472000 0.991037
-0.468000 0.991037
-0.464000 0.991037
-0.460000 0.991037
-0.456000 0.991037
-0.452000 0.991037
-0.448000 0.991037
-0.444000 0.991037
-0.440000 0.991037
-0.436000 0.991037
-0.432000 0.991037
-0.428000 0.991037
-0.424000 0.991037
-0.420000 0.991037
-0.416000 0.991037
-0.412000 0.991037
-0.408000 0.991037
-0.404000 0.991037
-0.400000 0.991037
-0.396000 0.991037
-0.392000 0.991037
-0.388000 0.991037
-0.384000 0.991037
-0.380000 0.991037
-0.376000 0.991037
-0.372000 0.991037
-0.368000 0.991037
-0.364000 0.991037
-0.360000 0.991037
-0.356000 0.991038
-0.352000 0.991038
-0.348000 0.991038
-0.344000 0.991038
-0.340000 0.991038
-0.336000 0.991038
-0.332000 0.991038
-0.328000 0.991038
-0.324000 0.991038
-0.320000 0.991038
-0.316000 0.991038
-0.312000 0.991038
-0.308000 0.991038
-0.304000 0.991038
-0.300000 0.991039
-0.296000 0.991039
-0.292000 0.991039
-0.288000 0.991039
-0.284000 0.991039
-0.280000 0.991039
-0.276000 0.991040
-0.272000 0.991040
-0.268000 0.991040
-0.264000 0.991040
-0.260000 0.991040
-0.256000 0.991041
-0.252000 0.991041
-0.248000 0.991041
-0.244000 0.991042
-0.240000 0.991042
-0.236000 0.991042
-0.232000 0.991043
-0.228000 0.991043
-0.224000 0.991043
-0.220000 0.991044
-0.216000 0.991044
-0.212000 0.991045
-0.208000 0.991045
-0.204000 0.991046
-0.200000 0.991047
-0.196000 0.991047
-0.192000 0.991048
-0.188000 0.991049
-0.184000 0.991049
-0.180000 0.991050
-0.176000 0.991051
-0.172000 0.991052
-0.168000 0.991053
-0.164000 0.991054
-0.160000 0.991055
-0.156000 0.991056
-0.152000 0.991057
-0.148000 0.991059
-0.144000 0.991060
-0.140000 0.991061
-0.136000 0.991063
-0.132000 0.991064
-0.128000 0.991066
-0.124000 0.991068
-0.120000 0.991069
-0.116000 0.991071
-0.112000 0.991073
-0.108000 0.991075
-0.104000 0.991077
-0.100000 0.991080
-0.096000 0.991082
-0.092000 0.991084
-0.088000 0.991087
-0.084000 0.991090
-0.080000 0.991093
-0.076000 0.991096
-0.072000 0.991099
-0.068000 0.991102
-0.064000 0.991105
-0.060000 0.991109
-0.056000 0.991112
-0.052000 0.991116
-0.048000 0.991120
-0.044000 0.991124
-0.040000 0.991129
-0.036000 0.991133
-0.032000 0.991138
-0.028000 0.991143
-0.024000 0.991148
-0.020000 0.991153
-0.016000 0.991158
-0.012000 0.991164
-0.008000 0.991170
-0.004000 0.991176
0.000000 0.991182
0.004000 0.991188
0.008000 0.991195
0.012000 0.991202
0.016000 0.991209
0.020000 0.991217
0.024000 0.991224
0.028000 0.991232
0.032000 0.991240
0.036000 0.991249
0.040000 0.991257
0.044000 0.991266
0.048000 0.991276
0.052000 0.991285
0.056000 0.991295
0.060000 0.991305
0.064000 0.991315
0.068000 0.991326
0.072000 0.991337
0.076000 0.991348
0.080000 0.991360
0.084000 0.991372
0.088000 0.991384
0.092000 0.991397
0.096000 0.991409
0.100000 0.991423
0.104000 0.991436
0.108000 0.991450
0.112000 0.991464
0.116000 0.991479
0.120000 0.991493
0.124000 0.991509
0.128000 0.991524
0.132000 0.991540
0.136000 0.991556
0.140000 0.991572
0.144000 0.991589
0.148000 0.991606
0.152000 0.991624
0.156000 0.991642
0.160000 0.991660
0.164000 0.991679
0.168000 0.991697
0.172000 0.991717
0.176000 0.991736
0.180000 0.991756
0.184000 0.991776
0.188000 0.991797
0.192000 0.991817
0.196000 0.991839
0.200000 0.991860
0.204000 0.991882
0.208000 0.991904
0.212000 0.991926
0.216000 0.991949
0.220000 0.991972
0.224000 0.991995
0.228000 0.992019
0.232000 0.992043
0.236000 0.992067
0.240000 0.992091
0.244000 0.992116
0.248000 0.992141
0.252000 0.992166
0.256000 0.992191
0.260000 0.992217
0.264000 0.992243
0.268000 0.992269
0.272000 0.992295
0.276000 0.992321
0.280000 0.992348
0.284000 0.992375
0.288000 0.992402
0.292000 0.992429
0.296000 0.992456
0.300000 0.992484
0.304000 0.992512
0.308000 0.992539
0.312000 0.992567
0.316000 0.992595
0.320000 0.992623
0.324000 0.992652
0.328000 0.992680
0.332000 0.992708
0.336000 0.992737
0.340000 0.992765
0.344000 0.992794
0.348000 0.992822
0.352000 0.992851
0.356000 0.992879
0.360000 0.992908
0.364000 0.992937
0.368000 0.992965
0.372000 0.992994
0.376000 0.993022
0.380000 0.993051
0.384000 0.993079
0.388000 0.993108
0.392000 0.993136
0.396000 0.993164
0.400000 0.993193
0.404000 0.993221
0.408000 0.993249
0.412000 0.993276
0.416000 0.993304
0.420000 0.993332
0.424000 0.993359
0.428000 0.993386
0.432000 0.993413
0.436000 0.993440
0.440000 0.993467
0.444000 0.993494
0.448000 0.993520
0.452000 0.993546
0.456000 0.993572
0.460000 0.993598
0.464000 0.993623
0.468000 0.993649
0.472000 0.993674
0.476000 0.993699
0.480000 0.993723
0.484000 0.993748
0.488000 0.993772
0.492000 0.993796
0.496000 0.993819
0.500000 0.993843
0.504000 0.993866
0.508000 0.993888
0.512000 0.993911
0.516000 0.993933
0.520000 0.993955
0.524000 0.993977
0.528000 0.993998
0.532000 0.994019
0.536000 0.994040
0.540000 0.994060
0.544000 0.994080
0.548000 0.994100
0.552000 0.994120
0.556000 0.994139
0.560000 0.994158
0.564000 0.994176
0.568000 0.994195
0.572000 0.994213
0.576000 0.994230
0.580000 0.994248
0.584000 0.994265
0.588000 0.994281
0.592000 0.994298
0.596000 0.994314
0.600000 0.994330
0.604000 0.994345
0.608000 0.994361
0.612000 0.994376
0.616000 0.994390
0.620000 0.994404
0.624000 0.994418
0.628000 0.994432
0.632000 0.994446
0.636000 0.994459
0.640000 0.994472
0.644000 0.994484
0.648000 0.994496
0.652000 0.994508
0.656000 0.994520
0.660000 0.994532
0.664000 0.994543
0.668000 0.994554
0.672000 0.994564
0.676000 0.994575
0.680000 0.994585
0.684000 0.994595
0.688000 0.994604
0.692000 0.994614
0.696000 0.994623
0.700000 0.994632
0.704000 0.994640
0.708000 0.994649
0.712000 0.994657
0.716000 0.994665
0.720000 0.994673
0.724000 0.994680
0.728000 0.994688
0.732000 0.994695
0.736000 0.994702
0.740000 0.994708
0.744000 0.994715
0.748000 0.994721
0.752000 0.994727
0.756000 0.994733
0.760000 0.994739
0.764000 0.994745
0.768000 0.994750
0.772000 0.994755
0.776000 0.994761
0.780000 0.994765
0.784000 0.994770
0.788000 0.994775
0.792000 0.994779
0.796000 0.994784
0.800000 0.994788
0.804000 0.994792
0.808000 0.994796
0.812000 0.994800
0.816000 0.994803
0.820000 0.994807
0.824000 0.994810
0.828000 0.994813
0.832000 0.994817
0.836000 0.994820
0.840000 0.994823
0.844000 0.994825
0.848000 0.994828
0.852000 0.994831
0.856000 0.994833
0.860000 0.994836
0.864000 0.994838
0.868000 0.994841
0.872000 0.994843
0.876000 0.994845
0.880000 0.994847
0.884000 0.994849
0.888000 0.994851
0.892000 0.994852
0.896000 0.994854
0.900000 0.994856
0.904000 0.994857
0.908000 0.994859
0.912000 0.994860
0.916000 0.994862
0.920000 0.994863
0.924000 0.994865
0.928000 0.994866
0.932000 0.994867
0.936000 0.994868
0.940000 0.994869
0.944000 0.994870
0.948000 0.994871
0.952000 0.994872
0.956000 0.994873
0.960000 0.994874
0.964000 0.994875
0.968000 0.994876
0.972000 0.994877
0.976000 0.994878
0.980000 0.994878
0.984000 0.994879
0.988000 0.994880
0.992000 0.994881
0.996000 0.994882
1.000000 0.994884
