-1.000000 0.991037
-0.996000 0.991037
-0.992000 0.991037
-0.988000 0.991037
-0.984000 0.991037
-0.980000 0.991037
-0.976000 0.991037
-0.972000 0.991037
-0.968000 0.991037
-0.964000 0.991037
-0.960000 0.991037
-0.956000 0.991037
-0.952000 0.991037
-0.948000 0.991037
-0.944000 0.991037
-0.940000 0.991037
-0.936000 0.991037
-0.932000 0.991037
-0.928000 0.991037
-0.924000 0.991037
-0.920000 0.991037
-0.916000 0.991037
-0.912000 0.991037
-0.908000 0.991037
-0.904000 0.991037
-0.900000 0.991037
-0.896000 0.991037
-0.892000 0.991037
-0.888000 0.991037
-0.884000 0.991037
-0.880000 0.991037
-0.876000 0.991037
-0.872000 0.991037
-0.868000 0.991037
-0.864000 0.991037
-0.860000 0.991037
-0.856000 0.991037
-0.852000 0.991037
-0.848000 0.991037
-0.844000 0.991037
-0.840000 0.991037
-0.836000 0.991037
-0.832000 0.991037
-0.828000 0.991037
-0.824000 0.991037
-0.820000 0.991037
-0.816000 0.991037
-0.812000 0.991037
-0.808000 0.991037
-0.804000 0.991037
-0.800000 0.991037
-0.796000 0.991037
-0.792000 0.991037
-0.788000 0.991037
-0.784000 0.991037
-0.780000 0.991037
-0.776000 0.991037
-0.772000 0.991037
-0.768000 0.991037
-0.764000 0.991037
-0.760000 0.991037
-0.756000 0.991037
-0.752000 0.991037
-0.748000 0.991037
-0.744000 0.991037
-0.740000 0.991037
-0.736000 0.991037
-0.732000 0.991037
-0.728000 0.991037
-0.724000 0.991037
-0.720000 0.991037
-0.716000 0.991037
-0.712000 0.991037
-0.708000 0.991037
-0.704000 0.991037
-0.700000 0.991037
-0.696000 0.991037
-0.692000 0.991037
-0.688000 0.991037
-0.684000 0.991037
-0.680000 0.991037
-0.676000 0.991037
-0.672000 0.991037
-0.668000 0.991037
-0.664000 0.991037
-0.660000 0.991037
-0.656000 0.991037
-0.652000 0.991037
-0.648000 0.991037
-0.644000 0.991037
-0.640000 0.991037
-0.636000 0.991037
-0.632000 0.991037
-0.628000 0.991037
-0.624000 0.991037
-0.620000 0.991037
-0.616000 0.991037
-0.612000 0.991037
-0.608000 0.991037
-0.604000 0.991037
-0.600000 0.991037
-0.596000 0.991037
-0.592000 0.991037
-0.588000 0.991037
-0.584000 0.991037
-0.580000 0.991037
-0.576000 0.991037
-0.572000 0.991037
-0.568000 0.991037
-0.564000 0.991037
-0.560000 0.991037
-0.556000 0.991037
-0.552000 0.991037
-0.548000 0.991037
-0.544000 0.991037
-0.540000 0.991037
-0.536000 0.991037
-0.532000 0.991037
-0.528000 0.991037
-0.524000 0.991037
-0.520000 0.991037
-0.516000 0.991037
-0.512000 0.991037
-0.508000 0.991037
-0.504000 0.991037
-0.500000 0.991037
-0.496000 0.991037
-0.492000 0.991037
-0.488000 0.991037
-0.484000 0.991037
-0.480000 0.991037
-0.476000 0.991037
-0.472000 0.991037
-0.468000 0.991037
-0.464000 0.991037
-0.460000 0.991037
-0.456000 0.991037
-0.452000 0.991037
-0.448000 0.991037
-0.444000 0.991037
-0.440000 0.991037
-0.436000 0.991037
-0.432000 0.991037
-0.428000 0.991037
-0.424000 0.991037
-0.420000 0.991037
-0.416000 0.991037
-0.412000 0.991037
-0.408000 0.991037
-0.404000 0.991037
-0.400000 0.991037
-0.396000 0.991037
-0.392000 0.991037
-0.388000 0.991037
-0.384000 0.991037
-0.380000 0.991037
-0.376000 0.991037
-0.372000 0.991037
-0.368000 0.991037
-0.364000 0.991037
-0.360000 0.991037
-0.356000 0.991037
-0.352000 0.991037
-0.348000 0.991037
-0.344000 0.991037
-0.340000 0.991037
-0.336000 0.991037
-0.332000 0.991037
-0.328000 0.991037
-0.324000 0.991037
-0.320000 0.991037
-0.316000 0.991037
-0.312000 0.991037
-0.308000 0.991037
-0.304000 0.991037
-0.300000 0.991037
-0.296000 0.991037
-0.292000 0.991037
-0.288000 0.991037
-0.284000 0.991037
-0.280000 0.991037
-0.276000 0.991037
-0.272000 0.991037
-0.268000 0.991037
-0.264000 0.991037
-0.260000 0.991037
-0.256000 0.991037
-0.252000 0.991037
-0.248000 0.991037
-0.244000 0.991037
-0.240000 0.991037
-0.236000 0.991037
-0.232000 0.991037
-0.228000 0.991037
-0.224000 0.991037
-0.220000 0.991037
-0.216000 0.991037
-0.212000 0.991037
-0.208000 0.991037
-0.204000 0.991037
-0.200000 0.991037
-0.196000 0.991037
-0.192000 0.991037
-0.188000 0.991037
-0.184000 0.991037
-0.180000 0.991037
-0.176000 0.991037
-0.172000 0.991037
-0.168000 0.991037
-0.164000 0.991037
-0.160000 0.991037
-0.156000 0.991037
-0.152000 0.991037
-0.148000 0.991037
-0.144000 0.991037
-0.140000 0.991037
-0.136000 0.991037
-0.132000 0.991037
-0.128000 0.991037
-0.124000 0.991037
-0.120000 0.991037
-0.116000 0.991037
-0.112000 0.991037
-0.108000 0.991037
-0.104000 0.991037
-0.100000 0.991037
-0.096000 0.991037
-0.092000 0.991037
-0.088000 0.991037
-0.084000 0.991037
-0.080000 0.991037
-0.076000 0.991038
-0.072000 0.991038
-0.068000 0.991038
-0.064000 0.991038
-0.060000 0.991038
-0.056000 0.991038
-0.052000 0.991038
-0.048000 0.991038
-0.044000 0.991038
-0.040000 0.991038
-0.036000 0.991038
-0.032000 0.991038
-0.028000 0.991038
-0.024000 0.991038
-0.020000 0.991038
-0.016000 0.991038
-0.012000 0.991039
-0.008000 0.991039
-0.004000 0.991039
0.000000 0.991039
0.004000 0.991039
0.008000 0.991039
0.012000 0.991039
0.016000 0.991039
0.020000 0.991040
0.024000 0.991040
0.028000 0.991040
0.032000 0.991040
0.036000 0.991040
0.040000 0.991041
0.044000 0.991041
0.048000 0.991041
0.052000 0.991041
0.056000 0.991042
0.060000 0.991042
0.064000 0.991042
0.068000 0.991043
0.072000 0.991043
0.076000 0.991043
0.080000 0.991044
0.084000 0.991044
0.088000 0.991044
0.092000 0.991045
0.096000 0.991045
0.100000 0.991046
0.104000 0.991046
0.108000 0.991047
0.112000 0.991047
0.116000 0.991048
0.120000 0.991049
0.124000 0.991049
0.128000 0.991050
0.132000 0.991051
0.136000 0.991052
0.140000 0.991052
0.144000 0.991053
0.148000 0.991054
0.152000 0.991055
0.156000 0.991056
0.160000 0.991057
0.164000 0.991058
0.168000 0.991059
0.172000 0.991060
0.176000 0.991062
0.180000 0.991063
0.184000 0.991064
0.188000 0.991066
0.192000 0.991067
0.196000 0.991069
0.200000 0.991070
0.204000 0.991072
0.208000 0.991074
0.212000 0.991075
0.216000 0.991077
0.220000 0.991079
0.224000 0.991081
0.228000 0.991083
0.232000 0.991086
0.236000 0.991088
0.240000 0.991090
0.244000 0.991093
0.248000 0.991095
0.252000 0.991098
0.256000 0.991101
0.260000 0.991104
0.264000 0.991107
0.268000 0.991110
0.272000 0.991113
0.276000 0.991116
0.280000 0.991120
0.284000 0.991123
0.288000 0.991127
0.292000 0.991131
0.296000 0.991135
0.300000 0.991139
0.304000 0.991143
0.308000 0.991148
0.312000 0.991152
0.316000 0.991157
0.320000 0.991162
0.324000 0.991167
0.328000 0.991172
0.332000 0.991177
0.336000 0.991183
0.340000 0.991188
0.344000 0.991194
0.348000 0.991200
0.352000 0.991206
0.356000 0.991213
0.360000 0.991219
0.364000 0.991226
0.368000 0.991233
0.372000 0.991240
0.376000 0.991248
0.380000 0.991255
0.384000 0.991263
0.388000 0.991271
0.392000 0.991279
0.396000 0.991287
0.400000 0.991296
0.404000 0.991305
0.408000 0.991314
0.412000 0.991323
0.416000 0.991333
0.420000 0.991342
0.424000 0.991352
0.428000 0.991363
0.432000 0.991373
0.436000 0.991384
0.440000 0.991395
0.444000 0.991406
0.448000 0.991417
0.452000 0.991429
0.456000 0.991441
0.460000 0.991453
0.464000 0.991465
0.468000 0.991478
0.472000 0.991491
0.476000 0.991504
0.480000 0.991518
0.484000 0.991531
0.488000 0.991545
0.492000 0.991559
0.496000 0.991574
0.500000 0.991589
0.504000 0.991604
0.508000 0.991619
0.512000 0.991634
0.516000 0.991650
0.520000 0.991666
0.524000 0.991683
0.528000 0.991699
0.532000 0.991716
0.536000 0.991733
0.540000 0.991750
0.544000 0.991768
0.548000 0.991786
0.552000 0.991804
0.556000 0.991822
0.560000 0.991841
0.564000 0.991860
0.568000 0.991879
0.572000 0.991898
0.576000 0.991918
0.580000 0.991937
0.584000 0.991957
0.588000 0.991978
0.592000 0.991998
0.596000 0.992019
0.600000 0.992040
0.604000 0.992061
0.608000 0.992082
0.612000 0.992104
0.616000 0.992125
0.620000 0.992147
0.624000 0.992169
0.628000 0.992192
0.632000 0.992214
0.636000 0.992237
0.640000 0.992259
0.644000 0.992282
0.648000 0.992306
0.652000 0.992329
0.656000 0.992352
0.660000 0.992376
0.664000 0.992400
0.668000 0.992424
0.672000 0.992448
0.676000 0.992472
0.680000 0.992496
0.684000 0.992520
0.688000 0.992545
0.692000 0.992569
0.696000 0.992594
0.700000 0.992619
0.704000 0.992643
0.708000 0.992668
0.712000 0.992693
0.716000 0.992718
0.720000 0.992743
0.724000 0.992768
0.728000 0.992793
0.732000 0.992819
0.736000 0.992844
0.740000 0.992869
0.744000 0.992894
0.748000 0.992919
0.752000 0.992944
0.756000 0.992970
0.760000 0.992995
0.764000 0.993020
0.768000 0.993045
0.772000 0.993070
0.776000 0.993095
0.780000 0.993120
0.784000 0.993145
0.788000 0.993170
0.792000 0.993195
0.796000 0.993219
0.800000 0.993244
0.804000 0.993269
0.808000 0.993293
0.812000 0.993317
0.816000 0.993342
0.820000 0.993366
0.824000 0.993390
0.828000 0.993414
0.832000 0.993437
0.836000 0.993461
0.840000 0.993485
0.844000 0.993508
0.848000 0.993531
0.852000 0.993554
0.856000 0.993577
0.860000 0.993600
0.864000 0.993622
0.868000 0.993645
0.872000 0.993667
0.876000 0.993689
0.880000 0.993711
0.884000 0.993732
0.888000 0.993754
0.892000 0.993775
0.896000 0.993796
0.900000 0.993817
0.904000 0.993837
0.908000 0.993858
0.912000 0.993878
0.916000 0.993898
0.920000 0.993918
0.924000 0.993938
0.928000 0.993957
0.932000 0.993976
0.936000 0.993995
0.940000 0.994014
0.944000 0.994032
0.948000 0.994051
0.952000 0.994069
0.956000 0.994087
0.960000 0.994105
0.964000 0.994124
0.968000 0.994142
0.972000 0.994161
0.976000 0.994180
0.980000 0.994200
0.984000 0.994221
0.988000 0.994245
0.992000 0.994272
0.996000 0.994303
1.000000 0.994340
