-1.000000 0.997928
-0.996000 0.997928
-0.992000 0.997928
-0.988000 0.997928
-0.984000 0.997928
-0.980000 0.997928
-0.976000 0.997928
-0.972000 0.997928
-0.968000 0.997928
-0.964000 0.997928
-0.960000 0.997928
-0.956000 0.997928
-0.952000 0.997928
-0.948000 0.997928
-0.944000 0.997928
-0.940000 0.997928
-0.936000 0.997928
-0.932000 0.997928
-0.928000 0.997928
-0.924000 0.997928
-0.920000 0.997928
-0.916000 0.997928
-0.912000 0.997928
-0.908000 0.997928
-0.904000 0.997928
-0.900000 0.997928
-0.896000 0.997928
-0.892000 0.997928
-0.888000 0.997928
-0.884000 0.997928
-0.880000 0.997928
-0.876000 0.997928
-0.872000 0.997928
-0.868000 0.997928
-0.864000 0.997928
-0.860000 0.997928
-0.856000 0.997928
-0.852000 0.997928
-0.848000 0.997928
-0.844000 0.997928
-0.840000 0.997928
-0.836000 0.997928
-0.832000 0.997928
-0.828000 0.997928
-0.824000 0.997928
-0.820000 0.997928
-0.816000 0.997928
-0.812000 0.997928
-0.808000 0.997928
-0.804000 0.997928
-0.800000 0.997928
-0.796000 0.997928
-0.792000 0.997928
-0.788000 0.997928
-0.784000 0.997928
-0.780000 0.997928
-0.776000 0.997928
-0.772000 0.997928
-0.768000 0.997928
-0.764000 0.997928
-0.760000 0.997928
-0.756000 0.997928
-0.752000 0.997928
-0.748000 0.997928
-0.744000 0.997928
-0.740000 0.997928
-0.736000 0.997928
-0.732000 0.997928
-0.728000 0.997928
-0.724000 0.997928
-0.720000 0.997928
-0.716000 0.997928
-0.712000 0.997928
-0.708000 0.997928
-0.704000 0.997928
-0.700000 0.997928
-0.696000 0.997928
-0.692000 0.997928
-0.688000 0.997928
-0.684000 0.997928
-0.680000 0.997928
-0.676000 0.997928
-0.672000 0.997928
-0.668000 0.997928
-0.664000 0.997928
-0.660000 0.997928
-0.656000 0.997928
-0.652000 0.997928
-0.648000 0.997928
-0.644000 0.997928
-0.640000 0.997928
-0.636000 0.997928
-0.632000 0.997928
-0.628000 0.997928
-0.624000 0.997928
-0.620000 0.997928
-0.616000 0.997928
-0.612000 0.997928
-0.608000 0.997928
-0.604000 0.997928
-0.600000 0.997928
-0.596000 0.997928
-0.592000 0.997928
-0.588000 0.997928
-0.584000 0.997928
-0.580000 0.997928
-0.576000 0.997928
-0.572000 0.997928
-0.568000 0.997928
-0.564000 0.997928
-0.560000 0.997928
-0.556000 0.997928
-0.552000 0.997928
-0.548000 0.997928
-0.544000 0.997928
-0.540000 0.997928
-0.536000 0.997928
-0.532000 0.997928
-0.528000 0.997928
-0.524000 0.997928
-0.520000 0.997928
-0.516000 0.997928
-0.512000 0.997928
-0.508000 0.997928
-0.504000 0.997928
-0.500000 0.997928
-0.496000 0.997928
-0.492000 0.997928
-0.488000 0.997928
-0.484000 0.997928
-0.480000 0.997928
-0.476000 0.997928
-0.472000 0.997928
-0.468000 0.997928
-0.464000 0.997928
-0.460000 0.997928
-0.456000 0.997928
-0.452000 0.997928
-0.448000 0.997928
-0.444000 0.997928
-0.440000 0.997928
-0.436000 0.997928
-0.432000 0.997928
-0.428000 0.997928
-0.424000 0.997928
-0.420000 0.997928
-0.416000 0.997928
-0.412000 0.997928
-0.408000 0.997928
-0.404000 0.997928
-0.400000 0.997928
-0.396000 0.997928
-0.392000 0.997928
-0.388000 0.997928
-0.384000 0.997928
-0.380000 0.997928
-0.376000 0.997928
-0.372000 0.997928
-0.368000 0.997928
-0.364000 0.997928
-0.360000 0.997927
-0.356000 0.997927
-0.352000 0.997927
-0.348000 0.997927
-0.344000 0.997927
-0.340000 0.997927
-0.336000 0.997927
-0.332000 0.997927
-0.328000 0.997927
-0.324000 0.997927
-0.320000 0.997927
-0.316000 0.997927
-0.312000 0.997927
-0.308000 0.997926
-0.304000 0.997926
-0.300000 0.997926
-0.296000 0.997926
-0.292000 0.997926
-0.288000 0.997926
-0.284000 0.997925
-0.280000 0.997925
-0.276000 0.997925
-0.272000 0.997925
-0.268000 0.997924
-0.264000 0.997924
-0.260000 0.997924
-0.256000 0.997924
-0.252000 0.997923
-0.248000 0.997923
-0.244000 0.997923
-0.240000 0.997922
-0.236000 0.997922
-0.232000 0.997921
-0.228000 0.997921
-0.224000 0.997920
-0.220000 0.997920
-0.216000 0.997919
-0.212000 0.997918
-0.208000 0.997918
-0.204000 0.997917
-0.200000 0.997916
-0.196000 0.997915
-0.192000 0.997914
-0.188000 0.997913
-0.184000 0.997913
-0.180000 0.997911
-0.176000 0.997910
-0.172000 0.997909
-0.168000 0.997908
-0.164000 0.997907
-0.160000 0.997905
-0.156000 0.997904
-0.152000 0.997902
-0.148000 0.997901
-0.144000 0.997899
-0.140000 0.997897
-0.136000 0.997895
-0.132000 0.997893
-0.128000 0.997891
-0.124000 0.997889
-0.120000 0.997886
-0.116000 0.997884
-0.112000 0.997881
-0.108000 0.997878
-0.104000 0.997875
-0.100000 0.997872
-0.096000 0.997869
-0.092000 0.997866
-0.088000 0.997862
-0.084000 0.997858
-0.080000 0.997855
-0.076000 0.997850
-0.072000 0.997846
-0.068000 0.997842
-0.064000 0.997837
-0.060000 0.997832
-0.056000 0.997827
-0.052000 0.997822
-0.048000 0.997816
-0.044000 0.997810
-0.040000 0.997804
-0.036000 0.997798
-0.032000 0.997791
-0.028000 0.997784
-0.024000 0.997777
-0.020000 0.997770
-0.016000 0.997762
-0.012000 0.997754
-0.008000 0.997746
-0.004000 0.997737
0.000000 0.997728
0.004000 0.997719
0.008000 0.997709
0.012000 0.997699
0.016000 0.997688
0.020000 0.997677
0.024000 0.997666
0.028000 0.997654
0.032000 0.997642
0.036000 0.997630
0.040000 0.997617
0.044000 0.997604
0.048000 0.997590
0.052000 0.997576
0.056000 0.997561
0.060000 0.997546
0.064000 0.997530
0.068000 0.997514
0.072000 0.997497
0.076000 0.997480
0.080000 0.997463
0.084000 0.997444
0.088000 0.997426
0.092000 0.997406
0.096000 0.997387
0.100000 0.997366
0.104000 0.997346
0.108000 0.997324
0.112000 0.997302
0.116000 0.997280
0.120000 0.997256
0.124000 0.997233
0.128000 0.997208
0.132000 0.997183
0.136000 0.997158
0.140000 0.997132
0.144000 0.997105
0.148000 0.997078
0.152000 0.997050
0.156000 0.997022
0.160000 0.996992
0.164000 0.996963
0.168000 0.996932
0.172000 0.996901
0.176000 0.996870
0.180000 0.996838
0.184000 0.996805
0.188000 0.996771
0.192000 0.996737
0.196000 0.996703
0.200000 0.996668
0.204000 0.996632
0.208000 0.996595
0.212000 0.996558
0.216000 0.996521
0.220000 0.996483
0.224000 0.996444
0.228000 0.996405
0.232000 0.996365
0.236000 0.996324
0.240000 0.996283
0.244000 0.996242
0.248000 0.996200
0.252000 0.996157
0.256000 0.996114
0.260000 0.996071
0.264000 0.996027
0.268000 0.995982
0.272000 0.995938
0.276000 0.995892
0.280000 0.995846
0.284000 0.995800
0.288000 0.995753
0.292000 0.995706
0.296000 0.995659
0.300000 0.995611
0.304000 0.995563
0.308000 0.995515
0.312000 0.995466
0.316000 0.995417
0.320000 0.995367
0.324000 0.995318
0.328000 0.995268
0.332000 0.995218
0.336000 0.995167
0.340000 0.995117
0.344000 0.995066
0.348000 0.995015
0.352000 0.994964
0.356000 0.994913
0.360000 0.994862
0.364000 0.994810
0.368000 0.994759
0.372000 0.994707
0.376000 0.994656
0.380000 0.994604
0.384000 0.994553
0.388000 0.994501
0.392000 0.994450
0.396000 0.994398
0.400000 0.994347
0.404000 0.994296
0.408000 0.994244
0.412000 0.994193
0.416000 0.994142
0.420000 0.994092
0.424000 0.994041
0.428000 0.993991
0.432000 0.993940
0.436000 0.993891
0.440000 0.993841
0.444000 0.993791
0.448000 0.993742
0.452000 0.993693
0.456000 0.993645
0.460000 0.993596
0.464000 0.993548
0.468000 0.993501
0.472000 0.993454
0.476000 0.993407
0.480000 0.993360
0.484000 0.993314
0.488000 0.993268
0.492000 0.993223
0.496000 0.993178
0.500000 0.993134
0.504000 0.993090
0.508000 0.993047
0.512000 0.993004
0.516000 0.992961
0.520000 0.992919
0.524000 0.992877
0.528000 0.992836
0.532000 0.992796
0.536000 0.992756
0.540000 0.992716
0.544000 0.992677
0.548000 0.992639
0.552000 0.992601
0.556000 0.992564
0.560000 0.992527
0.564000 0.992491
0.568000 0.992455
0.572000 0.992420
0.576000 0.992385
0.580000 0.992351
0.584000 0.992318
0.588000 0.992285
0.592000 0.992252
0.596000 0.992221
0.600000 0.992189
0.604000 0.992159
0.608000 0.992129
0.612000 0.992099
0.616000 0.992070
0.620000 0.992042
0.624000 0.992014
0.628000 0.991986
0.632000 0.991960
0.636000 0.991933
0.640000 0.991908
0.644000 0.991883
0.648000 0.991858
0.652000 0.991834
0.656000 0.991810
0.660000 0.991787
0.664000 0.991765
0.668000 0.991743
0.672000 0.991721
0.676000 0.991700
0.680000 0.991680
0.684000 0.991660
0.688000 0.991640
0.692000 0.991621
0.696000 0.991603
0.700000 0.991584
0.704000 0.991567
0.708000 0.991550
0.712000 0.991533
0.716000 0.991516
0.720000 0.991500
0.724000 0.991485
0.728000 0.991470
0.732000 0.991455
0.736000 0.991441
0.740000 0.991427
0.744000 0.991414
0.748000 0.991401
0.752000 0.991388
0.756000 0.991376
0.760000 0.991364
0.764000 0.991352
0.768000 0.991341
0.772000 0.991330
0.776000 0.991319
0.780000 0.991309
0.784000 0.991299
0.788000 0.991289
0.792000 0.991280
0.796000 0.991271
0.800000 0.991262
0.804000 0.991253
0.808000 0.991245
0.812000 0.991237
0.816000 0.991229
0.820000 0.991222
0.824000 0.991215
0.828000 0.991208
0.832000 0.991201
0.836000 0.991195
0.840000 0.991188
0.844000 0.991182
0.848000 0.991176
0.852000 0.991171
0.856000 0.991165
0.860000 0.991160
0.864000 0.991155
0.868000 0.991150
0.872000 0.991145
0.876000 0.991141
0.880000 0.991137
0.884000 0.991132
0.888000 0.991128
0.892000 0.991124
0.896000 0.991121
0.900000 0.991117
0.904000 0.991114
0.908000 0.991110
0.912000 0.991107
0.916000 0.991104
0.920000 0.991101
0.924000 0.991098
0.928000 0.991096
0.932000 0.991093
0.936000 0.991090
0.940000 0.991088
0.944000 0.991086
0.948000 0.991083
0.952000 0.991081
0.956000 0.991079
0.960000 0.991077
0.964000 0.991075
0.968000 0.991073
0.972000 0.991072
0.976000 0.991070
0.980000 0.991068
0.984000 0.991066
0.988000 0.991064
0.992000 0.991062
0.996000 0.991059
1.000000 0.991056
