-1.000000 0.997928
-0.996000 0.997928
-0.992000 0.997928
-0.988000 0.997928
-0.984000 0.997928
-0.980000 0.997927
-0.976000 0.997927
-0.972000 0.997927
-0.968000 0.997927
-0.964000 0.997926
-0.960000 0.997926
-0.956000 0.997925
-0.952000 0.997924
-0.948000 0.997923
-0.944000 0.997922
-0.940000 0.997921
-0.936000 0.997919
-0.932000 0.997918
-0.928000 0.997916
-0.924000 0.997913
-0.920000 0.997910
-0.916000 0.997907
-0.912000 0.997903
-0.908000 0.997899
-0.904000 0.997894
-0.900000 0.997889
-0.896000 0.997883
-0.892000 0.997876
-0.888000 0.997868
-0.884000 0.997859
-0.880000 0.997849
-0.876000 0.997838
-0.872000 0.997826
-0.868000 0.997812
-0.864000 0.997797
-0.860000 0.997781
-0.856000 0.997763
-0.852000 0.997743
-0.848000 0.997721
-0.844000 0.997698
-0.840000 0.997672
-0.836000 0.997644
-0.832000 0.997615
-0.828000 0.997582
-0.824000 0.997548
-0.820000 0.997511
-0.816000 0.997471
-0.812000 0.997429
-0.808000 0.997384
-0.804000 0.997337
-0.800000 0.997286
-0.796000 0.997233
-0.792000 0.997177
-0.788000 0.997118
-0.784000 0.997055
-0.780000 0.996990
-0.776000 0.996923
-0.772000 0.996852
-0.768000 0.996778
-0.764000 0.996702
-0.760000 0.996622
-0.756000 0.996540
-0.752000 0.996456
-0.748000 0.996368
-0.744000 0.996279
-0.740000 0.996187
-0.736000 0.996092
-0.732000 0.995996
-0.728000 0.995898
-0.724000 0.995798
-0.720000 0.995696
-0.716000 0.995592
-0.712000 0.995488
-0.708000 0.995382
-0.704000 0.995275
-0.700000 0.995167
-0.696000 0.995059
-0.692000 0.994950
-0.688000 0.994840
-0.684000 0.994731
-0.680000 0.994622
-0.676000 0.994513
-0.672000 0.994404
-0.668000 0.994296
-0.664000 0.994188
-0.660000 0.994081
-0.656000 0.993976
-0.652000 0.993871
-0.648000 0.993768
-0.644000 0.993666
-0.640000 0.993566
-0.636000 0.993468
-0.632000 0.993371
-0.628000 0.993276
-0.624000 0.993183
-0.620000 0.993092
-0.616000 0.993003
-0.612000 0.992917
-0.608000 0.992833
-0.604000 0.992751
-0.600000 0.992671
-0.596000 0.992593
-0.592000 0.992519
-0.588000 0.992446
-0.584000 0.992376
-0.580000 0.992308
-0.576000 0.992243
-0.572000 0.992180
-0.568000 0.992119
-0.564000 0.992061
-0.560000 0.992005
-0.556000 0.991951
-0.552000 0.991900
-0.548000 0.991851
-0.544000 0.991804
-0.540000 0.991759
-0.536000 0.991716
-0.532000 0.991676
-0.528000 0.991637
-0.524000 0.991600
-0.520000 0.991565
-0.516000 0.991532
-0.512000 0.991500
-0.508000 0.991470
-0.504000 0.991442
-0.500000 0.991415
-0.496000 0.991390
-0.492000 0.991366
-0.488000 0.991344
-0.484000 0.991323
-0.480000 0.991303
-0.476000 0.991284
-0.472000 0.991267
-0.468000 0.991251
-0.464000 0.991235
-0.460000 0.991221
-0.456000 0.991207
-0.452000 0.991195
-0.448000 0.991183
-0.444000 0.991172
-0.440000 0.991162
-0.436000 0.991152
-0.432000 0.991143
-0.428000 0.991135
-0.424000 0.991127
-0.420000 0.991120
-0.416000 0.991113
-0.412000 0.991107
-0.408000 0.991102
-0.404000 0.991096
-0.400000 0.991091
-0.396000 0.991087
-0.392000 0.991083
-0.388000 0.991079
-0.384000 0.991075
-0.380000 0.991072
-0.376000 0.991069
-0.372000 0.991066
-0.368000 0.991064
-0.364000 0.991061
-0.360000 0.991059
-0.356000 0.991057
-0.352000 0.991056
-0.348000 0.991054
-0.344000 0.991052
-0.340000 0.991051
-0.336000 0.991050
-0.332000 0.991049
-0.328000 0.991047
-0.324000 0.991047
-0.320000 0.991046
-0.316000 0.991045
-0.312000 0.991044
-0.308000 0.991043
-0.304000 0.991043
-0.300000 0.991042
-0.296000 0.991042
-0.292000 0.991041
-0.288000 0.991041
-0.284000 0.991040
-0.280000 0.991040
-0.276000 0.991040
-0.272000 0.991040
-0.268000 0.991039
-0.264000 0.991039
-0.260000 0.991039
-0.256000 0.991039
-0.252000 0.991039
-0.248000 0.991038
-0.244000 0.991038
-0.240000 0.991038
-0.236000 0.991038
-0.232000 0.991038
-0.228000 0.991038
-0.224000 0.991038
-0.220000 0.991038
-0.216000 0.991038
-0.212000 0.991038
-0.208000 0.991037
-0.204000 0.991037
-0.200000 0.991037
-0.196000 0.991037
-0.192000 0.991037
-0.188000 0.991037
-0.184000 0.991037
-0.180000 0.991037
-0.176000 0.991037
-0.172000 0.991037
-0.168000 0.991037
-0.164000 0.991037
-0.160000 0.991037
-0.156000 0.991037
-0.152000 0.991037
-0.148000 0.991037
-0.144000 0.991037
-0.140000 0.991037
-0.136000 0.991037
-0.132000 0.991037
-0.128000 0.991037
-0.124000 0.991037
-0.120000 0.991037
-0.116000 0.991037
-0.112000 0.991037
-0.108000 0.991037
-0.104000 0.991037
-0.100000 0.991037
-0.096000 0.991037
-0.092000 0.991037
-0.088000 0.991037
-0.084000 0.991037
-0.080000 0.991037
-0.076000 0.991037
-0.072000 0.991037
-0.068000 0.991037
-0.064000 0.991037
-0.060000 0.991037
-0.056000 0.991037
-0.052000 0.991037
-0.048000 0.991037
-0.044000 0.991037
-0.040000 0.991037
-0.036000 0.991037
-0.032000 0.991037
-0.028000 0.991037
-0.024000 0.991037
-0.020000 0.991037
-0.016000 0.991037
-0.012000 0.991037
-0.008000 0.991037
-0.004000 0.991037
0.000000 0.991037
0.004000 0.991037
0.008000 0.991037
0.012000 0.991037
0.016000 0.991037
0.020000 0.991037
0.024000 0.991037
0.028000 0.991037
0.032000 0.991037
0.036000 0.991037
0.040000 0.991037
0.044000 0.991037
0.048000 0.991037
0.052000 0.991037
0.056000 0.991037
0.060000 0.991037
0.064000 0.991037
0.068000 0.991037
0.072000 0.991037
0.076000 0.991037
0.080000 0.991037
0.084000 0.991037
0.088000 0.991037
0.092000 0.991037
0.096000 0.991037
0.100000 0.991037
0.104000 0.991037
0.108000 0.991037
0.112000 0.991037
0.116000 0.991037
0.120000 0.991037
0.124000 0.991037
0.128000 0.991037
0.132000 0.991037
0.136000 0.991037
0.140000 0.991037
0.144000 0.991037
0.148000 0.991037
0.152000 0.991037
0.156000 0.991037
0.160000 0.991037
0.164000 0.991037
0.168000 0.991037
0.172000 0.991037
0.176000 0.991037
0.180000 0.991037
0.184000 0.991037
0.188000 0.991037
0.192000 0.991037
0.196000 0.991037
0.200000 0.991037
0.204000 0.991037
0.208000 0.991037
0.212000 0.991037
0.216000 0.991037
0.220000 0.991037
0.224000 0.991037
0.228000 0.991037
0.232000 0.991037
0.236000 0.991037
0.240000 0.991037
0.244000 0.991037
0.248000 0.991037
0.252000 0.991037
0.256000 0.991037
0.260000 0.991037
0.264000 0.991037
0.268000 0.991037
0.272000 0.991037
0.276000 0.991037
0.280000 0.991037
0.284000 0.991037
0.288000 0.991037
0.292000 0.991037
0.296000 0.991037
0.300000 0.991037
0.304000 0.991037
0.308000 0.991037
0.312000 0.991037
0.316000 0.991037
0.320000 0.991037
0.324000 0.991037
0.328000 0.991037
0.332000 0.991037
0.336000 0.991037
0.340000 0.991037
0.344000 0.991037
0.348000 0.991037
0.352000 0.991037
0.356000 0.991037
0.360000 0.991037
0.364000 0.991037
0.368000 0.991037
0.372000 0.991037
0.376000 0.991037
0.380000 0.991037
0.384000 0.991037
0.388000 0.991037
0.392000 0.991037
0.396000 0.991037
0.400000 0.991037
0.404000 0.991037
0.408000 0.991037
0.412000 0.991037
0.416000 0.991037
0.420000 0.991037
0.424000 0.991037
0.428000 0.991037
0.432000 0.991037
0.436000 0.991037
0.440000 0.991037
0.444000 0.991037
0.448000 0.991037
0.452000 0.991037
0.456000 0.991037
0.460000 0.991037
0.464000 0.991037
0.468000 0.991037
0.472000 0.991037
0.476000 0.991037
0.480000 0.991037
0.484000 0.991037
0.488000 0.991037
0.492000 0.991037
0.496000 0.991037
0.500000 0.991037
0.504000 0.991037
0.508000 0.991037
0.512000 0.991037
0.516000 0.991037
0.520000 0.991037
0.524000 0.991037
0.528000 0.991037
0.532000 0.991037
0.536000 0.991037
0.540000 0.991037
0.544000 0.991037
0.548000 0.991037
0.552000 0.991037
0.556000 0.991037
0.560000 0.991037
0.564000 0.991037
0.568000 0.991037
0.572000 0.991037
0.576000 0.991037
0.580000 0.991037
0.584000 0.991037
0.588000 0.991037
0.592000 0.991037
0.596000 0.991037
0.600000 0.991037
0.604000 0.991037
0.608000 0.991037
0.612000 0.991037
0.616000 0.991037
0.620000 0.991037
0.624000 0.991037
0.628000 0.991037
0.632000 0.991037
0.636000 0.991037
0.640000 0.991037
0.644000 0.991037
0.648000 0.991037
0.652000 0.991037
0.656000 0.991037
0.660000 0.991037
0.664000 0.991037
0.668000 0.991037
0.672000 0.991037
0.676000 0.991037
0.680000 0.991037
0.684000 0.991037
0.688000 0.991037
0.692000 0.991037
0.696000 0.991037
0.700000 0.991037
0.704000 0.991037
0.708000 0.991037
0.712000 0.991037
0.716000 0.991037
0.720000 0.991037
0.724000 0.991037
0.728000 0.991037
0.732000 0.991037
0.736000 0.991037
0.740000 0.991037
0.744000 0.991037
0.748000 0.991037
0.752000 0.991037
0.756000 0.991037
0.760000 0.991037
0.764000 0.991037
0.768000 0.991037
0.772000 0.991037
0.776000 0.991037
0.780000 0.991037
0.784000 0.991037
0.788000 0.991037
0.792000 0.991037
0.796000 0.991037
0.800000 0.991037
0.804000 0.991037
0.808000 0.991037
0.812000 0.991037
0.816000 0.991037
0.820000 0.991037
0.824000 0.991037
0.828000 0.991037
0.832000 0.991037
0.836000 0.991037
0.840000 0.991037
0.844000 0.991037
0.848000 0.991037
0.852000 0.991037
0.856000 0.991037
0.860000 0.991037
0.864000 0.991037
0.868000 0.991037
0.872000 0.991037
0.876000 0.991037
0.880000 0.991037
0.884000 0.991037
0.888000 0.991037
0.892000 0.991037
0.896000 0.991037
0.900000 0.991037
0.904000 0.991037
0.908000 0.991037
0.912000 0.991037
0.916000 0.991037
0.920000 0.991037
0.924000 0.991037
0.928000 0.991037
0.932000 0.991037
0.936000 0.991037
0.940000 0.991037
0.944000 0.991037
0.948000 0.991037
0.952000 0.991037
0.956000 0.991037
0.960000 0.991037
0.964000 0.991037
0.968000 0.991037
0.972000 0.991037
0.976000 0.991037
0.980000 0.991037
0.984000 0.991037
0.988000 0.991037
0.992000 0.991037
0.996000 0.991037
1.000000 0.991037
