-1.000000 0.997928
-0.996000 0.997928
-0.992000 0.997928
-0.988000 0.997928
-0.984000 0.997928
-0.980000 0.997928
-0.976000 0.997928
-0.972000 0.997928
-0.968000 0.997928
-0.964000 0.997928
-0.960000 0.997928
-0.956000 0.997928
-0.952000 0.997928
-0.948000 0.997928
-0.944000 0.997928
-0.940000 0.997928
-0.936000 0.997928
-0.932000 0.997928
-0.928000 0.997928
-0.924000 0.997928
-0.920000 0.997928
-0.916000 0.997928
-0.912000 0.997928
-0.908000 0.997928
-0.904000 0.997928
-0.900000 0.997928
-0.896000 0.997928
-0.892000 0.997928
-0.888000 0.997928
-0.884000 0.997928
-0.880000 0.997928
-0.876000 0.997928
-0.872000 0.997928
-0.868000 0.997928
-0.864000 0.997928
-0.860000 0.997928
-0.856000 0.997928
-0.852000 0.997928
-0.848000 0.997928
-0.844000 0.997928
-0.840000 0.997928
-0.836000 0.997928
-0.832000 0.997928
-0.828000 0.997928
-0.824000 0.997928
-0.820000 0.997928
-0.816000 0.997928
-0.812000 0.997928
-0.808000 0.997928
-0.804000 0.997928
-0.800000 0.997928
-0.796000 0.997928
-0.792000 0.997928
-0.788000 0.997928
-0.784000 0.997928
-0.780000 0.997928
-0.776000 0.997928
-0.772000 0.997928
-0.768000 0.997928
-0.764000 0.997928
-0.760000 0.997928
-0.756000 0.997928
-0.752000 0.997928
-0.748000 0.997928
-0.744000 0.997928
-0.740000 0.997928
-0.736000 0.997928
-0.732000 0.997928
-0.728000 0.997928
-0.724000 0.997928
-0.720000 0.997928
-0.716000 0.997928
-0.712000 0.997928
-0.708000 0.997928
-0.704000 0.997928
-0.700000 0.997928
-0.696000 0.997928
-0.692000 0.997928
-0.688000 0.997928
-0.684000 0.997928
-0.680000 0.997928
-0.676000 0.997928
-0.672000 0.997928
-0.668000 0.997928
-0.664000 0.997928
-0.660000 0.997928
-0.656000 0.997928
-0.652000 0.997928
-0.648000 0.997928
-0.644000 0.997928
-0.640000 0.997928
-0.636000 0.997928
-0.632000 0.997928
-0.628000 0.997928
-0.624000 0.997928
-0.620000 0.997928
-0.616000 0.997928
-0.612000 0.997928
-0.608000 0.997928
-0.604000 0.997928
-0.600000 0.997928
-0.596000 0.997928
-0.592000 0.997928
-0.588000 0.997928
-0.584000 0.997928
-0.580000 0.997928
-0.576000 0.997928
-0.572000 0.997928
-0.568000 0.997928
-0.564000 0.997928
-0.560000 0.997928
-0.556000 0.997928
-0.552000 0.997928
-0.548000 0.997928
-0.544000 0.997928
-0.540000 0.997928
-0.536000 0.997928
-0.532000 0.997928
-0.528000 0.997928
-0.524000 0.997928
-0.520000 0.997928
-0.516000 0.997928
-0.512000 0.997928
-0.508000 0.997928
-0.504000 0.997928
-0.500000 0.997928
-0.496000 0.997928
-0.492000 0.997928
-0.488000 0.997928
-0.484000 0.997928
-0.480000 0.997928
-0.476000 0.997928
-0.472000 0.997928
-0.468000 0.997928
-0.464000 0.997928
-0.460000 0.997928
-0.456000 0.997928
-0.452000 0.997928
-0.448000 0.997928
-0.444000 0.997928
-0.440000 0.997928
-0.436000 0.997928
-0.432000 0.997928
-0.428000 0.997928
-0.424000 0.997928
-0.420000 0.997928
-0.416000 0.997928
-0.412000 0.997928
-0.408000 0.997928
-0.404000 0.997928
-0.400000 0.997928
-0.396000 0.997928
-0.392000 0.997928
-0.388000 0.997928
-0.384000 0.997928
-0.380000 0.997928
-0.376000 0.997928
-0.372000 0.997928
-0.368000 0.997928
-0.364000 0.997928
-0.360000 0.997928
-0.356000 0.997928
-0.352000 0.997928
-0.348000 0.997928
-0.344000 0.997928
-0.340000 0.997928
-0.336000 0.997928
-0.332000 0.997928
-0.328000 0.997928
-0.324000 0.997928
-0.320000 0.997928
-0.316000 0.997928
-0.312000 0.997927
-0.308000 0.997927
-0.304000 0.997927
-0.300000 0.997927
-0.296000 0.997927
-0.292000 0.997927
-0.288000 0.997927
-0.284000 0.997927
-0.280000 0.997927
-0.276000 0.997927
-0.272000 0.997927
-0.268000 0.997927
-0.264000 0.997927
-0.260000 0.997926
-0.256000 0.997926
-0.252000 0.997926
-0.248000 0.997926
-0.244000 0.997926
-0.240000 0.997926
-0.236000 0.997926
-0.232000 0.997925
-0.228000 0.997925
-0.224000 0.997925
-0.220000 0.997925
-0.216000 0.997924
-0.212000 0.997924
-0.208000 0.997924
-0.204000 0.997924
-0.200000 0.997923
-0.196000 0.997923
-0.192000 0.997923
-0.188000 0.997922
-0.184000 0.997922
-0.180000 0.997921
-0.176000 0.997921
-0.172000 0.997920
-0.168000 0.997920
-0.164000 0.997919
-0.160000 0.997919
-0.156000 0.997918
-0.152000 0.997917
-0.148000 0.997916
-0.144000 0.997916
-0.140000 0.997915
-0.136000 0.997914
-0.132000 0.997913
-0.128000 0.997912
-0.124000 0.997911
-0.120000 0.997910
-0.116000 0.997909
-0.112000 0.997908
-0.108000 0.997906
-0.104000 0.997905
-0.100000 0.997903
-0.096000 0.997902
-0.092000 0.997900
-0.088000 0.997899
-0.084000 0.997897
-0.080000 0.997895
-0.076000 0.997893
-0.072000 0.997891
-0.068000 0.997889
-0.064000 0.997886
-0.060000 0.997884
-0.056000 0.997881
-0.052000 0.997879
-0.048000 0.997876
-0.044000 0.997873
-0.040000 0.997870
-0.036000 0.997866
-0.032000 0.997863
-0.028000 0.997859
-0.024000 0.997856
-0.020000 0.997852
-0.016000 0.997848
-0.012000 0.997843
-0.008000 0.997839
-0.004000 0.997834
0.000000 0.997829
0.004000 0.997824
0.008000 0.997819
0.012000 0.997814
0.016000 0.997808
0.020000 0.997802
0.024000 0.997796
0.028000 0.997789
0.032000 0.997782
0.036000 0.997775
0.040000 0.997768
0.044000 0.997760
0.048000 0.997752
0.052000 0.997744
0.056000 0.997736
0.060000 0.997727
0.064000 0.997718
0.068000 0.997708
0.072000 0.997698
0.076000 0.997688
0.080000 0.997677
0.084000 0.997666
0.088000 0.997655
0.092000 0.997643
0.096000 0.997631
0.100000 0.997619
0.104000 0.997606
0.108000 0.997592
0.112000 0.997579
0.116000 0.997564
0.120000 0.997550
0.124000 0.997535
0.128000 0.997519
0.132000 0.997503
0.136000 0.997487
0.140000 0.997470
0.144000 0.997452
0.148000 0.997434
0.152000 0.997416
0.156000 0.997397
0.160000 0.997377
0.164000 0.997357
0.168000 0.997337
0.172000 0.997315
0.176000 0.997294
0.180000 0.997272
0.184000 0.997249
0.188000 0.997226
0.192000 0.997202
0.196000 0.997177
0.200000 0.997152
0.204000 0.997127
0.208000 0.997101
0.212000 0.997074
0.216000 0.997047
0.220000 0.997019
0.224000 0.996991
0.228000 0.996962
0.232000 0.996932
0.236000 0.996902
0.240000 0.996871
0.244000 0.996840
0.248000 0.996808
0.252000 0.996775
0.256000 0.996742
0.260000 0.996709
0.264000 0.996674
0.268000 0.996640
0.272000 0.996604
0.276000 0.996568
0.280000 0.996532
0.284000 0.996495
0.288000 0.996457
0.292000 0.996419
0.296000 0.996381
0.300000 0.996341
0.304000 0.996302
0.308000 0.996262
0.312000 0.996221
0.316000 0.996180
0.320000 0.996138
0.324000 0.996096
0.328000 0.996053
0.332000 0.996010
0.336000 0.995967
0.340000 0.995923
0.344000 0.995878
0.348000 0.995833
0.352000 0.995788
0.356000 0.995743
0.360000 0.995697
0.364000 0.995650
0.368000 0.995604
0.372000 0.995557
0.376000 0.995509
0.380000 0.995462
0.384000 0.995414
0.388000 0.995366
0.392000 0.995317
0.396000 0.995269
0.400000 0.995220
0.404000 0.995171
0.408000 0.995122
0.412000 0.995072
0.416000 0.995022
0.420000 0.994973
0.424000 0.994923
0.428000 0.994873
0.432000 0.994823
0.436000 0.994772
0.440000 0.994722
0.444000 0.994672
0.448000 0.994622
0.452000 0.994571
0.456000 0.994521
0.460000 0.994471
0.464000 0.994421
0.468000 0.994370
0.472000 0.994320
0.476000 0.994270
0.480000 0.994220
0.484000 0.994171
0.488000 0.994121
0.492000 0.994072
0.496000 0.994022
0.500000 0.993973
0.504000 0.993924
0.508000 0.993876
0.512000 0.993827
0.516000 0.993779
0.520000 0.993731
0.524000 0.993683
0.528000 0.993636
0.532000 0.993589
0.536000 0.993542
0.540000 0.993496
0.544000 0.993450
0.548000 0.993404
0.552000 0.993358
0.556000 0.993314
0.560000 0.993269
0.564000 0.993225
0.568000 0.993181
0.572000 0.993138
0.576000 0.993095
0.580000 0.993052
0.584000 0.993010
0.588000 0.992968
0.592000 0.992927
0.596000 0.992887
0.600000 0.992846
0.604000 0.992807
0.608000 0.992768
0.612000 0.992729
0.616000 0.992691
0.620000 0.992653
0.624000 0.992616
0.628000 0.992579
0.632000 0.992543
0.636000 0.992507
0.640000 0.992472
0.644000 0.992437
0.648000 0.992403
0.652000 0.992370
0.656000 0.992337
0.660000 0.992304
0.664000 0.992272
0.668000 0.992241
0.672000 0.992210
0.676000 0.992180
0.680000 0.992150
0.684000 0.992121
0.688000 0.992092
0.692000 0.992064
0.696000 0.992036
0.700000 0.992009
0.704000 0.991983
0.708000 0.991956
0.712000 0.991931
0.716000 0.991906
0.720000 0.991881
0.724000 0.991857
0.728000 0.991834
0.732000 0.991811
0.736000 0.991788
0.740000 0.991766
0.744000 0.991745
0.748000 0.991724
0.752000 0.991703
0.756000 0.991683
0.760000 0.991663
0.764000 0.991644
0.768000 0.991625
0.772000 0.991607
0.776000 0.991589
0.780000 0.991572
0.784000 0.991555
0.788000 0.991538
0.792000 0.991522
0.796000 0.991507
0.800000 0.991491
0.804000 0.991476
0.808000 0.991462
0.812000 0.991448
0.816000 0.991434
0.820000 0.991421
0.824000 0.991408
0.828000 0.991395
0.832000 0.991383
0.836000 0.991371
0.840000 0.991359
0.844000 0.991348
0.848000 0.991337
0.852000 0.991327
0.856000 0.991316
0.860000 0.991306
0.864000 0.991297
0.868000 0.991287
0.872000 0.991278
0.876000 0.991269
0.880000 0.991261
0.884000 0.991252
0.888000 0.991244
0.892000 0.991237
0.896000 0.991229
0.900000 0.991222
0.904000 0.991215
0.908000 0.991208
0.912000 0.991201
0.916000 0.991195
0.920000 0.991189
0.924000 0.991183
0.928000 0.991177
0.932000 0.991172
0.936000 0.991166
0.940000 0.991161
0.944000 0.991156
0.948000 0.991151
0.952000 0.991147
0.956000 0.991142
0.960000 0.991138
0.964000 0.991133
0.968000 0.991129
0.972000 0.991125
0.976000 0.991121
0.980000 0.991116
0.984000 0.991112
0.988000 0.991107
0.992000 0.991102
0.996000 0.991096
1.000000 0.991089
