-1.000000 0.997928
-0.996000 0.997928
-0.992000 0.997928
-0.988000 0.997928
-0.984000 0.997927
-0.980000 0.997927
-0.976000 0.997927
-0.972000 0.997926
-0.968000 0.997926
-0.964000 0.997925
-0.960000 0.997924
-0.956000 0.997923
-0.952000 0.997922
-0.948000 0.997921
-0.944000 0.997919
-0.940000 0.997917
-0.936000 0.997915
-0.932000 0.997912
-0.928000 0.997909
-0.924000 0.997905
-0.920000 0.997901
-0.916000 0.997896
-0.912000 0.997890
-0.908000 0.997884
-0.904000 0.997877
-0.900000 0.997868
-0.896000 0.997859
-0.892000 0.997849
-0.888000 0.997837
-0.884000 0.997824
-0.880000 0.997810
-0.876000 0.997794
-0.872000 0.997776
-0.868000 0.997757
-0.864000 0.997735
-0.860000 0.997712
-0.856000 0.997687
-0.852000 0.997659
-0.848000 0.997629
-0.844000 0.997597
-0.840000 0.997562
-0.836000 0.997524
-0.832000 0.997484
-0.828000 0.997441
-0.824000 0.997395
-0.820000 0.997346
-0.816000 0.997294
-0.812000 0.997239
-0.808000 0.997180
-0.804000 0.997119
-0.800000 0.997055
-0.796000 0.996987
-0.792000 0.996916
-0.788000 0.996842
-0.784000 0.996765
-0.780000 0.996685
-0.776000 0.996602
-0.772000 0.996516
-0.768000 0.996428
-0.764000 0.996336
-0.760000 0.996242
-0.756000 0.996146
-0.752000 0.996047
-0.748000 0.995946
-0.744000 0.995843
-0.740000 0.995739
-0.736000 0.995632
-0.732000 0.995524
-0.728000 0.995415
-0.724000 0.995304
-0.720000 0.995193
-0.716000 0.995081
-0.712000 0.994968
-0.708000 0.994855
-0.704000 0.994742
-0.700000 0.994629
-0.696000 0.994516
-0.692000 0.994403
-0.688000 0.994292
-0.684000 0.994180
-0.680000 0.994070
-0.676000 0.993961
-0.672000 0.993854
-0.668000 0.993747
-0.664000 0.993642
-0.660000 0.993539
-0.656000 0.993438
-0.652000 0.993339
-0.648000 0.993242
-0.644000 0.993146
-0.640000 0.993054
-0.636000 0.992963
-0.632000 0.992875
-0.628000 0.992789
-0.624000 0.992706
-0.620000 0.992625
-0.616000 0.992546
-0.612000 0.992471
-0.608000 0.992398
-0.604000 0.992327
-0.600000 0.992259
-0.596000 0.992193
-0.592000 0.992131
-0.588000 0.992070
-0.584000 0.992012
-0.580000 0.991957
-0.576000 0.991904
-0.572000 0.991853
-0.568000 0.991804
-0.564000 0.991758
-0.560000 0.991714
-0.556000 0.991672
-0.552000 0.991633
-0.548000 0.991595
-0.544000 0.991559
-0.540000 0.991525
-0.536000 0.991493
-0.532000 0.991463
-0.528000 0.991434
-0.524000 0.991407
-0.520000 0.991382
-0.516000 0.991358
-0.512000 0.991336
-0.508000 0.991314
-0.504000 0.991295
-0.500000 0.991276
-0.496000 0.991259
-0.492000 0.991242
-0.488000 0.991227
-0.484000 0.991213
-0.480000 0.991199
-0.476000 0.991187
-0.472000 0.991175
-0.468000 0.991165
-0.464000 0.991155
-0.460000 0.991145
-0.456000 0.991137
-0.452000 0.991129
-0.448000 0.991121
-0.444000 0.991114
-0.440000 0.991108
-0.436000 0.991102
-0.432000 0.991097
-0.428000 0.991092
-0.424000 0.991087
-0.420000 0.991083
-0.416000 0.991079
-0.412000 0.991075
-0.408000 0.991072
-0.404000 0.991069
-0.400000 0.991066
-0.396000 0.991063
-0.392000 0.991061
-0.388000 0.991059
-0.384000 0.991057
-0.380000 0.991055
-0.376000 0.991053
-0.372000 0.991052
-0.368000 0.991051
-0.364000 0.991049
-0.360000 0.991048
-0.356000 0.991047
-0.352000 0.991046
-0.348000 0.991045
-0.344000 0.991044
-0.340000 0.991044
-0.336000 0.991043
-0.332000 0.991042
-0.328000 0.991042
-0.324000 0.991041
-0.320000 0.991041
-0.316000 0.991041
-0.312000 0.991040
-0.308000 0.991040
-0.304000 0.991040
-0.300000 0.991039
-0.296000 0.991039
-0.292000 0.991039
-0.288000 0.991039
-0.284000 0.991039
-0.280000 0.991038
-0.276000 0.991038
-0.272000 0.991038
-0.268000 0.991038
-0.264000 0.991038
-0.260000 0.991038
-0.256000 0.991038
-0.252000 0.991038
-0.248000 0.991038
-0.244000 0.991038
-0.240000 0.991037
-0.236000 0.991037
-0.232000 0.991037
-0.228000 0.991037
-0.224000 0.991037
-0.220000 0.991037
-0.216000 0.991037
-0.212000 0.991037
-0.208000 0.991037
-0.204000 0.991037
-0.200000 0.991037
-0.196000 0.991037
-0.192000 0.991037
-0.188000 0.991037
-0.184000 0.991037
-0.180000 0.991037
-0.176000 0.991037
-0.172000 0.991037
-0.168000 0.991037
-0.164000 0.991037
-0.160000 0.991037
-0.156000 0.991037
-0.152000 0.991037
-0.148000 0.991037
-0.144000 0.991037
-0.140000 0.991037
-0.136000 0.991037
-0.132000 0.991037
-0.128000 0.991037
-0.124000 0.991037
-0.120000 0.991037
-0.116000 0.991037
-0.112000 0.991037
-0.108000 0.991037
-0.104000 0.991037
-0.100000 0.991037
-0.096000 0.991037
-0.092000 0.991037
-0.088000 0.991037
-0.084000 0.991037
-0.080000 0.991037
-0.076000 0.991037
-0.072000 0.991037
-0.068000 0.991037
-0.064000 0.991037
-0.060000 0.991037
-0.056000 0.991037
-0.052000 0.991037
-0.048000 0.991037
-0.044000 0.991037
-0.040000 0.991037
-0.036000 0.991037
-0.032000 0.991037
-0.028000 0.991037
-0.024000 0.991037
-0.020000 0.991037
-0.016000 0.991037
-0.012000 0.991037
-0.008000 0.991037
-0.004000 0.991037
0.000000 0.991037
0.004000 0.991037
0.008000 0.991037
0.012000 0.991037
0.016000 0.991037
0.020000 0.991037
0.024000 0.991037
0.028000 0.991037
0.032000 0.991037
0.036000 0.991037
0.040000 0.991037
0.044000 0.991037
0.048000 0.991037
0.052000 0.991037
0.056000 0.991037
0.060000 0.991037
0.064000 0.991037
0.068000 0.991037
0.072000 0.991037
0.076000 0.991037
0.080000 0.991037
0.084000 0.991037
0.088000 0.991037
0.092000 0.991037
0.096000 0.991037
0.100000 0.991037
0.104000 0.991037
0.108000 0.991037
0.112000 0.991037
0.116000 0.991037
0.120000 0.991037
0.124000 0.991037
0.128000 0.991037
0.132000 0.991037
0.136000 0.991037
0.140000 0.991037
0.144000 0.991037
0.148000 0.991037
0.152000 0.991037
0.156000 0.991037
0.160000 0.991037
0.164000 0.991037
0.168000 0.991037
0.172000 0.991037
0.176000 0.991037
0.180000 0.991037
0.184000 0.991037
0.188000 0.991037
0.192000 0.991037
0.196000 0.991037
0.200000 0.991037
0.204000 0.991037
0.208000 0.991037
0.212000 0.991037
0.216000 0.991037
0.220000 0.991037
0.224000 0.991037
0.228000 0.991037
0.232000 0.991037
0.236000 0.991037
0.240000 0.991037
0.244000 0.991037
0.248000 0.991037
0.252000 0.991037
0.256000 0.991037
0.260000 0.991037
0.264000 0.991037
0.268000 0.991037
0.272000 0.991037
0.276000 0.991037
0.280000 0.991037
0.284000 0.991037
0.288000 0.991037
0.292000 0.991037
0.296000 0.991037
0.300000 0.991037
0.304000 0.991037
0.308000 0.991037
0.312000 0.991037
0.316000 0.991037
0.320000 0.991037
0.324000 0.991037
0.328000 0.991037
0.332000 0.991037
0.336000 0.991037
0.340000 0.991037
0.344000 0.991037
0.348000 0.991037
0.352000 0.991037
0.356000 0.991037
0.360000 0.991037
0.364000 0.991037
0.368000 0.991037
0.372000 0.991037
0.376000 0.991037
0.380000 0.991037
0.384000 0.991037
0.388000 0.991037
0.392000 0.991037
0.396000 0.991037
0.400000 0.991037
0.404000 0.991037
0.408000 0.991037
0.412000 0.991037
0.416000 0.991037
0.420000 0.991037
0.424000 0.991037
0.428000 0.991037
0.432000 0.991037
0.436000 0.991037
0.440000 0.991037
0.444000 0.991037
0.448000 0.991037
0.452000 0.991037
0.456000 0.991037
0.460000 0.991037
0.464000 0.991037
0.468000 0.991037
0.472000 0.991037
0.476000 0.991037
0.480000 0.991037
0.484000 0.991037
0.488000 0.991037
0.492000 0.991037
0.496000 0.991037
0.500000 0.991037
0.504000 0.991037
0.508000 0.991037
0.512000 0.991037
0.516000 0.991037
0.520000 0.991037
0.524000 0.991037
0.528000 0.991037
0.532000 0.991037
0.536000 0.991037
0.540000 0.991037
0.544000 0.991037
0.548000 0.991037
0.552000 0.991037
0.556000 0.991037
0.560000 0.991037
0.564000 0.991037
0.568000 0.991037
0.572000 0.991037
0.576000 0.991037
0.580000 0.991037
0.584000 0.991037
0.588000 0.991037
0.592000 0.991037
0.596000 0.991037
0.600000 0.991037
0.604000 0.991037
0.608000 0.991037
0.612000 0.991037
0.616000 0.991037
0.620000 0.991037
0.624000 0.991037
0.628000 0.991037
0.632000 0.991037
0.636000 0.991037
0.640000 0.991037
0.644000 0.991037
0.648000 0.991037
0.652000 0.991037
0.656000 0.991037
0.660000 0.991037
0.664000 0.991037
0.668000 0.991037
0.672000 0.991037
0.676000 0.991037
0.680000 0.991037
0.684000 0.991037
0.688000 0.991037
0.692000 0.991037
0.696000 0.991037
0.700000 0.991037
0.704000 0.991037
0.708000 0.991037
0.712000 0.991037
0.716000 0.991037
0.720000 0.991037
0.724000 0.991037
0.728000 0.991037
0.732000 0.991037
0.736000 0.991037
0.740000 0.991037
0.744000 0.991037
0.748000 0.991037
0.752000 0.991037
0.756000 0.991037
0.760000 0.991037
0.764000 0.991037
0.768000 0.991037
0.772000 0.991037
0.776000 0.991037
0.780000 0.991037
0.784000 0.991037
0.788000 0.991037
0.792000 0.991037
0.796000 0.991037
0.800000 0.991037
0.804000 0.991037
0.808000 0.991037
0.812000 0.991037
0.816000 0.991037
0.820000 0.991037
0.824000 0.991037
0.828000 0.991037
0.832000 0.991037
0.836000 0.991037
0.840000 0.991037
0.844000 0.991037
0.848000 0.991037
0.852000 0.991037
0.856000 0.991037
0.860000 0.991037
0.864000 0.991037
0.868000 0.991037
0.872000 0.991037
0.876000 0.991037
0.880000 0.991037
0.884000 0.991037
0.888000 0.991037
0.892000 0.991037
0.896000 0.991037
0.900000 0.991037
0.904000 0.991037
0.908000 0.991037
0.912000 0.991037
0.916000 0.991037
0.920000 0.991037
0.924000 0.991037
0.928000 0.991037
0.932000 0.991037
0.936000 0.991037
0.940000 0.991037
0.944000 0.991037
0.948000 0.991037
0.952000 0.991037
0.956000 0.991037
0.960000 0.991037
0.964000 0.991037
0.968000 0.991037
0.972000 0.991037
0.976000 0.991037
0.980000 0.991037
0.984000 0.991037
0.988000 0.991037
0.992000 0.991037
0.996000 0.991037
1.000000 0.991037
