-1.000000 0.997928
-0.996000 0.997928
-0.992000 0.997928
-0.988000 0.997928
-0.984000 0.997928
-0.980000 0.997928
-0.976000 0.997928
-0.972000 0.997928
-0.968000 0.997928
-0.964000 0.997928
-0.960000 0.997928
-0.956000 0.997928
-0.952000 0.997928
-0.948000 0.997928
-0.944000 0.997928
-0.940000 0.997928
-0.936000 0.997928
-0.932000 0.997928
-0.928000 0.997928
-0.924000 0.997928
-0.920000 0.997928
-0.916000 0.997928
-0.912000 0.997928
-0.908000 0.997928
-0.904000 0.997928
-0.900000 0.997928
-0.896000 0.997928
-0.892000 0.997928
-0.888000 0.997928
-0.884000 0.997928
-0.880000 0.997928
-0.876000 0.997928
-0.872000 0.997928
-0.868000 0.997928
-0.864000 0.997928
-0.860000 0.997928
-0.856000 0.997928
-0.852000 0.997928
-0.848000 0.997928
-0.844000 0.997928
-0.840000 0.997928
-0.836000 0.997928
-0.832000 0.997928
-0.828000 0.997928
-0.824000 0.997928
-0.820000 0.997928
-0.816000 0.997928
-0.812000 0.997928
-0.808000 0.997928
-0.804000 0.997928
-0.800000 0.997928
-0.796000 0.997928
-0.792000 0.997928
-0.788000 0.997928
-0.784000 0.997928
-0.780000 0.997928
-0.776000 0.997928
-0.772000 0.997928
-0.768000 0.997928
-0.764000 0.997928
-0.760000 0.997928
-0.756000 0.997928
-0.752000 0.997928
-0.748000 0.997928
-0.744000 0.997928
-0.740000 0.997928
-0.736000 0.997928
-0.732000 0.997928
-0.728000 0.997928
-0.724000 0.997928
-0.720000 0.997928
-0.716000 0.997928
-0.712000 0.997928
-0.708000 0.997928
-0.704000 0.997928
-0.700000 0.997928
-0.696000 0.997928
-0.692000 0.997928
-0.688000 0.997928
-0.684000 0.997928
-0.680000 0.997928
-0.676000 0.997928
-0.672000 0.997928
-0.668000 0.997928
-0.664000 0.997928
-0.660000 0.997928
-0.656000 0.997928
-0.652000 0.997928
-0.648000 0.997928
-0.644000 0.997928
-0.640000 0.997928
-0.636000 0.997928
-0.632000 0.997928
-0.628000 0.997928
-0.624000 0.997928
-0.620000 0.997928
-0.616000 0.997928
-0.612000 0.997928
-0.608000 0.997928
-0.604000 0.997928
-0.600000 0.997928
-0.596000 0.997928
-0.592000 0.997928
-0.588000 0.997928
-0.584000 0.997928
-0.580000 0.997928
-0.576000 0.997928
-0.572000 0.997928
-0.568000 0.997928
-0.564000 0.997928
-0.560000 0.997928
-0.556000 0.997928
-0.552000 0.997928
-0.548000 0.997928
-0.544000 0.997927
-0.540000 0.997927
-0.536000 0.997927
-0.532000 0.997927
-0.528000 0.997927
-0.524000 0.997927
-0.520000 0.997927
-0.516000 0.997927
-0.512000 0.997927
-0.508000 0.997927
-0.504000 0.997927
-0.500000 0.997926
-0.496000 0.997926
-0.492000 0.997926
-0.488000 0.997926
-0.484000 0.997926
-0.480000 0.997926
-0.476000 0.997925
-0.472000 0.997925
-0.468000 0.997925
-0.464000 0.997925
-0.460000 0.997924
-0.456000 0.997924
-0.452000 0.997923
-0.448000 0.997923
-0.444000 0.997923
-0.440000 0.997922
-0.436000 0.997922
-0.432000 0.997921
-0.428000 0.997921
-0.424000 0.997920
-0.420000 0.997919
-0.416000 0.997919
-0.412000 0.997918
-0.408000 0.997917
-0.404000 0.997916
-0.400000 0.997915
-0.396000 0.997914
-0.392000 0.997913
-0.388000 0.997912
-0.384000 0.997911
-0.380000 0.997910
-0.376000 0.997908
-0.372000 0.997907
-0.368000 0.997905
-0.364000 0.997903
-0.360000 0.997902
-0.356000 0.997900
-0.352000 0.997898
-0.348000 0.997895
-0.344000 0.997893
-0.340000 0.997891
-0.336000 0.997888
-0.332000 0.997885
-0.328000 0.997883
-0.324000 0.997879
-0.320000 0.997876
-0.316000 0.997873
-0.312000 0.997869
-0.308000 0.997865
-0.304000 0.997861
-0.300000 0.997857
-0.296000 0.997853
-0.292000 0.997848
-0.288000 0.997843
-0.284000 0.997838
-0.280000 0.997832
-0.276000 0.997826
-0.272000 0.997820
-0.268000 0.997814
-0.264000 0.997807
-0.260000 0.997800
-0.256000 0.997793
-0.252000 0.997785
-0.248000 0.997777
-0.244000 0.997769
-0.240000 0.997760
-0.236000 0.997751
-0.232000 0.997741
-0.228000 0.997731
-0.224000 0.997721
-0.220000 0.997710
-0.216000 0.997699
-0.212000 0.997687
-0.208000 0.997674
-0.204000 0.997662
-0.200000 0.997648
-0.196000 0.997634
-0.192000 0.997620
-0.188000 0.997605
-0.184000 0.997590
-0.180000 0.997574
-0.176000 0.997557
-0.172000 0.997540
-0.168000 0.997522
-0.164000 0.997503
-0.160000 0.997484
-0.156000 0.997465
-0.152000 0.997444
-0.148000 0.997423
-0.144000 0.997401
-0.140000 0.997379
-0.136000 0.997356
-0.132000 0.997332
-0.128000 0.997308
-0.124000 0.997282
-0.120000 0.997257
-0.116000 0.997230
-0.112000 0.997203
-0.108000 0.997174
-0.104000 0.997145
-0.100000 0.997116
-0.096000 0.997085
-0.092000 0.997054
-0.088000 0.997022
-0.084000 0.996990
-0.080000 0.996956
-0.076000 0.996922
-0.072000 0.996887
-0.068000 0.996851
-0.064000 0.996815
-0.060000 0.996778
-0.056000 0.996740
-0.052000 0.996701
-0.048000 0.996661
-0.044000 0.996621
-0.040000 0.996580
-0.036000 0.996538
-0.032000 0.996496
-0.028000 0.996453
-0.024000 0.996409
-0.020000 0.996364
-0.016000 0.996319
-0.012000 0.996273
-0.008000 0.996226
-0.004000 0.996179
0.000000 0.996131
0.004000 0.996083
0.008000 0.996034
0.012000 0.995984
0.016000 0.995934
0.020000 0.995883
0.024000 0.995832
0.028000 0.995780
0.032000 0.995728
0.036000 0.995675
0.040000 0.995622
0.044000 0.995568
0.048000 0.995514
0.052000 0.995459
0.056000 0.995404
0.060000 0.995349
0.064000 0.995294
0.068000 0.995238
0.072000 0.995182
0.076000 0.995125
0.080000 0.995069
0.084000 0.995012
0.088000 0.994955
0.092000 0.994898
0.096000 0.994841
0.100000 0.994783
0.104000 0.994726
0.108000 0.994668
0.112000 0.994611
0.116000 0.994553
0.120000 0.994496
0.124000 0.994439
0.128000 0.994381
0.132000 0.994324
0.136000 0.994267
0.140000 0.994210
0.144000 0.994153
0.148000 0.994097
0.152000 0.994040
0.156000 0.993984
0.160000 0.993928
0.164000 0.993873
0.168000 0.993818
0.172000 0.993763
0.176000 0.993708
0.180000 0.993654
0.184000 0.993600
0.188000 0.993547
0.192000 0.993494
0.196000 0.993442
0.200000 0.993390
0.204000 0.993338
0.208000 0.993287
0.212000 0.993236
0.216000 0.993187
0.220000 0.993137
0.224000 0.993088
0.228000 0.993040
0.232000 0.992992
0.236000 0.992945
0.240000 0.992899
0.244000 0.992853
0.248000 0.992808
0.252000 0.992763
0.256000 0.992719
0.260000 0.992676
0.264000 0.992633
0.268000 0.992591
0.272000 0.992550
0.276000 0.992509
0.280000 0.992469
0.284000 0.992430
0.288000 0.992392
0.292000 0.992354
0.296000 0.992317
0.300000 0.992280
0.304000 0.992244
0.308000 0.992209
0.312000 0.992175
0.316000 0.992141
0.320000 0.992108
0.324000 0.992076
0.328000 0.992044
0.332000 0.992013
0.336000 0.991983
0.340000 0.991954
0.344000 0.991925
0.348000 0.991897
0.352000 0.991869
0.356000 0.991842
0.360000 0.991816
0.364000 0.991790
0.368000 0.991765
0.372000 0.991741
0.376000 0.991717
0.380000 0.991694
0.384000 0.991671
0.388000 0.991650
0.392000 0.991628
0.396000 0.991607
0.400000 0.991587
0.404000 0.991568
0.408000 0.991549
0.412000 0.991530
0.416000 0.991512
0.420000 0.991495
0.424000 0.991478
0.428000 0.991461
0.432000 0.991445
0.436000 0.991430
0.440000 0.991415
0.444000 0.991401
0.448000 0.991387
0.452000 0.991373
0.456000 0.991360
0.460000 0.991347
0.464000 0.991335
0.468000 0.991323
0.472000 0.991311
0.476000 0.991300
0.480000 0.991290
0.484000 0.991279
0.488000 0.991269
0.492000 0.991260
0.496000 0.991250
0.500000 0.991241
0.504000 0.991233
0.508000 0.991224
0.512000 0.991216
0.516000 0.991209
0.520000 0.991201
0.524000 0.991194
0.528000 0.991187
0.532000 0.991181
0.536000 0.991174
0.540000 0.991168
0.544000 0.991162
0.548000 0.991157
0.552000 0.991151
0.556000 0.991146
0.560000 0.991141
0.564000 0.991136
0.568000 0.991131
0.572000 0.991127
0.576000 0.991123
0.580000 0.991119
0.584000 0.991115
0.588000 0.991111
0.592000 0.991108
0.596000 0.991104
0.600000 0.991101
0.604000 0.991098
0.608000 0.991095
0.612000 0.991092
0.616000 0.991089
0.620000 0.991087
0.624000 0.991084
0.628000 0.991082
0.632000 0.991080
0.636000 0.991077
0.640000 0.991075
0.644000 0.991073
0.648000 0.991072
0.652000 0.991070
0.656000 0.991068
0.660000 0.991066
0.664000 0.991065
0.668000 0.991063
0.672000 0.991062
0.676000 0.991061
0.680000 0.991059
0.684000 0.991058
0.688000 0.991057
0.692000 0.991056
0.696000 0.991055
0.700000 0.991054
0.704000 0.991053
0.708000 0.991052
0.712000 0.991051
0.716000 0.991051
0.720000 0.991050
0.724000 0.991049
0.728000 0.991048
0.732000 0.991048
0.736000 0.991047
0.740000 0.991047
0.744000 0.991046
0.748000 0.991046
0.752000 0.991045
0.756000 0.991045
0.760000 0.991044
0.764000 0.991044
0.768000 0.991043
0.772000 0.991043
0.776000 0.991043
0.780000 0.991042
0.784000 0.991042
0.788000 0.991042
0.792000 0.991041
0.796000 0.991041
0.800000 0.991041
0.804000 0.991041
0.808000 0.991040
0.812000 0.991040
0.816000 0.991040
0.820000 0.991040
0.824000 0.991040
0.828000 0.991039
0.832000 0.991039
0.836000 0.991039
0.840000 0.991039
0.844000 0.991039
0.848000 0.991039
0.852000 0.991039
0.856000 0.991039
0.860000 0.991038
0.864000 0.991038
0.868000 0.991038
0.872000 0.991038
0.876000 0.991038
0.880000 0.991038
0.884000 0.991038
0.888000 0.991038
0.892000 0.991038
0.896000 0.991038
0.900000 0.991038
0.904000 0.991038
0.908000 0.991038
0.912000 0.991038
0.916000 0.991038
0.920000 0.991038
0.924000 0.991038
0.928000 0.991037
0.932000 0.991037
0.936000 0.991037
0.940000 0.991037
0.944000 0.991037
0.948000 0.991037
0.952000 0.991037
0.956000 0.991037
0.960000 0.991037
0.964000 0.991037
0.968000 0.991037
0.972000 0.991037
0.976000 0.991037
0.980000 0.991037
0.984000 0.991037
0.988000 0.991037
0.992000 0.991037
0.996000 0.991037
1.000000 0.991037
