-1.000000 0.997928
-0.996000 0.997928
-0.992000 0.997928
-0.988000 0.997928
-0.984000 0.997928
-0.980000 0.997927
-0.976000 0.997927
-0.972000 0.997927
-0.968000 0.997926
-0.964000 0.997926
-0.960000 0.997925
-0.956000 0.997924
-0.952000 0.997923
-0.948000 0.997922
-0.944000 0.997921
-0.940000 0.997919
-0.936000 0.997917
-0.932000 0.997915
-0.928000 0.997913
-0.924000 0.997910
-0.920000 0.997906
-0.916000 0.997902
-0.912000 0.997898
-0.908000 0.997892
-0.904000 0.997886
-0.900000 0.997880
-0.896000 0.997872
-0.892000 0.997864
-0.888000 0.997854
-0.884000 0.997843
-0.880000 0.997831
-0.876000 0.997818
-0.872000 0.997803
-0.868000 0.997787
-0.864000 0.997769
-0.860000 0.997750
-0.856000 0.997728
-0.852000 0.997705
-0.848000 0.997679
-0.844000 0.997652
-0.840000 0.997622
-0.836000 0.997589
-0.832000 0.997555
-0.828000 0.997517
-0.824000 0.997477
-0.820000 0.997435
-0.816000 0.997389
-0.812000 0.997341
-0.808000 0.997290
-0.804000 0.997235
-0.800000 0.997178
-0.796000 0.997118
-0.792000 0.997055
-0.788000 0.996988
-0.784000 0.996919
-0.780000 0.996847
-0.776000 0.996772
-0.772000 0.996693
-0.768000 0.996612
-0.764000 0.996528
-0.760000 0.996442
-0.756000 0.996352
-0.752000 0.996261
-0.748000 0.996167
-0.744000 0.996070
-0.740000 0.995972
-0.736000 0.995871
-0.732000 0.995769
-0.728000 0.995664
-0.724000 0.995559
-0.720000 0.995452
-0.716000 0.995344
-0.712000 0.995235
-0.708000 0.995125
-0.704000 0.995014
-0.700000 0.994903
-0.696000 0.994792
-0.692000 0.994681
-0.688000 0.994570
-0.684000 0.994459
-0.680000 0.994349
-0.676000 0.994239
-0.672000 0.994130
-0.668000 0.994022
-0.664000 0.993916
-0.660000 0.993810
-0.656000 0.993706
-0.652000 0.993604
-0.648000 0.993503
-0.644000 0.993404
-0.640000 0.993307
-0.636000 0.993212
-0.632000 0.993119
-0.628000 0.993028
-0.624000 0.992940
-0.620000 0.992853
-0.616000 0.992770
-0.612000 0.992688
-0.608000 0.992609
-0.604000 0.992532
-0.600000 0.992458
-0.596000 0.992387
-0.592000 0.992318
-0.588000 0.992251
-0.584000 0.992187
-0.580000 0.992125
-0.576000 0.992066
-0.572000 0.992009
-0.568000 0.991954
-0.564000 0.991902
-0.560000 0.991852
-0.556000 0.991804
-0.552000 0.991759
-0.548000 0.991715
-0.544000 0.991674
-0.540000 0.991635
-0.536000 0.991598
-0.532000 0.991562
-0.528000 0.991529
-0.524000 0.991497
-0.520000 0.991467
-0.516000 0.991438
-0.512000 0.991412
-0.508000 0.991386
-0.504000 0.991362
-0.500000 0.991340
-0.496000 0.991319
-0.492000 0.991299
-0.488000 0.991280
-0.484000 0.991263
-0.480000 0.991246
-0.476000 0.991231
-0.472000 0.991217
-0.468000 0.991203
-0.464000 0.991191
-0.460000 0.991179
-0.456000 0.991168
-0.452000 0.991158
-0.448000 0.991149
-0.444000 0.991140
-0.440000 0.991132
-0.436000 0.991124
-0.432000 0.991117
-0.428000 0.991111
-0.424000 0.991105
-0.420000 0.991099
-0.416000 0.991094
-0.412000 0.991089
-0.408000 0.991085
-0.404000 0.991081
-0.400000 0.991077
-0.396000 0.991074
-0.392000 0.991070
-0.388000 0.991068
-0.384000 0.991065
-0.380000 0.991062
-0.376000 0.991060
-0.372000 0.991058
-0.368000 0.991056
-0.364000 0.991054
-0.360000 0.991053
-0.356000 0.991051
-0.352000 0.991050
-0.348000 0.991049
-0.344000 0.991048
-0.340000 0.991047
-0.336000 0.991046
-0.332000 0.991045
-0.328000 0.991044
-0.324000 0.991044
-0.320000 0.991043
-0.316000 0.991042
-0.312000 0.991042
-0.308000 0.991041
-0.304000 0.991041
-0.300000 0.991041
-0.296000 0.991040
-0.292000 0.991040
-0.288000 0.991040
-0.284000 0.991039
-0.280000 0.991039
-0.276000 0.991039
-0.272000 0.991039
-0.268000 0.991039
-0.264000 0.991038
-0.260000 0.991038
-0.256000 0.991038
-0.252000 0.991038
-0.248000 0.991038
-0.244000 0.991038
-0.240000 0.991038
-0.236000 0.991038
-0.232000 0.991038
-0.228000 0.991038
-0.224000 0.991037
-0.220000 0.991037
-0.216000 0.991037
-0.212000 0.991037
-0.208000 0.991037
-0.204000 0.991037
-0.200000 0.991037
-0.196000 0.991037
-0.192000 0.991037
-0.188000 0.991037
-0.184000 0.991037
-0.180000 0.991037
-0.176000 0.991037
-0.172000 0.991037
-0.168000 0.991037
-0.164000 0.991037
-0.160000 0.991037
-0.156000 0.991037
-0.152000 0.991037
-0.148000 0.991037
-0.144000 0.991037
-0.140000 0.991037
-0.136000 0.991037
-0.132000 0.991037
-0.128000 0.991037
-0.124000 0.991037
-0.120000 0.991037
-0.116000 0.991037
-0.112000 0.991037
-0.108000 0.991037
-0.104000 0.991037
-0.100000 0.991037
-0.096000 0.991037
-0.092000 0.991037
-0.088000 0.991037
-0.084000 0.991037
-0.080000 0.991037
-0.076000 0.991037
-0.072000 0.991037
-0.068000 0.991037
-0.064000 0.991037
-0.060000 0.991037
-0.056000 0.991037
-0.052000 0.991037
-0.048000 0.991037
-0.044000 0.991037
-0.040000 0.991037
-0.036000 0.991037
-0.032000 0.991037
-0.028000 0.991037
-0.024000 0.991037
-0.020000 0.991037
-0.016000 0.991037
-0.012000 0.991037
-0.008000 0.991037
-0.004000 0.991037
0.000000 0.991037
0.004000 0.991037
0.008000 0.991037
0.012000 0.991037
0.016000 0.991037
0.020000 0.991037
0.024000 0.991037
0.028000 0.991037
0.032000 0.991037
0.036000 0.991037
0.040000 0.991037
0.044000 0.991037
0.048000 0.991037
0.052000 0.991037
0.056000 0.991037
0.060000 0.991037
0.064000 0.991037
0.068000 0.991037
0.072000 0.991037
0.076000 0.991037
0.080000 0.991037
0.084000 0.991037
0.088000 0.991037
0.092000 0.991037
0.096000 0.991037
0.100000 0.991037
0.104000 0.991037
0.108000 0.991037
0.112000 0.991037
0.116000 0.991037
0.120000 0.991037
0.124000 0.991037
0.128000 0.991037
0.132000 0.991037
0.136000 0.991037
0.140000 0.991037
0.144000 0.991037
0.148000 0.991037
0.152000 0.991037
0.156000 0.991037
0.160000 0.991037
0.164000 0.991037
0.168000 0.991037
0.172000 0.991037
0.176000 0.991037
0.180000 0.991037
0.184000 0.991037
0.188000 0.991037
0.192000 0.991037
0.196000 0.991037
0.200000 0.991037
0.204000 0.991037
0.208000 0.991037
0.212000 0.991037
0.216000 0.991037
0.220000 0.991037
0.224000 0.991037
0.228000 0.991037
0.232000 0.991037
0.236000 0.991037
0.240000 0.991037
0.244000 0.991037
0.248000 0.991037
0.252000 0.991037
0.256000 0.991037
0.260000 0.991037
0.264000 0.991037
0.268000 0.991037
0.272000 0.991037
0.276000 0.991037
0.280000 0.991037
0.284000 0.991037
0.288000 0.991037
0.292000 0.991037
0.296000 0.991037
0.300000 0.991037
0.304000 0.991037
0.308000 0.991037
0.312000 0.991037
0.316000 0.991037
0.320000 0.991037
0.324000 0.991037
0.328000 0.991037
0.332000 0.991037
0.336000 0.991037
0.340000 0.991037
0.344000 0.991037
0.348000 0.991037
0.352000 0.991037
0.356000 0.991037
0.360000 0.991037
0.364000 0.991037
0.368000 0.991037
0.372000 0.991037
0.376000 0.991037
0.380000 0.991037
0.384000 0.991037
0.388000 0.991037
0.392000 0.991037
0.396000 0.991037
0.400000 0.991037
0.404000 0.991037
0.408000 0.991037
0.412000 0.991037
0.416000 0.991037
0.420000 0.991037
0.424000 0.991037
0.428000 0.991037
0.432000 0.991037
0.436000 0.991037
0.440000 0.991037
0.444000 0.991037
0.448000 0.991037
0.452000 0.991037
0.456000 0.991037
0.460000 0.991037
0.464000 0.991037
0.468000 0.991037
0.472000 0.991037
0.476000 0.991037
0.480000 0.991037
0.484000 0.991037
0.488000 0.991037
0.492000 0.991037
0.496000 0.991037
0.500000 0.991037
0.504000 0.991037
0.508000 0.991037
0.512000 0.991037
0.516000 0.991037
0.520000 0.991037
0.524000 0.991037
0.528000 0.991037
0.532000 0.991037
0.536000 0.991037
0.540000 0.991037
0.544000 0.991037
0.548000 0.991037
0.552000 0.991037
0.556000 0.991037
0.560000 0.991037
0.564000 0.991037
0.568000 0.991037
0.572000 0.991037
0.576000 0.991037
0.580000 0.991037
0.584000 0.991037
0.588000 0.991037
0.592000 0.991037
0.596000 0.991037
0.600000 0.991037
0.604000 0.991037
0.608000 0.991037
0.612000 0.991037
0.616000 0.991037
0.620000 0.991037
0.624000 0.991037
0.628000 0.991037
0.632000 0.991037
0.636000 0.991037
0.640000 0.991037
0.644000 0.991037
0.648000 0.991037
0.652000 0.991037
0.656000 0.991037
0.660000 0.991037
0.664000 0.991037
0.668000 0.991037
0.672000 0.991037
0.676000 0.991037
0.680000 0.991037
0.684000 0.991037
0.688000 0.991037
0.692000 0.991037
0.696000 0.991037
0.700000 0.991037
0.704000 0.991037
0.708000 0.991037
0.712000 0.991037
0.716000 0.991037
0.720000 0.991037
0.724000 0.991037
0.728000 0.991037
0.732000 0.991037
0.736000 0.991037
0.740000 0.991037
0.744000 0.991037
0.748000 0.991037
0.752000 0.991037
0.756000 0.991037
0.760000 0.991037
0.764000 0.991037
0.768000 0.991037
0.772000 0.991037
0.776000 0.991037
0.780000 0.991037
0.784000 0.991037
0.788000 0.991037
0.792000 0.991037
0.796000 0.991037
0.800000 0.991037
0.804000 0.991037
0.808000 0.991037
0.812000 0.991037
0.816000 0.991037
0.820000 0.991037
0.824000 0.991037
0.828000 0.991037
0.832000 0.991037
0.836000 0.991037
0.840000 0.991037
0.844000 0.991037
0.848000 0.991037
0.852000 0.991037
0.856000 0.991037
0.860000 0.991037
0.864000 0.991037
0.868000 0.991037
0.872000 0.991037
0.876000 0.991037
0.880000 0.991037
0.884000 0.991037
0.888000 0.991037
0.892000 0.991037
0.896000 0.991037
0.900000 0.991037
0.904000 0.991037
0.908000 0.991037
0.912000 0.991037
0.916000 0.991037
0.920000 0.991037
0.924000 0.991037
0.928000 0.991037
0.932000 0.991037
0.936000 0.991037
0.940000 0.991037
0.944000 0.991037
0.948000 0.991037
0.952000 0.991037
0.956000 0.991037
0.960000 0.991037
0.964000 0.991037
0.968000 0.991037
0.972000 0.991037
0.976000 0.991037
0.980000 0.991037
0.984000 0.991037
0.988000 0.991037
0.992000 0.991037
0.996000 0.991037
1.000000 0.991037
