-1.000000 0.992919
-0.996000 0.992919
-0.992000 0.992919
-0.988000 0.992919
-0.984000 0.992919
-0.980000 0.992919
-0.976000 0.992919
-0.972000 0.992919
-0.968000 0.992919
-0.964000 0.992919
-0.960000 0.992919
-0.956000 0.992919
-0.952000 0.992919
-0.948000 0.992919
-0.944000 0.992919
-0.940000 0.992919
-0.936000 0.992919
-0.932000 0.992919
-0.928000 0.992919
-0.924000 0.992919
-0.920000 0.992919
-0.916000 0.992919
-0.912000 0.992919
-0.908000 0.992919
-0.904000 0.992919
-0.900000 0.992919
-0.896000 0.992919
-0.892000 0.992919
-0.888000 0.992919
-0.884000 0.992919
-0.880000 0.992919
-0.876000 0.992919
-0.872000 0.992919
-0.868000 0.992919
-0.864000 0.992919
-0.860000 0.992919
-0.856000 0.992919
-0.852000 0.992919
-0.848000 0.992919
-0.844000 0.992919
-0.840000 0.992919
-0.836000 0.992919
-0.832000 0.992919
-0.828000 0.992919
-0.824000 0.992919
-0.820000 0.992919
-0.816000 0.992919
-0.812000 0.992919
-0.808000 0.992919
-0.804000 0.992919
-0.800000 0.992919
-0.796000 0.992919
-0.792000 0.992919
-0.788000 0.992919
-0.784000 0.992919
-0.780000 0.992919
-0.776000 0.992919
-0.772000 0.992919
-0.768000 0.992919
-0.764000 0.992919
-0.760000 0.992919
-0.756000 0.992919
-0.752000 0.992919
-0.748000 0.992919
-0.744000 0.992919
-0.740000 0.992919
-0.736000 0.992919
-0.732000 0.992919
-0.728000 0.992919
-0.724000 0.992919
-0.720000 0.992919
-0.716000 0.992919
-0.712000 0.992919
-0.708000 0.992919
-0.704000 0.992919
-0.700000 0.992919
-0.696000 0.992919
-0.692000 0.992919
-0.688000 0.992919
-0.684000 0.992919
-0.680000 0.992919
-0.676000 0.992919
-0.672000 0.992919
-0.668000 0.992919
-0.664000 0.992919
-0.660000 0.992919
-0.656000 0.992919
-0.652000 0.992919
-0.648000 0.992919
-0.644000 0.992919
-0.640000 0.992919
-0.636000 0.992919
-0.632000 0.992919
-0.628000 0.992919
-0.624000 0.992919
-0.620000 0.992919
-0.616000 0.992919
-0.612000 0.992919
-0.608000 0.992919
-0.604000 0.992919
-0.600000 0.992919
-0.596000 0.992919
-0.592000 0.992919
-0.588000 0.992919
-0.584000 0.992919
-0.580000 0.992919
-0.576000 0.992919
-0.572000 0.992919
-0.568000 0.992919
-0.564000 0.992919
-0.560000 0.992919
-0.556000 0.992919
-0.552000 0.992919
-0.548000 0.992919
-0.544000 0.992919
-0.540000 0.992919
-0.536000 0.992919
-0.532000 0.992919
-0.528000 0.992919
-0.524000 0.992919
-0.520000 0.992919
-0.516000 0.992919
-0.512000 0.992919
-0.508000 0.992919
-0.504000 0.992919
-0.500000 0.992919
-0.496000 0.992919
-0.492000 0.992919
-0.488000 0.992919
-0.484000 0.992919
-0.480000 0.992919
-0.476000 0.992919
-0.472000 0.992919
-0.468000 0.992919
-0.464000 0.992919
-0.460000 0.992919
-0.456000 0.992919
-0.452000 0.992919
-0.448000 0.992919
-0.444000 0.992919
-0.440000 0.992919
-0.436000 0.992919
-0.432000 0.992919
-0.428000 0.992919
-0.424000 0.992919
-0.420000 0.992919
-0.416000 0.992919
-0.412000 0.992919
-0.408000 0.992919
-0.404000 0.992919
-0.400000 0.992919
-0.396000 0.992919
-0.392000 0.992919
-0.388000 0.992919
-0.384000 0.992919
-0.380000 0.992919
-0.376000 0.992919
-0.372000 0.992919
-0.368000 0.992919
-0.364000 0.992919
-0.360000 0.992919
-0.356000 0.992919
-0.352000 0.992919
-0.348000 0.992919
-0.344000 0.992919
-0.340000 0.992919
-0.336000 0.992919
-0.332000 0.992919
-0.328000 0.992919
-0.324000 0.992919
-0.320000 0.992919
-0.316000 0.992919
-0.312000 0.992919
-0.308000 0.992919
-0.304000 0.992919
-0.300000 0.992919
-0.296000 0.992919
-0.292000 0.992919
-0.288000 0.992919
-0.284000 0.992919
-0.280000 0.992919
-0.276000 0.992919
-0.272000 0.992919
-0.268000 0.992919
-0.264000 0.992919
-0.260000 0.992919
-0.256000 0.992919
-0.252000 0.992919
-0.248000 0.992919
-0.244000 0.992919
-0.240000 0.992919
-0.236000 0.992919
-0.232000 0.992919
-0.228000 0.992919
-0.224000 0.992919
-0.220000 0.992919
-0.216000 0.992919
-0.212000 0.992919
-0.208000 0.992919
-0.204000 0.992919
-0.200000 0.992919
-0.196000 0.992919
-0.192000 0.992919
-0.188000 0.992919
-0.184000 0.992919
-0.180000 0.992919
-0.176000 0.992919
-0.172000 0.992919
-0.168000 0.992919
-0.164000 0.992919
-0.160000 0.992919
-0.156000 0.992919
-0.152000 0.992919
-0.148000 0.992919
-0.144000 0.992919
-0.140000 0.992919
-0.136000 0.992919
-0.132000 0.992919
-0.128000 0.992919
-0.124000 0.992919
-0.120000 0.992919
-0.116000 0.992919
-0.112000 0.992919
-0.108000 0.992919
-0.104000 0.992919
-0.100000 0.992919
-0.096000 0.992919
-0.092000 0.992919
-0.088000 0.992919
-0.084000 0.992919
-0.080000 0.992920
-0.076000 0.992920
-0.072000 0.992920
-0.068000 0.992920
-0.064000 0.992920
-0.060000 0.992920
-0.056000 0.992920
-0.052000 0.992920
-0.048000 0.992920
-0.044000 0.992920
-0.040000 0.992920
-0.036000 0.992920
-0.032000 0.992920
-0.028000 0.992920
-0.024000 0.992920
-0.020000 0.992921
-0.016000 0.992921
-0.012000 0.992921
-0.008000 0.992921
-0.004000 0.992921
0.000000 0.992921
0.004000 0.992921
0.008000 0.992922
0.012000 0.992922
0.016000 0.992922
0.020000 0.992922
0.024000 0.992922
0.028000 0.992923
0.032000 0.992923
0.036000 0.992923
0.040000 0.992923
0.044000 0.992924
0.048000 0.992924
0.052000 0.992924
0.056000 0.992925
0.060000 0.992925
0.064000 0.992925
0.068000 0.992926
0.072000 0.992926
0.076000 0.992927
0.080000 0.992927
0.084000 0.992928
0.088000 0.992928
0.092000 0.992929
0.096000 0.992929
0.100000 0.992930
0.104000 0.992931
0.108000 0.992931
0.112000 0.992932
0.116000 0.992933
0.120000 0.992934
0.124000 0.992935
0.128000 0.992935
0.132000 0.992936
0.136000 0.992937
0.140000 0.992938
0.144000 0.992940
0.148000 0.992941
0.152000 0.992942
0.156000 0.992943
0.160000 0.992945
0.164000 0.992946
0.168000 0.992947
0.172000 0.992949
0.176000 0.992951
0.180000 0.992952
0.184000 0.992954
0.188000 0.992956
0.192000 0.992958
0.196000 0.992960
0.200000 0.992962
0.204000 0.992964
0.208000 0.992967
0.212000 0.992969
0.216000 0.992972
0.220000 0.992974
0.224000 0.992977
0.228000 0.992980
0.232000 0.992983
0.236000 0.992986
0.240000 0.992989
0.244000 0.992993
0.248000 0.992996
0.252000 0.993000
0.256000 0.993004
0.260000 0.993008
0.264000 0.993012
0.268000 0.993016
0.272000 0.993020
0.276000 0.993025
0.280000 0.993030
0.284000 0.993035
0.288000 0.993040
0.292000 0.993045
0.296000 0.993051
0.300000 0.993057
0.304000 0.993063
0.308000 0.993069
0.312000 0.993075
0.316000 0.993082
0.320000 0.993089
0.324000 0.993096
0.328000 0.993103
0.332000 0.993111
0.336000 0.993119
0.340000 0.993127
0.344000 0.993135
0.348000 0.993144
0.352000 0.993153
0.356000 0.993162
0.360000 0.993172
0.364000 0.993181
0.368000 0.993192
0.372000 0.993202
0.376000 0.993213
0.380000 0.993224
0.384000 0.993235
0.388000 0.993247
0.392000 0.993259
0.396000 0.993271
0.400000 0.993284
0.404000 0.993297
0.408000 0.993310
0.412000 0.993324
0.416000 0.993338
0.420000 0.993353
0.424000 0.993368
0.428000 0.993383
0.432000 0.993399
0.436000 0.993415
0.440000 0.993431
0.444000 0.993448
0.448000 0.993466
0.452000 0.993483
0.456000 0.993501
0.460000 0.993520
0.464000 0.993539
0.468000 0.993558
0.472000 0.993578
0.476000 0.993599
0.480000 0.993619
0.484000 0.993641
0.488000 0.993662
0.492000 0.993684
0.496000 0.993707
0.500000 0.993730
0.504000 0.993753
0.508000 0.993777
0.512000 0.993801
0.516000 0.993826
0.520000 0.993851
0.524000 0.993877
0.528000 0.993903
0.532000 0.993930
0.536000 0.993957
0.540000 0.993985
0.544000 0.994013
0.548000 0.994041
0.552000 0.994070
0.556000 0.994100
0.560000 0.994130
0.564000 0.994160
0.568000 0.994191
0.572000 0.994222
0.576000 0.994254
0.580000 0.994286
0.584000 0.994319
0.588000 0.994352
0.592000 0.994385
0.596000 0.994419
0.600000 0.994454
0.604000 0.994489
0.608000 0.994524
0.612000 0.994559
0.616000 0.994595
0.620000 0.994632
0.624000 0.994669
0.628000 0.994706
0.632000 0.994744
0.636000 0.994782
0.640000 0.994820
0.644000 0.994859
0.648000 0.994898
0.652000 0.994938
0.656000 0.994977
0.660000 0.995017
0.664000 0.995058
0.668000 0.995099
0.672000 0.995140
0.676000 0.995181
0.680000 0.995223
0.684000 0.995265
0.688000 0.995307
0.692000 0.995350
0.696000 0.995393
0.700000 0.995436
0.704000 0.995479
0.708000 0.995522
0.712000 0.995566
0.716000 0.995610
0.720000 0.995654
0.724000 0.995698
0.728000 0.995743
0.732000 0.995787
0.736000 0.995832
0.740000 0.995877
0.744000 0.995922
0.748000 0.995967
0.752000 0.996012
0.756000 0.996058
0.760000 0.996103
0.764000 0.996149
0.768000 0.996194
0.772000 0.996240
0.776000 0.996285
0.780000 0.996331
0.784000 0.996376
0.788000 0.996422
0.792000 0.996467
0.796000 0.996513
0.800000 0.996558
0.804000 0.996604
0.808000 0.996649
0.812000 0.996695
0.816000 0.996740
0.820000 0.996785
0.824000 0.996830
0.828000 0.996875
0.832000 0.996919
0.836000 0.996964
0.840000 0.997008
0.844000 0.997053
0.848000 0.997097
0.852000 0.997141
0.856000 0.997184
0.860000 0.997228
0.864000 0.997271
0.868000 0.997314
0.872000 0.997357
0.876000 0.997400
0.880000 0.997442
0.884000 0.997484
0.888000 0.997526
0.892000 0.997567
0.896000 0.997609
0.900000 0.997650
0.904000 0.997690
0.908000 0.997731
0.912000 0.997771
0.916000 0.997810
0.920000 0.997850
0.924000 0.997889
0.928000 0.997927
0.932000 0.997966
0.936000 0.998004
0.940000 0.998042
0.944000 0.998079
0.948000 0.998117
0.952000 0.998154
0.956000 0.998191
0.960000 0.998228
0.964000 0.998265
0.968000 0.998303
0.972000 0.998341
0.976000 0.998381
0.980000 0.998423
0.984000 0.998468
0.988000 0.998517
0.992000 0.998573
0.996000 0.998638
1.000000 0.998716
