-1.000000 0.991037
-0.996000 0.991037
-0.992000 0.991037
-0.988000 0.991037
-0.984000 0.991037
-0.980000 0.991037
-0.976000 0.991037
-0.972000 0.991037
-0.968000 0.991037
-0.964000 0.991037
-0.960000 0.991037
-0.956000 0.991037
-0.952000 0.991037
-0.948000 0.991037
-0.944000 0.991037
-0.940000 0.991037
-0.936000 0.991037
-0.932000 0.991037
-0.928000 0.991037
-0.924000 0.991037
-0.920000 0.991037
-0.916000 0.991037
-0.912000 0.991037
-0.908000 0.991037
-0.904000 0.991037
-0.900000 0.991037
-0.896000 0.991037
-0.892000 0.991037
-0.888000 0.991037
-0.884000 0.991037
-0.880000 0.991037
-0.876000 0.991037
-0.872000 0.991037
-0.868000 0.991037
-0.864000 0.991037
-0.860000 0.991037
-0.856000 0.991037
-0.852000 0.991037
-0.848000 0.991037
-0.844000 0.991037
-0.840000 0.991037
-0.836000 0.991037
-0.832000 0.991037
-0.828000 0.991037
-0.824000 0.991037
-0.820000 0.991037
-0.816000 0.991037
-0.812000 0.991037
-0.808000 0.991037
-0.804000 0.991037
-0.800000 0.991037
-0.796000 0.991037
-0.792000 0.991037
-0.788000 0.991037
-0.784000 0.991037
-0.780000 0.991037
-0.776000 0.991037
-0.772000 0.991037
-0.768000 0.991037
-0.764000 0.991037
-0.760000 0.991037
-0.756000 0.991037
-0.752000 0.991037
-0.748000 0.991037
-0.744000 0.991037
-0.740000 0.991037
-0.736000 0.991037
-0.732000 0.991037
-0.728000 0.991037
-0.724000 0.991037
-0.720000 0.991037
-0.716000 0.991037
-0.712000 0.991037
-0.708000 0.991037
-0.704000 0.991037
-0.700000 0.991037
-0.696000 0.991037
-0.692000 0.991037
-0.688000 0.991037
-0.684000 0.991037
-0.680000 0.991037
-0.676000 0.991037
-0.672000 0.991037
-0.668000 0.991037
-0.664000 0.991037
-0.660000 0.991037
-0.656000 0.991037
-0.652000 0.991037
-0.648000 0.991037
-0.644000 0.991037
-0.640000 0.991037
-0.636000 0.991037
-0.632000 0.991037
-0.628000 0.991037
-0.624000 0.991037
-0.620000 0.991037
-0.616000 0.991037
-0.612000 0.991037
-0.608000 0.991037
-0.604000 0.991037
-0.600000 0.991037
-0.596000 0.991037
-0.592000 0.991037
-0.588000 0.991037
-0.584000 0.991037
-0.580000 0.991037
-0.576000 0.991037
-0.572000 0.991037
-0.568000 0.991037
-0.564000 0.991037
-0.560000 0.991037
-0.556000 0.991037
-0.552000 0.991037
-0.548000 0.991037
-0.544000 0.991037
-0.540000 0.991037
-0.536000 0.991037
-0.532000 0.991037
-0.528000 0.991037
-0.524000 0.991037
-0.520000 0.991037
-0.516000 0.991037
-0.512000 0.991037
-0.508000 0.991037
-0.504000 0.991037
-0.500000 0.991037
-0.496000 0.991037
-0.492000 0.991037
-0.488000 0.991037
-0.484000 0.991037
-0.480000 0.991037
-0.476000 0.991037
-0.472000 0.991037
-0.468000 0.991038
-0.464000 0.991038
-0.460000 0.991038
-0.456000 0.991038
-0.452000 0.991038
-0.448000 0.991038
-0.444000 0.991038
-0.440000 0.991038
-0.436000 0.991038
-0.432000 0.991038
-0.428000 0.991038
-0.424000 0.991038
-0.420000 0.991038
-0.416000 0.991039
-0.412000 0.991039
-0.408000 0.991039
-0.404000 0.991039
-0.400000 0.991039
-0.396000 0.991039
-0.392000 0.991040
-0.388000 0.991040
-0.384000 0.991040
-0.380000 0.991040
-0.376000 0.991041
-0.372000 0.991041
-0.368000 0.991041
-0.364000 0.991041
-0.360000 0.991042
-0.356000 0.991042
-0.352000 0.991043
-0.348000 0.991043
-0.344000 0.991043
-0.340000 0.991044
-0.336000 0.991044
-0.332000 0.991045
-0.328000 0.991046
-0.324000 0.991046
-0.320000 0.991047
-0.316000 0.991048
-0.312000 0.991048
-0.308000 0.991049
-0.304000 0.991050
-0.300000 0.991051
-0.296000 0.991052
-0.292000 0.991053
-0.288000 0.991054
-0.284000 0.991055
-0.280000 0.991056
-0.276000 0.991058
-0.272000 0.991059
-0.268000 0.991061
-0.264000 0.991062
-0.260000 0.991064
-0.256000 0.991065
-0.252000 0.991067
-0.248000 0.991069
-0.244000 0.991071
-0.240000 0.991073
-0.236000 0.991075
-0.232000 0.991078
-0.228000 0.991080
-0.224000 0.991083
-0.220000 0.991085
-0.216000 0.991088
-0.212000 0.991091
-0.208000 0.991094
-0.204000 0.991098
-0.200000 0.991101
-0.196000 0.991105
-0.192000 0.991108
-0.188000 0.991112
-0.184000 0.991116
-0.180000 0.991120
-0.176000 0.991125
-0.172000 0.991130
-0.168000 0.991134
-0.164000 0.991139
-0.160000 0.991145
-0.156000 0.991150
-0.152000 0.991156
-0.148000 0.991162
-0.144000 0.991168
-0.140000 0.991174
-0.136000 0.991181
-0.132000 0.991188
-0.128000 0.991195
-0.124000 0.991203
-0.120000 0.991210
-0.116000 0.991218
-0.112000 0.991226
-0.108000 0.991235
-0.104000 0.991244
-0.100000 0.991253
-0.096000 0.991262
-0.092000 0.991272
-0.088000 0.991282
-0.084000 0.991293
-0.080000 0.991303
-0.076000 0.991315
-0.072000 0.991326
-0.068000 0.991338
-0.064000 0.991350
-0.060000 0.991362
-0.056000 0.991375
-0.052000 0.991388
-0.048000 0.991402
-0.044000 0.991416
-0.040000 0.991430
-0.036000 0.991444
-0.032000 0.991459
-0.028000 0.991475
-0.024000 0.991491
-0.020000 0.991507
-0.016000 0.991523
-0.012000 0.991540
-0.008000 0.991557
-0.004000 0.991575
0.000000 0.991593
0.004000 0.991612
0.008000 0.991630
0.012000 0.991650
0.016000 0.991669
0.020000 0.991689
0.024000 0.991710
0.028000 0.991730
0.032000 0.991751
0.036000 0.991773
0.040000 0.991795
0.044000 0.991817
0.048000 0.991840
0.052000 0.991863
0.056000 0.991886
0.060000 0.991909
0.064000 0.991933
0.068000 0.991958
0.072000 0.991982
0.076000 0.992007
0.080000 0.992033
0.084000 0.992058
0.088000 0.992084
0.092000 0.992110
0.096000 0.992137
0.100000 0.992164
0.104000 0.992191
0.108000 0.992218
0.112000 0.992246
0.116000 0.992274
0.120000 0.992302
0.124000 0.992330
0.128000 0.992358
0.132000 0.992387
0.136000 0.992416
0.140000 0.992445
0.144000 0.992474
0.148000 0.992504
0.152000 0.992533
0.156000 0.992563
0.160000 0.992593
0.164000 0.992623
0.168000 0.992653
0.172000 0.992683
0.176000 0.992713
0.180000 0.992744
0.184000 0.992774
0.188000 0.992805
0.192000 0.992835
0.196000 0.992866
0.200000 0.992896
0.204000 0.992927
0.208000 0.992957
0.212000 0.992987
0.216000 0.993018
0.220000 0.993048
0.224000 0.993079
0.228000 0.993109
0.232000 0.993139
0.236000 0.993169
0.240000 0.993199
0.244000 0.993229
0.248000 0.993259
0.252000 0.993288
0.256000 0.993317
0.260000 0.993347
0.264000 0.993376
0.268000 0.993405
0.272000 0.993433
0.276000 0.993462
0.280000 0.993490
0.284000 0.993518
0.288000 0.993546
0.292000 0.993574
0.296000 0.993601
0.300000 0.993628
0.304000 0.993655
0.308000 0.993682
0.312000 0.993708
0.316000 0.993734
0.320000 0.993760
0.324000 0.993786
0.328000 0.993811
0.332000 0.993836
0.336000 0.993860
0.340000 0.993885
0.344000 0.993908
0.348000 0.993932
0.352000 0.993955
0.356000 0.993978
0.360000 0.994001
0.364000 0.994023
0.368000 0.994045
0.372000 0.994067
0.376000 0.994088
0.380000 0.994109
0.384000 0.994130
0.388000 0.994150
0.392000 0.994170
0.396000 0.994189
0.400000 0.994209
0.404000 0.994227
0.408000 0.994246
0.412000 0.994264
0.416000 0.994282
0.420000 0.994299
0.424000 0.994316
0.428000 0.994333
0.432000 0.994349
0.436000 0.994366
0.440000 0.994381
0.444000 0.994397
0.448000 0.994412
0.452000 0.994426
0.456000 0.994441
0.460000 0.994455
0.464000 0.994469
0.468000 0.994482
0.472000 0.994495
0.476000 0.994508
0.480000 0.994520
0.484000 0.994532
0.488000 0.994544
0.492000 0.994556
0.496000 0.994567
0.500000 0.994578
0.504000 0.994589
0.508000 0.994599
0.512000 0.994609
0.516000 0.994619
0.520000 0.994628
0.524000 0.994638
0.528000 0.994647
0.532000 0.994655
0.536000 0.994664
0.540000 0.994672
0.544000 0.994680
0.548000 0.994688
0.552000 0.994695
0.556000 0.994703
0.560000 0.994710
0.564000 0.994717
0.568000 0.994723
0.572000 0.994730
0.576000 0.994736
0.580000 0.994742
0.584000 0.994748
0.588000 0.994753
0.592000 0.994759
0.596000 0.994764
0.600000 0.994769
0.604000 0.994774
0.608000 0.994779
0.612000 0.994784
0.616000 0.994788
0.620000 0.994792
0.624000 0.994796
0.628000 0.994800
0.632000 0.994804
0.636000 0.994808
0.640000 0.994811
0.644000 0.994815
0.648000 0.994818
0.652000 0.994821
0.656000 0.994824
0.660000 0.994827
0.664000 0.994830
0.668000 0.994833
0.672000 0.994836
0.676000 0.994838
0.680000 0.994840
0.684000 0.994843
0.688000 0.994845
0.692000 0.994847
0.696000 0.994849
0.700000 0.994851
0.704000 0.994853
0.708000 0.994855
0.712000 0.994857
0.716000 0.994858
0.720000 0.994860
0.724000 0.994861
0.728000 0.994863
0.732000 0.994864
0.736000 0.994866
0.740000 0.994867
0.744000 0.994868
0.748000 0.994869
0.752000 0.994870
0.756000 0.994871
0.760000 0.994872
0.764000 0.994873
0.768000 0.994874
0.772000 0.994875
0.776000 0.994876
0.780000 0.994877
0.784000 0.994878
0.788000 0.994878
0.792000 0.994879
0.796000 0.994880
0.800000 0.994880
0.804000 0.994881
0.808000 0.994882
0.812000 0.994882
0.816000 0.994883
0.820000 0.994883
0.824000 0.994884
0.828000 0.994884
0.832000 0.994884
0.836000 0.994885
0.840000 0.994885
0.844000 0.994886
0.848000 0.994886
0.852000 0.994886
0.856000 0.994887
0.860000 0.994887
0.864000 0.994887
0.868000 0.994887
0.872000 0.994888
0.876000 0.994888
0.880000 0.994888
0.884000 0.994888
0.888000 0.994889
0.892000 0.994889
0.896000 0.994889
0.900000 0.994889
0.904000 0.994889
0.908000 0.994889
0.912000 0.994890
0.916000 0.994890
0.920000 0.994890
0.924000 0.994890
0.928000 0.994890
0.932000 0.994890
0.936000 0.994890
0.940000 0.994890
0.944000 0.994891
0.948000 0.994891
0.952000 0.994891
0.956000 0.994891
0.960000 0.994891
0.964000 0.994891
0.968000 0.994891
0.972000 0.994891
0.976000 0.994891
0.980000 0.994891
0.984000 0.994891
0.988000 0.994891
0.992000 0.994891
0.996000 0.994891
1.000000 0.994892
