-1.000000 0.997928
-0.996000 0.997928
-0.992000 0.997928
-0.988000 0.997928
-0.984000 0.997928
-0.980000 0.997928
-0.976000 0.997928
-0.972000 0.997928
-0.968000 0.997928
-0.964000 0.997928
-0.960000 0.997928
-0.956000 0.997928
-0.952000 0.997928
-0.948000 0.997928
-0.944000 0.997928
-0.940000 0.997928
-0.936000 0.997928
-0.932000 0.997928
-0.928000 0.997928
-0.924000 0.997928
-0.920000 0.997928
-0.916000 0.997928
-0.912000 0.997928
-0.908000 0.997928
-0.904000 0.997928
-0.900000 0.997928
-0.896000 0.997928
-0.892000 0.997928
-0.888000 0.997928
-0.884000 0.997928
-0.880000 0.997928
-0.876000 0.997928
-0.872000 0.997928
-0.868000 0.997928
-0.864000 0.997928
-0.860000 0.997928
-0.856000 0.997928
-0.852000 0.997928
-0.848000 0.997928
-0.844000 0.997928
-0.840000 0.997928
-0.836000 0.997928
-0.832000 0.997928
-0.828000 0.997928
-0.824000 0.997928
-0.820000 0.997928
-0.816000 0.997928
-0.812000 0.997928
-0.808000 0.997928
-0.804000 0.997928
-0.800000 0.997928
-0.796000 0.997928
-0.792000 0.997928
-0.788000 0.997927
-0.784000 0.997927
-0.780000 0.997927
-0.776000 0.997927
-0.772000 0.997927
-0.768000 0.997927
-0.764000 0.997927
-0.760000 0.997927
-0.756000 0.997926
-0.752000 0.997926
-0.748000 0.997926
-0.744000 0.997926
-0.740000 0.997926
-0.736000 0.997925
-0.732000 0.997925
-0.728000 0.997925
-0.724000 0.997924
-0.720000 0.997924
-0.716000 0.997923
-0.712000 0.997923
-0.708000 0.997922
-0.704000 0.997921
-0.700000 0.997921
-0.696000 0.997920
-0.692000 0.997919
-0.688000 0.997918
-0.684000 0.997917
-0.680000 0.997916
-0.676000 0.997914
-0.672000 0.997913
-0.668000 0.997912
-0.664000 0.997910
-0.660000 0.997908
-0.656000 0.997906
-0.652000 0.997904
-0.648000 0.997902
-0.644000 0.997899
-0.640000 0.997897
-0.636000 0.997894
-0.632000 0.997891
-0.628000 0.997887
-0.624000 0.997884
-0.620000 0.997880
-0.616000 0.997876
-0.612000 0.997871
-0.608000 0.997867
-0.604000 0.997861
-0.600000 0.997856
-0.596000 0.997850
-0.592000 0.997844
-0.588000 0.997837
-0.584000 0.997830
-0.580000 0.997822
-0.576000 0.997814
-0.572000 0.997806
-0.568000 0.997797
-0.564000 0.997787
-0.560000 0.997777
-0.556000 0.997766
-0.552000 0.997754
-0.548000 0.997742
-0.544000 0.997730
-0.540000 0.997716
-0.536000 0.997702
-0.532000 0.997687
-0.528000 0.997671
-0.524000 0.997655
-0.520000 0.997637
-0.516000 0.997619
-0.512000 0.997600
-0.508000 0.997580
-0.504000 0.997559
-0.500000 0.997537
-0.496000 0.997514
-0.492000 0.997490
-0.488000 0.997466
-0.484000 0.997440
-0.480000 0.997413
-0.476000 0.997385
-0.472000 0.997356
-0.468000 0.997325
-0.464000 0.997294
-0.460000 0.997262
-0.456000 0.997228
-0.452000 0.997193
-0.448000 0.997157
-0.444000 0.997120
-0.440000 0.997082
-0.436000 0.997042
-0.432000 0.997002
-0.428000 0.996960
-0.424000 0.996917
-0.420000 0.996872
-0.416000 0.996827
-0.412000 0.996780
-0.408000 0.996732
-0.404000 0.996683
-0.400000 0.996633
-0.396000 0.996582
-0.392000 0.996529
-0.388000 0.996476
-0.384000 0.996421
-0.380000 0.996365
-0.376000 0.996308
-0.372000 0.996251
-0.368000 0.996192
-0.364000 0.996132
-0.360000 0.996071
-0.356000 0.996009
-0.352000 0.995947
-0.348000 0.995883
-0.344000 0.995819
-0.340000 0.995754
-0.336000 0.995689
-0.332000 0.995622
-0.328000 0.995555
-0.324000 0.995487
-0.320000 0.995419
-0.316000 0.995350
-0.312000 0.995281
-0.308000 0.995211
-0.304000 0.995141
-0.300000 0.995071
-0.296000 0.995000
-0.292000 0.994929
-0.288000 0.994858
-0.284000 0.994787
-0.280000 0.994715
-0.276000 0.994644
-0.272000 0.994573
-0.268000 0.994501
-0.264000 0.994430
-0.260000 0.994359
-0.256000 0.994288
-0.252000 0.994217
-0.248000 0.994147
-0.244000 0.994077
-0.240000 0.994007
-0.236000 0.993938
-0.232000 0.993869
-0.228000 0.993801
-0.224000 0.993733
-0.220000 0.993666
-0.216000 0.993600
-0.212000 0.993534
-0.208000 0.993468
-0.204000 0.993404
-0.200000 0.993340
-0.196000 0.993277
-0.192000 0.993215
-0.188000 0.993154
-0.184000 0.993094
-0.180000 0.993034
-0.176000 0.992975
-0.172000 0.992918
-0.168000 0.992861
-0.164000 0.992805
-0.160000 0.992751
-0.156000 0.992697
-0.152000 0.992644
-0.148000 0.992592
-0.144000 0.992542
-0.140000 0.992492
-0.136000 0.992443
-0.132000 0.992396
-0.128000 0.992349
-0.124000 0.992304
-0.120000 0.992260
-0.116000 0.992216
-0.112000 0.992174
-0.108000 0.992133
-0.104000 0.992093
-0.100000 0.992054
-0.096000 0.992016
-0.092000 0.991979
-0.088000 0.991943
-0.084000 0.991908
-0.080000 0.991874
-0.076000 0.991841
-0.072000 0.991809
-0.068000 0.991778
-0.064000 0.991748
-0.060000 0.991718
-0.056000 0.991690
-0.052000 0.991663
-0.048000 0.991637
-0.044000 0.991611
-0.040000 0.991586
-0.036000 0.991563
-0.032000 0.991540
-0.028000 0.991517
-0.024000 0.991496
-0.020000 0.991475
-0.016000 0.991456
-0.012000 0.991436
-0.008000 0.991418
-0.004000 0.991400
0.000000 0.991383
0.004000 0.991367
0.008000 0.991351
0.012000 0.991336
0.016000 0.991322
0.020000 0.991308
0.024000 0.991295
0.028000 0.991282
0.032000 0.991270
0.036000 0.991258
0.040000 0.991247
0.044000 0.991236
0.048000 0.991226
0.052000 0.991216
0.056000 0.991207
0.060000 0.991198
0.064000 0.991189
0.068000 0.991181
0.072000 0.991174
0.076000 0.991166
0.080000 0.991159
0.084000 0.991153
0.088000 0.991146
0.092000 0.991140
0.096000 0.991134
0.100000 0.991129
0.104000 0.991124
0.108000 0.991119
0.112000 0.991114
0.116000 0.991110
0.120000 0.991106
0.124000 0.991102
0.128000 0.991098
0.132000 0.991094
0.136000 0.991091
0.140000 0.991088
0.144000 0.991085
0.148000 0.991082
0.152000 0.991079
0.156000 0.991077
0.160000 0.991074
0.164000 0.991072
0.168000 0.991070
0.172000 0.991068
0.176000 0.991066
0.180000 0.991064
0.184000 0.991062
0.188000 0.991061
0.192000 0.991059
0.196000 0.991058
0.200000 0.991056
0.204000 0.991055
0.208000 0.991054
0.212000 0.991053
0.216000 0.991052
0.220000 0.991051
0.224000 0.991050
0.228000 0.991049
0.232000 0.991048
0.236000 0.991047
0.240000 0.991047
0.244000 0.991046
0.248000 0.991045
0.252000 0.991045
0.256000 0.991044
0.260000 0.991044
0.264000 0.991043
0.268000 0.991043
0.272000 0.991043
0.276000 0.991042
0.280000 0.991042
0.284000 0.991041
0.288000 0.991041
0.292000 0.991041
0.296000 0.991041
0.300000 0.991040
0.304000 0.991040
0.308000 0.991040
0.312000 0.991040
0.316000 0.991039
0.320000 0.991039
0.324000 0.991039
0.328000 0.991039
0.332000 0.991039
0.336000 0.991039
0.340000 0.991039
0.344000 0.991038
0.348000 0.991038
0.352000 0.991038
0.356000 0.991038
0.360000 0.991038
0.364000 0.991038
0.368000 0.991038
0.372000 0.991038
0.376000 0.991038
0.380000 0.991038
0.384000 0.991038
0.388000 0.991038
0.392000 0.991038
0.396000 0.991037
0.400000 0.991037
0.404000 0.991037
0.408000 0.991037
0.412000 0.991037
0.416000 0.991037
0.420000 0.991037
0.424000 0.991037
0.428000 0.991037
0.432000 0.991037
0.436000 0.991037
0.440000 0.991037
0.444000 0.991037
0.448000 0.991037
0.452000 0.991037
0.456000 0.991037
0.460000 0.991037
0.464000 0.991037
0.468000 0.991037
0.472000 0.991037
0.476000 0.991037
0.480000 0.991037
0.484000 0.991037
0.488000 0.991037
0.492000 0.991037
0.496000 0.991037
0.500000 0.991037
0.504000 0.991037
0.508000 0.991037
0.512000 0.991037
0.516000 0.991037
0.520000 0.991037
0.524000 0.991037
0.528000 0.991037
0.532000 0.991037
0.536000 0.991037
0.540000 0.991037
0.544000 0.991037
0.548000 0.991037
0.552000 0.991037
0.556000 0.991037
0.560000 0.991037
0.564000 0.991037
0.568000 0.991037
0.572000 0.991037
0.576000 0.991037
0.580000 0.991037
0.584000 0.991037
0.588000 0.991037
0.592000 0.991037
0.596000 0.991037
0.600000 0.991037
0.604000 0.991037
0.608000 0.991037
0.612000 0.991037
0.616000 0.991037
0.620000 0.991037
0.624000 0.991037
0.628000 0.991037
0.632000 0.991037
0.636000 0.991037
0.640000 0.991037
0.644000 0.991037
0.648000 0.991037
0.652000 0.991037
0.656000 0.991037
0.660000 0.991037
0.664000 0.991037
0.668000 0.991037
0.672000 0.991037
0.676000 0.991037
0.680000 0.991037
0.684000 0.991037
0.688000 0.991037
0.692000 0.991037
0.696000 0.991037
0.700000 0.991037
0.704000 0.991037
0.708000 0.991037
0.712000 0.991037
0.716000 0.991037
0.720000 0.991037
0.724000 0.991037
0.728000 0.991037
0.732000 0.991037
0.736000 0.991037
0.740000 0.991037
0.744000 0.991037
0.748000 0.991037
0.752000 0.991037
0.756000 0.991037
0.760000 0.991037
0.764000 0.991037
0.768000 0.991037
0.772000 0.991037
0.776000 0.991037
0.780000 0.991037
0.784000 0.991037
0.788000 0.991037
0.792000 0.991037
0.796000 0.991037
0.800000 0.991037
0.804000 0.991037
0.808000 0.991037
0.812000 0.991037
0.816000 0.991037
0.820000 0.991037
0.824000 0.991037
0.828000 0.991037
0.832000 0.991037
0.836000 0.991037
0.840000 0.991037
0.844000 0.991037
0.848000 0.991037
0.852000 0.991037
0.856000 0.991037
0.860000 0.991037
0.864000 0.991037
0.868000 0.991037
0.872000 0.991037
0.876000 0.991037
0.880000 0.991037
0.884000 0.991037
0.888000 0.991037
0.892000 0.991037
0.896000 0.991037
0.900000 0.991037
0.904000 0.991037
0.908000 0.991037
0.912000 0.991037
0.916000 0.991037
0.920000 0.991037
0.924000 0.991037
0.928000 0.991037
0.932000 0.991037
0.936000 0.991037
0.940000 0.991037
0.944000 0.991037
0.948000 0.991037
0.952000 0.991037
0.956000 0.991037
0.960000 0.991037
0.964000 0.991037
0.968000 0.991037
0.972000 0.991037
0.976000 0.991037
0.980000 0.991037
0.984000 0.991037
0.988000 0.991037
0.992000 0.991037
0.996000 0.991037
1.000000 0.991037
