-1.000000 0.992919
-0.996000 0.992919
-0.992000 0.992919
-0.988000 0.992919
-0.984000 0.992919
-0.980000 0.992919
-0.976000 0.992919
-0.972000 0.992919
-0.968000 0.992919
-0.964000 0.992919
-0.960000 0.992919
-0.956000 0.992919
-0.952000 0.992919
-0.948000 0.992919
-0.944000 0.992919
-0.940000 0.992919
-0.936000 0.992919
-0.932000 0.992919
-0.928000 0.992919
-0.924000 0.992919
-0.920000 0.992919
-0.916000 0.992919
-0.912000 0.992919
-0.908000 0.992919
-0.904000 0.992919
-0.900000 0.992919
-0.896000 0.992919
-0.892000 0.992919
-0.888000 0.992919
-0.884000 0.992919
-0.880000 0.992919
-0.876000 0.992919
-0.872000 0.992919
-0.868000 0.992919
-0.864000 0.992919
-0.860000 0.992919
-0.856000 0.992919
-0.852000 0.992919
-0.848000 0.992919
-0.844000 0.992919
-0.840000 0.992919
-0.836000 0.992919
-0.832000 0.992919
-0.828000 0.992919
-0.824000 0.992919
-0.820000 0.992919
-0.816000 0.992919
-0.812000 0.992919
-0.808000 0.992919
-0.804000 0.992919
-0.800000 0.992919
-0.796000 0.992919
-0.792000 0.992919
-0.788000 0.992919
-0.784000 0.992919
-0.780000 0.992919
-0.776000 0.992919
-0.772000 0.992919
-0.768000 0.992919
-0.764000 0.992919
-0.760000 0.992919
-0.756000 0.992919
-0.752000 0.992919
-0.748000 0.992919
-0.744000 0.992919
-0.740000 0.992919
-0.736000 0.992919
-0.732000 0.992919
-0.728000 0.992919
-0.724000 0.992919
-0.720000 0.992919
-0.716000 0.992919
-0.712000 0.992919
-0.708000 0.992919
-0.704000 0.992919
-0.700000 0.992919
-0.696000 0.992919
-0.692000 0.992919
-0.688000 0.992919
-0.684000 0.992919
-0.680000 0.992919
-0.676000 0.992919
-0.672000 0.992919
-0.668000 0.992919
-0.664000 0.992919
-0.660000 0.992919
-0.656000 0.992919
-0.652000 0.992919
-0.648000 0.992919
-0.644000 0.992919
-0.640000 0.992919
-0.636000 0.992919
-0.632000 0.992919
-0.628000 0.992919
-0.624000 0.992919
-0.620000 0.992919
-0.616000 0.992919
-0.612000 0.992919
-0.608000 0.992919
-0.604000 0.992919
-0.600000 0.992919
-0.596000 0.992919
-0.592000 0.992919
-0.588000 0.992919
-0.584000 0.992919
-0.580000 0.992919
-0.576000 0.992919
-0.572000 0.992919
-0.568000 0.992919
-0.564000 0.992919
-0.560000 0.992919
-0.556000 0.992919
-0.552000 0.992919
-0.548000 0.992919
-0.544000 0.992919
-0.540000 0.992919
-0.536000 0.992919
-0.532000 0.992919
-0.528000 0.992919
-0.524000 0.992919
-0.520000 0.992919
-0.516000 0.992919
-0.512000 0.992919
-0.508000 0.992919
-0.504000 0.992919
-0.500000 0.992919
-0.496000 0.992919
-0.492000 0.992919
-0.488000 0.992919
-0.484000 0.992919
-0.480000 0.992919
-0.476000 0.992919
-0.472000 0.992919
-0.468000 0.992919
-0.464000 0.992919
-0.460000 0.992919
-0.456000 0.992919
-0.452000 0.992919
-0.448000 0.992919
-0.444000 0.992919
-0.440000 0.992919
-0.436000 0.992919
-0.432000 0.992919
-0.428000 0.992919
-0.424000 0.992919
-0.420000 0.992919
-0.416000 0.992919
-0.412000 0.992919
-0.408000 0.992919
-0.404000 0.992919
-0.400000 0.992919
-0.396000 0.992919
-0.392000 0.992919
-0.388000 0.992919
-0.384000 0.992919
-0.380000 0.992919
-0.376000 0.992919
-0.372000 0.992919
-0.368000 0.992919
-0.364000 0.992919
-0.360000 0.992919
-0.356000 0.992919
-0.352000 0.992919
-0.348000 0.992919
-0.344000 0.992919
-0.340000 0.992919
-0.336000 0.992919
-0.332000 0.992919
-0.328000 0.992919
-0.324000 0.992919
-0.320000 0.992919
-0.316000 0.992919
-0.312000 0.992919
-0.308000 0.992919
-0.304000 0.992919
-0.300000 0.992919
-0.296000 0.992919
-0.292000 0.992919
-0.288000 0.992919
-0.284000 0.992919
-0.280000 0.992919
-0.276000 0.992919
-0.272000 0.992919
-0.268000 0.992919
-0.264000 0.992919
-0.260000 0.992919
-0.256000 0.992919
-0.252000 0.992919
-0.248000 0.992919
-0.244000 0.992919
-0.240000 0.992919
-0.236000 0.992919
-0.232000 0.992919
-0.228000 0.992919
-0.224000 0.992919
-0.220000 0.992919
-0.216000 0.992919
-0.212000 0.992919
-0.208000 0.992919
-0.204000 0.992919
-0.200000 0.992919
-0.196000 0.992919
-0.192000 0.992919
-0.188000 0.992919
-0.184000 0.992919
-0.180000 0.992919
-0.176000 0.992919
-0.172000 0.992919
-0.168000 0.992919
-0.164000 0.992919
-0.160000 0.992919
-0.156000 0.992919
-0.152000 0.992919
-0.148000 0.992919
-0.144000 0.992919
-0.140000 0.992919
-0.136000 0.992919
-0.132000 0.992919
-0.128000 0.992919
-0.124000 0.992919
-0.120000 0.992919
-0.116000 0.992919
-0.112000 0.992919
-0.108000 0.992919
-0.104000 0.992919
-0.100000 0.992919
-0.096000 0.992919
-0.092000 0.992919
-0.088000 0.992919
-0.084000 0.992919
-0.080000 0.992919
-0.076000 0.992919
-0.072000 0.992919
-0.068000 0.992919
-0.064000 0.992919
-0.060000 0.992919
-0.056000 0.992919
-0.052000 0.992919
-0.048000 0.992919
-0.044000 0.992919
-0.040000 0.992919
-0.036000 0.992919
-0.032000 0.992919
-0.028000 0.992919
-0.024000 0.992919
-0.020000 0.992919
-0.016000 0.992919
-0.012000 0.992919
-0.008000 0.992919
-0.004000 0.992919
0.000000 0.992919
0.004000 0.992919
0.008000 0.992919
0.012000 0.992919
0.016000 0.992919
0.020000 0.992919
0.024000 0.992919
0.028000 0.992919
0.032000 0.992919
0.036000 0.992919
0.040000 0.992919
0.044000 0.992919
0.048000 0.992919
0.052000 0.992920
0.056000 0.992920
0.060000 0.992920
0.064000 0.992920
0.068000 0.992920
0.072000 0.992920
0.076000 0.992920
0.080000 0.992920
0.084000 0.992920
0.088000 0.992920
0.092000 0.992920
0.096000 0.992920
0.100000 0.992920
0.104000 0.992920
0.108000 0.992920
0.112000 0.992920
0.116000 0.992921
0.120000 0.992921
0.124000 0.992921
0.128000 0.992921
0.132000 0.992921
0.136000 0.992921
0.140000 0.992921
0.144000 0.992922
0.148000 0.992922
0.152000 0.992922
0.156000 0.992922
0.160000 0.992922
0.164000 0.992922
0.168000 0.992923
0.172000 0.992923
0.176000 0.992923
0.180000 0.992923
0.184000 0.992924
0.188000 0.992924
0.192000 0.992924
0.196000 0.992925
0.200000 0.992925
0.204000 0.992925
0.208000 0.992926
0.212000 0.992926
0.216000 0.992926
0.220000 0.992927
0.224000 0.992927
0.228000 0.992928
0.232000 0.992928
0.236000 0.992929
0.240000 0.992930
0.244000 0.992930
0.248000 0.992931
0.252000 0.992931
0.256000 0.992932
0.260000 0.992933
0.264000 0.992934
0.268000 0.992934
0.272000 0.992935
0.276000 0.992936
0.280000 0.992937
0.284000 0.992938
0.288000 0.992939
0.292000 0.992940
0.296000 0.992941
0.300000 0.992943
0.304000 0.992944
0.308000 0.992945
0.312000 0.992946
0.316000 0.992948
0.320000 0.992949
0.324000 0.992951
0.328000 0.992953
0.332000 0.992954
0.336000 0.992956
0.340000 0.992958
0.344000 0.992960
0.348000 0.992962
0.352000 0.992964
0.356000 0.992966
0.360000 0.992968
0.364000 0.992971
0.368000 0.992973
0.372000 0.992976
0.376000 0.992978
0.380000 0.992981
0.384000 0.992984
0.388000 0.992987
0.392000 0.992990
0.396000 0.992994
0.400000 0.992997
0.404000 0.993000
0.408000 0.993004
0.412000 0.993008
0.416000 0.993012
0.420000 0.993016
0.424000 0.993020
0.428000 0.993024
0.432000 0.993029
0.436000 0.993034
0.440000 0.993039
0.444000 0.993044
0.448000 0.993049
0.452000 0.993054
0.456000 0.993060
0.460000 0.993066
0.464000 0.993072
0.468000 0.993078
0.472000 0.993084
0.476000 0.993091
0.480000 0.993097
0.484000 0.993104
0.488000 0.993112
0.492000 0.993119
0.496000 0.993127
0.500000 0.993135
0.504000 0.993143
0.508000 0.993152
0.512000 0.993160
0.516000 0.993169
0.520000 0.993178
0.524000 0.993188
0.528000 0.993198
0.532000 0.993208
0.536000 0.993218
0.540000 0.993229
0.544000 0.993240
0.548000 0.993251
0.552000 0.993262
0.556000 0.993274
0.560000 0.993286
0.564000 0.993299
0.568000 0.993312
0.572000 0.993325
0.576000 0.993338
0.580000 0.993352
0.584000 0.993366
0.588000 0.993381
0.592000 0.993395
0.596000 0.993411
0.600000 0.993426
0.604000 0.993442
0.608000 0.993458
0.612000 0.993475
0.616000 0.993492
0.620000 0.993510
0.624000 0.993527
0.628000 0.993546
0.632000 0.993564
0.636000 0.993583
0.640000 0.993603
0.644000 0.993622
0.648000 0.993642
0.652000 0.993663
0.656000 0.993684
0.660000 0.993705
0.664000 0.993727
0.668000 0.993749
0.672000 0.993772
0.676000 0.993795
0.680000 0.993819
0.684000 0.993842
0.688000 0.993867
0.692000 0.993891
0.696000 0.993917
0.700000 0.993942
0.704000 0.993968
0.708000 0.993994
0.712000 0.994021
0.716000 0.994049
0.720000 0.994076
0.724000 0.994104
0.728000 0.994133
0.732000 0.994162
0.736000 0.994191
0.740000 0.994221
0.744000 0.994251
0.748000 0.994281
0.752000 0.994312
0.756000 0.994344
0.760000 0.994375
0.764000 0.994408
0.768000 0.994440
0.772000 0.994473
0.776000 0.994506
0.780000 0.994540
0.784000 0.994574
0.788000 0.994609
0.792000 0.994643
0.796000 0.994679
0.800000 0.994714
0.804000 0.994750
0.808000 0.994786
0.812000 0.994823
0.816000 0.994860
0.820000 0.994897
0.824000 0.994934
0.828000 0.994972
0.832000 0.995010
0.836000 0.995049
0.840000 0.995088
0.844000 0.995127
0.848000 0.995166
0.852000 0.995206
0.856000 0.995245
0.860000 0.995286
0.864000 0.995326
0.868000 0.995366
0.872000 0.995407
0.876000 0.995448
0.880000 0.995490
0.884000 0.995531
0.888000 0.995573
0.892000 0.995614
0.896000 0.995656
0.900000 0.995699
0.904000 0.995741
0.908000 0.995783
0.912000 0.995826
0.916000 0.995869
0.920000 0.995912
0.924000 0.995955
0.928000 0.995998
0.932000 0.996041
0.936000 0.996084
0.940000 0.996128
0.944000 0.996172
0.948000 0.996216
0.952000 0.996261
0.956000 0.996305
0.960000 0.996351
0.964000 0.996397
0.968000 0.996445
0.972000 0.996494
0.976000 0.996546
0.980000 0.996601
0.984000 0.996661
0.988000 0.996727
0.992000 0.996803
0.996000 0.996892
1.000000 0.996999
