-1.000000 0.997928
-0.996000 0.997928
-0.992000 0.997928
-0.988000 0.997928
-0.984000 0.997928
-0.980000 0.997928
-0.976000 0.997928
-0.972000 0.997928
-0.968000 0.997928
-0.964000 0.997928
-0.960000 0.997928
-0.956000 0.997928
-0.952000 0.997928
-0.948000 0.997928
-0.944000 0.997928
-0.940000 0.997928
-0.936000 0.997928
-0.932000 0.997928
-0.928000 0.997928
-0.924000 0.997928
-0.920000 0.997928
-0.916000 0.997928
-0.912000 0.997928
-0.908000 0.997928
-0.904000 0.997928
-0.900000 0.997928
-0.896000 0.997928
-0.892000 0.997928
-0.888000 0.997928
-0.884000 0.997928
-0.880000 0.997928
-0.876000 0.997928
-0.872000 0.997928
-0.868000 0.997928
-0.864000 0.997928
-0.860000 0.997928
-0.856000 0.997928
-0.852000 0.997928
-0.848000 0.997928
-0.844000 0.997928
-0.840000 0.997928
-0.836000 0.997928
-0.832000 0.997928
-0.828000 0.997928
-0.824000 0.997928
-0.820000 0.997928
-0.816000 0.997928
-0.812000 0.997928
-0.808000 0.997928
-0.804000 0.997928
-0.800000 0.997928
-0.796000 0.997928
-0.792000 0.997928
-0.788000 0.997928
-0.784000 0.997928
-0.780000 0.997928
-0.776000 0.997928
-0.772000 0.997928
-0.768000 0.997928
-0.764000 0.997928
-0.760000 0.997928
-0.756000 0.997928
-0.752000 0.997928
-0.748000 0.997928
-0.744000 0.997928
-0.740000 0.997928
-0.736000 0.997928
-0.732000 0.997928
-0.728000 0.997928
-0.724000 0.997928
-0.720000 0.997928
-0.716000 0.997928
-0.712000 0.997928
-0.708000 0.997928
-0.704000 0.997928
-0.700000 0.997928
-0.696000 0.997928
-0.692000 0.997928
-0.688000 0.997928
-0.684000 0.997928
-0.680000 0.997928
-0.676000 0.997928
-0.672000 0.997928
-0.668000 0.997928
-0.664000 0.997928
-0.660000 0.997928
-0.656000 0.997928
-0.652000 0.997928
-0.648000 0.997928
-0.644000 0.997928
-0.640000 0.997928
-0.636000 0.997928
-0.632000 0.997928
-0.628000 0.997928
-0.624000 0.997928
-0.620000 0.997928
-0.616000 0.997928
-0.612000 0.997928
-0.608000 0.997928
-0.604000 0.997928
-0.600000 0.997928
-0.596000 0.997928
-0.592000 0.997928
-0.588000 0.997928
-0.584000 0.997928
-0.580000 0.997928
-0.576000 0.997928
-0.572000 0.997928
-0.568000 0.997928
-0.564000 0.997928
-0.560000 0.997928
-0.556000 0.997928
-0.552000 0.997928
-0.548000 0.997928
-0.544000 0.997928
-0.540000 0.997928
-0.536000 0.997928
-0.532000 0.997928
-0.528000 0.997928
-0.524000 0.997928
-0.520000 0.997928
-0.516000 0.997928
-0.512000 0.997928
-0.508000 0.997928
-0.504000 0.997928
-0.500000 0.997928
-0.496000 0.997928
-0.492000 0.997928
-0.488000 0.997928
-0.484000 0.997928
-0.480000 0.997928
-0.476000 0.997928
-0.472000 0.997928
-0.468000 0.997928
-0.464000 0.997928
-0.460000 0.997928
-0.456000 0.997928
-0.452000 0.997928
-0.448000 0.997928
-0.444000 0.997928
-0.440000 0.997928
-0.436000 0.997928
-0.432000 0.997928
-0.428000 0.997928
-0.424000 0.997928
-0.420000 0.997928
-0.416000 0.997928
-0.412000 0.997928
-0.408000 0.997928
-0.404000 0.997928
-0.400000 0.997928
-0.396000 0.997928
-0.392000 0.997928
-0.388000 0.997928
-0.384000 0.997928
-0.380000 0.997928
-0.376000 0.997928
-0.372000 0.997928
-0.368000 0.997928
-0.364000 0.997928
-0.360000 0.997928
-0.356000 0.997928
-0.352000 0.997928
-0.348000 0.997928
-0.344000 0.997928
-0.340000 0.997928
-0.336000 0.997928
-0.332000 0.997928
-0.328000 0.997928
-0.324000 0.997928
-0.320000 0.997928
-0.316000 0.997928
-0.312000 0.997928
-0.308000 0.997928
-0.304000 0.997928
-0.300000 0.997928
-0.296000 0.997928
-0.292000 0.997928
-0.288000 0.997928
-0.284000 0.997928
-0.280000 0.997928
-0.276000 0.997928
-0.272000 0.997928
-0.268000 0.997928
-0.264000 0.997928
-0.260000 0.997928
-0.256000 0.997928
-0.252000 0.997928
-0.248000 0.997928
-0.244000 0.997928
-0.240000 0.997928
-0.236000 0.997928
-0.232000 0.997928
-0.228000 0.997928
-0.224000 0.997928
-0.220000 0.997928
-0.216000 0.997928
-0.212000 0.997928
-0.208000 0.997928
-0.204000 0.997928
-0.200000 0.997928
-0.196000 0.997928
-0.192000 0.997928
-0.188000 0.997928
-0.184000 0.997927
-0.180000 0.997927
-0.176000 0.997927
-0.172000 0.997927
-0.168000 0.997927
-0.164000 0.997927
-0.160000 0.997927
-0.156000 0.997927
-0.152000 0.997927
-0.148000 0.997927
-0.144000 0.997927
-0.140000 0.997927
-0.136000 0.997927
-0.132000 0.997927
-0.128000 0.997926
-0.124000 0.997926
-0.120000 0.997926
-0.116000 0.997926
-0.112000 0.997926
-0.108000 0.997926
-0.104000 0.997926
-0.100000 0.997925
-0.096000 0.997925
-0.092000 0.997925
-0.088000 0.997925
-0.084000 0.997925
-0.080000 0.997924
-0.076000 0.997924
-0.072000 0.997924
-0.068000 0.997924
-0.064000 0.997923
-0.060000 0.997923
-0.056000 0.997923
-0.052000 0.997922
-0.048000 0.997922
-0.044000 0.997922
-0.040000 0.997921
-0.036000 0.997921
-0.032000 0.997920
-0.028000 0.997920
-0.024000 0.997919
-0.020000 0.997918
-0.016000 0.997918
-0.012000 0.997917
-0.008000 0.997917
-0.004000 0.997916
0.000000 0.997915
0.004000 0.997914
0.008000 0.997913
0.012000 0.997912
0.016000 0.997912
0.020000 0.997911
0.024000 0.997909
0.028000 0.997908
0.032000 0.997907
0.036000 0.997906
0.040000 0.997905
0.044000 0.997903
0.048000 0.997902
0.052000 0.997900
0.056000 0.997899
0.060000 0.997897
0.064000 0.997895
0.068000 0.997893
0.072000 0.997891
0.076000 0.997889
0.080000 0.997887
0.084000 0.997885
0.088000 0.997883
0.092000 0.997880
0.096000 0.997878
0.100000 0.997875
0.104000 0.997872
0.108000 0.997869
0.112000 0.997866
0.116000 0.997863
0.120000 0.997860
0.124000 0.997856
0.128000 0.997853
0.132000 0.997849
0.136000 0.997845
0.140000 0.997841
0.144000 0.997836
0.148000 0.997832
0.152000 0.997827
0.156000 0.997822
0.160000 0.997817
0.164000 0.997812
0.168000 0.997807
0.172000 0.997801
0.176000 0.997795
0.180000 0.997789
0.184000 0.997783
0.188000 0.997776
0.192000 0.997769
0.196000 0.997762
0.200000 0.997755
0.204000 0.997747
0.208000 0.997739
0.212000 0.997731
0.216000 0.997723
0.220000 0.997714
0.224000 0.997705
0.228000 0.997695
0.232000 0.997686
0.236000 0.997676
0.240000 0.997665
0.244000 0.997655
0.248000 0.997644
0.252000 0.997632
0.256000 0.997621
0.260000 0.997609
0.264000 0.997596
0.268000 0.997583
0.272000 0.997570
0.276000 0.997557
0.280000 0.997543
0.284000 0.997528
0.288000 0.997513
0.292000 0.997498
0.296000 0.997483
0.300000 0.997466
0.304000 0.997450
0.308000 0.997433
0.312000 0.997416
0.316000 0.997398
0.320000 0.997380
0.324000 0.997361
0.328000 0.997342
0.332000 0.997322
0.336000 0.997302
0.340000 0.997281
0.344000 0.997260
0.348000 0.997238
0.352000 0.997216
0.356000 0.997194
0.360000 0.997170
0.364000 0.997147
0.368000 0.997123
0.372000 0.997098
0.376000 0.997073
0.380000 0.997047
0.384000 0.997021
0.388000 0.996994
0.392000 0.996967
0.396000 0.996940
0.400000 0.996911
0.404000 0.996883
0.408000 0.996853
0.412000 0.996824
0.416000 0.996793
0.420000 0.996762
0.424000 0.996731
0.428000 0.996699
0.432000 0.996667
0.436000 0.996634
0.440000 0.996601
0.444000 0.996567
0.448000 0.996533
0.452000 0.996498
0.456000 0.996462
0.460000 0.996427
0.464000 0.996390
0.468000 0.996354
0.472000 0.996316
0.476000 0.996279
0.480000 0.996241
0.484000 0.996202
0.488000 0.996163
0.492000 0.996124
0.496000 0.996084
0.500000 0.996044
0.504000 0.996003
0.508000 0.995962
0.512000 0.995920
0.516000 0.995879
0.520000 0.995836
0.524000 0.995794
0.528000 0.995751
0.532000 0.995708
0.536000 0.995664
0.540000 0.995620
0.544000 0.995576
0.548000 0.995532
0.552000 0.995487
0.556000 0.995442
0.560000 0.995397
0.564000 0.995351
0.568000 0.995306
0.572000 0.995260
0.576000 0.995213
0.580000 0.995167
0.584000 0.995121
0.588000 0.995074
0.592000 0.995027
0.596000 0.994980
0.600000 0.994933
0.604000 0.994886
0.608000 0.994839
0.612000 0.994792
0.616000 0.994744
0.620000 0.994697
0.624000 0.994649
0.628000 0.994602
0.632000 0.994555
0.636000 0.994507
0.640000 0.994460
0.644000 0.994412
0.648000 0.994365
0.652000 0.994318
0.656000 0.994271
0.660000 0.994223
0.664000 0.994176
0.668000 0.994130
0.672000 0.994083
0.676000 0.994036
0.680000 0.993990
0.684000 0.993944
0.688000 0.993898
0.692000 0.993852
0.696000 0.993806
0.700000 0.993761
0.704000 0.993716
0.708000 0.993671
0.712000 0.993626
0.716000 0.993582
0.720000 0.993537
0.724000 0.993494
0.728000 0.993450
0.732000 0.993407
0.736000 0.993364
0.740000 0.993321
0.744000 0.993279
0.748000 0.993237
0.752000 0.993196
0.756000 0.993155
0.760000 0.993114
0.764000 0.993074
0.768000 0.993034
0.772000 0.992994
0.776000 0.992955
0.780000 0.992916
0.784000 0.992878
0.788000 0.992840
0.792000 0.992803
0.796000 0.992766
0.800000 0.992729
0.804000 0.992693
0.808000 0.992657
0.812000 0.992622
0.816000 0.992587
0.820000 0.992553
0.824000 0.992519
0.828000 0.992486
0.832000 0.992453
0.836000 0.992420
0.840000 0.992388
0.844000 0.992357
0.848000 0.992326
0.852000 0.992295
0.856000 0.992265
0.860000 0.992236
0.864000 0.992207
0.868000 0.992178
0.872000 0.992150
0.876000 0.992122
0.880000 0.992095
0.884000 0.992068
0.888000 0.992042
0.892000 0.992016
0.896000 0.991991
0.900000 0.991966
0.904000 0.991942
0.908000 0.991918
0.912000 0.991894
0.916000 0.991871
0.920000 0.991849
0.924000 0.991826
0.928000 0.991805
0.932000 0.991784
0.936000 0.991763
0.940000 0.991742
0.944000 0.991722
0.948000 0.991703
0.952000 0.991683
0.956000 0.991664
0.960000 0.991645
0.964000 0.991627
0.968000 0.991608
0.972000 0.991590
0.976000 0.991570
0.980000 0.991551
0.984000 0.991530
0.988000 0.991507
0.992000 0.991482
0.996000 0.991452
1.000000 0.991417
