-1.000000 0.991037
-0.996000 0.991037
-0.992000 0.991037
-0.988000 0.991037
-0.984000 0.991037
-0.980000 0.991037
-0.976000 0.991037
-0.972000 0.991037
-0.968000 0.991037
-0.964000 0.991037
-0.960000 0.991037
-0.956000 0.991037
-0.952000 0.991037
-0.948000 0.991037
-0.944000 0.991037
-0.940000 0.991037
-0.936000 0.991037
-0.932000 0.991037
-0.928000 0.991037
-0.924000 0.991037
-0.920000 0.991037
-0.916000 0.991037
-0.912000 0.991037
-0.908000 0.991037
-0.904000 0.991037
-0.900000 0.991037
-0.896000 0.991037
-0.892000 0.991037
-0.888000 0.991037
-0.884000 0.991037
-0.880000 0.991037
-0.876000 0.991037
-0.872000 0.991037
-0.868000 0.991037
-0.864000 0.991037
-0.860000 0.991037
-0.856000 0.991037
-0.852000 0.991037
-0.848000 0.991037
-0.844000 0.991037
-0.840000 0.991037
-0.836000 0.991037
-0.832000 0.991037
-0.828000 0.991037
-0.824000 0.991037
-0.820000 0.991037
-0.816000 0.991037
-0.812000 0.991037
-0.808000 0.991037
-0.804000 0.991037
-0.800000 0.991037
-0.796000 0.991037
-0.792000 0.991037
-0.788000 0.991037
-0.784000 0.991037
-0.780000 0.991037
-0.776000 0.991037
-0.772000 0.991037
-0.768000 0.991037
-0.764000 0.991037
-0.760000 0.991037
-0.756000 0.991037
-0.752000 0.991037
-0.748000 0.991037
-0.744000 0.991037
-0.740000 0.991037
-0.736000 0.991037
-0.732000 0.991037
-0.728000 0.991037
-0.724000 0.991037
-0.720000 0.991037
-0.716000 0.991037
-0.712000 0.991037
-0.708000 0.991037
-0.704000 0.991037
-0.700000 0.991037
-0.696000 0.991037
-0.692000 0.991037
-0.688000 0.991037
-0.684000 0.991037
-0.680000 0.991037
-0.676000 0.991037
-0.672000 0.991037
-0.668000 0.991037
-0.664000 0.991037
-0.660000 0.991037
-0.656000 0.991037
-0.652000 0.991037
-0.648000 0.991037
-0.644000 0.991037
-0.640000 0.991037
-0.636000 0.991037
-0.632000 0.991037
-0.628000 0.991037
-0.624000 0.991037
-0.620000 0.991037
-0.616000 0.991037
-0.612000 0.991037
-0.608000 0.991037
-0.604000 0.991037
-0.600000 0.991037
-0.596000 0.991037
-0.592000 0.991037
-0.588000 0.991037
-0.584000 0.991037
-0.580000 0.991037
-0.576000 0.991037
-0.572000 0.991037
-0.568000 0.991037
-0.564000 0.991037
-0.560000 0.991037
-0.556000 0.991037
-0.552000 0.991037
-0.548000 0.991037
-0.544000 0.991037
-0.540000 0.991037
-0.536000 0.991037
-0.532000 0.991037
-0.528000 0.991037
-0.524000 0.991037
-0.520000 0.991037
-0.516000 0.991037
-0.512000 0.991037
-0.508000 0.991037
-0.504000 0.991037
-0.500000 0.991037
-0.496000 0.991037
-0.492000 0.991037
-0.488000 0.991037
-0.484000 0.991037
-0.480000 0.991037
-0.476000 0.991037
-0.472000 0.991037
-0.468000 0.991037
-0.464000 0.991037
-0.460000 0.991037
-0.456000 0.991037
-0.452000 0.991037
-0.448000 0.991037
-0.444000 0.991037
-0.440000 0.991037
-0.436000 0.991037
-0.432000 0.991037
-0.428000 0.991037
-0.424000 0.991037
-0.420000 0.991037
-0.416000 0.991037
-0.412000 0.991037
-0.408000 0.991037
-0.404000 0.991037
-0.400000 0.991037
-0.396000 0.991037
-0.392000 0.991037
-0.388000 0.991037
-0.384000 0.991037
-0.380000 0.991037
-0.376000 0.991037
-0.372000 0.991037
-0.368000 0.991037
-0.364000 0.991037
-0.360000 0.991037
-0.356000 0.991037
-0.352000 0.991037
-0.348000 0.991037
-0.344000 0.991037
-0.340000 0.991037
-0.336000 0.991038
-0.332000 0.991038
-0.328000 0.991038
-0.324000 0.991038
-0.320000 0.991038
-0.316000 0.991038
-0.312000 0.991038
-0.308000 0.991038
-0.304000 0.991038
-0.300000 0.991038
-0.296000 0.991038
-0.292000 0.991038
-0.288000 0.991038
-0.284000 0.991038
-0.280000 0.991039
-0.276000 0.991039
-0.272000 0.991039
-0.268000 0.991039
-0.264000 0.991039
-0.260000 0.991039
-0.256000 0.991039
-0.252000 0.991040
-0.248000 0.991040
-0.244000 0.991040
-0.240000 0.991040
-0.236000 0.991041
-0.232000 0.991041
-0.228000 0.991041
-0.224000 0.991041
-0.220000 0.991042
-0.216000 0.991042
-0.212000 0.991042
-0.208000 0.991043
-0.204000 0.991043
-0.200000 0.991044
-0.196000 0.991044
-0.192000 0.991044
-0.188000 0.991045
-0.184000 0.991046
-0.180000 0.991046
-0.176000 0.991047
-0.172000 0.991047
-0.168000 0.991048
-0.164000 0.991049
-0.160000 0.991050
-0.156000 0.991050
-0.152000 0.991051
-0.148000 0.991052
-0.144000 0.991053
-0.140000 0.991054
-0.136000 0.991055
-0.132000 0.991056
-0.128000 0.991057
-0.124000 0.991059
-0.120000 0.991060
-0.116000 0.991061
-0.112000 0.991063
-0.108000 0.991064
-0.104000 0.991066
-0.100000 0.991068
-0.096000 0.991069
-0.092000 0.991071
-0.088000 0.991073
-0.084000 0.991075
-0.080000 0.991077
-0.076000 0.991079
-0.072000 0.991082
-0.068000 0.991084
-0.064000 0.991087
-0.060000 0.991089
-0.056000 0.991092
-0.052000 0.991095
-0.048000 0.991098
-0.044000 0.991101
-0.040000 0.991105
-0.036000 0.991108
-0.032000 0.991112
-0.028000 0.991115
-0.024000 0.991119
-0.020000 0.991123
-0.016000 0.991127
-0.012000 0.991132
-0.008000 0.991136
-0.004000 0.991141
0.000000 0.991146
0.004000 0.991151
0.008000 0.991156
0.012000 0.991162
0.016000 0.991168
0.020000 0.991173
0.024000 0.991180
0.028000 0.991186
0.032000 0.991192
0.036000 0.991199
0.040000 0.991206
0.044000 0.991213
0.048000 0.991221
0.052000 0.991228
0.056000 0.991236
0.060000 0.991245
0.064000 0.991253
0.068000 0.991262
0.072000 0.991271
0.076000 0.991280
0.080000 0.991290
0.084000 0.991299
0.088000 0.991310
0.092000 0.991320
0.096000 0.991331
0.100000 0.991342
0.104000 0.991353
0.108000 0.991364
0.112000 0.991376
0.116000 0.991388
0.120000 0.991401
0.124000 0.991414
0.128000 0.991427
0.132000 0.991440
0.136000 0.991454
0.140000 0.991468
0.144000 0.991482
0.148000 0.991497
0.152000 0.991512
0.156000 0.991528
0.160000 0.991543
0.164000 0.991559
0.168000 0.991576
0.172000 0.991592
0.176000 0.991609
0.180000 0.991627
0.184000 0.991645
0.188000 0.991663
0.192000 0.991681
0.196000 0.991700
0.200000 0.991719
0.204000 0.991738
0.208000 0.991758
0.212000 0.991778
0.216000 0.991798
0.220000 0.991818
0.224000 0.991839
0.228000 0.991861
0.232000 0.991882
0.236000 0.991904
0.240000 0.991926
0.244000 0.991949
0.248000 0.991971
0.252000 0.991994
0.256000 0.992017
0.260000 0.992041
0.264000 0.992065
0.268000 0.992089
0.272000 0.992113
0.276000 0.992138
0.280000 0.992163
0.284000 0.992188
0.288000 0.992213
0.292000 0.992238
0.296000 0.992264
0.300000 0.992290
0.304000 0.992316
0.308000 0.992343
0.312000 0.992369
0.316000 0.992396
0.320000 0.992423
0.324000 0.992450
0.328000 0.992477
0.332000 0.992504
0.336000 0.992532
0.340000 0.992559
0.344000 0.992587
0.348000 0.992615
0.352000 0.992642
0.356000 0.992670
0.360000 0.992698
0.364000 0.992727
0.368000 0.992755
0.372000 0.992783
0.376000 0.992811
0.380000 0.992839
0.384000 0.992868
0.388000 0.992896
0.392000 0.992924
0.396000 0.992953
0.400000 0.992981
0.404000 0.993009
0.408000 0.993037
0.412000 0.993066
0.416000 0.993094
0.420000 0.993122
0.424000 0.993150
0.428000 0.993178
0.432000 0.993205
0.436000 0.993233
0.440000 0.993261
0.444000 0.993288
0.448000 0.993315
0.452000 0.993343
0.456000 0.993370
0.460000 0.993397
0.464000 0.993423
0.468000 0.993450
0.472000 0.993476
0.476000 0.993503
0.480000 0.993529
0.484000 0.993554
0.488000 0.993580
0.492000 0.993606
0.496000 0.993631
0.500000 0.993656
0.504000 0.993680
0.508000 0.993705
0.512000 0.993729
0.516000 0.993753
0.520000 0.993777
0.524000 0.993801
0.528000 0.993824
0.532000 0.993847
0.536000 0.993870
0.540000 0.993892
0.544000 0.993914
0.548000 0.993936
0.552000 0.993958
0.556000 0.993979
0.560000 0.994000
0.564000 0.994021
0.568000 0.994042
0.572000 0.994062
0.576000 0.994082
0.580000 0.994101
0.584000 0.994121
0.588000 0.994140
0.592000 0.994158
0.596000 0.994177
0.600000 0.994195
0.604000 0.994213
0.608000 0.994230
0.612000 0.994247
0.616000 0.994264
0.620000 0.994281
0.624000 0.994297
0.628000 0.994313
0.632000 0.994329
0.636000 0.994344
0.640000 0.994359
0.644000 0.994374
0.648000 0.994388
0.652000 0.994403
0.656000 0.994417
0.660000 0.994430
0.664000 0.994444
0.668000 0.994457
0.672000 0.994469
0.676000 0.994482
0.680000 0.994494
0.684000 0.994506
0.688000 0.994518
0.692000 0.994529
0.696000 0.994540
0.700000 0.994551
0.704000 0.994562
0.708000 0.994572
0.712000 0.994582
0.716000 0.994592
0.720000 0.994601
0.724000 0.994611
0.728000 0.994620
0.732000 0.994629
0.736000 0.994637
0.740000 0.994646
0.744000 0.994654
0.748000 0.994662
0.752000 0.994670
0.756000 0.994677
0.760000 0.994685
0.764000 0.994692
0.768000 0.994699
0.772000 0.994706
0.776000 0.994712
0.780000 0.994718
0.784000 0.994725
0.788000 0.994731
0.792000 0.994736
0.796000 0.994742
0.800000 0.994747
0.804000 0.994753
0.808000 0.994758
0.812000 0.994763
0.816000 0.994768
0.820000 0.994772
0.824000 0.994777
0.828000 0.994781
0.832000 0.994785
0.836000 0.994790
0.840000 0.994793
0.844000 0.994797
0.848000 0.994801
0.852000 0.994805
0.856000 0.994808
0.860000 0.994811
0.864000 0.994815
0.868000 0.994818
0.872000 0.994821
0.876000 0.994824
0.880000 0.994826
0.884000 0.994829
0.888000 0.994832
0.892000 0.994834
0.896000 0.994837
0.900000 0.994839
0.904000 0.994841
0.908000 0.994843
0.912000 0.994845
0.916000 0.994847
0.920000 0.994849
0.924000 0.994851
0.928000 0.994853
0.932000 0.994855
0.936000 0.994856
0.940000 0.994858
0.944000 0.994859
0.948000 0.994861
0.952000 0.994862
0.956000 0.994863
0.960000 0.994865
0.964000 0.994866
0.968000 0.994867
0.972000 0.994869
0.976000 0.994870
0.980000 0.994871
0.984000 0.994872
0.988000 0.994874
0.992000 0.994875
0.996000 0.994877
1.000000 0.994879
