-1.000000 0.997928
-0.996000 0.997928
-0.992000 0.997928
-0.988000 0.997928
-0.984000 0.997928
-0.980000 0.997928
-0.976000 0.997928
-0.972000 0.997928
-0.968000 0.997928
-0.964000 0.997928
-0.960000 0.997928
-0.956000 0.997928
-0.952000 0.997928
-0.948000 0.997928
-0.944000 0.997928
-0.940000 0.997928
-0.936000 0.997928
-0.932000 0.997928
-0.928000 0.997928
-0.924000 0.997928
-0.920000 0.997928
-0.916000 0.997928
-0.912000 0.997928
-0.908000 0.997928
-0.904000 0.997928
-0.900000 0.997928
-0.896000 0.997928
-0.892000 0.997928
-0.888000 0.997928
-0.884000 0.997927
-0.880000 0.997927
-0.876000 0.997927
-0.872000 0.997927
-0.868000 0.997927
-0.864000 0.997927
-0.860000 0.997927
-0.856000 0.997927
-0.852000 0.997926
-0.848000 0.997926
-0.844000 0.997926
-0.840000 0.997925
-0.836000 0.997925
-0.832000 0.997925
-0.828000 0.997924
-0.824000 0.997924
-0.820000 0.997923
-0.816000 0.997922
-0.812000 0.997921
-0.808000 0.997921
-0.804000 0.997920
-0.800000 0.997918
-0.796000 0.997917
-0.792000 0.997916
-0.788000 0.997914
-0.784000 0.997913
-0.780000 0.997911
-0.776000 0.997909
-0.772000 0.997907
-0.768000 0.997904
-0.764000 0.997902
-0.760000 0.997899
-0.756000 0.997895
-0.752000 0.997892
-0.748000 0.997888
-0.744000 0.997884
-0.740000 0.997879
-0.736000 0.997874
-0.732000 0.997869
-0.728000 0.997863
-0.724000 0.997857
-0.720000 0.997850
-0.716000 0.997842
-0.712000 0.997834
-0.708000 0.997826
-0.704000 0.997816
-0.700000 0.997806
-0.696000 0.997796
-0.692000 0.997784
-0.688000 0.997772
-0.684000 0.997759
-0.680000 0.997745
-0.676000 0.997730
-0.672000 0.997715
-0.668000 0.997698
-0.664000 0.997680
-0.660000 0.997661
-0.656000 0.997641
-0.652000 0.997620
-0.648000 0.997598
-0.644000 0.997574
-0.640000 0.997550
-0.636000 0.997524
-0.632000 0.997496
-0.628000 0.997468
-0.624000 0.997437
-0.620000 0.997406
-0.616000 0.997373
-0.612000 0.997339
-0.608000 0.997303
-0.604000 0.997265
-0.600000 0.997226
-0.596000 0.997186
-0.592000 0.997144
-0.588000 0.997100
-0.584000 0.997055
-0.580000 0.997008
-0.576000 0.996960
-0.572000 0.996910
-0.568000 0.996858
-0.564000 0.996805
-0.560000 0.996750
-0.556000 0.996694
-0.552000 0.996636
-0.548000 0.996577
-0.544000 0.996516
-0.540000 0.996454
-0.536000 0.996390
-0.532000 0.996325
-0.528000 0.996259
-0.524000 0.996191
-0.520000 0.996122
-0.516000 0.996052
-0.512000 0.995980
-0.508000 0.995908
-0.504000 0.995834
-0.500000 0.995759
-0.496000 0.995684
-0.492000 0.995607
-0.488000 0.995530
-0.484000 0.995452
-0.480000 0.995373
-0.476000 0.995294
-0.472000 0.995214
-0.468000 0.995133
-0.464000 0.995053
-0.460000 0.994971
-0.456000 0.994890
-0.452000 0.994808
-0.448000 0.994727
-0.444000 0.994645
-0.440000 0.994563
-0.436000 0.994481
-0.432000 0.994400
-0.428000 0.994319
-0.424000 0.994238
-0.420000 0.994157
-0.416000 0.994077
-0.412000 0.993998
-0.408000 0.993919
-0.404000 0.993840
-0.400000 0.993763
-0.396000 0.993686
-0.392000 0.993610
-0.388000 0.993534
-0.384000 0.993460
-0.380000 0.993387
-0.376000 0.993314
-0.372000 0.993243
-0.368000 0.993173
-0.364000 0.993104
-0.360000 0.993036
-0.356000 0.992969
-0.352000 0.992904
-0.348000 0.992840
-0.344000 0.992777
-0.340000 0.992715
-0.336000 0.992655
-0.332000 0.992596
-0.328000 0.992538
-0.324000 0.992482
-0.320000 0.992427
-0.316000 0.992374
-0.312000 0.992322
-0.308000 0.992271
-0.304000 0.992222
-0.300000 0.992174
-0.296000 0.992127
-0.292000 0.992082
-0.288000 0.992038
-0.284000 0.991995
-0.280000 0.991954
-0.276000 0.991914
-0.272000 0.991876
-0.268000 0.991838
-0.264000 0.991802
-0.260000 0.991767
-0.256000 0.991734
-0.252000 0.991701
-0.248000 0.991670
-0.244000 0.991640
-0.240000 0.991611
-0.236000 0.991583
-0.232000 0.991557
-0.228000 0.991531
-0.224000 0.991506
-0.220000 0.991483
-0.216000 0.991460
-0.212000 0.991438
-0.208000 0.991418
-0.204000 0.991398
-0.200000 0.991379
-0.196000 0.991361
-0.192000 0.991343
-0.188000 0.991327
-0.184000 0.991311
-0.180000 0.991296
-0.176000 0.991281
-0.172000 0.991268
-0.168000 0.991255
-0.164000 0.991242
-0.160000 0.991231
-0.156000 0.991219
-0.152000 0.991209
-0.148000 0.991199
-0.144000 0.991189
-0.140000 0.991180
-0.136000 0.991172
-0.132000 0.991163
-0.128000 0.991156
-0.124000 0.991148
-0.120000 0.991142
-0.116000 0.991135
-0.112000 0.991129
-0.108000 0.991123
-0.104000 0.991118
-0.100000 0.991113
-0.096000 0.991108
-0.092000 0.991103
-0.088000 0.991099
-0.084000 0.991095
-0.080000 0.991091
-0.076000 0.991087
-0.072000 0.991084
-0.068000 0.991081
-0.064000 0.991078
-0.060000 0.991075
-0.056000 0.991073
-0.052000 0.991070
-0.048000 0.991068
-0.044000 0.991066
-0.040000 0.991064
-0.036000 0.991062
-0.032000 0.991060
-0.028000 0.991058
-0.024000 0.991057
-0.020000 0.991055
-0.016000 0.991054
-0.012000 0.991053
-0.008000 0.991052
-0.004000 0.991051
0.000000 0.991050
0.004000 0.991049
0.008000 0.991048
0.012000 0.991047
0.016000 0.991046
0.020000 0.991046
0.024000 0.991045
0.028000 0.991044
0.032000 0.991044
0.036000 0.991043
0.040000 0.991043
0.044000 0.991042
0.048000 0.991042
0.052000 0.991041
0.056000 0.991041
0.060000 0.991041
0.064000 0.991040
0.068000 0.991040
0.072000 0.991040
0.076000 0.991040
0.080000 0.991040
0.084000 0.991039
0.088000 0.991039
0.092000 0.991039
0.096000 0.991039
0.100000 0.991039
0.104000 0.991038
0.108000 0.991038
0.112000 0.991038
0.116000 0.991038
0.120000 0.991038
0.124000 0.991038
0.128000 0.991038
0.132000 0.991038
0.136000 0.991038
0.140000 0.991038
0.144000 0.991038
0.148000 0.991038
0.152000 0.991038
0.156000 0.991037
0.160000 0.991037
0.164000 0.991037
0.168000 0.991037
0.172000 0.991037
0.176000 0.991037
0.180000 0.991037
0.184000 0.991037
0.188000 0.991037
0.192000 0.991037
0.196000 0.991037
0.200000 0.991037
0.204000 0.991037
0.208000 0.991037
0.212000 0.991037
0.216000 0.991037
0.220000 0.991037
0.224000 0.991037
0.228000 0.991037
0.232000 0.991037
0.236000 0.991037
0.240000 0.991037
0.244000 0.991037
0.248000 0.991037
0.252000 0.991037
0.256000 0.991037
0.260000 0.991037
0.264000 0.991037
0.268000 0.991037
0.272000 0.991037
0.276000 0.991037
0.280000 0.991037
0.284000 0.991037
0.288000 0.991037
0.292000 0.991037
0.296000 0.991037
0.300000 0.991037
0.304000 0.991037
0.308000 0.991037
0.312000 0.991037
0.316000 0.991037
0.320000 0.991037
0.324000 0.991037
0.328000 0.991037
0.332000 0.991037
0.336000 0.991037
0.340000 0.991037
0.344000 0.991037
0.348000 0.991037
0.352000 0.991037
0.356000 0.991037
0.360000 0.991037
0.364000 0.991037
0.368000 0.991037
0.372000 0.991037
0.376000 0.991037
0.380000 0.991037
0.384000 0.991037
0.388000 0.991037
0.392000 0.991037
0.396000 0.991037
0.400000 0.991037
0.404000 0.991037
0.408000 0.991037
0.412000 0.991037
0.416000 0.991037
0.420000 0.991037
0.424000 0.991037
0.428000 0.991037
0.432000 0.991037
0.436000 0.991037
0.440000 0.991037
0.444000 0.991037
0.448000 0.991037
0.452000 0.991037
0.456000 0.991037
0.460000 0.991037
0.464000 0.991037
0.468000 0.991037
0.472000 0.991037
0.476000 0.991037
0.480000 0.991037
0.484000 0.991037
0.488000 0.991037
0.492000 0.991037
0.496000 0.991037
0.500000 0.991037
0.504000 0.991037
0.508000 0.991037
0.512000 0.991037
0.516000 0.991037
0.520000 0.991037
0.524000 0.991037
0.528000 0.991037
0.532000 0.991037
0.536000 0.991037
0.540000 0.991037
0.544000 0.991037
0.548000 0.991037
0.552000 0.991037
0.556000 0.991037
0.560000 0.991037
0.564000 0.991037
0.568000 0.991037
0.572000 0.991037
0.576000 0.991037
0.580000 0.991037
0.584000 0.991037
0.588000 0.991037
0.592000 0.991037
0.596000 0.991037
0.600000 0.991037
0.604000 0.991037
0.608000 0.991037
0.612000 0.991037
0.616000 0.991037
0.620000 0.991037
0.624000 0.991037
0.628000 0.991037
0.632000 0.991037
0.636000 0.991037
0.640000 0.991037
0.644000 0.991037
0.648000 0.991037
0.652000 0.991037
0.656000 0.991037
0.660000 0.991037
0.664000 0.991037
0.668000 0.991037
0.672000 0.991037
0.676000 0.991037
0.680000 0.991037
0.684000 0.991037
0.688000 0.991037
0.692000 0.991037
0.696000 0.991037
0.700000 0.991037
0.704000 0.991037
0.708000 0.991037
0.712000 0.991037
0.716000 0.991037
0.720000 0.991037
0.724000 0.991037
0.728000 0.991037
0.732000 0.991037
0.736000 0.991037
0.740000 0.991037
0.744000 0.991037
0.748000 0.991037
0.752000 0.991037
0.756000 0.991037
0.760000 0.991037
0.764000 0.991037
0.768000 0.991037
0.772000 0.991037
0.776000 0.991037
0.780000 0.991037
0.784000 0.991037
0.788000 0.991037
0.792000 0.991037
0.796000 0.991037
0.800000 0.991037
0.804000 0.991037
0.808000 0.991037
0.812000 0.991037
0.816000 0.991037
0.820000 0.991037
0.824000 0.991037
0.828000 0.991037
0.832000 0.991037
0.836000 0.991037
0.840000 0.991037
0.844000 0.991037
0.848000 0.991037
0.852000 0.991037
0.856000 0.991037
0.860000 0.991037
0.864000 0.991037
0.868000 0.991037
0.872000 0.991037
0.876000 0.991037
0.880000 0.991037
0.884000 0.991037
0.888000 0.991037
0.892000 0.991037
0.896000 0.991037
0.900000 0.991037
0.904000 0.991037
0.908000 0.991037
0.912000 0.991037
0.916000 0.991037
0.920000 0.991037
0.924000 0.991037
0.928000 0.991037
0.932000 0.991037
0.936000 0.991037
0.940000 0.991037
0.944000 0.991037
0.948000 0.991037
0.952000 0.991037
0.956000 0.991037
0.960000 0.991037
0.964000 0.991037
0.968000 0.991037
0.972000 0.991037
0.976000 0.991037
0.980000 0.991037
0.984000 0.991037
0.988000 0.991037
0.992000 0.991037
0.996000 0.991037
1.000000 0.991037
