-1.000000 0.991037
-0.996000 0.991037
-0.992000 0.991037
-0.988000 0.991037
-0.984000 0.991037
-0.980000 0.991037
-0.976000 0.991037
-0.972000 0.991037
-0.968000 0.991037
-0.964000 0.991037
-0.960000 0.991037
-0.956000 0.991037
-0.952000 0.991037
-0.948000 0.991037
-0.944000 0.991037
-0.940000 0.991037
-0.936000 0.991037
-0.932000 0.991037
-0.928000 0.991037
-0.924000 0.991037
-0.920000 0.991037
-0.916000 0.991037
-0.912000 0.991037
-0.908000 0.991037
-0.904000 0.991037
-0.900000 0.991037
-0.896000 0.991037
-0.892000 0.991037
-0.888000 0.991037
-0.884000 0.991037
-0.880000 0.991037
-0.876000 0.991037
-0.872000 0.991037
-0.868000 0.991037
-0.864000 0.991037
-0.860000 0.991037
-0.856000 0.991037
-0.852000 0.991037
-0.848000 0.991037
-0.844000 0.991037
-0.840000 0.991037
-0.836000 0.991037
-0.832000 0.991037
-0.828000 0.991037
-0.824000 0.991037
-0.820000 0.991037
-0.816000 0.991037
-0.812000 0.991037
-0.808000 0.991037
-0.804000 0.991037
-0.800000 0.991037
-0.796000 0.991037
-0.792000 0.991037
-0.788000 0.991037
-0.784000 0.991037
-0.780000 0.991037
-0.776000 0.991037
-0.772000 0.991037
-0.768000 0.991037
-0.764000 0.991037
-0.760000 0.991037
-0.756000 0.991037
-0.752000 0.991037
-0.748000 0.991037
-0.744000 0.991037
-0.740000 0.991037
-0.736000 0.991037
-0.732000 0.991037
-0.728000 0.991037
-0.724000 0.991037
-0.720000 0.991037
-0.716000 0.991037
-0.712000 0.991037
-0.708000 0.991037
-0.704000 0.991037
-0.700000 0.991037
-0.696000 0.991037
-0.692000 0.991037
-0.688000 0.991037
-0.684000 0.991037
-0.680000 0.991037
-0.676000 0.991037
-0.672000 0.991037
-0.668000 0.991037
-0.664000 0.991037
-0.660000 0.991037
-0.656000 0.991037
-0.652000 0.991037
-0.648000 0.991037
-0.644000 0.991037
-0.640000 0.991037
-0.636000 0.991037
-0.632000 0.991037
-0.628000 0.991037
-0.624000 0.991037
-0.620000 0.991037
-0.616000 0.991037
-0.612000 0.991037
-0.608000 0.991037
-0.604000 0.991037
-0.600000 0.991037
-0.596000 0.991037
-0.592000 0.991037
-0.588000 0.991037
-0.584000 0.991037
-0.580000 0.991037
-0.576000 0.991037
-0.572000 0.991037
-0.568000 0.991037
-0.564000 0.991037
-0.560000 0.991037
-0.556000 0.991037
-0.552000 0.991037
-0.548000 0.991037
-0.544000 0.991037
-0.540000 0.991037
-0.536000 0.991037
-0.532000 0.991037
-0.528000 0.991037
-0.524000 0.991037
-0.520000 0.991037
-0.516000 0.991037
-0.512000 0.991037
-0.508000 0.991037
-0.504000 0.991037
-0.500000 0.991037
-0.496000 0.991037
-0.492000 0.991037
-0.488000 0.991037
-0.484000 0.991037
-0.480000 0.991037
-0.476000 0.991037
-0.472000 0.991037
-0.468000 0.991037
-0.464000 0.991037
-0.460000 0.991037
-0.456000 0.991037
-0.452000 0.991037
-0.448000 0.991037
-0.444000 0.991037
-0.440000 0.991037
-0.436000 0.991037
-0.432000 0.991037
-0.428000 0.991037
-0.424000 0.991037
-0.420000 0.991037
-0.416000 0.991037
-0.412000 0.991037
-0.408000 0.991037
-0.404000 0.991038
-0.400000 0.991038
-0.396000 0.991038
-0.392000 0.991038
-0.388000 0.991038
-0.384000 0.991038
-0.380000 0.991038
-0.376000 0.991038
-0.372000 0.991038
-0.368000 0.991038
-0.364000 0.991038
-0.360000 0.991038
-0.356000 0.991038
-0.352000 0.991039
-0.348000 0.991039
-0.344000 0.991039
-0.340000 0.991039
-0.336000 0.991039
-0.332000 0.991039
-0.328000 0.991040
-0.324000 0.991040
-0.320000 0.991040
-0.316000 0.991040
-0.312000 0.991040
-0.308000 0.991041
-0.304000 0.991041
-0.300000 0.991041
-0.296000 0.991042
-0.292000 0.991042
-0.288000 0.991042
-0.284000 0.991043
-0.280000 0.991043
-0.276000 0.991044
-0.272000 0.991044
-0.268000 0.991045
-0.264000 0.991045
-0.260000 0.991046
-0.256000 0.991046
-0.252000 0.991047
-0.248000 0.991048
-0.244000 0.991048
-0.240000 0.991049
-0.236000 0.991050
-0.232000 0.991051
-0.228000 0.991052
-0.224000 0.991053
-0.220000 0.991054
-0.216000 0.991055
-0.212000 0.991056
-0.208000 0.991057
-0.204000 0.991058
-0.200000 0.991060
-0.196000 0.991061
-0.192000 0.991063
-0.188000 0.991064
-0.184000 0.991066
-0.180000 0.991068
-0.176000 0.991069
-0.172000 0.991071
-0.168000 0.991073
-0.164000 0.991075
-0.160000 0.991078
-0.156000 0.991080
-0.152000 0.991082
-0.148000 0.991085
-0.144000 0.991088
-0.140000 0.991091
-0.136000 0.991093
-0.132000 0.991097
-0.128000 0.991100
-0.124000 0.991103
-0.120000 0.991107
-0.116000 0.991110
-0.112000 0.991114
-0.108000 0.991118
-0.104000 0.991122
-0.100000 0.991127
-0.096000 0.991131
-0.092000 0.991136
-0.088000 0.991141
-0.084000 0.991146
-0.080000 0.991151
-0.076000 0.991157
-0.072000 0.991163
-0.068000 0.991168
-0.064000 0.991175
-0.060000 0.991181
-0.056000 0.991188
-0.052000 0.991195
-0.048000 0.991202
-0.044000 0.991209
-0.040000 0.991217
-0.036000 0.991225
-0.032000 0.991233
-0.028000 0.991241
-0.024000 0.991250
-0.020000 0.991259
-0.016000 0.991268
-0.012000 0.991278
-0.008000 0.991287
-0.004000 0.991298
0.000000 0.991308
0.004000 0.991319
0.008000 0.991330
0.012000 0.991341
0.016000 0.991353
0.020000 0.991365
0.024000 0.991378
0.028000 0.991390
0.032000 0.991403
0.036000 0.991417
0.040000 0.991430
0.044000 0.991445
0.048000 0.991459
0.052000 0.991474
0.056000 0.991489
0.060000 0.991504
0.064000 0.991520
0.068000 0.991536
0.072000 0.991553
0.076000 0.991570
0.080000 0.991587
0.084000 0.991605
0.088000 0.991623
0.092000 0.991641
0.096000 0.991660
0.100000 0.991679
0.104000 0.991698
0.108000 0.991718
0.112000 0.991738
0.116000 0.991758
0.120000 0.991779
0.124000 0.991800
0.128000 0.991822
0.132000 0.991844
0.136000 0.991866
0.140000 0.991888
0.144000 0.991911
0.148000 0.991934
0.152000 0.991958
0.156000 0.991981
0.160000 0.992005
0.164000 0.992030
0.168000 0.992054
0.172000 0.992079
0.176000 0.992104
0.180000 0.992130
0.184000 0.992156
0.188000 0.992182
0.192000 0.992208
0.196000 0.992234
0.200000 0.992261
0.204000 0.992288
0.208000 0.992315
0.212000 0.992342
0.216000 0.992370
0.220000 0.992398
0.224000 0.992426
0.228000 0.992454
0.232000 0.992482
0.236000 0.992510
0.240000 0.992539
0.244000 0.992567
0.248000 0.992596
0.252000 0.992625
0.256000 0.992654
0.260000 0.992683
0.264000 0.992712
0.268000 0.992742
0.272000 0.992771
0.276000 0.992800
0.280000 0.992830
0.284000 0.992859
0.288000 0.992888
0.292000 0.992918
0.296000 0.992947
0.300000 0.992977
0.304000 0.993006
0.308000 0.993035
0.312000 0.993064
0.316000 0.993094
0.320000 0.993123
0.324000 0.993152
0.328000 0.993181
0.332000 0.993210
0.336000 0.993238
0.340000 0.993267
0.344000 0.993295
0.348000 0.993324
0.352000 0.993352
0.356000 0.993380
0.360000 0.993408
0.364000 0.993435
0.368000 0.993463
0.372000 0.993490
0.376000 0.993517
0.380000 0.993544
0.384000 0.993571
0.388000 0.993597
0.392000 0.993624
0.396000 0.993650
0.400000 0.993675
0.404000 0.993701
0.408000 0.993726
0.412000 0.993751
0.416000 0.993776
0.420000 0.993800
0.424000 0.993824
0.428000 0.993848
0.432000 0.993872
0.436000 0.993895
0.440000 0.993918
0.444000 0.993941
0.448000 0.993963
0.452000 0.993985
0.456000 0.994007
0.460000 0.994028
0.464000 0.994050
0.468000 0.994070
0.472000 0.994091
0.476000 0.994111
0.480000 0.994131
0.484000 0.994150
0.488000 0.994170
0.492000 0.994188
0.496000 0.994207
0.500000 0.994225
0.504000 0.994243
0.508000 0.994261
0.512000 0.994278
0.516000 0.994295
0.520000 0.994312
0.524000 0.994328
0.528000 0.994344
0.532000 0.994359
0.536000 0.994375
0.540000 0.994390
0.544000 0.994404
0.548000 0.994419
0.552000 0.994433
0.556000 0.994447
0.560000 0.994460
0.564000 0.994473
0.568000 0.994486
0.572000 0.994499
0.576000 0.994511
0.580000 0.994523
0.584000 0.994534
0.588000 0.994546
0.592000 0.994557
0.596000 0.994568
0.600000 0.994578
0.604000 0.994589
0.608000 0.994599
0.612000 0.994608
0.616000 0.994618
0.620000 0.994627
0.624000 0.994636
0.628000 0.994645
0.632000 0.994653
0.636000 0.994662
0.640000 0.994670
0.644000 0.994678
0.648000 0.994685
0.652000 0.994692
0.656000 0.994700
0.660000 0.994707
0.664000 0.994713
0.668000 0.994720
0.672000 0.994726
0.676000 0.994732
0.680000 0.994738
0.684000 0.994744
0.688000 0.994750
0.692000 0.994755
0.696000 0.994760
0.700000 0.994765
0.704000 0.994770
0.708000 0.994775
0.712000 0.994780
0.716000 0.994784
0.720000 0.994788
0.724000 0.994792
0.728000 0.994796
0.732000 0.994800
0.736000 0.994804
0.740000 0.994808
0.744000 0.994811
0.748000 0.994814
0.752000 0.994818
0.756000 0.994821
0.760000 0.994824
0.764000 0.994827
0.768000 0.994829
0.772000 0.994832
0.776000 0.994835
0.780000 0.994837
0.784000 0.994839
0.788000 0.994842
0.792000 0.994844
0.796000 0.994846
0.800000 0.994848
0.804000 0.994850
0.808000 0.994852
0.812000 0.994854
0.816000 0.994855
0.820000 0.994857
0.824000 0.994859
0.828000 0.994860
0.832000 0.994862
0.836000 0.994863
0.840000 0.994864
0.844000 0.994866
0.848000 0.994867
0.852000 0.994868
0.856000 0.994869
0.860000 0.994870
0.864000 0.994871
0.868000 0.994872
0.872000 0.994873
0.876000 0.994874
0.880000 0.994875
0.884000 0.994876
0.888000 0.994877
0.892000 0.994877
0.896000 0.994878
0.900000 0.994879
0.904000 0.994879
0.908000 0.994880
0.912000 0.994881
0.916000 0.994881
0.920000 0.994882
0.924000 0.994882
0.928000 0.994883
0.932000 0.994883
0.936000 0.994884
0.940000 0.994884
0.944000 0.994885
0.948000 0.994885
0.952000 0.994885
0.956000 0.994886
0.960000 0.994886
0.964000 0.994886
0.968000 0.994887
0.972000 0.994887
0.976000 0.994887
0.980000 0.994888
0.984000 0.994888
0.988000 0.994888
0.992000 0.994889
0.996000 0.994889
1.000000 0.994889
