-1.000000 0.992919
-0.996000 0.992919
-0.992000 0.992919
-0.988000 0.992919
-0.984000 0.992919
-0.980000 0.992919
-0.976000 0.992919
-0.972000 0.992919
-0.968000 0.992919
-0.964000 0.992919
-0.960000 0.992919
-0.956000 0.992919
-0.952000 0.992919
-0.948000 0.992919
-0.944000 0.992919
-0.940000 0.992919
-0.936000 0.992919
-0.932000 0.992919
-0.928000 0.992919
-0.924000 0.992919
-0.920000 0.992919
-0.916000 0.992919
-0.912000 0.992919
-0.908000 0.992919
-0.904000 0.992919
-0.900000 0.992919
-0.896000 0.992919
-0.892000 0.992919
-0.888000 0.992919
-0.884000 0.992919
-0.880000 0.992919
-0.876000 0.992919
-0.872000 0.992919
-0.868000 0.992919
-0.864000 0.992919
-0.860000 0.992919
-0.856000 0.992919
-0.852000 0.992919
-0.848000 0.992919
-0.844000 0.992919
-0.840000 0.992919
-0.836000 0.992919
-0.832000 0.992919
-0.828000 0.992919
-0.824000 0.992919
-0.820000 0.992919
-0.816000 0.992919
-0.812000 0.992919
-0.808000 0.992919
-0.804000 0.992919
-0.800000 0.992919
-0.796000 0.992919
-0.792000 0.992919
-0.788000 0.992919
-0.784000 0.992919
-0.780000 0.992919
-0.776000 0.992919
-0.772000 0.992919
-0.768000 0.992919
-0.764000 0.992919
-0.760000 0.992919
-0.756000 0.992919
-0.752000 0.992919
-0.748000 0.992919
-0.744000 0.992919
-0.740000 0.992919
-0.736000 0.992919
-0.732000 0.992919
-0.728000 0.992919
-0.724000 0.992919
-0.720000 0.992919
-0.716000 0.992919
-0.712000 0.992919
-0.708000 0.992919
-0.704000 0.992919
-0.700000 0.992919
-0.696000 0.992919
-0.692000 0.992919
-0.688000 0.992919
-0.684000 0.992919
-0.680000 0.992919
-0.676000 0.992919
-0.672000 0.992919
-0.668000 0.992919
-0.664000 0.992919
-0.660000 0.992919
-0.656000 0.992919
-0.652000 0.992919
-0.648000 0.992919
-0.644000 0.992919
-0.640000 0.992919
-0.636000 0.992919
-0.632000 0.992919
-0.628000 0.992919
-0.624000 0.992919
-0.620000 0.992919
-0.616000 0.992919
-0.612000 0.992919
-0.608000 0.992919
-0.604000 0.992919
-0.600000 0.992919
-0.596000 0.992919
-0.592000 0.992919
-0.588000 0.992919
-0.584000 0.992919
-0.580000 0.992919
-0.576000 0.992919
-0.572000 0.992919
-0.568000 0.992919
-0.564000 0.992919
-0.560000 0.992919
-0.556000 0.992919
-0.552000 0.992919
-0.548000 0.992919
-0.544000 0.992919
-0.540000 0.992919
-0.536000 0.992919
-0.532000 0.992919
-0.528000 0.992919
-0.524000 0.992919
-0.520000 0.992919
-0.516000 0.992919
-0.512000 0.992919
-0.508000 0.992919
-0.504000 0.992919
-0.500000 0.992919
-0.496000 0.992919
-0.492000 0.992919
-0.488000 0.992919
-0.484000 0.992919
-0.480000 0.992919
-0.476000 0.992919
-0.472000 0.992919
-0.468000 0.992919
-0.464000 0.992919
-0.460000 0.992919
-0.456000 0.992919
-0.452000 0.992919
-0.448000 0.992919
-0.444000 0.992919
-0.440000 0.992919
-0.436000 0.992919
-0.432000 0.992919
-0.428000 0.992919
-0.424000 0.992919
-0.420000 0.992919
-0.416000 0.992919
-0.412000 0.992919
-0.408000 0.992919
-0.404000 0.992919
-0.400000 0.992919
-0.396000 0.992919
-0.392000 0.992919
-0.388000 0.992919
-0.384000 0.992919
-0.380000 0.992919
-0.376000 0.992919
-0.372000 0.992919
-0.368000 0.992919
-0.364000 0.992919
-0.360000 0.992919
-0.356000 0.992919
-0.352000 0.992919
-0.348000 0.992919
-0.344000 0.992919
-0.340000 0.992919
-0.336000 0.992919
-0.332000 0.992919
-0.328000 0.992919
-0.324000 0.992919
-0.320000 0.992919
-0.316000 0.992919
-0.312000 0.992919
-0.308000 0.992919
-0.304000 0.992919
-0.300000 0.992919
-0.296000 0.992919
-0.292000 0.992919
-0.288000 0.992919
-0.284000 0.992919
-0.280000 0.992919
-0.276000 0.992919
-0.272000 0.992919
-0.268000 0.992919
-0.264000 0.992919
-0.260000 0.992919
-0.256000 0.992919
-0.252000 0.992919
-0.248000 0.992919
-0.244000 0.992919
-0.240000 0.992919
-0.236000 0.992919
-0.232000 0.992919
-0.228000 0.992919
-0.224000 0.992919
-0.220000 0.992919
-0.216000 0.992919
-0.212000 0.992919
-0.208000 0.992919
-0.204000 0.992919
-0.200000 0.992919
-0.196000 0.992919
-0.192000 0.992919
-0.188000 0.992919
-0.184000 0.992919
-0.180000 0.992919
-0.176000 0.992919
-0.172000 0.992919
-0.168000 0.992919
-0.164000 0.992919
-0.160000 0.992919
-0.156000 0.992919
-0.152000 0.992919
-0.148000 0.992919
-0.144000 0.992919
-0.140000 0.992919
-0.136000 0.992919
-0.132000 0.992919
-0.128000 0.992919
-0.124000 0.992919
-0.120000 0.992919
-0.116000 0.992919
-0.112000 0.992919
-0.108000 0.992919
-0.104000 0.992919
-0.100000 0.992919
-0.096000 0.992919
-0.092000 0.992919
-0.088000 0.992919
-0.084000 0.992919
-0.080000 0.992919
-0.076000 0.992919
-0.072000 0.992919
-0.068000 0.992919
-0.064000 0.992919
-0.060000 0.992919
-0.056000 0.992919
-0.052000 0.992919
-0.048000 0.992919
-0.044000 0.992919
-0.040000 0.992919
-0.036000 0.992919
-0.032000 0.992920
-0.028000 0.992920
-0.024000 0.992920
-0.020000 0.992920
-0.016000 0.992920
-0.012000 0.992920
-0.008000 0.992920
-0.004000 0.992920
0.000000 0.992920
0.004000 0.992920
0.008000 0.992920
0.012000 0.992920
0.016000 0.992920
0.020000 0.992920
0.024000 0.992920
0.028000 0.992920
0.032000 0.992921
0.036000 0.992921
0.040000 0.992921
0.044000 0.992921
0.048000 0.992921
0.052000 0.992921
0.056000 0.992921
0.060000 0.992922
0.064000 0.992922
0.068000 0.992922
0.072000 0.992922
0.076000 0.992922
0.080000 0.992922
0.084000 0.992923
0.088000 0.992923
0.092000 0.992923
0.096000 0.992923
0.100000 0.992924
0.104000 0.992924
0.108000 0.992924
0.112000 0.992925
0.116000 0.992925
0.120000 0.992925
0.124000 0.992926
0.128000 0.992926
0.132000 0.992927
0.136000 0.992927
0.140000 0.992928
0.144000 0.992928
0.148000 0.992929
0.152000 0.992929
0.156000 0.992930
0.160000 0.992931
0.164000 0.992931
0.168000 0.992932
0.172000 0.992933
0.176000 0.992934
0.180000 0.992935
0.184000 0.992935
0.188000 0.992936
0.192000 0.992937
0.196000 0.992938
0.200000 0.992939
0.204000 0.992941
0.208000 0.992942
0.212000 0.992943
0.216000 0.992944
0.220000 0.992946
0.224000 0.992947
0.228000 0.992949
0.232000 0.992950
0.236000 0.992952
0.240000 0.992954
0.244000 0.992955
0.248000 0.992957
0.252000 0.992959
0.256000 0.992961
0.260000 0.992963
0.264000 0.992966
0.268000 0.992968
0.272000 0.992970
0.276000 0.992973
0.280000 0.992976
0.284000 0.992978
0.288000 0.992981
0.292000 0.992984
0.296000 0.992987
0.300000 0.992990
0.304000 0.992994
0.308000 0.992997
0.312000 0.993001
0.316000 0.993005
0.320000 0.993009
0.324000 0.993013
0.328000 0.993017
0.332000 0.993021
0.336000 0.993026
0.340000 0.993031
0.344000 0.993036
0.348000 0.993041
0.352000 0.993046
0.356000 0.993052
0.360000 0.993057
0.364000 0.993063
0.368000 0.993069
0.372000 0.993075
0.376000 0.993082
0.380000 0.993089
0.384000 0.993096
0.388000 0.993103
0.392000 0.993110
0.396000 0.993118
0.400000 0.993126
0.404000 0.993134
0.408000 0.993142
0.412000 0.993151
0.416000 0.993160
0.420000 0.993169
0.424000 0.993179
0.428000 0.993189
0.432000 0.993199
0.436000 0.993209
0.440000 0.993220
0.444000 0.993231
0.448000 0.993242
0.452000 0.993254
0.456000 0.993266
0.460000 0.993278
0.464000 0.993291
0.468000 0.993304
0.472000 0.993317
0.476000 0.993331
0.480000 0.993345
0.484000 0.993359
0.488000 0.993374
0.492000 0.993389
0.496000 0.993405
0.500000 0.993421
0.504000 0.993437
0.508000 0.993454
0.512000 0.993471
0.516000 0.993488
0.520000 0.993506
0.524000 0.993524
0.528000 0.993543
0.532000 0.993562
0.536000 0.993582
0.540000 0.993602
0.544000 0.993622
0.548000 0.993643
0.552000 0.993664
0.556000 0.993686
0.560000 0.993708
0.564000 0.993730
0.568000 0.993753
0.572000 0.993777
0.576000 0.993801
0.580000 0.993825
0.584000 0.993850
0.588000 0.993875
0.592000 0.993901
0.596000 0.993927
0.600000 0.993953
0.604000 0.993980
0.608000 0.994008
0.612000 0.994035
0.616000 0.994064
0.620000 0.994092
0.624000 0.994122
0.628000 0.994151
0.632000 0.994181
0.636000 0.994212
0.640000 0.994243
0.644000 0.994274
0.648000 0.994306
0.652000 0.994338
0.656000 0.994371
0.660000 0.994404
0.664000 0.994437
0.668000 0.994471
0.672000 0.994506
0.676000 0.994540
0.680000 0.994576
0.684000 0.994611
0.688000 0.994647
0.692000 0.994683
0.696000 0.994720
0.700000 0.994757
0.704000 0.994794
0.708000 0.994832
0.712000 0.994870
0.716000 0.994909
0.720000 0.994947
0.724000 0.994987
0.728000 0.995026
0.732000 0.995066
0.736000 0.995106
0.740000 0.995146
0.744000 0.995187
0.748000 0.995228
0.752000 0.995269
0.756000 0.995310
0.760000 0.995352
0.764000 0.995394
0.768000 0.995436
0.772000 0.995479
0.776000 0.995521
0.780000 0.995564
0.784000 0.995607
0.788000 0.995650
0.792000 0.995694
0.796000 0.995737
0.800000 0.995781
0.804000 0.995825
0.808000 0.995869
0.812000 0.995913
0.816000 0.995957
0.820000 0.996002
0.824000 0.996046
0.828000 0.996090
0.832000 0.996135
0.836000 0.996180
0.840000 0.996224
0.844000 0.996269
0.848000 0.996314
0.852000 0.996358
0.856000 0.996403
0.860000 0.996448
0.864000 0.996492
0.868000 0.996537
0.872000 0.996581
0.876000 0.996626
0.880000 0.996670
0.884000 0.996715
0.888000 0.996759
0.892000 0.996803
0.896000 0.996847
0.900000 0.996891
0.904000 0.996935
0.908000 0.996979
0.912000 0.997022
0.916000 0.997066
0.920000 0.997109
0.924000 0.997152
0.928000 0.997195
0.932000 0.997238
0.936000 0.997281
0.940000 0.997323
0.944000 0.997365
0.948000 0.997408
0.952000 0.997450
0.956000 0.997493
0.960000 0.997535
0.964000 0.997579
0.968000 0.997623
0.972000 0.997668
0.976000 0.997715
0.980000 0.997764
0.984000 0.997818
0.988000 0.997877
0.992000 0.997944
0.996000 0.998022
1.000000 0.998116
