-1.000000 0.992919
-0.996000 0.992919
-0.992000 0.992919
-0.988000 0.992919
-0.984000 0.992919
-0.980000 0.992919
-0.976000 0.992919
-0.972000 0.992919
-0.968000 0.992919
-0.964000 0.992919
-0.960000 0.992919
-0.956000 0.992919
-0.952000 0.992919
-0.948000 0.992919
-0.944000 0.992919
-0.940000 0.992919
-0.936000 0.992919
-0.932000 0.992919
-0.928000 0.992919
-0.924000 0.992919
-0.920000 0.992919
-0.916000 0.992919
-0.912000 0.992919
-0.908000 0.992919
-0.904000 0.992919
-0.900000 0.992919
-0.896000 0.992919
-0.892000 0.992919
-0.888000 0.992919
-0.884000 0.992919
-0.880000 0.992919
-0.876000 0.992919
-0.872000 0.992919
-0.868000 0.992919
-0.864000 0.992919
-0.860000 0.992919
-0.856000 0.992919
-0.852000 0.992919
-0.848000 0.992919
-0.844000 0.992919
-0.840000 0.992919
-0.836000 0.992919
-0.832000 0.992919
-0.828000 0.992919
-0.824000 0.992919
-0.820000 0.992919
-0.816000 0.992919
-0.812000 0.992919
-0.808000 0.992919
-0.804000 0.992919
-0.800000 0.992919
-0.796000 0.992919
-0.792000 0.992919
-0.788000 0.992919
-0.784000 0.992919
-0.780000 0.992919
-0.776000 0.992919
-0.772000 0.992919
-0.768000 0.992919
-0.764000 0.992919
-0.760000 0.992919
-0.756000 0.992919
-0.752000 0.992919
-0.748000 0.992919
-0.744000 0.992919
-0.740000 0.992919
-0.736000 0.992919
-0.732000 0.992919
-0.728000 0.992919
-0.724000 0.992919
-0.720000 0.992919
-0.716000 0.992919
-0.712000 0.992919
-0.708000 0.992919
-0.704000 0.992919
-0.700000 0.992919
-0.696000 0.992919
-0.692000 0.992919
-0.688000 0.992919
-0.684000 0.992919
-0.680000 0.992919
-0.676000 0.992919
-0.672000 0.992919
-0.668000 0.992919
-0.664000 0.992919
-0.660000 0.992919
-0.656000 0.992919
-0.652000 0.992919
-0.648000 0.992919
-0.644000 0.992919
-0.640000 0.992919
-0.636000 0.992919
-0.632000 0.992919
-0.628000 0.992919
-0.624000 0.992919
-0.620000 0.992919
-0.616000 0.992919
-0.612000 0.992919
-0.608000 0.992919
-0.604000 0.992919
-0.600000 0.992919
-0.596000 0.992919
-0.592000 0.992919
-0.588000 0.992919
-0.584000 0.992919
-0.580000 0.992919
-0.576000 0.992919
-0.572000 0.992919
-0.568000 0.992919
-0.564000 0.992919
-0.560000 0.992919
-0.556000 0.992919
-0.552000 0.992919
-0.548000 0.992919
-0.544000 0.992919
-0.540000 0.992919
-0.536000 0.992919
-0.532000 0.992919
-0.528000 0.992919
-0.524000 0.992919
-0.520000 0.992919
-0.516000 0.992919
-0.512000 0.992919
-0.508000 0.992919
-0.504000 0.992919
-0.500000 0.992919
-0.496000 0.992919
-0.492000 0.992919
-0.488000 0.992919
-0.484000 0.992919
-0.480000 0.992919
-0.476000 0.992919
-0.472000 0.992919
-0.468000 0.992919
-0.464000 0.992919
-0.460000 0.992919
-0.456000 0.992919
-0.452000 0.992919
-0.448000 0.992919
-0.444000 0.992919
-0.440000 0.992919
-0.436000 0.992919
-0.432000 0.992919
-0.428000 0.992919
-0.424000 0.992919
-0.420000 0.992919
-0.416000 0.992919
-0.412000 0.992919
-0.408000 0.992919
-0.404000 0.992919
-0.400000 0.992919
-0.396000 0.992919
-0.392000 0.992919
-0.388000 0.992919
-0.384000 0.992919
-0.380000 0.992919
-0.376000 0.992919
-0.372000 0.992919
-0.368000 0.992919
-0.364000 0.992919
-0.360000 0.992919
-0.356000 0.992919
-0.352000 0.992919
-0.348000 0.992919
-0.344000 0.992919
-0.340000 0.992919
-0.336000 0.992919
-0.332000 0.992919
-0.328000 0.992919
-0.324000 0.992919
-0.320000 0.992919
-0.316000 0.992919
-0.312000 0.992919
-0.308000 0.992919
-0.304000 0.992919
-0.300000 0.992919
-0.296000 0.992919
-0.292000 0.992919
-0.288000 0.992919
-0.284000 0.992919
-0.280000 0.992919
-0.276000 0.992919
-0.272000 0.992919
-0.268000 0.992919
-0.264000 0.992919
-0.260000 0.992919
-0.256000 0.992919
-0.252000 0.992919
-0.248000 0.992919
-0.244000 0.992919
-0.240000 0.992919
-0.236000 0.992919
-0.232000 0.992919
-0.228000 0.992919
-0.224000 0.992919
-0.220000 0.992919
-0.216000 0.992919
-0.212000 0.992919
-0.208000 0.992919
-0.204000 0.992919
-0.200000 0.992919
-0.196000 0.992919
-0.192000 0.992919
-0.188000 0.992919
-0.184000 0.992919
-0.180000 0.992919
-0.176000 0.992919
-0.172000 0.992919
-0.168000 0.992919
-0.164000 0.992919
-0.160000 0.992920
-0.156000 0.992920
-0.152000 0.992920
-0.148000 0.992920
-0.144000 0.992920
-0.140000 0.992920
-0.136000 0.992920
-0.132000 0.992920
-0.128000 0.992920
-0.124000 0.992920
-0.120000 0.992920
-0.116000 0.992920
-0.112000 0.992920
-0.108000 0.992920
-0.104000 0.992921
-0.100000 0.992921
-0.096000 0.992921
-0.092000 0.992921
-0.088000 0.992921
-0.084000 0.992921
-0.080000 0.992921
-0.076000 0.992922
-0.072000 0.992922
-0.068000 0.992922
-0.064000 0.992922
-0.060000 0.992922
-0.056000 0.992923
-0.052000 0.992923
-0.048000 0.992923
-0.044000 0.992923
-0.040000 0.992924
-0.036000 0.992924
-0.032000 0.992924
-0.028000 0.992925
-0.024000 0.992925
-0.020000 0.992925
-0.016000 0.992926
-0.012000 0.992926
-0.008000 0.992927
-0.004000 0.992927
0.000000 0.992928
0.004000 0.992928
0.008000 0.992929
0.012000 0.992930
0.016000 0.992930
0.020000 0.992931
0.024000 0.992932
0.028000 0.992933
0.032000 0.992933
0.036000 0.992934
0.040000 0.992935
0.044000 0.992936
0.048000 0.992937
0.052000 0.992938
0.056000 0.992940
0.060000 0.992941
0.064000 0.992942
0.068000 0.992943
0.072000 0.992945
0.076000 0.992946
0.080000 0.992948
0.084000 0.992949
0.088000 0.992951
0.092000 0.992953
0.096000 0.992955
0.100000 0.992957
0.104000 0.992959
0.108000 0.992961
0.112000 0.992963
0.116000 0.992965
0.120000 0.992968
0.124000 0.992971
0.128000 0.992973
0.132000 0.992976
0.136000 0.992979
0.140000 0.992982
0.144000 0.992985
0.148000 0.992989
0.152000 0.992992
0.156000 0.992996
0.160000 0.993000
0.164000 0.993003
0.168000 0.993008
0.172000 0.993012
0.176000 0.993016
0.180000 0.993021
0.184000 0.993026
0.188000 0.993031
0.192000 0.993036
0.196000 0.993041
0.200000 0.993047
0.204000 0.993053
0.208000 0.993059
0.212000 0.993065
0.216000 0.993072
0.220000 0.993078
0.224000 0.993085
0.228000 0.993093
0.232000 0.993100
0.236000 0.993108
0.240000 0.993116
0.244000 0.993124
0.248000 0.993133
0.252000 0.993142
0.256000 0.993151
0.260000 0.993160
0.264000 0.993170
0.268000 0.993180
0.272000 0.993191
0.276000 0.993201
0.280000 0.993213
0.284000 0.993224
0.288000 0.993236
0.292000 0.993248
0.296000 0.993260
0.300000 0.993273
0.304000 0.993286
0.308000 0.993300
0.312000 0.993314
0.316000 0.993328
0.320000 0.993343
0.324000 0.993358
0.328000 0.993374
0.332000 0.993390
0.336000 0.993407
0.340000 0.993423
0.344000 0.993441
0.348000 0.993458
0.352000 0.993477
0.356000 0.993495
0.360000 0.993514
0.364000 0.993534
0.368000 0.993554
0.372000 0.993574
0.376000 0.993595
0.380000 0.993616
0.384000 0.993638
0.388000 0.993661
0.392000 0.993683
0.396000 0.993707
0.400000 0.993731
0.404000 0.993755
0.408000 0.993780
0.412000 0.993805
0.416000 0.993831
0.420000 0.993857
0.424000 0.993884
0.428000 0.993911
0.432000 0.993938
0.436000 0.993967
0.440000 0.993995
0.444000 0.994025
0.448000 0.994054
0.452000 0.994085
0.456000 0.994115
0.460000 0.994146
0.464000 0.994178
0.468000 0.994210
0.472000 0.994243
0.476000 0.994276
0.480000 0.994310
0.484000 0.994344
0.488000 0.994378
0.492000 0.994413
0.496000 0.994449
0.500000 0.994485
0.504000 0.994521
0.508000 0.994558
0.512000 0.994595
0.516000 0.994633
0.520000 0.994671
0.524000 0.994709
0.528000 0.994748
0.532000 0.994788
0.536000 0.994828
0.540000 0.994868
0.544000 0.994908
0.548000 0.994949
0.552000 0.994990
0.556000 0.995032
0.560000 0.995074
0.564000 0.995116
0.568000 0.995159
0.572000 0.995202
0.576000 0.995245
0.580000 0.995289
0.584000 0.995333
0.588000 0.995377
0.592000 0.995421
0.596000 0.995466
0.600000 0.995511
0.604000 0.995556
0.608000 0.995601
0.612000 0.995647
0.616000 0.995692
0.620000 0.995738
0.624000 0.995784
0.628000 0.995831
0.632000 0.995877
0.636000 0.995923
0.640000 0.995970
0.644000 0.996017
0.648000 0.996064
0.652000 0.996110
0.656000 0.996157
0.660000 0.996204
0.664000 0.996251
0.668000 0.996298
0.672000 0.996346
0.676000 0.996393
0.680000 0.996440
0.684000 0.996487
0.688000 0.996534
0.692000 0.996581
0.696000 0.996628
0.700000 0.996674
0.704000 0.996721
0.708000 0.996768
0.712000 0.996814
0.716000 0.996861
0.720000 0.996907
0.724000 0.996953
0.728000 0.996999
0.732000 0.997045
0.736000 0.997090
0.740000 0.997136
0.744000 0.997181
0.748000 0.997226
0.752000 0.997270
0.756000 0.997315
0.760000 0.997359
0.764000 0.997403
0.768000 0.997447
0.772000 0.997490
0.776000 0.997533
0.780000 0.997576
0.784000 0.997618
0.788000 0.997661
0.792000 0.997703
0.796000 0.997744
0.800000 0.997785
0.804000 0.997826
0.808000 0.997866
0.812000 0.997907
0.816000 0.997946
0.820000 0.997986
0.824000 0.998025
0.828000 0.998063
0.832000 0.998101
0.836000 0.998139
0.840000 0.998176
0.844000 0.998213
0.848000 0.998250
0.852000 0.998286
0.856000 0.998321
0.860000 0.998357
0.864000 0.998391
0.868000 0.998426
0.872000 0.998460
0.876000 0.998493
0.880000 0.998526
0.884000 0.998559
0.888000 0.998591
0.892000 0.998622
0.896000 0.998654
0.900000 0.998684
0.904000 0.998715
0.908000 0.998745
0.912000 0.998774
0.916000 0.998803
0.920000 0.998831
0.924000 0.998859
0.928000 0.998887
0.932000 0.998914
0.936000 0.998941
0.940000 0.998967
0.944000 0.998993
0.948000 0.999019
0.952000 0.999044
0.956000 0.999069
0.960000 0.999093
0.964000 0.999118
0.968000 0.999143
0.972000 0.999168
0.976000 0.999193
0.980000 0.999220
0.984000 0.999248
0.988000 0.999279
0.992000 0.999314
0.996000 0.999354
1.000000 0.999403
