-1.000000 0.992919
-0.996000 0.992919
-0.992000 0.992919
-0.988000 0.992919
-0.984000 0.992919
-0.980000 0.992919
-0.976000 0.992919
-0.972000 0.992919
-0.968000 0.992919
-0.964000 0.992919
-0.960000 0.992919
-0.956000 0.992919
-0.952000 0.992919
-0.948000 0.992919
-0.944000 0.992919
-0.940000 0.992919
-0.936000 0.992919
-0.932000 0.992919
-0.928000 0.992919
-0.924000 0.992919
-0.920000 0.992919
-0.916000 0.992919
-0.912000 0.992919
-0.908000 0.992919
-0.904000 0.992919
-0.900000 0.992919
-0.896000 0.992919
-0.892000 0.992919
-0.888000 0.992919
-0.884000 0.992919
-0.880000 0.992919
-0.876000 0.992919
-0.872000 0.992919
-0.868000 0.992919
-0.864000 0.992919
-0.860000 0.992919
-0.856000 0.992919
-0.852000 0.992919
-0.848000 0.992919
-0.844000 0.992919
-0.840000 0.992919
-0.836000 0.992919
-0.832000 0.992919
-0.828000 0.992919
-0.824000 0.992919
-0.820000 0.992919
-0.816000 0.992919
-0.812000 0.992919
-0.808000 0.992919
-0.804000 0.992919
-0.800000 0.992919
-0.796000 0.992919
-0.792000 0.992919
-0.788000 0.992919
-0.784000 0.992919
-0.780000 0.992919
-0.776000 0.992919
-0.772000 0.992919
-0.768000 0.992919
-0.764000 0.992919
-0.760000 0.992919
-0.756000 0.992919
-0.752000 0.992919
-0.748000 0.992919
-0.744000 0.992919
-0.740000 0.992919
-0.736000 0.992919
-0.732000 0.992919
-0.728000 0.992919
-0.724000 0.992919
-0.720000 0.992919
-0.716000 0.992919
-0.712000 0.992919
-0.708000 0.992919
-0.704000 0.992919
-0.700000 0.992919
-0.696000 0.992919
-0.692000 0.992919
-0.688000 0.992919
-0.684000 0.992919
-0.680000 0.992919
-0.676000 0.992919
-0.672000 0.992919
-0.668000 0.992919
-0.664000 0.992919
-0.660000 0.992919
-0.656000 0.992919
-0.652000 0.992919
-0.648000 0.992919
-0.644000 0.992919
-0.640000 0.992919
-0.636000 0.992919
-0.632000 0.992919
-0.628000 0.992919
-0.624000 0.992919
-0.620000 0.992919
-0.616000 0.992919
-0.612000 0.992919
-0.608000 0.992919
-0.604000 0.992919
-0.600000 0.992919
-0.596000 0.992919
-0.592000 0.992919
-0.588000 0.992919
-0.584000 0.992919
-0.580000 0.992919
-0.576000 0.992919
-0.572000 0.992919
-0.568000 0.992919
-0.564000 0.992919
-0.560000 0.992919
-0.556000 0.992919
-0.552000 0.992919
-0.548000 0.992919
-0.544000 0.992919
-0.540000 0.992919
-0.536000 0.992919
-0.532000 0.992919
-0.528000 0.992919
-0.524000 0.992919
-0.520000 0.992919
-0.516000 0.992919
-0.512000 0.992919
-0.508000 0.992919
-0.504000 0.992919
-0.500000 0.992919
-0.496000 0.992919
-0.492000 0.992919
-0.488000 0.992919
-0.484000 0.992919
-0.480000 0.992919
-0.476000 0.992919
-0.472000 0.992919
-0.468000 0.992919
-0.464000 0.992919
-0.460000 0.992919
-0.456000 0.992919
-0.452000 0.992919
-0.448000 0.992919
-0.444000 0.992919
-0.440000 0.992919
-0.436000 0.992919
-0.432000 0.992919
-0.428000 0.992919
-0.424000 0.992919
-0.420000 0.992919
-0.416000 0.992919
-0.412000 0.992919
-0.408000 0.992919
-0.404000 0.992919
-0.400000 0.992919
-0.396000 0.992919
-0.392000 0.992919
-0.388000 0.992919
-0.384000 0.992919
-0.380000 0.992919
-0.376000 0.992919
-0.372000 0.992919
-0.368000 0.992919
-0.364000 0.992919
-0.360000 0.992919
-0.356000 0.992919
-0.352000 0.992919
-0.348000 0.992919
-0.344000 0.992919
-0.340000 0.992919
-0.336000 0.992919
-0.332000 0.992919
-0.328000 0.992919
-0.324000 0.992919
-0.320000 0.992920
-0.316000 0.992920
-0.312000 0.992920
-0.308000 0.992920
-0.304000 0.992920
-0.300000 0.992920
-0.296000 0.992920
-0.292000 0.992920
-0.288000 0.992920
-0.284000 0.992920
-0.280000 0.992920
-0.276000 0.992920
-0.272000 0.992920
-0.268000 0.992920
-0.264000 0.992921
-0.260000 0.992921
-0.256000 0.992921
-0.252000 0.992921
-0.248000 0.992921
-0.244000 0.992921
-0.240000 0.992922
-0.236000 0.992922
-0.232000 0.992922
-0.228000 0.992922
-0.224000 0.992922
-0.220000 0.992923
-0.216000 0.992923
-0.212000 0.992923
-0.208000 0.992924
-0.204000 0.992924
-0.200000 0.992924
-0.196000 0.992925
-0.192000 0.992925
-0.188000 0.992925
-0.184000 0.992926
-0.180000 0.992926
-0.176000 0.992927
-0.172000 0.992928
-0.168000 0.992928
-0.164000 0.992929
-0.160000 0.992929
-0.156000 0.992930
-0.152000 0.992931
-0.148000 0.992932
-0.144000 0.992933
-0.140000 0.992933
-0.136000 0.992934
-0.132000 0.992935
-0.128000 0.992937
-0.124000 0.992938
-0.120000 0.992939
-0.116000 0.992940
-0.112000 0.992941
-0.108000 0.992943
-0.104000 0.992944
-0.100000 0.992946
-0.096000 0.992948
-0.092000 0.992949
-0.088000 0.992951
-0.084000 0.992953
-0.080000 0.992955
-0.076000 0.992957
-0.072000 0.992960
-0.068000 0.992962
-0.064000 0.992964
-0.060000 0.992967
-0.056000 0.992970
-0.052000 0.992973
-0.048000 0.992976
-0.044000 0.992979
-0.040000 0.992982
-0.036000 0.992986
-0.032000 0.992989
-0.028000 0.992993
-0.024000 0.992997
-0.020000 0.993001
-0.016000 0.993006
-0.012000 0.993010
-0.008000 0.993015
-0.004000 0.993020
0.000000 0.993025
0.004000 0.993030
0.008000 0.993036
0.012000 0.993042
0.016000 0.993048
0.020000 0.993054
0.024000 0.993061
0.028000 0.993068
0.032000 0.993075
0.036000 0.993082
0.040000 0.993090
0.044000 0.993098
0.048000 0.993106
0.052000 0.993115
0.056000 0.993124
0.060000 0.993133
0.064000 0.993143
0.068000 0.993153
0.072000 0.993163
0.076000 0.993174
0.080000 0.993185
0.084000 0.993196
0.088000 0.993208
0.092000 0.993220
0.096000 0.993233
0.100000 0.993246
0.104000 0.993259
0.108000 0.993273
0.112000 0.993288
0.116000 0.993302
0.120000 0.993318
0.124000 0.993333
0.128000 0.993349
0.132000 0.993366
0.136000 0.993383
0.140000 0.993401
0.144000 0.993419
0.148000 0.993437
0.152000 0.993456
0.156000 0.993476
0.160000 0.993496
0.164000 0.993516
0.168000 0.993537
0.172000 0.993559
0.176000 0.993581
0.180000 0.993604
0.184000 0.993627
0.188000 0.993651
0.192000 0.993676
0.196000 0.993701
0.200000 0.993726
0.204000 0.993752
0.208000 0.993779
0.212000 0.993806
0.216000 0.993834
0.220000 0.993862
0.224000 0.993891
0.228000 0.993921
0.232000 0.993951
0.236000 0.993981
0.240000 0.994013
0.244000 0.994044
0.248000 0.994077
0.252000 0.994110
0.256000 0.994143
0.260000 0.994177
0.264000 0.994212
0.268000 0.994247
0.272000 0.994283
0.276000 0.994319
0.280000 0.994356
0.284000 0.994394
0.288000 0.994432
0.292000 0.994470
0.296000 0.994509
0.300000 0.994548
0.304000 0.994589
0.308000 0.994629
0.312000 0.994670
0.316000 0.994712
0.320000 0.994754
0.324000 0.994796
0.328000 0.994839
0.332000 0.994882
0.336000 0.994926
0.340000 0.994970
0.344000 0.995015
0.348000 0.995060
0.352000 0.995105
0.356000 0.995151
0.360000 0.995197
0.364000 0.995244
0.368000 0.995291
0.372000 0.995338
0.376000 0.995385
0.380000 0.995433
0.384000 0.995481
0.388000 0.995530
0.392000 0.995578
0.396000 0.995627
0.400000 0.995676
0.404000 0.995725
0.408000 0.995775
0.412000 0.995825
0.416000 0.995874
0.420000 0.995924
0.424000 0.995974
0.428000 0.996025
0.432000 0.996075
0.436000 0.996125
0.440000 0.996176
0.444000 0.996226
0.448000 0.996277
0.452000 0.996328
0.456000 0.996378
0.460000 0.996429
0.464000 0.996479
0.468000 0.996530
0.472000 0.996580
0.476000 0.996631
0.480000 0.996681
0.484000 0.996731
0.488000 0.996781
0.492000 0.996831
0.496000 0.996881
0.500000 0.996930
0.504000 0.996980
0.508000 0.997029
0.512000 0.997078
0.516000 0.997127
0.520000 0.997175
0.524000 0.997223
0.528000 0.997271
0.532000 0.997319
0.536000 0.997367
0.540000 0.997414
0.544000 0.997461
0.548000 0.997507
0.552000 0.997553
0.556000 0.997599
0.560000 0.997644
0.564000 0.997689
0.568000 0.997734
0.572000 0.997778
0.576000 0.997822
0.580000 0.997865
0.584000 0.997908
0.588000 0.997951
0.592000 0.997993
0.596000 0.998035
0.600000 0.998076
0.604000 0.998117
0.608000 0.998157
0.612000 0.998197
0.616000 0.998236
0.620000 0.998275
0.624000 0.998313
0.628000 0.998351
0.632000 0.998388
0.636000 0.998425
0.640000 0.998462
0.644000 0.998497
0.648000 0.998533
0.652000 0.998567
0.656000 0.998602
0.660000 0.998635
0.664000 0.998669
0.668000 0.998701
0.672000 0.998733
0.676000 0.998765
0.680000 0.998796
0.684000 0.998827
0.688000 0.998857
0.692000 0.998886
0.696000 0.998915
0.700000 0.998944
0.704000 0.998972
0.708000 0.998999
0.712000 0.999026
0.716000 0.999052
0.720000 0.999078
0.724000 0.999104
0.728000 0.999129
0.732000 0.999153
0.736000 0.999177
0.740000 0.999200
0.744000 0.999223
0.748000 0.999245
0.752000 0.999267
0.756000 0.999289
0.760000 0.999310
0.764000 0.999330
0.768000 0.999350
0.772000 0.999370
0.776000 0.999389
0.780000 0.999407
0.784000 0.999426
0.788000 0.999443
0.792000 0.999461
0.796000 0.999478
0.800000 0.999494
0.804000 0.999510
0.808000 0.999526
0.812000 0.999541
0.816000 0.999556
0.820000 0.999571
0.824000 0.999585
0.828000 0.999598
0.832000 0.999612
0.836000 0.999625
0.840000 0.999637
0.844000 0.999650
0.848000 0.999662
0.852000 0.999673
0.856000 0.999685
0.860000 0.999696
0.864000 0.999706
0.868000 0.999717
0.872000 0.999727
0.876000 0.999736
0.880000 0.999746
0.884000 0.999755
0.888000 0.999764
0.892000 0.999772
0.896000 0.999781
0.900000 0.999789
0.904000 0.999797
0.908000 0.999804
0.912000 0.999812
0.916000 0.999819
0.920000 0.999826
0.924000 0.999832
0.928000 0.999839
0.932000 0.999845
0.936000 0.999851
0.940000 0.999857
0.944000 0.999862
0.948000 0.999868
0.952000 0.999873
0.956000 0.999878
0.960000 0.999883
0.964000 0.999888
0.968000 0.999893
0.972000 0.999898
0.976000 0.999902
0.980000 0.999907
0.984000 0.999912
0.988000 0.999918
0.992000 0.999924
0.996000 0.999931
1.000000 0.999939
