-1.000000 0.997928
-0.996000 0.997928
-0.992000 0.997928
-0.988000 0.997928
-0.984000 0.997928
-0.980000 0.997928
-0.976000 0.997928
-0.972000 0.997928
-0.968000 0.997928
-0.964000 0.997928
-0.960000 0.997928
-0.956000 0.997928
-0.952000 0.997928
-0.948000 0.997928
-0.944000 0.997928
-0.940000 0.997928
-0.936000 0.997928
-0.932000 0.997928
-0.928000 0.997928
-0.924000 0.997928
-0.920000 0.997928
-0.916000 0.997928
-0.912000 0.997928
-0.908000 0.997928
-0.904000 0.997928
-0.900000 0.997928
-0.896000 0.997928
-0.892000 0.997928
-0.888000 0.997928
-0.884000 0.997928
-0.880000 0.997928
-0.876000 0.997928
-0.872000 0.997928
-0.868000 0.997928
-0.864000 0.997928
-0.860000 0.997928
-0.856000 0.997928
-0.852000 0.997928
-0.848000 0.997928
-0.844000 0.997928
-0.840000 0.997928
-0.836000 0.997928
-0.832000 0.997928
-0.828000 0.997928
-0.824000 0.997928
-0.820000 0.997928
-0.816000 0.997928
-0.812000 0.997928
-0.808000 0.997928
-0.804000 0.997928
-0.800000 0.997928
-0.796000 0.997928
-0.792000 0.997928
-0.788000 0.997928
-0.784000 0.997928
-0.780000 0.997928
-0.776000 0.997928
-0.772000 0.997928
-0.768000 0.997928
-0.764000 0.997928
-0.760000 0.997928
-0.756000 0.997928
-0.752000 0.997928
-0.748000 0.997928
-0.744000 0.997928
-0.740000 0.997928
-0.736000 0.997928
-0.732000 0.997928
-0.728000 0.997928
-0.724000 0.997928
-0.720000 0.997928
-0.716000 0.997928
-0.712000 0.997928
-0.708000 0.997928
-0.704000 0.997928
-0.700000 0.997928
-0.696000 0.997928
-0.692000 0.997928
-0.688000 0.997928
-0.684000 0.997928
-0.680000 0.997928
-0.676000 0.997928
-0.672000 0.997928
-0.668000 0.997928
-0.664000 0.997928
-0.660000 0.997928
-0.656000 0.997928
-0.652000 0.997928
-0.648000 0.997928
-0.644000 0.997928
-0.640000 0.997928
-0.636000 0.997928
-0.632000 0.997928
-0.628000 0.997928
-0.624000 0.997928
-0.620000 0.997928
-0.616000 0.997928
-0.612000 0.997928
-0.608000 0.997928
-0.604000 0.997928
-0.600000 0.997928
-0.596000 0.997928
-0.592000 0.997928
-0.588000 0.997928
-0.584000 0.997928
-0.580000 0.997928
-0.576000 0.997928
-0.572000 0.997928
-0.568000 0.997928
-0.564000 0.997928
-0.560000 0.997928
-0.556000 0.997928
-0.552000 0.997928
-0.548000 0.997928
-0.544000 0.997928
-0.540000 0.997928
-0.536000 0.997928
-0.532000 0.997928
-0.528000 0.997928
-0.524000 0.997928
-0.520000 0.997928
-0.516000 0.997928
-0.512000 0.997928
-0.508000 0.997928
-0.504000 0.997928
-0.500000 0.997928
-0.496000 0.997928
-0.492000 0.997928
-0.488000 0.997928
-0.484000 0.997928
-0.480000 0.997928
-0.476000 0.997928
-0.472000 0.997928
-0.468000 0.997928
-0.464000 0.997928
-0.460000 0.997928
-0.456000 0.997928
-0.452000 0.997928
-0.448000 0.997928
-0.444000 0.997928
-0.440000 0.997928
-0.436000 0.997928
-0.432000 0.997928
-0.428000 0.997928
-0.424000 0.997928
-0.420000 0.997928
-0.416000 0.997928
-0.412000 0.997928
-0.408000 0.997928
-0.404000 0.997928
-0.400000 0.997928
-0.396000 0.997928
-0.392000 0.997928
-0.388000 0.997928
-0.384000 0.997928
-0.380000 0.997928
-0.376000 0.997928
-0.372000 0.997928
-0.368000 0.997928
-0.364000 0.997928
-0.360000 0.997928
-0.356000 0.997928
-0.352000 0.997928
-0.348000 0.997928
-0.344000 0.997928
-0.340000 0.997928
-0.336000 0.997928
-0.332000 0.997928
-0.328000 0.997928
-0.324000 0.997928
-0.320000 0.997928
-0.316000 0.997928
-0.312000 0.997928
-0.308000 0.997928
-0.304000 0.997928
-0.300000 0.997928
-0.296000 0.997928
-0.292000 0.997928
-0.288000 0.997928
-0.284000 0.997928
-0.280000 0.997928
-0.276000 0.997928
-0.272000 0.997928
-0.268000 0.997928
-0.264000 0.997928
-0.260000 0.997928
-0.256000 0.997928
-0.252000 0.997928
-0.248000 0.997928
-0.244000 0.997928
-0.240000 0.997928
-0.236000 0.997928
-0.232000 0.997928
-0.228000 0.997928
-0.224000 0.997928
-0.220000 0.997928
-0.216000 0.997928
-0.212000 0.997928
-0.208000 0.997928
-0.204000 0.997928
-0.200000 0.997928
-0.196000 0.997928
-0.192000 0.997928
-0.188000 0.997928
-0.184000 0.997928
-0.180000 0.997928
-0.176000 0.997928
-0.172000 0.997928
-0.168000 0.997928
-0.164000 0.997928
-0.160000 0.997928
-0.156000 0.997928
-0.152000 0.997928
-0.148000 0.997928
-0.144000 0.997928
-0.140000 0.997928
-0.136000 0.997928
-0.132000 0.997928
-0.128000 0.997928
-0.124000 0.997928
-0.120000 0.997928
-0.116000 0.997928
-0.112000 0.997928
-0.108000 0.997928
-0.104000 0.997928
-0.100000 0.997928
-0.096000 0.997928
-0.092000 0.997928
-0.088000 0.997927
-0.084000 0.997927
-0.080000 0.997927
-0.076000 0.997927
-0.072000 0.997927
-0.068000 0.997927
-0.064000 0.997927
-0.060000 0.997927
-0.056000 0.997927
-0.052000 0.997927
-0.048000 0.997927
-0.044000 0.997927
-0.040000 0.997927
-0.036000 0.997927
-0.032000 0.997927
-0.028000 0.997926
-0.024000 0.997926
-0.020000 0.997926
-0.016000 0.997926
-0.012000 0.997926
-0.008000 0.997926
-0.004000 0.997926
0.000000 0.997925
0.004000 0.997925
0.008000 0.997925
0.012000 0.997925
0.016000 0.997925
0.020000 0.997924
0.024000 0.997924
0.028000 0.997924
0.032000 0.997924
0.036000 0.997923
0.040000 0.997923
0.044000 0.997923
0.048000 0.997922
0.052000 0.997922
0.056000 0.997922
0.060000 0.997921
0.064000 0.997921
0.068000 0.997920
0.072000 0.997920
0.076000 0.997919
0.080000 0.997919
0.084000 0.997918
0.088000 0.997918
0.092000 0.997917
0.096000 0.997916
0.100000 0.997916
0.104000 0.997915
0.108000 0.997914
0.112000 0.997913
0.116000 0.997912
0.120000 0.997911
0.124000 0.997910
0.128000 0.997909
0.132000 0.997908
0.136000 0.997907
0.140000 0.997906
0.144000 0.997905
0.148000 0.997904
0.152000 0.997902
0.156000 0.997901
0.160000 0.997899
0.164000 0.997898
0.168000 0.997896
0.172000 0.997894
0.176000 0.997892
0.180000 0.997891
0.184000 0.997889
0.188000 0.997886
0.192000 0.997884
0.196000 0.997882
0.200000 0.997880
0.204000 0.997877
0.208000 0.997875
0.212000 0.997872
0.216000 0.997869
0.220000 0.997866
0.224000 0.997863
0.228000 0.997860
0.232000 0.997856
0.236000 0.997853
0.240000 0.997849
0.244000 0.997846
0.248000 0.997842
0.252000 0.997838
0.256000 0.997833
0.260000 0.997829
0.264000 0.997824
0.268000 0.997820
0.272000 0.997815
0.276000 0.997810
0.280000 0.997804
0.284000 0.997799
0.288000 0.997793
0.292000 0.997787
0.296000 0.997781
0.300000 0.997774
0.304000 0.997768
0.308000 0.997761
0.312000 0.997754
0.316000 0.997747
0.320000 0.997739
0.324000 0.997731
0.328000 0.997723
0.332000 0.997715
0.336000 0.997706
0.340000 0.997697
0.344000 0.997688
0.348000 0.997678
0.352000 0.997668
0.356000 0.997658
0.360000 0.997648
0.364000 0.997637
0.368000 0.997626
0.372000 0.997615
0.376000 0.997603
0.380000 0.997591
0.384000 0.997578
0.388000 0.997566
0.392000 0.997552
0.396000 0.997539
0.400000 0.997525
0.404000 0.997511
0.408000 0.997496
0.412000 0.997481
0.416000 0.997465
0.420000 0.997450
0.424000 0.997433
0.428000 0.997417
0.432000 0.997399
0.436000 0.997382
0.440000 0.997364
0.444000 0.997346
0.448000 0.997327
0.452000 0.997308
0.456000 0.997288
0.460000 0.997268
0.464000 0.997247
0.468000 0.997226
0.472000 0.997205
0.476000 0.997183
0.480000 0.997160
0.484000 0.997137
0.488000 0.997114
0.492000 0.997090
0.496000 0.997066
0.500000 0.997041
0.504000 0.997016
0.508000 0.996990
0.512000 0.996964
0.516000 0.996937
0.520000 0.996910
0.524000 0.996882
0.528000 0.996854
0.532000 0.996826
0.536000 0.996797
0.540000 0.996767
0.544000 0.996737
0.548000 0.996707
0.552000 0.996676
0.556000 0.996644
0.560000 0.996612
0.564000 0.996580
0.568000 0.996547
0.572000 0.996514
0.576000 0.996480
0.580000 0.996446
0.584000 0.996411
0.588000 0.996376
0.592000 0.996341
0.596000 0.996305
0.600000 0.996269
0.604000 0.996232
0.608000 0.996195
0.612000 0.996157
0.616000 0.996119
0.620000 0.996081
0.624000 0.996042
0.628000 0.996003
0.632000 0.995964
0.636000 0.995924
0.640000 0.995883
0.644000 0.995843
0.648000 0.995802
0.652000 0.995761
0.656000 0.995719
0.660000 0.995678
0.664000 0.995635
0.668000 0.995593
0.672000 0.995550
0.676000 0.995508
0.680000 0.995464
0.684000 0.995421
0.688000 0.995377
0.692000 0.995334
0.696000 0.995289
0.700000 0.995245
0.704000 0.995201
0.708000 0.995156
0.712000 0.995111
0.716000 0.995066
0.720000 0.995021
0.724000 0.994976
0.728000 0.994931
0.732000 0.994886
0.736000 0.994840
0.740000 0.994795
0.744000 0.994749
0.748000 0.994703
0.752000 0.994658
0.756000 0.994612
0.760000 0.994566
0.764000 0.994521
0.768000 0.994475
0.772000 0.994430
0.776000 0.994384
0.780000 0.994338
0.784000 0.994293
0.788000 0.994248
0.792000 0.994202
0.796000 0.994157
0.800000 0.994112
0.804000 0.994067
0.808000 0.994022
0.812000 0.993978
0.816000 0.993933
0.820000 0.993889
0.824000 0.993845
0.828000 0.993801
0.832000 0.993757
0.836000 0.993714
0.840000 0.993670
0.844000 0.993627
0.848000 0.993585
0.852000 0.993542
0.856000 0.993500
0.860000 0.993458
0.864000 0.993416
0.868000 0.993375
0.872000 0.993334
0.876000 0.993293
0.880000 0.993253
0.884000 0.993212
0.888000 0.993173
0.892000 0.993133
0.896000 0.993094
0.900000 0.993056
0.904000 0.993017
0.908000 0.992979
0.912000 0.992942
0.916000 0.992904
0.920000 0.992868
0.924000 0.992831
0.928000 0.992795
0.932000 0.992759
0.936000 0.992724
0.940000 0.992689
0.944000 0.992654
0.948000 0.992620
0.952000 0.992586
0.956000 0.992552
0.960000 0.992518
0.964000 0.992484
0.968000 0.992450
0.972000 0.992415
0.976000 0.992379
0.980000 0.992341
0.984000 0.992301
0.988000 0.992257
0.992000 0.992207
0.996000 0.992149
1.000000 0.992079
