-1.000000 0.991037
-0.996000 0.991037
-0.992000 0.991037
-0.988000 0.991037
-0.984000 0.991037
-0.980000 0.991037
-0.976000 0.991037
-0.972000 0.991037
-0.968000 0.991037
-0.964000 0.991037
-0.960000 0.991037
-0.956000 0.991037
-0.952000 0.991037
-0.948000 0.991037
-0.944000 0.991037
-0.940000 0.991037
-0.936000 0.991037
-0.932000 0.991037
-0.928000 0.991037
-0.924000 0.991037
-0.920000 0.991037
-0.916000 0.991037
-0.912000 0.991037
-0.908000 0.991037
-0.904000 0.991037
-0.900000 0.991037
-0.896000 0.991037
-0.892000 0.991037
-0.888000 0.991037
-0.884000 0.991037
-0.880000 0.991037
-0.876000 0.991037
-0.872000 0.991037
-0.868000 0.991037
-0.864000 0.991037
-0.860000 0.991037
-0.856000 0.991037
-0.852000 0.991037
-0.848000 0.991037
-0.844000 0.991037
-0.840000 0.991037
-0.836000 0.991037
-0.832000 0.991037
-0.828000 0.991037
-0.824000 0.991037
-0.820000 0.991037
-0.816000 0.991037
-0.812000 0.991037
-0.808000 0.991037
-0.804000 0.991037
-0.800000 0.991037
-0.796000 0.991037
-0.792000 0.991037
-0.788000 0.991037
-0.784000 0.991037
-0.780000 0.991037
-0.776000 0.991037
-0.772000 0.991037
-0.768000 0.991037
-0.764000 0.991037
-0.760000 0.991037
-0.756000 0.991037
-0.752000 0.991037
-0.748000 0.991037
-0.744000 0.991037
-0.740000 0.991037
-0.736000 0.991037
-0.732000 0.991037
-0.728000 0.991037
-0.724000 0.991037
-0.720000 0.991037
-0.716000 0.991037
-0.712000 0.991037
-0.708000 0.991037
-0.704000 0.991037
-0.700000 0.991037
-0.696000 0.991037
-0.692000 0.991037
-0.688000 0.991037
-0.684000 0.991037
-0.680000 0.991037
-0.676000 0.991037
-0.672000 0.991037
-0.668000 0.991037
-0.664000 0.991037
-0.660000 0.991037
-0.656000 0.991037
-0.652000 0.991037
-0.648000 0.991037
-0.644000 0.991037
-0.640000 0.991037
-0.636000 0.991037
-0.632000 0.991037
-0.628000 0.991037
-0.624000 0.991037
-0.620000 0.991037
-0.616000 0.991037
-0.612000 0.991037
-0.608000 0.991038
-0.604000 0.991038
-0.600000 0.991038
-0.596000 0.991038
-0.592000 0.991038
-0.588000 0.991038
-0.584000 0.991038
-0.580000 0.991038
-0.576000 0.991038
-0.572000 0.991038
-0.568000 0.991038
-0.564000 0.991039
-0.560000 0.991039
-0.556000 0.991039
-0.552000 0.991039
-0.548000 0.991039
-0.544000 0.991039
-0.540000 0.991040
-0.536000 0.991040
-0.532000 0.991040
-0.528000 0.991040
-0.524000 0.991041
-0.520000 0.991041
-0.516000 0.991041
-0.512000 0.991042
-0.508000 0.991042
-0.504000 0.991043
-0.500000 0.991043
-0.496000 0.991044
-0.492000 0.991044
-0.488000 0.991045
-0.484000 0.991046
-0.480000 0.991046
-0.476000 0.991047
-0.472000 0.991048
-0.468000 0.991049
-0.464000 0.991050
-0.460000 0.991051
-0.456000 0.991052
-0.452000 0.991053
-0.448000 0.991054
-0.444000 0.991055
-0.440000 0.991057
-0.436000 0.991058
-0.432000 0.991060
-0.428000 0.991061
-0.424000 0.991063
-0.420000 0.991065
-0.416000 0.991067
-0.412000 0.991069
-0.408000 0.991071
-0.404000 0.991074
-0.400000 0.991076
-0.396000 0.991079
-0.392000 0.991081
-0.388000 0.991084
-0.384000 0.991087
-0.380000 0.991091
-0.376000 0.991094
-0.372000 0.991098
-0.368000 0.991102
-0.364000 0.991106
-0.360000 0.991110
-0.356000 0.991114
-0.352000 0.991119
-0.348000 0.991124
-0.344000 0.991129
-0.340000 0.991134
-0.336000 0.991140
-0.332000 0.991146
-0.328000 0.991152
-0.324000 0.991159
-0.320000 0.991165
-0.316000 0.991172
-0.312000 0.991180
-0.308000 0.991187
-0.304000 0.991195
-0.300000 0.991203
-0.296000 0.991212
-0.292000 0.991221
-0.288000 0.991230
-0.284000 0.991240
-0.280000 0.991250
-0.276000 0.991260
-0.272000 0.991271
-0.268000 0.991282
-0.264000 0.991294
-0.260000 0.991306
-0.256000 0.991318
-0.252000 0.991331
-0.248000 0.991344
-0.244000 0.991358
-0.240000 0.991372
-0.236000 0.991387
-0.232000 0.991402
-0.228000 0.991417
-0.224000 0.991433
-0.220000 0.991449
-0.216000 0.991466
-0.212000 0.991483
-0.208000 0.991501
-0.204000 0.991519
-0.200000 0.991538
-0.196000 0.991557
-0.192000 0.991577
-0.188000 0.991597
-0.184000 0.991617
-0.180000 0.991638
-0.176000 0.991660
-0.172000 0.991682
-0.168000 0.991704
-0.164000 0.991727
-0.160000 0.991750
-0.156000 0.991774
-0.152000 0.991798
-0.148000 0.991823
-0.144000 0.991848
-0.140000 0.991874
-0.136000 0.991900
-0.132000 0.991926
-0.128000 0.991953
-0.124000 0.991980
-0.120000 0.992008
-0.116000 0.992036
-0.112000 0.992064
-0.108000 0.992093
-0.104000 0.992122
-0.100000 0.992151
-0.096000 0.992181
-0.092000 0.992211
-0.088000 0.992242
-0.084000 0.992272
-0.080000 0.992303
-0.076000 0.992335
-0.072000 0.992366
-0.068000 0.992398
-0.064000 0.992430
-0.060000 0.992462
-0.056000 0.992495
-0.052000 0.992527
-0.048000 0.992560
-0.044000 0.992593
-0.040000 0.992626
-0.036000 0.992659
-0.032000 0.992693
-0.028000 0.992726
-0.024000 0.992759
-0.020000 0.992793
-0.016000 0.992827
-0.012000 0.992860
-0.008000 0.992894
-0.004000 0.992927
0.000000 0.992961
0.004000 0.992995
0.008000 0.993028
0.012000 0.993061
0.016000 0.993095
0.020000 0.993128
0.024000 0.993161
0.028000 0.993194
0.032000 0.993227
0.036000 0.993260
0.040000 0.993292
0.044000 0.993325
0.048000 0.993357
0.052000 0.993389
0.056000 0.993420
0.060000 0.993452
0.064000 0.993483
0.068000 0.993514
0.072000 0.993545
0.076000 0.993575
0.080000 0.993605
0.084000 0.993635
0.088000 0.993665
0.092000 0.993694
0.096000 0.993723
0.100000 0.993751
0.104000 0.993779
0.108000 0.993807
0.112000 0.993834
0.116000 0.993861
0.120000 0.993888
0.124000 0.993914
0.128000 0.993940
0.132000 0.993965
0.136000 0.993990
0.140000 0.994015
0.144000 0.994039
0.148000 0.994063
0.152000 0.994087
0.156000 0.994110
0.160000 0.994132
0.164000 0.994154
0.168000 0.994176
0.172000 0.994197
0.176000 0.994218
0.180000 0.994239
0.184000 0.994259
0.188000 0.994278
0.192000 0.994297
0.196000 0.994316
0.200000 0.994334
0.204000 0.994352
0.208000 0.994370
0.212000 0.994387
0.216000 0.994404
0.220000 0.994420
0.224000 0.994436
0.228000 0.994451
0.232000 0.994466
0.236000 0.994481
0.240000 0.994496
0.244000 0.994509
0.248000 0.994523
0.252000 0.994536
0.256000 0.994549
0.260000 0.994561
0.264000 0.994574
0.268000 0.994585
0.272000 0.994597
0.276000 0.994608
0.280000 0.994619
0.284000 0.994629
0.288000 0.994639
0.292000 0.994649
0.296000 0.994658
0.300000 0.994668
0.304000 0.994677
0.308000 0.994685
0.312000 0.994693
0.316000 0.994701
0.320000 0.994709
0.324000 0.994717
0.328000 0.994724
0.332000 0.994731
0.336000 0.994738
0.340000 0.994744
0.344000 0.994751
0.348000 0.994757
0.352000 0.994762
0.356000 0.994768
0.360000 0.994773
0.364000 0.994779
0.368000 0.994784
0.372000 0.994789
0.376000 0.994793
0.380000 0.994798
0.384000 0.994802
0.388000 0.994806
0.392000 0.994810
0.396000 0.994814
0.400000 0.994817
0.404000 0.994821
0.408000 0.994824
0.412000 0.994827
0.416000 0.994831
0.420000 0.994833
0.424000 0.994836
0.428000 0.994839
0.432000 0.994842
0.436000 0.994844
0.440000 0.994846
0.444000 0.994849
0.448000 0.994851
0.452000 0.994853
0.456000 0.994855
0.460000 0.994857
0.464000 0.994859
0.468000 0.994860
0.472000 0.994862
0.476000 0.994863
0.480000 0.994865
0.484000 0.994866
0.488000 0.994868
0.492000 0.994869
0.496000 0.994870
0.500000 0.994871
0.504000 0.994872
0.508000 0.994874
0.512000 0.994875
0.516000 0.994875
0.520000 0.994876
0.524000 0.994877
0.528000 0.994878
0.532000 0.994879
0.536000 0.994880
0.540000 0.994880
0.544000 0.994881
0.548000 0.994882
0.552000 0.994882
0.556000 0.994883
0.560000 0.994883
0.564000 0.994884
0.568000 0.994884
0.572000 0.994885
0.576000 0.994885
0.580000 0.994886
0.584000 0.994886
0.588000 0.994886
0.592000 0.994887
0.596000 0.994887
0.600000 0.994887
0.604000 0.994888
0.608000 0.994888
0.612000 0.994888
0.616000 0.994888
0.620000 0.994888
0.624000 0.994889
0.628000 0.994889
0.632000 0.994889
0.636000 0.994889
0.640000 0.994889
0.644000 0.994890
0.648000 0.994890
0.652000 0.994890
0.656000 0.994890
0.660000 0.994890
0.664000 0.994890
0.668000 0.994890
0.672000 0.994890
0.676000 0.994891
0.680000 0.994891
0.684000 0.994891
0.688000 0.994891
0.692000 0.994891
0.696000 0.994891
0.700000 0.994891
0.704000 0.994891
0.708000 0.994891
0.712000 0.994891
0.716000 0.994891
0.720000 0.994891
0.724000 0.994891
0.728000 0.994891
0.732000 0.994891
0.736000 0.994891
0.740000 0.994892
0.744000 0.994892
0.748000 0.994892
0.752000 0.994892
0.756000 0.994892
0.760000 0.994892
0.764000 0.994892
0.768000 0.994892
0.772000 0.994892
0.776000 0.994892
0.780000 0.994892
0.784000 0.994892
0.788000 0.994892
0.792000 0.994892
0.796000 0.994892
0.800000 0.994892
0.804000 0.994892
0.808000 0.994892
0.812000 0.994892
0.816000 0.994892
0.820000 0.994892
0.824000 0.994892
0.828000 0.994892
0.832000 0.994892
0.836000 0.994892
0.840000 0.994892
0.844000 0.994892
0.848000 0.994892
0.852000 0.994892
0.856000 0.994892
0.860000 0.994892
0.864000 0.994892
0.868000 0.994892
0.872000 0.994892
0.876000 0.994892
0.880000 0.994892
0.884000 0.994892
0.888000 0.994892
0.892000 0.994892
0.896000 0.994892
0.900000 0.994892
0.904000 0.994892
0.908000 0.994892
0.912000 0.994892
0.916000 0.994892
0.920000 0.994892
0.924000 0.994892
0.928000 0.994892
0.932000 0.994892
0.936000 0.994892
0.940000 0.994892
0.944000 0.994892
0.948000 0.994892
0.952000 0.994892
0.956000 0.994892
0.960000 0.994892
0.964000 0.994892
0.968000 0.994892
0.972000 0.994892
0.976000 0.994892
0.980000 0.994892
0.984000 0.994892
0.988000 0.994892
0.992000 0.994892
0.996000 0.994892
1.000000 0.994892
