-1.000000 0.992919
-0.996000 0.992919
-0.992000 0.992919
-0.988000 0.992919
-0.984000 0.992919
-0.980000 0.992919
-0.976000 0.992919
-0.972000 0.992919
-0.968000 0.992919
-0.964000 0.992919
-0.960000 0.992919
-0.956000 0.992919
-0.952000 0.992919
-0.948000 0.992919
-0.944000 0.992919
-0.940000 0.992919
-0.936000 0.992919
-0.932000 0.992919
-0.928000 0.992919
-0.924000 0.992919
-0.920000 0.992919
-0.916000 0.992919
-0.912000 0.992919
-0.908000 0.992919
-0.904000 0.992919
-0.900000 0.992919
-0.896000 0.992919
-0.892000 0.992919
-0.888000 0.992919
-0.884000 0.992919
-0.880000 0.992919
-0.876000 0.992919
-0.872000 0.992919
-0.868000 0.992919
-0.864000 0.992919
-0.860000 0.992919
-0.856000 0.992919
-0.852000 0.992919
-0.848000 0.992919
-0.844000 0.992919
-0.840000 0.992919
-0.836000 0.992919
-0.832000 0.992919
-0.828000 0.992919
-0.824000 0.992919
-0.820000 0.992919
-0.816000 0.992919
-0.812000 0.992919
-0.808000 0.992919
-0.804000 0.992919
-0.800000 0.992919
-0.796000 0.992919
-0.792000 0.992919
-0.788000 0.992919
-0.784000 0.992919
-0.780000 0.992919
-0.776000 0.992919
-0.772000 0.992919
-0.768000 0.992919
-0.764000 0.992919
-0.760000 0.992919
-0.756000 0.992919
-0.752000 0.992919
-0.748000 0.992919
-0.744000 0.992919
-0.740000 0.992919
-0.736000 0.992919
-0.732000 0.992919
-0.728000 0.992919
-0.724000 0.992919
-0.720000 0.992919
-0.716000 0.992919
-0.712000 0.992919
-0.708000 0.992919
-0.704000 0.992919
-0.700000 0.992919
-0.696000 0.992919
-0.692000 0.992919
-0.688000 0.992919
-0.684000 0.992919
-0.680000 0.992919
-0.676000 0.992919
-0.672000 0.992919
-0.668000 0.992919
-0.664000 0.992919
-0.660000 0.992919
-0.656000 0.992919
-0.652000 0.992919
-0.648000 0.992919
-0.644000 0.992919
-0.640000 0.992919
-0.636000 0.992919
-0.632000 0.992919
-0.628000 0.992919
-0.624000 0.992919
-0.620000 0.992919
-0.616000 0.992919
-0.612000 0.992919
-0.608000 0.992919
-0.604000 0.992919
-0.600000 0.992919
-0.596000 0.992919
-0.592000 0.992919
-0.588000 0.992919
-0.584000 0.992919
-0.580000 0.992919
-0.576000 0.992919
-0.572000 0.992919
-0.568000 0.992919
-0.564000 0.992919
-0.560000 0.992919
-0.556000 0.992919
-0.552000 0.992919
-0.548000 0.992919
-0.544000 0.992919
-0.540000 0.992919
-0.536000 0.992919
-0.532000 0.992919
-0.528000 0.992919
-0.524000 0.992919
-0.520000 0.992919
-0.516000 0.992919
-0.512000 0.992919
-0.508000 0.992919
-0.504000 0.992919
-0.500000 0.992919
-0.496000 0.992919
-0.492000 0.992919
-0.488000 0.992919
-0.484000 0.992919
-0.480000 0.992919
-0.476000 0.992919
-0.472000 0.992919
-0.468000 0.992919
-0.464000 0.992919
-0.460000 0.992919
-0.456000 0.992919
-0.452000 0.992919
-0.448000 0.992919
-0.444000 0.992919
-0.440000 0.992919
-0.436000 0.992919
-0.432000 0.992919
-0.428000 0.992919
-0.424000 0.992919
-0.420000 0.992919
-0.416000 0.992919
-0.412000 0.992919
-0.408000 0.992919
-0.404000 0.992919
-0.400000 0.992919
-0.396000 0.992919
-0.392000 0.992919
-0.388000 0.992919
-0.384000 0.992919
-0.380000 0.992919
-0.376000 0.992919
-0.372000 0.992919
-0.368000 0.992919
-0.364000 0.992919
-0.360000 0.992919
-0.356000 0.992919
-0.352000 0.992919
-0.348000 0.992919
-0.344000 0.992919
-0.340000 0.992919
-0.336000 0.992919
-0.332000 0.992919
-0.328000 0.992919
-0.324000 0.992919
-0.320000 0.992919
-0.316000 0.992919
-0.312000 0.992919
-0.308000 0.992919
-0.304000 0.992919
-0.300000 0.992919
-0.296000 0.992919
-0.292000 0.992919
-0.288000 0.992919
-0.284000 0.992919
-0.280000 0.992919
-0.276000 0.992919
-0.272000 0.992919
-0.268000 0.992919
-0.264000 0.992919
-0.260000 0.992919
-0.256000 0.992919
-0.252000 0.992919
-0.248000 0.992919
-0.244000 0.992919
-0.240000 0.992919
-0.236000 0.992919
-0.232000 0.992919
-0.228000 0.992919
-0.224000 0.992919
-0.220000 0.992919
-0.216000 0.992919
-0.212000 0.992919
-0.208000 0.992919
-0.204000 0.992919
-0.200000 0.992919
-0.196000 0.992919
-0.192000 0.992919
-0.188000 0.992919
-0.184000 0.992919
-0.180000 0.992919
-0.176000 0.992919
-0.172000 0.992919
-0.168000 0.992919
-0.164000 0.992919
-0.160000 0.992919
-0.156000 0.992919
-0.152000 0.992919
-0.148000 0.992919
-0.144000 0.992919
-0.140000 0.992919
-0.136000 0.992919
-0.132000 0.992919
-0.128000 0.992919
-0.124000 0.992919
-0.120000 0.992919
-0.116000 0.992919
-0.112000 0.992919
-0.108000 0.992919
-0.104000 0.992919
-0.100000 0.992919
-0.096000 0.992919
-0.092000 0.992919
-0.088000 0.992919
-0.084000 0.992919
-0.080000 0.992919
-0.076000 0.992919
-0.072000 0.992919
-0.068000 0.992919
-0.064000 0.992919
-0.060000 0.992919
-0.056000 0.992919
-0.052000 0.992920
-0.048000 0.992920
-0.044000 0.992920
-0.040000 0.992920
-0.036000 0.992920
-0.032000 0.992920
-0.028000 0.992920
-0.024000 0.992920
-0.020000 0.992920
-0.016000 0.992920
-0.012000 0.992920
-0.008000 0.992920
-0.004000 0.992920
0.000000 0.992920
0.004000 0.992920
0.008000 0.992921
0.012000 0.992921
0.016000 0.992921
0.020000 0.992921
0.024000 0.992921
0.028000 0.992921
0.032000 0.992921
0.036000 0.992921
0.040000 0.992922
0.044000 0.992922
0.048000 0.992922
0.052000 0.992922
0.056000 0.992922
0.060000 0.992923
0.064000 0.992923
0.068000 0.992923
0.072000 0.992923
0.076000 0.992924
0.080000 0.992924
0.084000 0.992924
0.088000 0.992925
0.092000 0.992925
0.096000 0.992925
0.100000 0.992926
0.104000 0.992926
0.108000 0.992927
0.112000 0.992927
0.116000 0.992928
0.120000 0.992928
0.124000 0.992929
0.128000 0.992929
0.132000 0.992930
0.136000 0.992931
0.140000 0.992931
0.144000 0.992932
0.148000 0.992933
0.152000 0.992934
0.156000 0.992935
0.160000 0.992935
0.164000 0.992936
0.168000 0.992937
0.172000 0.992938
0.176000 0.992939
0.180000 0.992941
0.184000 0.992942
0.188000 0.992943
0.192000 0.992944
0.196000 0.992946
0.200000 0.992947
0.204000 0.992949
0.208000 0.992950
0.212000 0.992952
0.216000 0.992954
0.220000 0.992956
0.224000 0.992957
0.228000 0.992959
0.232000 0.992962
0.236000 0.992964
0.240000 0.992966
0.244000 0.992968
0.248000 0.992971
0.252000 0.992973
0.256000 0.992976
0.260000 0.992979
0.264000 0.992982
0.268000 0.992985
0.272000 0.992988
0.276000 0.992991
0.280000 0.992995
0.284000 0.992998
0.288000 0.993002
0.292000 0.993006
0.296000 0.993010
0.300000 0.993014
0.304000 0.993018
0.308000 0.993023
0.312000 0.993028
0.316000 0.993033
0.320000 0.993038
0.324000 0.993043
0.328000 0.993048
0.332000 0.993054
0.336000 0.993060
0.340000 0.993066
0.344000 0.993072
0.348000 0.993078
0.352000 0.993085
0.356000 0.993092
0.360000 0.993099
0.364000 0.993106
0.368000 0.993114
0.372000 0.993122
0.376000 0.993130
0.380000 0.993138
0.384000 0.993147
0.388000 0.993156
0.392000 0.993165
0.396000 0.993174
0.400000 0.993184
0.404000 0.993194
0.408000 0.993205
0.412000 0.993215
0.416000 0.993226
0.420000 0.993238
0.424000 0.993249
0.428000 0.993261
0.432000 0.993273
0.436000 0.993286
0.440000 0.993299
0.444000 0.993312
0.448000 0.993326
0.452000 0.993340
0.456000 0.993355
0.460000 0.993369
0.464000 0.993385
0.468000 0.993400
0.472000 0.993416
0.476000 0.993432
0.480000 0.993449
0.484000 0.993466
0.488000 0.993484
0.492000 0.993502
0.496000 0.993520
0.500000 0.993539
0.504000 0.993558
0.508000 0.993578
0.512000 0.993598
0.516000 0.993618
0.520000 0.993639
0.524000 0.993660
0.528000 0.993682
0.532000 0.993704
0.536000 0.993727
0.540000 0.993750
0.544000 0.993774
0.548000 0.993798
0.552000 0.993822
0.556000 0.993847
0.560000 0.993872
0.564000 0.993898
0.568000 0.993924
0.572000 0.993951
0.576000 0.993978
0.580000 0.994006
0.584000 0.994034
0.588000 0.994063
0.592000 0.994091
0.596000 0.994121
0.600000 0.994151
0.604000 0.994181
0.608000 0.994212
0.612000 0.994243
0.616000 0.994275
0.620000 0.994307
0.624000 0.994339
0.628000 0.994372
0.632000 0.994406
0.636000 0.994440
0.640000 0.994474
0.644000 0.994508
0.648000 0.994543
0.652000 0.994579
0.656000 0.994615
0.660000 0.994651
0.664000 0.994688
0.668000 0.994725
0.672000 0.994762
0.676000 0.994800
0.680000 0.994838
0.684000 0.994877
0.688000 0.994915
0.692000 0.994955
0.696000 0.994994
0.700000 0.995034
0.704000 0.995074
0.708000 0.995115
0.712000 0.995155
0.716000 0.995196
0.720000 0.995238
0.724000 0.995279
0.728000 0.995321
0.732000 0.995363
0.736000 0.995406
0.740000 0.995448
0.744000 0.995491
0.748000 0.995534
0.752000 0.995577
0.756000 0.995621
0.760000 0.995665
0.764000 0.995708
0.768000 0.995752
0.772000 0.995796
0.776000 0.995841
0.780000 0.995885
0.784000 0.995930
0.788000 0.995974
0.792000 0.996019
0.796000 0.996064
0.800000 0.996109
0.804000 0.996154
0.808000 0.996199
0.812000 0.996244
0.816000 0.996289
0.820000 0.996334
0.824000 0.996379
0.828000 0.996424
0.832000 0.996469
0.836000 0.996514
0.840000 0.996559
0.844000 0.996604
0.848000 0.996649
0.852000 0.996693
0.856000 0.996738
0.860000 0.996783
0.864000 0.996827
0.868000 0.996872
0.872000 0.996916
0.876000 0.996960
0.880000 0.997004
0.884000 0.997048
0.888000 0.997091
0.892000 0.997135
0.896000 0.997178
0.900000 0.997221
0.904000 0.997264
0.908000 0.997307
0.912000 0.997349
0.916000 0.997391
0.920000 0.997433
0.924000 0.997475
0.928000 0.997516
0.932000 0.997558
0.936000 0.997599
0.940000 0.997640
0.944000 0.997680
0.948000 0.997721
0.952000 0.997761
0.956000 0.997802
0.960000 0.997842
0.964000 0.997883
0.968000 0.997925
0.972000 0.997967
0.976000 0.998012
0.980000 0.998058
0.984000 0.998108
0.988000 0.998164
0.992000 0.998226
0.996000 0.998299
1.000000 0.998387
