-1.000000 0.992919
-0.996000 0.992919
-0.992000 0.992919
-0.988000 0.992919
-0.984000 0.992919
-0.980000 0.992919
-0.976000 0.992919
-0.972000 0.992919
-0.968000 0.992919
-0.964000 0.992919
-0.960000 0.992919
-0.956000 0.992919
-0.952000 0.992919
-0.948000 0.992919
-0.944000 0.992919
-0.940000 0.992919
-0.936000 0.992919
-0.932000 0.992919
-0.928000 0.992919
-0.924000 0.992919
-0.920000 0.992919
-0.916000 0.992919
-0.912000 0.992919
-0.908000 0.992919
-0.904000 0.992919
-0.900000 0.992919
-0.896000 0.992919
-0.892000 0.992919
-0.888000 0.992919
-0.884000 0.992919
-0.880000 0.992919
-0.876000 0.992919
-0.872000 0.992919
-0.868000 0.992919
-0.864000 0.992919
-0.860000 0.992919
-0.856000 0.992919
-0.852000 0.992919
-0.848000 0.992919
-0.844000 0.992919
-0.840000 0.992919
-0.836000 0.992919
-0.832000 0.992919
-0.828000 0.992919
-0.824000 0.992919
-0.820000 0.992919
-0.816000 0.992919
-0.812000 0.992919
-0.808000 0.992919
-0.804000 0.992919
-0.800000 0.992919
-0.796000 0.992919
-0.792000 0.992919
-0.788000 0.992919
-0.784000 0.992919
-0.780000 0.992919
-0.776000 0.992919
-0.772000 0.992919
-0.768000 0.992919
-0.764000 0.992919
-0.760000 0.992919
-0.756000 0.992919
-0.752000 0.992919
-0.748000 0.992919
-0.744000 0.992919
-0.740000 0.992919
-0.736000 0.992919
-0.732000 0.992919
-0.728000 0.992919
-0.724000 0.992919
-0.720000 0.992919
-0.716000 0.992919
-0.712000 0.992919
-0.708000 0.992919
-0.704000 0.992919
-0.700000 0.992919
-0.696000 0.992919
-0.692000 0.992919
-0.688000 0.992919
-0.684000 0.992919
-0.680000 0.992919
-0.676000 0.992919
-0.672000 0.992919
-0.668000 0.992919
-0.664000 0.992919
-0.660000 0.992919
-0.656000 0.992919
-0.652000 0.992919
-0.648000 0.992919
-0.644000 0.992919
-0.640000 0.992919
-0.636000 0.992919
-0.632000 0.992919
-0.628000 0.992919
-0.624000 0.992919
-0.620000 0.992919
-0.616000 0.992919
-0.612000 0.992919
-0.608000 0.992919
-0.604000 0.992919
-0.600000 0.992919
-0.596000 0.992919
-0.592000 0.992919
-0.588000 0.992919
-0.584000 0.992919
-0.580000 0.992919
-0.576000 0.992919
-0.572000 0.992919
-0.568000 0.992919
-0.564000 0.992919
-0.560000 0.992919
-0.556000 0.992919
-0.552000 0.992919
-0.548000 0.992919
-0.544000 0.992919
-0.540000 0.992919
-0.536000 0.992919
-0.532000 0.992919
-0.528000 0.992919
-0.524000 0.992919
-0.520000 0.992919
-0.516000 0.992919
-0.512000 0.992919
-0.508000 0.992919
-0.504000 0.992919
-0.500000 0.992919
-0.496000 0.992919
-0.492000 0.992919
-0.488000 0.992919
-0.484000 0.992919
-0.480000 0.992919
-0.476000 0.992919
-0.472000 0.992919
-0.468000 0.992919
-0.464000 0.992919
-0.460000 0.992919
-0.456000 0.992919
-0.452000 0.992919
-0.448000 0.992919
-0.444000 0.992919
-0.440000 0.992919
-0.436000 0.992919
-0.432000 0.992919
-0.428000 0.992919
-0.424000 0.992919
-0.420000 0.992919
-0.416000 0.992919
-0.412000 0.992919
-0.408000 0.992919
-0.404000 0.992919
-0.400000 0.992919
-0.396000 0.992919
-0.392000 0.992919
-0.388000 0.992920
-0.384000 0.992920
-0.380000 0.992920
-0.376000 0.992920
-0.372000 0.992920
-0.368000 0.992920
-0.364000 0.992920
-0.360000 0.992920
-0.356000 0.992920
-0.352000 0.992920
-0.348000 0.992920
-0.344000 0.992920
-0.340000 0.992920
-0.336000 0.992921
-0.332000 0.992921
-0.328000 0.992921
-0.324000 0.992921
-0.320000 0.992921
-0.316000 0.992921
-0.312000 0.992922
-0.308000 0.992922
-0.304000 0.992922
-0.300000 0.992922
-0.296000 0.992923
-0.292000 0.992923
-0.288000 0.992923
-0.284000 0.992923
-0.280000 0.992924
-0.276000 0.992924
-0.272000 0.992925
-0.268000 0.992925
-0.264000 0.992925
-0.260000 0.992926
-0.256000 0.992926
-0.252000 0.992927
-0.248000 0.992927
-0.244000 0.992928
-0.240000 0.992929
-0.236000 0.992929
-0.232000 0.992930
-0.228000 0.992931
-0.224000 0.992932
-0.220000 0.992933
-0.216000 0.992934
-0.212000 0.992935
-0.208000 0.992936
-0.204000 0.992937
-0.200000 0.992938
-0.196000 0.992939
-0.192000 0.992941
-0.188000 0.992942
-0.184000 0.992944
-0.180000 0.992945
-0.176000 0.992947
-0.172000 0.992949
-0.168000 0.992951
-0.164000 0.992953
-0.160000 0.992955
-0.156000 0.992957
-0.152000 0.992959
-0.148000 0.992962
-0.144000 0.992964
-0.140000 0.992967
-0.136000 0.992970
-0.132000 0.992973
-0.128000 0.992976
-0.124000 0.992979
-0.120000 0.992983
-0.116000 0.992987
-0.112000 0.992990
-0.108000 0.992994
-0.104000 0.992999
-0.100000 0.993003
-0.096000 0.993008
-0.092000 0.993013
-0.088000 0.993018
-0.084000 0.993023
-0.080000 0.993028
-0.076000 0.993034
-0.072000 0.993040
-0.068000 0.993047
-0.064000 0.993053
-0.060000 0.993060
-0.056000 0.993067
-0.052000 0.993074
-0.048000 0.993082
-0.044000 0.993090
-0.040000 0.993098
-0.036000 0.993107
-0.032000 0.993116
-0.028000 0.993126
-0.024000 0.993135
-0.020000 0.993145
-0.016000 0.993156
-0.012000 0.993167
-0.008000 0.993178
-0.004000 0.993189
0.000000 0.993202
0.004000 0.993214
0.008000 0.993227
0.012000 0.993240
0.016000 0.993254
0.020000 0.993268
0.024000 0.993283
0.028000 0.993298
0.032000 0.993314
0.036000 0.993330
0.040000 0.993347
0.044000 0.993364
0.048000 0.993382
0.052000 0.993400
0.056000 0.993418
0.060000 0.993438
0.064000 0.993458
0.068000 0.993478
0.072000 0.993499
0.076000 0.993520
0.080000 0.993542
0.084000 0.993565
0.088000 0.993588
0.092000 0.993612
0.096000 0.993636
0.100000 0.993661
0.104000 0.993687
0.108000 0.993713
0.112000 0.993740
0.116000 0.993768
0.120000 0.993796
0.124000 0.993824
0.128000 0.993853
0.132000 0.993883
0.136000 0.993914
0.140000 0.993945
0.144000 0.993977
0.148000 0.994009
0.152000 0.994042
0.156000 0.994076
0.160000 0.994110
0.164000 0.994145
0.168000 0.994180
0.172000 0.994216
0.176000 0.994253
0.180000 0.994290
0.184000 0.994328
0.188000 0.994366
0.192000 0.994405
0.196000 0.994445
0.200000 0.994485
0.204000 0.994526
0.208000 0.994567
0.212000 0.994609
0.216000 0.994651
0.220000 0.994694
0.224000 0.994737
0.228000 0.994781
0.232000 0.994826
0.236000 0.994870
0.240000 0.994916
0.244000 0.994962
0.248000 0.995008
0.252000 0.995054
0.256000 0.995102
0.260000 0.995149
0.264000 0.995197
0.268000 0.995245
0.272000 0.995294
0.276000 0.995343
0.280000 0.995392
0.284000 0.995442
0.288000 0.995492
0.292000 0.995542
0.296000 0.995593
0.300000 0.995643
0.304000 0.995694
0.308000 0.995746
0.312000 0.995797
0.316000 0.995849
0.320000 0.995900
0.324000 0.995952
0.328000 0.996004
0.332000 0.996056
0.336000 0.996109
0.340000 0.996161
0.344000 0.996213
0.348000 0.996266
0.352000 0.996318
0.356000 0.996371
0.360000 0.996423
0.364000 0.996476
0.368000 0.996528
0.372000 0.996580
0.376000 0.996633
0.380000 0.996685
0.384000 0.996737
0.388000 0.996789
0.392000 0.996840
0.396000 0.996892
0.400000 0.996943
0.404000 0.996994
0.408000 0.997045
0.412000 0.997096
0.416000 0.997146
0.420000 0.997197
0.424000 0.997246
0.428000 0.997296
0.432000 0.997345
0.436000 0.997394
0.440000 0.997443
0.444000 0.997491
0.448000 0.997539
0.452000 0.997587
0.456000 0.997634
0.460000 0.997680
0.464000 0.997727
0.468000 0.997773
0.472000 0.997818
0.476000 0.997863
0.480000 0.997908
0.484000 0.997952
0.488000 0.997995
0.492000 0.998039
0.496000 0.998081
0.500000 0.998123
0.504000 0.998165
0.508000 0.998206
0.512000 0.998247
0.516000 0.998287
0.520000 0.998326
0.524000 0.998365
0.528000 0.998404
0.532000 0.998442
0.536000 0.998479
0.540000 0.998516
0.544000 0.998552
0.548000 0.998588
0.552000 0.998623
0.556000 0.998657
0.560000 0.998691
0.564000 0.998725
0.568000 0.998758
0.572000 0.998790
0.576000 0.998822
0.580000 0.998853
0.584000 0.998884
0.588000 0.998914
0.592000 0.998943
0.596000 0.998972
0.600000 0.999000
0.604000 0.999028
0.608000 0.999056
0.612000 0.999082
0.616000 0.999108
0.620000 0.999134
0.624000 0.999159
0.628000 0.999184
0.632000 0.999208
0.636000 0.999231
0.640000 0.999254
0.644000 0.999277
0.648000 0.999299
0.652000 0.999320
0.656000 0.999341
0.660000 0.999361
0.664000 0.999381
0.668000 0.999401
0.672000 0.999420
0.676000 0.999438
0.680000 0.999456
0.684000 0.999474
0.688000 0.999491
0.692000 0.999508
0.696000 0.999524
0.700000 0.999540
0.704000 0.999555
0.708000 0.999570
0.712000 0.999585
0.716000 0.999599
0.720000 0.999613
0.724000 0.999626
0.728000 0.999639
0.732000 0.999652
0.736000 0.999664
0.740000 0.999676
0.744000 0.999688
0.748000 0.999699
0.752000 0.999710
0.756000 0.999720
0.760000 0.999731
0.764000 0.999741
0.768000 0.999750
0.772000 0.999760
0.776000 0.999769
0.780000 0.999777
0.784000 0.999786
0.788000 0.999794
0.792000 0.999802
0.796000 0.999810
0.800000 0.999817
0.804000 0.999824
0.808000 0.999831
0.812000 0.999838
0.816000 0.999844
0.820000 0.999850
0.824000 0.999856
0.828000 0.999862
0.832000 0.999868
0.836000 0.999873
0.840000 0.999878
0.844000 0.999883
0.848000 0.999888
0.852000 0.999893
0.856000 0.999897
0.860000 0.999902
0.864000 0.999906
0.868000 0.999910
0.872000 0.999914
0.876000 0.999917
0.880000 0.999921
0.884000 0.999924
0.888000 0.999928
0.892000 0.999931
0.896000 0.999934
0.900000 0.999937
0.904000 0.999940
0.908000 0.999942
0.912000 0.999945
0.916000 0.999947
0.920000 0.999950
0.924000 0.999952
0.928000 0.999954
0.932000 0.999956
0.936000 0.999958
0.940000 0.999960
0.944000 0.999962
0.948000 0.999964
0.952000 0.999966
0.956000 0.999967
0.960000 0.999969
0.964000 0.999970
0.968000 0.999972
0.972000 0.999973
0.976000 0.999975
0.980000 0.999976
0.984000 0.999978
0.988000 0.999979
0.992000 0.999981
0.996000 0.999983
1.000000 0.999986
