-1.000000 0.997928
-0.996000 0.997928
-0.992000 0.997928
-0.988000 0.997928
-0.984000 0.997928
-0.980000 0.997928
-0.976000 0.997928
-0.972000 0.997928
-0.968000 0.997928
-0.964000 0.997928
-0.960000 0.997928
-0.956000 0.997928
-0.952000 0.997928
-0.948000 0.997928
-0.944000 0.997928
-0.940000 0.997928
-0.936000 0.997928
-0.932000 0.997928
-0.928000 0.997928
-0.924000 0.997927
-0.920000 0.997927
-0.916000 0.997927
-0.912000 0.997927
-0.908000 0.997927
-0.904000 0.997927
-0.900000 0.997926
-0.896000 0.997926
-0.892000 0.997926
-0.888000 0.997925
-0.884000 0.997925
-0.880000 0.997924
-0.876000 0.997924
-0.872000 0.997923
-0.868000 0.997922
-0.864000 0.997921
-0.860000 0.997920
-0.856000 0.997919
-0.852000 0.997918
-0.848000 0.997916
-0.844000 0.997915
-0.840000 0.997913
-0.836000 0.997911
-0.832000 0.997909
-0.828000 0.997906
-0.824000 0.997903
-0.820000 0.997900
-0.816000 0.997896
-0.812000 0.997893
-0.808000 0.997888
-0.804000 0.997884
-0.800000 0.997878
-0.796000 0.997873
-0.792000 0.997866
-0.788000 0.997860
-0.784000 0.997852
-0.780000 0.997844
-0.776000 0.997835
-0.772000 0.997826
-0.768000 0.997815
-0.764000 0.997804
-0.760000 0.997792
-0.756000 0.997779
-0.752000 0.997765
-0.748000 0.997750
-0.744000 0.997733
-0.740000 0.997716
-0.736000 0.997697
-0.732000 0.997678
-0.728000 0.997656
-0.724000 0.997634
-0.720000 0.997610
-0.716000 0.997584
-0.712000 0.997558
-0.708000 0.997529
-0.704000 0.997499
-0.700000 0.997467
-0.696000 0.997434
-0.692000 0.997399
-0.688000 0.997362
-0.684000 0.997323
-0.680000 0.997283
-0.676000 0.997240
-0.672000 0.997196
-0.668000 0.997150
-0.664000 0.997102
-0.660000 0.997052
-0.656000 0.997000
-0.652000 0.996946
-0.648000 0.996890
-0.644000 0.996833
-0.640000 0.996773
-0.636000 0.996712
-0.632000 0.996649
-0.628000 0.996584
-0.624000 0.996517
-0.620000 0.996448
-0.616000 0.996378
-0.612000 0.996306
-0.608000 0.996232
-0.604000 0.996157
-0.600000 0.996081
-0.596000 0.996002
-0.592000 0.995923
-0.588000 0.995842
-0.584000 0.995760
-0.580000 0.995677
-0.576000 0.995593
-0.572000 0.995508
-0.568000 0.995422
-0.564000 0.995336
-0.560000 0.995248
-0.556000 0.995160
-0.552000 0.995072
-0.548000 0.994983
-0.544000 0.994894
-0.540000 0.994805
-0.536000 0.994715
-0.532000 0.994626
-0.528000 0.994536
-0.524000 0.994447
-0.520000 0.994358
-0.516000 0.994269
-0.512000 0.994181
-0.508000 0.994093
-0.504000 0.994006
-0.500000 0.993920
-0.496000 0.993834
-0.492000 0.993750
-0.488000 0.993666
-0.484000 0.993583
-0.480000 0.993502
-0.476000 0.993421
-0.472000 0.993342
-0.468000 0.993264
-0.464000 0.993187
-0.460000 0.993111
-0.456000 0.993037
-0.452000 0.992965
-0.448000 0.992894
-0.444000 0.992824
-0.440000 0.992756
-0.436000 0.992689
-0.432000 0.992624
-0.428000 0.992561
-0.424000 0.992499
-0.420000 0.992439
-0.416000 0.992381
-0.412000 0.992324
-0.408000 0.992269
-0.404000 0.992216
-0.400000 0.992164
-0.396000 0.992113
-0.392000 0.992065
-0.388000 0.992018
-0.384000 0.991972
-0.380000 0.991928
-0.376000 0.991886
-0.372000 0.991845
-0.368000 0.991806
-0.364000 0.991768
-0.360000 0.991732
-0.356000 0.991697
-0.352000 0.991663
-0.348000 0.991631
-0.344000 0.991600
-0.340000 0.991571
-0.336000 0.991542
-0.332000 0.991515
-0.328000 0.991489
-0.324000 0.991464
-0.320000 0.991441
-0.316000 0.991418
-0.312000 0.991397
-0.308000 0.991376
-0.304000 0.991357
-0.300000 0.991338
-0.296000 0.991321
-0.292000 0.991304
-0.288000 0.991288
-0.284000 0.991273
-0.280000 0.991259
-0.276000 0.991245
-0.272000 0.991232
-0.268000 0.991220
-0.264000 0.991209
-0.260000 0.991198
-0.256000 0.991188
-0.252000 0.991178
-0.248000 0.991169
-0.244000 0.991160
-0.240000 0.991152
-0.236000 0.991145
-0.232000 0.991137
-0.228000 0.991131
-0.224000 0.991124
-0.220000 0.991118
-0.216000 0.991113
-0.212000 0.991108
-0.208000 0.991103
-0.204000 0.991098
-0.200000 0.991094
-0.196000 0.991090
-0.192000 0.991086
-0.188000 0.991082
-0.184000 0.991079
-0.180000 0.991076
-0.176000 0.991073
-0.172000 0.991071
-0.168000 0.991068
-0.164000 0.991066
-0.160000 0.991064
-0.156000 0.991062
-0.152000 0.991060
-0.148000 0.991058
-0.144000 0.991056
-0.140000 0.991055
-0.136000 0.991054
-0.132000 0.991052
-0.128000 0.991051
-0.124000 0.991050
-0.120000 0.991049
-0.116000 0.991048
-0.112000 0.991047
-0.108000 0.991046
-0.104000 0.991046
-0.100000 0.991045
-0.096000 0.991044
-0.092000 0.991044
-0.088000 0.991043
-0.084000 0.991043
-0.080000 0.991042
-0.076000 0.991042
-0.072000 0.991041
-0.068000 0.991041
-0.064000 0.991041
-0.060000 0.991040
-0.056000 0.991040
-0.052000 0.991040
-0.048000 0.991039
-0.044000 0.991039
-0.040000 0.991039
-0.036000 0.991039
-0.032000 0.991039
-0.028000 0.991039
-0.024000 0.991038
-0.020000 0.991038
-0.016000 0.991038
-0.012000 0.991038
-0.008000 0.991038
-0.004000 0.991038
0.000000 0.991038
0.004000 0.991038
0.008000 0.991038
0.012000 0.991038
0.016000 0.991038
0.020000 0.991038
0.024000 0.991037
0.028000 0.991037
0.032000 0.991037
0.036000 0.991037
0.040000 0.991037
0.044000 0.991037
0.048000 0.991037
0.052000 0.991037
0.056000 0.991037
0.060000 0.991037
0.064000 0.991037
0.068000 0.991037
0.072000 0.991037
0.076000 0.991037
0.080000 0.991037
0.084000 0.991037
0.088000 0.991037
0.092000 0.991037
0.096000 0.991037
0.100000 0.991037
0.104000 0.991037
0.108000 0.991037
0.112000 0.991037
0.116000 0.991037
0.120000 0.991037
0.124000 0.991037
0.128000 0.991037
0.132000 0.991037
0.136000 0.991037
0.140000 0.991037
0.144000 0.991037
0.148000 0.991037
0.152000 0.991037
0.156000 0.991037
0.160000 0.991037
0.164000 0.991037
0.168000 0.991037
0.172000 0.991037
0.176000 0.991037
0.180000 0.991037
0.184000 0.991037
0.188000 0.991037
0.192000 0.991037
0.196000 0.991037
0.200000 0.991037
0.204000 0.991037
0.208000 0.991037
0.212000 0.991037
0.216000 0.991037
0.220000 0.991037
0.224000 0.991037
0.228000 0.991037
0.232000 0.991037
0.236000 0.991037
0.240000 0.991037
0.244000 0.991037
0.248000 0.991037
0.252000 0.991037
0.256000 0.991037
0.260000 0.991037
0.264000 0.991037
0.268000 0.991037
0.272000 0.991037
0.276000 0.991037
0.280000 0.991037
0.284000 0.991037
0.288000 0.991037
0.292000 0.991037
0.296000 0.991037
0.300000 0.991037
0.304000 0.991037
0.308000 0.991037
0.312000 0.991037
0.316000 0.991037
0.320000 0.991037
0.324000 0.991037
0.328000 0.991037
0.332000 0.991037
0.336000 0.991037
0.340000 0.991037
0.344000 0.991037
0.348000 0.991037
0.352000 0.991037
0.356000 0.991037
0.360000 0.991037
0.364000 0.991037
0.368000 0.991037
0.372000 0.991037
0.376000 0.991037
0.380000 0.991037
0.384000 0.991037
0.388000 0.991037
0.392000 0.991037
0.396000 0.991037
0.400000 0.991037
0.404000 0.991037
0.408000 0.991037
0.412000 0.991037
0.416000 0.991037
0.420000 0.991037
0.424000 0.991037
0.428000 0.991037
0.432000 0.991037
0.436000 0.991037
0.440000 0.991037
0.444000 0.991037
0.448000 0.991037
0.452000 0.991037
0.456000 0.991037
0.460000 0.991037
0.464000 0.991037
0.468000 0.991037
0.472000 0.991037
0.476000 0.991037
0.480000 0.991037
0.484000 0.991037
0.488000 0.991037
0.492000 0.991037
0.496000 0.991037
0.500000 0.991037
0.504000 0.991037
0.508000 0.991037
0.512000 0.991037
0.516000 0.991037
0.520000 0.991037
0.524000 0.991037
0.528000 0.991037
0.532000 0.991037
0.536000 0.991037
0.540000 0.991037
0.544000 0.991037
0.548000 0.991037
0.552000 0.991037
0.556000 0.991037
0.560000 0.991037
0.564000 0.991037
0.568000 0.991037
0.572000 0.991037
0.576000 0.991037
0.580000 0.991037
0.584000 0.991037
0.588000 0.991037
0.592000 0.991037
0.596000 0.991037
0.600000 0.991037
0.604000 0.991037
0.608000 0.991037
0.612000 0.991037
0.616000 0.991037
0.620000 0.991037
0.624000 0.991037
0.628000 0.991037
0.632000 0.991037
0.636000 0.991037
0.640000 0.991037
0.644000 0.991037
0.648000 0.991037
0.652000 0.991037
0.656000 0.991037
0.660000 0.991037
0.664000 0.991037
0.668000 0.991037
0.672000 0.991037
0.676000 0.991037
0.680000 0.991037
0.684000 0.991037
0.688000 0.991037
0.692000 0.991037
0.696000 0.991037
0.700000 0.991037
0.704000 0.991037
0.708000 0.991037
0.712000 0.991037
0.716000 0.991037
0.720000 0.991037
0.724000 0.991037
0.728000 0.991037
0.732000 0.991037
0.736000 0.991037
0.740000 0.991037
0.744000 0.991037
0.748000 0.991037
0.752000 0.991037
0.756000 0.991037
0.760000 0.991037
0.764000 0.991037
0.768000 0.991037
0.772000 0.991037
0.776000 0.991037
0.780000 0.991037
0.784000 0.991037
0.788000 0.991037
0.792000 0.991037
0.796000 0.991037
0.800000 0.991037
0.804000 0.991037
0.808000 0.991037
0.812000 0.991037
0.816000 0.991037
0.820000 0.991037
0.824000 0.991037
0.828000 0.991037
0.832000 0.991037
0.836000 0.991037
0.840000 0.991037
0.844000 0.991037
0.848000 0.991037
0.852000 0.991037
0.856000 0.991037
0.860000 0.991037
0.864000 0.991037
0.868000 0.991037
0.872000 0.991037
0.876000 0.991037
0.880000 0.991037
0.884000 0.991037
0.888000 0.991037
0.892000 0.991037
0.896000 0.991037
0.900000 0.991037
0.904000 0.991037
0.908000 0.991037
0.912000 0.991037
0.916000 0.991037
0.920000 0.991037
0.924000 0.991037
0.928000 0.991037
0.932000 0.991037
0.936000 0.991037
0.940000 0.991037
0.944000 0.991037
0.948000 0.991037
0.952000 0.991037
0.956000 0.991037
0.960000 0.991037
0.964000 0.991037
0.968000 0.991037
0.972000 0.991037
0.976000 0.991037
0.980000 0.991037
0.984000 0.991037
0.988000 0.991037
0.992000 0.991037
0.996000 0.991037
1.000000 0.991037
