-1.000000 0.997928
-0.996000 0.997928
-0.992000 0.997928
-0.988000 0.997928
-0.984000 0.997928
-0.980000 0.997928
-0.976000 0.997928
-0.972000 0.997928
-0.968000 0.997928
-0.964000 0.997928
-0.960000 0.997928
-0.956000 0.997928
-0.952000 0.997928
-0.948000 0.997928
-0.944000 0.997928
-0.940000 0.997928
-0.936000 0.997928
-0.932000 0.997928
-0.928000 0.997928
-0.924000 0.997928
-0.920000 0.997928
-0.916000 0.997928
-0.912000 0.997928
-0.908000 0.997928
-0.904000 0.997928
-0.900000 0.997928
-0.896000 0.997928
-0.892000 0.997928
-0.888000 0.997928
-0.884000 0.997928
-0.880000 0.997928
-0.876000 0.997928
-0.872000 0.997928
-0.868000 0.997928
-0.864000 0.997928
-0.860000 0.997928
-0.856000 0.997928
-0.852000 0.997928
-0.848000 0.997928
-0.844000 0.997928
-0.840000 0.997928
-0.836000 0.997928
-0.832000 0.997928
-0.828000 0.997928
-0.824000 0.997928
-0.820000 0.997928
-0.816000 0.997928
-0.812000 0.997928
-0.808000 0.997928
-0.804000 0.997928
-0.800000 0.997928
-0.796000 0.997928
-0.792000 0.997928
-0.788000 0.997928
-0.784000 0.997928
-0.780000 0.997928
-0.776000 0.997928
-0.772000 0.997928
-0.768000 0.997928
-0.764000 0.997928
-0.760000 0.997928
-0.756000 0.997928
-0.752000 0.997928
-0.748000 0.997928
-0.744000 0.997928
-0.740000 0.997928
-0.736000 0.997928
-0.732000 0.997928
-0.728000 0.997928
-0.724000 0.997928
-0.720000 0.997928
-0.716000 0.997928
-0.712000 0.997928
-0.708000 0.997928
-0.704000 0.997928
-0.700000 0.997928
-0.696000 0.997928
-0.692000 0.997928
-0.688000 0.997928
-0.684000 0.997928
-0.680000 0.997928
-0.676000 0.997928
-0.672000 0.997928
-0.668000 0.997928
-0.664000 0.997928
-0.660000 0.997928
-0.656000 0.997928
-0.652000 0.997928
-0.648000 0.997928
-0.644000 0.997928
-0.640000 0.997928
-0.636000 0.997928
-0.632000 0.997928
-0.628000 0.997928
-0.624000 0.997928
-0.620000 0.997928
-0.616000 0.997928
-0.612000 0.997928
-0.608000 0.997928
-0.604000 0.997928
-0.600000 0.997928
-0.596000 0.997928
-0.592000 0.997928
-0.588000 0.997928
-0.584000 0.997928
-0.580000 0.997928
-0.576000 0.997928
-0.572000 0.997928
-0.568000 0.997928
-0.564000 0.997928
-0.560000 0.997928
-0.556000 0.997928
-0.552000 0.997928
-0.548000 0.997928
-0.544000 0.997928
-0.540000 0.997928
-0.536000 0.997928
-0.532000 0.997928
-0.528000 0.997928
-0.524000 0.997928
-0.520000 0.997928
-0.516000 0.997928
-0.512000 0.997928
-0.508000 0.997928
-0.504000 0.997928
-0.500000 0.997928
-0.496000 0.997928
-0.492000 0.997928
-0.488000 0.997928
-0.484000 0.997928
-0.480000 0.997928
-0.476000 0.997928
-0.472000 0.997928
-0.468000 0.997928
-0.464000 0.997928
-0.460000 0.997928
-0.456000 0.997928
-0.452000 0.997928
-0.448000 0.997928
-0.444000 0.997928
-0.440000 0.997928
-0.436000 0.997928
-0.432000 0.997928
-0.428000 0.997928
-0.424000 0.997928
-0.420000 0.997928
-0.416000 0.997928
-0.412000 0.997928
-0.408000 0.997928
-0.404000 0.997928
-0.400000 0.997928
-0.396000 0.997928
-0.392000 0.997928
-0.388000 0.997928
-0.384000 0.997928
-0.380000 0.997928
-0.376000 0.997928
-0.372000 0.997928
-0.368000 0.997928
-0.364000 0.997928
-0.360000 0.997928
-0.356000 0.997928
-0.352000 0.997928
-0.348000 0.997928
-0.344000 0.997928
-0.340000 0.997928
-0.336000 0.997928
-0.332000 0.997928
-0.328000 0.997928
-0.324000 0.997928
-0.320000 0.997928
-0.316000 0.997928
-0.312000 0.997928
-0.308000 0.997928
-0.304000 0.997928
-0.300000 0.997928
-0.296000 0.997928
-0.292000 0.997928
-0.288000 0.997928
-0.284000 0.997928
-0.280000 0.997928
-0.276000 0.997928
-0.272000 0.997928
-0.268000 0.997928
-0.264000 0.997928
-0.260000 0.997928
-0.256000 0.997928
-0.252000 0.997928
-0.248000 0.997928
-0.244000 0.997928
-0.240000 0.997928
-0.236000 0.997928
-0.232000 0.997928
-0.228000 0.997928
-0.224000 0.997928
-0.220000 0.997928
-0.216000 0.997928
-0.212000 0.997928
-0.208000 0.997928
-0.204000 0.997928
-0.200000 0.997928
-0.196000 0.997928
-0.192000 0.997928
-0.188000 0.997928
-0.184000 0.997928
-0.180000 0.997928
-0.176000 0.997928
-0.172000 0.997928
-0.168000 0.997928
-0.164000 0.997928
-0.160000 0.997928
-0.156000 0.997928
-0.152000 0.997928
-0.148000 0.997928
-0.144000 0.997928
-0.140000 0.997928
-0.136000 0.997928
-0.132000 0.997928
-0.128000 0.997928
-0.124000 0.997928
-0.120000 0.997928
-0.116000 0.997928
-0.112000 0.997928
-0.108000 0.997928
-0.104000 0.997928
-0.100000 0.997928
-0.096000 0.997928
-0.092000 0.997928
-0.088000 0.997928
-0.084000 0.997928
-0.080000 0.997928
-0.076000 0.997928
-0.072000 0.997928
-0.068000 0.997928
-0.064000 0.997928
-0.060000 0.997927
-0.056000 0.997927
-0.052000 0.997927
-0.048000 0.997927
-0.044000 0.997927
-0.040000 0.997927
-0.036000 0.997927
-0.032000 0.997927
-0.028000 0.997927
-0.024000 0.997927
-0.020000 0.997927
-0.016000 0.997927
-0.012000 0.997927
-0.008000 0.997927
-0.004000 0.997927
0.000000 0.997926
0.004000 0.997926
0.008000 0.997926
0.012000 0.997926
0.016000 0.997926
0.020000 0.997926
0.024000 0.997926
0.028000 0.997926
0.032000 0.997925
0.036000 0.997925
0.040000 0.997925
0.044000 0.997925
0.048000 0.997925
0.052000 0.997924
0.056000 0.997924
0.060000 0.997924
0.064000 0.997924
0.068000 0.997923
0.072000 0.997923
0.076000 0.997923
0.080000 0.997922
0.084000 0.997922
0.088000 0.997922
0.092000 0.997921
0.096000 0.997921
0.100000 0.997920
0.104000 0.997920
0.108000 0.997919
0.112000 0.997919
0.116000 0.997918
0.120000 0.997918
0.124000 0.997917
0.128000 0.997916
0.132000 0.997916
0.136000 0.997915
0.140000 0.997914
0.144000 0.997913
0.148000 0.997912
0.152000 0.997911
0.156000 0.997910
0.160000 0.997909
0.164000 0.997908
0.168000 0.997907
0.172000 0.997906
0.176000 0.997905
0.180000 0.997904
0.184000 0.997902
0.188000 0.997901
0.192000 0.997899
0.196000 0.997898
0.200000 0.997896
0.204000 0.997895
0.208000 0.997893
0.212000 0.997891
0.216000 0.997889
0.220000 0.997887
0.224000 0.997885
0.228000 0.997883
0.232000 0.997880
0.236000 0.997878
0.240000 0.997875
0.244000 0.997873
0.248000 0.997870
0.252000 0.997867
0.256000 0.997864
0.260000 0.997861
0.264000 0.997858
0.268000 0.997854
0.272000 0.997851
0.276000 0.997847
0.280000 0.997843
0.284000 0.997839
0.288000 0.997835
0.292000 0.997831
0.296000 0.997827
0.300000 0.997822
0.304000 0.997817
0.308000 0.997812
0.312000 0.997807
0.316000 0.997802
0.320000 0.997796
0.324000 0.997790
0.328000 0.997784
0.332000 0.997778
0.336000 0.997772
0.340000 0.997765
0.344000 0.997758
0.348000 0.997751
0.352000 0.997744
0.356000 0.997736
0.360000 0.997728
0.364000 0.997720
0.368000 0.997712
0.372000 0.997703
0.376000 0.997694
0.380000 0.997685
0.384000 0.997676
0.388000 0.997666
0.392000 0.997656
0.396000 0.997645
0.400000 0.997635
0.404000 0.997624
0.408000 0.997612
0.412000 0.997601
0.416000 0.997589
0.420000 0.997576
0.424000 0.997564
0.428000 0.997550
0.432000 0.997537
0.436000 0.997523
0.440000 0.997509
0.444000 0.997495
0.448000 0.997480
0.452000 0.997464
0.456000 0.997449
0.460000 0.997432
0.464000 0.997416
0.468000 0.997399
0.472000 0.997382
0.476000 0.997364
0.480000 0.997346
0.484000 0.997327
0.488000 0.997308
0.492000 0.997289
0.496000 0.997269
0.500000 0.997249
0.504000 0.997228
0.508000 0.997207
0.512000 0.997185
0.516000 0.997163
0.520000 0.997140
0.524000 0.997117
0.528000 0.997094
0.532000 0.997070
0.536000 0.997046
0.540000 0.997021
0.544000 0.996995
0.548000 0.996970
0.552000 0.996943
0.556000 0.996917
0.560000 0.996889
0.564000 0.996862
0.568000 0.996834
0.572000 0.996805
0.576000 0.996776
0.580000 0.996746
0.584000 0.996716
0.588000 0.996686
0.592000 0.996655
0.596000 0.996624
0.600000 0.996592
0.604000 0.996559
0.608000 0.996527
0.612000 0.996494
0.616000 0.996460
0.620000 0.996426
0.624000 0.996391
0.628000 0.996357
0.632000 0.996321
0.636000 0.996286
0.640000 0.996249
0.644000 0.996213
0.648000 0.996176
0.652000 0.996139
0.656000 0.996101
0.660000 0.996063
0.664000 0.996024
0.668000 0.995985
0.672000 0.995946
0.676000 0.995907
0.680000 0.995867
0.684000 0.995827
0.688000 0.995786
0.692000 0.995745
0.696000 0.995704
0.700000 0.995663
0.704000 0.995621
0.708000 0.995579
0.712000 0.995537
0.716000 0.995494
0.720000 0.995451
0.724000 0.995408
0.728000 0.995365
0.732000 0.995322
0.736000 0.995278
0.740000 0.995234
0.744000 0.995190
0.748000 0.995146
0.752000 0.995102
0.756000 0.995058
0.760000 0.995013
0.764000 0.994968
0.768000 0.994924
0.772000 0.994879
0.776000 0.994834
0.780000 0.994789
0.784000 0.994744
0.788000 0.994699
0.792000 0.994653
0.796000 0.994608
0.800000 0.994563
0.804000 0.994518
0.808000 0.994473
0.812000 0.994428
0.816000 0.994383
0.820000 0.994337
0.824000 0.994293
0.828000 0.994248
0.832000 0.994203
0.836000 0.994158
0.840000 0.994114
0.844000 0.994069
0.848000 0.994025
0.852000 0.993981
0.856000 0.993937
0.860000 0.993893
0.864000 0.993849
0.868000 0.993806
0.872000 0.993763
0.876000 0.993719
0.880000 0.993677
0.884000 0.993634
0.888000 0.993592
0.892000 0.993550
0.896000 0.993508
0.900000 0.993466
0.904000 0.993425
0.908000 0.993384
0.912000 0.993343
0.916000 0.993303
0.920000 0.993263
0.924000 0.993223
0.928000 0.993183
0.932000 0.993144
0.936000 0.993105
0.940000 0.993067
0.944000 0.993028
0.948000 0.992990
0.952000 0.992952
0.956000 0.992914
0.960000 0.992876
0.964000 0.992838
0.968000 0.992799
0.972000 0.992760
0.976000 0.992719
0.980000 0.992676
0.984000 0.992630
0.988000 0.992579
0.992000 0.992522
0.996000 0.992455
1.000000 0.992375
