-1.000000 0.997928
-0.996000 0.997928
-0.992000 0.997928
-0.988000 0.997928
-0.984000 0.997928
-0.980000 0.997928
-0.976000 0.997928
-0.972000 0.997928
-0.968000 0.997928
-0.964000 0.997928
-0.960000 0.997928
-0.956000 0.997928
-0.952000 0.997928
-0.948000 0.997928
-0.944000 0.997928
-0.940000 0.997928
-0.936000 0.997928
-0.932000 0.997928
-0.928000 0.997928
-0.924000 0.997928
-0.920000 0.997928
-0.916000 0.997928
-0.912000 0.997928
-0.908000 0.997928
-0.904000 0.997928
-0.900000 0.997928
-0.896000 0.997928
-0.892000 0.997928
-0.888000 0.997928
-0.884000 0.997928
-0.880000 0.997928
-0.876000 0.997928
-0.872000 0.997928
-0.868000 0.997928
-0.864000 0.997928
-0.860000 0.997928
-0.856000 0.997928
-0.852000 0.997928
-0.848000 0.997928
-0.844000 0.997928
-0.840000 0.997928
-0.836000 0.997928
-0.832000 0.997928
-0.828000 0.997928
-0.824000 0.997928
-0.820000 0.997928
-0.816000 0.997928
-0.812000 0.997928
-0.808000 0.997928
-0.804000 0.997928
-0.800000 0.997928
-0.796000 0.997928
-0.792000 0.997928
-0.788000 0.997928
-0.784000 0.997928
-0.780000 0.997928
-0.776000 0.997928
-0.772000 0.997928
-0.768000 0.997928
-0.764000 0.997928
-0.760000 0.997928
-0.756000 0.997928
-0.752000 0.997928
-0.748000 0.997928
-0.744000 0.997928
-0.740000 0.997928
-0.736000 0.997928
-0.732000 0.997928
-0.728000 0.997928
-0.724000 0.997928
-0.720000 0.997928
-0.716000 0.997928
-0.712000 0.997928
-0.708000 0.997928
-0.704000 0.997928
-0.700000 0.997928
-0.696000 0.997928
-0.692000 0.997928
-0.688000 0.997928
-0.684000 0.997928
-0.680000 0.997928
-0.676000 0.997928
-0.672000 0.997928
-0.668000 0.997928
-0.664000 0.997928
-0.660000 0.997928
-0.656000 0.997928
-0.652000 0.997928
-0.648000 0.997928
-0.644000 0.997928
-0.640000 0.997928
-0.636000 0.997928
-0.632000 0.997928
-0.628000 0.997928
-0.624000 0.997928
-0.620000 0.997928
-0.616000 0.997928
-0.612000 0.997928
-0.608000 0.997928
-0.604000 0.997928
-0.600000 0.997928
-0.596000 0.997928
-0.592000 0.997928
-0.588000 0.997928
-0.584000 0.997928
-0.580000 0.997928
-0.576000 0.997928
-0.572000 0.997928
-0.568000 0.997928
-0.564000 0.997928
-0.560000 0.997928
-0.556000 0.997928
-0.552000 0.997928
-0.548000 0.997928
-0.544000 0.997928
-0.540000 0.997928
-0.536000 0.997928
-0.532000 0.997928
-0.528000 0.997928
-0.524000 0.997928
-0.520000 0.997928
-0.516000 0.997928
-0.512000 0.997928
-0.508000 0.997928
-0.504000 0.997928
-0.500000 0.997928
-0.496000 0.997928
-0.492000 0.997928
-0.488000 0.997928
-0.484000 0.997928
-0.480000 0.997928
-0.476000 0.997928
-0.472000 0.997928
-0.468000 0.997928
-0.464000 0.997928
-0.460000 0.997928
-0.456000 0.997928
-0.452000 0.997928
-0.448000 0.997928
-0.444000 0.997928
-0.440000 0.997928
-0.436000 0.997928
-0.432000 0.997928
-0.428000 0.997928
-0.424000 0.997928
-0.420000 0.997928
-0.416000 0.997928
-0.412000 0.997928
-0.408000 0.997928
-0.404000 0.997928
-0.400000 0.997928
-0.396000 0.997928
-0.392000 0.997928
-0.388000 0.997928
-0.384000 0.997928
-0.380000 0.997928
-0.376000 0.997928
-0.372000 0.997928
-0.368000 0.997928
-0.364000 0.997928
-0.360000 0.997928
-0.356000 0.997928
-0.352000 0.997928
-0.348000 0.997928
-0.344000 0.997928
-0.340000 0.997928
-0.336000 0.997928
-0.332000 0.997928
-0.328000 0.997928
-0.324000 0.997928
-0.320000 0.997928
-0.316000 0.997928
-0.312000 0.997928
-0.308000 0.997928
-0.304000 0.997928
-0.300000 0.997928
-0.296000 0.997928
-0.292000 0.997928
-0.288000 0.997928
-0.284000 0.997928
-0.280000 0.997928
-0.276000 0.997928
-0.272000 0.997928
-0.268000 0.997928
-0.264000 0.997928
-0.260000 0.997928
-0.256000 0.997928
-0.252000 0.997928
-0.248000 0.997928
-0.244000 0.997928
-0.240000 0.997928
-0.236000 0.997928
-0.232000 0.997928
-0.228000 0.997928
-0.224000 0.997928
-0.220000 0.997928
-0.216000 0.997928
-0.212000 0.997928
-0.208000 0.997928
-0.204000 0.997927
-0.200000 0.997927
-0.196000 0.997927
-0.192000 0.997927
-0.188000 0.997927
-0.184000 0.997927
-0.180000 0.997927
-0.176000 0.997927
-0.172000 0.997927
-0.168000 0.997927
-0.164000 0.997927
-0.160000 0.997927
-0.156000 0.997927
-0.152000 0.997927
-0.148000 0.997926
-0.144000 0.997926
-0.140000 0.997926
-0.136000 0.997926
-0.132000 0.997926
-0.128000 0.997926
-0.124000 0.997926
-0.120000 0.997925
-0.116000 0.997925
-0.112000 0.997925
-0.108000 0.997925
-0.104000 0.997925
-0.100000 0.997924
-0.096000 0.997924
-0.092000 0.997924
-0.088000 0.997923
-0.084000 0.997923
-0.080000 0.997923
-0.076000 0.997922
-0.072000 0.997922
-0.068000 0.997922
-0.064000 0.997921
-0.060000 0.997921
-0.056000 0.997920
-0.052000 0.997920
-0.048000 0.997919
-0.044000 0.997919
-0.040000 0.997918
-0.036000 0.997917
-0.032000 0.997917
-0.028000 0.997916
-0.024000 0.997915
-0.020000 0.997914
-0.016000 0.997913
-0.012000 0.997913
-0.008000 0.997912
-0.004000 0.997911
0.000000 0.997909
0.004000 0.997908
0.008000 0.997907
0.012000 0.997906
0.016000 0.997905
0.020000 0.997903
0.024000 0.997902
0.028000 0.997900
0.032000 0.997899
0.036000 0.997897
0.040000 0.997895
0.044000 0.997893
0.048000 0.997891
0.052000 0.997889
0.056000 0.997887
0.060000 0.997885
0.064000 0.997882
0.068000 0.997880
0.072000 0.997877
0.076000 0.997875
0.080000 0.997872
0.084000 0.997869
0.088000 0.997866
0.092000 0.997862
0.096000 0.997859
0.100000 0.997855
0.104000 0.997852
0.108000 0.997848
0.112000 0.997844
0.116000 0.997840
0.120000 0.997835
0.124000 0.997831
0.128000 0.997826
0.132000 0.997821
0.136000 0.997816
0.140000 0.997810
0.144000 0.997805
0.148000 0.997799
0.152000 0.997793
0.156000 0.997787
0.160000 0.997780
0.164000 0.997773
0.168000 0.997766
0.172000 0.997759
0.176000 0.997752
0.180000 0.997744
0.184000 0.997736
0.188000 0.997727
0.192000 0.997719
0.196000 0.997710
0.200000 0.997700
0.204000 0.997691
0.208000 0.997681
0.212000 0.997671
0.216000 0.997660
0.220000 0.997649
0.224000 0.997638
0.228000 0.997626
0.232000 0.997614
0.236000 0.997602
0.240000 0.997589
0.244000 0.997576
0.248000 0.997562
0.252000 0.997548
0.256000 0.997534
0.260000 0.997519
0.264000 0.997504
0.268000 0.997488
0.272000 0.997472
0.276000 0.997456
0.280000 0.997439
0.284000 0.997421
0.288000 0.997403
0.292000 0.997385
0.296000 0.997366
0.300000 0.997347
0.304000 0.997327
0.308000 0.997307
0.312000 0.997286
0.316000 0.997265
0.320000 0.997243
0.324000 0.997221
0.328000 0.997198
0.332000 0.997175
0.336000 0.997151
0.340000 0.997127
0.344000 0.997102
0.348000 0.997077
0.352000 0.997051
0.356000 0.997025
0.360000 0.996998
0.364000 0.996971
0.368000 0.996943
0.372000 0.996914
0.376000 0.996885
0.380000 0.996856
0.384000 0.996826
0.388000 0.996795
0.392000 0.996764
0.396000 0.996732
0.400000 0.996700
0.404000 0.996668
0.408000 0.996635
0.412000 0.996601
0.416000 0.996567
0.420000 0.996532
0.424000 0.996497
0.428000 0.996461
0.432000 0.996425
0.436000 0.996388
0.440000 0.996351
0.444000 0.996314
0.448000 0.996276
0.452000 0.996237
0.456000 0.996198
0.460000 0.996159
0.464000 0.996119
0.468000 0.996079
0.472000 0.996038
0.476000 0.995997
0.480000 0.995955
0.484000 0.995913
0.488000 0.995871
0.492000 0.995828
0.496000 0.995785
0.500000 0.995742
0.504000 0.995698
0.508000 0.995654
0.512000 0.995610
0.516000 0.995565
0.520000 0.995520
0.524000 0.995475
0.528000 0.995430
0.532000 0.995384
0.536000 0.995338
0.540000 0.995292
0.544000 0.995245
0.548000 0.995199
0.552000 0.995152
0.556000 0.995105
0.560000 0.995058
0.564000 0.995011
0.568000 0.994963
0.572000 0.994916
0.576000 0.994868
0.580000 0.994820
0.584000 0.994773
0.588000 0.994725
0.592000 0.994677
0.596000 0.994629
0.600000 0.994581
0.604000 0.994533
0.608000 0.994485
0.612000 0.994438
0.616000 0.994390
0.620000 0.994342
0.624000 0.994294
0.628000 0.994247
0.632000 0.994199
0.636000 0.994152
0.640000 0.994105
0.644000 0.994058
0.648000 0.994011
0.652000 0.993964
0.656000 0.993917
0.660000 0.993871
0.664000 0.993825
0.668000 0.993779
0.672000 0.993733
0.676000 0.993688
0.680000 0.993643
0.684000 0.993598
0.688000 0.993553
0.692000 0.993509
0.696000 0.993465
0.700000 0.993421
0.704000 0.993378
0.708000 0.993335
0.712000 0.993292
0.716000 0.993250
0.720000 0.993208
0.724000 0.993166
0.728000 0.993125
0.732000 0.993084
0.736000 0.993044
0.740000 0.993004
0.744000 0.992964
0.748000 0.992925
0.752000 0.992886
0.756000 0.992848
0.760000 0.992810
0.764000 0.992772
0.768000 0.992735
0.772000 0.992699
0.776000 0.992663
0.780000 0.992627
0.784000 0.992592
0.788000 0.992557
0.792000 0.992523
0.796000 0.992489
0.800000 0.992456
0.804000 0.992423
0.808000 0.992391
0.812000 0.992359
0.816000 0.992328
0.820000 0.992297
0.824000 0.992267
0.828000 0.992237
0.832000 0.992207
0.836000 0.992179
0.840000 0.992150
0.844000 0.992122
0.848000 0.992095
0.852000 0.992068
0.856000 0.992041
0.860000 0.992015
0.864000 0.991990
0.868000 0.991965
0.872000 0.991940
0.876000 0.991916
0.880000 0.991892
0.884000 0.991869
0.888000 0.991847
0.892000 0.991824
0.896000 0.991803
0.900000 0.991781
0.904000 0.991760
0.908000 0.991740
0.912000 0.991720
0.916000 0.991700
0.920000 0.991681
0.924000 0.991662
0.928000 0.991644
0.932000 0.991626
0.936000 0.991609
0.940000 0.991591
0.944000 0.991575
0.948000 0.991558
0.952000 0.991542
0.956000 0.991526
0.960000 0.991511
0.964000 0.991495
0.968000 0.991480
0.972000 0.991465
0.976000 0.991449
0.980000 0.991433
0.984000 0.991416
0.988000 0.991397
0.992000 0.991377
0.996000 0.991353
1.000000 0.991324
