-1.000000 0.997928
-0.996000 0.997928
-0.992000 0.997928
-0.988000 0.997928
-0.984000 0.997928
-0.980000 0.997928
-0.976000 0.997928
-0.972000 0.997928
-0.968000 0.997928
-0.964000 0.997928
-0.960000 0.997928
-0.956000 0.997928
-0.952000 0.997928
-0.948000 0.997928
-0.944000 0.997928
-0.940000 0.997928
-0.936000 0.997928
-0.932000 0.997928
-0.928000 0.997928
-0.924000 0.997928
-0.920000 0.997928
-0.916000 0.997928
-0.912000 0.997928
-0.908000 0.997928
-0.904000 0.997928
-0.900000 0.997928
-0.896000 0.997928
-0.892000 0.997928
-0.888000 0.997928
-0.884000 0.997928
-0.880000 0.997928
-0.876000 0.997928
-0.872000 0.997928
-0.868000 0.997928
-0.864000 0.997928
-0.860000 0.997928
-0.856000 0.997928
-0.852000 0.997928
-0.848000 0.997928
-0.844000 0.997928
-0.840000 0.997928
-0.836000 0.997928
-0.832000 0.997928
-0.828000 0.997928
-0.824000 0.997928
-0.820000 0.997928
-0.816000 0.997928
-0.812000 0.997928
-0.808000 0.997928
-0.804000 0.997928
-0.800000 0.997928
-0.796000 0.997928
-0.792000 0.997928
-0.788000 0.997928
-0.784000 0.997928
-0.780000 0.997928
-0.776000 0.997928
-0.772000 0.997928
-0.768000 0.997928
-0.764000 0.997928
-0.760000 0.997928
-0.756000 0.997928
-0.752000 0.997928
-0.748000 0.997928
-0.744000 0.997928
-0.740000 0.997928
-0.736000 0.997928
-0.732000 0.997928
-0.728000 0.997928
-0.724000 0.997928
-0.720000 0.997928
-0.716000 0.997928
-0.712000 0.997928
-0.708000 0.997928
-0.704000 0.997928
-0.700000 0.997928
-0.696000 0.997928
-0.692000 0.997928
-0.688000 0.997928
-0.684000 0.997928
-0.680000 0.997928
-0.676000 0.997928
-0.672000 0.997928
-0.668000 0.997928
-0.664000 0.997928
-0.660000 0.997928
-0.656000 0.997928
-0.652000 0.997928
-0.648000 0.997928
-0.644000 0.997928
-0.640000 0.997928
-0.636000 0.997928
-0.632000 0.997928
-0.628000 0.997928
-0.624000 0.997928
-0.620000 0.997928
-0.616000 0.997928
-0.612000 0.997928
-0.608000 0.997928
-0.604000 0.997928
-0.600000 0.997928
-0.596000 0.997928
-0.592000 0.997928
-0.588000 0.997928
-0.584000 0.997928
-0.580000 0.997928
-0.576000 0.997928
-0.572000 0.997928
-0.568000 0.997928
-0.564000 0.997928
-0.560000 0.997928
-0.556000 0.997928
-0.552000 0.997928
-0.548000 0.997928
-0.544000 0.997928
-0.540000 0.997928
-0.536000 0.997928
-0.532000 0.997928
-0.528000 0.997928
-0.524000 0.997928
-0.520000 0.997928
-0.516000 0.997928
-0.512000 0.997928
-0.508000 0.997928
-0.504000 0.997928
-0.500000 0.997928
-0.496000 0.997928
-0.492000 0.997928
-0.488000 0.997928
-0.484000 0.997928
-0.480000 0.997928
-0.476000 0.997928
-0.472000 0.997928
-0.468000 0.997928
-0.464000 0.997928
-0.460000 0.997928
-0.456000 0.997928
-0.452000 0.997928
-0.448000 0.997928
-0.444000 0.997928
-0.440000 0.997928
-0.436000 0.997928
-0.432000 0.997928
-0.428000 0.997928
-0.424000 0.997928
-0.420000 0.997928
-0.416000 0.997928
-0.412000 0.997928
-0.408000 0.997928
-0.404000 0.997928
-0.400000 0.997928
-0.396000 0.997928
-0.392000 0.997928
-0.388000 0.997928
-0.384000 0.997928
-0.380000 0.997928
-0.376000 0.997928
-0.372000 0.997928
-0.368000 0.997928
-0.364000 0.997928
-0.360000 0.997928
-0.356000 0.997928
-0.352000 0.997928
-0.348000 0.997928
-0.344000 0.997928
-0.340000 0.997928
-0.336000 0.997928
-0.332000 0.997928
-0.328000 0.997928
-0.324000 0.997928
-0.320000 0.997928
-0.316000 0.997928
-0.312000 0.997928
-0.308000 0.997928
-0.304000 0.997928
-0.300000 0.997928
-0.296000 0.997928
-0.292000 0.997928
-0.288000 0.997928
-0.284000 0.997928
-0.280000 0.997928
-0.276000 0.997928
-0.272000 0.997928
-0.268000 0.997928
-0.264000 0.997928
-0.260000 0.997928
-0.256000 0.997928
-0.252000 0.997928
-0.248000 0.997928
-0.244000 0.997928
-0.240000 0.997928
-0.236000 0.997928
-0.232000 0.997928
-0.228000 0.997928
-0.224000 0.997928
-0.220000 0.997928
-0.216000 0.997928
-0.212000 0.997928
-0.208000 0.997928
-0.204000 0.997928
-0.200000 0.997928
-0.196000 0.997928
-0.192000 0.997928
-0.188000 0.997928
-0.184000 0.997928
-0.180000 0.997928
-0.176000 0.997928
-0.172000 0.997928
-0.168000 0.997928
-0.164000 0.997928
-0.160000 0.997928
-0.156000 0.997928
-0.152000 0.997928
-0.148000 0.997928
-0.144000 0.997928
-0.140000 0.997928
-0.136000 0.997928
-0.132000 0.997928
-0.128000 0.997928
-0.124000 0.997928
-0.120000 0.997928
-0.116000 0.997928
-0.112000 0.997927
-0.108000 0.997927
-0.104000 0.997927
-0.100000 0.997927
-0.096000 0.997927
-0.092000 0.997927
-0.088000 0.997927
-0.084000 0.997927
-0.080000 0.997927
-0.076000 0.997927
-0.072000 0.997927
-0.068000 0.997927
-0.064000 0.997927
-0.060000 0.997927
-0.056000 0.997927
-0.052000 0.997926
-0.048000 0.997926
-0.044000 0.997926
-0.040000 0.997926
-0.036000 0.997926
-0.032000 0.997926
-0.028000 0.997926
-0.024000 0.997925
-0.020000 0.997925
-0.016000 0.997925
-0.012000 0.997925
-0.008000 0.997925
-0.004000 0.997924
0.000000 0.997924
0.004000 0.997924
0.008000 0.997924
0.012000 0.997923
0.016000 0.997923
0.020000 0.997923
0.024000 0.997922
0.028000 0.997922
0.032000 0.997922
0.036000 0.997921
0.040000 0.997921
0.044000 0.997920
0.048000 0.997920
0.052000 0.997919
0.056000 0.997919
0.060000 0.997918
0.064000 0.997918
0.068000 0.997917
0.072000 0.997916
0.076000 0.997916
0.080000 0.997915
0.084000 0.997914
0.088000 0.997913
0.092000 0.997912
0.096000 0.997911
0.100000 0.997910
0.104000 0.997909
0.108000 0.997908
0.112000 0.997907
0.116000 0.997906
0.120000 0.997905
0.124000 0.997903
0.128000 0.997902
0.132000 0.997901
0.136000 0.997899
0.140000 0.997897
0.144000 0.997896
0.148000 0.997894
0.152000 0.997892
0.156000 0.997890
0.160000 0.997888
0.164000 0.997886
0.168000 0.997884
0.172000 0.997882
0.176000 0.997879
0.180000 0.997877
0.184000 0.997874
0.188000 0.997871
0.192000 0.997868
0.196000 0.997865
0.200000 0.997862
0.204000 0.997859
0.208000 0.997856
0.212000 0.997852
0.216000 0.997848
0.220000 0.997844
0.224000 0.997840
0.228000 0.997836
0.232000 0.997832
0.236000 0.997827
0.240000 0.997823
0.244000 0.997818
0.248000 0.997813
0.252000 0.997808
0.256000 0.997802
0.260000 0.997796
0.264000 0.997791
0.268000 0.997785
0.272000 0.997778
0.276000 0.997772
0.280000 0.997765
0.284000 0.997758
0.288000 0.997751
0.292000 0.997743
0.296000 0.997735
0.300000 0.997727
0.304000 0.997719
0.308000 0.997710
0.312000 0.997701
0.316000 0.997692
0.320000 0.997683
0.324000 0.997673
0.328000 0.997663
0.332000 0.997653
0.336000 0.997642
0.340000 0.997631
0.344000 0.997619
0.348000 0.997608
0.352000 0.997596
0.356000 0.997583
0.360000 0.997570
0.364000 0.997557
0.368000 0.997544
0.372000 0.997530
0.376000 0.997516
0.380000 0.997501
0.384000 0.997486
0.388000 0.997470
0.392000 0.997454
0.396000 0.997438
0.400000 0.997421
0.404000 0.997404
0.408000 0.997387
0.412000 0.997369
0.416000 0.997350
0.420000 0.997331
0.424000 0.997312
0.428000 0.997292
0.432000 0.997272
0.436000 0.997251
0.440000 0.997230
0.444000 0.997209
0.448000 0.997187
0.452000 0.997164
0.456000 0.997141
0.460000 0.997118
0.464000 0.997094
0.468000 0.997069
0.472000 0.997044
0.476000 0.997019
0.480000 0.996993
0.484000 0.996967
0.488000 0.996940
0.492000 0.996912
0.496000 0.996884
0.500000 0.996856
0.504000 0.996827
0.508000 0.996798
0.512000 0.996768
0.516000 0.996738
0.520000 0.996707
0.524000 0.996676
0.528000 0.996644
0.532000 0.996612
0.536000 0.996579
0.540000 0.996546
0.544000 0.996513
0.548000 0.996479
0.552000 0.996444
0.556000 0.996409
0.560000 0.996374
0.564000 0.996338
0.568000 0.996302
0.572000 0.996265
0.576000 0.996228
0.580000 0.996190
0.584000 0.996152
0.588000 0.996114
0.592000 0.996075
0.596000 0.996036
0.600000 0.995997
0.604000 0.995957
0.608000 0.995917
0.612000 0.995876
0.616000 0.995835
0.620000 0.995794
0.624000 0.995752
0.628000 0.995710
0.632000 0.995668
0.636000 0.995625
0.640000 0.995583
0.644000 0.995539
0.648000 0.995496
0.652000 0.995453
0.656000 0.995409
0.660000 0.995365
0.664000 0.995320
0.668000 0.995276
0.672000 0.995231
0.676000 0.995186
0.680000 0.995141
0.684000 0.995096
0.688000 0.995051
0.692000 0.995005
0.696000 0.994960
0.700000 0.994914
0.704000 0.994868
0.708000 0.994822
0.712000 0.994776
0.716000 0.994730
0.720000 0.994684
0.724000 0.994638
0.728000 0.994592
0.732000 0.994546
0.736000 0.994500
0.740000 0.994454
0.744000 0.994408
0.748000 0.994362
0.752000 0.994316
0.756000 0.994270
0.760000 0.994225
0.764000 0.994179
0.768000 0.994133
0.772000 0.994088
0.776000 0.994043
0.780000 0.993998
0.784000 0.993953
0.788000 0.993908
0.792000 0.993863
0.796000 0.993819
0.800000 0.993775
0.804000 0.993731
0.808000 0.993687
0.812000 0.993644
0.816000 0.993601
0.820000 0.993558
0.824000 0.993515
0.828000 0.993472
0.832000 0.993430
0.836000 0.993389
0.840000 0.993347
0.844000 0.993306
0.848000 0.993265
0.852000 0.993224
0.856000 0.993184
0.860000 0.993144
0.864000 0.993105
0.868000 0.993066
0.872000 0.993027
0.876000 0.992989
0.880000 0.992951
0.884000 0.992913
0.888000 0.992876
0.892000 0.992839
0.896000 0.992803
0.900000 0.992767
0.904000 0.992731
0.908000 0.992696
0.912000 0.992661
0.916000 0.992627
0.920000 0.992593
0.924000 0.992560
0.928000 0.992526
0.932000 0.992494
0.936000 0.992462
0.940000 0.992430
0.944000 0.992398
0.948000 0.992367
0.952000 0.992336
0.956000 0.992306
0.960000 0.992275
0.964000 0.992245
0.968000 0.992214
0.972000 0.992183
0.976000 0.992151
0.980000 0.992117
0.984000 0.992082
0.988000 0.992043
0.992000 0.991999
0.996000 0.991947
1.000000 0.991886
