-1.000000 0.997928
-0.996000 0.997928
-0.992000 0.997928
-0.988000 0.997928
-0.984000 0.997928
-0.980000 0.997928
-0.976000 0.997928
-0.972000 0.997928
-0.968000 0.997928
-0.964000 0.997928
-0.960000 0.997928
-0.956000 0.997928
-0.952000 0.997928
-0.948000 0.997928
-0.944000 0.997928
-0.940000 0.997928
-0.936000 0.997928
-0.932000 0.997928
-0.928000 0.997928
-0.924000 0.997928
-0.920000 0.997928
-0.916000 0.997928
-0.912000 0.997928
-0.908000 0.997928
-0.904000 0.997928
-0.900000 0.997927
-0.896000 0.997927
-0.892000 0.997927
-0.888000 0.997927
-0.884000 0.997927
-0.880000 0.997927
-0.876000 0.997926
-0.872000 0.997926
-0.868000 0.997926
-0.864000 0.997926
-0.860000 0.997925
-0.856000 0.997925
-0.852000 0.997924
-0.848000 0.997924
-0.844000 0.997923
-0.840000 0.997922
-0.836000 0.997921
-0.832000 0.997921
-0.828000 0.997920
-0.824000 0.997918
-0.820000 0.997917
-0.816000 0.997916
-0.812000 0.997914
-0.808000 0.997912
-0.804000 0.997910
-0.800000 0.997908
-0.796000 0.997906
-0.792000 0.997903
-0.788000 0.997900
-0.784000 0.997897
-0.780000 0.997893
-0.776000 0.997889
-0.772000 0.997885
-0.768000 0.997880
-0.764000 0.997875
-0.760000 0.997869
-0.756000 0.997863
-0.752000 0.997857
-0.748000 0.997849
-0.744000 0.997842
-0.740000 0.997833
-0.736000 0.997824
-0.732000 0.997814
-0.728000 0.997803
-0.724000 0.997792
-0.720000 0.997780
-0.716000 0.997767
-0.712000 0.997753
-0.708000 0.997738
-0.704000 0.997722
-0.700000 0.997705
-0.696000 0.997686
-0.692000 0.997667
-0.688000 0.997646
-0.684000 0.997625
-0.680000 0.997602
-0.676000 0.997577
-0.672000 0.997552
-0.668000 0.997524
-0.664000 0.997496
-0.660000 0.997466
-0.656000 0.997434
-0.652000 0.997401
-0.648000 0.997367
-0.644000 0.997330
-0.640000 0.997293
-0.636000 0.997253
-0.632000 0.997212
-0.628000 0.997169
-0.624000 0.997125
-0.620000 0.997078
-0.616000 0.997030
-0.612000 0.996981
-0.608000 0.996929
-0.604000 0.996876
-0.600000 0.996821
-0.596000 0.996765
-0.592000 0.996706
-0.588000 0.996646
-0.584000 0.996585
-0.580000 0.996522
-0.576000 0.996457
-0.572000 0.996391
-0.568000 0.996323
-0.564000 0.996254
-0.560000 0.996183
-0.556000 0.996111
-0.552000 0.996038
-0.548000 0.995963
-0.544000 0.995887
-0.540000 0.995811
-0.536000 0.995733
-0.532000 0.995654
-0.528000 0.995574
-0.524000 0.995493
-0.520000 0.995411
-0.516000 0.995329
-0.512000 0.995246
-0.508000 0.995163
-0.504000 0.995079
-0.500000 0.994995
-0.496000 0.994910
-0.492000 0.994825
-0.488000 0.994740
-0.484000 0.994655
-0.480000 0.994571
-0.476000 0.994486
-0.472000 0.994401
-0.468000 0.994317
-0.464000 0.994233
-0.460000 0.994149
-0.456000 0.994066
-0.452000 0.993984
-0.448000 0.993902
-0.444000 0.993820
-0.440000 0.993740
-0.436000 0.993661
-0.432000 0.993582
-0.428000 0.993504
-0.424000 0.993428
-0.420000 0.993352
-0.416000 0.993277
-0.412000 0.993204
-0.408000 0.993132
-0.404000 0.993061
-0.400000 0.992992
-0.396000 0.992923
-0.392000 0.992856
-0.388000 0.992791
-0.384000 0.992727
-0.380000 0.992664
-0.376000 0.992603
-0.372000 0.992543
-0.368000 0.992485
-0.364000 0.992428
-0.360000 0.992372
-0.356000 0.992318
-0.352000 0.992266
-0.348000 0.992215
-0.344000 0.992166
-0.340000 0.992118
-0.336000 0.992071
-0.332000 0.992026
-0.328000 0.991982
-0.324000 0.991940
-0.320000 0.991899
-0.316000 0.991860
-0.312000 0.991822
-0.308000 0.991785
-0.304000 0.991750
-0.300000 0.991716
-0.296000 0.991683
-0.292000 0.991651
-0.288000 0.991621
-0.284000 0.991592
-0.280000 0.991564
-0.276000 0.991537
-0.272000 0.991511
-0.268000 0.991487
-0.264000 0.991463
-0.260000 0.991441
-0.256000 0.991419
-0.252000 0.991398
-0.248000 0.991379
-0.244000 0.991360
-0.240000 0.991342
-0.236000 0.991325
-0.232000 0.991309
-0.228000 0.991293
-0.224000 0.991279
-0.220000 0.991265
-0.216000 0.991251
-0.212000 0.991239
-0.208000 0.991227
-0.204000 0.991215
-0.200000 0.991205
-0.196000 0.991195
-0.192000 0.991185
-0.188000 0.991176
-0.184000 0.991167
-0.180000 0.991159
-0.176000 0.991151
-0.172000 0.991144
-0.168000 0.991137
-0.164000 0.991131
-0.160000 0.991125
-0.156000 0.991119
-0.152000 0.991114
-0.148000 0.991109
-0.144000 0.991104
-0.140000 0.991099
-0.136000 0.991095
-0.132000 0.991091
-0.128000 0.991087
-0.124000 0.991084
-0.120000 0.991081
-0.116000 0.991078
-0.112000 0.991075
-0.108000 0.991072
-0.104000 0.991070
-0.100000 0.991067
-0.096000 0.991065
-0.092000 0.991063
-0.088000 0.991061
-0.084000 0.991059
-0.080000 0.991058
-0.076000 0.991056
-0.072000 0.991055
-0.068000 0.991054
-0.064000 0.991052
-0.060000 0.991051
-0.056000 0.991050
-0.052000 0.991049
-0.048000 0.991048
-0.044000 0.991047
-0.040000 0.991046
-0.036000 0.991046
-0.032000 0.991045
-0.028000 0.991044
-0.024000 0.991044
-0.020000 0.991043
-0.016000 0.991043
-0.012000 0.991042
-0.008000 0.991042
-0.004000 0.991042
0.000000 0.991041
0.004000 0.991041
0.008000 0.991040
0.012000 0.991040
0.016000 0.991040
0.020000 0.991040
0.024000 0.991039
0.028000 0.991039
0.032000 0.991039
0.036000 0.991039
0.040000 0.991039
0.044000 0.991039
0.048000 0.991038
0.052000 0.991038
0.056000 0.991038
0.060000 0.991038
0.064000 0.991038
0.068000 0.991038
0.072000 0.991038
0.076000 0.991038
0.080000 0.991038
0.084000 0.991038
0.088000 0.991038
0.092000 0.991038
0.096000 0.991037
0.100000 0.991037
0.104000 0.991037
0.108000 0.991037
0.112000 0.991037
0.116000 0.991037
0.120000 0.991037
0.124000 0.991037
0.128000 0.991037
0.132000 0.991037
0.136000 0.991037
0.140000 0.991037
0.144000 0.991037
0.148000 0.991037
0.152000 0.991037
0.156000 0.991037
0.160000 0.991037
0.164000 0.991037
0.168000 0.991037
0.172000 0.991037
0.176000 0.991037
0.180000 0.991037
0.184000 0.991037
0.188000 0.991037
0.192000 0.991037
0.196000 0.991037
0.200000 0.991037
0.204000 0.991037
0.208000 0.991037
0.212000 0.991037
0.216000 0.991037
0.220000 0.991037
0.224000 0.991037
0.228000 0.991037
0.232000 0.991037
0.236000 0.991037
0.240000 0.991037
0.244000 0.991037
0.248000 0.991037
0.252000 0.991037
0.256000 0.991037
0.260000 0.991037
0.264000 0.991037
0.268000 0.991037
0.272000 0.991037
0.276000 0.991037
0.280000 0.991037
0.284000 0.991037
0.288000 0.991037
0.292000 0.991037
0.296000 0.991037
0.300000 0.991037
0.304000 0.991037
0.308000 0.991037
0.312000 0.991037
0.316000 0.991037
0.320000 0.991037
0.324000 0.991037
0.328000 0.991037
0.332000 0.991037
0.336000 0.991037
0.340000 0.991037
0.344000 0.991037
0.348000 0.991037
0.352000 0.991037
0.356000 0.991037
0.360000 0.991037
0.364000 0.991037
0.368000 0.991037
0.372000 0.991037
0.376000 0.991037
0.380000 0.991037
0.384000 0.991037
0.388000 0.991037
0.392000 0.991037
0.396000 0.991037
0.400000 0.991037
0.404000 0.991037
0.408000 0.991037
0.412000 0.991037
0.416000 0.991037
0.420000 0.991037
0.424000 0.991037
0.428000 0.991037
0.432000 0.991037
0.436000 0.991037
0.440000 0.991037
0.444000 0.991037
0.448000 0.991037
0.452000 0.991037
0.456000 0.991037
0.460000 0.991037
0.464000 0.991037
0.468000 0.991037
0.472000 0.991037
0.476000 0.991037
0.480000 0.991037
0.484000 0.991037
0.488000 0.991037
0.492000 0.991037
0.496000 0.991037
0.500000 0.991037
0.504000 0.991037
0.508000 0.991037
0.512000 0.991037
0.516000 0.991037
0.520000 0.991037
0.524000 0.991037
0.528000 0.991037
0.532000 0.991037
0.536000 0.991037
0.540000 0.991037
0.544000 0.991037
0.548000 0.991037
0.552000 0.991037
0.556000 0.991037
0.560000 0.991037
0.564000 0.991037
0.568000 0.991037
0.572000 0.991037
0.576000 0.991037
0.580000 0.991037
0.584000 0.991037
0.588000 0.991037
0.592000 0.991037
0.596000 0.991037
0.600000 0.991037
0.604000 0.991037
0.608000 0.991037
0.612000 0.991037
0.616000 0.991037
0.620000 0.991037
0.624000 0.991037
0.628000 0.991037
0.632000 0.991037
0.636000 0.991037
0.640000 0.991037
0.644000 0.991037
0.648000 0.991037
0.652000 0.991037
0.656000 0.991037
0.660000 0.991037
0.664000 0.991037
0.668000 0.991037
0.672000 0.991037
0.676000 0.991037
0.680000 0.991037
0.684000 0.991037
0.688000 0.991037
0.692000 0.991037
0.696000 0.991037
0.700000 0.991037
0.704000 0.991037
0.708000 0.991037
0.712000 0.991037
0.716000 0.991037
0.720000 0.991037
0.724000 0.991037
0.728000 0.991037
0.732000 0.991037
0.736000 0.991037
0.740000 0.991037
0.744000 0.991037
0.748000 0.991037
0.752000 0.991037
0.756000 0.991037
0.760000 0.991037
0.764000 0.991037
0.768000 0.991037
0.772000 0.991037
0.776000 0.991037
0.780000 0.991037
0.784000 0.991037
0.788000 0.991037
0.792000 0.991037
0.796000 0.991037
0.800000 0.991037
0.804000 0.991037
0.808000 0.991037
0.812000 0.991037
0.816000 0.991037
0.820000 0.991037
0.824000 0.991037
0.828000 0.991037
0.832000 0.991037
0.836000 0.991037
0.840000 0.991037
0.844000 0.991037
0.848000 0.991037
0.852000 0.991037
0.856000 0.991037
0.860000 0.991037
0.864000 0.991037
0.868000 0.991037
0.872000 0.991037
0.876000 0.991037
0.880000 0.991037
0.884000 0.991037
0.888000 0.991037
0.892000 0.991037
0.896000 0.991037
0.900000 0.991037
0.904000 0.991037
0.908000 0.991037
0.912000 0.991037
0.916000 0.991037
0.920000 0.991037
0.924000 0.991037
0.928000 0.991037
0.932000 0.991037
0.936000 0.991037
0.940000 0.991037
0.944000 0.991037
0.948000 0.991037
0.952000 0.991037
0.956000 0.991037
0.960000 0.991037
0.964000 0.991037
0.968000 0.991037
0.972000 0.991037
0.976000 0.991037
0.980000 0.991037
0.984000 0.991037
0.988000 0.991037
0.992000 0.991037
0.996000 0.991037
1.000000 0.991037
