-1.000000 0.991037
-0.996000 0.991037
-0.992000 0.991037
-0.988000 0.991037
-0.984000 0.991037
-0.980000 0.991037
-0.976000 0.991037
-0.972000 0.991037
-0.968000 0.991037
-0.964000 0.991037
-0.960000 0.991037
-0.956000 0.991037
-0.952000 0.991037
-0.948000 0.991037
-0.944000 0.991037
-0.940000 0.991037
-0.936000 0.991037
-0.932000 0.991037
-0.928000 0.991037
-0.924000 0.991037
-0.920000 0.991037
-0.916000 0.991037
-0.912000 0.991037
-0.908000 0.991037
-0.904000 0.991037
-0.900000 0.991037
-0.896000 0.991037
-0.892000 0.991037
-0.888000 0.991037
-0.884000 0.991037
-0.880000 0.991037
-0.876000 0.991037
-0.872000 0.991037
-0.868000 0.991037
-0.864000 0.991037
-0.860000 0.991037
-0.856000 0.991037
-0.852000 0.991037
-0.848000 0.991037
-0.844000 0.991037
-0.840000 0.991037
-0.836000 0.991037
-0.832000 0.991037
-0.828000 0.991037
-0.824000 0.991037
-0.820000 0.991037
-0.816000 0.991037
-0.812000 0.991037
-0.808000 0.991037
-0.804000 0.991037
-0.800000 0.991037
-0.796000 0.991037
-0.792000 0.991037
-0.788000 0.991037
-0.784000 0.991037
-0.780000 0.991037
-0.776000 0.991037
-0.772000 0.991037
-0.768000 0.991037
-0.764000 0.991037
-0.760000 0.991037
-0.756000 0.991037
-0.752000 0.991037
-0.748000 0.991037
-0.744000 0.991037
-0.740000 0.991037
-0.736000 0.991037
-0.732000 0.991037
-0.728000 0.991037
-0.724000 0.991037
-0.720000 0.991037
-0.716000 0.991037
-0.712000 0.991037
-0.708000 0.991037
-0.704000 0.991037
-0.700000 0.991037
-0.696000 0.991037
-0.692000 0.991037
-0.688000 0.991037
-0.684000 0.991037
-0.680000 0.991037
-0.676000 0.991037
-0.672000 0.991037
-0.668000 0.991037
-0.664000 0.991037
-0.660000 0.991037
-0.656000 0.991037
-0.652000 0.991037
-0.648000 0.991037
-0.644000 0.991037
-0.640000 0.991037
-0.636000 0.991037
-0.632000 0.991037
-0.628000 0.991037
-0.624000 0.991037
-0.620000 0.991037
-0.616000 0.991037
-0.612000 0.991037
-0.608000 0.991037
-0.604000 0.991037
-0.600000 0.991037
-0.596000 0.991037
-0.592000 0.991037
-0.588000 0.991037
-0.584000 0.991037
-0.580000 0.991037
-0.576000 0.991037
-0.572000 0.991037
-0.568000 0.991037
-0.564000 0.991037
-0.560000 0.991037
-0.556000 0.991037
-0.552000 0.991037
-0.548000 0.991037
-0.544000 0.991037
-0.540000 0.991037
-0.536000 0.991037
-0.532000 0.991037
-0.528000 0.991037
-0.524000 0.991037
-0.520000 0.991037
-0.516000 0.991037
-0.512000 0.991037
-0.508000 0.991037
-0.504000 0.991037
-0.500000 0.991037
-0.496000 0.991037
-0.492000 0.991037
-0.488000 0.991037
-0.484000 0.991037
-0.480000 0.991037
-0.476000 0.991037
-0.472000 0.991037
-0.468000 0.991037
-0.464000 0.991037
-0.460000 0.991037
-0.456000 0.991037
-0.452000 0.991037
-0.448000 0.991037
-0.444000 0.991037
-0.440000 0.991037
-0.436000 0.991037
-0.432000 0.991038
-0.428000 0.991038
-0.424000 0.991038
-0.420000 0.991038
-0.416000 0.991038
-0.412000 0.991038
-0.408000 0.991038
-0.404000 0.991038
-0.400000 0.991038
-0.396000 0.991038
-0.392000 0.991038
-0.388000 0.991038
-0.384000 0.991038
-0.380000 0.991039
-0.376000 0.991039
-0.372000 0.991039
-0.368000 0.991039
-0.364000 0.991039
-0.360000 0.991039
-0.356000 0.991040
-0.352000 0.991040
-0.348000 0.991040
-0.344000 0.991040
-0.340000 0.991040
-0.336000 0.991041
-0.332000 0.991041
-0.328000 0.991041
-0.324000 0.991042
-0.320000 0.991042
-0.316000 0.991042
-0.312000 0.991043
-0.308000 0.991043
-0.304000 0.991044
-0.300000 0.991044
-0.296000 0.991045
-0.292000 0.991045
-0.288000 0.991046
-0.284000 0.991047
-0.280000 0.991047
-0.276000 0.991048
-0.272000 0.991049
-0.268000 0.991050
-0.264000 0.991050
-0.260000 0.991051
-0.256000 0.991052
-0.252000 0.991053
-0.248000 0.991054
-0.244000 0.991056
-0.240000 0.991057
-0.236000 0.991058
-0.232000 0.991059
-0.228000 0.991061
-0.224000 0.991062
-0.220000 0.991064
-0.216000 0.991066
-0.212000 0.991067
-0.208000 0.991069
-0.204000 0.991071
-0.200000 0.991073
-0.196000 0.991075
-0.192000 0.991078
-0.188000 0.991080
-0.184000 0.991083
-0.180000 0.991085
-0.176000 0.991088
-0.172000 0.991091
-0.168000 0.991094
-0.164000 0.991097
-0.160000 0.991100
-0.156000 0.991104
-0.152000 0.991107
-0.148000 0.991111
-0.144000 0.991115
-0.140000 0.991119
-0.136000 0.991124
-0.132000 0.991128
-0.128000 0.991133
-0.124000 0.991138
-0.120000 0.991143
-0.116000 0.991148
-0.112000 0.991153
-0.108000 0.991159
-0.104000 0.991165
-0.100000 0.991171
-0.096000 0.991177
-0.092000 0.991184
-0.088000 0.991191
-0.084000 0.991198
-0.080000 0.991205
-0.076000 0.991213
-0.072000 0.991221
-0.068000 0.991229
-0.064000 0.991238
-0.060000 0.991246
-0.056000 0.991255
-0.052000 0.991265
-0.048000 0.991274
-0.044000 0.991284
-0.040000 0.991294
-0.036000 0.991305
-0.032000 0.991316
-0.028000 0.991327
-0.024000 0.991339
-0.020000 0.991350
-0.016000 0.991363
-0.012000 0.991375
-0.008000 0.991388
-0.004000 0.991401
0.000000 0.991415
0.004000 0.991429
0.008000 0.991443
0.012000 0.991458
0.016000 0.991473
0.020000 0.991488
0.024000 0.991504
0.028000 0.991520
0.032000 0.991536
0.036000 0.991553
0.040000 0.991570
0.044000 0.991588
0.048000 0.991606
0.052000 0.991624
0.056000 0.991643
0.060000 0.991662
0.064000 0.991681
0.068000 0.991701
0.072000 0.991721
0.076000 0.991742
0.080000 0.991762
0.084000 0.991784
0.088000 0.991805
0.092000 0.991827
0.096000 0.991849
0.100000 0.991872
0.104000 0.991895
0.108000 0.991918
0.112000 0.991942
0.116000 0.991966
0.120000 0.991990
0.124000 0.992015
0.128000 0.992039
0.132000 0.992065
0.136000 0.992090
0.140000 0.992116
0.144000 0.992142
0.148000 0.992168
0.152000 0.992195
0.156000 0.992221
0.160000 0.992248
0.164000 0.992276
0.168000 0.992303
0.172000 0.992331
0.176000 0.992359
0.180000 0.992387
0.184000 0.992415
0.188000 0.992444
0.192000 0.992472
0.196000 0.992501
0.200000 0.992530
0.204000 0.992559
0.208000 0.992588
0.212000 0.992618
0.216000 0.992647
0.220000 0.992677
0.224000 0.992706
0.228000 0.992736
0.232000 0.992766
0.236000 0.992796
0.240000 0.992825
0.244000 0.992855
0.248000 0.992885
0.252000 0.992915
0.256000 0.992945
0.260000 0.992975
0.264000 0.993004
0.268000 0.993034
0.272000 0.993064
0.276000 0.993094
0.280000 0.993123
0.284000 0.993153
0.288000 0.993182
0.292000 0.993211
0.296000 0.993241
0.300000 0.993270
0.304000 0.993299
0.308000 0.993327
0.312000 0.993356
0.316000 0.993384
0.320000 0.993413
0.324000 0.993441
0.328000 0.993469
0.332000 0.993496
0.336000 0.993524
0.340000 0.993551
0.344000 0.993578
0.348000 0.993605
0.352000 0.993631
0.356000 0.993658
0.360000 0.993684
0.364000 0.993710
0.368000 0.993735
0.372000 0.993760
0.376000 0.993785
0.380000 0.993810
0.384000 0.993835
0.388000 0.993859
0.392000 0.993882
0.396000 0.993906
0.400000 0.993929
0.404000 0.993952
0.408000 0.993975
0.412000 0.993997
0.416000 0.994019
0.420000 0.994040
0.424000 0.994062
0.428000 0.994083
0.432000 0.994103
0.436000 0.994124
0.440000 0.994143
0.444000 0.994163
0.448000 0.994182
0.452000 0.994201
0.456000 0.994220
0.460000 0.994238
0.464000 0.994256
0.468000 0.994274
0.472000 0.994291
0.476000 0.994308
0.480000 0.994324
0.484000 0.994341
0.488000 0.994357
0.492000 0.994372
0.496000 0.994388
0.500000 0.994403
0.504000 0.994417
0.508000 0.994431
0.512000 0.994445
0.516000 0.994459
0.520000 0.994472
0.524000 0.994486
0.528000 0.994498
0.532000 0.994511
0.536000 0.994523
0.540000 0.994535
0.544000 0.994546
0.548000 0.994557
0.552000 0.994568
0.556000 0.994579
0.560000 0.994590
0.564000 0.994600
0.568000 0.994610
0.572000 0.994619
0.576000 0.994629
0.580000 0.994638
0.584000 0.994646
0.588000 0.994655
0.592000 0.994663
0.596000 0.994672
0.600000 0.994679
0.604000 0.994687
0.608000 0.994694
0.612000 0.994702
0.616000 0.994709
0.620000 0.994715
0.624000 0.994722
0.628000 0.994728
0.632000 0.994735
0.636000 0.994740
0.640000 0.994746
0.644000 0.994752
0.648000 0.994757
0.652000 0.994763
0.656000 0.994768
0.660000 0.994772
0.664000 0.994777
0.668000 0.994782
0.672000 0.994786
0.676000 0.994790
0.680000 0.994795
0.684000 0.994799
0.688000 0.994802
0.692000 0.994806
0.696000 0.994810
0.700000 0.994813
0.704000 0.994816
0.708000 0.994820
0.712000 0.994823
0.716000 0.994826
0.720000 0.994828
0.724000 0.994831
0.728000 0.994834
0.732000 0.994836
0.736000 0.994839
0.740000 0.994841
0.744000 0.994843
0.748000 0.994846
0.752000 0.994848
0.756000 0.994850
0.760000 0.994852
0.764000 0.994853
0.768000 0.994855
0.772000 0.994857
0.776000 0.994858
0.780000 0.994860
0.784000 0.994861
0.788000 0.994863
0.792000 0.994864
0.796000 0.994866
0.800000 0.994867
0.804000 0.994868
0.808000 0.994869
0.812000 0.994870
0.816000 0.994871
0.820000 0.994872
0.824000 0.994873
0.828000 0.994874
0.832000 0.994875
0.836000 0.994876
0.840000 0.994877
0.844000 0.994877
0.848000 0.994878
0.852000 0.994879
0.856000 0.994880
0.860000 0.994880
0.864000 0.994881
0.868000 0.994881
0.872000 0.994882
0.876000 0.994882
0.880000 0.994883
0.884000 0.994883
0.888000 0.994884
0.892000 0.994884
0.896000 0.994885
0.900000 0.994885
0.904000 0.994885
0.908000 0.994886
0.912000 0.994886
0.916000 0.994886
0.920000 0.994887
0.924000 0.994887
0.928000 0.994887
0.932000 0.994888
0.936000 0.994888
0.940000 0.994888
0.944000 0.994888
0.948000 0.994888
0.952000 0.994889
0.956000 0.994889
0.960000 0.994889
0.964000 0.994889
0.968000 0.994889
0.972000 0.994890
0.976000 0.994890
0.980000 0.994890
0.984000 0.994890
0.988000 0.994890
0.992000 0.994890
0.996000 0.994891
1.000000 0.994891
