-1.000000 0.997928
-0.996000 0.997928
-0.992000 0.997928
-0.988000 0.997928
-0.984000 0.997928
-0.980000 0.997928
-0.976000 0.997928
-0.972000 0.997928
-0.968000 0.997928
-0.964000 0.997928
-0.960000 0.997928
-0.956000 0.997928
-0.952000 0.997928
-0.948000 0.997928
-0.944000 0.997928
-0.940000 0.997928
-0.936000 0.997928
-0.932000 0.997928
-0.928000 0.997928
-0.924000 0.997928
-0.920000 0.997928
-0.916000 0.997928
-0.912000 0.997928
-0.908000 0.997928
-0.904000 0.997928
-0.900000 0.997928
-0.896000 0.997928
-0.892000 0.997928
-0.888000 0.997928
-0.884000 0.997928
-0.880000 0.997928
-0.876000 0.997928
-0.872000 0.997928
-0.868000 0.997928
-0.864000 0.997928
-0.860000 0.997928
-0.856000 0.997928
-0.852000 0.997928
-0.848000 0.997928
-0.844000 0.997928
-0.840000 0.997928
-0.836000 0.997928
-0.832000 0.997928
-0.828000 0.997928
-0.824000 0.997928
-0.820000 0.997928
-0.816000 0.997928
-0.812000 0.997928
-0.808000 0.997928
-0.804000 0.997928
-0.800000 0.997928
-0.796000 0.997928
-0.792000 0.997928
-0.788000 0.997928
-0.784000 0.997928
-0.780000 0.997928
-0.776000 0.997928
-0.772000 0.997928
-0.768000 0.997928
-0.764000 0.997928
-0.760000 0.997928
-0.756000 0.997928
-0.752000 0.997928
-0.748000 0.997928
-0.744000 0.997928
-0.740000 0.997928
-0.736000 0.997928
-0.732000 0.997928
-0.728000 0.997928
-0.724000 0.997928
-0.720000 0.997928
-0.716000 0.997928
-0.712000 0.997928
-0.708000 0.997928
-0.704000 0.997928
-0.700000 0.997928
-0.696000 0.997928
-0.692000 0.997928
-0.688000 0.997928
-0.684000 0.997928
-0.680000 0.997928
-0.676000 0.997928
-0.672000 0.997928
-0.668000 0.997928
-0.664000 0.997928
-0.660000 0.997928
-0.656000 0.997928
-0.652000 0.997928
-0.648000 0.997928
-0.644000 0.997928
-0.640000 0.997928
-0.636000 0.997928
-0.632000 0.997928
-0.628000 0.997928
-0.624000 0.997928
-0.620000 0.997928
-0.616000 0.997928
-0.612000 0.997928
-0.608000 0.997928
-0.604000 0.997928
-0.600000 0.997928
-0.596000 0.997928
-0.592000 0.997928
-0.588000 0.997928
-0.584000 0.997928
-0.580000 0.997928
-0.576000 0.997928
-0.572000 0.997928
-0.568000 0.997928
-0.564000 0.997928
-0.560000 0.997928
-0.556000 0.997928
-0.552000 0.997928
-0.548000 0.997928
-0.544000 0.997928
-0.540000 0.997928
-0.536000 0.997928
-0.532000 0.997928
-0.528000 0.997928
-0.524000 0.997928
-0.520000 0.997928
-0.516000 0.997928
-0.512000 0.997928
-0.508000 0.997928
-0.504000 0.997928
-0.500000 0.997928
-0.496000 0.997928
-0.492000 0.997928
-0.488000 0.997928
-0.484000 0.997928
-0.480000 0.997928
-0.476000 0.997928
-0.472000 0.997928
-0.468000 0.997928
-0.464000 0.997928
-0.460000 0.997928
-0.456000 0.997928
-0.452000 0.997928
-0.448000 0.997928
-0.444000 0.997928
-0.440000 0.997928
-0.436000 0.997928
-0.432000 0.997928
-0.428000 0.997928
-0.424000 0.997928
-0.420000 0.997928
-0.416000 0.997928
-0.412000 0.997928
-0.408000 0.997928
-0.404000 0.997928
-0.400000 0.997928
-0.396000 0.997928
-0.392000 0.997928
-0.388000 0.997928
-0.384000 0.997928
-0.380000 0.997928
-0.376000 0.997927
-0.372000 0.997927
-0.368000 0.997927
-0.364000 0.997927
-0.360000 0.997927
-0.356000 0.997927
-0.352000 0.997927
-0.348000 0.997927
-0.344000 0.997927
-0.340000 0.997927
-0.336000 0.997927
-0.332000 0.997927
-0.328000 0.997927
-0.324000 0.997926
-0.320000 0.997926
-0.316000 0.997926
-0.312000 0.997926
-0.308000 0.997926
-0.304000 0.997926
-0.300000 0.997925
-0.296000 0.997925
-0.292000 0.997925
-0.288000 0.997925
-0.284000 0.997925
-0.280000 0.997924
-0.276000 0.997924
-0.272000 0.997924
-0.268000 0.997923
-0.264000 0.997923
-0.260000 0.997923
-0.256000 0.997922
-0.252000 0.997922
-0.248000 0.997921
-0.244000 0.997921
-0.240000 0.997920
-0.236000 0.997920
-0.232000 0.997919
-0.228000 0.997918
-0.224000 0.997918
-0.220000 0.997917
-0.216000 0.997916
-0.212000 0.997915
-0.208000 0.997915
-0.204000 0.997914
-0.200000 0.997913
-0.196000 0.997912
-0.192000 0.997910
-0.188000 0.997909
-0.184000 0.997908
-0.180000 0.997907
-0.176000 0.997905
-0.172000 0.997904
-0.168000 0.997902
-0.164000 0.997901
-0.160000 0.997899
-0.156000 0.997897
-0.152000 0.997895
-0.148000 0.997893
-0.144000 0.997891
-0.140000 0.997889
-0.136000 0.997886
-0.132000 0.997884
-0.128000 0.997881
-0.124000 0.997878
-0.120000 0.997875
-0.116000 0.997872
-0.112000 0.997869
-0.108000 0.997865
-0.104000 0.997862
-0.100000 0.997858
-0.096000 0.997854
-0.092000 0.997850
-0.088000 0.997846
-0.084000 0.997841
-0.080000 0.997837
-0.076000 0.997832
-0.072000 0.997826
-0.068000 0.997821
-0.064000 0.997815
-0.060000 0.997809
-0.056000 0.997803
-0.052000 0.997797
-0.048000 0.997790
-0.044000 0.997783
-0.040000 0.997776
-0.036000 0.997768
-0.032000 0.997760
-0.028000 0.997752
-0.024000 0.997744
-0.020000 0.997735
-0.016000 0.997726
-0.012000 0.997716
-0.008000 0.997706
-0.004000 0.997696
0.000000 0.997685
0.004000 0.997674
0.008000 0.997663
0.012000 0.997651
0.016000 0.997639
0.020000 0.997626
0.024000 0.997613
0.028000 0.997599
0.032000 0.997585
0.036000 0.997571
0.040000 0.997556
0.044000 0.997540
0.048000 0.997524
0.052000 0.997508
0.056000 0.997491
0.060000 0.997473
0.064000 0.997455
0.068000 0.997437
0.072000 0.997418
0.076000 0.997398
0.080000 0.997378
0.084000 0.997357
0.088000 0.997336
0.092000 0.997314
0.096000 0.997292
0.100000 0.997269
0.104000 0.997245
0.108000 0.997221
0.112000 0.997196
0.116000 0.997171
0.120000 0.997145
0.124000 0.997118
0.128000 0.997091
0.132000 0.997063
0.136000 0.997035
0.140000 0.997006
0.144000 0.996976
0.148000 0.996946
0.152000 0.996915
0.156000 0.996883
0.160000 0.996851
0.164000 0.996818
0.168000 0.996785
0.172000 0.996751
0.176000 0.996716
0.180000 0.996681
0.184000 0.996645
0.188000 0.996609
0.192000 0.996572
0.196000 0.996534
0.200000 0.996496
0.204000 0.996457
0.208000 0.996418
0.212000 0.996378
0.216000 0.996337
0.220000 0.996296
0.224000 0.996254
0.228000 0.996212
0.232000 0.996169
0.236000 0.996126
0.240000 0.996083
0.244000 0.996038
0.248000 0.995994
0.252000 0.995949
0.256000 0.995903
0.260000 0.995857
0.264000 0.995810
0.268000 0.995763
0.272000 0.995716
0.276000 0.995669
0.280000 0.995620
0.284000 0.995572
0.288000 0.995523
0.292000 0.995474
0.296000 0.995425
0.300000 0.995375
0.304000 0.995325
0.308000 0.995275
0.312000 0.995224
0.316000 0.995174
0.320000 0.995123
0.324000 0.995072
0.328000 0.995021
0.332000 0.994969
0.336000 0.994918
0.340000 0.994866
0.344000 0.994814
0.348000 0.994762
0.352000 0.994711
0.356000 0.994659
0.360000 0.994607
0.364000 0.994555
0.368000 0.994503
0.372000 0.994451
0.376000 0.994399
0.380000 0.994347
0.384000 0.994296
0.388000 0.994244
0.392000 0.994193
0.396000 0.994141
0.400000 0.994090
0.404000 0.994039
0.408000 0.993989
0.412000 0.993938
0.416000 0.993888
0.420000 0.993838
0.424000 0.993788
0.428000 0.993738
0.432000 0.993689
0.436000 0.993640
0.440000 0.993592
0.444000 0.993543
0.448000 0.993495
0.452000 0.993448
0.456000 0.993401
0.460000 0.993354
0.464000 0.993308
0.468000 0.993262
0.472000 0.993216
0.476000 0.993171
0.480000 0.993126
0.484000 0.993082
0.488000 0.993039
0.492000 0.992995
0.496000 0.992953
0.500000 0.992910
0.504000 0.992869
0.508000 0.992827
0.512000 0.992787
0.516000 0.992746
0.520000 0.992707
0.524000 0.992668
0.528000 0.992629
0.532000 0.992591
0.536000 0.992554
0.540000 0.992517
0.544000 0.992480
0.548000 0.992445
0.552000 0.992409
0.556000 0.992375
0.560000 0.992341
0.564000 0.992307
0.568000 0.992274
0.572000 0.992242
0.576000 0.992210
0.580000 0.992179
0.584000 0.992148
0.588000 0.992118
0.592000 0.992088
0.596000 0.992059
0.600000 0.992031
0.604000 0.992003
0.608000 0.991976
0.612000 0.991949
0.616000 0.991923
0.620000 0.991897
0.624000 0.991872
0.628000 0.991847
0.632000 0.991823
0.636000 0.991800
0.640000 0.991777
0.644000 0.991755
0.648000 0.991733
0.652000 0.991711
0.656000 0.991690
0.660000 0.991670
0.664000 0.991650
0.668000 0.991631
0.672000 0.991612
0.676000 0.991593
0.680000 0.991575
0.684000 0.991558
0.688000 0.991540
0.692000 0.991524
0.696000 0.991508
0.700000 0.991492
0.704000 0.991477
0.708000 0.991462
0.712000 0.991447
0.716000 0.991433
0.720000 0.991419
0.724000 0.991406
0.728000 0.991393
0.732000 0.991380
0.736000 0.991368
0.740000 0.991356
0.744000 0.991345
0.748000 0.991334
0.752000 0.991323
0.756000 0.991312
0.760000 0.991302
0.764000 0.991292
0.768000 0.991283
0.772000 0.991274
0.776000 0.991265
0.780000 0.991256
0.784000 0.991248
0.788000 0.991240
0.792000 0.991232
0.796000 0.991224
0.800000 0.991217
0.804000 0.991210
0.808000 0.991203
0.812000 0.991196
0.816000 0.991190
0.820000 0.991184
0.824000 0.991178
0.828000 0.991172
0.832000 0.991167
0.836000 0.991161
0.840000 0.991156
0.844000 0.991151
0.848000 0.991146
0.852000 0.991142
0.856000 0.991137
0.860000 0.991133
0.864000 0.991129
0.868000 0.991125
0.872000 0.991121
0.876000 0.991118
0.880000 0.991114
0.884000 0.991111
0.888000 0.991108
0.892000 0.991104
0.896000 0.991101
0.900000 0.991099
0.904000 0.991096
0.908000 0.991093
0.912000 0.991091
0.916000 0.991088
0.920000 0.991086
0.924000 0.991084
0.928000 0.991081
0.932000 0.991079
0.936000 0.991077
0.940000 0.991076
0.944000 0.991074
0.948000 0.991072
0.952000 0.991070
0.956000 0.991069
0.960000 0.991067
0.964000 0.991066
0.968000 0.991064
0.972000 0.991063
0.976000 0.991061
0.980000 0.991060
0.984000 0.991059
0.988000 0.991057
0.992000 0.991055
0.996000 0.991053
1.000000 0.991051
