-1.000000 0.991037
-0.996000 0.991037
-0.992000 0.991037
-0.988000 0.991037
-0.984000 0.991037
-0.980000 0.991037
-0.976000 0.991037
-0.972000 0.991037
-0.968000 0.991037
-0.964000 0.991037
-0.960000 0.991037
-0.956000 0.991037
-0.952000 0.991037
-0.948000 0.991037
-0.944000 0.991037
-0.940000 0.991037
-0.936000 0.991037
-0.932000 0.991037
-0.928000 0.991037
-0.924000 0.991037
-0.920000 0.991037
-0.916000 0.991037
-0.912000 0.991037
-0.908000 0.991037
-0.904000 0.991037
-0.900000 0.991037
-0.896000 0.991037
-0.892000 0.991037
-0.888000 0.991037
-0.884000 0.991037
-0.880000 0.991037
-0.876000 0.991037
-0.872000 0.991037
-0.868000 0.991037
-0.864000 0.991037
-0.860000 0.991037
-0.856000 0.991037
-0.852000 0.991037
-0.848000 0.991037
-0.844000 0.991037
-0.840000 0.991037
-0.836000 0.991037
-0.832000 0.991037
-0.828000 0.991037
-0.824000 0.991037
-0.820000 0.991037
-0.816000 0.991037
-0.812000 0.991037
-0.808000 0.991037
-0.804000 0.991037
-0.800000 0.991037
-0.796000 0.991037
-0.792000 0.991037
-0.788000 0.991037
-0.784000 0.991037
-0.780000 0.991037
-0.776000 0.991037
-0.772000 0.991037
-0.768000 0.991037
-0.764000 0.991037
-0.760000 0.991037
-0.756000 0.991037
-0.752000 0.991037
-0.748000 0.991037
-0.744000 0.991037
-0.740000 0.991037
-0.736000 0.991037
-0.732000 0.991037
-0.728000 0.991037
-0.724000 0.991037
-0.720000 0.991037
-0.716000 0.991037
-0.712000 0.991037
-0.708000 0.991037
-0.704000 0.991037
-0.700000 0.991037
-0.696000 0.991037
-0.692000 0.991037
-0.688000 0.991037
-0.684000 0.991037
-0.680000 0.991037
-0.676000 0.991037
-0.672000 0.991037
-0.668000 0.991037
-0.664000 0.991037
-0.660000 0.991037
-0.656000 0.991037
-0.652000 0.991037
-0.648000 0.991037
-0.644000 0.991037
-0.640000 0.991037
-0.636000 0.991037
-0.632000 0.991037
-0.628000 0.991037
-0.624000 0.991037
-0.620000 0.991037
-0.616000 0.991037
-0.612000 0.991038
-0.608000 0.991038
-0.604000 0.991038
-0.600000 0.991038
-0.596000 0.991038
-0.592000 0.991038
-0.588000 0.991038
-0.584000 0.991038
-0.580000 0.991038
-0.576000 0.991038
-0.572000 0.991038
-0.568000 0.991039
-0.564000 0.991039
-0.560000 0.991039
-0.556000 0.991039
-0.552000 0.991039
-0.548000 0.991040
-0.544000 0.991040
-0.540000 0.991040
-0.536000 0.991040
-0.532000 0.991041
-0.528000 0.991041
-0.524000 0.991041
-0.520000 0.991042
-0.516000 0.991042
-0.512000 0.991043
-0.508000 0.991043
-0.504000 0.991044
-0.500000 0.991044
-0.496000 0.991045
-0.492000 0.991045
-0.488000 0.991046
-0.484000 0.991047
-0.480000 0.991048
-0.476000 0.991049
-0.472000 0.991049
-0.468000 0.991050
-0.464000 0.991051
-0.460000 0.991053
-0.456000 0.991054
-0.452000 0.991055
-0.448000 0.991056
-0.444000 0.991058
-0.440000 0.991059
-0.436000 0.991061
-0.432000 0.991063
-0.428000 0.991065
-0.424000 0.991067
-0.420000 0.991069
-0.416000 0.991071
-0.412000 0.991073
-0.408000 0.991076
-0.404000 0.991079
-0.400000 0.991081
-0.396000 0.991084
-0.392000 0.991087
-0.388000 0.991091
-0.384000 0.991094
-0.380000 0.991098
-0.376000 0.991102
-0.372000 0.991106
-0.368000 0.991110
-0.364000 0.991114
-0.360000 0.991119
-0.356000 0.991124
-0.352000 0.991129
-0.348000 0.991135
-0.344000 0.991140
-0.340000 0.991146
-0.336000 0.991152
-0.332000 0.991159
-0.328000 0.991166
-0.324000 0.991173
-0.320000 0.991180
-0.316000 0.991188
-0.312000 0.991196
-0.308000 0.991204
-0.304000 0.991213
-0.300000 0.991222
-0.296000 0.991231
-0.292000 0.991241
-0.288000 0.991251
-0.284000 0.991262
-0.280000 0.991273
-0.276000 0.991284
-0.272000 0.991296
-0.268000 0.991308
-0.264000 0.991320
-0.260000 0.991333
-0.256000 0.991347
-0.252000 0.991360
-0.248000 0.991375
-0.244000 0.991389
-0.240000 0.991404
-0.236000 0.991420
-0.232000 0.991436
-0.228000 0.991453
-0.224000 0.991469
-0.220000 0.991487
-0.216000 0.991505
-0.212000 0.991523
-0.208000 0.991542
-0.204000 0.991561
-0.200000 0.991581
-0.196000 0.991602
-0.192000 0.991622
-0.188000 0.991644
-0.184000 0.991665
-0.180000 0.991687
-0.176000 0.991710
-0.172000 0.991733
-0.168000 0.991757
-0.164000 0.991781
-0.160000 0.991805
-0.156000 0.991830
-0.152000 0.991856
-0.148000 0.991881
-0.144000 0.991908
-0.140000 0.991934
-0.136000 0.991961
-0.132000 0.991989
-0.128000 0.992017
-0.124000 0.992045
-0.120000 0.992074
-0.116000 0.992103
-0.112000 0.992132
-0.108000 0.992162
-0.104000 0.992192
-0.100000 0.992222
-0.096000 0.992253
-0.092000 0.992284
-0.088000 0.992315
-0.084000 0.992347
-0.080000 0.992379
-0.076000 0.992411
-0.072000 0.992443
-0.068000 0.992475
-0.064000 0.992508
-0.060000 0.992541
-0.056000 0.992574
-0.052000 0.992607
-0.048000 0.992640
-0.044000 0.992674
-0.040000 0.992707
-0.036000 0.992741
-0.032000 0.992775
-0.028000 0.992808
-0.024000 0.992842
-0.020000 0.992876
-0.016000 0.992910
-0.012000 0.992943
-0.008000 0.992977
-0.004000 0.993011
0.000000 0.993045
0.004000 0.993078
0.008000 0.993112
0.012000 0.993145
0.016000 0.993178
0.020000 0.993211
0.024000 0.993244
0.028000 0.993277
0.032000 0.993310
0.036000 0.993342
0.040000 0.993374
0.044000 0.993406
0.048000 0.993438
0.052000 0.993470
0.056000 0.993501
0.060000 0.993532
0.064000 0.993562
0.068000 0.993593
0.072000 0.993623
0.076000 0.993653
0.080000 0.993682
0.084000 0.993711
0.088000 0.993740
0.092000 0.993768
0.096000 0.993796
0.100000 0.993824
0.104000 0.993851
0.108000 0.993878
0.112000 0.993905
0.116000 0.993931
0.120000 0.993956
0.124000 0.993982
0.128000 0.994007
0.132000 0.994031
0.136000 0.994055
0.140000 0.994079
0.144000 0.994102
0.148000 0.994125
0.152000 0.994147
0.156000 0.994169
0.160000 0.994191
0.164000 0.994212
0.168000 0.994233
0.172000 0.994253
0.176000 0.994273
0.180000 0.994292
0.184000 0.994311
0.188000 0.994330
0.192000 0.994348
0.196000 0.994365
0.200000 0.994383
0.204000 0.994400
0.208000 0.994416
0.212000 0.994432
0.216000 0.994448
0.220000 0.994463
0.224000 0.994478
0.228000 0.994492
0.232000 0.994506
0.236000 0.994520
0.240000 0.994533
0.244000 0.994546
0.248000 0.994559
0.252000 0.994571
0.256000 0.994583
0.260000 0.994595
0.264000 0.994606
0.268000 0.994617
0.272000 0.994627
0.276000 0.994638
0.280000 0.994647
0.284000 0.994657
0.288000 0.994666
0.292000 0.994675
0.296000 0.994684
0.300000 0.994692
0.304000 0.994700
0.308000 0.994708
0.312000 0.994716
0.316000 0.994723
0.320000 0.994730
0.324000 0.994737
0.328000 0.994744
0.332000 0.994750
0.336000 0.994756
0.340000 0.994762
0.344000 0.994768
0.348000 0.994773
0.352000 0.994778
0.356000 0.994783
0.360000 0.994788
0.364000 0.994793
0.368000 0.994797
0.372000 0.994802
0.376000 0.994806
0.380000 0.994810
0.384000 0.994814
0.388000 0.994817
0.392000 0.994821
0.396000 0.994824
0.400000 0.994827
0.404000 0.994830
0.408000 0.994833
0.412000 0.994836
0.416000 0.994839
0.420000 0.994842
0.424000 0.994844
0.428000 0.994846
0.432000 0.994849
0.436000 0.994851
0.440000 0.994853
0.444000 0.994855
0.448000 0.994857
0.452000 0.994859
0.456000 0.994860
0.460000 0.994862
0.464000 0.994864
0.468000 0.994865
0.472000 0.994866
0.476000 0.994868
0.480000 0.994869
0.484000 0.994870
0.488000 0.994871
0.492000 0.994873
0.496000 0.994874
0.500000 0.994875
0.504000 0.994876
0.508000 0.994876
0.512000 0.994877
0.516000 0.994878
0.520000 0.994879
0.524000 0.994880
0.528000 0.994880
0.532000 0.994881
0.536000 0.994882
0.540000 0.994882
0.544000 0.994883
0.548000 0.994883
0.552000 0.994884
0.556000 0.994884
0.560000 0.994885
0.564000 0.994885
0.568000 0.994886
0.572000 0.994886
0.576000 0.994886
0.580000 0.994887
0.584000 0.994887
0.588000 0.994887
0.592000 0.994888
0.596000 0.994888
0.600000 0.994888
0.604000 0.994888
0.608000 0.994889
0.612000 0.994889
0.616000 0.994889
0.620000 0.994889
0.624000 0.994889
0.628000 0.994889
0.632000 0.994890
0.636000 0.994890
0.640000 0.994890
0.644000 0.994890
0.648000 0.994890
0.652000 0.994890
0.656000 0.994890
0.660000 0.994891
0.664000 0.994891
0.668000 0.994891
0.672000 0.994891
0.676000 0.994891
0.680000 0.994891
0.684000 0.994891
0.688000 0.994891
0.692000 0.994891
0.696000 0.994891
0.700000 0.994891
0.704000 0.994891
0.708000 0.994891
0.712000 0.994891
0.716000 0.994891
0.720000 0.994891
0.724000 0.994892
0.728000 0.994892
0.732000 0.994892
0.736000 0.994892
0.740000 0.994892
0.744000 0.994892
0.748000 0.994892
0.752000 0.994892
0.756000 0.994892
0.760000 0.994892
0.764000 0.994892
0.768000 0.994892
0.772000 0.994892
0.776000 0.994892
0.780000 0.994892
0.784000 0.994892
0.788000 0.994892
0.792000 0.994892
0.796000 0.994892
0.800000 0.994892
0.804000 0.994892
0.808000 0.994892
0.812000 0.994892
0.816000 0.994892
0.820000 0.994892
0.824000 0.994892
0.828000 0.994892
0.832000 0.994892
0.836000 0.994892
0.840000 0.994892
0.844000 0.994892
0.848000 0.994892
0.852000 0.994892
0.856000 0.994892
0.860000 0.994892
0.864000 0.994892
0.868000 0.994892
0.872000 0.994892
0.876000 0.994892
0.880000 0.994892
0.884000 0.994892
0.888000 0.994892
0.892000 0.994892
0.896000 0.994892
0.900000 0.994892
0.904000 0.994892
0.908000 0.994892
0.912000 0.994892
0.916000 0.994892
0.920000 0.994892
0.924000 0.994892
0.928000 0.994892
0.932000 0.994892
0.936000 0.994892
0.940000 0.994892
0.944000 0.994892
0.948000 0.994892
0.952000 0.994892
0.956000 0.994892
0.960000 0.994892
0.964000 0.994892
0.968000 0.994892
0.972000 0.994892
0.976000 0.994892
0.980000 0.994892
0.984000 0.994892
0.988000 0.994892
0.992000 0.994892
0.996000 0.994892
1.000000 0.994892
