-1.000000 0.997928
-0.996000 0.997928
-0.992000 0.997928
-0.988000 0.997928
-0.984000 0.997928
-0.980000 0.997928
-0.976000 0.997928
-0.972000 0.997928
-0.968000 0.997928
-0.964000 0.997928
-0.960000 0.997928
-0.956000 0.997928
-0.952000 0.997928
-0.948000 0.997928
-0.944000 0.997928
-0.940000 0.997928
-0.936000 0.997928
-0.932000 0.997928
-0.928000 0.997928
-0.924000 0.997928
-0.920000 0.997928
-0.916000 0.997928
-0.912000 0.997928
-0.908000 0.997928
-0.904000 0.997928
-0.900000 0.997928
-0.896000 0.997928
-0.892000 0.997928
-0.888000 0.997928
-0.884000 0.997928
-0.880000 0.997928
-0.876000 0.997928
-0.872000 0.997928
-0.868000 0.997928
-0.864000 0.997928
-0.860000 0.997928
-0.856000 0.997928
-0.852000 0.997928
-0.848000 0.997928
-0.844000 0.997928
-0.840000 0.997928
-0.836000 0.997928
-0.832000 0.997928
-0.828000 0.997928
-0.824000 0.997928
-0.820000 0.997928
-0.816000 0.997928
-0.812000 0.997928
-0.808000 0.997928
-0.804000 0.997928
-0.800000 0.997928
-0.796000 0.997928
-0.792000 0.997928
-0.788000 0.997928
-0.784000 0.997928
-0.780000 0.997928
-0.776000 0.997928
-0.772000 0.997928
-0.768000 0.997928
-0.764000 0.997928
-0.760000 0.997928
-0.756000 0.997928
-0.752000 0.997928
-0.748000 0.997928
-0.744000 0.997928
-0.740000 0.997928
-0.736000 0.997928
-0.732000 0.997928
-0.728000 0.997928
-0.724000 0.997928
-0.720000 0.997928
-0.716000 0.997928
-0.712000 0.997928
-0.708000 0.997928
-0.704000 0.997928
-0.700000 0.997928
-0.696000 0.997928
-0.692000 0.997928
-0.688000 0.997928
-0.684000 0.997928
-0.680000 0.997928
-0.676000 0.997928
-0.672000 0.997928
-0.668000 0.997928
-0.664000 0.997928
-0.660000 0.997928
-0.656000 0.997928
-0.652000 0.997928
-0.648000 0.997928
-0.644000 0.997928
-0.640000 0.997928
-0.636000 0.997928
-0.632000 0.997928
-0.628000 0.997928
-0.624000 0.997928
-0.620000 0.997928
-0.616000 0.997928
-0.612000 0.997928
-0.608000 0.997928
-0.604000 0.997928
-0.600000 0.997928
-0.596000 0.997928
-0.592000 0.997928
-0.588000 0.997928
-0.584000 0.997928
-0.580000 0.997928
-0.576000 0.997928
-0.572000 0.997928
-0.568000 0.997928
-0.564000 0.997928
-0.560000 0.997928
-0.556000 0.997928
-0.552000 0.997928
-0.548000 0.997928
-0.544000 0.997928
-0.540000 0.997928
-0.536000 0.997928
-0.532000 0.997928
-0.528000 0.997928
-0.524000 0.997928
-0.520000 0.997928
-0.516000 0.997928
-0.512000 0.997928
-0.508000 0.997928
-0.504000 0.997928
-0.500000 0.997928
-0.496000 0.997928
-0.492000 0.997928
-0.488000 0.997928
-0.484000 0.997928
-0.480000 0.997928
-0.476000 0.997928
-0.472000 0.997928
-0.468000 0.997928
-0.464000 0.997928
-0.460000 0.997927
-0.456000 0.997927
-0.452000 0.997927
-0.448000 0.997927
-0.444000 0.997927
-0.440000 0.997927
-0.436000 0.997927
-0.432000 0.997927
-0.428000 0.997927
-0.424000 0.997927
-0.420000 0.997927
-0.416000 0.997927
-0.412000 0.997927
-0.408000 0.997926
-0.404000 0.997926
-0.400000 0.997926
-0.396000 0.997926
-0.392000 0.997926
-0.388000 0.997926
-0.384000 0.997925
-0.380000 0.997925
-0.376000 0.997925
-0.372000 0.997925
-0.368000 0.997924
-0.364000 0.997924
-0.360000 0.997924
-0.356000 0.997923
-0.352000 0.997923
-0.348000 0.997923
-0.344000 0.997922
-0.340000 0.997922
-0.336000 0.997921
-0.332000 0.997921
-0.328000 0.997920
-0.324000 0.997919
-0.320000 0.997919
-0.316000 0.997918
-0.312000 0.997917
-0.308000 0.997916
-0.304000 0.997916
-0.300000 0.997915
-0.296000 0.997914
-0.292000 0.997913
-0.288000 0.997912
-0.284000 0.997910
-0.280000 0.997909
-0.276000 0.997908
-0.272000 0.997906
-0.268000 0.997905
-0.264000 0.997903
-0.260000 0.997902
-0.256000 0.997900
-0.252000 0.997898
-0.248000 0.997896
-0.244000 0.997894
-0.240000 0.997892
-0.236000 0.997889
-0.232000 0.997887
-0.228000 0.997884
-0.224000 0.997881
-0.220000 0.997878
-0.216000 0.997875
-0.212000 0.997872
-0.208000 0.997868
-0.204000 0.997865
-0.200000 0.997861
-0.196000 0.997857
-0.192000 0.997853
-0.188000 0.997848
-0.184000 0.997844
-0.180000 0.997839
-0.176000 0.997834
-0.172000 0.997828
-0.168000 0.997823
-0.164000 0.997817
-0.160000 0.997811
-0.156000 0.997804
-0.152000 0.997798
-0.148000 0.997791
-0.144000 0.997783
-0.140000 0.997776
-0.136000 0.997768
-0.132000 0.997760
-0.128000 0.997751
-0.124000 0.997742
-0.120000 0.997732
-0.116000 0.997723
-0.112000 0.997712
-0.108000 0.997702
-0.104000 0.997691
-0.100000 0.997679
-0.096000 0.997668
-0.092000 0.997655
-0.088000 0.997643
-0.084000 0.997629
-0.080000 0.997616
-0.076000 0.997601
-0.072000 0.997587
-0.068000 0.997572
-0.064000 0.997556
-0.060000 0.997540
-0.056000 0.997523
-0.052000 0.997505
-0.048000 0.997488
-0.044000 0.997469
-0.040000 0.997450
-0.036000 0.997430
-0.032000 0.997410
-0.028000 0.997389
-0.024000 0.997368
-0.020000 0.997346
-0.016000 0.997323
-0.012000 0.997300
-0.008000 0.997276
-0.004000 0.997251
0.000000 0.997226
0.004000 0.997200
0.008000 0.997174
0.012000 0.997146
0.016000 0.997118
0.020000 0.997090
0.024000 0.997061
0.028000 0.997031
0.032000 0.997000
0.036000 0.996969
0.040000 0.996937
0.044000 0.996904
0.048000 0.996871
0.052000 0.996837
0.056000 0.996802
0.060000 0.996767
0.064000 0.996730
0.068000 0.996694
0.072000 0.996656
0.076000 0.996618
0.080000 0.996580
0.084000 0.996540
0.088000 0.996500
0.092000 0.996459
0.096000 0.996418
0.100000 0.996376
0.104000 0.996334
0.108000 0.996290
0.112000 0.996247
0.116000 0.996202
0.120000 0.996158
0.124000 0.996112
0.128000 0.996066
0.132000 0.996020
0.136000 0.995972
0.140000 0.995925
0.144000 0.995877
0.148000 0.995828
0.152000 0.995779
0.156000 0.995730
0.160000 0.995680
0.164000 0.995630
0.168000 0.995579
0.172000 0.995528
0.176000 0.995476
0.180000 0.995425
0.184000 0.995373
0.188000 0.995320
0.192000 0.995268
0.196000 0.995215
0.200000 0.995162
0.204000 0.995108
0.208000 0.995055
0.212000 0.995001
0.216000 0.994947
0.220000 0.994893
0.224000 0.994839
0.228000 0.994785
0.232000 0.994730
0.236000 0.994676
0.240000 0.994622
0.244000 0.994567
0.248000 0.994513
0.252000 0.994458
0.256000 0.994404
0.260000 0.994350
0.264000 0.994296
0.268000 0.994242
0.272000 0.994188
0.276000 0.994134
0.280000 0.994081
0.284000 0.994028
0.288000 0.993975
0.292000 0.993922
0.296000 0.993869
0.300000 0.993817
0.304000 0.993765
0.308000 0.993713
0.312000 0.993662
0.316000 0.993611
0.320000 0.993560
0.324000 0.993510
0.328000 0.993460
0.332000 0.993411
0.336000 0.993362
0.340000 0.993313
0.344000 0.993265
0.348000 0.993217
0.352000 0.993170
0.356000 0.993124
0.360000 0.993077
0.364000 0.993032
0.368000 0.992987
0.372000 0.992942
0.376000 0.992898
0.380000 0.992855
0.384000 0.992812
0.388000 0.992769
0.392000 0.992728
0.396000 0.992686
0.400000 0.992646
0.404000 0.992606
0.408000 0.992566
0.412000 0.992528
0.416000 0.992489
0.420000 0.992452
0.424000 0.992415
0.428000 0.992379
0.432000 0.992343
0.436000 0.992308
0.440000 0.992273
0.444000 0.992240
0.448000 0.992206
0.452000 0.992174
0.456000 0.992142
0.460000 0.992111
0.464000 0.992080
0.468000 0.992050
0.472000 0.992020
0.476000 0.991991
0.480000 0.991963
0.484000 0.991936
0.488000 0.991908
0.492000 0.991882
0.496000 0.991856
0.500000 0.991831
0.504000 0.991806
0.508000 0.991782
0.512000 0.991759
0.516000 0.991736
0.520000 0.991713
0.524000 0.991691
0.528000 0.991670
0.532000 0.991649
0.536000 0.991629
0.540000 0.991609
0.544000 0.991590
0.548000 0.991571
0.552000 0.991553
0.556000 0.991535
0.560000 0.991518
0.564000 0.991501
0.568000 0.991485
0.572000 0.991469
0.576000 0.991454
0.580000 0.991439
0.584000 0.991424
0.588000 0.991410
0.592000 0.991397
0.596000 0.991384
0.600000 0.991371
0.604000 0.991358
0.608000 0.991346
0.612000 0.991335
0.616000 0.991323
0.620000 0.991312
0.624000 0.991302
0.628000 0.991291
0.632000 0.991282
0.636000 0.991272
0.640000 0.991263
0.644000 0.991254
0.648000 0.991245
0.652000 0.991237
0.656000 0.991229
0.660000 0.991221
0.664000 0.991213
0.668000 0.991206
0.672000 0.991199
0.676000 0.991192
0.680000 0.991186
0.684000 0.991180
0.688000 0.991174
0.692000 0.991168
0.696000 0.991162
0.700000 0.991157
0.704000 0.991152
0.708000 0.991147
0.712000 0.991142
0.716000 0.991137
0.720000 0.991133
0.724000 0.991129
0.728000 0.991124
0.732000 0.991121
0.736000 0.991117
0.740000 0.991113
0.744000 0.991110
0.748000 0.991106
0.752000 0.991103
0.756000 0.991100
0.760000 0.991097
0.764000 0.991094
0.768000 0.991092
0.772000 0.991089
0.776000 0.991087
0.780000 0.991084
0.784000 0.991082
0.788000 0.991080
0.792000 0.991078
0.796000 0.991076
0.800000 0.991074
0.804000 0.991072
0.808000 0.991070
0.812000 0.991069
0.816000 0.991067
0.820000 0.991066
0.824000 0.991064
0.828000 0.991063
0.832000 0.991062
0.836000 0.991060
0.840000 0.991059
0.844000 0.991058
0.848000 0.991057
0.852000 0.991056
0.856000 0.991055
0.860000 0.991054
0.864000 0.991053
0.868000 0.991052
0.872000 0.991051
0.876000 0.991051
0.880000 0.991050
0.884000 0.991049
0.888000 0.991049
0.892000 0.991048
0.896000 0.991047
0.900000 0.991047
0.904000 0.991046
0.908000 0.991046
0.912000 0.991045
0.916000 0.991045
0.920000 0.991044
0.924000 0.991044
0.928000 0.991044
0.932000 0.991043
0.936000 0.991043
0.940000 0.991043
0.944000 0.991042
0.948000 0.991042
0.952000 0.991042
0.956000 0.991041
0.960000 0.991041
0.964000 0.991041
0.968000 0.991041
0.972000 0.991040
0.976000 0.991040
0.980000 0.991040
0.984000 0.991040
0.988000 0.991040
0.992000 0.991039
0.996000 0.991039
1.000000 0.991039
