-1.000000 0.992919
-0.996000 0.992919
-0.992000 0.992919
-0.988000 0.992919
-0.984000 0.992919
-0.980000 0.992919
-0.976000 0.992919
-0.972000 0.992919
-0.968000 0.992919
-0.964000 0.992919
-0.960000 0.992919
-0.956000 0.992919
-0.952000 0.992919
-0.948000 0.992919
-0.944000 0.992919
-0.940000 0.992919
-0.936000 0.992919
-0.932000 0.992919
-0.928000 0.992919
-0.924000 0.992919
-0.920000 0.992919
-0.916000 0.992919
-0.912000 0.992919
-0.908000 0.992919
-0.904000 0.992919
-0.900000 0.992919
-0.896000 0.992919
-0.892000 0.992919
-0.888000 0.992919
-0.884000 0.992919
-0.880000 0.992919
-0.876000 0.992919
-0.872000 0.992919
-0.868000 0.992919
-0.864000 0.992919
-0.860000 0.992919
-0.856000 0.992919
-0.852000 0.992919
-0.848000 0.992919
-0.844000 0.992919
-0.840000 0.992919
-0.836000 0.992919
-0.832000 0.992919
-0.828000 0.992919
-0.824000 0.992919
-0.820000 0.992919
-0.816000 0.992919
-0.812000 0.992919
-0.808000 0.992919
-0.804000 0.992919
-0.800000 0.992919
-0.796000 0.992919
-0.792000 0.992919
-0.788000 0.992919
-0.784000 0.992919
-0.780000 0.992919
-0.776000 0.992919
-0.772000 0.992919
-0.768000 0.992919
-0.764000 0.992919
-0.760000 0.992919
-0.756000 0.992919
-0.752000 0.992919
-0.748000 0.992919
-0.744000 0.992919
-0.740000 0.992919
-0.736000 0.992919
-0.732000 0.992919
-0.728000 0.992919
-0.724000 0.992919
-0.720000 0.992919
-0.716000 0.992919
-0.712000 0.992919
-0.708000 0.992919
-0.704000 0.992919
-0.700000 0.992919
-0.696000 0.992919
-0.692000 0.992919
-0.688000 0.992919
-0.684000 0.992919
-0.680000 0.992919
-0.676000 0.992919
-0.672000 0.992919
-0.668000 0.992919
-0.664000 0.992919
-0.660000 0.992919
-0.656000 0.992919
-0.652000 0.992919
-0.648000 0.992919
-0.644000 0.992919
-0.640000 0.992919
-0.636000 0.992919
-0.632000 0.992919
-0.628000 0.992919
-0.624000 0.992919
-0.620000 0.992919
-0.616000 0.992919
-0.612000 0.992919
-0.608000 0.992919
-0.604000 0.992919
-0.600000 0.992919
-0.596000 0.992919
-0.592000 0.992919
-0.588000 0.992919
-0.584000 0.992919
-0.580000 0.992919
-0.576000 0.992919
-0.572000 0.992919
-0.568000 0.992919
-0.564000 0.992919
-0.560000 0.992919
-0.556000 0.992919
-0.552000 0.992919
-0.548000 0.992919
-0.544000 0.992919
-0.540000 0.992919
-0.536000 0.992919
-0.532000 0.992919
-0.528000 0.992919
-0.524000 0.992919
-0.520000 0.992919
-0.516000 0.992919
-0.512000 0.992919
-0.508000 0.992919
-0.504000 0.992919
-0.500000 0.992919
-0.496000 0.992919
-0.492000 0.992919
-0.488000 0.992919
-0.484000 0.992919
-0.480000 0.992919
-0.476000 0.992919
-0.472000 0.992919
-0.468000 0.992919
-0.464000 0.992919
-0.460000 0.992919
-0.456000 0.992919
-0.452000 0.992919
-0.448000 0.992919
-0.444000 0.992919
-0.440000 0.992919
-0.436000 0.992919
-0.432000 0.992919
-0.428000 0.992919
-0.424000 0.992919
-0.420000 0.992919
-0.416000 0.992919
-0.412000 0.992919
-0.408000 0.992919
-0.404000 0.992919
-0.400000 0.992919
-0.396000 0.992919
-0.392000 0.992919
-0.388000 0.992919
-0.384000 0.992919
-0.380000 0.992919
-0.376000 0.992919
-0.372000 0.992919
-0.368000 0.992919
-0.364000 0.992919
-0.360000 0.992919
-0.356000 0.992919
-0.352000 0.992919
-0.348000 0.992919
-0.344000 0.992919
-0.340000 0.992919
-0.336000 0.992919
-0.332000 0.992919
-0.328000 0.992919
-0.324000 0.992919
-0.320000 0.992919
-0.316000 0.992919
-0.312000 0.992919
-0.308000 0.992919
-0.304000 0.992919
-0.300000 0.992919
-0.296000 0.992919
-0.292000 0.992919
-0.288000 0.992919
-0.284000 0.992919
-0.280000 0.992919
-0.276000 0.992919
-0.272000 0.992919
-0.268000 0.992919
-0.264000 0.992919
-0.260000 0.992919
-0.256000 0.992919
-0.252000 0.992919
-0.248000 0.992919
-0.244000 0.992919
-0.240000 0.992919
-0.236000 0.992919
-0.232000 0.992919
-0.228000 0.992919
-0.224000 0.992919
-0.220000 0.992919
-0.216000 0.992919
-0.212000 0.992919
-0.208000 0.992919
-0.204000 0.992919
-0.200000 0.992919
-0.196000 0.992919
-0.192000 0.992919
-0.188000 0.992919
-0.184000 0.992919
-0.180000 0.992919
-0.176000 0.992919
-0.172000 0.992919
-0.168000 0.992919
-0.164000 0.992919
-0.160000 0.992919
-0.156000 0.992919
-0.152000 0.992919
-0.148000 0.992919
-0.144000 0.992919
-0.140000 0.992919
-0.136000 0.992919
-0.132000 0.992919
-0.128000 0.992919
-0.124000 0.992919
-0.120000 0.992919
-0.116000 0.992919
-0.112000 0.992919
-0.108000 0.992919
-0.104000 0.992919
-0.100000 0.992919
-0.096000 0.992919
-0.092000 0.992919
-0.088000 0.992919
-0.084000 0.992919
-0.080000 0.992919
-0.076000 0.992920
-0.072000 0.992920
-0.068000 0.992920
-0.064000 0.992920
-0.060000 0.992920
-0.056000 0.992920
-0.052000 0.992920
-0.048000 0.992920
-0.044000 0.992920
-0.040000 0.992920
-0.036000 0.992920
-0.032000 0.992920
-0.028000 0.992920
-0.024000 0.992920
-0.020000 0.992920
-0.016000 0.992921
-0.012000 0.992921
-0.008000 0.992921
-0.004000 0.992921
0.000000 0.992921
0.004000 0.992921
0.008000 0.992921
0.012000 0.992921
0.016000 0.992922
0.020000 0.992922
0.024000 0.992922
0.028000 0.992922
0.032000 0.992922
0.036000 0.992923
0.040000 0.992923
0.044000 0.992923
0.048000 0.992923
0.052000 0.992924
0.056000 0.992924
0.060000 0.992924
0.064000 0.992925
0.068000 0.992925
0.072000 0.992925
0.076000 0.992926
0.080000 0.992926
0.084000 0.992927
0.088000 0.992927
0.092000 0.992928
0.096000 0.992928
0.100000 0.992929
0.104000 0.992929
0.108000 0.992930
0.112000 0.992931
0.116000 0.992931
0.120000 0.992932
0.124000 0.992933
0.128000 0.992934
0.132000 0.992935
0.136000 0.992935
0.140000 0.992936
0.144000 0.992937
0.148000 0.992938
0.152000 0.992940
0.156000 0.992941
0.160000 0.992942
0.164000 0.992943
0.168000 0.992945
0.172000 0.992946
0.176000 0.992947
0.180000 0.992949
0.184000 0.992951
0.188000 0.992952
0.192000 0.992954
0.196000 0.992956
0.200000 0.992958
0.204000 0.992960
0.208000 0.992962
0.212000 0.992964
0.216000 0.992966
0.220000 0.992969
0.224000 0.992971
0.228000 0.992974
0.232000 0.992977
0.236000 0.992980
0.240000 0.992983
0.244000 0.992986
0.248000 0.992989
0.252000 0.992992
0.256000 0.992996
0.260000 0.992999
0.264000 0.993003
0.268000 0.993007
0.272000 0.993011
0.276000 0.993016
0.280000 0.993020
0.284000 0.993025
0.288000 0.993029
0.292000 0.993034
0.296000 0.993039
0.300000 0.993045
0.304000 0.993050
0.308000 0.993056
0.312000 0.993062
0.316000 0.993068
0.320000 0.993074
0.324000 0.993081
0.328000 0.993088
0.332000 0.993095
0.336000 0.993102
0.340000 0.993110
0.344000 0.993118
0.348000 0.993126
0.352000 0.993134
0.356000 0.993143
0.360000 0.993151
0.364000 0.993161
0.368000 0.993170
0.372000 0.993180
0.376000 0.993190
0.380000 0.993200
0.384000 0.993211
0.388000 0.993222
0.392000 0.993233
0.396000 0.993244
0.400000 0.993256
0.404000 0.993269
0.408000 0.993281
0.412000 0.993294
0.416000 0.993308
0.420000 0.993321
0.424000 0.993335
0.428000 0.993350
0.432000 0.993364
0.436000 0.993380
0.440000 0.993395
0.444000 0.993411
0.448000 0.993428
0.452000 0.993444
0.456000 0.993461
0.460000 0.993479
0.464000 0.993497
0.468000 0.993515
0.472000 0.993534
0.476000 0.993553
0.480000 0.993573
0.484000 0.993593
0.488000 0.993614
0.492000 0.993635
0.496000 0.993656
0.500000 0.993678
0.504000 0.993700
0.508000 0.993723
0.512000 0.993747
0.516000 0.993770
0.520000 0.993794
0.524000 0.993819
0.528000 0.993844
0.532000 0.993870
0.536000 0.993896
0.540000 0.993922
0.544000 0.993949
0.548000 0.993976
0.552000 0.994004
0.556000 0.994032
0.560000 0.994061
0.564000 0.994090
0.568000 0.994120
0.572000 0.994150
0.576000 0.994181
0.580000 0.994212
0.584000 0.994243
0.588000 0.994275
0.592000 0.994308
0.596000 0.994340
0.600000 0.994374
0.604000 0.994407
0.608000 0.994442
0.612000 0.994476
0.616000 0.994511
0.620000 0.994546
0.624000 0.994582
0.628000 0.994619
0.632000 0.994655
0.636000 0.994692
0.640000 0.994730
0.644000 0.994767
0.648000 0.994805
0.652000 0.994844
0.656000 0.994883
0.660000 0.994922
0.664000 0.994962
0.668000 0.995002
0.672000 0.995042
0.676000 0.995082
0.680000 0.995123
0.684000 0.995164
0.688000 0.995206
0.692000 0.995248
0.696000 0.995290
0.700000 0.995332
0.704000 0.995375
0.708000 0.995417
0.712000 0.995460
0.716000 0.995504
0.720000 0.995547
0.724000 0.995591
0.728000 0.995635
0.732000 0.995679
0.736000 0.995723
0.740000 0.995767
0.744000 0.995812
0.748000 0.995857
0.752000 0.995902
0.756000 0.995946
0.760000 0.995992
0.764000 0.996037
0.768000 0.996082
0.772000 0.996127
0.776000 0.996172
0.780000 0.996218
0.784000 0.996263
0.788000 0.996309
0.792000 0.996354
0.796000 0.996400
0.800000 0.996445
0.804000 0.996490
0.808000 0.996536
0.812000 0.996581
0.816000 0.996626
0.820000 0.996672
0.824000 0.996717
0.828000 0.996762
0.832000 0.996807
0.836000 0.996852
0.840000 0.996896
0.844000 0.996941
0.848000 0.996985
0.852000 0.997029
0.856000 0.997073
0.860000 0.997117
0.864000 0.997161
0.868000 0.997205
0.872000 0.997248
0.876000 0.997291
0.880000 0.997334
0.884000 0.997376
0.888000 0.997419
0.892000 0.997461
0.896000 0.997503
0.900000 0.997544
0.904000 0.997585
0.908000 0.997626
0.912000 0.997667
0.916000 0.997708
0.920000 0.997748
0.924000 0.997787
0.928000 0.997827
0.932000 0.997866
0.936000 0.997905
0.940000 0.997944
0.944000 0.997982
0.948000 0.998020
0.952000 0.998058
0.956000 0.998096
0.960000 0.998134
0.964000 0.998173
0.968000 0.998211
0.972000 0.998251
0.976000 0.998292
0.980000 0.998335
0.984000 0.998381
0.988000 0.998432
0.992000 0.998490
0.996000 0.998557
1.000000 0.998638
