-1.000000 0.997928
-0.996000 0.997928
-0.992000 0.997928
-0.988000 0.997928
-0.984000 0.997928
-0.980000 0.997928
-0.976000 0.997928
-0.972000 0.997928
-0.968000 0.997928
-0.964000 0.997928
-0.960000 0.997928
-0.956000 0.997928
-0.952000 0.997928
-0.948000 0.997928
-0.944000 0.997928
-0.940000 0.997928
-0.936000 0.997928
-0.932000 0.997928
-0.928000 0.997928
-0.924000 0.997928
-0.920000 0.997928
-0.916000 0.997928
-0.912000 0.997928
-0.908000 0.997928
-0.904000 0.997928
-0.900000 0.997928
-0.896000 0.997928
-0.892000 0.997928
-0.888000 0.997928
-0.884000 0.997928
-0.880000 0.997928
-0.876000 0.997928
-0.872000 0.997928
-0.868000 0.997928
-0.864000 0.997928
-0.860000 0.997928
-0.856000 0.997928
-0.852000 0.997928
-0.848000 0.997928
-0.844000 0.997928
-0.840000 0.997928
-0.836000 0.997928
-0.832000 0.997928
-0.828000 0.997928
-0.824000 0.997928
-0.820000 0.997928
-0.816000 0.997928
-0.812000 0.997928
-0.808000 0.997928
-0.804000 0.997928
-0.800000 0.997928
-0.796000 0.997928
-0.792000 0.997928
-0.788000 0.997928
-0.784000 0.997928
-0.780000 0.997928
-0.776000 0.997928
-0.772000 0.997928
-0.768000 0.997928
-0.764000 0.997928
-0.760000 0.997928
-0.756000 0.997928
-0.752000 0.997928
-0.748000 0.997928
-0.744000 0.997928
-0.740000 0.997928
-0.736000 0.997928
-0.732000 0.997928
-0.728000 0.997928
-0.724000 0.997928
-0.720000 0.997928
-0.716000 0.997928
-0.712000 0.997928
-0.708000 0.997928
-0.704000 0.997928
-0.700000 0.997928
-0.696000 0.997928
-0.692000 0.997928
-0.688000 0.997928
-0.684000 0.997928
-0.680000 0.997928
-0.676000 0.997928
-0.672000 0.997928
-0.668000 0.997928
-0.664000 0.997928
-0.660000 0.997928
-0.656000 0.997928
-0.652000 0.997928
-0.648000 0.997928
-0.644000 0.997928
-0.640000 0.997928
-0.636000 0.997928
-0.632000 0.997928
-0.628000 0.997928
-0.624000 0.997928
-0.620000 0.997928
-0.616000 0.997928
-0.612000 0.997928
-0.608000 0.997928
-0.604000 0.997928
-0.600000 0.997928
-0.596000 0.997928
-0.592000 0.997928
-0.588000 0.997928
-0.584000 0.997928
-0.580000 0.997928
-0.576000 0.997928
-0.572000 0.997928
-0.568000 0.997928
-0.564000 0.997928
-0.560000 0.997928
-0.556000 0.997928
-0.552000 0.997928
-0.548000 0.997928
-0.544000 0.997928
-0.540000 0.997928
-0.536000 0.997928
-0.532000 0.997928
-0.528000 0.997928
-0.524000 0.997928
-0.520000 0.997928
-0.516000 0.997928
-0.512000 0.997928
-0.508000 0.997928
-0.504000 0.997928
-0.500000 0.997928
-0.496000 0.997928
-0.492000 0.997928
-0.488000 0.997928
-0.484000 0.997928
-0.480000 0.997928
-0.476000 0.997928
-0.472000 0.997928
-0.468000 0.997928
-0.464000 0.997928
-0.460000 0.997928
-0.456000 0.997928
-0.452000 0.997928
-0.448000 0.997928
-0.444000 0.997928
-0.440000 0.997928
-0.436000 0.997928
-0.432000 0.997928
-0.428000 0.997928
-0.424000 0.997928
-0.420000 0.997928
-0.416000 0.997928
-0.412000 0.997928
-0.408000 0.997928
-0.404000 0.997928
-0.400000 0.997928
-0.396000 0.997928
-0.392000 0.997928
-0.388000 0.997928
-0.384000 0.997928
-0.380000 0.997928
-0.376000 0.997928
-0.372000 0.997928
-0.368000 0.997928
-0.364000 0.997928
-0.360000 0.997928
-0.356000 0.997928
-0.352000 0.997928
-0.348000 0.997928
-0.344000 0.997928
-0.340000 0.997928
-0.336000 0.997928
-0.332000 0.997928
-0.328000 0.997928
-0.324000 0.997928
-0.320000 0.997928
-0.316000 0.997928
-0.312000 0.997928
-0.308000 0.997928
-0.304000 0.997928
-0.300000 0.997928
-0.296000 0.997928
-0.292000 0.997928
-0.288000 0.997928
-0.284000 0.997928
-0.280000 0.997928
-0.276000 0.997927
-0.272000 0.997927
-0.268000 0.997927
-0.264000 0.997927
-0.260000 0.997927
-0.256000 0.997927
-0.252000 0.997927
-0.248000 0.997927
-0.244000 0.997927
-0.240000 0.997927
-0.236000 0.997927
-0.232000 0.997927
-0.228000 0.997927
-0.224000 0.997926
-0.220000 0.997926
-0.216000 0.997926
-0.212000 0.997926
-0.208000 0.997926
-0.204000 0.997926
-0.200000 0.997926
-0.196000 0.997925
-0.192000 0.997925
-0.188000 0.997925
-0.184000 0.997925
-0.180000 0.997925
-0.176000 0.997924
-0.172000 0.997924
-0.168000 0.997924
-0.164000 0.997923
-0.160000 0.997923
-0.156000 0.997923
-0.152000 0.997922
-0.148000 0.997922
-0.144000 0.997922
-0.140000 0.997921
-0.136000 0.997921
-0.132000 0.997920
-0.128000 0.997920
-0.124000 0.997919
-0.120000 0.997918
-0.116000 0.997918
-0.112000 0.997917
-0.108000 0.997916
-0.104000 0.997915
-0.100000 0.997915
-0.096000 0.997914
-0.092000 0.997913
-0.088000 0.997912
-0.084000 0.997911
-0.080000 0.997910
-0.076000 0.997909
-0.072000 0.997907
-0.068000 0.997906
-0.064000 0.997905
-0.060000 0.997903
-0.056000 0.997902
-0.052000 0.997900
-0.048000 0.997899
-0.044000 0.997897
-0.040000 0.997895
-0.036000 0.997893
-0.032000 0.997891
-0.028000 0.997889
-0.024000 0.997886
-0.020000 0.997884
-0.016000 0.997882
-0.012000 0.997879
-0.008000 0.997876
-0.004000 0.997873
0.000000 0.997870
0.004000 0.997867
0.008000 0.997864
0.012000 0.997860
0.016000 0.997857
0.020000 0.997853
0.024000 0.997849
0.028000 0.997845
0.032000 0.997841
0.036000 0.997836
0.040000 0.997831
0.044000 0.997826
0.048000 0.997821
0.052000 0.997816
0.056000 0.997810
0.060000 0.997805
0.064000 0.997799
0.068000 0.997792
0.072000 0.997786
0.076000 0.997779
0.080000 0.997772
0.084000 0.997765
0.088000 0.997757
0.092000 0.997749
0.096000 0.997741
0.100000 0.997732
0.104000 0.997724
0.108000 0.997715
0.112000 0.997705
0.116000 0.997695
0.120000 0.997685
0.124000 0.997675
0.128000 0.997664
0.132000 0.997653
0.136000 0.997641
0.140000 0.997629
0.144000 0.997617
0.148000 0.997604
0.152000 0.997591
0.156000 0.997577
0.160000 0.997563
0.164000 0.997549
0.168000 0.997534
0.172000 0.997519
0.176000 0.997503
0.180000 0.997487
0.184000 0.997470
0.188000 0.997453
0.192000 0.997435
0.196000 0.997417
0.200000 0.997399
0.204000 0.997379
0.208000 0.997360
0.212000 0.997340
0.216000 0.997319
0.220000 0.997298
0.224000 0.997276
0.228000 0.997254
0.232000 0.997231
0.236000 0.997208
0.240000 0.997184
0.244000 0.997160
0.248000 0.997135
0.252000 0.997109
0.256000 0.997083
0.260000 0.997057
0.264000 0.997030
0.268000 0.997002
0.272000 0.996974
0.276000 0.996945
0.280000 0.996916
0.284000 0.996886
0.288000 0.996855
0.292000 0.996824
0.296000 0.996792
0.300000 0.996760
0.304000 0.996727
0.308000 0.996694
0.312000 0.996660
0.316000 0.996626
0.320000 0.996591
0.324000 0.996555
0.328000 0.996519
0.332000 0.996483
0.336000 0.996446
0.340000 0.996408
0.344000 0.996370
0.348000 0.996331
0.352000 0.996292
0.356000 0.996253
0.360000 0.996213
0.364000 0.996172
0.368000 0.996131
0.372000 0.996089
0.376000 0.996048
0.380000 0.996005
0.384000 0.995962
0.388000 0.995919
0.392000 0.995875
0.396000 0.995831
0.400000 0.995787
0.404000 0.995742
0.408000 0.995697
0.412000 0.995651
0.416000 0.995606
0.420000 0.995559
0.424000 0.995513
0.428000 0.995466
0.432000 0.995419
0.436000 0.995372
0.440000 0.995324
0.444000 0.995276
0.448000 0.995228
0.452000 0.995180
0.456000 0.995132
0.460000 0.995083
0.464000 0.995034
0.468000 0.994986
0.472000 0.994937
0.476000 0.994887
0.480000 0.994838
0.484000 0.994789
0.488000 0.994740
0.492000 0.994690
0.496000 0.994641
0.500000 0.994591
0.504000 0.994542
0.508000 0.994492
0.512000 0.994443
0.516000 0.994394
0.520000 0.994344
0.524000 0.994295
0.528000 0.994246
0.532000 0.994197
0.536000 0.994148
0.540000 0.994099
0.544000 0.994051
0.548000 0.994002
0.552000 0.993954
0.556000 0.993906
0.560000 0.993858
0.564000 0.993811
0.568000 0.993763
0.572000 0.993716
0.576000 0.993670
0.580000 0.993623
0.584000 0.993577
0.588000 0.993531
0.592000 0.993485
0.596000 0.993440
0.600000 0.993395
0.604000 0.993351
0.608000 0.993306
0.612000 0.993263
0.616000 0.993219
0.620000 0.993176
0.624000 0.993134
0.628000 0.993091
0.632000 0.993050
0.636000 0.993008
0.640000 0.992967
0.644000 0.992927
0.648000 0.992887
0.652000 0.992847
0.656000 0.992808
0.660000 0.992770
0.664000 0.992732
0.668000 0.992694
0.672000 0.992657
0.676000 0.992620
0.680000 0.992584
0.684000 0.992548
0.688000 0.992513
0.692000 0.992478
0.696000 0.992444
0.700000 0.992411
0.704000 0.992378
0.708000 0.992345
0.712000 0.992313
0.716000 0.992281
0.720000 0.992250
0.724000 0.992220
0.728000 0.992190
0.732000 0.992160
0.736000 0.992131
0.740000 0.992103
0.744000 0.992075
0.748000 0.992047
0.752000 0.992021
0.756000 0.991994
0.760000 0.991968
0.764000 0.991943
0.768000 0.991918
0.772000 0.991894
0.776000 0.991870
0.780000 0.991846
0.784000 0.991823
0.788000 0.991801
0.792000 0.991779
0.796000 0.991757
0.800000 0.991736
0.804000 0.991716
0.808000 0.991696
0.812000 0.991676
0.816000 0.991657
0.820000 0.991638
0.824000 0.991620
0.828000 0.991602
0.832000 0.991585
0.836000 0.991568
0.840000 0.991551
0.844000 0.991535
0.848000 0.991519
0.852000 0.991504
0.856000 0.991489
0.860000 0.991474
0.864000 0.991460
0.868000 0.991446
0.872000 0.991433
0.876000 0.991420
0.880000 0.991407
0.884000 0.991394
0.888000 0.991382
0.892000 0.991371
0.896000 0.991359
0.900000 0.991348
0.904000 0.991337
0.908000 0.991327
0.912000 0.991317
0.916000 0.991307
0.920000 0.991297
0.924000 0.991288
0.928000 0.991279
0.932000 0.991270
0.936000 0.991262
0.940000 0.991254
0.944000 0.991246
0.948000 0.991238
0.952000 0.991230
0.956000 0.991223
0.960000 0.991216
0.964000 0.991209
0.968000 0.991202
0.972000 0.991195
0.976000 0.991188
0.980000 0.991181
0.984000 0.991174
0.988000 0.991166
0.992000 0.991157
0.996000 0.991147
1.000000 0.991134
