-1.000000 0.997928
-0.996000 0.997928
-0.992000 0.997928
-0.988000 0.997928
-0.984000 0.997928
-0.980000 0.997928
-0.976000 0.997928
-0.972000 0.997928
-0.968000 0.997928
-0.964000 0.997928
-0.960000 0.997927
-0.956000 0.997927
-0.952000 0.997927
-0.948000 0.997927
-0.944000 0.997926
-0.940000 0.997926
-0.936000 0.997926
-0.932000 0.997925
-0.928000 0.997925
-0.924000 0.997924
-0.920000 0.997923
-0.916000 0.997922
-0.912000 0.997921
-0.908000 0.997920
-0.904000 0.997919
-0.900000 0.997917
-0.896000 0.997915
-0.892000 0.997913
-0.888000 0.997910
-0.884000 0.997908
-0.880000 0.997905
-0.876000 0.997901
-0.872000 0.997897
-0.868000 0.997893
-0.864000 0.997888
-0.860000 0.997882
-0.856000 0.997876
-0.852000 0.997869
-0.848000 0.997861
-0.844000 0.997853
-0.840000 0.997844
-0.836000 0.997833
-0.832000 0.997822
-0.828000 0.997810
-0.824000 0.997796
-0.820000 0.997782
-0.816000 0.997766
-0.812000 0.997748
-0.808000 0.997729
-0.804000 0.997709
-0.800000 0.997687
-0.796000 0.997664
-0.792000 0.997639
-0.788000 0.997612
-0.784000 0.997583
-0.780000 0.997552
-0.776000 0.997519
-0.772000 0.997484
-0.768000 0.997447
-0.764000 0.997407
-0.760000 0.997366
-0.756000 0.997322
-0.752000 0.997276
-0.748000 0.997228
-0.744000 0.997177
-0.740000 0.997123
-0.736000 0.997068
-0.732000 0.997010
-0.728000 0.996949
-0.724000 0.996886
-0.720000 0.996821
-0.716000 0.996753
-0.712000 0.996683
-0.708000 0.996611
-0.704000 0.996536
-0.700000 0.996460
-0.696000 0.996381
-0.692000 0.996300
-0.688000 0.996217
-0.684000 0.996132
-0.680000 0.996045
-0.676000 0.995957
-0.672000 0.995867
-0.668000 0.995775
-0.664000 0.995682
-0.660000 0.995588
-0.656000 0.995492
-0.652000 0.995396
-0.648000 0.995299
-0.644000 0.995201
-0.640000 0.995102
-0.636000 0.995003
-0.632000 0.994903
-0.628000 0.994803
-0.624000 0.994703
-0.620000 0.994603
-0.616000 0.994503
-0.612000 0.994404
-0.608000 0.994305
-0.604000 0.994206
-0.600000 0.994108
-0.596000 0.994011
-0.592000 0.993915
-0.588000 0.993820
-0.584000 0.993726
-0.580000 0.993633
-0.576000 0.993542
-0.572000 0.993452
-0.568000 0.993363
-0.564000 0.993276
-0.560000 0.993191
-0.556000 0.993107
-0.552000 0.993025
-0.548000 0.992945
-0.544000 0.992866
-0.540000 0.992790
-0.536000 0.992715
-0.532000 0.992643
-0.528000 0.992572
-0.524000 0.992504
-0.520000 0.992437
-0.516000 0.992373
-0.512000 0.992310
-0.508000 0.992250
-0.504000 0.992192
-0.500000 0.992135
-0.496000 0.992081
-0.492000 0.992028
-0.488000 0.991978
-0.484000 0.991929
-0.480000 0.991883
-0.476000 0.991838
-0.472000 0.991795
-0.468000 0.991754
-0.464000 0.991714
-0.460000 0.991677
-0.456000 0.991641
-0.452000 0.991606
-0.448000 0.991573
-0.444000 0.991542
-0.440000 0.991512
-0.436000 0.991484
-0.432000 0.991457
-0.428000 0.991432
-0.424000 0.991407
-0.420000 0.991384
-0.416000 0.991363
-0.412000 0.991342
-0.408000 0.991322
-0.404000 0.991304
-0.400000 0.991287
-0.396000 0.991270
-0.392000 0.991255
-0.388000 0.991240
-0.384000 0.991226
-0.380000 0.991214
-0.376000 0.991201
-0.372000 0.991190
-0.368000 0.991179
-0.364000 0.991169
-0.360000 0.991160
-0.356000 0.991151
-0.352000 0.991143
-0.348000 0.991135
-0.344000 0.991128
-0.340000 0.991121
-0.336000 0.991115
-0.332000 0.991109
-0.328000 0.991104
-0.324000 0.991099
-0.320000 0.991094
-0.316000 0.991089
-0.312000 0.991085
-0.308000 0.991082
-0.304000 0.991078
-0.300000 0.991075
-0.296000 0.991072
-0.292000 0.991069
-0.288000 0.991066
-0.284000 0.991064
-0.280000 0.991062
-0.276000 0.991060
-0.272000 0.991058
-0.268000 0.991056
-0.264000 0.991055
-0.260000 0.991053
-0.256000 0.991052
-0.252000 0.991050
-0.248000 0.991049
-0.244000 0.991048
-0.240000 0.991047
-0.236000 0.991046
-0.232000 0.991046
-0.228000 0.991045
-0.224000 0.991044
-0.220000 0.991043
-0.216000 0.991043
-0.212000 0.991042
-0.208000 0.991042
-0.204000 0.991041
-0.200000 0.991041
-0.196000 0.991041
-0.192000 0.991040
-0.188000 0.991040
-0.184000 0.991040
-0.180000 0.991039
-0.176000 0.991039
-0.172000 0.991039
-0.168000 0.991039
-0.164000 0.991039
-0.160000 0.991039
-0.156000 0.991038
-0.152000 0.991038
-0.148000 0.991038
-0.144000 0.991038
-0.140000 0.991038
-0.136000 0.991038
-0.132000 0.991038
-0.128000 0.991038
-0.124000 0.991038
-0.120000 0.991038
-0.116000 0.991037
-0.112000 0.991037
-0.108000 0.991037
-0.104000 0.991037
-0.100000 0.991037
-0.096000 0.991037
-0.092000 0.991037
-0.088000 0.991037
-0.084000 0.991037
-0.080000 0.991037
-0.076000 0.991037
-0.072000 0.991037
-0.068000 0.991037
-0.064000 0.991037
-0.060000 0.991037
-0.056000 0.991037
-0.052000 0.991037
-0.048000 0.991037
-0.044000 0.991037
-0.040000 0.991037
-0.036000 0.991037
-0.032000 0.991037
-0.028000 0.991037
-0.024000 0.991037
-0.020000 0.991037
-0.016000 0.991037
-0.012000 0.991037
-0.008000 0.991037
-0.004000 0.991037
0.000000 0.991037
0.004000 0.991037
0.008000 0.991037
0.012000 0.991037
0.016000 0.991037
0.020000 0.991037
0.024000 0.991037
0.028000 0.991037
0.032000 0.991037
0.036000 0.991037
0.040000 0.991037
0.044000 0.991037
0.048000 0.991037
0.052000 0.991037
0.056000 0.991037
0.060000 0.991037
0.064000 0.991037
0.068000 0.991037
0.072000 0.991037
0.076000 0.991037
0.080000 0.991037
0.084000 0.991037
0.088000 0.991037
0.092000 0.991037
0.096000 0.991037
0.100000 0.991037
0.104000 0.991037
0.108000 0.991037
0.112000 0.991037
0.116000 0.991037
0.120000 0.991037
0.124000 0.991037
0.128000 0.991037
0.132000 0.991037
0.136000 0.991037
0.140000 0.991037
0.144000 0.991037
0.148000 0.991037
0.152000 0.991037
0.156000 0.991037
0.160000 0.991037
0.164000 0.991037
0.168000 0.991037
0.172000 0.991037
0.176000 0.991037
0.180000 0.991037
0.184000 0.991037
0.188000 0.991037
0.192000 0.991037
0.196000 0.991037
0.200000 0.991037
0.204000 0.991037
0.208000 0.991037
0.212000 0.991037
0.216000 0.991037
0.220000 0.991037
0.224000 0.991037
0.228000 0.991037
0.232000 0.991037
0.236000 0.991037
0.240000 0.991037
0.244000 0.991037
0.248000 0.991037
0.252000 0.991037
0.256000 0.991037
0.260000 0.991037
0.264000 0.991037
0.268000 0.991037
0.272000 0.991037
0.276000 0.991037
0.280000 0.991037
0.284000 0.991037
0.288000 0.991037
0.292000 0.991037
0.296000 0.991037
0.300000 0.991037
0.304000 0.991037
0.308000 0.991037
0.312000 0.991037
0.316000 0.991037
0.320000 0.991037
0.324000 0.991037
0.328000 0.991037
0.332000 0.991037
0.336000 0.991037
0.340000 0.991037
0.344000 0.991037
0.348000 0.991037
0.352000 0.991037
0.356000 0.991037
0.360000 0.991037
0.364000 0.991037
0.368000 0.991037
0.372000 0.991037
0.376000 0.991037
0.380000 0.991037
0.384000 0.991037
0.388000 0.991037
0.392000 0.991037
0.396000 0.991037
0.400000 0.991037
0.404000 0.991037
0.408000 0.991037
0.412000 0.991037
0.416000 0.991037
0.420000 0.991037
0.424000 0.991037
0.428000 0.991037
0.432000 0.991037
0.436000 0.991037
0.440000 0.991037
0.444000 0.991037
0.448000 0.991037
0.452000 0.991037
0.456000 0.991037
0.460000 0.991037
0.464000 0.991037
0.468000 0.991037
0.472000 0.991037
0.476000 0.991037
0.480000 0.991037
0.484000 0.991037
0.488000 0.991037
0.492000 0.991037
0.496000 0.991037
0.500000 0.991037
0.504000 0.991037
0.508000 0.991037
0.512000 0.991037
0.516000 0.991037
0.520000 0.991037
0.524000 0.991037
0.528000 0.991037
0.532000 0.991037
0.536000 0.991037
0.540000 0.991037
0.544000 0.991037
0.548000 0.991037
0.552000 0.991037
0.556000 0.991037
0.560000 0.991037
0.564000 0.991037
0.568000 0.991037
0.572000 0.991037
0.576000 0.991037
0.580000 0.991037
0.584000 0.991037
0.588000 0.991037
0.592000 0.991037
0.596000 0.991037
0.600000 0.991037
0.604000 0.991037
0.608000 0.991037
0.612000 0.991037
0.616000 0.991037
0.620000 0.991037
0.624000 0.991037
0.628000 0.991037
0.632000 0.991037
0.636000 0.991037
0.640000 0.991037
0.644000 0.991037
0.648000 0.991037
0.652000 0.991037
0.656000 0.991037
0.660000 0.991037
0.664000 0.991037
0.668000 0.991037
0.672000 0.991037
0.676000 0.991037
0.680000 0.991037
0.684000 0.991037
0.688000 0.991037
0.692000 0.991037
0.696000 0.991037
0.700000 0.991037
0.704000 0.991037
0.708000 0.991037
0.712000 0.991037
0.716000 0.991037
0.720000 0.991037
0.724000 0.991037
0.728000 0.991037
0.732000 0.991037
0.736000 0.991037
0.740000 0.991037
0.744000 0.991037
0.748000 0.991037
0.752000 0.991037
0.756000 0.991037
0.760000 0.991037
0.764000 0.991037
0.768000 0.991037
0.772000 0.991037
0.776000 0.991037
0.780000 0.991037
0.784000 0.991037
0.788000 0.991037
0.792000 0.991037
0.796000 0.991037
0.800000 0.991037
0.804000 0.991037
0.808000 0.991037
0.812000 0.991037
0.816000 0.991037
0.820000 0.991037
0.824000 0.991037
0.828000 0.991037
0.832000 0.991037
0.836000 0.991037
0.840000 0.991037
0.844000 0.991037
0.848000 0.991037
0.852000 0.991037
0.856000 0.991037
0.860000 0.991037
0.864000 0.991037
0.868000 0.991037
0.872000 0.991037
0.876000 0.991037
0.880000 0.991037
0.884000 0.991037
0.888000 0.991037
0.892000 0.991037
0.896000 0.991037
0.900000 0.991037
0.904000 0.991037
0.908000 0.991037
0.912000 0.991037
0.916000 0.991037
0.920000 0.991037
0.924000 0.991037
0.928000 0.991037
0.932000 0.991037
0.936000 0.991037
0.940000 0.991037
0.944000 0.991037
0.948000 0.991037
0.952000 0.991037
0.956000 0.991037
0.960000 0.991037
0.964000 0.991037
0.968000 0.991037
0.972000 0.991037
0.976000 0.991037
0.980000 0.991037
0.984000 0.991037
0.988000 0.991037
0.992000 0.991037
0.996000 0.991037
1.000000 0.991037
