-1.000000 0.997928
-0.996000 0.997928
-0.992000 0.997928
-0.988000 0.997928
-0.984000 0.997928
-0.980000 0.997928
-0.976000 0.997928
-0.972000 0.997928
-0.968000 0.997928
-0.964000 0.997928
-0.960000 0.997928
-0.956000 0.997928
-0.952000 0.997928
-0.948000 0.997928
-0.944000 0.997928
-0.940000 0.997928
-0.936000 0.997928
-0.932000 0.997928
-0.928000 0.997928
-0.924000 0.997928
-0.920000 0.997928
-0.916000 0.997928
-0.912000 0.997928
-0.908000 0.997928
-0.904000 0.997928
-0.900000 0.997928
-0.896000 0.997928
-0.892000 0.997928
-0.888000 0.997928
-0.884000 0.997928
-0.880000 0.997928
-0.876000 0.997928
-0.872000 0.997928
-0.868000 0.997928
-0.864000 0.997928
-0.860000 0.997928
-0.856000 0.997928
-0.852000 0.997928
-0.848000 0.997928
-0.844000 0.997928
-0.840000 0.997928
-0.836000 0.997928
-0.832000 0.997928
-0.828000 0.997928
-0.824000 0.997928
-0.820000 0.997928
-0.816000 0.997928
-0.812000 0.997928
-0.808000 0.997928
-0.804000 0.997928
-0.800000 0.997928
-0.796000 0.997928
-0.792000 0.997928
-0.788000 0.997928
-0.784000 0.997928
-0.780000 0.997928
-0.776000 0.997928
-0.772000 0.997928
-0.768000 0.997928
-0.764000 0.997928
-0.760000 0.997928
-0.756000 0.997928
-0.752000 0.997928
-0.748000 0.997928
-0.744000 0.997928
-0.740000 0.997928
-0.736000 0.997928
-0.732000 0.997928
-0.728000 0.997928
-0.724000 0.997928
-0.720000 0.997928
-0.716000 0.997928
-0.712000 0.997928
-0.708000 0.997928
-0.704000 0.997928
-0.700000 0.997928
-0.696000 0.997928
-0.692000 0.997928
-0.688000 0.997928
-0.684000 0.997928
-0.680000 0.997928
-0.676000 0.997927
-0.672000 0.997927
-0.668000 0.997927
-0.664000 0.997927
-0.660000 0.997927
-0.656000 0.997927
-0.652000 0.997927
-0.648000 0.997927
-0.644000 0.997927
-0.640000 0.997927
-0.636000 0.997926
-0.632000 0.997926
-0.628000 0.997926
-0.624000 0.997926
-0.620000 0.997926
-0.616000 0.997925
-0.612000 0.997925
-0.608000 0.997925
-0.604000 0.997925
-0.600000 0.997924
-0.596000 0.997924
-0.592000 0.997923
-0.588000 0.997923
-0.584000 0.997923
-0.580000 0.997922
-0.576000 0.997921
-0.572000 0.997921
-0.568000 0.997920
-0.564000 0.997919
-0.560000 0.997919
-0.556000 0.997918
-0.552000 0.997917
-0.548000 0.997916
-0.544000 0.997915
-0.540000 0.997914
-0.536000 0.997912
-0.532000 0.997911
-0.528000 0.997909
-0.524000 0.997908
-0.520000 0.997906
-0.516000 0.997904
-0.512000 0.997902
-0.508000 0.997900
-0.504000 0.997898
-0.500000 0.997896
-0.496000 0.997893
-0.492000 0.997890
-0.488000 0.997888
-0.484000 0.997884
-0.480000 0.997881
-0.476000 0.997878
-0.472000 0.997874
-0.468000 0.997870
-0.464000 0.997866
-0.460000 0.997861
-0.456000 0.997856
-0.452000 0.997851
-0.448000 0.997846
-0.444000 0.997840
-0.440000 0.997834
-0.436000 0.997828
-0.432000 0.997821
-0.428000 0.997814
-0.424000 0.997806
-0.420000 0.997798
-0.416000 0.997790
-0.412000 0.997781
-0.408000 0.997772
-0.404000 0.997762
-0.400000 0.997752
-0.396000 0.997742
-0.392000 0.997730
-0.388000 0.997719
-0.384000 0.997706
-0.380000 0.997694
-0.376000 0.997680
-0.372000 0.997666
-0.368000 0.997651
-0.364000 0.997636
-0.360000 0.997620
-0.356000 0.997603
-0.352000 0.997586
-0.348000 0.997568
-0.344000 0.997549
-0.340000 0.997529
-0.336000 0.997509
-0.332000 0.997488
-0.328000 0.997466
-0.324000 0.997443
-0.320000 0.997420
-0.316000 0.997396
-0.312000 0.997370
-0.308000 0.997344
-0.304000 0.997318
-0.300000 0.997290
-0.296000 0.997261
-0.292000 0.997232
-0.288000 0.997201
-0.284000 0.997170
-0.280000 0.997137
-0.276000 0.997104
-0.272000 0.997070
-0.268000 0.997035
-0.264000 0.996999
-0.260000 0.996962
-0.256000 0.996924
-0.252000 0.996885
-0.248000 0.996845
-0.244000 0.996805
-0.240000 0.996763
-0.236000 0.996720
-0.232000 0.996677
-0.228000 0.996633
-0.224000 0.996587
-0.220000 0.996541
-0.216000 0.996494
-0.212000 0.996446
-0.208000 0.996397
-0.204000 0.996347
-0.200000 0.996297
-0.196000 0.996246
-0.192000 0.996194
-0.188000 0.996141
-0.184000 0.996087
-0.180000 0.996033
-0.176000 0.995978
-0.172000 0.995922
-0.168000 0.995865
-0.164000 0.995808
-0.160000 0.995751
-0.156000 0.995692
-0.152000 0.995634
-0.148000 0.995574
-0.144000 0.995514
-0.140000 0.995454
-0.136000 0.995393
-0.132000 0.995332
-0.128000 0.995271
-0.124000 0.995209
-0.120000 0.995146
-0.116000 0.995084
-0.112000 0.995021
-0.108000 0.994958
-0.104000 0.994895
-0.100000 0.994832
-0.096000 0.994769
-0.092000 0.994705
-0.088000 0.994642
-0.084000 0.994578
-0.080000 0.994515
-0.076000 0.994451
-0.072000 0.994388
-0.068000 0.994325
-0.064000 0.994262
-0.060000 0.994199
-0.056000 0.994136
-0.052000 0.994074
-0.048000 0.994012
-0.044000 0.993950
-0.040000 0.993889
-0.036000 0.993828
-0.032000 0.993767
-0.028000 0.993707
-0.024000 0.993648
-0.020000 0.993588
-0.016000 0.993530
-0.012000 0.993472
-0.008000 0.993414
-0.004000 0.993357
0.000000 0.993301
0.004000 0.993245
0.008000 0.993190
0.012000 0.993135
0.016000 0.993082
0.020000 0.993029
0.024000 0.992976
0.028000 0.992925
0.032000 0.992874
0.036000 0.992824
0.040000 0.992775
0.044000 0.992726
0.048000 0.992678
0.052000 0.992631
0.056000 0.992585
0.060000 0.992540
0.064000 0.992496
0.068000 0.992452
0.072000 0.992409
0.076000 0.992367
0.080000 0.992326
0.084000 0.992286
0.088000 0.992247
0.092000 0.992208
0.096000 0.992170
0.100000 0.992134
0.104000 0.992098
0.108000 0.992062
0.112000 0.992028
0.116000 0.991995
0.120000 0.991962
0.124000 0.991930
0.128000 0.991899
0.132000 0.991869
0.136000 0.991839
0.140000 0.991810
0.144000 0.991782
0.148000 0.991755
0.152000 0.991729
0.156000 0.991703
0.160000 0.991678
0.164000 0.991654
0.168000 0.991631
0.172000 0.991608
0.176000 0.991586
0.180000 0.991564
0.184000 0.991544
0.188000 0.991523
0.192000 0.991504
0.196000 0.991485
0.200000 0.991467
0.204000 0.991449
0.208000 0.991432
0.212000 0.991416
0.216000 0.991400
0.220000 0.991385
0.224000 0.991370
0.228000 0.991356
0.232000 0.991342
0.236000 0.991329
0.240000 0.991316
0.244000 0.991304
0.248000 0.991292
0.252000 0.991280
0.256000 0.991269
0.260000 0.991259
0.264000 0.991249
0.268000 0.991239
0.272000 0.991230
0.276000 0.991221
0.280000 0.991212
0.284000 0.991204
0.288000 0.991196
0.292000 0.991188
0.296000 0.991181
0.300000 0.991174
0.304000 0.991167
0.308000 0.991161
0.312000 0.991155
0.316000 0.991149
0.320000 0.991144
0.324000 0.991138
0.328000 0.991133
0.332000 0.991128
0.336000 0.991124
0.340000 0.991119
0.344000 0.991115
0.348000 0.991111
0.352000 0.991107
0.356000 0.991103
0.360000 0.991100
0.364000 0.991096
0.368000 0.991093
0.372000 0.991090
0.376000 0.991087
0.380000 0.991085
0.384000 0.991082
0.388000 0.991080
0.392000 0.991077
0.396000 0.991075
0.400000 0.991073
0.404000 0.991071
0.408000 0.991069
0.412000 0.991067
0.416000 0.991065
0.420000 0.991064
0.424000 0.991062
0.428000 0.991061
0.432000 0.991059
0.436000 0.991058
0.440000 0.991057
0.444000 0.991056
0.448000 0.991055
0.452000 0.991054
0.456000 0.991053
0.460000 0.991052
0.464000 0.991051
0.468000 0.991050
0.472000 0.991049
0.476000 0.991048
0.480000 0.991048
0.484000 0.991047
0.488000 0.991046
0.492000 0.991046
0.496000 0.991045
0.500000 0.991045
0.504000 0.991044
0.508000 0.991044
0.512000 0.991043
0.516000 0.991043
0.520000 0.991043
0.524000 0.991042
0.528000 0.991042
0.532000 0.991042
0.536000 0.991041
0.540000 0.991041
0.544000 0.991041
0.548000 0.991041
0.552000 0.991040
0.556000 0.991040
0.560000 0.991040
0.564000 0.991040
0.568000 0.991039
0.572000 0.991039
0.576000 0.991039
0.580000 0.991039
0.584000 0.991039
0.588000 0.991039
0.592000 0.991039
0.596000 0.991039
0.600000 0.991038
0.604000 0.991038
0.608000 0.991038
0.612000 0.991038
0.616000 0.991038
0.620000 0.991038
0.624000 0.991038
0.628000 0.991038
0.632000 0.991038
0.636000 0.991038
0.640000 0.991038
0.644000 0.991038
0.648000 0.991038
0.652000 0.991038
0.656000 0.991038
0.660000 0.991037
0.664000 0.991037
0.668000 0.991037
0.672000 0.991037
0.676000 0.991037
0.680000 0.991037
0.684000 0.991037
0.688000 0.991037
0.692000 0.991037
0.696000 0.991037
0.700000 0.991037
0.704000 0.991037
0.708000 0.991037
0.712000 0.991037
0.716000 0.991037
0.720000 0.991037
0.724000 0.991037
0.728000 0.991037
0.732000 0.991037
0.736000 0.991037
0.740000 0.991037
0.744000 0.991037
0.748000 0.991037
0.752000 0.991037
0.756000 0.991037
0.760000 0.991037
0.764000 0.991037
0.768000 0.991037
0.772000 0.991037
0.776000 0.991037
0.780000 0.991037
0.784000 0.991037
0.788000 0.991037
0.792000 0.991037
0.796000 0.991037
0.800000 0.991037
0.804000 0.991037
0.808000 0.991037
0.812000 0.991037
0.816000 0.991037
0.820000 0.991037
0.824000 0.991037
0.828000 0.991037
0.832000 0.991037
0.836000 0.991037
0.840000 0.991037
0.844000 0.991037
0.848000 0.991037
0.852000 0.991037
0.856000 0.991037
0.860000 0.991037
0.864000 0.991037
0.868000 0.991037
0.872000 0.991037
0.876000 0.991037
0.880000 0.991037
0.884000 0.991037
0.888000 0.991037
0.892000 0.991037
0.896000 0.991037
0.900000 0.991037
0.904000 0.991037
0.908000 0.991037
0.912000 0.991037
0.916000 0.991037
0.920000 0.991037
0.924000 0.991037
0.928000 0.991037
0.932000 0.991037
0.936000 0.991037
0.940000 0.991037
0.944000 0.991037
0.948000 0.991037
0.952000 0.991037
0.956000 0.991037
0.960000 0.991037
0.964000 0.991037
0.968000 0.991037
0.972000 0.991037
0.976000 0.991037
0.980000 0.991037
0.984000 0.991037
0.988000 0.991037
0.992000 0.991037
0.996000 0.991037
1.000000 0.991037
