-1.000000 0.992919
-0.996000 0.992919
-0.992000 0.992919
-0.988000 0.992919
-0.984000 0.992919
-0.980000 0.992919
-0.976000 0.992919
-0.972000 0.992919
-0.968000 0.992919
-0.964000 0.992919
-0.960000 0.992919
-0.956000 0.992919
-0.952000 0.992919
-0.948000 0.992919
-0.944000 0.992919
-0.940000 0.992919
-0.936000 0.992919
-0.932000 0.992919
-0.928000 0.992919
-0.924000 0.992919
-0.920000 0.992919
-0.916000 0.992919
-0.912000 0.992919
-0.908000 0.992919
-0.904000 0.992919
-0.900000 0.992919
-0.896000 0.992919
-0.892000 0.992919
-0.888000 0.992919
-0.884000 0.992919
-0.880000 0.992919
-0.876000 0.992919
-0.872000 0.992919
-0.868000 0.992919
-0.864000 0.992919
-0.860000 0.992919
-0.856000 0.992919
-0.852000 0.992919
-0.848000 0.992919
-0.844000 0.992919
-0.840000 0.992919
-0.836000 0.992919
-0.832000 0.992919
-0.828000 0.992919
-0.824000 0.992919
-0.820000 0.992919
-0.816000 0.992919
-0.812000 0.992919
-0.808000 0.992919
-0.804000 0.992919
-0.800000 0.992919
-0.796000 0.992919
-0.792000 0.992919
-0.788000 0.992919
-0.784000 0.992919
-0.780000 0.992919
-0.776000 0.992919
-0.772000 0.992919
-0.768000 0.992919
-0.764000 0.992919
-0.760000 0.992919
-0.756000 0.992919
-0.752000 0.992919
-0.748000 0.992919
-0.744000 0.992919
-0.740000 0.992919
-0.736000 0.992919
-0.732000 0.992919
-0.728000 0.992919
-0.724000 0.992919
-0.720000 0.992919
-0.716000 0.992919
-0.712000 0.992919
-0.708000 0.992919
-0.704000 0.992919
-0.700000 0.992919
-0.696000 0.992919
-0.692000 0.992919
-0.688000 0.992919
-0.684000 0.992919
-0.680000 0.992919
-0.676000 0.992919
-0.672000 0.992919
-0.668000 0.992919
-0.664000 0.992919
-0.660000 0.992919
-0.656000 0.992919
-0.652000 0.992919
-0.648000 0.992919
-0.644000 0.992919
-0.640000 0.992919
-0.636000 0.992919
-0.632000 0.992919
-0.628000 0.992919
-0.624000 0.992919
-0.620000 0.992919
-0.616000 0.992919
-0.612000 0.992919
-0.608000 0.992919
-0.604000 0.992919
-0.600000 0.992919
-0.596000 0.992919
-0.592000 0.992919
-0.588000 0.992919
-0.584000 0.992919
-0.580000 0.992919
-0.576000 0.992919
-0.572000 0.992919
-0.568000 0.992919
-0.564000 0.992919
-0.560000 0.992919
-0.556000 0.992919
-0.552000 0.992919
-0.548000 0.992919
-0.544000 0.992919
-0.540000 0.992919
-0.536000 0.992919
-0.532000 0.992919
-0.528000 0.992919
-0.524000 0.992919
-0.520000 0.992919
-0.516000 0.992919
-0.512000 0.992919
-0.508000 0.992919
-0.504000 0.992919
-0.500000 0.992919
-0.496000 0.992919
-0.492000 0.992919
-0.488000 0.992919
-0.484000 0.992919
-0.480000 0.992919
-0.476000 0.992919
-0.472000 0.992919
-0.468000 0.992919
-0.464000 0.992919
-0.460000 0.992919
-0.456000 0.992919
-0.452000 0.992919
-0.448000 0.992919
-0.444000 0.992919
-0.440000 0.992919
-0.436000 0.992920
-0.432000 0.992920
-0.428000 0.992920
-0.424000 0.992920
-0.420000 0.992920
-0.416000 0.992920
-0.412000 0.992920
-0.408000 0.992920
-0.404000 0.992920
-0.400000 0.992920
-0.396000 0.992920
-0.392000 0.992920
-0.388000 0.992921
-0.384000 0.992921
-0.380000 0.992921
-0.376000 0.992921
-0.372000 0.992921
-0.368000 0.992921
-0.364000 0.992921
-0.360000 0.992922
-0.356000 0.992922
-0.352000 0.992922
-0.348000 0.992922
-0.344000 0.992923
-0.340000 0.992923
-0.336000 0.992923
-0.332000 0.992924
-0.328000 0.992924
-0.324000 0.992924
-0.320000 0.992925
-0.316000 0.992925
-0.312000 0.992926
-0.308000 0.992926
-0.304000 0.992927
-0.300000 0.992928
-0.296000 0.992928
-0.292000 0.992929
-0.288000 0.992930
-0.284000 0.992930
-0.280000 0.992931
-0.276000 0.992932
-0.272000 0.992933
-0.268000 0.992934
-0.264000 0.992935
-0.260000 0.992936
-0.256000 0.992937
-0.252000 0.992939
-0.248000 0.992940
-0.244000 0.992942
-0.240000 0.992943
-0.236000 0.992945
-0.232000 0.992946
-0.228000 0.992948
-0.224000 0.992950
-0.220000 0.992952
-0.216000 0.992954
-0.212000 0.992957
-0.208000 0.992959
-0.204000 0.992961
-0.200000 0.992964
-0.196000 0.992967
-0.192000 0.992970
-0.188000 0.992973
-0.184000 0.992976
-0.180000 0.992980
-0.176000 0.992983
-0.172000 0.992987
-0.168000 0.992991
-0.164000 0.992995
-0.160000 0.993000
-0.156000 0.993004
-0.152000 0.993009
-0.148000 0.993014
-0.144000 0.993019
-0.140000 0.993025
-0.136000 0.993031
-0.132000 0.993037
-0.128000 0.993043
-0.124000 0.993049
-0.120000 0.993056
-0.116000 0.993064
-0.112000 0.993071
-0.108000 0.993079
-0.104000 0.993087
-0.100000 0.993095
-0.096000 0.993104
-0.092000 0.993113
-0.088000 0.993123
-0.084000 0.993133
-0.080000 0.993143
-0.076000 0.993154
-0.072000 0.993165
-0.068000 0.993176
-0.064000 0.993188
-0.060000 0.993201
-0.056000 0.993213
-0.052000 0.993227
-0.048000 0.993241
-0.044000 0.993255
-0.040000 0.993269
-0.036000 0.993285
-0.032000 0.993300
-0.028000 0.993316
-0.024000 0.993333
-0.020000 0.993350
-0.016000 0.993368
-0.012000 0.993387
-0.008000 0.993405
-0.004000 0.993425
0.000000 0.993445
0.004000 0.993466
0.008000 0.993487
0.012000 0.993509
0.016000 0.993531
0.020000 0.993554
0.024000 0.993578
0.028000 0.993602
0.032000 0.993627
0.036000 0.993652
0.040000 0.993678
0.044000 0.993705
0.048000 0.993732
0.052000 0.993761
0.056000 0.993789
0.060000 0.993819
0.064000 0.993849
0.068000 0.993879
0.072000 0.993910
0.076000 0.993942
0.080000 0.993975
0.084000 0.994008
0.088000 0.994042
0.092000 0.994077
0.096000 0.994112
0.100000 0.994148
0.104000 0.994184
0.108000 0.994222
0.112000 0.994259
0.116000 0.994298
0.120000 0.994337
0.124000 0.994376
0.128000 0.994417
0.132000 0.994458
0.136000 0.994499
0.140000 0.994541
0.144000 0.994584
0.148000 0.994627
0.152000 0.994671
0.156000 0.994715
0.160000 0.994760
0.164000 0.994805
0.168000 0.994851
0.172000 0.994898
0.176000 0.994945
0.180000 0.994992
0.184000 0.995040
0.188000 0.995088
0.192000 0.995137
0.196000 0.995186
0.200000 0.995235
0.204000 0.995285
0.208000 0.995336
0.212000 0.995386
0.216000 0.995437
0.220000 0.995489
0.224000 0.995540
0.228000 0.995592
0.232000 0.995644
0.236000 0.995697
0.240000 0.995749
0.244000 0.995802
0.248000 0.995855
0.252000 0.995909
0.256000 0.995962
0.260000 0.996015
0.264000 0.996069
0.268000 0.996123
0.272000 0.996177
0.276000 0.996230
0.280000 0.996284
0.284000 0.996338
0.288000 0.996392
0.292000 0.996446
0.296000 0.996500
0.300000 0.996554
0.304000 0.996607
0.308000 0.996661
0.312000 0.996714
0.316000 0.996768
0.320000 0.996821
0.324000 0.996874
0.328000 0.996927
0.332000 0.996979
0.336000 0.997032
0.340000 0.997084
0.344000 0.997136
0.348000 0.997187
0.352000 0.997239
0.356000 0.997290
0.360000 0.997340
0.364000 0.997391
0.368000 0.997440
0.372000 0.997490
0.376000 0.997539
0.380000 0.997588
0.384000 0.997636
0.388000 0.997684
0.392000 0.997732
0.396000 0.997779
0.400000 0.997826
0.404000 0.997872
0.408000 0.997917
0.412000 0.997962
0.416000 0.998007
0.420000 0.998051
0.424000 0.998095
0.428000 0.998138
0.432000 0.998181
0.436000 0.998223
0.440000 0.998264
0.444000 0.998305
0.448000 0.998345
0.452000 0.998385
0.456000 0.998424
0.460000 0.998463
0.464000 0.998501
0.468000 0.998538
0.472000 0.998575
0.476000 0.998611
0.480000 0.998647
0.484000 0.998682
0.488000 0.998716
0.492000 0.998750
0.496000 0.998784
0.500000 0.998816
0.504000 0.998848
0.508000 0.998880
0.512000 0.998911
0.516000 0.998941
0.520000 0.998971
0.524000 0.999000
0.528000 0.999029
0.532000 0.999056
0.536000 0.999084
0.540000 0.999111
0.544000 0.999137
0.548000 0.999163
0.552000 0.999188
0.556000 0.999212
0.560000 0.999236
0.564000 0.999260
0.568000 0.999282
0.572000 0.999305
0.576000 0.999327
0.580000 0.999348
0.584000 0.999369
0.588000 0.999389
0.592000 0.999409
0.596000 0.999428
0.600000 0.999447
0.604000 0.999465
0.608000 0.999483
0.612000 0.999500
0.616000 0.999517
0.620000 0.999534
0.624000 0.999550
0.628000 0.999565
0.632000 0.999580
0.636000 0.999595
0.640000 0.999609
0.644000 0.999623
0.648000 0.999636
0.652000 0.999649
0.656000 0.999662
0.660000 0.999674
0.664000 0.999686
0.668000 0.999698
0.672000 0.999709
0.676000 0.999720
0.680000 0.999730
0.684000 0.999741
0.688000 0.999750
0.692000 0.999760
0.696000 0.999769
0.700000 0.999778
0.704000 0.999787
0.708000 0.999795
0.712000 0.999803
0.716000 0.999811
0.720000 0.999819
0.724000 0.999826
0.728000 0.999833
0.732000 0.999840
0.736000 0.999846
0.740000 0.999852
0.744000 0.999859
0.748000 0.999864
0.752000 0.999870
0.756000 0.999876
0.760000 0.999881
0.764000 0.999886
0.768000 0.999891
0.772000 0.999895
0.776000 0.999900
0.780000 0.999904
0.784000 0.999908
0.788000 0.999912
0.792000 0.999916
0.796000 0.999920
0.800000 0.999923
0.804000 0.999927
0.808000 0.999930
0.812000 0.999933
0.816000 0.999936
0.820000 0.999939
0.824000 0.999942
0.828000 0.999945
0.832000 0.999947
0.836000 0.999950
0.840000 0.999952
0.844000 0.999954
0.848000 0.999956
0.852000 0.999958
0.856000 0.999960
0.860000 0.999962
0.864000 0.999964
0.868000 0.999966
0.872000 0.999968
0.876000 0.999969
0.880000 0.999971
0.884000 0.999972
0.888000 0.999973
0.892000 0.999975
0.896000 0.999976
0.900000 0.999977
0.904000 0.999978
0.908000 0.999979
0.912000 0.999980
0.916000 0.999981
0.920000 0.999982
0.924000 0.999983
0.928000 0.999984
0.932000 0.999985
0.936000 0.999986
0.940000 0.999987
0.944000 0.999987
0.948000 0.999988
0.952000 0.999989
0.956000 0.999989
0.960000 0.999990
0.964000 0.999990
0.968000 0.999991
0.972000 0.999991
0.976000 0.999992
0.980000 0.999992
0.984000 0.999993
0.988000 0.999994
0.992000 0.999994
0.996000 0.999995
1.000000 0.999996
