-1.000000 0.992919
-0.996000 0.992919
-0.992000 0.992919
-0.988000 0.992919
-0.984000 0.992919
-0.980000 0.992919
-0.976000 0.992919
-0.972000 0.992919
-0.968000 0.992919
-0.964000 0.992919
-0.960000 0.992919
-0.956000 0.992919
-0.952000 0.992919
-0.948000 0.992919
-0.944000 0.992919
-0.940000 0.992919
-0.936000 0.992919
-0.932000 0.992919
-0.928000 0.992919
-0.924000 0.992919
-0.920000 0.992919
-0.916000 0.992919
-0.912000 0.992919
-0.908000 0.992919
-0.904000 0.992919
-0.900000 0.992919
-0.896000 0.992919
-0.892000 0.992919
-0.888000 0.992919
-0.884000 0.992919
-0.880000 0.992919
-0.876000 0.992919
-0.872000 0.992919
-0.868000 0.992919
-0.864000 0.992919
-0.860000 0.992919
-0.856000 0.992919
-0.852000 0.992919
-0.848000 0.992919
-0.844000 0.992919
-0.840000 0.992919
-0.836000 0.992919
-0.832000 0.992919
-0.828000 0.992919
-0.824000 0.992919
-0.820000 0.992919
-0.816000 0.992919
-0.812000 0.992919
-0.808000 0.992919
-0.804000 0.992919
-0.800000 0.992919
-0.796000 0.992919
-0.792000 0.992919
-0.788000 0.992919
-0.784000 0.992919
-0.780000 0.992919
-0.776000 0.992919
-0.772000 0.992919
-0.768000 0.992919
-0.764000 0.992919
-0.760000 0.992919
-0.756000 0.992919
-0.752000 0.992919
-0.748000 0.992919
-0.744000 0.992919
-0.740000 0.992919
-0.736000 0.992919
-0.732000 0.992919
-0.728000 0.992919
-0.724000 0.992919
-0.720000 0.992919
-0.716000 0.992919
-0.712000 0.992919
-0.708000 0.992919
-0.704000 0.992919
-0.700000 0.992919
-0.696000 0.992919
-0.692000 0.992919
-0.688000 0.992919
-0.684000 0.992919
-0.680000 0.992919
-0.676000 0.992919
-0.672000 0.992919
-0.668000 0.992919
-0.664000 0.992919
-0.660000 0.992919
-0.656000 0.992919
-0.652000 0.992919
-0.648000 0.992919
-0.644000 0.992919
-0.640000 0.992919
-0.636000 0.992919
-0.632000 0.992919
-0.628000 0.992919
-0.624000 0.992919
-0.620000 0.992919
-0.616000 0.992919
-0.612000 0.992919
-0.608000 0.992919
-0.604000 0.992919
-0.600000 0.992919
-0.596000 0.992919
-0.592000 0.992919
-0.588000 0.992919
-0.584000 0.992919
-0.580000 0.992919
-0.576000 0.992919
-0.572000 0.992919
-0.568000 0.992919
-0.564000 0.992919
-0.560000 0.992919
-0.556000 0.992919
-0.552000 0.992919
-0.548000 0.992919
-0.544000 0.992919
-0.540000 0.992919
-0.536000 0.992919
-0.532000 0.992919
-0.528000 0.992919
-0.524000 0.992919
-0.520000 0.992919
-0.516000 0.992919
-0.512000 0.992919
-0.508000 0.992919
-0.504000 0.992919
-0.500000 0.992919
-0.496000 0.992919
-0.492000 0.992919
-0.488000 0.992919
-0.484000 0.992919
-0.480000 0.992919
-0.476000 0.992919
-0.472000 0.992919
-0.468000 0.992919
-0.464000 0.992919
-0.460000 0.992919
-0.456000 0.992919
-0.452000 0.992919
-0.448000 0.992919
-0.444000 0.992919
-0.440000 0.992919
-0.436000 0.992919
-0.432000 0.992919
-0.428000 0.992919
-0.424000 0.992919
-0.420000 0.992919
-0.416000 0.992919
-0.412000 0.992919
-0.408000 0.992919
-0.404000 0.992919
-0.400000 0.992919
-0.396000 0.992919
-0.392000 0.992919
-0.388000 0.992919
-0.384000 0.992919
-0.380000 0.992919
-0.376000 0.992919
-0.372000 0.992919
-0.368000 0.992919
-0.364000 0.992919
-0.360000 0.992919
-0.356000 0.992919
-0.352000 0.992919
-0.348000 0.992919
-0.344000 0.992919
-0.340000 0.992919
-0.336000 0.992919
-0.332000 0.992919
-0.328000 0.992919
-0.324000 0.992919
-0.320000 0.992919
-0.316000 0.992919
-0.312000 0.992919
-0.308000 0.992919
-0.304000 0.992919
-0.300000 0.992919
-0.296000 0.992919
-0.292000 0.992919
-0.288000 0.992919
-0.284000 0.992919
-0.280000 0.992919
-0.276000 0.992919
-0.272000 0.992919
-0.268000 0.992919
-0.264000 0.992919
-0.260000 0.992919
-0.256000 0.992919
-0.252000 0.992919
-0.248000 0.992919
-0.244000 0.992919
-0.240000 0.992919
-0.236000 0.992919
-0.232000 0.992919
-0.228000 0.992919
-0.224000 0.992919
-0.220000 0.992919
-0.216000 0.992919
-0.212000 0.992919
-0.208000 0.992919
-0.204000 0.992919
-0.200000 0.992919
-0.196000 0.992919
-0.192000 0.992919
-0.188000 0.992919
-0.184000 0.992919
-0.180000 0.992919
-0.176000 0.992919
-0.172000 0.992919
-0.168000 0.992919
-0.164000 0.992919
-0.160000 0.992919
-0.156000 0.992919
-0.152000 0.992919
-0.148000 0.992919
-0.144000 0.992919
-0.140000 0.992919
-0.136000 0.992919
-0.132000 0.992919
-0.128000 0.992919
-0.124000 0.992919
-0.120000 0.992919
-0.116000 0.992919
-0.112000 0.992919
-0.108000 0.992919
-0.104000 0.992919
-0.100000 0.992919
-0.096000 0.992919
-0.092000 0.992919
-0.088000 0.992919
-0.084000 0.992919
-0.080000 0.992919
-0.076000 0.992919
-0.072000 0.992919
-0.068000 0.992919
-0.064000 0.992919
-0.060000 0.992919
-0.056000 0.992919
-0.052000 0.992919
-0.048000 0.992919
-0.044000 0.992919
-0.040000 0.992919
-0.036000 0.992919
-0.032000 0.992919
-0.028000 0.992919
-0.024000 0.992919
-0.020000 0.992919
-0.016000 0.992919
-0.012000 0.992919
-0.008000 0.992919
-0.004000 0.992919
0.000000 0.992919
0.004000 0.992919
0.008000 0.992919
0.012000 0.992919
0.016000 0.992919
0.020000 0.992919
0.024000 0.992919
0.028000 0.992919
0.032000 0.992919
0.036000 0.992919
0.040000 0.992919
0.044000 0.992919
0.048000 0.992919
0.052000 0.992919
0.056000 0.992919
0.060000 0.992919
0.064000 0.992919
0.068000 0.992919
0.072000 0.992919
0.076000 0.992919
0.080000 0.992919
0.084000 0.992919
0.088000 0.992920
0.092000 0.992920
0.096000 0.992920
0.100000 0.992920
0.104000 0.992920
0.108000 0.992920
0.112000 0.992920
0.116000 0.992920
0.120000 0.992920
0.124000 0.992920
0.128000 0.992920
0.132000 0.992920
0.136000 0.992920
0.140000 0.992920
0.144000 0.992920
0.148000 0.992920
0.152000 0.992921
0.156000 0.992921
0.160000 0.992921
0.164000 0.992921
0.168000 0.992921
0.172000 0.992921
0.176000 0.992921
0.180000 0.992921
0.184000 0.992922
0.188000 0.992922
0.192000 0.992922
0.196000 0.992922
0.200000 0.992922
0.204000 0.992922
0.208000 0.992923
0.212000 0.992923
0.216000 0.992923
0.220000 0.992923
0.224000 0.992924
0.228000 0.992924
0.232000 0.992924
0.236000 0.992925
0.240000 0.992925
0.244000 0.992925
0.248000 0.992926
0.252000 0.992926
0.256000 0.992927
0.260000 0.992927
0.264000 0.992927
0.268000 0.992928
0.272000 0.992928
0.276000 0.992929
0.280000 0.992930
0.284000 0.992930
0.288000 0.992931
0.292000 0.992931
0.296000 0.992932
0.300000 0.992933
0.304000 0.992934
0.308000 0.992934
0.312000 0.992935
0.316000 0.992936
0.320000 0.992937
0.324000 0.992938
0.328000 0.992939
0.332000 0.992940
0.336000 0.992941
0.340000 0.992942
0.344000 0.992944
0.348000 0.992945
0.352000 0.992946
0.356000 0.992948
0.360000 0.992949
0.364000 0.992950
0.368000 0.992952
0.372000 0.992954
0.376000 0.992955
0.380000 0.992957
0.384000 0.992959
0.388000 0.992961
0.392000 0.992963
0.396000 0.992965
0.400000 0.992967
0.404000 0.992970
0.408000 0.992972
0.412000 0.992975
0.416000 0.992977
0.420000 0.992980
0.424000 0.992983
0.428000 0.992986
0.432000 0.992989
0.436000 0.992992
0.440000 0.992995
0.444000 0.992998
0.448000 0.993002
0.452000 0.993006
0.456000 0.993009
0.460000 0.993013
0.464000 0.993017
0.468000 0.993022
0.472000 0.993026
0.476000 0.993031
0.480000 0.993035
0.484000 0.993040
0.488000 0.993045
0.492000 0.993050
0.496000 0.993056
0.500000 0.993061
0.504000 0.993067
0.508000 0.993073
0.512000 0.993079
0.516000 0.993085
0.520000 0.993092
0.524000 0.993099
0.528000 0.993106
0.532000 0.993113
0.536000 0.993120
0.540000 0.993128
0.544000 0.993136
0.548000 0.993144
0.552000 0.993152
0.556000 0.993161
0.560000 0.993170
0.564000 0.993179
0.568000 0.993188
0.572000 0.993198
0.576000 0.993208
0.580000 0.993218
0.584000 0.993228
0.588000 0.993239
0.592000 0.993250
0.596000 0.993262
0.600000 0.993273
0.604000 0.993285
0.608000 0.993297
0.612000 0.993310
0.616000 0.993323
0.620000 0.993336
0.624000 0.993350
0.628000 0.993364
0.632000 0.993378
0.636000 0.993392
0.640000 0.993407
0.644000 0.993423
0.648000 0.993438
0.652000 0.993454
0.656000 0.993471
0.660000 0.993487
0.664000 0.993504
0.668000 0.993522
0.672000 0.993540
0.676000 0.993558
0.680000 0.993576
0.684000 0.993595
0.688000 0.993615
0.692000 0.993635
0.696000 0.993655
0.700000 0.993675
0.704000 0.993696
0.708000 0.993717
0.712000 0.993739
0.716000 0.993761
0.720000 0.993784
0.724000 0.993807
0.728000 0.993830
0.732000 0.993854
0.736000 0.993878
0.740000 0.993903
0.744000 0.993928
0.748000 0.993953
0.752000 0.993979
0.756000 0.994005
0.760000 0.994032
0.764000 0.994059
0.768000 0.994086
0.772000 0.994114
0.776000 0.994142
0.780000 0.994171
0.784000 0.994200
0.788000 0.994230
0.792000 0.994259
0.796000 0.994290
0.800000 0.994320
0.804000 0.994351
0.808000 0.994383
0.812000 0.994415
0.816000 0.994447
0.820000 0.994479
0.824000 0.994512
0.828000 0.994546
0.832000 0.994579
0.836000 0.994613
0.840000 0.994648
0.844000 0.994683
0.848000 0.994718
0.852000 0.994753
0.856000 0.994789
0.860000 0.994825
0.864000 0.994861
0.868000 0.994898
0.872000 0.994935
0.876000 0.994973
0.880000 0.995010
0.884000 0.995048
0.888000 0.995086
0.892000 0.995125
0.896000 0.995164
0.900000 0.995203
0.904000 0.995242
0.908000 0.995282
0.912000 0.995322
0.916000 0.995362
0.920000 0.995402
0.924000 0.995443
0.928000 0.995483
0.932000 0.995524
0.936000 0.995566
0.940000 0.995607
0.944000 0.995649
0.948000 0.995692
0.952000 0.995735
0.956000 0.995778
0.960000 0.995822
0.964000 0.995868
0.968000 0.995914
0.972000 0.995963
0.976000 0.996013
0.980000 0.996068
0.984000 0.996127
0.988000 0.996193
0.992000 0.996268
0.996000 0.996357
1.000000 0.996463
