-1.000000 0.992919
-0.996000 0.992919
-0.992000 0.992919
-0.988000 0.992919
-0.984000 0.992919
-0.980000 0.992919
-0.976000 0.992919
-0.972000 0.992919
-0.968000 0.992919
-0.964000 0.992919
-0.960000 0.992919
-0.956000 0.992919
-0.952000 0.992919
-0.948000 0.992919
-0.944000 0.992919
-0.940000 0.992919
-0.936000 0.992919
-0.932000 0.992919
-0.928000 0.992919
-0.924000 0.992919
-0.920000 0.992919
-0.916000 0.992919
-0.912000 0.992919
-0.908000 0.992919
-0.904000 0.992919
-0.900000 0.992919
-0.896000 0.992919
-0.892000 0.992919
-0.888000 0.992919
-0.884000 0.992919
-0.880000 0.992919
-0.876000 0.992919
-0.872000 0.992919
-0.868000 0.992919
-0.864000 0.992919
-0.860000 0.992919
-0.856000 0.992919
-0.852000 0.992919
-0.848000 0.992919
-0.844000 0.992919
-0.840000 0.992919
-0.836000 0.992919
-0.832000 0.992919
-0.828000 0.992919
-0.824000 0.992919
-0.820000 0.992919
-0.816000 0.992919
-0.812000 0.992919
-0.808000 0.992919
-0.804000 0.992919
-0.800000 0.992919
-0.796000 0.992919
-0.792000 0.992919
-0.788000 0.992919
-0.784000 0.992919
-0.780000 0.992919
-0.776000 0.992919
-0.772000 0.992919
-0.768000 0.992919
-0.764000 0.992919
-0.760000 0.992919
-0.756000 0.992919
-0.752000 0.992919
-0.748000 0.992919
-0.744000 0.992919
-0.740000 0.992919
-0.736000 0.992919
-0.732000 0.992919
-0.728000 0.992919
-0.724000 0.992919
-0.720000 0.992919
-0.716000 0.992919
-0.712000 0.992919
-0.708000 0.992919
-0.704000 0.992919
-0.700000 0.992919
-0.696000 0.992919
-0.692000 0.992919
-0.688000 0.992919
-0.684000 0.992919
-0.680000 0.992919
-0.676000 0.992919
-0.672000 0.992919
-0.668000 0.992919
-0.664000 0.992919
-0.660000 0.992919
-0.656000 0.992919
-0.652000 0.992919
-0.648000 0.992919
-0.644000 0.992919
-0.640000 0.992919
-0.636000 0.992919
-0.632000 0.992919
-0.628000 0.992919
-0.624000 0.992919
-0.620000 0.992919
-0.616000 0.992919
-0.612000 0.992919
-0.608000 0.992919
-0.604000 0.992919
-0.600000 0.992919
-0.596000 0.992919
-0.592000 0.992919
-0.588000 0.992919
-0.584000 0.992919
-0.580000 0.992919
-0.576000 0.992919
-0.572000 0.992919
-0.568000 0.992919
-0.564000 0.992919
-0.560000 0.992919
-0.556000 0.992919
-0.552000 0.992919
-0.548000 0.992919
-0.544000 0.992919
-0.540000 0.992919
-0.536000 0.992919
-0.532000 0.992919
-0.528000 0.992919
-0.524000 0.992919
-0.520000 0.992919
-0.516000 0.992919
-0.512000 0.992919
-0.508000 0.992919
-0.504000 0.992919
-0.500000 0.992919
-0.496000 0.992919
-0.492000 0.992919
-0.488000 0.992919
-0.484000 0.992919
-0.480000 0.992919
-0.476000 0.992919
-0.472000 0.992919
-0.468000 0.992919
-0.464000 0.992919
-0.460000 0.992919
-0.456000 0.992919
-0.452000 0.992919
-0.448000 0.992919
-0.444000 0.992919
-0.440000 0.992919
-0.436000 0.992919
-0.432000 0.992919
-0.428000 0.992919
-0.424000 0.992919
-0.420000 0.992919
-0.416000 0.992919
-0.412000 0.992919
-0.408000 0.992919
-0.404000 0.992919
-0.400000 0.992919
-0.396000 0.992919
-0.392000 0.992919
-0.388000 0.992919
-0.384000 0.992919
-0.380000 0.992919
-0.376000 0.992919
-0.372000 0.992919
-0.368000 0.992919
-0.364000 0.992919
-0.360000 0.992919
-0.356000 0.992919
-0.352000 0.992919
-0.348000 0.992919
-0.344000 0.992919
-0.340000 0.992919
-0.336000 0.992919
-0.332000 0.992919
-0.328000 0.992919
-0.324000 0.992919
-0.320000 0.992919
-0.316000 0.992919
-0.312000 0.992919
-0.308000 0.992919
-0.304000 0.992919
-0.300000 0.992919
-0.296000 0.992919
-0.292000 0.992919
-0.288000 0.992919
-0.284000 0.992919
-0.280000 0.992919
-0.276000 0.992919
-0.272000 0.992919
-0.268000 0.992919
-0.264000 0.992919
-0.260000 0.992919
-0.256000 0.992919
-0.252000 0.992919
-0.248000 0.992919
-0.244000 0.992919
-0.240000 0.992919
-0.236000 0.992919
-0.232000 0.992919
-0.228000 0.992919
-0.224000 0.992919
-0.220000 0.992919
-0.216000 0.992919
-0.212000 0.992919
-0.208000 0.992919
-0.204000 0.992919
-0.200000 0.992919
-0.196000 0.992919
-0.192000 0.992919
-0.188000 0.992919
-0.184000 0.992919
-0.180000 0.992919
-0.176000 0.992919
-0.172000 0.992919
-0.168000 0.992919
-0.164000 0.992919
-0.160000 0.992919
-0.156000 0.992919
-0.152000 0.992919
-0.148000 0.992919
-0.144000 0.992919
-0.140000 0.992919
-0.136000 0.992919
-0.132000 0.992919
-0.128000 0.992919
-0.124000 0.992919
-0.120000 0.992919
-0.116000 0.992919
-0.112000 0.992919
-0.108000 0.992919
-0.104000 0.992919
-0.100000 0.992919
-0.096000 0.992919
-0.092000 0.992919
-0.088000 0.992919
-0.084000 0.992919
-0.080000 0.992919
-0.076000 0.992919
-0.072000 0.992919
-0.068000 0.992919
-0.064000 0.992919
-0.060000 0.992919
-0.056000 0.992919
-0.052000 0.992919
-0.048000 0.992919
-0.044000 0.992919
-0.040000 0.992919
-0.036000 0.992919
-0.032000 0.992919
-0.028000 0.992919
-0.024000 0.992919
-0.020000 0.992919
-0.016000 0.992919
-0.012000 0.992919
-0.008000 0.992919
-0.004000 0.992919
0.000000 0.992919
0.004000 0.992919
0.008000 0.992919
0.012000 0.992919
0.016000 0.992919
0.020000 0.992919
0.024000 0.992919
0.028000 0.992919
0.032000 0.992919
0.036000 0.992919
0.040000 0.992919
0.044000 0.992919
0.048000 0.992919
0.052000 0.992919
0.056000 0.992919
0.060000 0.992919
0.064000 0.992919
0.068000 0.992919
0.072000 0.992919
0.076000 0.992919
0.080000 0.992919
0.084000 0.992919
0.088000 0.992919
0.092000 0.992919
0.096000 0.992919
0.100000 0.992919
0.104000 0.992919
0.108000 0.992919
0.112000 0.992919
0.116000 0.992919
0.120000 0.992919
0.124000 0.992919
0.128000 0.992919
0.132000 0.992920
0.136000 0.992920
0.140000 0.992920
0.144000 0.992920
0.148000 0.992920
0.152000 0.992920
0.156000 0.992920
0.160000 0.992920
0.164000 0.992920
0.168000 0.992920
0.172000 0.992920
0.176000 0.992920
0.180000 0.992920
0.184000 0.992920
0.188000 0.992920
0.192000 0.992920
0.196000 0.992920
0.200000 0.992921
0.204000 0.992921
0.208000 0.992921
0.212000 0.992921
0.216000 0.992921
0.220000 0.992921
0.224000 0.992921
0.228000 0.992921
0.232000 0.992922
0.236000 0.992922
0.240000 0.992922
0.244000 0.992922
0.248000 0.992922
0.252000 0.992923
0.256000 0.992923
0.260000 0.992923
0.264000 0.992923
0.268000 0.992923
0.272000 0.992924
0.276000 0.992924
0.280000 0.992924
0.284000 0.992925
0.288000 0.992925
0.292000 0.992925
0.296000 0.992926
0.300000 0.992926
0.304000 0.992927
0.308000 0.992927
0.312000 0.992927
0.316000 0.992928
0.320000 0.992928
0.324000 0.992929
0.328000 0.992930
0.332000 0.992930
0.336000 0.992931
0.340000 0.992931
0.344000 0.992932
0.348000 0.992933
0.352000 0.992933
0.356000 0.992934
0.360000 0.992935
0.364000 0.992936
0.368000 0.992937
0.372000 0.992938
0.376000 0.992939
0.380000 0.992940
0.384000 0.992941
0.388000 0.992942
0.392000 0.992943
0.396000 0.992944
0.400000 0.992946
0.404000 0.992947
0.408000 0.992948
0.412000 0.992950
0.416000 0.992951
0.420000 0.992953
0.424000 0.992955
0.428000 0.992956
0.432000 0.992958
0.436000 0.992960
0.440000 0.992962
0.444000 0.992964
0.448000 0.992966
0.452000 0.992968
0.456000 0.992971
0.460000 0.992973
0.464000 0.992976
0.468000 0.992978
0.472000 0.992981
0.476000 0.992984
0.480000 0.992987
0.484000 0.992990
0.488000 0.992993
0.492000 0.992996
0.496000 0.992999
0.500000 0.993003
0.504000 0.993007
0.508000 0.993010
0.512000 0.993014
0.516000 0.993018
0.520000 0.993022
0.524000 0.993027
0.528000 0.993031
0.532000 0.993036
0.536000 0.993041
0.540000 0.993046
0.544000 0.993051
0.548000 0.993056
0.552000 0.993062
0.556000 0.993067
0.560000 0.993073
0.564000 0.993079
0.568000 0.993085
0.572000 0.993092
0.576000 0.993099
0.580000 0.993105
0.584000 0.993112
0.588000 0.993120
0.592000 0.993127
0.596000 0.993135
0.600000 0.993143
0.604000 0.993151
0.608000 0.993159
0.612000 0.993168
0.616000 0.993177
0.620000 0.993186
0.624000 0.993196
0.628000 0.993205
0.632000 0.993215
0.636000 0.993226
0.640000 0.993236
0.644000 0.993247
0.648000 0.993258
0.652000 0.993269
0.656000 0.993281
0.660000 0.993293
0.664000 0.993305
0.668000 0.993318
0.672000 0.993331
0.676000 0.993344
0.680000 0.993358
0.684000 0.993371
0.688000 0.993386
0.692000 0.993400
0.696000 0.993415
0.700000 0.993430
0.704000 0.993446
0.708000 0.993462
0.712000 0.993478
0.716000 0.993495
0.720000 0.993512
0.724000 0.993529
0.728000 0.993547
0.732000 0.993565
0.736000 0.993583
0.740000 0.993602
0.744000 0.993621
0.748000 0.993641
0.752000 0.993661
0.756000 0.993681
0.760000 0.993702
0.764000 0.993723
0.768000 0.993744
0.772000 0.993766
0.776000 0.993788
0.780000 0.993811
0.784000 0.993834
0.788000 0.993858
0.792000 0.993882
0.796000 0.993906
0.800000 0.993930
0.804000 0.993956
0.808000 0.993981
0.812000 0.994007
0.816000 0.994033
0.820000 0.994060
0.824000 0.994087
0.828000 0.994114
0.832000 0.994142
0.836000 0.994170
0.840000 0.994199
0.844000 0.994228
0.848000 0.994257
0.852000 0.994287
0.856000 0.994317
0.860000 0.994348
0.864000 0.994378
0.868000 0.994410
0.872000 0.994441
0.876000 0.994473
0.880000 0.994506
0.884000 0.994539
0.888000 0.994572
0.892000 0.994605
0.896000 0.994639
0.900000 0.994673
0.904000 0.994708
0.908000 0.994742
0.912000 0.994778
0.916000 0.994813
0.920000 0.994849
0.924000 0.994885
0.928000 0.994922
0.932000 0.994959
0.936000 0.994996
0.940000 0.995034
0.944000 0.995072
0.948000 0.995110
0.952000 0.995149
0.956000 0.995189
0.960000 0.995230
0.964000 0.995272
0.968000 0.995315
0.972000 0.995361
0.976000 0.995408
0.980000 0.995460
0.984000 0.995516
0.988000 0.995578
0.992000 0.995650
0.996000 0.995734
1.000000 0.995835
