-1.000000 0.992919
-0.996000 0.992919
-0.992000 0.992919
-0.988000 0.992919
-0.984000 0.992919
-0.980000 0.992919
-0.976000 0.992919
-0.972000 0.992919
-0.968000 0.992919
-0.964000 0.992919
-0.960000 0.992919
-0.956000 0.992919
-0.952000 0.992919
-0.948000 0.992919
-0.944000 0.992919
-0.940000 0.992919
-0.936000 0.992919
-0.932000 0.992919
-0.928000 0.992919
-0.924000 0.992919
-0.920000 0.992919
-0.916000 0.992919
-0.912000 0.992919
-0.908000 0.992919
-0.904000 0.992919
-0.900000 0.992919
-0.896000 0.992919
-0.892000 0.992919
-0.888000 0.992919
-0.884000 0.992919
-0.880000 0.992919
-0.876000 0.992919
-0.872000 0.992919
-0.868000 0.992919
-0.864000 0.992919
-0.860000 0.992919
-0.856000 0.992919
-0.852000 0.992919
-0.848000 0.992919
-0.844000 0.992919
-0.840000 0.992919
-0.836000 0.992919
-0.832000 0.992919
-0.828000 0.992919
-0.824000 0.992919
-0.820000 0.992919
-0.816000 0.992919
-0.812000 0.992919
-0.808000 0.992919
-0.804000 0.992919
-0.800000 0.992919
-0.796000 0.992919
-0.792000 0.992919
-0.788000 0.992919
-0.784000 0.992919
-0.780000 0.992919
-0.776000 0.992919
-0.772000 0.992919
-0.768000 0.992919
-0.764000 0.992919
-0.760000 0.992919
-0.756000 0.992919
-0.752000 0.992919
-0.748000 0.992919
-0.744000 0.992919
-0.740000 0.992919
-0.736000 0.992919
-0.732000 0.992919
-0.728000 0.992919
-0.724000 0.992919
-0.720000 0.992919
-0.716000 0.992919
-0.712000 0.992919
-0.708000 0.992919
-0.704000 0.992919
-0.700000 0.992919
-0.696000 0.992919
-0.692000 0.992919
-0.688000 0.992919
-0.684000 0.992919
-0.680000 0.992919
-0.676000 0.992919
-0.672000 0.992919
-0.668000 0.992919
-0.664000 0.992919
-0.660000 0.992919
-0.656000 0.992919
-0.652000 0.992919
-0.648000 0.992919
-0.644000 0.992919
-0.640000 0.992919
-0.636000 0.992919
-0.632000 0.992919
-0.628000 0.992919
-0.624000 0.992919
-0.620000 0.992919
-0.616000 0.992919
-0.612000 0.992919
-0.608000 0.992919
-0.604000 0.992919
-0.600000 0.992919
-0.596000 0.992919
-0.592000 0.992919
-0.588000 0.992919
-0.584000 0.992919
-0.580000 0.992919
-0.576000 0.992919
-0.572000 0.992919
-0.568000 0.992919
-0.564000 0.992919
-0.560000 0.992919
-0.556000 0.992919
-0.552000 0.992919
-0.548000 0.992919
-0.544000 0.992919
-0.540000 0.992919
-0.536000 0.992919
-0.532000 0.992919
-0.528000 0.992919
-0.524000 0.992919
-0.520000 0.992919
-0.516000 0.992919
-0.512000 0.992919
-0.508000 0.992919
-0.504000 0.992919
-0.500000 0.992919
-0.496000 0.992919
-0.492000 0.992919
-0.488000 0.992919
-0.484000 0.992919
-0.480000 0.992919
-0.476000 0.992919
-0.472000 0.992919
-0.468000 0.992919
-0.464000 0.992919
-0.460000 0.992919
-0.456000 0.992919
-0.452000 0.992919
-0.448000 0.992919
-0.444000 0.992919
-0.440000 0.992919
-0.436000 0.992919
-0.432000 0.992919
-0.428000 0.992919
-0.424000 0.992919
-0.420000 0.992919
-0.416000 0.992919
-0.412000 0.992919
-0.408000 0.992919
-0.404000 0.992919
-0.400000 0.992919
-0.396000 0.992919
-0.392000 0.992919
-0.388000 0.992919
-0.384000 0.992919
-0.380000 0.992919
-0.376000 0.992919
-0.372000 0.992919
-0.368000 0.992919
-0.364000 0.992919
-0.360000 0.992919
-0.356000 0.992919
-0.352000 0.992919
-0.348000 0.992919
-0.344000 0.992919
-0.340000 0.992919
-0.336000 0.992919
-0.332000 0.992919
-0.328000 0.992919
-0.324000 0.992919
-0.320000 0.992919
-0.316000 0.992919
-0.312000 0.992919
-0.308000 0.992919
-0.304000 0.992919
-0.300000 0.992919
-0.296000 0.992919
-0.292000 0.992919
-0.288000 0.992919
-0.284000 0.992919
-0.280000 0.992919
-0.276000 0.992919
-0.272000 0.992919
-0.268000 0.992919
-0.264000 0.992919
-0.260000 0.992919
-0.256000 0.992919
-0.252000 0.992919
-0.248000 0.992919
-0.244000 0.992919
-0.240000 0.992919
-0.236000 0.992919
-0.232000 0.992919
-0.228000 0.992919
-0.224000 0.992919
-0.220000 0.992919
-0.216000 0.992919
-0.212000 0.992919
-0.208000 0.992919
-0.204000 0.992919
-0.200000 0.992919
-0.196000 0.992919
-0.192000 0.992919
-0.188000 0.992919
-0.184000 0.992919
-0.180000 0.992919
-0.176000 0.992919
-0.172000 0.992919
-0.168000 0.992919
-0.164000 0.992919
-0.160000 0.992919
-0.156000 0.992919
-0.152000 0.992919
-0.148000 0.992919
-0.144000 0.992919
-0.140000 0.992919
-0.136000 0.992919
-0.132000 0.992919
-0.128000 0.992919
-0.124000 0.992919
-0.120000 0.992919
-0.116000 0.992919
-0.112000 0.992919
-0.108000 0.992919
-0.104000 0.992919
-0.100000 0.992919
-0.096000 0.992919
-0.092000 0.992919
-0.088000 0.992919
-0.084000 0.992919
-0.080000 0.992919
-0.076000 0.992919
-0.072000 0.992919
-0.068000 0.992919
-0.064000 0.992919
-0.060000 0.992919
-0.056000 0.992919
-0.052000 0.992919
-0.048000 0.992919
-0.044000 0.992919
-0.040000 0.992919
-0.036000 0.992919
-0.032000 0.992919
-0.028000 0.992919
-0.024000 0.992919
-0.020000 0.992919
-0.016000 0.992919
-0.012000 0.992919
-0.008000 0.992919
-0.004000 0.992919
0.000000 0.992919
0.004000 0.992919
0.008000 0.992919
0.012000 0.992919
0.016000 0.992919
0.020000 0.992919
0.024000 0.992919
0.028000 0.992919
0.032000 0.992919
0.036000 0.992919
0.040000 0.992919
0.044000 0.992919
0.048000 0.992919
0.052000 0.992919
0.056000 0.992919
0.060000 0.992919
0.064000 0.992919
0.068000 0.992919
0.072000 0.992919
0.076000 0.992919
0.080000 0.992919
0.084000 0.992919
0.088000 0.992919
0.092000 0.992919
0.096000 0.992919
0.100000 0.992919
0.104000 0.992919
0.108000 0.992919
0.112000 0.992919
0.116000 0.992919
0.120000 0.992919
0.124000 0.992919
0.128000 0.992919
0.132000 0.992919
0.136000 0.992919
0.140000 0.992919
0.144000 0.992919
0.148000 0.992919
0.152000 0.992919
0.156000 0.992919
0.160000 0.992919
0.164000 0.992919
0.168000 0.992919
0.172000 0.992919
0.176000 0.992919
0.180000 0.992919
0.184000 0.992919
0.188000 0.992919
0.192000 0.992919
0.196000 0.992919
0.200000 0.992919
0.204000 0.992919
0.208000 0.992919
0.212000 0.992919
0.216000 0.992919
0.220000 0.992919
0.224000 0.992919
0.228000 0.992919
0.232000 0.992919
0.236000 0.992919
0.240000 0.992919
0.244000 0.992919
0.248000 0.992919
0.252000 0.992919
0.256000 0.992919
0.260000 0.992919
0.264000 0.992919
0.268000 0.992919
0.272000 0.992919
0.276000 0.992919
0.280000 0.992919
0.284000 0.992919
0.288000 0.992919
0.292000 0.992919
0.296000 0.992919
0.300000 0.992919
0.304000 0.992919
0.308000 0.992919
0.312000 0.992919
0.316000 0.992919
0.320000 0.992919
0.324000 0.992919
0.328000 0.992920
0.332000 0.992920
0.336000 0.992920
0.340000 0.992920
0.344000 0.992920
0.348000 0.992920
0.352000 0.992920
0.356000 0.992920
0.360000 0.992920
0.364000 0.992920
0.368000 0.992920
0.372000 0.992920
0.376000 0.992920
0.380000 0.992920
0.384000 0.992920
0.388000 0.992920
0.392000 0.992920
0.396000 0.992920
0.400000 0.992921
0.404000 0.992921
0.408000 0.992921
0.412000 0.992921
0.416000 0.992921
0.420000 0.992921
0.424000 0.992921
0.428000 0.992921
0.432000 0.992921
0.436000 0.992922
0.440000 0.992922
0.444000 0.992922
0.448000 0.992922
0.452000 0.992922
0.456000 0.992922
0.460000 0.992923
0.464000 0.992923
0.468000 0.992923
0.472000 0.992923
0.476000 0.992924
0.480000 0.992924
0.484000 0.992924
0.488000 0.992924
0.492000 0.992925
0.496000 0.992925
0.500000 0.992925
0.504000 0.992926
0.508000 0.992926
0.512000 0.992926
0.516000 0.992927
0.520000 0.992927
0.524000 0.992928
0.528000 0.992928
0.532000 0.992929
0.536000 0.992929
0.540000 0.992930
0.544000 0.992930
0.548000 0.992931
0.552000 0.992931
0.556000 0.992932
0.560000 0.992933
0.564000 0.992933
0.568000 0.992934
0.572000 0.992935
0.576000 0.992936
0.580000 0.992937
0.584000 0.992937
0.588000 0.992938
0.592000 0.992939
0.596000 0.992940
0.600000 0.992941
0.604000 0.992942
0.608000 0.992944
0.612000 0.992945
0.616000 0.992946
0.620000 0.992947
0.624000 0.992949
0.628000 0.992950
0.632000 0.992951
0.636000 0.992953
0.640000 0.992954
0.644000 0.992956
0.648000 0.992958
0.652000 0.992959
0.656000 0.992961
0.660000 0.992963
0.664000 0.992965
0.668000 0.992967
0.672000 0.992969
0.676000 0.992971
0.680000 0.992974
0.684000 0.992976
0.688000 0.992978
0.692000 0.992981
0.696000 0.992984
0.700000 0.992986
0.704000 0.992989
0.708000 0.992992
0.712000 0.992995
0.716000 0.992998
0.720000 0.993001
0.724000 0.993005
0.728000 0.993008
0.732000 0.993012
0.736000 0.993016
0.740000 0.993019
0.744000 0.993023
0.748000 0.993027
0.752000 0.993032
0.756000 0.993036
0.760000 0.993040
0.764000 0.993045
0.768000 0.993050
0.772000 0.993055
0.776000 0.993060
0.780000 0.993065
0.784000 0.993071
0.788000 0.993076
0.792000 0.993082
0.796000 0.993088
0.800000 0.993094
0.804000 0.993100
0.808000 0.993107
0.812000 0.993113
0.816000 0.993120
0.820000 0.993127
0.824000 0.993135
0.828000 0.993142
0.832000 0.993150
0.836000 0.993158
0.840000 0.993166
0.844000 0.993174
0.848000 0.993182
0.852000 0.993191
0.856000 0.993200
0.860000 0.993209
0.864000 0.993219
0.868000 0.993229
0.872000 0.993238
0.876000 0.993249
0.880000 0.993259
0.884000 0.993270
0.888000 0.993281
0.892000 0.993292
0.896000 0.993304
0.900000 0.993315
0.904000 0.993327
0.908000 0.993340
0.912000 0.993352
0.916000 0.993365
0.920000 0.993378
0.924000 0.993392
0.928000 0.993406
0.932000 0.993420
0.936000 0.993435
0.940000 0.993450
0.944000 0.993465
0.948000 0.993481
0.952000 0.993497
0.956000 0.993514
0.960000 0.993531
0.964000 0.993549
0.968000 0.993569
0.972000 0.993589
0.976000 0.993611
0.980000 0.993635
0.984000 0.993661
0.988000 0.993691
0.992000 0.993725
0.996000 0.993766
1.000000 0.993815
