-1.000000 0.992919
-0.996000 0.992919
-0.992000 0.992919
-0.988000 0.992919
-0.984000 0.992919
-0.980000 0.992919
-0.976000 0.992919
-0.972000 0.992919
-0.968000 0.992919
-0.964000 0.992920
-0.960000 0.992920
-0.956000 0.992920
-0.952000 0.992920
-0.948000 0.992921
-0.944000 0.992921
-0.940000 0.992921
-0.936000 0.992922
-0.932000 0.992923
-0.928000 0.992923
-0.924000 0.992924
-0.920000 0.992925
-0.916000 0.992927
-0.912000 0.992928
-0.908000 0.992930
-0.904000 0.992931
-0.900000 0.992933
-0.896000 0.992936
-0.892000 0.992939
-0.888000 0.992942
-0.884000 0.992945
-0.880000 0.992949
-0.876000 0.992954
-0.872000 0.992959
-0.868000 0.992964
-0.864000 0.992971
-0.860000 0.992978
-0.856000 0.992986
-0.852000 0.992994
-0.848000 0.993004
-0.844000 0.993014
-0.840000 0.993026
-0.836000 0.993038
-0.832000 0.993052
-0.828000 0.993067
-0.824000 0.993084
-0.820000 0.993102
-0.816000 0.993121
-0.812000 0.993142
-0.808000 0.993165
-0.804000 0.993189
-0.800000 0.993215
-0.796000 0.993243
-0.792000 0.993273
-0.788000 0.993305
-0.784000 0.993340
-0.780000 0.993376
-0.776000 0.993414
-0.772000 0.993455
-0.768000 0.993499
-0.764000 0.993544
-0.760000 0.993592
-0.756000 0.993642
-0.752000 0.993695
-0.748000 0.993751
-0.744000 0.993809
-0.740000 0.993869
-0.736000 0.993932
-0.732000 0.993997
-0.728000 0.994065
-0.724000 0.994136
-0.720000 0.994209
-0.716000 0.994284
-0.712000 0.994361
-0.708000 0.994441
-0.704000 0.994523
-0.700000 0.994607
-0.696000 0.994693
-0.692000 0.994781
-0.688000 0.994871
-0.684000 0.994963
-0.680000 0.995056
-0.676000 0.995151
-0.672000 0.995247
-0.668000 0.995344
-0.664000 0.995443
-0.660000 0.995543
-0.656000 0.995643
-0.652000 0.995745
-0.648000 0.995847
-0.644000 0.995949
-0.640000 0.996052
-0.636000 0.996155
-0.632000 0.996258
-0.628000 0.996361
-0.624000 0.996463
-0.620000 0.996566
-0.616000 0.996668
-0.612000 0.996769
-0.608000 0.996869
-0.604000 0.996969
-0.600000 0.997068
-0.596000 0.997166
-0.592000 0.997262
-0.588000 0.997357
-0.584000 0.997451
-0.580000 0.997544
-0.576000 0.997634
-0.572000 0.997724
-0.568000 0.997811
-0.564000 0.997897
-0.560000 0.997981
-0.556000 0.998063
-0.552000 0.998143
-0.548000 0.998221
-0.544000 0.998297
-0.540000 0.998371
-0.536000 0.998443
-0.532000 0.998513
-0.528000 0.998581
-0.524000 0.998647
-0.520000 0.998710
-0.516000 0.998772
-0.512000 0.998832
-0.508000 0.998889
-0.504000 0.998944
-0.500000 0.998998
-0.496000 0.999049
-0.492000 0.999099
-0.488000 0.999146
-0.484000 0.999192
-0.480000 0.999235
-0.476000 0.999277
-0.472000 0.999317
-0.468000 0.999355
-0.464000 0.999392
-0.460000 0.999427
-0.456000 0.999460
-0.452000 0.999492
-0.448000 0.999522
-0.444000 0.999551
-0.440000 0.999578
-0.436000 0.999604
-0.432000 0.999628
-0.428000 0.999651
-0.424000 0.999673
-0.420000 0.999694
-0.416000 0.999714
-0.412000 0.999733
-0.408000 0.999750
-0.404000 0.999767
-0.400000 0.999782
-0.396000 0.999797
-0.392000 0.999811
-0.388000 0.999824
-0.384000 0.999836
-0.380000 0.999847
-0.376000 0.999858
-0.372000 0.999868
-0.368000 0.999878
-0.364000 0.999887
-0.360000 0.999895
-0.356000 0.999902
-0.352000 0.999910
-0.348000 0.999916
-0.344000 0.999923
-0.340000 0.999929
-0.336000 0.999934
-0.332000 0.999939
-0.328000 0.999944
-0.324000 0.999948
-0.320000 0.999952
-0.316000 0.999956
-0.312000 0.999959
-0.308000 0.999963
-0.304000 0.999966
-0.300000 0.999968
-0.296000 0.999971
-0.292000 0.999973
-0.288000 0.999976
-0.284000 0.999978
-0.280000 0.999979
-0.276000 0.999981
-0.272000 0.999983
-0.268000 0.999984
-0.264000 0.999986
-0.260000 0.999987
-0.256000 0.999988
-0.252000 0.999989
-0.248000 0.999990
-0.244000 0.999991
-0.240000 0.999992
-0.236000 0.999992
-0.232000 0.999993
-0.228000 0.999994
-0.224000 0.999994
-0.220000 0.999995
-0.216000 0.999995
-0.212000 0.999996
-0.208000 0.999996
-0.204000 0.999996
-0.200000 0.999997
-0.196000 0.999997
-0.192000 0.999997
-0.188000 0.999998
-0.184000 0.999998
-0.180000 0.999998
-0.176000 0.999998
-0.172000 0.999998
-0.168000 0.999999
-0.164000 0.999999
-0.160000 0.999999
-0.156000 0.999999
-0.152000 0.999999
-0.148000 0.999999
-0.144000 0.999999
-0.140000 0.999999
-0.136000 0.999999
-0.132000 0.999999
-0.128000 0.999999
-0.124000 1.000000
-0.120000 1.000000
-0.116000 1.000000
-0.112000 1.000000
-0.108000 1.000000
-0.104000 1.000000
-0.100000 1.000000
-0.096000 1.000000
-0.092000 1.000000
-0.088000 1.000000
-0.084000 1.000000
-0.080000 1.000000
-0.076000 1.000000
-0.072000 1.000000
-0.068000 1.000000
-0.064000 1.000000
-0.060000 1.000000
-0.056000 1.000000
-0.052000 1.000000
-0.048000 1.000000
-0.044000 1.000000
-0.040000 1.000000
-0.036000 1.000000
-0.032000 1.000000
-0.028000 1.000000
-0.024000 1.000000
-0.020000 1.000000
-0.016000 1.000000
-0.012000 1.000000
-0.008000 1.000000
-0.004000 1.000000
0.000000 1.000000
0.004000 1.000000
0.008000 1.000000
0.012000 1.000000
0.016000 1.000000
0.020000 1.000000
0.024000 1.000000
0.028000 1.000000
0.032000 1.000000
0.036000 1.000000
0.040000 1.000000
0.044000 1.000000
0.048000 1.000000
0.052000 1.000000
0.056000 1.000000
0.060000 1.000000
0.064000 1.000000
0.068000 1.000000
0.072000 1.000000
0.076000 1.000000
0.080000 1.000000
0.084000 1.000000
0.088000 1.000000
0.092000 1.000000
0.096000 1.000000
0.100000 1.000000
0.104000 1.000000
0.108000 1.000000
0.112000 1.000000
0.116000 1.000000
0.120000 1.000000
0.124000 1.000000
0.128000 1.000000
0.132000 1.000000
0.136000 1.000000
0.140000 1.000000
0.144000 1.000000
0.148000 1.000000
0.152000 1.000000
0.156000 1.000000
0.160000 1.000000
0.164000 1.000000
0.168000 1.000000
0.172000 1.000000
0.176000 1.000000
0.180000 1.000000
0.184000 1.000000
0.188000 1.000000
0.192000 1.000000
0.196000 1.000000
0.200000 1.000000
0.204000 1.000000
0.208000 1.000000
0.212000 1.000000
0.216000 1.000000
0.220000 1.000000
0.224000 1.000000
0.228000 1.000000
0.232000 1.000000
0.236000 1.000000
0.240000 1.000000
0.244000 1.000000
0.248000 1.000000
0.252000 1.000000
0.256000 1.000000
0.260000 1.000000
0.264000 1.000000
0.268000 1.000000
0.272000 1.000000
0.276000 1.000000
0.280000 1.000000
0.284000 1.000000
0.288000 1.000000
0.292000 1.000000
0.296000 1.000000
0.300000 1.000000
0.304000 1.000000
0.308000 1.000000
0.312000 1.000000
0.316000 1.000000
0.320000 1.000000
0.324000 1.000000
0.328000 1.000000
0.332000 1.000000
0.336000 1.000000
0.340000 1.000000
0.344000 1.000000
0.348000 1.000000
0.352000 1.000000
0.356000 1.000000
0.360000 1.000000
0.364000 1.000000
0.368000 1.000000
0.372000 1.000000
0.376000 1.000000
0.380000 1.000000
0.384000 1.000000
0.388000 1.000000
0.392000 1.000000
0.396000 1.000000
0.400000 1.000000
0.404000 1.000000
0.408000 1.000000
0.412000 1.000000
0.416000 1.000000
0.420000 1.000000
0.424000 1.000000
0.428000 1.000000
0.432000 1.000000
0.436000 1.000000
0.440000 1.000000
0.444000 1.000000
0.448000 1.000000
0.452000 1.000000
0.456000 1.000000
0.460000 1.000000
0.464000 1.000000
0.468000 1.000000
0.472000 1.000000
0.476000 1.000000
0.480000 1.000000
0.484000 1.000000
0.488000 1.000000
0.492000 1.000000
0.496000 1.000000
0.500000 1.000000
0.504000 1.000000
0.508000 1.000000
0.512000 1.000000
0.516000 1.000000
0.520000 1.000000
0.524000 1.000000
0.528000 1.000000
0.532000 1.000000
0.536000 1.000000
0.540000 1.000000
0.544000 1.000000
0.548000 1.000000
0.552000 1.000000
0.556000 1.000000
0.560000 1.000000
0.564000 1.000000
0.568000 1.000000
0.572000 1.000000
0.576000 1.000000
0.580000 1.000000
0.584000 1.000000
0.588000 1.000000
0.592000 1.000000
0.596000 1.000000
0.600000 1.000000
0.604000 1.000000
0.608000 1.000000
0.612000 1.000000
0.616000 1.000000
0.620000 1.000000
0.624000 1.000000
0.628000 1.000000
0.632000 1.000000
0.636000 1.000000
0.640000 1.000000
0.644000 1.000000
0.648000 1.000000
0.652000 1.000000
0.656000 1.000000
0.660000 1.000000
0.664000 1.000000
0.668000 1.000000
0.672000 1.000000
0.676000 1.000000
0.680000 1.000000
0.684000 1.000000
0.688000 1.000000
0.692000 1.000000
0.696000 1.000000
0.700000 1.000000
0.704000 1.000000
0.708000 1.000000
0.712000 1.000000
0.716000 1.000000
0.720000 1.000000
0.724000 1.000000
0.728000 1.000000
0.732000 1.000000
0.736000 1.000000
0.740000 1.000000
0.744000 1.000000
0.748000 1.000000
0.752000 1.000000
0.756000 1.000000
0.760000 1.000000
0.764000 1.000000
0.768000 1.000000
0.772000 1.000000
0.776000 1.000000
0.780000 1.000000
0.784000 1.000000
0.788000 1.000000
0.792000 1.000000
0.796000 1.000000
0.800000 1.000000
0.804000 1.000000
0.808000 1.000000
0.812000 1.000000
0.816000 1.000000
0.820000 1.000000
0.824000 1.000000
0.828000 1.000000
0.832000 1.000000
0.836000 1.000000
0.840000 1.000000
0.844000 1.000000
0.848000 1.000000
0.852000 1.000000
0.856000 1.000000
0.860000 1.000000
0.864000 1.000000
0.868000 1.000000
0.872000 1.000000
0.876000 1.000000
0.880000 1.000000
0.884000 1.000000
0.888000 1.000000
0.892000 1.000000
0.896000 1.000000
0.900000 1.000000
0.904000 1.000000
0.908000 1.000000
0.912000 1.000000
0.916000 1.000000
0.920000 1.000000
0.924000 1.000000
0.928000 1.000000
0.932000 1.000000
0.936000 1.000000
0.940000 1.000000
0.944000 1.000000
0.948000 1.000000
0.952000 1.000000
0.956000 1.000000
0.960000 1.000000
0.964000 1.000000
0.968000 1.000000
0.972000 1.000000
0.976000 1.000000
0.980000 1.000000
0.984000 1.000000
0.988000 1.000000
0.992000 1.000000
0.996000 1.000000
1.000000 1.000000
