-1.000000 0.992919
-0.996000 0.992919
-0.992000 0.992919
-0.988000 0.992919
-0.984000 0.992919
-0.980000 0.992919
-0.976000 0.992919
-0.972000 0.992919
-0.968000 0.992919
-0.964000 0.992919
-0.960000 0.992919
-0.956000 0.992919
-0.952000 0.992919
-0.948000 0.992919
-0.944000 0.992919
-0.940000 0.992919
-0.936000 0.992919
-0.932000 0.992919
-0.928000 0.992919
-0.924000 0.992919
-0.920000 0.992919
-0.916000 0.992920
-0.912000 0.992920
-0.908000 0.992920
-0.904000 0.992920
-0.900000 0.992920
-0.896000 0.992920
-0.892000 0.992921
-0.888000 0.992921
-0.884000 0.992921
-0.880000 0.992922
-0.876000 0.992922
-0.872000 0.992923
-0.868000 0.992923
-0.864000 0.992924
-0.860000 0.992925
-0.856000 0.992925
-0.852000 0.992926
-0.848000 0.992927
-0.844000 0.992929
-0.840000 0.992930
-0.836000 0.992931
-0.832000 0.992933
-0.828000 0.992935
-0.824000 0.992937
-0.820000 0.992940
-0.816000 0.992942
-0.812000 0.992945
-0.808000 0.992948
-0.804000 0.992952
-0.800000 0.992956
-0.796000 0.992960
-0.792000 0.992965
-0.788000 0.992970
-0.784000 0.992975
-0.780000 0.992982
-0.776000 0.992988
-0.772000 0.992996
-0.768000 0.993004
-0.764000 0.993012
-0.760000 0.993022
-0.756000 0.993032
-0.752000 0.993043
-0.748000 0.993055
-0.744000 0.993067
-0.740000 0.993081
-0.736000 0.993096
-0.732000 0.993111
-0.728000 0.993128
-0.724000 0.993146
-0.720000 0.993165
-0.716000 0.993185
-0.712000 0.993207
-0.708000 0.993230
-0.704000 0.993254
-0.700000 0.993280
-0.696000 0.993307
-0.692000 0.993336
-0.688000 0.993367
-0.684000 0.993399
-0.680000 0.993432
-0.676000 0.993467
-0.672000 0.993504
-0.668000 0.993543
-0.664000 0.993583
-0.660000 0.993626
-0.656000 0.993670
-0.652000 0.993715
-0.648000 0.993763
-0.644000 0.993813
-0.640000 0.993864
-0.636000 0.993917
-0.632000 0.993972
-0.628000 0.994029
-0.624000 0.994088
-0.620000 0.994148
-0.616000 0.994210
-0.612000 0.994274
-0.608000 0.994340
-0.604000 0.994408
-0.600000 0.994477
-0.596000 0.994547
-0.592000 0.994620
-0.588000 0.994693
-0.584000 0.994769
-0.580000 0.994845
-0.576000 0.994923
-0.572000 0.995002
-0.568000 0.995083
-0.564000 0.995165
-0.560000 0.995247
-0.556000 0.995331
-0.552000 0.995415
-0.548000 0.995501
-0.544000 0.995587
-0.540000 0.995674
-0.536000 0.995761
-0.532000 0.995849
-0.528000 0.995937
-0.524000 0.996026
-0.520000 0.996114
-0.516000 0.996203
-0.512000 0.996292
-0.508000 0.996381
-0.504000 0.996470
-0.500000 0.996558
-0.496000 0.996646
-0.492000 0.996734
-0.488000 0.996821
-0.484000 0.996908
-0.480000 0.996994
-0.476000 0.997079
-0.472000 0.997164
-0.468000 0.997248
-0.464000 0.997331
-0.460000 0.997412
-0.456000 0.997493
-0.452000 0.997573
-0.448000 0.997652
-0.444000 0.997729
-0.440000 0.997805
-0.436000 0.997880
-0.432000 0.997953
-0.428000 0.998025
-0.424000 0.998096
-0.420000 0.998165
-0.416000 0.998233
-0.412000 0.998299
-0.408000 0.998364
-0.404000 0.998427
-0.400000 0.998488
-0.396000 0.998548
-0.392000 0.998607
-0.388000 0.998664
-0.384000 0.998719
-0.380000 0.998773
-0.376000 0.998825
-0.372000 0.998876
-0.368000 0.998925
-0.364000 0.998972
-0.360000 0.999018
-0.356000 0.999063
-0.352000 0.999106
-0.348000 0.999147
-0.344000 0.999187
-0.340000 0.999226
-0.336000 0.999263
-0.332000 0.999299
-0.328000 0.999333
-0.324000 0.999366
-0.320000 0.999398
-0.316000 0.999429
-0.312000 0.999458
-0.308000 0.999486
-0.304000 0.999513
-0.300000 0.999538
-0.296000 0.999563
-0.292000 0.999587
-0.288000 0.999609
-0.284000 0.999631
-0.280000 0.999651
-0.276000 0.999671
-0.272000 0.999689
-0.268000 0.999707
-0.264000 0.999724
-0.260000 0.999740
-0.256000 0.999755
-0.252000 0.999769
-0.248000 0.999783
-0.244000 0.999796
-0.240000 0.999808
-0.236000 0.999820
-0.232000 0.999831
-0.228000 0.999842
-0.224000 0.999851
-0.220000 0.999861
-0.216000 0.999870
-0.212000 0.999878
-0.208000 0.999886
-0.204000 0.999893
-0.200000 0.999900
-0.196000 0.999907
-0.192000 0.999913
-0.188000 0.999919
-0.184000 0.999924
-0.180000 0.999929
-0.176000 0.999934
-0.172000 0.999939
-0.168000 0.999943
-0.164000 0.999947
-0.160000 0.999951
-0.156000 0.999954
-0.152000 0.999957
-0.148000 0.999960
-0.144000 0.999963
-0.140000 0.999966
-0.136000 0.999968
-0.132000 0.999971
-0.128000 0.999973
-0.124000 0.999975
-0.120000 0.999977
-0.116000 0.999978
-0.112000 0.999980
-0.108000 0.999982
-0.104000 0.999983
-0.100000 0.999984
-0.096000 0.999985
-0.092000 0.999987
-0.088000 0.999988
-0.084000 0.999989
-0.080000 0.999989
-0.076000 0.999990
-0.072000 0.999991
-0.068000 0.999992
-0.064000 0.999992
-0.060000 0.999993
-0.056000 0.999994
-0.052000 0.999994
-0.048000 0.999995
-0.044000 0.999995
-0.040000 0.999995
-0.036000 0.999996
-0.032000 0.999996
-0.028000 0.999996
-0.024000 0.999997
-0.020000 0.999997
-0.016000 0.999997
-0.012000 0.999998
-0.008000 0.999998
-0.004000 0.999998
0.000000 0.999998
0.004000 0.999998
0.008000 0.999998
0.012000 0.999999
0.016000 0.999999
0.020000 0.999999
0.024000 0.999999
0.028000 0.999999
0.032000 0.999999
0.036000 0.999999
0.040000 0.999999
0.044000 0.999999
0.048000 0.999999
0.052000 0.999999
0.056000 0.999999
0.060000 1.000000
0.064000 1.000000
0.068000 1.000000
0.072000 1.000000
0.076000 1.000000
0.080000 1.000000
0.084000 1.000000
0.088000 1.000000
0.092000 1.000000
0.096000 1.000000
0.100000 1.000000
0.104000 1.000000
0.108000 1.000000
0.112000 1.000000
0.116000 1.000000
0.120000 1.000000
0.124000 1.000000
0.128000 1.000000
0.132000 1.000000
0.136000 1.000000
0.140000 1.000000
0.144000 1.000000
0.148000 1.000000
0.152000 1.000000
0.156000 1.000000
0.160000 1.000000
0.164000 1.000000
0.168000 1.000000
0.172000 1.000000
0.176000 1.000000
0.180000 1.000000
0.184000 1.000000
0.188000 1.000000
0.192000 1.000000
0.196000 1.000000
0.200000 1.000000
0.204000 1.000000
0.208000 1.000000
0.212000 1.000000
0.216000 1.000000
0.220000 1.000000
0.224000 1.000000
0.228000 1.000000
0.232000 1.000000
0.236000 1.000000
0.240000 1.000000
0.244000 1.000000
0.248000 1.000000
0.252000 1.000000
0.256000 1.000000
0.260000 1.000000
0.264000 1.000000
0.268000 1.000000
0.272000 1.000000
0.276000 1.000000
0.280000 1.000000
0.284000 1.000000
0.288000 1.000000
0.292000 1.000000
0.296000 1.000000
0.300000 1.000000
0.304000 1.000000
0.308000 1.000000
0.312000 1.000000
0.316000 1.000000
0.320000 1.000000
0.324000 1.000000
0.328000 1.000000
0.332000 1.000000
0.336000 1.000000
0.340000 1.000000
0.344000 1.000000
0.348000 1.000000
0.352000 1.000000
0.356000 1.000000
0.360000 1.000000
0.364000 1.000000
0.368000 1.000000
0.372000 1.000000
0.376000 1.000000
0.380000 1.000000
0.384000 1.000000
0.388000 1.000000
0.392000 1.000000
0.396000 1.000000
0.400000 1.000000
0.404000 1.000000
0.408000 1.000000
0.412000 1.000000
0.416000 1.000000
0.420000 1.000000
0.424000 1.000000
0.428000 1.000000
0.432000 1.000000
0.436000 1.000000
0.440000 1.000000
0.444000 1.000000
0.448000 1.000000
0.452000 1.000000
0.456000 1.000000
0.460000 1.000000
0.464000 1.000000
0.468000 1.000000
0.472000 1.000000
0.476000 1.000000
0.480000 1.000000
0.484000 1.000000
0.488000 1.000000
0.492000 1.000000
0.496000 1.000000
0.500000 1.000000
0.504000 1.000000
0.508000 1.000000
0.512000 1.000000
0.516000 1.000000
0.520000 1.000000
0.524000 1.000000
0.528000 1.000000
0.532000 1.000000
0.536000 1.000000
0.540000 1.000000
0.544000 1.000000
0.548000 1.000000
0.552000 1.000000
0.556000 1.000000
0.560000 1.000000
0.564000 1.000000
0.568000 1.000000
0.572000 1.000000
0.576000 1.000000
0.580000 1.000000
0.584000 1.000000
0.588000 1.000000
0.592000 1.000000
0.596000 1.000000
0.600000 1.000000
0.604000 1.000000
0.608000 1.000000
0.612000 1.000000
0.616000 1.000000
0.620000 1.000000
0.624000 1.000000
0.628000 1.000000
0.632000 1.000000
0.636000 1.000000
0.640000 1.000000
0.644000 1.000000
0.648000 1.000000
0.652000 1.000000
0.656000 1.000000
0.660000 1.000000
0.664000 1.000000
0.668000 1.000000
0.672000 1.000000
0.676000 1.000000
0.680000 1.000000
0.684000 1.000000
0.688000 1.000000
0.692000 1.000000
0.696000 1.000000
0.700000 1.000000
0.704000 1.000000
0.708000 1.000000
0.712000 1.000000
0.716000 1.000000
0.720000 1.000000
0.724000 1.000000
0.728000 1.000000
0.732000 1.000000
0.736000 1.000000
0.740000 1.000000
0.744000 1.000000
0.748000 1.000000
0.752000 1.000000
0.756000 1.000000
0.760000 1.000000
0.764000 1.000000
0.768000 1.000000
0.772000 1.000000
0.776000 1.000000
0.780000 1.000000
0.784000 1.000000
0.788000 1.000000
0.792000 1.000000
0.796000 1.000000
0.800000 1.000000
0.804000 1.000000
0.808000 1.000000
0.812000 1.000000
0.816000 1.000000
0.820000 1.000000
0.824000 1.000000
0.828000 1.000000
0.832000 1.000000
0.836000 1.000000
0.840000 1.000000
0.844000 1.000000
0.848000 1.000000
0.852000 1.000000
0.856000 1.000000
0.860000 1.000000
0.864000 1.000000
0.868000 1.000000
0.872000 1.000000
0.876000 1.000000
0.880000 1.000000
0.884000 1.000000
0.888000 1.000000
0.892000 1.000000
0.896000 1.000000
0.900000 1.000000
0.904000 1.000000
0.908000 1.000000
0.912000 1.000000
0.916000 1.000000
0.920000 1.000000
0.924000 1.000000
0.928000 1.000000
0.932000 1.000000
0.936000 1.000000
0.940000 1.000000
0.944000 1.000000
0.948000 1.000000
0.952000 1.000000
0.956000 1.000000
0.960000 1.000000
0.964000 1.000000
0.968000 1.000000
0.972000 1.000000
0.976000 1.000000
0.980000 1.000000
0.984000 1.000000
0.988000 1.000000
0.992000 1.000000
0.996000 1.000000
1.000000 1.000000
