-1.000000 0.992919
-0.996000 0.992919
-0.992000 0.992919
-0.988000 0.992919
-0.984000 0.992919
-0.980000 0.992919
-0.976000 0.992919
-0.972000 0.992919
-0.968000 0.992919
-0.964000 0.992919
-0.960000 0.992919
-0.956000 0.992920
-0.952000 0.992920
-0.948000 0.992920
-0.944000 0.992920
-0.940000 0.992920
-0.936000 0.992921
-0.932000 0.992921
-0.928000 0.992921
-0.924000 0.992922
-0.920000 0.992922
-0.916000 0.992923
-0.912000 0.992924
-0.908000 0.992925
-0.904000 0.992926
-0.900000 0.992927
-0.896000 0.992928
-0.892000 0.992930
-0.888000 0.992931
-0.884000 0.992933
-0.880000 0.992935
-0.876000 0.992938
-0.872000 0.992941
-0.868000 0.992944
-0.864000 0.992948
-0.860000 0.992952
-0.856000 0.992956
-0.852000 0.992961
-0.848000 0.992967
-0.844000 0.992973
-0.840000 0.992980
-0.836000 0.992988
-0.832000 0.992996
-0.828000 0.993005
-0.824000 0.993015
-0.820000 0.993026
-0.816000 0.993038
-0.812000 0.993051
-0.808000 0.993066
-0.804000 0.993081
-0.800000 0.993098
-0.796000 0.993116
-0.792000 0.993135
-0.788000 0.993156
-0.784000 0.993179
-0.780000 0.993203
-0.776000 0.993229
-0.772000 0.993256
-0.768000 0.993286
-0.764000 0.993317
-0.760000 0.993350
-0.756000 0.993386
-0.752000 0.993423
-0.748000 0.993462
-0.744000 0.993504
-0.740000 0.993547
-0.736000 0.993593
-0.732000 0.993641
-0.728000 0.993692
-0.724000 0.993745
-0.720000 0.993800
-0.716000 0.993857
-0.712000 0.993916
-0.708000 0.993978
-0.704000 0.994043
-0.700000 0.994109
-0.696000 0.994178
-0.692000 0.994249
-0.688000 0.994322
-0.684000 0.994397
-0.680000 0.994474
-0.676000 0.994553
-0.672000 0.994634
-0.668000 0.994717
-0.664000 0.994802
-0.660000 0.994889
-0.656000 0.994977
-0.652000 0.995066
-0.648000 0.995157
-0.644000 0.995249
-0.640000 0.995343
-0.636000 0.995437
-0.632000 0.995533
-0.628000 0.995629
-0.624000 0.995726
-0.620000 0.995824
-0.616000 0.995922
-0.612000 0.996020
-0.608000 0.996119
-0.604000 0.996218
-0.600000 0.996317
-0.596000 0.996416
-0.592000 0.996514
-0.588000 0.996612
-0.584000 0.996710
-0.580000 0.996807
-0.576000 0.996903
-0.572000 0.996999
-0.568000 0.997093
-0.564000 0.997187
-0.560000 0.997279
-0.556000 0.997371
-0.552000 0.997461
-0.548000 0.997550
-0.544000 0.997637
-0.540000 0.997723
-0.536000 0.997807
-0.532000 0.997889
-0.528000 0.997970
-0.524000 0.998049
-0.520000 0.998127
-0.516000 0.998202
-0.512000 0.998276
-0.508000 0.998348
-0.504000 0.998418
-0.500000 0.998486
-0.496000 0.998552
-0.492000 0.998617
-0.488000 0.998679
-0.484000 0.998739
-0.480000 0.998798
-0.476000 0.998854
-0.472000 0.998909
-0.468000 0.998962
-0.464000 0.999013
-0.460000 0.999062
-0.456000 0.999109
-0.452000 0.999154
-0.448000 0.999198
-0.444000 0.999240
-0.440000 0.999280
-0.436000 0.999319
-0.432000 0.999355
-0.428000 0.999391
-0.424000 0.999425
-0.420000 0.999457
-0.416000 0.999488
-0.412000 0.999517
-0.408000 0.999545
-0.404000 0.999571
-0.400000 0.999597
-0.396000 0.999621
-0.392000 0.999644
-0.388000 0.999665
-0.384000 0.999686
-0.380000 0.999705
-0.376000 0.999724
-0.372000 0.999741
-0.368000 0.999758
-0.364000 0.999773
-0.360000 0.999788
-0.356000 0.999802
-0.352000 0.999815
-0.348000 0.999827
-0.344000 0.999839
-0.340000 0.999850
-0.336000 0.999860
-0.332000 0.999870
-0.328000 0.999879
-0.324000 0.999887
-0.320000 0.999895
-0.316000 0.999903
-0.312000 0.999910
-0.308000 0.999916
-0.304000 0.999922
-0.300000 0.999928
-0.296000 0.999933
-0.292000 0.999938
-0.288000 0.999943
-0.284000 0.999947
-0.280000 0.999951
-0.276000 0.999955
-0.272000 0.999958
-0.268000 0.999962
-0.264000 0.999965
-0.260000 0.999967
-0.256000 0.999970
-0.252000 0.999972
-0.248000 0.999975
-0.244000 0.999977
-0.240000 0.999978
-0.236000 0.999980
-0.232000 0.999982
-0.228000 0.999983
-0.224000 0.999985
-0.220000 0.999986
-0.216000 0.999987
-0.212000 0.999988
-0.208000 0.999989
-0.204000 0.999990
-0.200000 0.999991
-0.196000 0.999992
-0.192000 0.999992
-0.188000 0.999993
-0.184000 0.999994
-0.180000 0.999994
-0.176000 0.999995
-0.172000 0.999995
-0.168000 0.999996
-0.164000 0.999996
-0.160000 0.999996
-0.156000 0.999997
-0.152000 0.999997
-0.148000 0.999997
-0.144000 0.999998
-0.140000 0.999998
-0.136000 0.999998
-0.132000 0.999998
-0.128000 0.999998
-0.124000 0.999998
-0.120000 0.999999
-0.116000 0.999999
-0.112000 0.999999
-0.108000 0.999999
-0.104000 0.999999
-0.100000 0.999999
-0.096000 0.999999
-0.092000 0.999999
-0.088000 0.999999
-0.084000 0.999999
-0.080000 0.999999
-0.076000 1.000000
-0.072000 1.000000
-0.068000 1.000000
-0.064000 1.000000
-0.060000 1.000000
-0.056000 1.000000
-0.052000 1.000000
-0.048000 1.000000
-0.044000 1.000000
-0.040000 1.000000
-0.036000 1.000000
-0.032000 1.000000
-0.028000 1.000000
-0.024000 1.000000
-0.020000 1.000000
-0.016000 1.000000
-0.012000 1.000000
-0.008000 1.000000
-0.004000 1.000000
0.000000 1.000000
0.004000 1.000000
0.008000 1.000000
0.012000 1.000000
0.016000 1.000000
0.020000 1.000000
0.024000 1.000000
0.028000 1.000000
0.032000 1.000000
0.036000 1.000000
0.040000 1.000000
0.044000 1.000000
0.048000 1.000000
0.052000 1.000000
0.056000 1.000000
0.060000 1.000000
0.064000 1.000000
0.068000 1.000000
0.072000 1.000000
0.076000 1.000000
0.080000 1.000000
0.084000 1.000000
0.088000 1.000000
0.092000 1.000000
0.096000 1.000000
0.100000 1.000000
0.104000 1.000000
0.108000 1.000000
0.112000 1.000000
0.116000 1.000000
0.120000 1.000000
0.124000 1.000000
0.128000 1.000000
0.132000 1.000000
0.136000 1.000000
0.140000 1.000000
0.144000 1.000000
0.148000 1.000000
0.152000 1.000000
0.156000 1.000000
0.160000 1.000000
0.164000 1.000000
0.168000 1.000000
0.172000 1.000000
0.176000 1.000000
0.180000 1.000000
0.184000 1.000000
0.188000 1.000000
0.192000 1.000000
0.196000 1.000000
0.200000 1.000000
0.204000 1.000000
0.208000 1.000000
0.212000 1.000000
0.216000 1.000000
0.220000 1.000000
0.224000 1.000000
0.228000 1.000000
0.232000 1.000000
0.236000 1.000000
0.240000 1.000000
0.244000 1.000000
0.248000 1.000000
0.252000 1.000000
0.256000 1.000000
0.260000 1.000000
0.264000 1.000000
0.268000 1.000000
0.272000 1.000000
0.276000 1.000000
0.280000 1.000000
0.284000 1.000000
0.288000 1.000000
0.292000 1.000000
0.296000 1.000000
0.300000 1.000000
0.304000 1.000000
0.308000 1.000000
0.312000 1.000000
0.316000 1.000000
0.320000 1.000000
0.324000 1.000000
0.328000 1.000000
0.332000 1.000000
0.336000 1.000000
0.340000 1.000000
0.344000 1.000000
0.348000 1.000000
0.352000 1.000000
0.356000 1.000000
0.360000 1.000000
0.364000 1.000000
0.368000 1.000000
0.372000 1.000000
0.376000 1.000000
0.380000 1.000000
0.384000 1.000000
0.388000 1.000000
0.392000 1.000000
0.396000 1.000000
0.400000 1.000000
0.404000 1.000000
0.408000 1.000000
0.412000 1.000000
0.416000 1.000000
0.420000 1.000000
0.424000 1.000000
0.428000 1.000000
0.432000 1.000000
0.436000 1.000000
0.440000 1.000000
0.444000 1.000000
0.448000 1.000000
0.452000 1.000000
0.456000 1.000000
0.460000 1.000000
0.464000 1.000000
0.468000 1.000000
0.472000 1.000000
0.476000 1.000000
0.480000 1.000000
0.484000 1.000000
0.488000 1.000000
0.492000 1.000000
0.496000 1.000000
0.500000 1.000000
0.504000 1.000000
0.508000 1.000000
0.512000 1.000000
0.516000 1.000000
0.520000 1.000000
0.524000 1.000000
0.528000 1.000000
0.532000 1.000000
0.536000 1.000000
0.540000 1.000000
0.544000 1.000000
0.548000 1.000000
0.552000 1.000000
0.556000 1.000000
0.560000 1.000000
0.564000 1.000000
0.568000 1.000000
0.572000 1.000000
0.576000 1.000000
0.580000 1.000000
0.584000 1.000000
0.588000 1.000000
0.592000 1.000000
0.596000 1.000000
0.600000 1.000000
0.604000 1.000000
0.608000 1.000000
0.612000 1.000000
0.616000 1.000000
0.620000 1.000000
0.624000 1.000000
0.628000 1.000000
0.632000 1.000000
0.636000 1.000000
0.640000 1.000000
0.644000 1.000000
0.648000 1.000000
0.652000 1.000000
0.656000 1.000000
0.660000 1.000000
0.664000 1.000000
0.668000 1.000000
0.672000 1.000000
0.676000 1.000000
0.680000 1.000000
0.684000 1.000000
0.688000 1.000000
0.692000 1.000000
0.696000 1.000000
0.700000 1.000000
0.704000 1.000000
0.708000 1.000000
0.712000 1.000000
0.716000 1.000000
0.720000 1.000000
0.724000 1.000000
0.728000 1.000000
0.732000 1.000000
0.736000 1.000000
0.740000 1.000000
0.744000 1.000000
0.748000 1.000000
0.752000 1.000000
0.756000 1.000000
0.760000 1.000000
0.764000 1.000000
0.768000 1.000000
0.772000 1.000000
0.776000 1.000000
0.780000 1.000000
0.784000 1.000000
0.788000 1.000000
0.792000 1.000000
0.796000 1.000000
0.800000 1.000000
0.804000 1.000000
0.808000 1.000000
0.812000 1.000000
0.816000 1.000000
0.820000 1.000000
0.824000 1.000000
0.828000 1.000000
0.832000 1.000000
0.836000 1.000000
0.840000 1.000000
0.844000 1.000000
0.848000 1.000000
0.852000 1.000000
0.856000 1.000000
0.860000 1.000000
0.864000 1.000000
0.868000 1.000000
0.872000 1.000000
0.876000 1.000000
0.880000 1.000000
0.884000 1.000000
0.888000 1.000000
0.892000 1.000000
0.896000 1.000000
0.900000 1.000000
0.904000 1.000000
0.908000 1.000000
0.912000 1.000000
0.916000 1.000000
0.920000 1.000000
0.924000 1.000000
0.928000 1.000000
0.932000 1.000000
0.936000 1.000000
0.940000 1.000000
0.944000 1.000000
0.948000 1.000000
0.952000 1.000000
0.956000 1.000000
0.960000 1.000000
0.964000 1.000000
0.968000 1.000000
0.972000 1.000000
0.976000 1.000000
0.980000 1.000000
0.984000 1.000000
0.988000 1.000000
0.992000 1.000000
0.996000 1.000000
1.000000 1.000000
