-1.000000 0.992919
-0.996000 0.992919
-0.992000 0.992919
-0.988000 0.992919
-0.984000 0.992919
-0.980000 0.992919
-0.976000 0.992919
-0.972000 0.992919
-0.968000 0.992919
-0.964000 0.992919
-0.960000 0.992919
-0.956000 0.992919
-0.952000 0.992919
-0.948000 0.992919
-0.944000 0.992919
-0.940000 0.992919
-0.936000 0.992919
-0.932000 0.992919
-0.928000 0.992919
-0.924000 0.992920
-0.920000 0.992920
-0.916000 0.992920
-0.912000 0.992920
-0.908000 0.992920
-0.904000 0.992920
-0.900000 0.992920
-0.896000 0.992921
-0.892000 0.992921
-0.888000 0.992921
-0.884000 0.992922
-0.880000 0.992922
-0.876000 0.992923
-0.872000 0.992923
-0.868000 0.992924
-0.864000 0.992925
-0.860000 0.992926
-0.856000 0.992927
-0.852000 0.992928
-0.848000 0.992929
-0.844000 0.992931
-0.840000 0.992932
-0.836000 0.992934
-0.832000 0.992936
-0.828000 0.992938
-0.824000 0.992941
-0.820000 0.992944
-0.816000 0.992947
-0.812000 0.992950
-0.808000 0.992954
-0.804000 0.992958
-0.800000 0.992963
-0.796000 0.992968
-0.792000 0.992973
-0.788000 0.992980
-0.784000 0.992986
-0.780000 0.992993
-0.776000 0.993001
-0.772000 0.993010
-0.768000 0.993019
-0.764000 0.993029
-0.760000 0.993040
-0.756000 0.993052
-0.752000 0.993065
-0.748000 0.993078
-0.744000 0.993093
-0.740000 0.993109
-0.736000 0.993125
-0.732000 0.993143
-0.728000 0.993163
-0.724000 0.993183
-0.720000 0.993205
-0.716000 0.993228
-0.712000 0.993252
-0.708000 0.993279
-0.704000 0.993306
-0.700000 0.993335
-0.696000 0.993366
-0.692000 0.993398
-0.688000 0.993432
-0.684000 0.993468
-0.680000 0.993505
-0.676000 0.993544
-0.672000 0.993585
-0.668000 0.993628
-0.664000 0.993673
-0.660000 0.993719
-0.656000 0.993768
-0.652000 0.993818
-0.648000 0.993870
-0.644000 0.993924
-0.640000 0.993980
-0.636000 0.994038
-0.632000 0.994097
-0.628000 0.994159
-0.624000 0.994222
-0.620000 0.994287
-0.616000 0.994354
-0.612000 0.994423
-0.608000 0.994493
-0.604000 0.994565
-0.600000 0.994638
-0.596000 0.994713
-0.592000 0.994790
-0.588000 0.994868
-0.584000 0.994947
-0.580000 0.995028
-0.576000 0.995109
-0.572000 0.995192
-0.568000 0.995276
-0.564000 0.995361
-0.560000 0.995447
-0.556000 0.995533
-0.552000 0.995621
-0.548000 0.995709
-0.544000 0.995797
-0.540000 0.995886
-0.536000 0.995976
-0.532000 0.996065
-0.528000 0.996155
-0.524000 0.996245
-0.520000 0.996335
-0.516000 0.996424
-0.512000 0.996514
-0.508000 0.996603
-0.504000 0.996692
-0.500000 0.996780
-0.496000 0.996868
-0.492000 0.996956
-0.488000 0.997042
-0.484000 0.997128
-0.480000 0.997213
-0.476000 0.997297
-0.472000 0.997380
-0.468000 0.997462
-0.464000 0.997543
-0.460000 0.997623
-0.456000 0.997702
-0.452000 0.997779
-0.448000 0.997855
-0.444000 0.997930
-0.440000 0.998003
-0.436000 0.998075
-0.432000 0.998145
-0.428000 0.998214
-0.424000 0.998281
-0.420000 0.998347
-0.416000 0.998411
-0.412000 0.998474
-0.408000 0.998535
-0.404000 0.998594
-0.400000 0.998652
-0.396000 0.998708
-0.392000 0.998763
-0.388000 0.998816
-0.384000 0.998867
-0.380000 0.998917
-0.376000 0.998965
-0.372000 0.999012
-0.368000 0.999057
-0.364000 0.999100
-0.360000 0.999142
-0.356000 0.999183
-0.352000 0.999222
-0.348000 0.999260
-0.344000 0.999296
-0.340000 0.999331
-0.336000 0.999364
-0.332000 0.999397
-0.328000 0.999427
-0.324000 0.999457
-0.320000 0.999485
-0.316000 0.999513
-0.312000 0.999539
-0.308000 0.999563
-0.304000 0.999587
-0.300000 0.999610
-0.296000 0.999631
-0.292000 0.999652
-0.288000 0.999672
-0.284000 0.999690
-0.280000 0.999708
-0.276000 0.999725
-0.272000 0.999741
-0.268000 0.999756
-0.264000 0.999771
-0.260000 0.999785
-0.256000 0.999798
-0.252000 0.999810
-0.248000 0.999822
-0.244000 0.999833
-0.240000 0.999843
-0.236000 0.999853
-0.232000 0.999862
-0.228000 0.999871
-0.224000 0.999880
-0.220000 0.999887
-0.216000 0.999895
-0.212000 0.999902
-0.208000 0.999908
-0.204000 0.999914
-0.200000 0.999920
-0.196000 0.999926
-0.192000 0.999931
-0.188000 0.999935
-0.184000 0.999940
-0.180000 0.999944
-0.176000 0.999948
-0.172000 0.999952
-0.168000 0.999955
-0.164000 0.999958
-0.160000 0.999961
-0.156000 0.999964
-0.152000 0.999967
-0.148000 0.999969
-0.144000 0.999971
-0.140000 0.999974
-0.136000 0.999976
-0.132000 0.999977
-0.128000 0.999979
-0.124000 0.999981
-0.120000 0.999982
-0.116000 0.999983
-0.112000 0.999985
-0.108000 0.999986
-0.104000 0.999987
-0.100000 0.999988
-0.096000 0.999989
-0.092000 0.999990
-0.088000 0.999991
-0.084000 0.999991
-0.080000 0.999992
-0.076000 0.999993
-0.072000 0.999993
-0.068000 0.999994
-0.064000 0.999994
-0.060000 0.999995
-0.056000 0.999995
-0.052000 0.999996
-0.048000 0.999996
-0.044000 0.999996
-0.040000 0.999997
-0.036000 0.999997
-0.032000 0.999997
-0.028000 0.999997
-0.024000 0.999998
-0.020000 0.999998
-0.016000 0.999998
-0.012000 0.999998
-0.008000 0.999998
-0.004000 0.999999
0.000000 0.999999
0.004000 0.999999
0.008000 0.999999
0.012000 0.999999
0.016000 0.999999
0.020000 0.999999
0.024000 0.999999
0.028000 0.999999
0.032000 0.999999
0.036000 0.999999
0.040000 0.999999
0.044000 1.000000
0.048000 1.000000
0.052000 1.000000
0.056000 1.000000
0.060000 1.000000
0.064000 1.000000
0.068000 1.000000
0.072000 1.000000
0.076000 1.000000
0.080000 1.000000
0.084000 1.000000
0.088000 1.000000
0.092000 1.000000
0.096000 1.000000
0.100000 1.000000
0.104000 1.000000
0.108000 1.000000
0.112000 1.000000
0.116000 1.000000
0.120000 1.000000
0.124000 1.000000
0.128000 1.000000
0.132000 1.000000
0.136000 1.000000
0.140000 1.000000
0.144000 1.000000
0.148000 1.000000
0.152000 1.000000
0.156000 1.000000
0.160000 1.000000
0.164000 1.000000
0.168000 1.000000
0.172000 1.000000
0.176000 1.000000
0.180000 1.000000
0.184000 1.000000
0.188000 1.000000
0.192000 1.000000
0.196000 1.000000
0.200000 1.000000
0.204000 1.000000
0.208000 1.000000
0.212000 1.000000
0.216000 1.000000
0.220000 1.000000
0.224000 1.000000
0.228000 1.000000
0.232000 1.000000
0.236000 1.000000
0.240000 1.000000
0.244000 1.000000
0.248000 1.000000
0.252000 1.000000
0.256000 1.000000
0.260000 1.000000
0.264000 1.000000
0.268000 1.000000
0.272000 1.000000
0.276000 1.000000
0.280000 1.000000
0.284000 1.000000
0.288000 1.000000
0.292000 1.000000
0.296000 1.000000
0.300000 1.000000
0.304000 1.000000
0.308000 1.000000
0.312000 1.000000
0.316000 1.000000
0.320000 1.000000
0.324000 1.000000
0.328000 1.000000
0.332000 1.000000
0.336000 1.000000
0.340000 1.000000
0.344000 1.000000
0.348000 1.000000
0.352000 1.000000
0.356000 1.000000
0.360000 1.000000
0.364000 1.000000
0.368000 1.000000
0.372000 1.000000
0.376000 1.000000
0.380000 1.000000
0.384000 1.000000
0.388000 1.000000
0.392000 1.000000
0.396000 1.000000
0.400000 1.000000
0.404000 1.000000
0.408000 1.000000
0.412000 1.000000
0.416000 1.000000
0.420000 1.000000
0.424000 1.000000
0.428000 1.000000
0.432000 1.000000
0.436000 1.000000
0.440000 1.000000
0.444000 1.000000
0.448000 1.000000
0.452000 1.000000
0.456000 1.000000
0.460000 1.000000
0.464000 1.000000
0.468000 1.000000
0.472000 1.000000
0.476000 1.000000
0.480000 1.000000
0.484000 1.000000
0.488000 1.000000
0.492000 1.000000
0.496000 1.000000
0.500000 1.000000
0.504000 1.000000
0.508000 1.000000
0.512000 1.000000
0.516000 1.000000
0.520000 1.000000
0.524000 1.000000
0.528000 1.000000
0.532000 1.000000
0.536000 1.000000
0.540000 1.000000
0.544000 1.000000
0.548000 1.000000
0.552000 1.000000
0.556000 1.000000
0.560000 1.000000
0.564000 1.000000
0.568000 1.000000
0.572000 1.000000
0.576000 1.000000
0.580000 1.000000
0.584000 1.000000
0.588000 1.000000
0.592000 1.000000
0.596000 1.000000
0.600000 1.000000
0.604000 1.000000
0.608000 1.000000
0.612000 1.000000
0.616000 1.000000
0.620000 1.000000
0.624000 1.000000
0.628000 1.000000
0.632000 1.000000
0.636000 1.000000
0.640000 1.000000
0.644000 1.000000
0.648000 1.000000
0.652000 1.000000
0.656000 1.000000
0.660000 1.000000
0.664000 1.000000
0.668000 1.000000
0.672000 1.000000
0.676000 1.000000
0.680000 1.000000
0.684000 1.000000
0.688000 1.000000
0.692000 1.000000
0.696000 1.000000
0.700000 1.000000
0.704000 1.000000
0.708000 1.000000
0.712000 1.000000
0.716000 1.000000
0.720000 1.000000
0.724000 1.000000
0.728000 1.000000
0.732000 1.000000
0.736000 1.000000
0.740000 1.000000
0.744000 1.000000
0.748000 1.000000
0.752000 1.000000
0.756000 1.000000
0.760000 1.000000
0.764000 1.000000
0.768000 1.000000
0.772000 1.000000
0.776000 1.000000
0.780000 1.000000
0.784000 1.000000
0.788000 1.000000
0.792000 1.000000
0.796000 1.000000
0.800000 1.000000
0.804000 1.000000
0.808000 1.000000
0.812000 1.000000
0.816000 1.000000
0.820000 1.000000
0.824000 1.000000
0.828000 1.000000
0.832000 1.000000
0.836000 1.000000
0.840000 1.000000
0.844000 1.000000
0.848000 1.000000
0.852000 1.000000
0.856000 1.000000
0.860000 1.000000
0.864000 1.000000
0.868000 1.000000
0.872000 1.000000
0.876000 1.000000
0.880000 1.000000
0.884000 1.000000
0.888000 1.000000
0.892000 1.000000
0.896000 1.000000
0.900000 1.000000
0.904000 1.000000
0.908000 1.000000
0.912000 1.000000
0.916000 1.000000
0.920000 1.000000
0.924000 1.000000
0.928000 1.000000
0.932000 1.000000
0.936000 1.000000
0.940000 1.000000
0.944000 1.000000
0.948000 1.000000
0.952000 1.000000
0.956000 1.000000
0.960000 1.000000
0.964000 1.000000
0.968000 1.000000
0.972000 1.000000
0.976000 1.000000
0.980000 1.000000
0.984000 1.000000
0.988000 1.000000
0.992000 1.000000
0.996000 1.000000
1.000000 1.000000
