-1.000000 0.994892
-0.996000 0.994892
-0.992000 0.994892
-0.988000 0.994892
-0.984000 0.994892
-0.980000 0.994892
-0.976000 0.994892
-0.972000 0.994892
-0.968000 0.994892
-0.964000 0.994892
-0.960000 0.994892
-0.956000 0.994892
-0.952000 0.994892
-0.948000 0.994892
-0.944000 0.994892
-0.940000 0.994892
-0.936000 0.994892
-0.932000 0.994892
-0.928000 0.994892
-0.924000 0.994892
-0.920000 0.994892
-0.916000 0.994892
-0.912000 0.994892
-0.908000 0.994892
-0.904000 0.994892
-0.900000 0.994892
-0.896000 0.994892
-0.892000 0.994892
-0.888000 0.994892
-0.884000 0.994892
-0.880000 0.994892
-0.876000 0.994892
-0.872000 0.994892
-0.868000 0.994892
-0.864000 0.994892
-0.860000 0.994892
-0.856000 0.994892
-0.852000 0.994892
-0.848000 0.994892
-0.844000 0.994892
-0.840000 0.994892
-0.836000 0.994892
-0.832000 0.994892
-0.828000 0.994892
-0.824000 0.994892
-0.820000 0.994892
-0.816000 0.994892
-0.812000 0.994892
-0.808000 0.994892
-0.804000 0.994892
-0.800000 0.994892
-0.796000 0.994892
-0.792000 0.994892
-0.788000 0.994892
-0.784000 0.994892
-0.780000 0.994892
-0.776000 0.994892
-0.772000 0.994892
-0.768000 0.994892
-0.764000 0.994892
-0.760000 0.994892
-0.756000 0.994892
-0.752000 0.994892
-0.748000 0.994892
-0.744000 0.994892
-0.740000 0.994892
-0.736000 0.994892
-0.732000 0.994892
-0.728000 0.994892
-0.724000 0.994892
-0.720000 0.994892
-0.716000 0.994892
-0.712000 0.994892
-0.708000 0.994892
-0.704000 0.994892
-0.700000 0.994892
-0.696000 0.994892
-0.692000 0.994892
-0.688000 0.994892
-0.684000 0.994892
-0.680000 0.994892
-0.676000 0.994892
-0.672000 0.994892
-0.668000 0.994892
-0.664000 0.994892
-0.660000 0.994892
-0.656000 0.994892
-0.652000 0.994892
-0.648000 0.994892
-0.644000 0.994892
-0.640000 0.994892
-0.636000 0.994892
-0.632000 0.994892
-0.628000 0.994892
-0.624000 0.994892
-0.620000 0.994892
-0.616000 0.994892
-0.612000 0.994892
-0.608000 0.994892
-0.604000 0.994891
-0.600000 0.994891
-0.596000 0.994891
-0.592000 0.994891
-0.588000 0.994891
-0.584000 0.994891
-0.580000 0.994891
-0.576000 0.994891
-0.572000 0.994891
-0.568000 0.994891
-0.564000 0.994891
-0.560000 0.994890
-0.556000 0.994890
-0.552000 0.994890
-0.548000 0.994890
-0.544000 0.994890
-0.540000 0.994890
-0.536000 0.994889
-0.532000 0.994889
-0.528000 0.994889
-0.524000 0.994889
-0.520000 0.994888
-0.516000 0.994888
-0.512000 0.994888
-0.508000 0.994887
-0.504000 0.994887
-0.500000 0.994887
-0.496000 0.994886
-0.492000 0.994886
-0.488000 0.994885
-0.484000 0.994885
-0.480000 0.994884
-0.476000 0.994883
-0.472000 0.994883
-0.468000 0.994882
-0.464000 0.994881
-0.460000 0.994880
-0.456000 0.994880
-0.452000 0.994879
-0.448000 0.994878
-0.444000 0.994877
-0.440000 0.994876
-0.436000 0.994874
-0.432000 0.994873
-0.428000 0.994872
-0.424000 0.994870
-0.420000 0.994869
-0.416000 0.994867
-0.412000 0.994866
-0.408000 0.994864
-0.404000 0.994862
-0.400000 0.994860
-0.396000 0.994858
-0.392000 0.994856
-0.388000 0.994854
-0.384000 0.994851
-0.380000 0.994849
-0.376000 0.994846
-0.372000 0.994844
-0.368000 0.994841
-0.364000 0.994838
-0.360000 0.994834
-0.356000 0.994831
-0.352000 0.994828
-0.348000 0.994824
-0.344000 0.994820
-0.340000 0.994816
-0.336000 0.994812
-0.332000 0.994808
-0.328000 0.994803
-0.324000 0.994799
-0.320000 0.994794
-0.316000 0.994789
-0.312000 0.994784
-0.308000 0.994778
-0.304000 0.994773
-0.300000 0.994767
-0.296000 0.994761
-0.292000 0.994754
-0.288000 0.994748
-0.284000 0.994741
-0.280000 0.994734
-0.276000 0.994727
-0.272000 0.994719
-0.268000 0.994712
-0.264000 0.994704
-0.260000 0.994696
-0.256000 0.994687
-0.252000 0.994679
-0.248000 0.994670
-0.244000 0.994661
-0.240000 0.994651
-0.236000 0.994642
-0.232000 0.994632
-0.228000 0.994621
-0.224000 0.994611
-0.220000 0.994600
-0.216000 0.994589
-0.212000 0.994578
-0.208000 0.994567
-0.204000 0.994555
-0.200000 0.994543
-0.196000 0.994531
-0.192000 0.994519
-0.188000 0.994506
-0.184000 0.994493
-0.180000 0.994480
-0.176000 0.994467
-0.172000 0.994453
-0.168000 0.994439
-0.164000 0.994425
-0.160000 0.994411
-0.156000 0.994396
-0.152000 0.994381
-0.148000 0.994367
-0.144000 0.994351
-0.140000 0.994336
-0.136000 0.994321
-0.132000 0.994305
-0.128000 0.994289
-0.124000 0.994273
-0.120000 0.994257
-0.116000 0.994241
-0.112000 0.994224
-0.108000 0.994207
-0.104000 0.994191
-0.100000 0.994174
-0.096000 0.994157
-0.092000 0.994140
-0.088000 0.994123
-0.084000 0.994105
-0.080000 0.994088
-0.076000 0.994070
-0.072000 0.994053
-0.068000 0.994035
-0.064000 0.994018
-0.060000 0.994000
-0.056000 0.993982
-0.052000 0.993965
-0.048000 0.993947
-0.044000 0.993929
-0.040000 0.993912
-0.036000 0.993894
-0.032000 0.993876
-0.028000 0.993859
-0.024000 0.993841
-0.020000 0.993824
-0.016000 0.993806
-0.012000 0.993789
-0.008000 0.993772
-0.004000 0.993754
0.000000 0.993737
0.004000 0.993720
0.008000 0.993703
0.012000 0.993687
0.016000 0.993670
0.020000 0.993653
0.024000 0.993637
0.028000 0.993621
0.032000 0.993605
0.036000 0.993589
0.040000 0.993573
0.044000 0.993557
0.048000 0.993542
0.052000 0.993527
0.056000 0.993512
0.060000 0.993497
0.064000 0.993482
0.068000 0.993468
0.072000 0.993453
0.076000 0.993439
0.080000 0.993425
0.084000 0.993412
0.088000 0.993398
0.092000 0.993385
0.096000 0.993372
0.100000 0.993359
0.104000 0.993347
0.108000 0.993334
0.112000 0.993322
0.116000 0.993310
0.120000 0.993299
0.124000 0.993287
0.128000 0.993276
0.132000 0.993265
0.136000 0.993254
0.140000 0.993244
0.144000 0.993233
0.148000 0.993223
0.152000 0.993213
0.156000 0.993204
0.160000 0.993194
0.164000 0.993185
0.168000 0.993176
0.172000 0.993168
0.176000 0.993159
0.180000 0.993151
0.184000 0.993143
0.188000 0.993135
0.192000 0.993127
0.196000 0.993120
0.200000 0.993112
0.204000 0.993105
0.208000 0.993099
0.212000 0.993092
0.216000 0.993085
0.220000 0.993079
0.224000 0.993073
0.228000 0.993067
0.232000 0.993061
0.236000 0.993056
0.240000 0.993051
0.244000 0.993045
0.248000 0.993040
0.252000 0.993035
0.256000 0.993031
0.260000 0.993026
0.264000 0.993022
0.268000 0.993018
0.272000 0.993013
0.276000 0.993010
0.280000 0.993006
0.284000 0.993002
0.288000 0.992998
0.292000 0.992995
0.296000 0.992992
0.300000 0.992989
0.304000 0.992985
0.308000 0.992983
0.312000 0.992980
0.316000 0.992977
0.320000 0.992974
0.324000 0.992972
0.328000 0.992969
0.332000 0.992967
0.336000 0.992965
0.340000 0.992963
0.344000 0.992961
0.348000 0.992959
0.352000 0.992957
0.356000 0.992955
0.360000 0.992953
0.364000 0.992952
0.368000 0.992950
0.372000 0.992948
0.376000 0.992947
0.380000 0.992946
0.384000 0.992944
0.388000 0.992943
0.392000 0.992942
0.396000 0.992941
0.400000 0.992940
0.404000 0.992939
0.408000 0.992938
0.412000 0.992937
0.416000 0.992936
0.420000 0.992935
0.424000 0.992934
0.428000 0.992933
0.432000 0.992932
0.436000 0.992932
0.440000 0.992931
0.444000 0.992930
0.448000 0.992930
0.452000 0.992929
0.456000 0.992929
0.460000 0.992928
0.464000 0.992928
0.468000 0.992927
0.472000 0.992927
0.476000 0.992926
0.480000 0.992926
0.484000 0.992925
0.488000 0.992925
0.492000 0.992925
0.496000 0.992924
0.500000 0.992924
0.504000 0.992924
0.508000 0.992923
0.512000 0.992923
0.516000 0.992923
0.520000 0.992923
0.524000 0.992923
0.528000 0.992922
0.532000 0.992922
0.536000 0.992922
0.540000 0.992922
0.544000 0.992922
0.548000 0.992921
0.552000 0.992921
0.556000 0.992921
0.560000 0.992921
0.564000 0.992921
0.568000 0.992921
0.572000 0.992921
0.576000 0.992921
0.580000 0.992920
0.584000 0.992920
0.588000 0.992920
0.592000 0.992920
0.596000 0.992920
0.600000 0.992920
0.604000 0.992920
0.608000 0.992920
0.612000 0.992920
0.616000 0.992920
0.620000 0.992920
0.624000 0.992920
0.628000 0.992920
0.632000 0.992920
0.636000 0.992920
0.640000 0.992920
0.644000 0.992919
0.648000 0.992919
0.652000 0.992919
0.656000 0.992919
0.660000 0.992919
0.664000 0.992919
0.668000 0.992919
0.672000 0.992919
0.676000 0.992919
0.680000 0.992919
0.684000 0.992919
0.688000 0.992919
0.692000 0.992919
0.696000 0.992919
0.700000 0.992919
0.704000 0.992919
0.708000 0.992919
0.712000 0.992919
0.716000 0.992919
0.720000 0.992919
0.724000 0.992919
0.728000 0.992919
0.732000 0.992919
0.736000 0.992919
0.740000 0.992919
0.744000 0.992919
0.748000 0.992919
0.752000 0.992919
0.756000 0.992919
0.760000 0.992919
0.764000 0.992919
0.768000 0.992919
0.772000 0.992919
0.776000 0.992919
0.780000 0.992919
0.784000 0.992919
0.788000 0.992919
0.792000 0.992919
0.796000 0.992919
0.800000 0.992919
0.804000 0.992919
0.808000 0.992919
0.812000 0.992919
0.816000 0.992919
0.820000 0.992919
0.824000 0.992919
0.828000 0.992919
0.832000 0.992919
0.836000 0.992919
0.840000 0.992919
0.844000 0.992919
0.848000 0.992919
0.852000 0.992919
0.856000 0.992919
0.860000 0.992919
0.864000 0.992919
0.868000 0.992919
0.872000 0.992919
0.876000 0.992919
0.880000 0.992919
0.884000 0.992919
0.888000 0.992919
0.892000 0.992919
0.896000 0.992919
0.900000 0.992919
0.904000 0.992919
0.908000 0.992919
0.912000 0.992919
0.916000 0.992919
0.920000 0.992919
0.924000 0.992919
0.928000 0.992919
0.932000 0.992919
0.936000 0.992919
0.940000 0.992919
0.944000 0.992919
0.948000 0.992919
0.952000 0.992919
0.956000 0.992919
0.960000 0.992919
0.964000 0.992919
0.968000 0.992919
0.972000 0.992919
0.976000 0.992919
0.980000 0.992919
0.984000 0.992919
0.988000 0.992919
0.992000 0.992919
0.996000 0.992919
1.000000 0.992919
