-1.000000 0.992919
-0.996000 0.992919
-0.992000 0.992919
-0.988000 0.992919
-0.984000 0.992919
-0.980000 0.992919
-0.976000 0.992919
-0.972000 0.992919
-0.968000 0.992919
-0.964000 0.992919
-0.960000 0.992919
-0.956000 0.992919
-0.952000 0.992919
-0.948000 0.992919
-0.944000 0.992919
-0.940000 0.992919
-0.936000 0.992919
-0.932000 0.992919
-0.928000 0.992919
-0.924000 0.992919
-0.920000 0.992919
-0.916000 0.992919
-0.912000 0.992919
-0.908000 0.992919
-0.904000 0.992919
-0.900000 0.992919
-0.896000 0.992919
-0.892000 0.992919
-0.888000 0.992919
-0.884000 0.992920
-0.880000 0.992920
-0.876000 0.992920
-0.872000 0.992920
-0.868000 0.992920
-0.864000 0.992920
-0.860000 0.992920
-0.856000 0.992921
-0.852000 0.992921
-0.848000 0.992921
-0.844000 0.992921
-0.840000 0.992922
-0.836000 0.992922
-0.832000 0.992923
-0.828000 0.992923
-0.824000 0.992924
-0.820000 0.992924
-0.816000 0.992925
-0.812000 0.992926
-0.808000 0.992927
-0.804000 0.992928
-0.800000 0.992929
-0.796000 0.992930
-0.792000 0.992932
-0.788000 0.992934
-0.784000 0.992935
-0.780000 0.992937
-0.776000 0.992939
-0.772000 0.992942
-0.768000 0.992944
-0.764000 0.992947
-0.760000 0.992950
-0.756000 0.992954
-0.752000 0.992957
-0.748000 0.992961
-0.744000 0.992966
-0.740000 0.992971
-0.736000 0.992976
-0.732000 0.992982
-0.728000 0.992988
-0.724000 0.992994
-0.720000 0.993002
-0.716000 0.993009
-0.712000 0.993018
-0.708000 0.993027
-0.704000 0.993037
-0.700000 0.993047
-0.696000 0.993058
-0.692000 0.993070
-0.688000 0.993083
-0.684000 0.993096
-0.680000 0.993111
-0.676000 0.993126
-0.672000 0.993143
-0.668000 0.993160
-0.664000 0.993178
-0.660000 0.993198
-0.656000 0.993219
-0.652000 0.993240
-0.648000 0.993263
-0.644000 0.993288
-0.640000 0.993313
-0.636000 0.993340
-0.632000 0.993368
-0.628000 0.993398
-0.624000 0.993429
-0.620000 0.993461
-0.616000 0.993495
-0.612000 0.993530
-0.608000 0.993567
-0.604000 0.993605
-0.600000 0.993645
-0.596000 0.993687
-0.592000 0.993730
-0.588000 0.993774
-0.584000 0.993821
-0.580000 0.993868
-0.576000 0.993918
-0.572000 0.993969
-0.568000 0.994021
-0.564000 0.994075
-0.560000 0.994131
-0.556000 0.994188
-0.552000 0.994247
-0.548000 0.994308
-0.544000 0.994369
-0.540000 0.994433
-0.536000 0.994497
-0.532000 0.994563
-0.528000 0.994631
-0.524000 0.994700
-0.520000 0.994770
-0.516000 0.994841
-0.512000 0.994913
-0.508000 0.994987
-0.504000 0.995061
-0.500000 0.995137
-0.496000 0.995214
-0.492000 0.995291
-0.488000 0.995369
-0.484000 0.995448
-0.480000 0.995528
-0.476000 0.995609
-0.472000 0.995689
-0.468000 0.995771
-0.464000 0.995853
-0.460000 0.995935
-0.456000 0.996017
-0.452000 0.996100
-0.448000 0.996183
-0.444000 0.996266
-0.440000 0.996349
-0.436000 0.996432
-0.432000 0.996514
-0.428000 0.996597
-0.424000 0.996679
-0.420000 0.996761
-0.416000 0.996842
-0.412000 0.996923
-0.408000 0.997003
-0.404000 0.997083
-0.400000 0.997162
-0.396000 0.997240
-0.392000 0.997318
-0.388000 0.997395
-0.384000 0.997470
-0.380000 0.997545
-0.376000 0.997619
-0.372000 0.997692
-0.368000 0.997764
-0.364000 0.997834
-0.360000 0.997904
-0.356000 0.997972
-0.352000 0.998039
-0.348000 0.998105
-0.344000 0.998170
-0.340000 0.998233
-0.336000 0.998295
-0.332000 0.998356
-0.328000 0.998416
-0.324000 0.998474
-0.320000 0.998530
-0.316000 0.998586
-0.312000 0.998640
-0.308000 0.998692
-0.304000 0.998743
-0.300000 0.998793
-0.296000 0.998841
-0.292000 0.998889
-0.288000 0.998934
-0.284000 0.998979
-0.280000 0.999022
-0.276000 0.999063
-0.272000 0.999104
-0.268000 0.999143
-0.264000 0.999181
-0.260000 0.999217
-0.256000 0.999252
-0.252000 0.999286
-0.248000 0.999319
-0.244000 0.999351
-0.240000 0.999381
-0.236000 0.999411
-0.232000 0.999439
-0.228000 0.999466
-0.224000 0.999492
-0.220000 0.999517
-0.216000 0.999541
-0.212000 0.999564
-0.208000 0.999587
-0.204000 0.999608
-0.200000 0.999628
-0.196000 0.999647
-0.192000 0.999666
-0.188000 0.999684
-0.184000 0.999701
-0.180000 0.999717
-0.176000 0.999732
-0.172000 0.999747
-0.168000 0.999761
-0.164000 0.999774
-0.160000 0.999787
-0.156000 0.999799
-0.152000 0.999811
-0.148000 0.999822
-0.144000 0.999832
-0.140000 0.999842
-0.136000 0.999851
-0.132000 0.999860
-0.128000 0.999868
-0.124000 0.999876
-0.120000 0.999884
-0.116000 0.999891
-0.112000 0.999898
-0.108000 0.999904
-0.104000 0.999910
-0.100000 0.999916
-0.096000 0.999921
-0.092000 0.999926
-0.088000 0.999931
-0.084000 0.999935
-0.080000 0.999939
-0.076000 0.999943
-0.072000 0.999947
-0.068000 0.999951
-0.064000 0.999954
-0.060000 0.999957
-0.056000 0.999960
-0.052000 0.999963
-0.048000 0.999965
-0.044000 0.999968
-0.040000 0.999970
-0.036000 0.999972
-0.032000 0.999974
-0.028000 0.999976
-0.024000 0.999977
-0.020000 0.999979
-0.016000 0.999980
-0.012000 0.999982
-0.008000 0.999983
-0.004000 0.999984
0.000000 0.999986
0.004000 0.999987
0.008000 0.999988
0.012000 0.999989
0.016000 0.999989
0.020000 0.999990
0.024000 0.999991
0.028000 0.999992
0.032000 0.999992
0.036000 0.999993
0.040000 0.999993
0.044000 0.999994
0.048000 0.999994
0.052000 0.999995
0.056000 0.999995
0.060000 0.999996
0.064000 0.999996
0.068000 0.999996
0.072000 0.999997
0.076000 0.999997
0.080000 0.999997
0.084000 0.999997
0.088000 0.999998
0.092000 0.999998
0.096000 0.999998
0.100000 0.999998
0.104000 0.999998
0.108000 0.999998
0.112000 0.999999
0.116000 0.999999
0.120000 0.999999
0.124000 0.999999
0.128000 0.999999
0.132000 0.999999
0.136000 0.999999
0.140000 0.999999
0.144000 0.999999
0.148000 0.999999
0.152000 0.999999
0.156000 0.999999
0.160000 0.999999
0.164000 1.000000
0.168000 1.000000
0.172000 1.000000
0.176000 1.000000
0.180000 1.000000
0.184000 1.000000
0.188000 1.000000
0.192000 1.000000
0.196000 1.000000
0.200000 1.000000
0.204000 1.000000
0.208000 1.000000
0.212000 1.000000
0.216000 1.000000
0.220000 1.000000
0.224000 1.000000
0.228000 1.000000
0.232000 1.000000
0.236000 1.000000
0.240000 1.000000
0.244000 1.000000
0.248000 1.000000
0.252000 1.000000
0.256000 1.000000
0.260000 1.000000
0.264000 1.000000
0.268000 1.000000
0.272000 1.000000
0.276000 1.000000
0.280000 1.000000
0.284000 1.000000
0.288000 1.000000
0.292000 1.000000
0.296000 1.000000
0.300000 1.000000
0.304000 1.000000
0.308000 1.000000
0.312000 1.000000
0.316000 1.000000
0.320000 1.000000
0.324000 1.000000
0.328000 1.000000
0.332000 1.000000
0.336000 1.000000
0.340000 1.000000
0.344000 1.000000
0.348000 1.000000
0.352000 1.000000
0.356000 1.000000
0.360000 1.000000
0.364000 1.000000
0.368000 1.000000
0.372000 1.000000
0.376000 1.000000
0.380000 1.000000
0.384000 1.000000
0.388000 1.000000
0.392000 1.000000
0.396000 1.000000
0.400000 1.000000
0.404000 1.000000
0.408000 1.000000
0.412000 1.000000
0.416000 1.000000
0.420000 1.000000
0.424000 1.000000
0.428000 1.000000
0.432000 1.000000
0.436000 1.000000
0.440000 1.000000
0.444000 1.000000
0.448000 1.000000
0.452000 1.000000
0.456000 1.000000
0.460000 1.000000
0.464000 1.000000
0.468000 1.000000
0.472000 1.000000
0.476000 1.000000
0.480000 1.000000
0.484000 1.000000
0.488000 1.000000
0.492000 1.000000
0.496000 1.000000
0.500000 1.000000
0.504000 1.000000
0.508000 1.000000
0.512000 1.000000
0.516000 1.000000
0.520000 1.000000
0.524000 1.000000
0.528000 1.000000
0.532000 1.000000
0.536000 1.000000
0.540000 1.000000
0.544000 1.000000
0.548000 1.000000
0.552000 1.000000
0.556000 1.000000
0.560000 1.000000
0.564000 1.000000
0.568000 1.000000
0.572000 1.000000
0.576000 1.000000
0.580000 1.000000
0.584000 1.000000
0.588000 1.000000
0.592000 1.000000
0.596000 1.000000
0.600000 1.000000
0.604000 1.000000
0.608000 1.000000
0.612000 1.000000
0.616000 1.000000
0.620000 1.000000
0.624000 1.000000
0.628000 1.000000
0.632000 1.000000
0.636000 1.000000
0.640000 1.000000
0.644000 1.000000
0.648000 1.000000
0.652000 1.000000
0.656000 1.000000
0.660000 1.000000
0.664000 1.000000
0.668000 1.000000
0.672000 1.000000
0.676000 1.000000
0.680000 1.000000
0.684000 1.000000
0.688000 1.000000
0.692000 1.000000
0.696000 1.000000
0.700000 1.000000
0.704000 1.000000
0.708000 1.000000
0.712000 1.000000
0.716000 1.000000
0.720000 1.000000
0.724000 1.000000
0.728000 1.000000
0.732000 1.000000
0.736000 1.000000
0.740000 1.000000
0.744000 1.000000
0.748000 1.000000
0.752000 1.000000
0.756000 1.000000
0.760000 1.000000
0.764000 1.000000
0.768000 1.000000
0.772000 1.000000
0.776000 1.000000
0.780000 1.000000
0.784000 1.000000
0.788000 1.000000
0.792000 1.000000
0.796000 1.000000
0.800000 1.000000
0.804000 1.000000
0.808000 1.000000
0.812000 1.000000
0.816000 1.000000
0.820000 1.000000
0.824000 1.000000
0.828000 1.000000
0.832000 1.000000
0.836000 1.000000
0.840000 1.000000
0.844000 1.000000
0.848000 1.000000
0.852000 1.000000
0.856000 1.000000
0.860000 1.000000
0.864000 1.000000
0.868000 1.000000
0.872000 1.000000
0.876000 1.000000
0.880000 1.000000
0.884000 1.000000
0.888000 1.000000
0.892000 1.000000
0.896000 1.000000
0.900000 1.000000
0.904000 1.000000
0.908000 1.000000
0.912000 1.000000
0.916000 1.000000
0.920000 1.000000
0.924000 1.000000
0.928000 1.000000
0.932000 1.000000
0.936000 1.000000
0.940000 1.000000
0.944000 1.000000
0.948000 1.000000
0.952000 1.000000
0.956000 1.000000
0.960000 1.000000
0.964000 1.000000
0.968000 1.000000
0.972000 1.000000
0.976000 1.000000
0.980000 1.000000
0.984000 1.000000
0.988000 1.000000
0.992000 1.000000
0.996000 1.000000
1.000000 1.000000
