-1.000000 0.992919
-0.996000 0.992919
-0.992000 0.992919
-0.988000 0.992919
-0.984000 0.992919
-0.980000 0.992919
-0.976000 0.992919
-0.972000 0.992919
-0.968000 0.992919
-0.964000 0.992919
-0.960000 0.992919
-0.956000 0.992919
-0.952000 0.992919
-0.948000 0.992919
-0.944000 0.992919
-0.940000 0.992919
-0.936000 0.992919
-0.932000 0.992919
-0.928000 0.992919
-0.924000 0.992919
-0.920000 0.992919
-0.916000 0.992919
-0.912000 0.992919
-0.908000 0.992919
-0.904000 0.992919
-0.900000 0.992919
-0.896000 0.992919
-0.892000 0.992919
-0.888000 0.992919
-0.884000 0.992919
-0.880000 0.992920
-0.876000 0.992920
-0.872000 0.992920
-0.868000 0.992920
-0.864000 0.992920
-0.860000 0.992920
-0.856000 0.992920
-0.852000 0.992921
-0.848000 0.992921
-0.844000 0.992921
-0.840000 0.992921
-0.836000 0.992922
-0.832000 0.992922
-0.828000 0.992922
-0.824000 0.992923
-0.820000 0.992924
-0.816000 0.992924
-0.812000 0.992925
-0.808000 0.992926
-0.804000 0.992927
-0.800000 0.992927
-0.796000 0.992929
-0.792000 0.992930
-0.788000 0.992931
-0.784000 0.992933
-0.780000 0.992934
-0.776000 0.992936
-0.772000 0.992938
-0.768000 0.992940
-0.764000 0.992943
-0.760000 0.992945
-0.756000 0.992948
-0.752000 0.992951
-0.748000 0.992955
-0.744000 0.992959
-0.740000 0.992963
-0.736000 0.992967
-0.732000 0.992972
-0.728000 0.992977
-0.724000 0.992983
-0.720000 0.992989
-0.716000 0.992996
-0.712000 0.993003
-0.708000 0.993011
-0.704000 0.993020
-0.700000 0.993029
-0.696000 0.993038
-0.692000 0.993049
-0.688000 0.993060
-0.684000 0.993072
-0.680000 0.993084
-0.676000 0.993098
-0.672000 0.993112
-0.668000 0.993128
-0.664000 0.993144
-0.660000 0.993161
-0.656000 0.993180
-0.652000 0.993199
-0.648000 0.993220
-0.644000 0.993241
-0.640000 0.993264
-0.636000 0.993288
-0.632000 0.993313
-0.628000 0.993340
-0.624000 0.993368
-0.620000 0.993397
-0.616000 0.993428
-0.612000 0.993460
-0.608000 0.993493
-0.604000 0.993528
-0.600000 0.993564
-0.596000 0.993602
-0.592000 0.993642
-0.588000 0.993682
-0.584000 0.993725
-0.580000 0.993769
-0.576000 0.993814
-0.572000 0.993862
-0.568000 0.993910
-0.564000 0.993960
-0.560000 0.994012
-0.556000 0.994066
-0.552000 0.994120
-0.548000 0.994177
-0.544000 0.994235
-0.540000 0.994294
-0.536000 0.994355
-0.532000 0.994417
-0.528000 0.994481
-0.524000 0.994546
-0.520000 0.994612
-0.516000 0.994680
-0.512000 0.994749
-0.508000 0.994819
-0.504000 0.994891
-0.500000 0.994963
-0.496000 0.995037
-0.492000 0.995111
-0.488000 0.995187
-0.484000 0.995263
-0.480000 0.995341
-0.476000 0.995419
-0.472000 0.995497
-0.468000 0.995577
-0.464000 0.995657
-0.460000 0.995737
-0.456000 0.995818
-0.452000 0.995900
-0.448000 0.995981
-0.444000 0.996063
-0.440000 0.996145
-0.436000 0.996227
-0.432000 0.996309
-0.428000 0.996391
-0.424000 0.996473
-0.420000 0.996555
-0.416000 0.996637
-0.412000 0.996718
-0.408000 0.996799
-0.404000 0.996879
-0.400000 0.996959
-0.396000 0.997039
-0.392000 0.997117
-0.388000 0.997195
-0.384000 0.997273
-0.380000 0.997349
-0.376000 0.997425
-0.372000 0.997500
-0.368000 0.997573
-0.364000 0.997646
-0.360000 0.997718
-0.356000 0.997789
-0.352000 0.997859
-0.348000 0.997927
-0.344000 0.997994
-0.340000 0.998061
-0.336000 0.998126
-0.332000 0.998189
-0.328000 0.998252
-0.324000 0.998313
-0.320000 0.998373
-0.316000 0.998431
-0.312000 0.998488
-0.308000 0.998544
-0.304000 0.998599
-0.300000 0.998652
-0.296000 0.998704
-0.292000 0.998754
-0.288000 0.998803
-0.284000 0.998851
-0.280000 0.998897
-0.276000 0.998942
-0.272000 0.998986
-0.268000 0.999029
-0.264000 0.999070
-0.260000 0.999110
-0.256000 0.999148
-0.252000 0.999185
-0.248000 0.999221
-0.244000 0.999256
-0.240000 0.999290
-0.236000 0.999322
-0.232000 0.999354
-0.228000 0.999384
-0.224000 0.999413
-0.220000 0.999441
-0.216000 0.999468
-0.212000 0.999494
-0.208000 0.999518
-0.204000 0.999542
-0.200000 0.999565
-0.196000 0.999587
-0.192000 0.999608
-0.188000 0.999628
-0.184000 0.999647
-0.180000 0.999666
-0.176000 0.999683
-0.172000 0.999700
-0.168000 0.999716
-0.164000 0.999732
-0.160000 0.999746
-0.156000 0.999760
-0.152000 0.999773
-0.148000 0.999786
-0.144000 0.999798
-0.140000 0.999810
-0.136000 0.999820
-0.132000 0.999831
-0.128000 0.999841
-0.124000 0.999850
-0.120000 0.999859
-0.116000 0.999867
-0.112000 0.999875
-0.108000 0.999883
-0.104000 0.999890
-0.100000 0.999896
-0.096000 0.999903
-0.092000 0.999909
-0.088000 0.999915
-0.084000 0.999920
-0.080000 0.999925
-0.076000 0.999930
-0.072000 0.999934
-0.068000 0.999938
-0.064000 0.999942
-0.060000 0.999946
-0.056000 0.999950
-0.052000 0.999953
-0.048000 0.999956
-0.044000 0.999959
-0.040000 0.999962
-0.036000 0.999964
-0.032000 0.999967
-0.028000 0.999969
-0.024000 0.999971
-0.020000 0.999973
-0.016000 0.999975
-0.012000 0.999977
-0.008000 0.999978
-0.004000 0.999980
0.000000 0.999981
0.004000 0.999983
0.008000 0.999984
0.012000 0.999985
0.016000 0.999986
0.020000 0.999987
0.024000 0.999988
0.028000 0.999989
0.032000 0.999990
0.036000 0.999991
0.040000 0.999991
0.044000 0.999992
0.048000 0.999993
0.052000 0.999993
0.056000 0.999994
0.060000 0.999994
0.064000 0.999995
0.068000 0.999995
0.072000 0.999995
0.076000 0.999996
0.080000 0.999996
0.084000 0.999996
0.088000 0.999997
0.092000 0.999997
0.096000 0.999997
0.100000 0.999997
0.104000 0.999998
0.108000 0.999998
0.112000 0.999998
0.116000 0.999998
0.120000 0.999998
0.124000 0.999998
0.128000 0.999999
0.132000 0.999999
0.136000 0.999999
0.140000 0.999999
0.144000 0.999999
0.148000 0.999999
0.152000 0.999999
0.156000 0.999999
0.160000 0.999999
0.164000 0.999999
0.168000 0.999999
0.172000 0.999999
0.176000 1.000000
0.180000 1.000000
0.184000 1.000000
0.188000 1.000000
0.192000 1.000000
0.196000 1.000000
0.200000 1.000000
0.204000 1.000000
0.208000 1.000000
0.212000 1.000000
0.216000 1.000000
0.220000 1.000000
0.224000 1.000000
0.228000 1.000000
0.232000 1.000000
0.236000 1.000000
0.240000 1.000000
0.244000 1.000000
0.248000 1.000000
0.252000 1.000000
0.256000 1.000000
0.260000 1.000000
0.264000 1.000000
0.268000 1.000000
0.272000 1.000000
0.276000 1.000000
0.280000 1.000000
0.284000 1.000000
0.288000 1.000000
0.292000 1.000000
0.296000 1.000000
0.300000 1.000000
0.304000 1.000000
0.308000 1.000000
0.312000 1.000000
0.316000 1.000000
0.320000 1.000000
0.324000 1.000000
0.328000 1.000000
0.332000 1.000000
0.336000 1.000000
0.340000 1.000000
0.344000 1.000000
0.348000 1.000000
0.352000 1.000000
0.356000 1.000000
0.360000 1.000000
0.364000 1.000000
0.368000 1.000000
0.372000 1.000000
0.376000 1.000000
0.380000 1.000000
0.384000 1.000000
0.388000 1.000000
0.392000 1.000000
0.396000 1.000000
0.400000 1.000000
0.404000 1.000000
0.408000 1.000000
0.412000 1.000000
0.416000 1.000000
0.420000 1.000000
0.424000 1.000000
0.428000 1.000000
0.432000 1.000000
0.436000 1.000000
0.440000 1.000000
0.444000 1.000000
0.448000 1.000000
0.452000 1.000000
0.456000 1.000000
0.460000 1.000000
0.464000 1.000000
0.468000 1.000000
0.472000 1.000000
0.476000 1.000000
0.480000 1.000000
0.484000 1.000000
0.488000 1.000000
0.492000 1.000000
0.496000 1.000000
0.500000 1.000000
0.504000 1.000000
0.508000 1.000000
0.512000 1.000000
0.516000 1.000000
0.520000 1.000000
0.524000 1.000000
0.528000 1.000000
0.532000 1.000000
0.536000 1.000000
0.540000 1.000000
0.544000 1.000000
0.548000 1.000000
0.552000 1.000000
0.556000 1.000000
0.560000 1.000000
0.564000 1.000000
0.568000 1.000000
0.572000 1.000000
0.576000 1.000000
0.580000 1.000000
0.584000 1.000000
0.588000 1.000000
0.592000 1.000000
0.596000 1.000000
0.600000 1.000000
0.604000 1.000000
0.608000 1.000000
0.612000 1.000000
0.616000 1.000000
0.620000 1.000000
0.624000 1.000000
0.628000 1.000000
0.632000 1.000000
0.636000 1.000000
0.640000 1.000000
0.644000 1.000000
0.648000 1.000000
0.652000 1.000000
0.656000 1.000000
0.660000 1.000000
0.664000 1.000000
0.668000 1.000000
0.672000 1.000000
0.676000 1.000000
0.680000 1.000000
0.684000 1.000000
0.688000 1.000000
0.692000 1.000000
0.696000 1.000000
0.700000 1.000000
0.704000 1.000000
0.708000 1.000000
0.712000 1.000000
0.716000 1.000000
0.720000 1.000000
0.724000 1.000000
0.728000 1.000000
0.732000 1.000000
0.736000 1.000000
0.740000 1.000000
0.744000 1.000000
0.748000 1.000000
0.752000 1.000000
0.756000 1.000000
0.760000 1.000000
0.764000 1.000000
0.768000 1.000000
0.772000 1.000000
0.776000 1.000000
0.780000 1.000000
0.784000 1.000000
0.788000 1.000000
0.792000 1.000000
0.796000 1.000000
0.800000 1.000000
0.804000 1.000000
0.808000 1.000000
0.812000 1.000000
0.816000 1.000000
0.820000 1.000000
0.824000 1.000000
0.828000 1.000000
0.832000 1.000000
0.836000 1.000000
0.840000 1.000000
0.844000 1.000000
0.848000 1.000000
0.852000 1.000000
0.856000 1.000000
0.860000 1.000000
0.864000 1.000000
0.868000 1.000000
0.872000 1.000000
0.876000 1.000000
0.880000 1.000000
0.884000 1.000000
0.888000 1.000000
0.892000 1.000000
0.896000 1.000000
0.900000 1.000000
0.904000 1.000000
0.908000 1.000000
0.912000 1.000000
0.916000 1.000000
0.920000 1.000000
0.924000 1.000000
0.928000 1.000000
0.932000 1.000000
0.936000 1.000000
0.940000 1.000000
0.944000 1.000000
0.948000 1.000000
0.952000 1.000000
0.956000 1.000000
0.960000 1.000000
0.964000 1.000000
0.968000 1.000000
0.972000 1.000000
0.976000 1.000000
0.980000 1.000000
0.984000 1.000000
0.988000 1.000000
0.992000 1.000000
0.996000 1.000000
1.000000 1.000000
