-1.000000 0.994892
-0.996000 0.994892
-0.992000 0.994892
-0.988000 0.994892
-0.984000 0.994892
-0.980000 0.994892
-0.976000 0.994892
-0.972000 0.994892
-0.968000 0.994892
-0.964000 0.994892
-0.960000 0.994892
-0.956000 0.994892
-0.952000 0.994892
-0.948000 0.994892
-0.944000 0.994892
-0.940000 0.994892
-0.936000 0.994892
-0.932000 0.994892
-0.928000 0.994892
-0.924000 0.994892
-0.920000 0.994892
-0.916000 0.994892
-0.912000 0.994892
-0.908000 0.994892
-0.904000 0.994892
-0.900000 0.994892
-0.896000 0.994892
-0.892000 0.994892
-0.888000 0.994891
-0.884000 0.994891
-0.880000 0.994891
-0.876000 0.994891
-0.872000 0.994891
-0.868000 0.994891
-0.864000 0.994891
-0.860000 0.994890
-0.856000 0.994890
-0.852000 0.994890
-0.848000 0.994890
-0.844000 0.994889
-0.840000 0.994889
-0.836000 0.994889
-0.832000 0.994888
-0.828000 0.994888
-0.824000 0.994887
-0.820000 0.994886
-0.816000 0.994886
-0.812000 0.994885
-0.808000 0.994884
-0.804000 0.994883
-0.800000 0.994882
-0.796000 0.994881
-0.792000 0.994879
-0.788000 0.994878
-0.784000 0.994876
-0.780000 0.994875
-0.776000 0.994873
-0.772000 0.994871
-0.768000 0.994869
-0.764000 0.994866
-0.760000 0.994864
-0.756000 0.994861
-0.752000 0.994858
-0.748000 0.994854
-0.744000 0.994851
-0.740000 0.994847
-0.736000 0.994843
-0.732000 0.994839
-0.728000 0.994834
-0.724000 0.994829
-0.720000 0.994823
-0.716000 0.994818
-0.712000 0.994812
-0.708000 0.994805
-0.704000 0.994798
-0.700000 0.994791
-0.696000 0.994784
-0.692000 0.994776
-0.688000 0.994767
-0.684000 0.994758
-0.680000 0.994749
-0.676000 0.994739
-0.672000 0.994728
-0.668000 0.994718
-0.664000 0.994706
-0.660000 0.994694
-0.656000 0.994682
-0.652000 0.994669
-0.648000 0.994656
-0.644000 0.994642
-0.640000 0.994627
-0.636000 0.994612
-0.632000 0.994597
-0.628000 0.994581
-0.624000 0.994564
-0.620000 0.994547
-0.616000 0.994530
-0.612000 0.994512
-0.608000 0.994493
-0.604000 0.994474
-0.600000 0.994455
-0.596000 0.994435
-0.592000 0.994415
-0.588000 0.994394
-0.584000 0.994373
-0.580000 0.994351
-0.576000 0.994329
-0.572000 0.994307
-0.568000 0.994284
-0.564000 0.994261
-0.560000 0.994238
-0.556000 0.994214
-0.552000 0.994190
-0.548000 0.994166
-0.544000 0.994142
-0.540000 0.994118
-0.536000 0.994093
-0.532000 0.994068
-0.528000 0.994044
-0.524000 0.994019
-0.520000 0.993994
-0.516000 0.993969
-0.512000 0.993944
-0.508000 0.993919
-0.504000 0.993894
-0.500000 0.993869
-0.496000 0.993844
-0.492000 0.993820
-0.488000 0.993795
-0.484000 0.993771
-0.480000 0.993747
-0.476000 0.993723
-0.472000 0.993699
-0.468000 0.993676
-0.464000 0.993653
-0.460000 0.993630
-0.456000 0.993607
-0.452000 0.993585
-0.448000 0.993563
-0.444000 0.993541
-0.440000 0.993520
-0.436000 0.993499
-0.432000 0.993479
-0.428000 0.993459
-0.424000 0.993439
-0.420000 0.993420
-0.416000 0.993401
-0.412000 0.993383
-0.408000 0.993365
-0.404000 0.993347
-0.400000 0.993330
-0.396000 0.993314
-0.392000 0.993298
-0.388000 0.993282
-0.384000 0.993267
-0.380000 0.993252
-0.376000 0.993237
-0.372000 0.993224
-0.368000 0.993210
-0.364000 0.993197
-0.360000 0.993184
-0.356000 0.993172
-0.352000 0.993160
-0.348000 0.993149
-0.344000 0.993138
-0.340000 0.993127
-0.336000 0.993117
-0.332000 0.993108
-0.328000 0.993098
-0.324000 0.993089
-0.320000 0.993080
-0.316000 0.993072
-0.312000 0.993064
-0.308000 0.993057
-0.304000 0.993049
-0.300000 0.993042
-0.296000 0.993036
-0.292000 0.993029
-0.288000 0.993023
-0.284000 0.993017
-0.280000 0.993012
-0.276000 0.993007
-0.272000 0.993002
-0.268000 0.992997
-0.264000 0.992992
-0.260000 0.992988
-0.256000 0.992984
-0.252000 0.992980
-0.248000 0.992976
-0.244000 0.992973
-0.240000 0.992970
-0.236000 0.992966
-0.232000 0.992964
-0.228000 0.992961
-0.224000 0.992958
-0.220000 0.992956
-0.216000 0.992953
-0.212000 0.992951
-0.208000 0.992949
-0.204000 0.992947
-0.200000 0.992945
-0.196000 0.992943
-0.192000 0.992942
-0.188000 0.992940
-0.184000 0.992939
-0.180000 0.992937
-0.176000 0.992936
-0.172000 0.992935
-0.168000 0.992934
-0.164000 0.992933
-0.160000 0.992932
-0.156000 0.992931
-0.152000 0.992930
-0.148000 0.992929
-0.144000 0.992929
-0.140000 0.992928
-0.136000 0.992927
-0.132000 0.992927
-0.128000 0.992926
-0.124000 0.992926
-0.120000 0.992925
-0.116000 0.992925
-0.112000 0.992924
-0.108000 0.992924
-0.104000 0.992923
-0.100000 0.992923
-0.096000 0.992923
-0.092000 0.992922
-0.088000 0.992922
-0.084000 0.992922
-0.080000 0.992922
-0.076000 0.992921
-0.072000 0.992921
-0.068000 0.992921
-0.064000 0.992921
-0.060000 0.992921
-0.056000 0.992921
-0.052000 0.992920
-0.048000 0.992920
-0.044000 0.992920
-0.040000 0.992920
-0.036000 0.992920
-0.032000 0.992920
-0.028000 0.992920
-0.024000 0.992920
-0.020000 0.992920
-0.016000 0.992920
-0.012000 0.992920
-0.008000 0.992920
-0.004000 0.992920
0.000000 0.992919
0.004000 0.992919
0.008000 0.992919
0.012000 0.992919
0.016000 0.992919
0.020000 0.992919
0.024000 0.992919
0.028000 0.992919
0.032000 0.992919
0.036000 0.992919
0.040000 0.992919
0.044000 0.992919
0.048000 0.992919
0.052000 0.992919
0.056000 0.992919
0.060000 0.992919
0.064000 0.992919
0.068000 0.992919
0.072000 0.992919
0.076000 0.992919
0.080000 0.992919
0.084000 0.992919
0.088000 0.992919
0.092000 0.992919
0.096000 0.992919
0.100000 0.992919
0.104000 0.992919
0.108000 0.992919
0.112000 0.992919
0.116000 0.992919
0.120000 0.992919
0.124000 0.992919
0.128000 0.992919
0.132000 0.992919
0.136000 0.992919
0.140000 0.992919
0.144000 0.992919
0.148000 0.992919
0.152000 0.992919
0.156000 0.992919
0.160000 0.992919
0.164000 0.992919
0.168000 0.992919
0.172000 0.992919
0.176000 0.992919
0.180000 0.992919
0.184000 0.992919
0.188000 0.992919
0.192000 0.992919
0.196000 0.992919
0.200000 0.992919
0.204000 0.992919
0.208000 0.992919
0.212000 0.992919
0.216000 0.992919
0.220000 0.992919
0.224000 0.992919
0.228000 0.992919
0.232000 0.992919
0.236000 0.992919
0.240000 0.992919
0.244000 0.992919
0.248000 0.992919
0.252000 0.992919
0.256000 0.992919
0.260000 0.992919
0.264000 0.992919
0.268000 0.992919
0.272000 0.992919
0.276000 0.992919
0.280000 0.992919
0.284000 0.992919
0.288000 0.992919
0.292000 0.992919
0.296000 0.992919
0.300000 0.992919
0.304000 0.992919
0.308000 0.992919
0.312000 0.992919
0.316000 0.992919
0.320000 0.992919
0.324000 0.992919
0.328000 0.992919
0.332000 0.992919
0.336000 0.992919
0.340000 0.992919
0.344000 0.992919
0.348000 0.992919
0.352000 0.992919
0.356000 0.992919
0.360000 0.992919
0.364000 0.992919
0.368000 0.992919
0.372000 0.992919
0.376000 0.992919
0.380000 0.992919
0.384000 0.992919
0.388000 0.992919
0.392000 0.992919
0.396000 0.992919
0.400000 0.992919
0.404000 0.992919
0.408000 0.992919
0.412000 0.992919
0.416000 0.992919
0.420000 0.992919
0.424000 0.992919
0.428000 0.992919
0.432000 0.992919
0.436000 0.992919
0.440000 0.992919
0.444000 0.992919
0.448000 0.992919
0.452000 0.992919
0.456000 0.992919
0.460000 0.992919
0.464000 0.992919
0.468000 0.992919
0.472000 0.992919
0.476000 0.992919
0.480000 0.992919
0.484000 0.992919
0.488000 0.992919
0.492000 0.992919
0.496000 0.992919
0.500000 0.992919
0.504000 0.992919
0.508000 0.992919
0.512000 0.992919
0.516000 0.992919
0.520000 0.992919
0.524000 0.992919
0.528000 0.992919
0.532000 0.992919
0.536000 0.992919
0.540000 0.992919
0.544000 0.992919
0.548000 0.992919
0.552000 0.992919
0.556000 0.992919
0.560000 0.992919
0.564000 0.992919
0.568000 0.992919
0.572000 0.992919
0.576000 0.992919
0.580000 0.992919
0.584000 0.992919
0.588000 0.992919
0.592000 0.992919
0.596000 0.992919
0.600000 0.992919
0.604000 0.992919
0.608000 0.992919
0.612000 0.992919
0.616000 0.992919
0.620000 0.992919
0.624000 0.992919
0.628000 0.992919
0.632000 0.992919
0.636000 0.992919
0.640000 0.992919
0.644000 0.992919
0.648000 0.992919
0.652000 0.992919
0.656000 0.992919
0.660000 0.992919
0.664000 0.992919
0.668000 0.992919
0.672000 0.992919
0.676000 0.992919
0.680000 0.992919
0.684000 0.992919
0.688000 0.992919
0.692000 0.992919
0.696000 0.992919
0.700000 0.992919
0.704000 0.992919
0.708000 0.992919
0.712000 0.992919
0.716000 0.992919
0.720000 0.992919
0.724000 0.992919
0.728000 0.992919
0.732000 0.992919
0.736000 0.992919
0.740000 0.992919
0.744000 0.992919
0.748000 0.992919
0.752000 0.992919
0.756000 0.992919
0.760000 0.992919
0.764000 0.992919
0.768000 0.992919
0.772000 0.992919
0.776000 0.992919
0.780000 0.992919
0.784000 0.992919
0.788000 0.992919
0.792000 0.992919
0.796000 0.992919
0.800000 0.992919
0.804000 0.992919
0.808000 0.992919
0.812000 0.992919
0.816000 0.992919
0.820000 0.992919
0.824000 0.992919
0.828000 0.992919
0.832000 0.992919
0.836000 0.992919
0.840000 0.992919
0.844000 0.992919
0.848000 0.992919
0.852000 0.992919
0.856000 0.992919
0.860000 0.992919
0.864000 0.992919
0.868000 0.992919
0.872000 0.992919
0.876000 0.992919
0.880000 0.992919
0.884000 0.992919
0.888000 0.992919
0.892000 0.992919
0.896000 0.992919
0.900000 0.992919
0.904000 0.992919
0.908000 0.992919
0.912000 0.992919
0.916000 0.992919
0.920000 0.992919
0.924000 0.992919
0.928000 0.992919
0.932000 0.992919
0.936000 0.992919
0.940000 0.992919
0.944000 0.992919
0.948000 0.992919
0.952000 0.992919
0.956000 0.992919
0.960000 0.992919
0.964000 0.992919
0.968000 0.992919
0.972000 0.992919
0.976000 0.992919
0.980000 0.992919
0.984000 0.992919
0.988000 0.992919
0.992000 0.992919
0.996000 0.992919
1.000000 0.992919
