-1.000000 0.994892
-0.996000 0.994892
-0.992000 0.994892
-0.988000 0.994892
-0.984000 0.994892
-0.980000 0.994892
-0.976000 0.994892
-0.972000 0.994892
-0.968000 0.994892
-0.964000 0.994892
-0.960000 0.994892
-0.956000 0.994892
-0.952000 0.994892
-0.948000 0.994892
-0.944000 0.994892
-0.940000 0.994892
-0.936000 0.994892
-0.932000 0.994892
-0.928000 0.994892
-0.924000 0.994892
-0.920000 0.994892
-0.916000 0.994892
-0.912000 0.994892
-0.908000 0.994892
-0.904000 0.994892
-0.900000 0.994892
-0.896000 0.994892
-0.892000 0.994892
-0.888000 0.994892
-0.884000 0.994892
-0.880000 0.994892
-0.876000 0.994892
-0.872000 0.994892
-0.868000 0.994892
-0.864000 0.994892
-0.860000 0.994892
-0.856000 0.994892
-0.852000 0.994892
-0.848000 0.994892
-0.844000 0.994892
-0.840000 0.994892
-0.836000 0.994892
-0.832000 0.994892
-0.828000 0.994892
-0.824000 0.994892
-0.820000 0.994892
-0.816000 0.994892
-0.812000 0.994892
-0.808000 0.994892
-0.804000 0.994892
-0.800000 0.994892
-0.796000 0.994892
-0.792000 0.994892
-0.788000 0.994892
-0.784000 0.994892
-0.780000 0.994892
-0.776000 0.994892
-0.772000 0.994892
-0.768000 0.994892
-0.764000 0.994892
-0.760000 0.994892
-0.756000 0.994892
-0.752000 0.994892
-0.748000 0.994892
-0.744000 0.994892
-0.740000 0.994892
-0.736000 0.994892
-0.732000 0.994892
-0.728000 0.994892
-0.724000 0.994892
-0.720000 0.994892
-0.716000 0.994892
-0.712000 0.994892
-0.708000 0.994892
-0.704000 0.994892
-0.700000 0.994892
-0.696000 0.994892
-0.692000 0.994892
-0.688000 0.994892
-0.684000 0.994892
-0.680000 0.994892
-0.676000 0.994892
-0.672000 0.994892
-0.668000 0.994892
-0.664000 0.994892
-0.660000 0.994892
-0.656000 0.994892
-0.652000 0.994892
-0.648000 0.994892
-0.644000 0.994891
-0.640000 0.994891
-0.636000 0.994891
-0.632000 0.994891
-0.628000 0.994891
-0.624000 0.994891
-0.620000 0.994891
-0.616000 0.994891
-0.612000 0.994891
-0.608000 0.994891
-0.604000 0.994891
-0.600000 0.994890
-0.596000 0.994890
-0.592000 0.994890
-0.588000 0.994890
-0.584000 0.994890
-0.580000 0.994890
-0.576000 0.994889
-0.572000 0.994889
-0.568000 0.994889
-0.564000 0.994889
-0.560000 0.994888
-0.556000 0.994888
-0.552000 0.994887
-0.548000 0.994887
-0.544000 0.994887
-0.540000 0.994886
-0.536000 0.994886
-0.532000 0.994885
-0.528000 0.994885
-0.524000 0.994884
-0.520000 0.994883
-0.516000 0.994883
-0.512000 0.994882
-0.508000 0.994881
-0.504000 0.994880
-0.500000 0.994879
-0.496000 0.994878
-0.492000 0.994877
-0.488000 0.994876
-0.484000 0.994875
-0.480000 0.994874
-0.476000 0.994872
-0.472000 0.994871
-0.468000 0.994870
-0.464000 0.994868
-0.460000 0.994866
-0.456000 0.994865
-0.452000 0.994863
-0.448000 0.994861
-0.444000 0.994859
-0.440000 0.994856
-0.436000 0.994854
-0.432000 0.994852
-0.428000 0.994849
-0.424000 0.994846
-0.420000 0.994843
-0.416000 0.994840
-0.412000 0.994837
-0.408000 0.994834
-0.404000 0.994830
-0.400000 0.994827
-0.396000 0.994823
-0.392000 0.994819
-0.388000 0.994815
-0.384000 0.994810
-0.380000 0.994806
-0.376000 0.994801
-0.372000 0.994796
-0.368000 0.994791
-0.364000 0.994786
-0.360000 0.994780
-0.356000 0.994774
-0.352000 0.994768
-0.348000 0.994762
-0.344000 0.994756
-0.340000 0.994749
-0.336000 0.994742
-0.332000 0.994735
-0.328000 0.994727
-0.324000 0.994720
-0.320000 0.994712
-0.316000 0.994704
-0.312000 0.994695
-0.308000 0.994686
-0.304000 0.994677
-0.300000 0.994668
-0.296000 0.994659
-0.292000 0.994649
-0.288000 0.994639
-0.284000 0.994628
-0.280000 0.994618
-0.276000 0.994607
-0.272000 0.994596
-0.268000 0.994584
-0.264000 0.994573
-0.260000 0.994561
-0.256000 0.994549
-0.252000 0.994536
-0.248000 0.994523
-0.244000 0.994510
-0.240000 0.994497
-0.236000 0.994483
-0.232000 0.994470
-0.228000 0.994456
-0.224000 0.994441
-0.220000 0.994427
-0.216000 0.994412
-0.212000 0.994397
-0.208000 0.994382
-0.204000 0.994366
-0.200000 0.994351
-0.196000 0.994335
-0.192000 0.994319
-0.188000 0.994303
-0.184000 0.994286
-0.180000 0.994270
-0.176000 0.994253
-0.172000 0.994236
-0.168000 0.994219
-0.164000 0.994201
-0.160000 0.994184
-0.156000 0.994167
-0.152000 0.994149
-0.148000 0.994131
-0.144000 0.994113
-0.140000 0.994095
-0.136000 0.994078
-0.132000 0.994059
-0.128000 0.994041
-0.124000 0.994023
-0.120000 0.994005
-0.116000 0.993987
-0.112000 0.993968
-0.108000 0.993950
-0.104000 0.993932
-0.100000 0.993914
-0.096000 0.993895
-0.092000 0.993877
-0.088000 0.993859
-0.084000 0.993841
-0.080000 0.993823
-0.076000 0.993805
-0.072000 0.993787
-0.068000 0.993769
-0.064000 0.993751
-0.060000 0.993733
-0.056000 0.993716
-0.052000 0.993699
-0.048000 0.993681
-0.044000 0.993664
-0.040000 0.993647
-0.036000 0.993630
-0.032000 0.993613
-0.028000 0.993597
-0.024000 0.993581
-0.020000 0.993564
-0.016000 0.993548
-0.012000 0.993533
-0.008000 0.993517
-0.004000 0.993501
0.000000 0.993486
0.004000 0.993471
0.008000 0.993456
0.012000 0.993442
0.016000 0.993427
0.020000 0.993413
0.024000 0.993399
0.028000 0.993386
0.032000 0.993372
0.036000 0.993359
0.040000 0.993346
0.044000 0.993333
0.048000 0.993321
0.052000 0.993309
0.056000 0.993297
0.060000 0.993285
0.064000 0.993273
0.068000 0.993262
0.072000 0.993251
0.076000 0.993240
0.080000 0.993230
0.084000 0.993219
0.088000 0.993209
0.092000 0.993200
0.096000 0.993190
0.100000 0.993181
0.104000 0.993172
0.108000 0.993163
0.112000 0.993154
0.116000 0.993146
0.120000 0.993137
0.124000 0.993129
0.128000 0.993122
0.132000 0.993114
0.136000 0.993107
0.140000 0.993100
0.144000 0.993093
0.148000 0.993086
0.152000 0.993080
0.156000 0.993073
0.160000 0.993067
0.164000 0.993061
0.168000 0.993056
0.172000 0.993050
0.176000 0.993045
0.180000 0.993040
0.184000 0.993035
0.188000 0.993030
0.192000 0.993025
0.196000 0.993021
0.200000 0.993016
0.204000 0.993012
0.208000 0.993008
0.212000 0.993004
0.216000 0.993001
0.220000 0.992997
0.224000 0.992994
0.228000 0.992990
0.232000 0.992987
0.236000 0.992984
0.240000 0.992981
0.244000 0.992978
0.248000 0.992975
0.252000 0.992973
0.256000 0.992970
0.260000 0.992968
0.264000 0.992965
0.268000 0.992963
0.272000 0.992961
0.276000 0.992959
0.280000 0.992957
0.284000 0.992955
0.288000 0.992953
0.292000 0.992952
0.296000 0.992950
0.300000 0.992948
0.304000 0.992947
0.308000 0.992946
0.312000 0.992944
0.316000 0.992943
0.320000 0.992942
0.324000 0.992940
0.328000 0.992939
0.332000 0.992938
0.336000 0.992937
0.340000 0.992936
0.344000 0.992935
0.348000 0.992934
0.352000 0.992934
0.356000 0.992933
0.360000 0.992932
0.364000 0.992931
0.368000 0.992931
0.372000 0.992930
0.376000 0.992929
0.380000 0.992929
0.384000 0.992928
0.388000 0.992928
0.392000 0.992927
0.396000 0.992927
0.400000 0.992926
0.404000 0.992926
0.408000 0.992925
0.412000 0.992925
0.416000 0.992925
0.420000 0.992924
0.424000 0.992924
0.428000 0.992924
0.432000 0.992923
0.436000 0.992923
0.440000 0.992923
0.444000 0.992923
0.448000 0.992922
0.452000 0.992922
0.456000 0.992922
0.460000 0.992922
0.464000 0.992922
0.468000 0.992922
0.472000 0.992921
0.476000 0.992921
0.480000 0.992921
0.484000 0.992921
0.488000 0.992921
0.492000 0.992921
0.496000 0.992921
0.500000 0.992920
0.504000 0.992920
0.508000 0.992920
0.512000 0.992920
0.516000 0.992920
0.520000 0.992920
0.524000 0.992920
0.528000 0.992920
0.532000 0.992920
0.536000 0.992920
0.540000 0.992920
0.544000 0.992920
0.548000 0.992920
0.552000 0.992920
0.556000 0.992920
0.560000 0.992920
0.564000 0.992919
0.568000 0.992919
0.572000 0.992919
0.576000 0.992919
0.580000 0.992919
0.584000 0.992919
0.588000 0.992919
0.592000 0.992919
0.596000 0.992919
0.600000 0.992919
0.604000 0.992919
0.608000 0.992919
0.612000 0.992919
0.616000 0.992919
0.620000 0.992919
0.624000 0.992919
0.628000 0.992919
0.632000 0.992919
0.636000 0.992919
0.640000 0.992919
0.644000 0.992919
0.648000 0.992919
0.652000 0.992919
0.656000 0.992919
0.660000 0.992919
0.664000 0.992919
0.668000 0.992919
0.672000 0.992919
0.676000 0.992919
0.680000 0.992919
0.684000 0.992919
0.688000 0.992919
0.692000 0.992919
0.696000 0.992919
0.700000 0.992919
0.704000 0.992919
0.708000 0.992919
0.712000 0.992919
0.716000 0.992919
0.720000 0.992919
0.724000 0.992919
0.728000 0.992919
0.732000 0.992919
0.736000 0.992919
0.740000 0.992919
0.744000 0.992919
0.748000 0.992919
0.752000 0.992919
0.756000 0.992919
0.760000 0.992919
0.764000 0.992919
0.768000 0.992919
0.772000 0.992919
0.776000 0.992919
0.780000 0.992919
0.784000 0.992919
0.788000 0.992919
0.792000 0.992919
0.796000 0.992919
0.800000 0.992919
0.804000 0.992919
0.808000 0.992919
0.812000 0.992919
0.816000 0.992919
0.820000 0.992919
0.824000 0.992919
0.828000 0.992919
0.832000 0.992919
0.836000 0.992919
0.840000 0.992919
0.844000 0.992919
0.848000 0.992919
0.852000 0.992919
0.856000 0.992919
0.860000 0.992919
0.864000 0.992919
0.868000 0.992919
0.872000 0.992919
0.876000 0.992919
0.880000 0.992919
0.884000 0.992919
0.888000 0.992919
0.892000 0.992919
0.896000 0.992919
0.900000 0.992919
0.904000 0.992919
0.908000 0.992919
0.912000 0.992919
0.916000 0.992919
0.920000 0.992919
0.924000 0.992919
0.928000 0.992919
0.932000 0.992919
0.936000 0.992919
0.940000 0.992919
0.944000 0.992919
0.948000 0.992919
0.952000 0.992919
0.956000 0.992919
0.960000 0.992919
0.964000 0.992919
0.968000 0.992919
0.972000 0.992919
0.976000 0.992919
0.980000 0.992919
0.984000 0.992919
0.988000 0.992919
0.992000 0.992919
0.996000 0.992919
1.000000 0.992919
