-1.000000 0.994892
-0.996000 0.994892
-0.992000 0.994892
-0.988000 0.994892
-0.984000 0.994892
-0.980000 0.994892
-0.976000 0.994892
-0.972000 0.994892
-0.968000 0.994891
-0.964000 0.994891
-0.960000 0.994891
-0.956000 0.994891
-0.952000 0.994890
-0.948000 0.994890
-0.944000 0.994889
-0.940000 0.994889
-0.936000 0.994888
-0.932000 0.994887
-0.928000 0.994886
-0.924000 0.994885
-0.920000 0.994884
-0.916000 0.994883
-0.912000 0.994881
-0.908000 0.994879
-0.904000 0.994877
-0.900000 0.994875
-0.896000 0.994872
-0.892000 0.994869
-0.888000 0.994866
-0.884000 0.994862
-0.880000 0.994858
-0.876000 0.994853
-0.872000 0.994848
-0.868000 0.994842
-0.864000 0.994836
-0.860000 0.994829
-0.856000 0.994822
-0.852000 0.994814
-0.848000 0.994805
-0.844000 0.994796
-0.840000 0.994786
-0.836000 0.994775
-0.832000 0.994764
-0.828000 0.994751
-0.824000 0.994738
-0.820000 0.994724
-0.816000 0.994709
-0.812000 0.994693
-0.808000 0.994676
-0.804000 0.994659
-0.800000 0.994640
-0.796000 0.994621
-0.792000 0.994601
-0.788000 0.994579
-0.784000 0.994557
-0.780000 0.994534
-0.776000 0.994511
-0.772000 0.994486
-0.768000 0.994461
-0.764000 0.994434
-0.760000 0.994408
-0.756000 0.994380
-0.752000 0.994352
-0.748000 0.994323
-0.744000 0.994293
-0.740000 0.994264
-0.736000 0.994233
-0.732000 0.994202
-0.728000 0.994171
-0.724000 0.994139
-0.720000 0.994108
-0.716000 0.994076
-0.712000 0.994043
-0.708000 0.994011
-0.704000 0.993979
-0.700000 0.993947
-0.696000 0.993914
-0.692000 0.993882
-0.688000 0.993850
-0.684000 0.993819
-0.680000 0.993787
-0.676000 0.993756
-0.672000 0.993725
-0.668000 0.993695
-0.664000 0.993665
-0.660000 0.993636
-0.656000 0.993607
-0.652000 0.993578
-0.648000 0.993551
-0.644000 0.993523
-0.640000 0.993497
-0.636000 0.993471
-0.632000 0.993446
-0.628000 0.993421
-0.624000 0.993398
-0.620000 0.993374
-0.616000 0.993352
-0.612000 0.993330
-0.608000 0.993310
-0.604000 0.993289
-0.600000 0.993270
-0.596000 0.993251
-0.592000 0.993233
-0.588000 0.993216
-0.584000 0.993199
-0.580000 0.993183
-0.576000 0.993168
-0.572000 0.993154
-0.568000 0.993140
-0.564000 0.993126
-0.560000 0.993114
-0.556000 0.993102
-0.552000 0.993090
-0.548000 0.993080
-0.544000 0.993069
-0.540000 0.993060
-0.536000 0.993050
-0.532000 0.993042
-0.528000 0.993034
-0.524000 0.993026
-0.520000 0.993018
-0.516000 0.993012
-0.512000 0.993005
-0.508000 0.992999
-0.504000 0.992993
-0.500000 0.992988
-0.496000 0.992983
-0.492000 0.992978
-0.488000 0.992974
-0.484000 0.992970
-0.480000 0.992966
-0.476000 0.992962
-0.472000 0.992959
-0.468000 0.992956
-0.464000 0.992953
-0.460000 0.992950
-0.456000 0.992948
-0.452000 0.992946
-0.448000 0.992943
-0.444000 0.992941
-0.440000 0.992940
-0.436000 0.992938
-0.432000 0.992936
-0.428000 0.992935
-0.424000 0.992934
-0.420000 0.992932
-0.416000 0.992931
-0.412000 0.992930
-0.408000 0.992929
-0.404000 0.992928
-0.400000 0.992927
-0.396000 0.992927
-0.392000 0.992926
-0.388000 0.992925
-0.384000 0.992925
-0.380000 0.992924
-0.376000 0.992924
-0.372000 0.992923
-0.368000 0.992923
-0.364000 0.992923
-0.360000 0.992922
-0.356000 0.992922
-0.352000 0.992922
-0.348000 0.992921
-0.344000 0.992921
-0.340000 0.992921
-0.336000 0.992921
-0.332000 0.992921
-0.328000 0.992920
-0.324000 0.992920
-0.320000 0.992920
-0.316000 0.992920
-0.312000 0.992920
-0.308000 0.992920
-0.304000 0.992920
-0.300000 0.992920
-0.296000 0.992920
-0.292000 0.992920
-0.288000 0.992920
-0.284000 0.992919
-0.280000 0.992919
-0.276000 0.992919
-0.272000 0.992919
-0.268000 0.992919
-0.264000 0.992919
-0.260000 0.992919
-0.256000 0.992919
-0.252000 0.992919
-0.248000 0.992919
-0.244000 0.992919
-0.240000 0.992919
-0.236000 0.992919
-0.232000 0.992919
-0.228000 0.992919
-0.224000 0.992919
-0.220000 0.992919
-0.216000 0.992919
-0.212000 0.992919
-0.208000 0.992919
-0.204000 0.992919
-0.200000 0.992919
-0.196000 0.992919
-0.192000 0.992919
-0.188000 0.992919
-0.184000 0.992919
-0.180000 0.992919
-0.176000 0.992919
-0.172000 0.992919
-0.168000 0.992919
-0.164000 0.992919
-0.160000 0.992919
-0.156000 0.992919
-0.152000 0.992919
-0.148000 0.992919
-0.144000 0.992919
-0.140000 0.992919
-0.136000 0.992919
-0.132000 0.992919
-0.128000 0.992919
-0.124000 0.992919
-0.120000 0.992919
-0.116000 0.992919
-0.112000 0.992919
-0.108000 0.992919
-0.104000 0.992919
-0.100000 0.992919
-0.096000 0.992919
-0.092000 0.992919
-0.088000 0.992919
-0.084000 0.992919
-0.080000 0.992919
-0.076000 0.992919
-0.072000 0.992919
-0.068000 0.992919
-0.064000 0.992919
-0.060000 0.992919
-0.056000 0.992919
-0.052000 0.992919
-0.048000 0.992919
-0.044000 0.992919
-0.040000 0.992919
-0.036000 0.992919
-0.032000 0.992919
-0.028000 0.992919
-0.024000 0.992919
-0.020000 0.992919
-0.016000 0.992919
-0.012000 0.992919
-0.008000 0.992919
-0.004000 0.992919
0.000000 0.992919
0.004000 0.992919
0.008000 0.992919
0.012000 0.992919
0.016000 0.992919
0.020000 0.992919
0.024000 0.992919
0.028000 0.992919
0.032000 0.992919
0.036000 0.992919
0.040000 0.992919
0.044000 0.992919
0.048000 0.992919
0.052000 0.992919
0.056000 0.992919
0.060000 0.992919
0.064000 0.992919
0.068000 0.992919
0.072000 0.992919
0.076000 0.992919
0.080000 0.992919
0.084000 0.992919
0.088000 0.992919
0.092000 0.992919
0.096000 0.992919
0.100000 0.992919
0.104000 0.992919
0.108000 0.992919
0.112000 0.992919
0.116000 0.992919
0.120000 0.992919
0.124000 0.992919
0.128000 0.992919
0.132000 0.992919
0.136000 0.992919
0.140000 0.992919
0.144000 0.992919
0.148000 0.992919
0.152000 0.992919
0.156000 0.992919
0.160000 0.992919
0.164000 0.992919
0.168000 0.992919
0.172000 0.992919
0.176000 0.992919
0.180000 0.992919
0.184000 0.992919
0.188000 0.992919
0.192000 0.992919
0.196000 0.992919
0.200000 0.992919
0.204000 0.992919
0.208000 0.992919
0.212000 0.992919
0.216000 0.992919
0.220000 0.992919
0.224000 0.992919
0.228000 0.992919
0.232000 0.992919
0.236000 0.992919
0.240000 0.992919
0.244000 0.992919
0.248000 0.992919
0.252000 0.992919
0.256000 0.992919
0.260000 0.992919
0.264000 0.992919
0.268000 0.992919
0.272000 0.992919
0.276000 0.992919
0.280000 0.992919
0.284000 0.992919
0.288000 0.992919
0.292000 0.992919
0.296000 0.992919
0.300000 0.992919
0.304000 0.992919
0.308000 0.992919
0.312000 0.992919
0.316000 0.992919
0.320000 0.992919
0.324000 0.992919
0.328000 0.992919
0.332000 0.992919
0.336000 0.992919
0.340000 0.992919
0.344000 0.992919
0.348000 0.992919
0.352000 0.992919
0.356000 0.992919
0.360000 0.992919
0.364000 0.992919
0.368000 0.992919
0.372000 0.992919
0.376000 0.992919
0.380000 0.992919
0.384000 0.992919
0.388000 0.992919
0.392000 0.992919
0.396000 0.992919
0.400000 0.992919
0.404000 0.992919
0.408000 0.992919
0.412000 0.992919
0.416000 0.992919
0.420000 0.992919
0.424000 0.992919
0.428000 0.992919
0.432000 0.992919
0.436000 0.992919
0.440000 0.992919
0.444000 0.992919
0.448000 0.992919
0.452000 0.992919
0.456000 0.992919
0.460000 0.992919
0.464000 0.992919
0.468000 0.992919
0.472000 0.992919
0.476000 0.992919
0.480000 0.992919
0.484000 0.992919
0.488000 0.992919
0.492000 0.992919
0.496000 0.992919
0.500000 0.992919
0.504000 0.992919
0.508000 0.992919
0.512000 0.992919
0.516000 0.992919
0.520000 0.992919
0.524000 0.992919
0.528000 0.992919
0.532000 0.992919
0.536000 0.992919
0.540000 0.992919
0.544000 0.992919
0.548000 0.992919
0.552000 0.992919
0.556000 0.992919
0.560000 0.992919
0.564000 0.992919
0.568000 0.992919
0.572000 0.992919
0.576000 0.992919
0.580000 0.992919
0.584000 0.992919
0.588000 0.992919
0.592000 0.992919
0.596000 0.992919
0.600000 0.992919
0.604000 0.992919
0.608000 0.992919
0.612000 0.992919
0.616000 0.992919
0.620000 0.992919
0.624000 0.992919
0.628000 0.992919
0.632000 0.992919
0.636000 0.992919
0.640000 0.992919
0.644000 0.992919
0.648000 0.992919
0.652000 0.992919
0.656000 0.992919
0.660000 0.992919
0.664000 0.992919
0.668000 0.992919
0.672000 0.992919
0.676000 0.992919
0.680000 0.992919
0.684000 0.992919
0.688000 0.992919
0.692000 0.992919
0.696000 0.992919
0.700000 0.992919
0.704000 0.992919
0.708000 0.992919
0.712000 0.992919
0.716000 0.992919
0.720000 0.992919
0.724000 0.992919
0.728000 0.992919
0.732000 0.992919
0.736000 0.992919
0.740000 0.992919
0.744000 0.992919
0.748000 0.992919
0.752000 0.992919
0.756000 0.992919
0.760000 0.992919
0.764000 0.992919
0.768000 0.992919
0.772000 0.992919
0.776000 0.992919
0.780000 0.992919
0.784000 0.992919
0.788000 0.992919
0.792000 0.992919
0.796000 0.992919
0.800000 0.992919
0.804000 0.992919
0.808000 0.992919
0.812000 0.992919
0.816000 0.992919
0.820000 0.992919
0.824000 0.992919
0.828000 0.992919
0.832000 0.992919
0.836000 0.992919
0.840000 0.992919
0.844000 0.992919
0.848000 0.992919
0.852000 0.992919
0.856000 0.992919
0.860000 0.992919
0.864000 0.992919
0.868000 0.992919
0.872000 0.992919
0.876000 0.992919
0.880000 0.992919
0.884000 0.992919
0.888000 0.992919
0.892000 0.992919
0.896000 0.992919
0.900000 0.992919
0.904000 0.992919
0.908000 0.992919
0.912000 0.992919
0.916000 0.992919
0.920000 0.992919
0.924000 0.992919
0.928000 0.992919
0.932000 0.992919
0.936000 0.992919
0.940000 0.992919
0.944000 0.992919
0.948000 0.992919
0.952000 0.992919
0.956000 0.992919
0.960000 0.992919
0.964000 0.992919
0.968000 0.992919
0.972000 0.992919
0.976000 0.992919
0.980000 0.992919
0.984000 0.992919
0.988000 0.992919
0.992000 0.992919
0.996000 0.992919
1.000000 0.992919
