-1.000000 0.994892
-0.996000 0.994892
-0.992000 0.994892
-0.988000 0.994892
-0.984000 0.994892
-0.980000 0.994892
-0.976000 0.994892
-0.972000 0.994892
-0.968000 0.994892
-0.964000 0.994892
-0.960000 0.994892
-0.956000 0.994892
-0.952000 0.994892
-0.948000 0.994892
-0.944000 0.994892
-0.940000 0.994892
-0.936000 0.994892
-0.932000 0.994892
-0.928000 0.994892
-0.924000 0.994892
-0.920000 0.994892
-0.916000 0.994892
-0.912000 0.994892
-0.908000 0.994892
-0.904000 0.994892
-0.900000 0.994892
-0.896000 0.994892
-0.892000 0.994892
-0.888000 0.994892
-0.884000 0.994892
-0.880000 0.994892
-0.876000 0.994892
-0.872000 0.994892
-0.868000 0.994892
-0.864000 0.994892
-0.860000 0.994892
-0.856000 0.994892
-0.852000 0.994892
-0.848000 0.994892
-0.844000 0.994892
-0.840000 0.994892
-0.836000 0.994892
-0.832000 0.994892
-0.828000 0.994892
-0.824000 0.994892
-0.820000 0.994892
-0.816000 0.994892
-0.812000 0.994892
-0.808000 0.994892
-0.804000 0.994892
-0.800000 0.994892
-0.796000 0.994892
-0.792000 0.994892
-0.788000 0.994892
-0.784000 0.994892
-0.780000 0.994892
-0.776000 0.994892
-0.772000 0.994892
-0.768000 0.994892
-0.764000 0.994892
-0.760000 0.994892
-0.756000 0.994892
-0.752000 0.994892
-0.748000 0.994892
-0.744000 0.994892
-0.740000 0.994892
-0.736000 0.994892
-0.732000 0.994892
-0.728000 0.994892
-0.724000 0.994892
-0.720000 0.994892
-0.716000 0.994892
-0.712000 0.994892
-0.708000 0.994892
-0.704000 0.994892
-0.700000 0.994892
-0.696000 0.994892
-0.692000 0.994892
-0.688000 0.994892
-0.684000 0.994892
-0.680000 0.994892
-0.676000 0.994892
-0.672000 0.994892
-0.668000 0.994892
-0.664000 0.994891
-0.660000 0.994891
-0.656000 0.994891
-0.652000 0.994891
-0.648000 0.994891
-0.644000 0.994891
-0.640000 0.994891
-0.636000 0.994891
-0.632000 0.994891
-0.628000 0.994891
-0.624000 0.994891
-0.620000 0.994890
-0.616000 0.994890
-0.612000 0.994890
-0.608000 0.994890
-0.604000 0.994890
-0.600000 0.994889
-0.596000 0.994889
-0.592000 0.994889
-0.588000 0.994889
-0.584000 0.994888
-0.580000 0.994888
-0.576000 0.994888
-0.572000 0.994887
-0.568000 0.994887
-0.564000 0.994886
-0.560000 0.994886
-0.556000 0.994885
-0.552000 0.994885
-0.548000 0.994884
-0.544000 0.994884
-0.540000 0.994883
-0.536000 0.994882
-0.532000 0.994881
-0.528000 0.994881
-0.524000 0.994880
-0.520000 0.994879
-0.516000 0.994878
-0.512000 0.994877
-0.508000 0.994875
-0.504000 0.994874
-0.500000 0.994873
-0.496000 0.994871
-0.492000 0.994870
-0.488000 0.994868
-0.484000 0.994867
-0.480000 0.994865
-0.476000 0.994863
-0.472000 0.994861
-0.468000 0.994859
-0.464000 0.994857
-0.460000 0.994854
-0.456000 0.994852
-0.452000 0.994849
-0.448000 0.994846
-0.444000 0.994843
-0.440000 0.994840
-0.436000 0.994837
-0.432000 0.994834
-0.428000 0.994830
-0.424000 0.994826
-0.420000 0.994822
-0.416000 0.994818
-0.412000 0.994814
-0.408000 0.994810
-0.404000 0.994805
-0.400000 0.994800
-0.396000 0.994795
-0.392000 0.994790
-0.388000 0.994784
-0.384000 0.994779
-0.380000 0.994773
-0.376000 0.994766
-0.372000 0.994760
-0.368000 0.994753
-0.364000 0.994746
-0.360000 0.994739
-0.356000 0.994732
-0.352000 0.994724
-0.348000 0.994716
-0.344000 0.994708
-0.340000 0.994699
-0.336000 0.994691
-0.332000 0.994682
-0.328000 0.994672
-0.324000 0.994663
-0.320000 0.994653
-0.316000 0.994643
-0.312000 0.994632
-0.308000 0.994622
-0.304000 0.994611
-0.300000 0.994599
-0.296000 0.994588
-0.292000 0.994576
-0.288000 0.994564
-0.284000 0.994552
-0.280000 0.994539
-0.276000 0.994526
-0.272000 0.994513
-0.268000 0.994499
-0.264000 0.994485
-0.260000 0.994471
-0.256000 0.994457
-0.252000 0.994443
-0.248000 0.994428
-0.244000 0.994413
-0.240000 0.994398
-0.236000 0.994382
-0.232000 0.994366
-0.228000 0.994350
-0.224000 0.994334
-0.220000 0.994318
-0.216000 0.994301
-0.212000 0.994285
-0.208000 0.994268
-0.204000 0.994251
-0.200000 0.994233
-0.196000 0.994216
-0.192000 0.994198
-0.188000 0.994181
-0.184000 0.994163
-0.180000 0.994145
-0.176000 0.994127
-0.172000 0.994109
-0.168000 0.994090
-0.164000 0.994072
-0.160000 0.994054
-0.156000 0.994035
-0.152000 0.994017
-0.148000 0.993998
-0.144000 0.993980
-0.140000 0.993961
-0.136000 0.993942
-0.132000 0.993924
-0.128000 0.993905
-0.124000 0.993887
-0.120000 0.993868
-0.116000 0.993850
-0.112000 0.993831
-0.108000 0.993813
-0.104000 0.993795
-0.100000 0.993776
-0.096000 0.993758
-0.092000 0.993740
-0.088000 0.993722
-0.084000 0.993705
-0.080000 0.993687
-0.076000 0.993670
-0.072000 0.993652
-0.068000 0.993635
-0.064000 0.993618
-0.060000 0.993601
-0.056000 0.993584
-0.052000 0.993568
-0.048000 0.993552
-0.044000 0.993535
-0.040000 0.993519
-0.036000 0.993504
-0.032000 0.993488
-0.028000 0.993473
-0.024000 0.993458
-0.020000 0.993443
-0.016000 0.993428
-0.012000 0.993414
-0.008000 0.993400
-0.004000 0.993386
0.000000 0.993372
0.004000 0.993359
0.008000 0.993346
0.012000 0.993333
0.016000 0.993320
0.020000 0.993308
0.024000 0.993295
0.028000 0.993284
0.032000 0.993272
0.036000 0.993260
0.040000 0.993249
0.044000 0.993238
0.048000 0.993228
0.052000 0.993217
0.056000 0.993207
0.060000 0.993197
0.064000 0.993188
0.068000 0.993178
0.072000 0.993169
0.076000 0.993160
0.080000 0.993151
0.084000 0.993143
0.088000 0.993135
0.092000 0.993127
0.096000 0.993119
0.100000 0.993111
0.104000 0.993104
0.108000 0.993097
0.112000 0.993090
0.116000 0.993083
0.120000 0.993077
0.124000 0.993070
0.128000 0.993064
0.132000 0.993058
0.136000 0.993053
0.140000 0.993047
0.144000 0.993042
0.148000 0.993037
0.152000 0.993032
0.156000 0.993027
0.160000 0.993022
0.164000 0.993018
0.168000 0.993014
0.172000 0.993009
0.176000 0.993005
0.180000 0.993002
0.184000 0.992998
0.188000 0.992994
0.192000 0.992991
0.196000 0.992988
0.200000 0.992984
0.204000 0.992981
0.208000 0.992978
0.212000 0.992976
0.216000 0.992973
0.220000 0.992970
0.224000 0.992968
0.228000 0.992966
0.232000 0.992963
0.236000 0.992961
0.240000 0.992959
0.244000 0.992957
0.248000 0.992955
0.252000 0.992953
0.256000 0.992952
0.260000 0.992950
0.264000 0.992948
0.268000 0.992947
0.272000 0.992945
0.276000 0.992944
0.280000 0.992943
0.284000 0.992941
0.288000 0.992940
0.292000 0.992939
0.296000 0.992938
0.300000 0.992937
0.304000 0.992936
0.308000 0.992935
0.312000 0.992934
0.316000 0.992933
0.320000 0.992933
0.324000 0.992932
0.328000 0.992931
0.332000 0.992930
0.336000 0.992930
0.340000 0.992929
0.344000 0.992929
0.348000 0.992928
0.352000 0.992928
0.356000 0.992927
0.360000 0.992927
0.364000 0.992926
0.368000 0.992926
0.372000 0.992925
0.376000 0.992925
0.380000 0.992925
0.384000 0.992924
0.388000 0.992924
0.392000 0.992924
0.396000 0.992923
0.400000 0.992923
0.404000 0.992923
0.408000 0.992923
0.412000 0.992922
0.416000 0.992922
0.420000 0.992922
0.424000 0.992922
0.428000 0.992922
0.432000 0.992921
0.436000 0.992921
0.440000 0.992921
0.444000 0.992921
0.448000 0.992921
0.452000 0.992921
0.456000 0.992921
0.460000 0.992921
0.464000 0.992920
0.468000 0.992920
0.472000 0.992920
0.476000 0.992920
0.480000 0.992920
0.484000 0.992920
0.488000 0.992920
0.492000 0.992920
0.496000 0.992920
0.500000 0.992920
0.504000 0.992920
0.508000 0.992920
0.512000 0.992920
0.516000 0.992920
0.520000 0.992920
0.524000 0.992919
0.528000 0.992919
0.532000 0.992919
0.536000 0.992919
0.540000 0.992919
0.544000 0.992919
0.548000 0.992919
0.552000 0.992919
0.556000 0.992919
0.560000 0.992919
0.564000 0.992919
0.568000 0.992919
0.572000 0.992919
0.576000 0.992919
0.580000 0.992919
0.584000 0.992919
0.588000 0.992919
0.592000 0.992919
0.596000 0.992919
0.600000 0.992919
0.604000 0.992919
0.608000 0.992919
0.612000 0.992919
0.616000 0.992919
0.620000 0.992919
0.624000 0.992919
0.628000 0.992919
0.632000 0.992919
0.636000 0.992919
0.640000 0.992919
0.644000 0.992919
0.648000 0.992919
0.652000 0.992919
0.656000 0.992919
0.660000 0.992919
0.664000 0.992919
0.668000 0.992919
0.672000 0.992919
0.676000 0.992919
0.680000 0.992919
0.684000 0.992919
0.688000 0.992919
0.692000 0.992919
0.696000 0.992919
0.700000 0.992919
0.704000 0.992919
0.708000 0.992919
0.712000 0.992919
0.716000 0.992919
0.720000 0.992919
0.724000 0.992919
0.728000 0.992919
0.732000 0.992919
0.736000 0.992919
0.740000 0.992919
0.744000 0.992919
0.748000 0.992919
0.752000 0.992919
0.756000 0.992919
0.760000 0.992919
0.764000 0.992919
0.768000 0.992919
0.772000 0.992919
0.776000 0.992919
0.780000 0.992919
0.784000 0.992919
0.788000 0.992919
0.792000 0.992919
0.796000 0.992919
0.800000 0.992919
0.804000 0.992919
0.808000 0.992919
0.812000 0.992919
0.816000 0.992919
0.820000 0.992919
0.824000 0.992919
0.828000 0.992919
0.832000 0.992919
0.836000 0.992919
0.840000 0.992919
0.844000 0.992919
0.848000 0.992919
0.852000 0.992919
0.856000 0.992919
0.860000 0.992919
0.864000 0.992919
0.868000 0.992919
0.872000 0.992919
0.876000 0.992919
0.880000 0.992919
0.884000 0.992919
0.888000 0.992919
0.892000 0.992919
0.896000 0.992919
0.900000 0.992919
0.904000 0.992919
0.908000 0.992919
0.912000 0.992919
0.916000 0.992919
0.920000 0.992919
0.924000 0.992919
0.928000 0.992919
0.932000 0.992919
0.936000 0.992919
0.940000 0.992919
0.944000 0.992919
0.948000 0.992919
0.952000 0.992919
0.956000 0.992919
0.960000 0.992919
0.964000 0.992919
0.968000 0.992919
0.972000 0.992919
0.976000 0.992919
0.980000 0.992919
0.984000 0.992919
0.988000 0.992919
0.992000 0.992919
0.996000 0.992919
1.000000 0.992919
