-1.000000 0.994892
-0.996000 0.994892
-0.992000 0.994892
-0.988000 0.994892
-0.984000 0.994892
-0.980000 0.994892
-0.976000 0.994892
-0.972000 0.994892
-0.968000 0.994892
-0.964000 0.994892
-0.960000 0.994892
-0.956000 0.994892
-0.952000 0.994892
-0.948000 0.994892
-0.944000 0.994892
-0.940000 0.994892
-0.936000 0.994892
-0.932000 0.994892
-0.928000 0.994892
-0.924000 0.994892
-0.920000 0.994892
-0.916000 0.994892
-0.912000 0.994892
-0.908000 0.994892
-0.904000 0.994892
-0.900000 0.994892
-0.896000 0.994892
-0.892000 0.994892
-0.888000 0.994892
-0.884000 0.994892
-0.880000 0.994892
-0.876000 0.994892
-0.872000 0.994892
-0.868000 0.994892
-0.864000 0.994892
-0.860000 0.994892
-0.856000 0.994892
-0.852000 0.994891
-0.848000 0.994891
-0.844000 0.994891
-0.840000 0.994891
-0.836000 0.994891
-0.832000 0.994891
-0.828000 0.994891
-0.824000 0.994891
-0.820000 0.994890
-0.816000 0.994890
-0.812000 0.994890
-0.808000 0.994890
-0.804000 0.994890
-0.800000 0.994889
-0.796000 0.994889
-0.792000 0.994888
-0.788000 0.994888
-0.784000 0.994888
-0.780000 0.994887
-0.776000 0.994886
-0.772000 0.994886
-0.768000 0.994885
-0.764000 0.994884
-0.760000 0.994883
-0.756000 0.994882
-0.752000 0.994881
-0.748000 0.994880
-0.744000 0.994879
-0.740000 0.994878
-0.736000 0.994876
-0.732000 0.994875
-0.728000 0.994873
-0.724000 0.994871
-0.720000 0.994869
-0.716000 0.994867
-0.712000 0.994865
-0.708000 0.994862
-0.704000 0.994859
-0.700000 0.994856
-0.696000 0.994853
-0.692000 0.994850
-0.688000 0.994847
-0.684000 0.994843
-0.680000 0.994839
-0.676000 0.994834
-0.672000 0.994830
-0.668000 0.994825
-0.664000 0.994820
-0.660000 0.994814
-0.656000 0.994809
-0.652000 0.994802
-0.648000 0.994796
-0.644000 0.994789
-0.640000 0.994782
-0.636000 0.994775
-0.632000 0.994767
-0.628000 0.994758
-0.624000 0.994750
-0.620000 0.994741
-0.616000 0.994731
-0.612000 0.994721
-0.608000 0.994711
-0.604000 0.994700
-0.600000 0.994689
-0.596000 0.994677
-0.592000 0.994665
-0.588000 0.994653
-0.584000 0.994640
-0.580000 0.994626
-0.576000 0.994612
-0.572000 0.994598
-0.568000 0.994583
-0.564000 0.994568
-0.560000 0.994552
-0.556000 0.994536
-0.552000 0.994519
-0.548000 0.994502
-0.544000 0.994485
-0.540000 0.994467
-0.536000 0.994449
-0.532000 0.994430
-0.528000 0.994411
-0.524000 0.994392
-0.520000 0.994372
-0.516000 0.994352
-0.512000 0.994332
-0.508000 0.994311
-0.504000 0.994290
-0.500000 0.994269
-0.496000 0.994247
-0.492000 0.994225
-0.488000 0.994203
-0.484000 0.994181
-0.480000 0.994158
-0.476000 0.994136
-0.472000 0.994113
-0.468000 0.994090
-0.464000 0.994067
-0.460000 0.994044
-0.456000 0.994020
-0.452000 0.993997
-0.448000 0.993974
-0.444000 0.993951
-0.440000 0.993927
-0.436000 0.993904
-0.432000 0.993881
-0.428000 0.993858
-0.424000 0.993835
-0.420000 0.993812
-0.416000 0.993789
-0.412000 0.993766
-0.408000 0.993744
-0.404000 0.993721
-0.400000 0.993699
-0.396000 0.993677
-0.392000 0.993656
-0.388000 0.993634
-0.384000 0.993613
-0.380000 0.993592
-0.376000 0.993571
-0.372000 0.993551
-0.368000 0.993531
-0.364000 0.993511
-0.360000 0.993492
-0.356000 0.993473
-0.352000 0.993454
-0.348000 0.993436
-0.344000 0.993418
-0.340000 0.993400
-0.336000 0.993383
-0.332000 0.993366
-0.328000 0.993350
-0.324000 0.993334
-0.320000 0.993318
-0.316000 0.993303
-0.312000 0.993288
-0.308000 0.993274
-0.304000 0.993259
-0.300000 0.993246
-0.296000 0.993232
-0.292000 0.993219
-0.288000 0.993207
-0.284000 0.993195
-0.280000 0.993183
-0.276000 0.993171
-0.272000 0.993160
-0.268000 0.993150
-0.264000 0.993139
-0.260000 0.993129
-0.256000 0.993120
-0.252000 0.993110
-0.248000 0.993102
-0.244000 0.993093
-0.240000 0.993085
-0.236000 0.993077
-0.232000 0.993069
-0.228000 0.993062
-0.224000 0.993054
-0.220000 0.993048
-0.216000 0.993041
-0.212000 0.993035
-0.208000 0.993029
-0.204000 0.993023
-0.200000 0.993018
-0.196000 0.993013
-0.192000 0.993008
-0.188000 0.993003
-0.184000 0.992998
-0.180000 0.992994
-0.176000 0.992990
-0.172000 0.992986
-0.168000 0.992982
-0.164000 0.992978
-0.160000 0.992975
-0.156000 0.992972
-0.152000 0.992969
-0.148000 0.992966
-0.144000 0.992963
-0.140000 0.992961
-0.136000 0.992958
-0.132000 0.992956
-0.128000 0.992953
-0.124000 0.992951
-0.120000 0.992949
-0.116000 0.992947
-0.112000 0.992946
-0.108000 0.992944
-0.104000 0.992942
-0.100000 0.992941
-0.096000 0.992940
-0.092000 0.992938
-0.088000 0.992937
-0.084000 0.992936
-0.080000 0.992935
-0.076000 0.992934
-0.072000 0.992933
-0.068000 0.992932
-0.064000 0.992931
-0.060000 0.992930
-0.056000 0.992929
-0.052000 0.992929
-0.048000 0.992928
-0.044000 0.992927
-0.040000 0.992927
-0.036000 0.992926
-0.032000 0.992926
-0.028000 0.992925
-0.024000 0.992925
-0.020000 0.992924
-0.016000 0.992924
-0.012000 0.992924
-0.008000 0.992923
-0.004000 0.992923
0.000000 0.992923
0.004000 0.992922
0.008000 0.992922
0.012000 0.992922
0.016000 0.992922
0.020000 0.992921
0.024000 0.992921
0.028000 0.992921
0.032000 0.992921
0.036000 0.992921
0.040000 0.992921
0.044000 0.992921
0.048000 0.992920
0.052000 0.992920
0.056000 0.992920
0.060000 0.992920
0.064000 0.992920
0.068000 0.992920
0.072000 0.992920
0.076000 0.992920
0.080000 0.992920
0.084000 0.992920
0.088000 0.992920
0.092000 0.992920
0.096000 0.992920
0.100000 0.992919
0.104000 0.992919
0.108000 0.992919
0.112000 0.992919
0.116000 0.992919
0.120000 0.992919
0.124000 0.992919
0.128000 0.992919
0.132000 0.992919
0.136000 0.992919
0.140000 0.992919
0.144000 0.992919
0.148000 0.992919
0.152000 0.992919
0.156000 0.992919
0.160000 0.992919
0.164000 0.992919
0.168000 0.992919
0.172000 0.992919
0.176000 0.992919
0.180000 0.992919
0.184000 0.992919
0.188000 0.992919
0.192000 0.992919
0.196000 0.992919
0.200000 0.992919
0.204000 0.992919
0.208000 0.992919
0.212000 0.992919
0.216000 0.992919
0.220000 0.992919
0.224000 0.992919
0.228000 0.992919
0.232000 0.992919
0.236000 0.992919
0.240000 0.992919
0.244000 0.992919
0.248000 0.992919
0.252000 0.992919
0.256000 0.992919
0.260000 0.992919
0.264000 0.992919
0.268000 0.992919
0.272000 0.992919
0.276000 0.992919
0.280000 0.992919
0.284000 0.992919
0.288000 0.992919
0.292000 0.992919
0.296000 0.992919
0.300000 0.992919
0.304000 0.992919
0.308000 0.992919
0.312000 0.992919
0.316000 0.992919
0.320000 0.992919
0.324000 0.992919
0.328000 0.992919
0.332000 0.992919
0.336000 0.992919
0.340000 0.992919
0.344000 0.992919
0.348000 0.992919
0.352000 0.992919
0.356000 0.992919
0.360000 0.992919
0.364000 0.992919
0.368000 0.992919
0.372000 0.992919
0.376000 0.992919
0.380000 0.992919
0.384000 0.992919
0.388000 0.992919
0.392000 0.992919
0.396000 0.992919
0.400000 0.992919
0.404000 0.992919
0.408000 0.992919
0.412000 0.992919
0.416000 0.992919
0.420000 0.992919
0.424000 0.992919
0.428000 0.992919
0.432000 0.992919
0.436000 0.992919
0.440000 0.992919
0.444000 0.992919
0.448000 0.992919
0.452000 0.992919
0.456000 0.992919
0.460000 0.992919
0.464000 0.992919
0.468000 0.992919
0.472000 0.992919
0.476000 0.992919
0.480000 0.992919
0.484000 0.992919
0.488000 0.992919
0.492000 0.992919
0.496000 0.992919
0.500000 0.992919
0.504000 0.992919
0.508000 0.992919
0.512000 0.992919
0.516000 0.992919
0.520000 0.992919
0.524000 0.992919
0.528000 0.992919
0.532000 0.992919
0.536000 0.992919
0.540000 0.992919
0.544000 0.992919
0.548000 0.992919
0.552000 0.992919
0.556000 0.992919
0.560000 0.992919
0.564000 0.992919
0.568000 0.992919
0.572000 0.992919
0.576000 0.992919
0.580000 0.992919
0.584000 0.992919
0.588000 0.992919
0.592000 0.992919
0.596000 0.992919
0.600000 0.992919
0.604000 0.992919
0.608000 0.992919
0.612000 0.992919
0.616000 0.992919
0.620000 0.992919
0.624000 0.992919
0.628000 0.992919
0.632000 0.992919
0.636000 0.992919
0.640000 0.992919
0.644000 0.992919
0.648000 0.992919
0.652000 0.992919
0.656000 0.992919
0.660000 0.992919
0.664000 0.992919
0.668000 0.992919
0.672000 0.992919
0.676000 0.992919
0.680000 0.992919
0.684000 0.992919
0.688000 0.992919
0.692000 0.992919
0.696000 0.992919
0.700000 0.992919
0.704000 0.992919
0.708000 0.992919
0.712000 0.992919
0.716000 0.992919
0.720000 0.992919
0.724000 0.992919
0.728000 0.992919
0.732000 0.992919
0.736000 0.992919
0.740000 0.992919
0.744000 0.992919
0.748000 0.992919
0.752000 0.992919
0.756000 0.992919
0.760000 0.992919
0.764000 0.992919
0.768000 0.992919
0.772000 0.992919
0.776000 0.992919
0.780000 0.992919
0.784000 0.992919
0.788000 0.992919
0.792000 0.992919
0.796000 0.992919
0.800000 0.992919
0.804000 0.992919
0.808000 0.992919
0.812000 0.992919
0.816000 0.992919
0.820000 0.992919
0.824000 0.992919
0.828000 0.992919
0.832000 0.992919
0.836000 0.992919
0.840000 0.992919
0.844000 0.992919
0.848000 0.992919
0.852000 0.992919
0.856000 0.992919
0.860000 0.992919
0.864000 0.992919
0.868000 0.992919
0.872000 0.992919
0.876000 0.992919
0.880000 0.992919
0.884000 0.992919
0.888000 0.992919
0.892000 0.992919
0.896000 0.992919
0.900000 0.992919
0.904000 0.992919
0.908000 0.992919
0.912000 0.992919
0.916000 0.992919
0.920000 0.992919
0.924000 0.992919
0.928000 0.992919
0.932000 0.992919
0.936000 0.992919
0.940000 0.992919
0.944000 0.992919
0.948000 0.992919
0.952000 0.992919
0.956000 0.992919
0.960000 0.992919
0.964000 0.992919
0.968000 0.992919
0.972000 0.992919
0.976000 0.992919
0.980000 0.992919
0.984000 0.992919
0.988000 0.992919
0.992000 0.992919
0.996000 0.992919
1.000000 0.992919
