-1.000000 0.994892
-0.996000 0.994892
-0.992000 0.994892
-0.988000 0.994892
-0.984000 0.994892
-0.980000 0.994892
-0.976000 0.994892
-0.972000 0.994892
-0.968000 0.994892
-0.964000 0.994892
-0.960000 0.994892
-0.956000 0.994892
-0.952000 0.994892
-0.948000 0.994892
-0.944000 0.994892
-0.940000 0.994892
-0.936000 0.994892
-0.932000 0.994892
-0.928000 0.994892
-0.924000 0.994892
-0.920000 0.994892
-0.916000 0.994892
-0.912000 0.994892
-0.908000 0.994892
-0.904000 0.994892
-0.900000 0.994892
-0.896000 0.994892
-0.892000 0.994892
-0.888000 0.994892
-0.884000 0.994892
-0.880000 0.994892
-0.876000 0.994892
-0.872000 0.994892
-0.868000 0.994892
-0.864000 0.994892
-0.860000 0.994892
-0.856000 0.994892
-0.852000 0.994892
-0.848000 0.994892
-0.844000 0.994892
-0.840000 0.994892
-0.836000 0.994892
-0.832000 0.994892
-0.828000 0.994892
-0.824000 0.994892
-0.820000 0.994892
-0.816000 0.994892
-0.812000 0.994892
-0.808000 0.994892
-0.804000 0.994891
-0.800000 0.994891
-0.796000 0.994891
-0.792000 0.994891
-0.788000 0.994891
-0.784000 0.994891
-0.780000 0.994891
-0.776000 0.994891
-0.772000 0.994891
-0.768000 0.994890
-0.764000 0.994890
-0.760000 0.994890
-0.756000 0.994890
-0.752000 0.994889
-0.748000 0.994889
-0.744000 0.994889
-0.740000 0.994888
-0.736000 0.994888
-0.732000 0.994888
-0.728000 0.994887
-0.724000 0.994886
-0.720000 0.994886
-0.716000 0.994885
-0.712000 0.994885
-0.708000 0.994884
-0.704000 0.994883
-0.700000 0.994882
-0.696000 0.994881
-0.692000 0.994880
-0.688000 0.994879
-0.684000 0.994878
-0.680000 0.994876
-0.676000 0.994875
-0.672000 0.994873
-0.668000 0.994872
-0.664000 0.994870
-0.660000 0.994868
-0.656000 0.994866
-0.652000 0.994864
-0.648000 0.994861
-0.644000 0.994859
-0.640000 0.994856
-0.636000 0.994853
-0.632000 0.994850
-0.628000 0.994847
-0.624000 0.994843
-0.620000 0.994840
-0.616000 0.994836
-0.612000 0.994832
-0.608000 0.994827
-0.604000 0.994823
-0.600000 0.994818
-0.596000 0.994812
-0.592000 0.994807
-0.588000 0.994801
-0.584000 0.994795
-0.580000 0.994789
-0.576000 0.994782
-0.572000 0.994775
-0.568000 0.994768
-0.564000 0.994761
-0.560000 0.994753
-0.556000 0.994744
-0.552000 0.994736
-0.548000 0.994727
-0.544000 0.994717
-0.540000 0.994708
-0.536000 0.994698
-0.532000 0.994687
-0.528000 0.994676
-0.524000 0.994665
-0.520000 0.994653
-0.516000 0.994641
-0.512000 0.994629
-0.508000 0.994616
-0.504000 0.994603
-0.500000 0.994589
-0.496000 0.994575
-0.492000 0.994561
-0.488000 0.994546
-0.484000 0.994531
-0.480000 0.994516
-0.476000 0.994500
-0.472000 0.994484
-0.468000 0.994467
-0.464000 0.994450
-0.460000 0.994433
-0.456000 0.994415
-0.452000 0.994397
-0.448000 0.994379
-0.444000 0.994360
-0.440000 0.994341
-0.436000 0.994322
-0.432000 0.994303
-0.428000 0.994283
-0.424000 0.994263
-0.420000 0.994243
-0.416000 0.994223
-0.412000 0.994202
-0.408000 0.994181
-0.404000 0.994160
-0.400000 0.994139
-0.396000 0.994118
-0.392000 0.994097
-0.388000 0.994075
-0.384000 0.994054
-0.380000 0.994032
-0.376000 0.994010
-0.372000 0.993989
-0.368000 0.993967
-0.364000 0.993945
-0.360000 0.993923
-0.356000 0.993902
-0.352000 0.993880
-0.348000 0.993858
-0.344000 0.993837
-0.340000 0.993815
-0.336000 0.993794
-0.332000 0.993773
-0.328000 0.993752
-0.324000 0.993731
-0.320000 0.993710
-0.316000 0.993689
-0.312000 0.993669
-0.308000 0.993649
-0.304000 0.993629
-0.300000 0.993609
-0.296000 0.993589
-0.292000 0.993570
-0.288000 0.993551
-0.284000 0.993532
-0.280000 0.993514
-0.276000 0.993496
-0.272000 0.993478
-0.268000 0.993460
-0.264000 0.993443
-0.260000 0.993426
-0.256000 0.993409
-0.252000 0.993393
-0.248000 0.993377
-0.244000 0.993361
-0.240000 0.993346
-0.236000 0.993331
-0.232000 0.993316
-0.228000 0.993302
-0.224000 0.993288
-0.220000 0.993275
-0.216000 0.993261
-0.212000 0.993248
-0.208000 0.993236
-0.204000 0.993223
-0.200000 0.993212
-0.196000 0.993200
-0.192000 0.993189
-0.188000 0.993178
-0.184000 0.993167
-0.180000 0.993157
-0.176000 0.993147
-0.172000 0.993137
-0.168000 0.993128
-0.164000 0.993119
-0.160000 0.993110
-0.156000 0.993102
-0.152000 0.993094
-0.148000 0.993086
-0.144000 0.993078
-0.140000 0.993071
-0.136000 0.993064
-0.132000 0.993057
-0.128000 0.993051
-0.124000 0.993045
-0.120000 0.993039
-0.116000 0.993033
-0.112000 0.993027
-0.108000 0.993022
-0.104000 0.993017
-0.100000 0.993012
-0.096000 0.993007
-0.092000 0.993003
-0.088000 0.992998
-0.084000 0.992994
-0.080000 0.992990
-0.076000 0.992987
-0.072000 0.992983
-0.068000 0.992980
-0.064000 0.992976
-0.060000 0.992973
-0.056000 0.992970
-0.052000 0.992968
-0.048000 0.992965
-0.044000 0.992962
-0.040000 0.992960
-0.036000 0.992958
-0.032000 0.992955
-0.028000 0.992953
-0.024000 0.992951
-0.020000 0.992949
-0.016000 0.992948
-0.012000 0.992946
-0.008000 0.992944
-0.004000 0.992943
0.000000 0.992941
0.004000 0.992940
0.008000 0.992939
0.012000 0.992938
0.016000 0.992936
0.020000 0.992935
0.024000 0.992934
0.028000 0.992933
0.032000 0.992932
0.036000 0.992932
0.040000 0.992931
0.044000 0.992930
0.048000 0.992929
0.052000 0.992929
0.056000 0.992928
0.060000 0.992927
0.064000 0.992927
0.068000 0.992926
0.072000 0.992926
0.076000 0.992925
0.080000 0.992925
0.084000 0.992925
0.088000 0.992924
0.092000 0.992924
0.096000 0.992923
0.100000 0.992923
0.104000 0.992923
0.108000 0.992923
0.112000 0.992922
0.116000 0.992922
0.120000 0.992922
0.124000 0.992922
0.128000 0.992922
0.132000 0.992921
0.136000 0.992921
0.140000 0.992921
0.144000 0.992921
0.148000 0.992921
0.152000 0.992921
0.156000 0.992920
0.160000 0.992920
0.164000 0.992920
0.168000 0.992920
0.172000 0.992920
0.176000 0.992920
0.180000 0.992920
0.184000 0.992920
0.188000 0.992920
0.192000 0.992920
0.196000 0.992920
0.200000 0.992920
0.204000 0.992920
0.208000 0.992920
0.212000 0.992919
0.216000 0.992919
0.220000 0.992919
0.224000 0.992919
0.228000 0.992919
0.232000 0.992919
0.236000 0.992919
0.240000 0.992919
0.244000 0.992919
0.248000 0.992919
0.252000 0.992919
0.256000 0.992919
0.260000 0.992919
0.264000 0.992919
0.268000 0.992919
0.272000 0.992919
0.276000 0.992919
0.280000 0.992919
0.284000 0.992919
0.288000 0.992919
0.292000 0.992919
0.296000 0.992919
0.300000 0.992919
0.304000 0.992919
0.308000 0.992919
0.312000 0.992919
0.316000 0.992919
0.320000 0.992919
0.324000 0.992919
0.328000 0.992919
0.332000 0.992919
0.336000 0.992919
0.340000 0.992919
0.344000 0.992919
0.348000 0.992919
0.352000 0.992919
0.356000 0.992919
0.360000 0.992919
0.364000 0.992919
0.368000 0.992919
0.372000 0.992919
0.376000 0.992919
0.380000 0.992919
0.384000 0.992919
0.388000 0.992919
0.392000 0.992919
0.396000 0.992919
0.400000 0.992919
0.404000 0.992919
0.408000 0.992919
0.412000 0.992919
0.416000 0.992919
0.420000 0.992919
0.424000 0.992919
0.428000 0.992919
0.432000 0.992919
0.436000 0.992919
0.440000 0.992919
0.444000 0.992919
0.448000 0.992919
0.452000 0.992919
0.456000 0.992919
0.460000 0.992919
0.464000 0.992919
0.468000 0.992919
0.472000 0.992919
0.476000 0.992919
0.480000 0.992919
0.484000 0.992919
0.488000 0.992919
0.492000 0.992919
0.496000 0.992919
0.500000 0.992919
0.504000 0.992919
0.508000 0.992919
0.512000 0.992919
0.516000 0.992919
0.520000 0.992919
0.524000 0.992919
0.528000 0.992919
0.532000 0.992919
0.536000 0.992919
0.540000 0.992919
0.544000 0.992919
0.548000 0.992919
0.552000 0.992919
0.556000 0.992919
0.560000 0.992919
0.564000 0.992919
0.568000 0.992919
0.572000 0.992919
0.576000 0.992919
0.580000 0.992919
0.584000 0.992919
0.588000 0.992919
0.592000 0.992919
0.596000 0.992919
0.600000 0.992919
0.604000 0.992919
0.608000 0.992919
0.612000 0.992919
0.616000 0.992919
0.620000 0.992919
0.624000 0.992919
0.628000 0.992919
0.632000 0.992919
0.636000 0.992919
0.640000 0.992919
0.644000 0.992919
0.648000 0.992919
0.652000 0.992919
0.656000 0.992919
0.660000 0.992919
0.664000 0.992919
0.668000 0.992919
0.672000 0.992919
0.676000 0.992919
0.680000 0.992919
0.684000 0.992919
0.688000 0.992919
0.692000 0.992919
0.696000 0.992919
0.700000 0.992919
0.704000 0.992919
0.708000 0.992919
0.712000 0.992919
0.716000 0.992919
0.720000 0.992919
0.724000 0.992919
0.728000 0.992919
0.732000 0.992919
0.736000 0.992919
0.740000 0.992919
0.744000 0.992919
0.748000 0.992919
0.752000 0.992919
0.756000 0.992919
0.760000 0.992919
0.764000 0.992919
0.768000 0.992919
0.772000 0.992919
0.776000 0.992919
0.780000 0.992919
0.784000 0.992919
0.788000 0.992919
0.792000 0.992919
0.796000 0.992919
0.800000 0.992919
0.804000 0.992919
0.808000 0.992919
0.812000 0.992919
0.816000 0.992919
0.820000 0.992919
0.824000 0.992919
0.828000 0.992919
0.832000 0.992919
0.836000 0.992919
0.840000 0.992919
0.844000 0.992919
0.848000 0.992919
0.852000 0.992919
0.856000 0.992919
0.860000 0.992919
0.864000 0.992919
0.868000 0.992919
0.872000 0.992919
0.876000 0.992919
0.880000 0.992919
0.884000 0.992919
0.888000 0.992919
0.892000 0.992919
0.896000 0.992919
0.900000 0.992919
0.904000 0.992919
0.908000 0.992919
0.912000 0.992919
0.916000 0.992919
0.920000 0.992919
0.924000 0.992919
0.928000 0.992919
0.932000 0.992919
0.936000 0.992919
0.940000 0.992919
0.944000 0.992919
0.948000 0.992919
0.952000 0.992919
0.956000 0.992919
0.960000 0.992919
0.964000 0.992919
0.968000 0.992919
0.972000 0.992919
0.976000 0.992919
0.980000 0.992919
0.984000 0.992919
0.988000 0.992919
0.992000 0.992919
0.996000 0.992919
1.000000 0.992919
