-1.000000 0.994892
-0.996000 0.994892
-0.992000 0.994892
-0.988000 0.994892
-0.984000 0.994892
-0.980000 0.994892
-0.976000 0.994892
-0.972000 0.994892
-0.968000 0.994892
-0.964000 0.994892
-0.960000 0.994892
-0.956000 0.994892
-0.952000 0.994892
-0.948000 0.994892
-0.944000 0.994892
-0.940000 0.994892
-0.936000 0.994892
-0.932000 0.994892
-0.928000 0.994892
-0.924000 0.994892
-0.920000 0.994892
-0.916000 0.994892
-0.912000 0.994892
-0.908000 0.994892
-0.904000 0.994892
-0.900000 0.994892
-0.896000 0.994892
-0.892000 0.994892
-0.888000 0.994892
-0.884000 0.994892
-0.880000 0.994892
-0.876000 0.994892
-0.872000 0.994892
-0.868000 0.994892
-0.864000 0.994892
-0.860000 0.994892
-0.856000 0.994892
-0.852000 0.994892
-0.848000 0.994892
-0.844000 0.994892
-0.840000 0.994892
-0.836000 0.994892
-0.832000 0.994892
-0.828000 0.994892
-0.824000 0.994892
-0.820000 0.994892
-0.816000 0.994892
-0.812000 0.994892
-0.808000 0.994892
-0.804000 0.994892
-0.800000 0.994892
-0.796000 0.994892
-0.792000 0.994892
-0.788000 0.994892
-0.784000 0.994892
-0.780000 0.994892
-0.776000 0.994892
-0.772000 0.994892
-0.768000 0.994892
-0.764000 0.994892
-0.760000 0.994892
-0.756000 0.994892
-0.752000 0.994892
-0.748000 0.994892
-0.744000 0.994892
-0.740000 0.994892
-0.736000 0.994892
-0.732000 0.994892
-0.728000 0.994892
-0.724000 0.994892
-0.720000 0.994892
-0.716000 0.994892
-0.712000 0.994892
-0.708000 0.994892
-0.704000 0.994892
-0.700000 0.994892
-0.696000 0.994892
-0.692000 0.994892
-0.688000 0.994892
-0.684000 0.994892
-0.680000 0.994892
-0.676000 0.994892
-0.672000 0.994892
-0.668000 0.994892
-0.664000 0.994892
-0.660000 0.994892
-0.656000 0.994892
-0.652000 0.994892
-0.648000 0.994892
-0.644000 0.994892
-0.640000 0.994892
-0.636000 0.994892
-0.632000 0.994892
-0.628000 0.994892
-0.624000 0.994892
-0.620000 0.994892
-0.616000 0.994892
-0.612000 0.994892
-0.608000 0.994892
-0.604000 0.994892
-0.600000 0.994892
-0.596000 0.994891
-0.592000 0.994891
-0.588000 0.994891
-0.584000 0.994891
-0.580000 0.994891
-0.576000 0.994891
-0.572000 0.994891
-0.568000 0.994891
-0.564000 0.994891
-0.560000 0.994891
-0.556000 0.994891
-0.552000 0.994890
-0.548000 0.994890
-0.544000 0.994890
-0.540000 0.994890
-0.536000 0.994890
-0.532000 0.994890
-0.528000 0.994889
-0.524000 0.994889
-0.520000 0.994889
-0.516000 0.994889
-0.512000 0.994888
-0.508000 0.994888
-0.504000 0.994888
-0.500000 0.994887
-0.496000 0.994887
-0.492000 0.994887
-0.488000 0.994886
-0.484000 0.994886
-0.480000 0.994885
-0.476000 0.994885
-0.472000 0.994884
-0.468000 0.994883
-0.464000 0.994883
-0.460000 0.994882
-0.456000 0.994881
-0.452000 0.994880
-0.448000 0.994880
-0.444000 0.994879
-0.440000 0.994878
-0.436000 0.994877
-0.432000 0.994875
-0.428000 0.994874
-0.424000 0.994873
-0.420000 0.994872
-0.416000 0.994870
-0.412000 0.994869
-0.408000 0.994867
-0.404000 0.994866
-0.400000 0.994864
-0.396000 0.994862
-0.392000 0.994860
-0.388000 0.994858
-0.384000 0.994856
-0.380000 0.994854
-0.376000 0.994851
-0.372000 0.994849
-0.368000 0.994846
-0.364000 0.994844
-0.360000 0.994841
-0.356000 0.994838
-0.352000 0.994835
-0.348000 0.994831
-0.344000 0.994828
-0.340000 0.994824
-0.336000 0.994821
-0.332000 0.994817
-0.328000 0.994813
-0.324000 0.994808
-0.320000 0.994804
-0.316000 0.994799
-0.312000 0.994794
-0.308000 0.994789
-0.304000 0.994784
-0.300000 0.994779
-0.296000 0.994773
-0.292000 0.994767
-0.288000 0.994761
-0.284000 0.994755
-0.280000 0.994749
-0.276000 0.994742
-0.272000 0.994735
-0.268000 0.994728
-0.264000 0.994721
-0.260000 0.994713
-0.256000 0.994705
-0.252000 0.994697
-0.248000 0.994689
-0.244000 0.994680
-0.240000 0.994672
-0.236000 0.994662
-0.232000 0.994653
-0.228000 0.994644
-0.224000 0.994634
-0.220000 0.994624
-0.216000 0.994614
-0.212000 0.994603
-0.208000 0.994592
-0.204000 0.994581
-0.200000 0.994570
-0.196000 0.994558
-0.192000 0.994546
-0.188000 0.994534
-0.184000 0.994522
-0.180000 0.994510
-0.176000 0.994497
-0.172000 0.994484
-0.168000 0.994471
-0.164000 0.994457
-0.160000 0.994443
-0.156000 0.994429
-0.152000 0.994415
-0.148000 0.994401
-0.144000 0.994386
-0.140000 0.994372
-0.136000 0.994357
-0.132000 0.994341
-0.128000 0.994326
-0.124000 0.994311
-0.120000 0.994295
-0.116000 0.994279
-0.112000 0.994263
-0.108000 0.994247
-0.104000 0.994230
-0.100000 0.994214
-0.096000 0.994197
-0.092000 0.994181
-0.088000 0.994164
-0.084000 0.994147
-0.080000 0.994130
-0.076000 0.994113
-0.072000 0.994095
-0.068000 0.994078
-0.064000 0.994061
-0.060000 0.994043
-0.056000 0.994026
-0.052000 0.994008
-0.048000 0.993991
-0.044000 0.993973
-0.040000 0.993955
-0.036000 0.993938
-0.032000 0.993920
-0.028000 0.993903
-0.024000 0.993885
-0.020000 0.993868
-0.016000 0.993850
-0.012000 0.993833
-0.008000 0.993815
-0.004000 0.993798
0.000000 0.993781
0.004000 0.993764
0.008000 0.993746
0.012000 0.993729
0.016000 0.993713
0.020000 0.993696
0.024000 0.993679
0.028000 0.993663
0.032000 0.993646
0.036000 0.993630
0.040000 0.993614
0.044000 0.993598
0.048000 0.993582
0.052000 0.993567
0.056000 0.993551
0.060000 0.993536
0.064000 0.993521
0.068000 0.993506
0.072000 0.993491
0.076000 0.993477
0.080000 0.993462
0.084000 0.993448
0.088000 0.993434
0.092000 0.993420
0.096000 0.993407
0.100000 0.993394
0.104000 0.993380
0.108000 0.993368
0.112000 0.993355
0.116000 0.993342
0.120000 0.993330
0.124000 0.993318
0.128000 0.993306
0.132000 0.993295
0.136000 0.993284
0.140000 0.993273
0.144000 0.993262
0.148000 0.993251
0.152000 0.993241
0.156000 0.993230
0.160000 0.993221
0.164000 0.993211
0.168000 0.993201
0.172000 0.993192
0.176000 0.993183
0.180000 0.993174
0.184000 0.993165
0.188000 0.993157
0.192000 0.993149
0.196000 0.993141
0.200000 0.993133
0.204000 0.993125
0.208000 0.993118
0.212000 0.993111
0.216000 0.993104
0.220000 0.993097
0.224000 0.993091
0.228000 0.993084
0.232000 0.993078
0.236000 0.993072
0.240000 0.993066
0.244000 0.993061
0.248000 0.993055
0.252000 0.993050
0.256000 0.993045
0.260000 0.993040
0.264000 0.993035
0.268000 0.993030
0.272000 0.993026
0.276000 0.993021
0.280000 0.993017
0.284000 0.993013
0.288000 0.993009
0.292000 0.993005
0.296000 0.993002
0.300000 0.992998
0.304000 0.992995
0.308000 0.992991
0.312000 0.992988
0.316000 0.992985
0.320000 0.992982
0.324000 0.992979
0.328000 0.992977
0.332000 0.992974
0.336000 0.992972
0.340000 0.992969
0.344000 0.992967
0.348000 0.992965
0.352000 0.992963
0.356000 0.992961
0.360000 0.992959
0.364000 0.992957
0.368000 0.992955
0.372000 0.992953
0.376000 0.992952
0.380000 0.992950
0.384000 0.992948
0.388000 0.992947
0.392000 0.992946
0.396000 0.992944
0.400000 0.992943
0.404000 0.992942
0.408000 0.992941
0.412000 0.992940
0.416000 0.992939
0.420000 0.992938
0.424000 0.992937
0.428000 0.992936
0.432000 0.992935
0.436000 0.992934
0.440000 0.992933
0.444000 0.992932
0.448000 0.992932
0.452000 0.992931
0.456000 0.992930
0.460000 0.992930
0.464000 0.992929
0.468000 0.992929
0.472000 0.992928
0.476000 0.992928
0.480000 0.992927
0.484000 0.992927
0.488000 0.992926
0.492000 0.992926
0.496000 0.992925
0.500000 0.992925
0.504000 0.992925
0.508000 0.992924
0.512000 0.992924
0.516000 0.992924
0.520000 0.992924
0.524000 0.992923
0.528000 0.992923
0.532000 0.992923
0.536000 0.992923
0.540000 0.992922
0.544000 0.992922
0.548000 0.992922
0.552000 0.992922
0.556000 0.992922
0.560000 0.992921
0.564000 0.992921
0.568000 0.992921
0.572000 0.992921
0.576000 0.992921
0.580000 0.992921
0.584000 0.992921
0.588000 0.992921
0.592000 0.992920
0.596000 0.992920
0.600000 0.992920
0.604000 0.992920
0.608000 0.992920
0.612000 0.992920
0.616000 0.992920
0.620000 0.992920
0.624000 0.992920
0.628000 0.992920
0.632000 0.992920
0.636000 0.992920
0.640000 0.992920
0.644000 0.992920
0.648000 0.992920
0.652000 0.992920
0.656000 0.992920
0.660000 0.992919
0.664000 0.992919
0.668000 0.992919
0.672000 0.992919
0.676000 0.992919
0.680000 0.992919
0.684000 0.992919
0.688000 0.992919
0.692000 0.992919
0.696000 0.992919
0.700000 0.992919
0.704000 0.992919
0.708000 0.992919
0.712000 0.992919
0.716000 0.992919
0.720000 0.992919
0.724000 0.992919
0.728000 0.992919
0.732000 0.992919
0.736000 0.992919
0.740000 0.992919
0.744000 0.992919
0.748000 0.992919
0.752000 0.992919
0.756000 0.992919
0.760000 0.992919
0.764000 0.992919
0.768000 0.992919
0.772000 0.992919
0.776000 0.992919
0.780000 0.992919
0.784000 0.992919
0.788000 0.992919
0.792000 0.992919
0.796000 0.992919
0.800000 0.992919
0.804000 0.992919
0.808000 0.992919
0.812000 0.992919
0.816000 0.992919
0.820000 0.992919
0.824000 0.992919
0.828000 0.992919
0.832000 0.992919
0.836000 0.992919
0.840000 0.992919
0.844000 0.992919
0.848000 0.992919
0.852000 0.992919
0.856000 0.992919
0.860000 0.992919
0.864000 0.992919
0.868000 0.992919
0.872000 0.992919
0.876000 0.992919
0.880000 0.992919
0.884000 0.992919
0.888000 0.992919
0.892000 0.992919
0.896000 0.992919
0.900000 0.992919
0.904000 0.992919
0.908000 0.992919
0.912000 0.992919
0.916000 0.992919
0.920000 0.992919
0.924000 0.992919
0.928000 0.992919
0.932000 0.992919
0.936000 0.992919
0.940000 0.992919
0.944000 0.992919
0.948000 0.992919
0.952000 0.992919
0.956000 0.992919
0.960000 0.992919
0.964000 0.992919
0.968000 0.992919
0.972000 0.992919
0.976000 0.992919
0.980000 0.992919
0.984000 0.992919
0.988000 0.992919
0.992000 0.992919
0.996000 0.992919
1.000000 0.992919
