-1.000000 0.994892
-0.996000 0.994892
-0.992000 0.994892
-0.988000 0.994892
-0.984000 0.994892
-0.980000 0.994892
-0.976000 0.994892
-0.972000 0.994892
-0.968000 0.994892
-0.964000 0.994892
-0.960000 0.994892
-0.956000 0.994892
-0.952000 0.994892
-0.948000 0.994891
-0.944000 0.994891
-0.940000 0.994891
-0.936000 0.994891
-0.932000 0.994891
-0.928000 0.994890
-0.924000 0.994890
-0.920000 0.994890
-0.916000 0.994889
-0.912000 0.994889
-0.908000 0.994888
-0.904000 0.994888
-0.900000 0.994887
-0.896000 0.994886
-0.892000 0.994885
-0.888000 0.994884
-0.884000 0.994883
-0.880000 0.994882
-0.876000 0.994880
-0.872000 0.994879
-0.868000 0.994877
-0.864000 0.994875
-0.860000 0.994872
-0.856000 0.994870
-0.852000 0.994867
-0.848000 0.994864
-0.844000 0.994860
-0.840000 0.994856
-0.836000 0.994852
-0.832000 0.994848
-0.828000 0.994843
-0.824000 0.994837
-0.820000 0.994831
-0.816000 0.994825
-0.812000 0.994818
-0.808000 0.994811
-0.804000 0.994803
-0.800000 0.994795
-0.796000 0.994785
-0.792000 0.994776
-0.788000 0.994766
-0.784000 0.994755
-0.780000 0.994743
-0.776000 0.994731
-0.772000 0.994718
-0.768000 0.994704
-0.764000 0.994690
-0.760000 0.994675
-0.756000 0.994659
-0.752000 0.994642
-0.748000 0.994625
-0.744000 0.994607
-0.740000 0.994588
-0.736000 0.994569
-0.732000 0.994549
-0.728000 0.994528
-0.724000 0.994506
-0.720000 0.994484
-0.716000 0.994461
-0.712000 0.994437
-0.708000 0.994413
-0.704000 0.994389
-0.700000 0.994363
-0.696000 0.994338
-0.692000 0.994311
-0.688000 0.994284
-0.684000 0.994257
-0.680000 0.994230
-0.676000 0.994202
-0.672000 0.994173
-0.668000 0.994145
-0.664000 0.994116
-0.660000 0.994087
-0.656000 0.994058
-0.652000 0.994029
-0.648000 0.993999
-0.644000 0.993970
-0.640000 0.993941
-0.636000 0.993911
-0.632000 0.993882
-0.628000 0.993853
-0.624000 0.993824
-0.620000 0.993796
-0.616000 0.993767
-0.612000 0.993739
-0.608000 0.993711
-0.604000 0.993684
-0.600000 0.993657
-0.596000 0.993630
-0.592000 0.993604
-0.588000 0.993578
-0.584000 0.993552
-0.580000 0.993527
-0.576000 0.993503
-0.572000 0.993479
-0.568000 0.993456
-0.564000 0.993433
-0.560000 0.993411
-0.556000 0.993390
-0.552000 0.993369
-0.548000 0.993348
-0.544000 0.993329
-0.540000 0.993309
-0.536000 0.993291
-0.532000 0.993273
-0.528000 0.993256
-0.524000 0.993239
-0.520000 0.993223
-0.516000 0.993207
-0.512000 0.993192
-0.508000 0.993178
-0.504000 0.993164
-0.500000 0.993151
-0.496000 0.993138
-0.492000 0.993126
-0.488000 0.993114
-0.484000 0.993103
-0.480000 0.993093
-0.476000 0.993083
-0.472000 0.993073
-0.468000 0.993064
-0.464000 0.993055
-0.460000 0.993047
-0.456000 0.993039
-0.452000 0.993032
-0.448000 0.993025
-0.444000 0.993018
-0.440000 0.993011
-0.436000 0.993005
-0.432000 0.993000
-0.428000 0.992995
-0.424000 0.992989
-0.420000 0.992985
-0.416000 0.992980
-0.412000 0.992976
-0.408000 0.992972
-0.404000 0.992968
-0.400000 0.992965
-0.396000 0.992962
-0.392000 0.992959
-0.388000 0.992956
-0.384000 0.992953
-0.380000 0.992951
-0.376000 0.992948
-0.372000 0.992946
-0.368000 0.992944
-0.364000 0.992942
-0.360000 0.992940
-0.356000 0.992939
-0.352000 0.992937
-0.348000 0.992936
-0.344000 0.992934
-0.340000 0.992933
-0.336000 0.992932
-0.332000 0.992931
-0.328000 0.992930
-0.324000 0.992929
-0.320000 0.992928
-0.316000 0.992928
-0.312000 0.992927
-0.308000 0.992926
-0.304000 0.992926
-0.300000 0.992925
-0.296000 0.992925
-0.292000 0.992924
-0.288000 0.992924
-0.284000 0.992923
-0.280000 0.992923
-0.276000 0.992923
-0.272000 0.992922
-0.268000 0.992922
-0.264000 0.992922
-0.260000 0.992921
-0.256000 0.992921
-0.252000 0.992921
-0.248000 0.992921
-0.244000 0.992921
-0.240000 0.992921
-0.236000 0.992920
-0.232000 0.992920
-0.228000 0.992920
-0.224000 0.992920
-0.220000 0.992920
-0.216000 0.992920
-0.212000 0.992920
-0.208000 0.992920
-0.204000 0.992920
-0.200000 0.992920
-0.196000 0.992920
-0.192000 0.992919
-0.188000 0.992919
-0.184000 0.992919
-0.180000 0.992919
-0.176000 0.992919
-0.172000 0.992919
-0.168000 0.992919
-0.164000 0.992919
-0.160000 0.992919
-0.156000 0.992919
-0.152000 0.992919
-0.148000 0.992919
-0.144000 0.992919
-0.140000 0.992919
-0.136000 0.992919
-0.132000 0.992919
-0.128000 0.992919
-0.124000 0.992919
-0.120000 0.992919
-0.116000 0.992919
-0.112000 0.992919
-0.108000 0.992919
-0.104000 0.992919
-0.100000 0.992919
-0.096000 0.992919
-0.092000 0.992919
-0.088000 0.992919
-0.084000 0.992919
-0.080000 0.992919
-0.076000 0.992919
-0.072000 0.992919
-0.068000 0.992919
-0.064000 0.992919
-0.060000 0.992919
-0.056000 0.992919
-0.052000 0.992919
-0.048000 0.992919
-0.044000 0.992919
-0.040000 0.992919
-0.036000 0.992919
-0.032000 0.992919
-0.028000 0.992919
-0.024000 0.992919
-0.020000 0.992919
-0.016000 0.992919
-0.012000 0.992919
-0.008000 0.992919
-0.004000 0.992919
0.000000 0.992919
0.004000 0.992919
0.008000 0.992919
0.012000 0.992919
0.016000 0.992919
0.020000 0.992919
0.024000 0.992919
0.028000 0.992919
0.032000 0.992919
0.036000 0.992919
0.040000 0.992919
0.044000 0.992919
0.048000 0.992919
0.052000 0.992919
0.056000 0.992919
0.060000 0.992919
0.064000 0.992919
0.068000 0.992919
0.072000 0.992919
0.076000 0.992919
0.080000 0.992919
0.084000 0.992919
0.088000 0.992919
0.092000 0.992919
0.096000 0.992919
0.100000 0.992919
0.104000 0.992919
0.108000 0.992919
0.112000 0.992919
0.116000 0.992919
0.120000 0.992919
0.124000 0.992919
0.128000 0.992919
0.132000 0.992919
0.136000 0.992919
0.140000 0.992919
0.144000 0.992919
0.148000 0.992919
0.152000 0.992919
0.156000 0.992919
0.160000 0.992919
0.164000 0.992919
0.168000 0.992919
0.172000 0.992919
0.176000 0.992919
0.180000 0.992919
0.184000 0.992919
0.188000 0.992919
0.192000 0.992919
0.196000 0.992919
0.200000 0.992919
0.204000 0.992919
0.208000 0.992919
0.212000 0.992919
0.216000 0.992919
0.220000 0.992919
0.224000 0.992919
0.228000 0.992919
0.232000 0.992919
0.236000 0.992919
0.240000 0.992919
0.244000 0.992919
0.248000 0.992919
0.252000 0.992919
0.256000 0.992919
0.260000 0.992919
0.264000 0.992919
0.268000 0.992919
0.272000 0.992919
0.276000 0.992919
0.280000 0.992919
0.284000 0.992919
0.288000 0.992919
0.292000 0.992919
0.296000 0.992919
0.300000 0.992919
0.304000 0.992919
0.308000 0.992919
0.312000 0.992919
0.316000 0.992919
0.320000 0.992919
0.324000 0.992919
0.328000 0.992919
0.332000 0.992919
0.336000 0.992919
0.340000 0.992919
0.344000 0.992919
0.348000 0.992919
0.352000 0.992919
0.356000 0.992919
0.360000 0.992919
0.364000 0.992919
0.368000 0.992919
0.372000 0.992919
0.376000 0.992919
0.380000 0.992919
0.384000 0.992919
0.388000 0.992919
0.392000 0.992919
0.396000 0.992919
0.400000 0.992919
0.404000 0.992919
0.408000 0.992919
0.412000 0.992919
0.416000 0.992919
0.420000 0.992919
0.424000 0.992919
0.428000 0.992919
0.432000 0.992919
0.436000 0.992919
0.440000 0.992919
0.444000 0.992919
0.448000 0.992919
0.452000 0.992919
0.456000 0.992919
0.460000 0.992919
0.464000 0.992919
0.468000 0.992919
0.472000 0.992919
0.476000 0.992919
0.480000 0.992919
0.484000 0.992919
0.488000 0.992919
0.492000 0.992919
0.496000 0.992919
0.500000 0.992919
0.504000 0.992919
0.508000 0.992919
0.512000 0.992919
0.516000 0.992919
0.520000 0.992919
0.524000 0.992919
0.528000 0.992919
0.532000 0.992919
0.536000 0.992919
0.540000 0.992919
0.544000 0.992919
0.548000 0.992919
0.552000 0.992919
0.556000 0.992919
0.560000 0.992919
0.564000 0.992919
0.568000 0.992919
0.572000 0.992919
0.576000 0.992919
0.580000 0.992919
0.584000 0.992919
0.588000 0.992919
0.592000 0.992919
0.596000 0.992919
0.600000 0.992919
0.604000 0.992919
0.608000 0.992919
0.612000 0.992919
0.616000 0.992919
0.620000 0.992919
0.624000 0.992919
0.628000 0.992919
0.632000 0.992919
0.636000 0.992919
0.640000 0.992919
0.644000 0.992919
0.648000 0.992919
0.652000 0.992919
0.656000 0.992919
0.660000 0.992919
0.664000 0.992919
0.668000 0.992919
0.672000 0.992919
0.676000 0.992919
0.680000 0.992919
0.684000 0.992919
0.688000 0.992919
0.692000 0.992919
0.696000 0.992919
0.700000 0.992919
0.704000 0.992919
0.708000 0.992919
0.712000 0.992919
0.716000 0.992919
0.720000 0.992919
0.724000 0.992919
0.728000 0.992919
0.732000 0.992919
0.736000 0.992919
0.740000 0.992919
0.744000 0.992919
0.748000 0.992919
0.752000 0.992919
0.756000 0.992919
0.760000 0.992919
0.764000 0.992919
0.768000 0.992919
0.772000 0.992919
0.776000 0.992919
0.780000 0.992919
0.784000 0.992919
0.788000 0.992919
0.792000 0.992919
0.796000 0.992919
0.800000 0.992919
0.804000 0.992919
0.808000 0.992919
0.812000 0.992919
0.816000 0.992919
0.820000 0.992919
0.824000 0.992919
0.828000 0.992919
0.832000 0.992919
0.836000 0.992919
0.840000 0.992919
0.844000 0.992919
0.848000 0.992919
0.852000 0.992919
0.856000 0.992919
0.860000 0.992919
0.864000 0.992919
0.868000 0.992919
0.872000 0.992919
0.876000 0.992919
0.880000 0.992919
0.884000 0.992919
0.888000 0.992919
0.892000 0.992919
0.896000 0.992919
0.900000 0.992919
0.904000 0.992919
0.908000 0.992919
0.912000 0.992919
0.916000 0.992919
0.920000 0.992919
0.924000 0.992919
0.928000 0.992919
0.932000 0.992919
0.936000 0.992919
0.940000 0.992919
0.944000 0.992919
0.948000 0.992919
0.952000 0.992919
0.956000 0.992919
0.960000 0.992919
0.964000 0.992919
0.968000 0.992919
0.972000 0.992919
0.976000 0.992919
0.980000 0.992919
0.984000 0.992919
0.988000 0.992919
0.992000 0.992919
0.996000 0.992919
1.000000 0.992919
