-1.000000 0.994892
-0.996000 0.994892
-0.992000 0.994892
-0.988000 0.994892
-0.984000 0.994892
-0.980000 0.994892
-0.976000 0.994892
-0.972000 0.994892
-0.968000 0.994892
-0.964000 0.994892
-0.960000 0.994892
-0.956000 0.994892
-0.952000 0.994892
-0.948000 0.994892
-0.944000 0.994892
-0.940000 0.994892
-0.936000 0.994892
-0.932000 0.994892
-0.928000 0.994892
-0.924000 0.994892
-0.920000 0.994892
-0.916000 0.994892
-0.912000 0.994892
-0.908000 0.994892
-0.904000 0.994892
-0.900000 0.994892
-0.896000 0.994892
-0.892000 0.994892
-0.888000 0.994892
-0.884000 0.994892
-0.880000 0.994892
-0.876000 0.994892
-0.872000 0.994892
-0.868000 0.994892
-0.864000 0.994892
-0.860000 0.994892
-0.856000 0.994892
-0.852000 0.994892
-0.848000 0.994892
-0.844000 0.994892
-0.840000 0.994892
-0.836000 0.994892
-0.832000 0.994892
-0.828000 0.994892
-0.824000 0.994892
-0.820000 0.994892
-0.816000 0.994892
-0.812000 0.994892
-0.808000 0.994892
-0.804000 0.994892
-0.800000 0.994892
-0.796000 0.994892
-0.792000 0.994892
-0.788000 0.994892
-0.784000 0.994892
-0.780000 0.994891
-0.776000 0.994891
-0.772000 0.994891
-0.768000 0.994891
-0.764000 0.994891
-0.760000 0.994891
-0.756000 0.994891
-0.752000 0.994891
-0.748000 0.994891
-0.744000 0.994890
-0.740000 0.994890
-0.736000 0.994890
-0.732000 0.994890
-0.728000 0.994890
-0.724000 0.994889
-0.720000 0.994889
-0.716000 0.994889
-0.712000 0.994888
-0.708000 0.994888
-0.704000 0.994887
-0.700000 0.994887
-0.696000 0.994886
-0.692000 0.994886
-0.688000 0.994885
-0.684000 0.994884
-0.680000 0.994884
-0.676000 0.994883
-0.672000 0.994882
-0.668000 0.994881
-0.664000 0.994880
-0.660000 0.994879
-0.656000 0.994878
-0.652000 0.994877
-0.648000 0.994875
-0.644000 0.994874
-0.640000 0.994872
-0.636000 0.994870
-0.632000 0.994869
-0.628000 0.994867
-0.624000 0.994865
-0.620000 0.994862
-0.616000 0.994860
-0.612000 0.994857
-0.608000 0.994855
-0.604000 0.994852
-0.600000 0.994849
-0.596000 0.994846
-0.592000 0.994842
-0.588000 0.994839
-0.584000 0.994835
-0.580000 0.994831
-0.576000 0.994826
-0.572000 0.994822
-0.568000 0.994817
-0.564000 0.994812
-0.560000 0.994807
-0.556000 0.994801
-0.552000 0.994796
-0.548000 0.994789
-0.544000 0.994783
-0.540000 0.994776
-0.536000 0.994770
-0.532000 0.994762
-0.528000 0.994755
-0.524000 0.994747
-0.520000 0.994739
-0.516000 0.994730
-0.512000 0.994721
-0.508000 0.994712
-0.504000 0.994702
-0.500000 0.994692
-0.496000 0.994682
-0.492000 0.994671
-0.488000 0.994660
-0.484000 0.994649
-0.480000 0.994637
-0.476000 0.994625
-0.472000 0.994612
-0.468000 0.994600
-0.464000 0.994586
-0.460000 0.994573
-0.456000 0.994559
-0.452000 0.994544
-0.448000 0.994530
-0.444000 0.994515
-0.440000 0.994499
-0.436000 0.994484
-0.432000 0.994468
-0.428000 0.994451
-0.424000 0.994435
-0.420000 0.994418
-0.416000 0.994400
-0.412000 0.994383
-0.408000 0.994365
-0.404000 0.994346
-0.400000 0.994328
-0.396000 0.994309
-0.392000 0.994290
-0.388000 0.994271
-0.384000 0.994252
-0.380000 0.994232
-0.376000 0.994212
-0.372000 0.994192
-0.368000 0.994172
-0.364000 0.994152
-0.360000 0.994131
-0.356000 0.994110
-0.352000 0.994090
-0.348000 0.994069
-0.344000 0.994048
-0.340000 0.994027
-0.336000 0.994006
-0.332000 0.993985
-0.328000 0.993964
-0.324000 0.993943
-0.320000 0.993922
-0.316000 0.993901
-0.312000 0.993880
-0.308000 0.993859
-0.304000 0.993838
-0.300000 0.993817
-0.296000 0.993796
-0.292000 0.993776
-0.288000 0.993755
-0.284000 0.993735
-0.280000 0.993714
-0.276000 0.993694
-0.272000 0.993675
-0.268000 0.993655
-0.264000 0.993635
-0.260000 0.993616
-0.256000 0.993597
-0.252000 0.993578
-0.248000 0.993560
-0.244000 0.993541
-0.240000 0.993523
-0.236000 0.993506
-0.232000 0.993488
-0.228000 0.993471
-0.224000 0.993454
-0.220000 0.993437
-0.216000 0.993421
-0.212000 0.993405
-0.208000 0.993389
-0.204000 0.993374
-0.200000 0.993358
-0.196000 0.993344
-0.192000 0.993329
-0.188000 0.993315
-0.184000 0.993301
-0.180000 0.993288
-0.176000 0.993274
-0.172000 0.993261
-0.168000 0.993249
-0.164000 0.993237
-0.160000 0.993225
-0.156000 0.993213
-0.152000 0.993202
-0.148000 0.993191
-0.144000 0.993180
-0.140000 0.993170
-0.136000 0.993160
-0.132000 0.993150
-0.128000 0.993140
-0.124000 0.993131
-0.120000 0.993122
-0.116000 0.993114
-0.112000 0.993106
-0.108000 0.993098
-0.104000 0.993090
-0.100000 0.993082
-0.096000 0.993075
-0.092000 0.993068
-0.088000 0.993061
-0.084000 0.993055
-0.080000 0.993049
-0.076000 0.993043
-0.072000 0.993037
-0.068000 0.993031
-0.064000 0.993026
-0.060000 0.993021
-0.056000 0.993016
-0.052000 0.993011
-0.048000 0.993007
-0.044000 0.993002
-0.040000 0.992998
-0.036000 0.992994
-0.032000 0.992990
-0.028000 0.992987
-0.024000 0.992983
-0.020000 0.992980
-0.016000 0.992977
-0.012000 0.992974
-0.008000 0.992971
-0.004000 0.992968
0.000000 0.992965
0.004000 0.992963
0.008000 0.992960
0.012000 0.992958
0.016000 0.992956
0.020000 0.992954
0.024000 0.992952
0.028000 0.992950
0.032000 0.992948
0.036000 0.992947
0.040000 0.992945
0.044000 0.992944
0.048000 0.992942
0.052000 0.992941
0.056000 0.992939
0.060000 0.992938
0.064000 0.992937
0.068000 0.992936
0.072000 0.992935
0.076000 0.992934
0.080000 0.992933
0.084000 0.992932
0.088000 0.992931
0.092000 0.992931
0.096000 0.992930
0.100000 0.992929
0.104000 0.992929
0.108000 0.992928
0.112000 0.992927
0.116000 0.992927
0.120000 0.992926
0.124000 0.992926
0.128000 0.992925
0.132000 0.992925
0.136000 0.992925
0.140000 0.992924
0.144000 0.992924
0.148000 0.992924
0.152000 0.992923
0.156000 0.992923
0.160000 0.992923
0.164000 0.992922
0.168000 0.992922
0.172000 0.992922
0.176000 0.992922
0.180000 0.992922
0.184000 0.992921
0.188000 0.992921
0.192000 0.992921
0.196000 0.992921
0.200000 0.992921
0.204000 0.992921
0.208000 0.992921
0.212000 0.992920
0.216000 0.992920
0.220000 0.992920
0.224000 0.992920
0.228000 0.992920
0.232000 0.992920
0.236000 0.992920
0.240000 0.992920
0.244000 0.992920
0.248000 0.992920
0.252000 0.992920
0.256000 0.992920
0.260000 0.992920
0.264000 0.992920
0.268000 0.992919
0.272000 0.992919
0.276000 0.992919
0.280000 0.992919
0.284000 0.992919
0.288000 0.992919
0.292000 0.992919
0.296000 0.992919
0.300000 0.992919
0.304000 0.992919
0.308000 0.992919
0.312000 0.992919
0.316000 0.992919
0.320000 0.992919
0.324000 0.992919
0.328000 0.992919
0.332000 0.992919
0.336000 0.992919
0.340000 0.992919
0.344000 0.992919
0.348000 0.992919
0.352000 0.992919
0.356000 0.992919
0.360000 0.992919
0.364000 0.992919
0.368000 0.992919
0.372000 0.992919
0.376000 0.992919
0.380000 0.992919
0.384000 0.992919
0.388000 0.992919
0.392000 0.992919
0.396000 0.992919
0.400000 0.992919
0.404000 0.992919
0.408000 0.992919
0.412000 0.992919
0.416000 0.992919
0.420000 0.992919
0.424000 0.992919
0.428000 0.992919
0.432000 0.992919
0.436000 0.992919
0.440000 0.992919
0.444000 0.992919
0.448000 0.992919
0.452000 0.992919
0.456000 0.992919
0.460000 0.992919
0.464000 0.992919
0.468000 0.992919
0.472000 0.992919
0.476000 0.992919
0.480000 0.992919
0.484000 0.992919
0.488000 0.992919
0.492000 0.992919
0.496000 0.992919
0.500000 0.992919
0.504000 0.992919
0.508000 0.992919
0.512000 0.992919
0.516000 0.992919
0.520000 0.992919
0.524000 0.992919
0.528000 0.992919
0.532000 0.992919
0.536000 0.992919
0.540000 0.992919
0.544000 0.992919
0.548000 0.992919
0.552000 0.992919
0.556000 0.992919
0.560000 0.992919
0.564000 0.992919
0.568000 0.992919
0.572000 0.992919
0.576000 0.992919
0.580000 0.992919
0.584000 0.992919
0.588000 0.992919
0.592000 0.992919
0.596000 0.992919
0.600000 0.992919
0.604000 0.992919
0.608000 0.992919
0.612000 0.992919
0.616000 0.992919
0.620000 0.992919
0.624000 0.992919
0.628000 0.992919
0.632000 0.992919
0.636000 0.992919
0.640000 0.992919
0.644000 0.992919
0.648000 0.992919
0.652000 0.992919
0.656000 0.992919
0.660000 0.992919
0.664000 0.992919
0.668000 0.992919
0.672000 0.992919
0.676000 0.992919
0.680000 0.992919
0.684000 0.992919
0.688000 0.992919
0.692000 0.992919
0.696000 0.992919
0.700000 0.992919
0.704000 0.992919
0.708000 0.992919
0.712000 0.992919
0.716000 0.992919
0.720000 0.992919
0.724000 0.992919
0.728000 0.992919
0.732000 0.992919
0.736000 0.992919
0.740000 0.992919
0.744000 0.992919
0.748000 0.992919
0.752000 0.992919
0.756000 0.992919
0.760000 0.992919
0.764000 0.992919
0.768000 0.992919
0.772000 0.992919
0.776000 0.992919
0.780000 0.992919
0.784000 0.992919
0.788000 0.992919
0.792000 0.992919
0.796000 0.992919
0.800000 0.992919
0.804000 0.992919
0.808000 0.992919
0.812000 0.992919
0.816000 0.992919
0.820000 0.992919
0.824000 0.992919
0.828000 0.992919
0.832000 0.992919
0.836000 0.992919
0.840000 0.992919
0.844000 0.992919
0.848000 0.992919
0.852000 0.992919
0.856000 0.992919
0.860000 0.992919
0.864000 0.992919
0.868000 0.992919
0.872000 0.992919
0.876000 0.992919
0.880000 0.992919
0.884000 0.992919
0.888000 0.992919
0.892000 0.992919
0.896000 0.992919
0.900000 0.992919
0.904000 0.992919
0.908000 0.992919
0.912000 0.992919
0.916000 0.992919
0.920000 0.992919
0.924000 0.992919
0.928000 0.992919
0.932000 0.992919
0.936000 0.992919
0.940000 0.992919
0.944000 0.992919
0.948000 0.992919
0.952000 0.992919
0.956000 0.992919
0.960000 0.992919
0.964000 0.992919
0.968000 0.992919
0.972000 0.992919
0.976000 0.992919
0.980000 0.992919
0.984000 0.992919
0.988000 0.992919
0.992000 0.992919
0.996000 0.992919
1.000000 0.992919
