-1.000000 0.994892
-0.996000 0.994892
-0.992000 0.994892
-0.988000 0.994892
-0.984000 0.994892
-0.980000 0.994892
-0.976000 0.994892
-0.972000 0.994892
-0.968000 0.994892
-0.964000 0.994892
-0.960000 0.994892
-0.956000 0.994892
-0.952000 0.994892
-0.948000 0.994892
-0.944000 0.994892
-0.940000 0.994892
-0.936000 0.994892
-0.932000 0.994892
-0.928000 0.994892
-0.924000 0.994892
-0.920000 0.994892
-0.916000 0.994892
-0.912000 0.994892
-0.908000 0.994892
-0.904000 0.994892
-0.900000 0.994892
-0.896000 0.994892
-0.892000 0.994892
-0.888000 0.994892
-0.884000 0.994892
-0.880000 0.994892
-0.876000 0.994892
-0.872000 0.994892
-0.868000 0.994892
-0.864000 0.994892
-0.860000 0.994892
-0.856000 0.994892
-0.852000 0.994892
-0.848000 0.994892
-0.844000 0.994892
-0.840000 0.994892
-0.836000 0.994892
-0.832000 0.994892
-0.828000 0.994892
-0.824000 0.994892
-0.820000 0.994892
-0.816000 0.994892
-0.812000 0.994892
-0.808000 0.994892
-0.804000 0.994892
-0.800000 0.994892
-0.796000 0.994892
-0.792000 0.994892
-0.788000 0.994892
-0.784000 0.994892
-0.780000 0.994892
-0.776000 0.994892
-0.772000 0.994892
-0.768000 0.994892
-0.764000 0.994892
-0.760000 0.994892
-0.756000 0.994892
-0.752000 0.994892
-0.748000 0.994892
-0.744000 0.994892
-0.740000 0.994891
-0.736000 0.994891
-0.732000 0.994891
-0.728000 0.994891
-0.724000 0.994891
-0.720000 0.994891
-0.716000 0.994891
-0.712000 0.994891
-0.708000 0.994891
-0.704000 0.994891
-0.700000 0.994890
-0.696000 0.994890
-0.692000 0.994890
-0.688000 0.994890
-0.684000 0.994890
-0.680000 0.994889
-0.676000 0.994889
-0.672000 0.994889
-0.668000 0.994888
-0.664000 0.994888
-0.660000 0.994888
-0.656000 0.994887
-0.652000 0.994887
-0.648000 0.994886
-0.644000 0.994886
-0.640000 0.994885
-0.636000 0.994885
-0.632000 0.994884
-0.628000 0.994883
-0.624000 0.994882
-0.620000 0.994882
-0.616000 0.994881
-0.612000 0.994880
-0.608000 0.994879
-0.604000 0.994877
-0.600000 0.994876
-0.596000 0.994875
-0.592000 0.994873
-0.588000 0.994872
-0.584000 0.994870
-0.580000 0.994869
-0.576000 0.994867
-0.572000 0.994865
-0.568000 0.994863
-0.564000 0.994861
-0.560000 0.994858
-0.556000 0.994856
-0.552000 0.994853
-0.548000 0.994850
-0.544000 0.994847
-0.540000 0.994844
-0.536000 0.994841
-0.532000 0.994837
-0.528000 0.994834
-0.524000 0.994830
-0.520000 0.994826
-0.516000 0.994822
-0.512000 0.994817
-0.508000 0.994812
-0.504000 0.994807
-0.500000 0.994802
-0.496000 0.994797
-0.492000 0.994791
-0.488000 0.994785
-0.484000 0.994779
-0.480000 0.994772
-0.476000 0.994766
-0.472000 0.994759
-0.468000 0.994751
-0.464000 0.994744
-0.460000 0.994736
-0.456000 0.994728
-0.452000 0.994719
-0.448000 0.994710
-0.444000 0.994701
-0.440000 0.994692
-0.436000 0.994682
-0.432000 0.994672
-0.428000 0.994661
-0.424000 0.994651
-0.420000 0.994640
-0.416000 0.994628
-0.412000 0.994616
-0.408000 0.994604
-0.404000 0.994592
-0.400000 0.994579
-0.396000 0.994566
-0.392000 0.994553
-0.388000 0.994539
-0.384000 0.994525
-0.380000 0.994511
-0.376000 0.994496
-0.372000 0.994481
-0.368000 0.994466
-0.364000 0.994450
-0.360000 0.994434
-0.356000 0.994418
-0.352000 0.994402
-0.348000 0.994385
-0.344000 0.994368
-0.340000 0.994351
-0.336000 0.994334
-0.332000 0.994316
-0.328000 0.994298
-0.324000 0.994280
-0.320000 0.994261
-0.316000 0.994243
-0.312000 0.994224
-0.308000 0.994205
-0.304000 0.994186
-0.300000 0.994167
-0.296000 0.994147
-0.292000 0.994128
-0.288000 0.994108
-0.284000 0.994089
-0.280000 0.994069
-0.276000 0.994049
-0.272000 0.994029
-0.268000 0.994009
-0.264000 0.993989
-0.260000 0.993969
-0.256000 0.993949
-0.252000 0.993929
-0.248000 0.993909
-0.244000 0.993889
-0.240000 0.993869
-0.236000 0.993849
-0.232000 0.993829
-0.228000 0.993809
-0.224000 0.993790
-0.220000 0.993770
-0.216000 0.993750
-0.212000 0.993731
-0.208000 0.993712
-0.204000 0.993693
-0.200000 0.993674
-0.196000 0.993655
-0.192000 0.993637
-0.188000 0.993618
-0.184000 0.993600
-0.180000 0.993582
-0.176000 0.993565
-0.172000 0.993547
-0.168000 0.993530
-0.164000 0.993513
-0.160000 0.993496
-0.156000 0.993479
-0.152000 0.993463
-0.148000 0.993447
-0.144000 0.993431
-0.140000 0.993416
-0.136000 0.993400
-0.132000 0.993385
-0.128000 0.993371
-0.124000 0.993356
-0.120000 0.993342
-0.116000 0.993329
-0.112000 0.993315
-0.108000 0.993302
-0.104000 0.993289
-0.100000 0.993276
-0.096000 0.993264
-0.092000 0.993252
-0.088000 0.993240
-0.084000 0.993228
-0.080000 0.993217
-0.076000 0.993206
-0.072000 0.993196
-0.068000 0.993185
-0.064000 0.993175
-0.060000 0.993166
-0.056000 0.993156
-0.052000 0.993147
-0.048000 0.993138
-0.044000 0.993129
-0.040000 0.993121
-0.036000 0.993113
-0.032000 0.993105
-0.028000 0.993097
-0.024000 0.993090
-0.020000 0.993083
-0.016000 0.993076
-0.012000 0.993069
-0.008000 0.993063
-0.004000 0.993056
0.000000 0.993050
0.004000 0.993044
0.008000 0.993039
0.012000 0.993033
0.016000 0.993028
0.020000 0.993023
0.024000 0.993018
0.028000 0.993014
0.032000 0.993009
0.036000 0.993005
0.040000 0.993001
0.044000 0.992997
0.048000 0.992993
0.052000 0.992990
0.056000 0.992986
0.060000 0.992983
0.064000 0.992980
0.068000 0.992977
0.072000 0.992974
0.076000 0.992971
0.080000 0.992968
0.084000 0.992966
0.088000 0.992963
0.092000 0.992961
0.096000 0.992959
0.100000 0.992957
0.104000 0.992955
0.108000 0.992953
0.112000 0.992951
0.116000 0.992949
0.120000 0.992948
0.124000 0.992946
0.128000 0.992945
0.132000 0.992943
0.136000 0.992942
0.140000 0.992940
0.144000 0.992939
0.148000 0.992938
0.152000 0.992937
0.156000 0.992936
0.160000 0.992935
0.164000 0.992934
0.168000 0.992933
0.172000 0.992932
0.176000 0.992932
0.180000 0.992931
0.184000 0.992930
0.188000 0.992929
0.192000 0.992929
0.196000 0.992928
0.200000 0.992928
0.204000 0.992927
0.208000 0.992927
0.212000 0.992926
0.216000 0.992926
0.220000 0.992925
0.224000 0.992925
0.228000 0.992924
0.232000 0.992924
0.236000 0.992924
0.240000 0.992923
0.244000 0.992923
0.248000 0.992923
0.252000 0.992923
0.256000 0.992922
0.260000 0.992922
0.264000 0.992922
0.268000 0.992922
0.272000 0.992922
0.276000 0.992921
0.280000 0.992921
0.284000 0.992921
0.288000 0.992921
0.292000 0.992921
0.296000 0.992921
0.300000 0.992921
0.304000 0.992920
0.308000 0.992920
0.312000 0.992920
0.316000 0.992920
0.320000 0.992920
0.324000 0.992920
0.328000 0.992920
0.332000 0.992920
0.336000 0.992920
0.340000 0.992920
0.344000 0.992920
0.348000 0.992920
0.352000 0.992920
0.356000 0.992920
0.360000 0.992920
0.364000 0.992919
0.368000 0.992919
0.372000 0.992919
0.376000 0.992919
0.380000 0.992919
0.384000 0.992919
0.388000 0.992919
0.392000 0.992919
0.396000 0.992919
0.400000 0.992919
0.404000 0.992919
0.408000 0.992919
0.412000 0.992919
0.416000 0.992919
0.420000 0.992919
0.424000 0.992919
0.428000 0.992919
0.432000 0.992919
0.436000 0.992919
0.440000 0.992919
0.444000 0.992919
0.448000 0.992919
0.452000 0.992919
0.456000 0.992919
0.460000 0.992919
0.464000 0.992919
0.468000 0.992919
0.472000 0.992919
0.476000 0.992919
0.480000 0.992919
0.484000 0.992919
0.488000 0.992919
0.492000 0.992919
0.496000 0.992919
0.500000 0.992919
0.504000 0.992919
0.508000 0.992919
0.512000 0.992919
0.516000 0.992919
0.520000 0.992919
0.524000 0.992919
0.528000 0.992919
0.532000 0.992919
0.536000 0.992919
0.540000 0.992919
0.544000 0.992919
0.548000 0.992919
0.552000 0.992919
0.556000 0.992919
0.560000 0.992919
0.564000 0.992919
0.568000 0.992919
0.572000 0.992919
0.576000 0.992919
0.580000 0.992919
0.584000 0.992919
0.588000 0.992919
0.592000 0.992919
0.596000 0.992919
0.600000 0.992919
0.604000 0.992919
0.608000 0.992919
0.612000 0.992919
0.616000 0.992919
0.620000 0.992919
0.624000 0.992919
0.628000 0.992919
0.632000 0.992919
0.636000 0.992919
0.640000 0.992919
0.644000 0.992919
0.648000 0.992919
0.652000 0.992919
0.656000 0.992919
0.660000 0.992919
0.664000 0.992919
0.668000 0.992919
0.672000 0.992919
0.676000 0.992919
0.680000 0.992919
0.684000 0.992919
0.688000 0.992919
0.692000 0.992919
0.696000 0.992919
0.700000 0.992919
0.704000 0.992919
0.708000 0.992919
0.712000 0.992919
0.716000 0.992919
0.720000 0.992919
0.724000 0.992919
0.728000 0.992919
0.732000 0.992919
0.736000 0.992919
0.740000 0.992919
0.744000 0.992919
0.748000 0.992919
0.752000 0.992919
0.756000 0.992919
0.760000 0.992919
0.764000 0.992919
0.768000 0.992919
0.772000 0.992919
0.776000 0.992919
0.780000 0.992919
0.784000 0.992919
0.788000 0.992919
0.792000 0.992919
0.796000 0.992919
0.800000 0.992919
0.804000 0.992919
0.808000 0.992919
0.812000 0.992919
0.816000 0.992919
0.820000 0.992919
0.824000 0.992919
0.828000 0.992919
0.832000 0.992919
0.836000 0.992919
0.840000 0.992919
0.844000 0.992919
0.848000 0.992919
0.852000 0.992919
0.856000 0.992919
0.860000 0.992919
0.864000 0.992919
0.868000 0.992919
0.872000 0.992919
0.876000 0.992919
0.880000 0.992919
0.884000 0.992919
0.888000 0.992919
0.892000 0.992919
0.896000 0.992919
0.900000 0.992919
0.904000 0.992919
0.908000 0.992919
0.912000 0.992919
0.916000 0.992919
0.920000 0.992919
0.924000 0.992919
0.928000 0.992919
0.932000 0.992919
0.936000 0.992919
0.940000 0.992919
0.944000 0.992919
0.948000 0.992919
0.952000 0.992919
0.956000 0.992919
0.960000 0.992919
0.964000 0.992919
0.968000 0.992919
0.972000 0.992919
0.976000 0.992919
0.980000 0.992919
0.984000 0.992919
0.988000 0.992919
0.992000 0.992919
0.996000 0.992919
1.000000 0.992919
