-1.000000 0.994892
-0.996000 0.994892
-0.992000 0.994892
-0.988000 0.994892
-0.984000 0.994892
-0.980000 0.994892
-0.976000 0.994892
-0.972000 0.994892
-0.968000 0.994892
-0.964000 0.994892
-0.960000 0.994892
-0.956000 0.994892
-0.952000 0.994892
-0.948000 0.994892
-0.944000 0.994892
-0.940000 0.994892
-0.936000 0.994892
-0.932000 0.994892
-0.928000 0.994892
-0.924000 0.994892
-0.920000 0.994892
-0.916000 0.994892
-0.912000 0.994892
-0.908000 0.994892
-0.904000 0.994892
-0.900000 0.994892
-0.896000 0.994892
-0.892000 0.994892
-0.888000 0.994892
-0.884000 0.994892
-0.880000 0.994892
-0.876000 0.994892
-0.872000 0.994892
-0.868000 0.994892
-0.864000 0.994892
-0.860000 0.994892
-0.856000 0.994892
-0.852000 0.994892
-0.848000 0.994892
-0.844000 0.994892
-0.840000 0.994892
-0.836000 0.994892
-0.832000 0.994892
-0.828000 0.994892
-0.824000 0.994892
-0.820000 0.994892
-0.816000 0.994892
-0.812000 0.994892
-0.808000 0.994892
-0.804000 0.994892
-0.800000 0.994892
-0.796000 0.994892
-0.792000 0.994892
-0.788000 0.994892
-0.784000 0.994892
-0.780000 0.994892
-0.776000 0.994892
-0.772000 0.994892
-0.768000 0.994892
-0.764000 0.994892
-0.760000 0.994892
-0.756000 0.994892
-0.752000 0.994891
-0.748000 0.994891
-0.744000 0.994891
-0.740000 0.994891
-0.736000 0.994891
-0.732000 0.994891
-0.728000 0.994891
-0.724000 0.994891
-0.720000 0.994891
-0.716000 0.994891
-0.712000 0.994890
-0.708000 0.994890
-0.704000 0.994890
-0.700000 0.994890
-0.696000 0.994890
-0.692000 0.994889
-0.688000 0.994889
-0.684000 0.994889
-0.680000 0.994888
-0.676000 0.994888
-0.672000 0.994888
-0.668000 0.994887
-0.664000 0.994887
-0.660000 0.994886
-0.656000 0.994886
-0.652000 0.994885
-0.648000 0.994884
-0.644000 0.994884
-0.640000 0.994883
-0.636000 0.994882
-0.632000 0.994881
-0.628000 0.994880
-0.624000 0.994879
-0.620000 0.994878
-0.616000 0.994877
-0.612000 0.994875
-0.608000 0.994874
-0.604000 0.994872
-0.600000 0.994871
-0.596000 0.994869
-0.592000 0.994867
-0.588000 0.994865
-0.584000 0.994863
-0.580000 0.994861
-0.576000 0.994859
-0.572000 0.994856
-0.568000 0.994853
-0.564000 0.994851
-0.560000 0.994848
-0.556000 0.994845
-0.552000 0.994841
-0.548000 0.994838
-0.544000 0.994834
-0.540000 0.994830
-0.536000 0.994826
-0.532000 0.994822
-0.528000 0.994817
-0.524000 0.994812
-0.520000 0.994807
-0.516000 0.994802
-0.512000 0.994796
-0.508000 0.994791
-0.504000 0.994784
-0.500000 0.994778
-0.496000 0.994772
-0.492000 0.994765
-0.488000 0.994757
-0.484000 0.994750
-0.480000 0.994742
-0.476000 0.994734
-0.472000 0.994726
-0.468000 0.994717
-0.464000 0.994708
-0.460000 0.994699
-0.456000 0.994689
-0.452000 0.994679
-0.448000 0.994669
-0.444000 0.994658
-0.440000 0.994647
-0.436000 0.994635
-0.432000 0.994624
-0.428000 0.994612
-0.424000 0.994599
-0.420000 0.994587
-0.416000 0.994574
-0.412000 0.994560
-0.408000 0.994546
-0.404000 0.994532
-0.400000 0.994518
-0.396000 0.994503
-0.392000 0.994488
-0.388000 0.994473
-0.384000 0.994457
-0.380000 0.994441
-0.376000 0.994425
-0.372000 0.994408
-0.368000 0.994392
-0.364000 0.994375
-0.360000 0.994357
-0.356000 0.994340
-0.352000 0.994322
-0.348000 0.994304
-0.344000 0.994285
-0.340000 0.994267
-0.336000 0.994248
-0.332000 0.994229
-0.328000 0.994210
-0.324000 0.994190
-0.320000 0.994171
-0.316000 0.994151
-0.312000 0.994132
-0.308000 0.994112
-0.304000 0.994092
-0.300000 0.994072
-0.296000 0.994052
-0.292000 0.994031
-0.288000 0.994011
-0.284000 0.993991
-0.280000 0.993970
-0.276000 0.993950
-0.272000 0.993930
-0.268000 0.993909
-0.264000 0.993889
-0.260000 0.993869
-0.256000 0.993849
-0.252000 0.993829
-0.248000 0.993808
-0.244000 0.993789
-0.240000 0.993769
-0.236000 0.993749
-0.232000 0.993729
-0.228000 0.993710
-0.224000 0.993691
-0.220000 0.993672
-0.216000 0.993653
-0.212000 0.993634
-0.208000 0.993615
-0.204000 0.993597
-0.200000 0.993579
-0.196000 0.993561
-0.192000 0.993543
-0.188000 0.993526
-0.184000 0.993508
-0.180000 0.993491
-0.176000 0.993475
-0.172000 0.993458
-0.168000 0.993442
-0.164000 0.993426
-0.160000 0.993411
-0.156000 0.993395
-0.152000 0.993380
-0.148000 0.993365
-0.144000 0.993351
-0.140000 0.993337
-0.136000 0.993323
-0.132000 0.993309
-0.128000 0.993296
-0.124000 0.993283
-0.120000 0.993270
-0.116000 0.993258
-0.112000 0.993246
-0.108000 0.993234
-0.104000 0.993223
-0.100000 0.993211
-0.096000 0.993201
-0.092000 0.993190
-0.088000 0.993180
-0.084000 0.993170
-0.080000 0.993160
-0.076000 0.993150
-0.072000 0.993141
-0.068000 0.993132
-0.064000 0.993124
-0.060000 0.993115
-0.056000 0.993107
-0.052000 0.993100
-0.048000 0.993092
-0.044000 0.993085
-0.040000 0.993078
-0.036000 0.993071
-0.032000 0.993064
-0.028000 0.993058
-0.024000 0.993052
-0.020000 0.993046
-0.016000 0.993040
-0.012000 0.993034
-0.008000 0.993029
-0.004000 0.993024
0.000000 0.993019
0.004000 0.993014
0.008000 0.993010
0.012000 0.993006
0.016000 0.993001
0.020000 0.992997
0.024000 0.992994
0.028000 0.992990
0.032000 0.992986
0.036000 0.992983
0.040000 0.992980
0.044000 0.992977
0.048000 0.992974
0.052000 0.992971
0.056000 0.992968
0.060000 0.992966
0.064000 0.992963
0.068000 0.992961
0.072000 0.992959
0.076000 0.992957
0.080000 0.992955
0.084000 0.992953
0.088000 0.992951
0.092000 0.992949
0.096000 0.992947
0.100000 0.992946
0.104000 0.992944
0.108000 0.992943
0.112000 0.992941
0.116000 0.992940
0.120000 0.992939
0.124000 0.992938
0.128000 0.992937
0.132000 0.992936
0.136000 0.992935
0.140000 0.992934
0.144000 0.992933
0.148000 0.992932
0.152000 0.992931
0.156000 0.992931
0.160000 0.992930
0.164000 0.992929
0.168000 0.992929
0.172000 0.992928
0.176000 0.992927
0.180000 0.992927
0.184000 0.992926
0.188000 0.992926
0.192000 0.992925
0.196000 0.992925
0.200000 0.992925
0.204000 0.992924
0.208000 0.992924
0.212000 0.992924
0.216000 0.992923
0.220000 0.992923
0.224000 0.992923
0.228000 0.992923
0.232000 0.992922
0.236000 0.992922
0.240000 0.992922
0.244000 0.992922
0.248000 0.992921
0.252000 0.992921
0.256000 0.992921
0.260000 0.992921
0.264000 0.992921
0.268000 0.992921
0.272000 0.992921
0.276000 0.992921
0.280000 0.992920
0.284000 0.992920
0.288000 0.992920
0.292000 0.992920
0.296000 0.992920
0.300000 0.992920
0.304000 0.992920
0.308000 0.992920
0.312000 0.992920
0.316000 0.992920
0.320000 0.992920
0.324000 0.992920
0.328000 0.992920
0.332000 0.992920
0.336000 0.992919
0.340000 0.992919
0.344000 0.992919
0.348000 0.992919
0.352000 0.992919
0.356000 0.992919
0.360000 0.992919
0.364000 0.992919
0.368000 0.992919
0.372000 0.992919
0.376000 0.992919
0.380000 0.992919
0.384000 0.992919
0.388000 0.992919
0.392000 0.992919
0.396000 0.992919
0.400000 0.992919
0.404000 0.992919
0.408000 0.992919
0.412000 0.992919
0.416000 0.992919
0.420000 0.992919
0.424000 0.992919
0.428000 0.992919
0.432000 0.992919
0.436000 0.992919
0.440000 0.992919
0.444000 0.992919
0.448000 0.992919
0.452000 0.992919
0.456000 0.992919
0.460000 0.992919
0.464000 0.992919
0.468000 0.992919
0.472000 0.992919
0.476000 0.992919
0.480000 0.992919
0.484000 0.992919
0.488000 0.992919
0.492000 0.992919
0.496000 0.992919
0.500000 0.992919
0.504000 0.992919
0.508000 0.992919
0.512000 0.992919
0.516000 0.992919
0.520000 0.992919
0.524000 0.992919
0.528000 0.992919
0.532000 0.992919
0.536000 0.992919
0.540000 0.992919
0.544000 0.992919
0.548000 0.992919
0.552000 0.992919
0.556000 0.992919
0.560000 0.992919
0.564000 0.992919
0.568000 0.992919
0.572000 0.992919
0.576000 0.992919
0.580000 0.992919
0.584000 0.992919
0.588000 0.992919
0.592000 0.992919
0.596000 0.992919
0.600000 0.992919
0.604000 0.992919
0.608000 0.992919
0.612000 0.992919
0.616000 0.992919
0.620000 0.992919
0.624000 0.992919
0.628000 0.992919
0.632000 0.992919
0.636000 0.992919
0.640000 0.992919
0.644000 0.992919
0.648000 0.992919
0.652000 0.992919
0.656000 0.992919
0.660000 0.992919
0.664000 0.992919
0.668000 0.992919
0.672000 0.992919
0.676000 0.992919
0.680000 0.992919
0.684000 0.992919
0.688000 0.992919
0.692000 0.992919
0.696000 0.992919
0.700000 0.992919
0.704000 0.992919
0.708000 0.992919
0.712000 0.992919
0.716000 0.992919
0.720000 0.992919
0.724000 0.992919
0.728000 0.992919
0.732000 0.992919
0.736000 0.992919
0.740000 0.992919
0.744000 0.992919
0.748000 0.992919
0.752000 0.992919
0.756000 0.992919
0.760000 0.992919
0.764000 0.992919
0.768000 0.992919
0.772000 0.992919
0.776000 0.992919
0.780000 0.992919
0.784000 0.992919
0.788000 0.992919
0.792000 0.992919
0.796000 0.992919
0.800000 0.992919
0.804000 0.992919
0.808000 0.992919
0.812000 0.992919
0.816000 0.992919
0.820000 0.992919
0.824000 0.992919
0.828000 0.992919
0.832000 0.992919
0.836000 0.992919
0.840000 0.992919
0.844000 0.992919
0.848000 0.992919
0.852000 0.992919
0.856000 0.992919
0.860000 0.992919
0.864000 0.992919
0.868000 0.992919
0.872000 0.992919
0.876000 0.992919
0.880000 0.992919
0.884000 0.992919
0.888000 0.992919
0.892000 0.992919
0.896000 0.992919
0.900000 0.992919
0.904000 0.992919
0.908000 0.992919
0.912000 0.992919
0.916000 0.992919
0.920000 0.992919
0.924000 0.992919
0.928000 0.992919
0.932000 0.992919
0.936000 0.992919
0.940000 0.992919
0.944000 0.992919
0.948000 0.992919
0.952000 0.992919
0.956000 0.992919
0.960000 0.992919
0.964000 0.992919
0.968000 0.992919
0.972000 0.992919
0.976000 0.992919
0.980000 0.992919
0.984000 0.992919
0.988000 0.992919
0.992000 0.992919
0.996000 0.992919
1.000000 0.992919
