-1.000000 0.994892
-0.996000 0.994892
-0.992000 0.994892
-0.988000 0.994892
-0.984000 0.994892
-0.980000 0.994892
-0.976000 0.994892
-0.972000 0.994892
-0.968000 0.994892
-0.964000 0.994892
-0.960000 0.994892
-0.956000 0.994892
-0.952000 0.994892
-0.948000 0.994892
-0.944000 0.994892
-0.940000 0.994892
-0.936000 0.994892
-0.932000 0.994892
-0.928000 0.994892
-0.924000 0.994892
-0.920000 0.994892
-0.916000 0.994892
-0.912000 0.994892
-0.908000 0.994892
-0.904000 0.994892
-0.900000 0.994892
-0.896000 0.994892
-0.892000 0.994892
-0.888000 0.994892
-0.884000 0.994892
-0.880000 0.994892
-0.876000 0.994892
-0.872000 0.994892
-0.868000 0.994892
-0.864000 0.994892
-0.860000 0.994892
-0.856000 0.994892
-0.852000 0.994892
-0.848000 0.994892
-0.844000 0.994892
-0.840000 0.994892
-0.836000 0.994892
-0.832000 0.994892
-0.828000 0.994892
-0.824000 0.994892
-0.820000 0.994892
-0.816000 0.994892
-0.812000 0.994892
-0.808000 0.994892
-0.804000 0.994892
-0.800000 0.994892
-0.796000 0.994892
-0.792000 0.994892
-0.788000 0.994892
-0.784000 0.994892
-0.780000 0.994892
-0.776000 0.994892
-0.772000 0.994892
-0.768000 0.994892
-0.764000 0.994892
-0.760000 0.994892
-0.756000 0.994892
-0.752000 0.994892
-0.748000 0.994892
-0.744000 0.994892
-0.740000 0.994892
-0.736000 0.994892
-0.732000 0.994892
-0.728000 0.994892
-0.724000 0.994892
-0.720000 0.994892
-0.716000 0.994892
-0.712000 0.994892
-0.708000 0.994892
-0.704000 0.994892
-0.700000 0.994892
-0.696000 0.994892
-0.692000 0.994892
-0.688000 0.994892
-0.684000 0.994892
-0.680000 0.994892
-0.676000 0.994892
-0.672000 0.994892
-0.668000 0.994892
-0.664000 0.994892
-0.660000 0.994892
-0.656000 0.994892
-0.652000 0.994892
-0.648000 0.994892
-0.644000 0.994892
-0.640000 0.994892
-0.636000 0.994892
-0.632000 0.994892
-0.628000 0.994892
-0.624000 0.994891
-0.620000 0.994891
-0.616000 0.994891
-0.612000 0.994891
-0.608000 0.994891
-0.604000 0.994891
-0.600000 0.994891
-0.596000 0.994891
-0.592000 0.994891
-0.588000 0.994891
-0.584000 0.994891
-0.580000 0.994890
-0.576000 0.994890
-0.572000 0.994890
-0.568000 0.994890
-0.564000 0.994890
-0.560000 0.994890
-0.556000 0.994889
-0.552000 0.994889
-0.548000 0.994889
-0.544000 0.994889
-0.540000 0.994888
-0.536000 0.994888
-0.532000 0.994888
-0.528000 0.994887
-0.524000 0.994887
-0.520000 0.994886
-0.516000 0.994886
-0.512000 0.994885
-0.508000 0.994885
-0.504000 0.994884
-0.500000 0.994884
-0.496000 0.994883
-0.492000 0.994882
-0.488000 0.994882
-0.484000 0.994881
-0.480000 0.994880
-0.476000 0.994879
-0.472000 0.994878
-0.468000 0.994877
-0.464000 0.994876
-0.460000 0.994875
-0.456000 0.994873
-0.452000 0.994872
-0.448000 0.994871
-0.444000 0.994869
-0.440000 0.994868
-0.436000 0.994866
-0.432000 0.994864
-0.428000 0.994862
-0.424000 0.994860
-0.420000 0.994858
-0.416000 0.994856
-0.412000 0.994854
-0.408000 0.994851
-0.404000 0.994849
-0.400000 0.994846
-0.396000 0.994843
-0.392000 0.994840
-0.388000 0.994837
-0.384000 0.994834
-0.380000 0.994831
-0.376000 0.994827
-0.372000 0.994823
-0.368000 0.994820
-0.364000 0.994816
-0.360000 0.994811
-0.356000 0.994807
-0.352000 0.994802
-0.348000 0.994797
-0.344000 0.994792
-0.340000 0.994787
-0.336000 0.994782
-0.332000 0.994776
-0.328000 0.994770
-0.324000 0.994764
-0.320000 0.994758
-0.316000 0.994752
-0.312000 0.994745
-0.308000 0.994738
-0.304000 0.994731
-0.300000 0.994723
-0.296000 0.994716
-0.292000 0.994708
-0.288000 0.994700
-0.284000 0.994691
-0.280000 0.994682
-0.276000 0.994673
-0.272000 0.994664
-0.268000 0.994655
-0.264000 0.994645
-0.260000 0.994635
-0.256000 0.994625
-0.252000 0.994614
-0.248000 0.994604
-0.244000 0.994593
-0.240000 0.994581
-0.236000 0.994570
-0.232000 0.994558
-0.228000 0.994546
-0.224000 0.994533
-0.220000 0.994521
-0.216000 0.994508
-0.212000 0.994495
-0.208000 0.994482
-0.204000 0.994468
-0.200000 0.994454
-0.196000 0.994440
-0.192000 0.994426
-0.188000 0.994411
-0.184000 0.994397
-0.180000 0.994382
-0.176000 0.994366
-0.172000 0.994351
-0.168000 0.994335
-0.164000 0.994320
-0.160000 0.994304
-0.156000 0.994288
-0.152000 0.994271
-0.148000 0.994255
-0.144000 0.994238
-0.140000 0.994221
-0.136000 0.994204
-0.132000 0.994187
-0.128000 0.994170
-0.124000 0.994153
-0.120000 0.994136
-0.116000 0.994118
-0.112000 0.994100
-0.108000 0.994083
-0.104000 0.994065
-0.100000 0.994047
-0.096000 0.994029
-0.092000 0.994011
-0.088000 0.993994
-0.084000 0.993976
-0.080000 0.993958
-0.076000 0.993940
-0.072000 0.993922
-0.068000 0.993904
-0.064000 0.993886
-0.060000 0.993868
-0.056000 0.993850
-0.052000 0.993832
-0.048000 0.993814
-0.044000 0.993797
-0.040000 0.993779
-0.036000 0.993762
-0.032000 0.993744
-0.028000 0.993727
-0.024000 0.993710
-0.020000 0.993693
-0.016000 0.993676
-0.012000 0.993659
-0.008000 0.993642
-0.004000 0.993625
0.000000 0.993609
0.004000 0.993593
0.008000 0.993577
0.012000 0.993561
0.016000 0.993545
0.020000 0.993530
0.024000 0.993514
0.028000 0.993499
0.032000 0.993484
0.036000 0.993469
0.040000 0.993455
0.044000 0.993441
0.048000 0.993426
0.052000 0.993413
0.056000 0.993399
0.060000 0.993385
0.064000 0.993372
0.068000 0.993359
0.072000 0.993346
0.076000 0.993334
0.080000 0.993322
0.084000 0.993309
0.088000 0.993298
0.092000 0.993286
0.096000 0.993275
0.100000 0.993264
0.104000 0.993253
0.108000 0.993242
0.112000 0.993232
0.116000 0.993221
0.120000 0.993211
0.124000 0.993202
0.128000 0.993192
0.132000 0.993183
0.136000 0.993174
0.140000 0.993165
0.144000 0.993157
0.148000 0.993148
0.152000 0.993140
0.156000 0.993132
0.160000 0.993125
0.164000 0.993117
0.168000 0.993110
0.172000 0.993103
0.176000 0.993096
0.180000 0.993089
0.184000 0.993083
0.188000 0.993076
0.192000 0.993070
0.196000 0.993064
0.200000 0.993059
0.204000 0.993053
0.208000 0.993048
0.212000 0.993043
0.216000 0.993038
0.220000 0.993033
0.224000 0.993028
0.228000 0.993024
0.232000 0.993019
0.236000 0.993015
0.240000 0.993011
0.244000 0.993007
0.248000 0.993003
0.252000 0.993000
0.256000 0.992996
0.260000 0.992993
0.264000 0.992989
0.268000 0.992986
0.272000 0.992983
0.276000 0.992980
0.280000 0.992978
0.284000 0.992975
0.288000 0.992972
0.292000 0.992970
0.296000 0.992967
0.300000 0.992965
0.304000 0.992963
0.308000 0.992961
0.312000 0.992959
0.316000 0.992957
0.320000 0.992955
0.324000 0.992953
0.328000 0.992952
0.332000 0.992950
0.336000 0.992948
0.340000 0.992947
0.344000 0.992946
0.348000 0.992944
0.352000 0.992943
0.356000 0.992942
0.360000 0.992941
0.364000 0.992939
0.368000 0.992938
0.372000 0.992937
0.376000 0.992936
0.380000 0.992935
0.384000 0.992935
0.388000 0.992934
0.392000 0.992933
0.396000 0.992932
0.400000 0.992932
0.404000 0.992931
0.408000 0.992930
0.412000 0.992930
0.416000 0.992929
0.420000 0.992928
0.424000 0.992928
0.428000 0.992927
0.432000 0.992927
0.436000 0.992926
0.440000 0.992926
0.444000 0.992926
0.448000 0.992925
0.452000 0.992925
0.456000 0.992925
0.460000 0.992924
0.464000 0.992924
0.468000 0.992924
0.472000 0.992923
0.476000 0.992923
0.480000 0.992923
0.484000 0.992923
0.488000 0.992922
0.492000 0.992922
0.496000 0.992922
0.500000 0.992922
0.504000 0.992922
0.508000 0.992921
0.512000 0.992921
0.516000 0.992921
0.520000 0.992921
0.524000 0.992921
0.528000 0.992921
0.532000 0.992921
0.536000 0.992921
0.540000 0.992920
0.544000 0.992920
0.548000 0.992920
0.552000 0.992920
0.556000 0.992920
0.560000 0.992920
0.564000 0.992920
0.568000 0.992920
0.572000 0.992920
0.576000 0.992920
0.580000 0.992920
0.584000 0.992920
0.588000 0.992920
0.592000 0.992920
0.596000 0.992920
0.600000 0.992920
0.604000 0.992919
0.608000 0.992919
0.612000 0.992919
0.616000 0.992919
0.620000 0.992919
0.624000 0.992919
0.628000 0.992919
0.632000 0.992919
0.636000 0.992919
0.640000 0.992919
0.644000 0.992919
0.648000 0.992919
0.652000 0.992919
0.656000 0.992919
0.660000 0.992919
0.664000 0.992919
0.668000 0.992919
0.672000 0.992919
0.676000 0.992919
0.680000 0.992919
0.684000 0.992919
0.688000 0.992919
0.692000 0.992919
0.696000 0.992919
0.700000 0.992919
0.704000 0.992919
0.708000 0.992919
0.712000 0.992919
0.716000 0.992919
0.720000 0.992919
0.724000 0.992919
0.728000 0.992919
0.732000 0.992919
0.736000 0.992919
0.740000 0.992919
0.744000 0.992919
0.748000 0.992919
0.752000 0.992919
0.756000 0.992919
0.760000 0.992919
0.764000 0.992919
0.768000 0.992919
0.772000 0.992919
0.776000 0.992919
0.780000 0.992919
0.784000 0.992919
0.788000 0.992919
0.792000 0.992919
0.796000 0.992919
0.800000 0.992919
0.804000 0.992919
0.808000 0.992919
0.812000 0.992919
0.816000 0.992919
0.820000 0.992919
0.824000 0.992919
0.828000 0.992919
0.832000 0.992919
0.836000 0.992919
0.840000 0.992919
0.844000 0.992919
0.848000 0.992919
0.852000 0.992919
0.856000 0.992919
0.860000 0.992919
0.864000 0.992919
0.868000 0.992919
0.872000 0.992919
0.876000 0.992919
0.880000 0.992919
0.884000 0.992919
0.888000 0.992919
0.892000 0.992919
0.896000 0.992919
0.900000 0.992919
0.904000 0.992919
0.908000 0.992919
0.912000 0.992919
0.916000 0.992919
0.920000 0.992919
0.924000 0.992919
0.928000 0.992919
0.932000 0.992919
0.936000 0.992919
0.940000 0.992919
0.944000 0.992919
0.948000 0.992919
0.952000 0.992919
0.956000 0.992919
0.960000 0.992919
0.964000 0.992919
0.968000 0.992919
0.972000 0.992919
0.976000 0.992919
0.980000 0.992919
0.984000 0.992919
0.988000 0.992919
0.992000 0.992919
0.996000 0.992919
1.000000 0.992919
