-1.000000 0.992919
-0.996000 0.992919
-0.992000 0.992919
-0.988000 0.992919
-0.984000 0.992919
-0.980000 0.992919
-0.976000 0.992919
-0.972000 0.992919
-0.968000 0.992919
-0.964000 0.992919
-0.960000 0.992919
-0.956000 0.992919
-0.952000 0.992919
-0.948000 0.992919
-0.944000 0.992919
-0.940000 0.992919
-0.936000 0.992919
-0.932000 0.992919
-0.928000 0.992919
-0.924000 0.992919
-0.920000 0.992919
-0.916000 0.992919
-0.912000 0.992919
-0.908000 0.992919
-0.904000 0.992920
-0.900000 0.992920
-0.896000 0.992920
-0.892000 0.992920
-0.888000 0.992920
-0.884000 0.992920
-0.880000 0.992920
-0.876000 0.992921
-0.872000 0.992921
-0.868000 0.992921
-0.864000 0.992922
-0.860000 0.992922
-0.856000 0.992923
-0.852000 0.992923
-0.848000 0.992924
-0.844000 0.992924
-0.840000 0.992925
-0.836000 0.992926
-0.832000 0.992927
-0.828000 0.992928
-0.824000 0.992929
-0.820000 0.992931
-0.816000 0.992932
-0.812000 0.992934
-0.808000 0.992936
-0.804000 0.992938
-0.800000 0.992940
-0.796000 0.992943
-0.792000 0.992946
-0.788000 0.992949
-0.784000 0.992952
-0.780000 0.992956
-0.776000 0.992960
-0.772000 0.992965
-0.768000 0.992970
-0.764000 0.992975
-0.760000 0.992981
-0.756000 0.992987
-0.752000 0.992994
-0.748000 0.993002
-0.744000 0.993010
-0.740000 0.993019
-0.736000 0.993029
-0.732000 0.993039
-0.728000 0.993050
-0.724000 0.993062
-0.720000 0.993075
-0.716000 0.993088
-0.712000 0.993103
-0.708000 0.993118
-0.704000 0.993135
-0.700000 0.993153
-0.696000 0.993172
-0.692000 0.993192
-0.688000 0.993213
-0.684000 0.993235
-0.680000 0.993259
-0.676000 0.993284
-0.672000 0.993311
-0.668000 0.993339
-0.664000 0.993368
-0.660000 0.993399
-0.656000 0.993432
-0.652000 0.993465
-0.648000 0.993501
-0.644000 0.993538
-0.640000 0.993577
-0.636000 0.993618
-0.632000 0.993660
-0.628000 0.993704
-0.624000 0.993749
-0.620000 0.993796
-0.616000 0.993845
-0.612000 0.993896
-0.608000 0.993949
-0.604000 0.994003
-0.600000 0.994059
-0.596000 0.994116
-0.592000 0.994176
-0.588000 0.994237
-0.584000 0.994299
-0.580000 0.994363
-0.576000 0.994429
-0.572000 0.994497
-0.568000 0.994565
-0.564000 0.994636
-0.560000 0.994707
-0.556000 0.994780
-0.552000 0.994855
-0.548000 0.994930
-0.544000 0.995007
-0.540000 0.995085
-0.536000 0.995164
-0.532000 0.995244
-0.528000 0.995325
-0.524000 0.995407
-0.520000 0.995490
-0.516000 0.995573
-0.512000 0.995657
-0.508000 0.995742
-0.504000 0.995827
-0.500000 0.995912
-0.496000 0.995998
-0.492000 0.996084
-0.488000 0.996170
-0.484000 0.996256
-0.480000 0.996342
-0.476000 0.996428
-0.472000 0.996514
-0.468000 0.996600
-0.464000 0.996685
-0.460000 0.996770
-0.456000 0.996854
-0.452000 0.996938
-0.448000 0.997022
-0.444000 0.997104
-0.440000 0.997186
-0.436000 0.997267
-0.432000 0.997347
-0.428000 0.997427
-0.424000 0.997505
-0.420000 0.997582
-0.416000 0.997658
-0.412000 0.997733
-0.408000 0.997807
-0.404000 0.997879
-0.400000 0.997951
-0.396000 0.998021
-0.392000 0.998090
-0.388000 0.998157
-0.384000 0.998223
-0.380000 0.998287
-0.376000 0.998351
-0.372000 0.998412
-0.368000 0.998472
-0.364000 0.998531
-0.360000 0.998588
-0.356000 0.998644
-0.352000 0.998699
-0.348000 0.998751
-0.344000 0.998803
-0.340000 0.998853
-0.336000 0.998901
-0.332000 0.998948
-0.328000 0.998993
-0.324000 0.999037
-0.320000 0.999080
-0.316000 0.999121
-0.312000 0.999161
-0.308000 0.999200
-0.304000 0.999237
-0.300000 0.999273
-0.296000 0.999307
-0.292000 0.999340
-0.288000 0.999372
-0.284000 0.999403
-0.280000 0.999432
-0.276000 0.999461
-0.272000 0.999488
-0.268000 0.999514
-0.264000 0.999539
-0.260000 0.999563
-0.256000 0.999586
-0.252000 0.999608
-0.248000 0.999629
-0.244000 0.999649
-0.240000 0.999668
-0.236000 0.999686
-0.232000 0.999704
-0.228000 0.999720
-0.224000 0.999736
-0.220000 0.999751
-0.216000 0.999765
-0.212000 0.999779
-0.208000 0.999792
-0.204000 0.999804
-0.200000 0.999816
-0.196000 0.999827
-0.192000 0.999837
-0.188000 0.999847
-0.184000 0.999856
-0.180000 0.999865
-0.176000 0.999873
-0.172000 0.999881
-0.168000 0.999889
-0.164000 0.999896
-0.160000 0.999903
-0.156000 0.999909
-0.152000 0.999915
-0.148000 0.999920
-0.144000 0.999925
-0.140000 0.999930
-0.136000 0.999935
-0.132000 0.999939
-0.128000 0.999943
-0.124000 0.999947
-0.120000 0.999951
-0.116000 0.999954
-0.112000 0.999957
-0.108000 0.999960
-0.104000 0.999963
-0.100000 0.999966
-0.096000 0.999968
-0.092000 0.999970
-0.088000 0.999973
-0.084000 0.999975
-0.080000 0.999976
-0.076000 0.999978
-0.072000 0.999980
-0.068000 0.999981
-0.064000 0.999983
-0.060000 0.999984
-0.056000 0.999985
-0.052000 0.999986
-0.048000 0.999987
-0.044000 0.999988
-0.040000 0.999989
-0.036000 0.999990
-0.032000 0.999991
-0.028000 0.999991
-0.024000 0.999992
-0.020000 0.999993
-0.016000 0.999993
-0.012000 0.999994
-0.008000 0.999994
-0.004000 0.999995
0.000000 0.999995
0.004000 0.999996
0.008000 0.999996
0.012000 0.999996
0.016000 0.999997
0.020000 0.999997
0.024000 0.999997
0.028000 0.999997
0.032000 0.999998
0.036000 0.999998
0.040000 0.999998
0.044000 0.999998
0.048000 0.999998
0.052000 0.999998
0.056000 0.999999
0.060000 0.999999
0.064000 0.999999
0.068000 0.999999
0.072000 0.999999
0.076000 0.999999
0.080000 0.999999
0.084000 0.999999
0.088000 0.999999
0.092000 0.999999
0.096000 0.999999
0.100000 0.999999
0.104000 1.000000
0.108000 1.000000
0.112000 1.000000
0.116000 1.000000
0.120000 1.000000
0.124000 1.000000
0.128000 1.000000
0.132000 1.000000
0.136000 1.000000
0.140000 1.000000
0.144000 1.000000
0.148000 1.000000
0.152000 1.000000
0.156000 1.000000
0.160000 1.000000
0.164000 1.000000
0.168000 1.000000
0.172000 1.000000
0.176000 1.000000
0.180000 1.000000
0.184000 1.000000
0.188000 1.000000
0.192000 1.000000
0.196000 1.000000
0.200000 1.000000
0.204000 1.000000
0.208000 1.000000
0.212000 1.000000
0.216000 1.000000
0.220000 1.000000
0.224000 1.000000
0.228000 1.000000
0.232000 1.000000
0.236000 1.000000
0.240000 1.000000
0.244000 1.000000
0.248000 1.000000
0.252000 1.000000
0.256000 1.000000
0.260000 1.000000
0.264000 1.000000
0.268000 1.000000
0.272000 1.000000
0.276000 1.000000
0.280000 1.000000
0.284000 1.000000
0.288000 1.000000
0.292000 1.000000
0.296000 1.000000
0.300000 1.000000
0.304000 1.000000
0.308000 1.000000
0.312000 1.000000
0.316000 1.000000
0.320000 1.000000
0.324000 1.000000
0.328000 1.000000
0.332000 1.000000
0.336000 1.000000
0.340000 1.000000
0.344000 1.000000
0.348000 1.000000
0.352000 1.000000
0.356000 1.000000
0.360000 1.000000
0.364000 1.000000
0.368000 1.000000
0.372000 1.000000
0.376000 1.000000
0.380000 1.000000
0.384000 1.000000
0.388000 1.000000
0.392000 1.000000
0.396000 1.000000
0.400000 1.000000
0.404000 1.000000
0.408000 1.000000
0.412000 1.000000
0.416000 1.000000
0.420000 1.000000
0.424000 1.000000
0.428000 1.000000
0.432000 1.000000
0.436000 1.000000
0.440000 1.000000
0.444000 1.000000
0.448000 1.000000
0.452000 1.000000
0.456000 1.000000
0.460000 1.000000
0.464000 1.000000
0.468000 1.000000
0.472000 1.000000
0.476000 1.000000
0.480000 1.000000
0.484000 1.000000
0.488000 1.000000
0.492000 1.000000
0.496000 1.000000
0.500000 1.000000
0.504000 1.000000
0.508000 1.000000
0.512000 1.000000
0.516000 1.000000
0.520000 1.000000
0.524000 1.000000
0.528000 1.000000
0.532000 1.000000
0.536000 1.000000
0.540000 1.000000
0.544000 1.000000
0.548000 1.000000
0.552000 1.000000
0.556000 1.000000
0.560000 1.000000
0.564000 1.000000
0.568000 1.000000
0.572000 1.000000
0.576000 1.000000
0.580000 1.000000
0.584000 1.000000
0.588000 1.000000
0.592000 1.000000
0.596000 1.000000
0.600000 1.000000
0.604000 1.000000
0.608000 1.000000
0.612000 1.000000
0.616000 1.000000
0.620000 1.000000
0.624000 1.000000
0.628000 1.000000
0.632000 1.000000
0.636000 1.000000
0.640000 1.000000
0.644000 1.000000
0.648000 1.000000
0.652000 1.000000
0.656000 1.000000
0.660000 1.000000
0.664000 1.000000
0.668000 1.000000
0.672000 1.000000
0.676000 1.000000
0.680000 1.000000
0.684000 1.000000
0.688000 1.000000
0.692000 1.000000
0.696000 1.000000
0.700000 1.000000
0.704000 1.000000
0.708000 1.000000
0.712000 1.000000
0.716000 1.000000
0.720000 1.000000
0.724000 1.000000
0.728000 1.000000
0.732000 1.000000
0.736000 1.000000
0.740000 1.000000
0.744000 1.000000
0.748000 1.000000
0.752000 1.000000
0.756000 1.000000
0.760000 1.000000
0.764000 1.000000
0.768000 1.000000
0.772000 1.000000
0.776000 1.000000
0.780000 1.000000
0.784000 1.000000
0.788000 1.000000
0.792000 1.000000
0.796000 1.000000
0.800000 1.000000
0.804000 1.000000
0.808000 1.000000
0.812000 1.000000
0.816000 1.000000
0.820000 1.000000
0.824000 1.000000
0.828000 1.000000
0.832000 1.000000
0.836000 1.000000
0.840000 1.000000
0.844000 1.000000
0.848000 1.000000
0.852000 1.000000
0.856000 1.000000
0.860000 1.000000
0.864000 1.000000
0.868000 1.000000
0.872000 1.000000
0.876000 1.000000
0.880000 1.000000
0.884000 1.000000
0.888000 1.000000
0.892000 1.000000
0.896000 1.000000
0.900000 1.000000
0.904000 1.000000
0.908000 1.000000
0.912000 1.000000
0.916000 1.000000
0.920000 1.000000
0.924000 1.000000
0.928000 1.000000
0.932000 1.000000
0.936000 1.000000
0.940000 1.000000
0.944000 1.000000
0.948000 1.000000
0.952000 1.000000
0.956000 1.000000
0.960000 1.000000
0.964000 1.000000
0.968000 1.000000
0.972000 1.000000
0.976000 1.000000
0.980000 1.000000
0.984000 1.000000
0.988000 1.000000
0.992000 1.000000
0.996000 1.000000
1.000000 1.000000
