-1.000000 0.994892
-0.996000 0.994892
-0.992000 0.994892
-0.988000 0.994892
-0.984000 0.994892
-0.980000 0.994892
-0.976000 0.994892
-0.972000 0.994892
-0.968000 0.994892
-0.964000 0.994892
-0.960000 0.994892
-0.956000 0.994892
-0.952000 0.994892
-0.948000 0.994892
-0.944000 0.994892
-0.940000 0.994892
-0.936000 0.994892
-0.932000 0.994892
-0.928000 0.994892
-0.924000 0.994892
-0.920000 0.994892
-0.916000 0.994892
-0.912000 0.994892
-0.908000 0.994892
-0.904000 0.994892
-0.900000 0.994892
-0.896000 0.994892
-0.892000 0.994892
-0.888000 0.994892
-0.884000 0.994892
-0.880000 0.994892
-0.876000 0.994892
-0.872000 0.994892
-0.868000 0.994892
-0.864000 0.994892
-0.860000 0.994892
-0.856000 0.994892
-0.852000 0.994892
-0.848000 0.994892
-0.844000 0.994892
-0.840000 0.994892
-0.836000 0.994892
-0.832000 0.994892
-0.828000 0.994892
-0.824000 0.994892
-0.820000 0.994892
-0.816000 0.994891
-0.812000 0.994891
-0.808000 0.994891
-0.804000 0.994891
-0.800000 0.994891
-0.796000 0.994891
-0.792000 0.994891
-0.788000 0.994891
-0.784000 0.994891
-0.780000 0.994890
-0.776000 0.994890
-0.772000 0.994890
-0.768000 0.994890
-0.764000 0.994889
-0.760000 0.994889
-0.756000 0.994889
-0.752000 0.994888
-0.748000 0.994888
-0.744000 0.994887
-0.740000 0.994887
-0.736000 0.994886
-0.732000 0.994886
-0.728000 0.994885
-0.724000 0.994884
-0.720000 0.994883
-0.716000 0.994883
-0.712000 0.994882
-0.708000 0.994881
-0.704000 0.994879
-0.700000 0.994878
-0.696000 0.994877
-0.692000 0.994876
-0.688000 0.994874
-0.684000 0.994872
-0.680000 0.994871
-0.676000 0.994869
-0.672000 0.994867
-0.668000 0.994864
-0.664000 0.994862
-0.660000 0.994859
-0.656000 0.994857
-0.652000 0.994854
-0.648000 0.994851
-0.644000 0.994847
-0.640000 0.994844
-0.636000 0.994840
-0.632000 0.994836
-0.628000 0.994832
-0.624000 0.994828
-0.620000 0.994823
-0.616000 0.994818
-0.612000 0.994813
-0.608000 0.994807
-0.604000 0.994801
-0.600000 0.994795
-0.596000 0.994789
-0.592000 0.994782
-0.588000 0.994775
-0.584000 0.994768
-0.580000 0.994760
-0.576000 0.994752
-0.572000 0.994743
-0.568000 0.994734
-0.564000 0.994725
-0.560000 0.994716
-0.556000 0.994706
-0.552000 0.994695
-0.548000 0.994685
-0.544000 0.994673
-0.540000 0.994662
-0.536000 0.994650
-0.532000 0.994638
-0.528000 0.994625
-0.524000 0.994612
-0.520000 0.994598
-0.516000 0.994584
-0.512000 0.994570
-0.508000 0.994555
-0.504000 0.994540
-0.500000 0.994524
-0.496000 0.994508
-0.492000 0.994492
-0.488000 0.994475
-0.484000 0.994458
-0.480000 0.994441
-0.476000 0.994423
-0.472000 0.994405
-0.468000 0.994386
-0.464000 0.994368
-0.460000 0.994349
-0.456000 0.994329
-0.452000 0.994310
-0.448000 0.994290
-0.444000 0.994269
-0.440000 0.994249
-0.436000 0.994228
-0.432000 0.994208
-0.428000 0.994186
-0.424000 0.994165
-0.420000 0.994144
-0.416000 0.994122
-0.412000 0.994100
-0.408000 0.994079
-0.404000 0.994057
-0.400000 0.994035
-0.396000 0.994013
-0.392000 0.993991
-0.388000 0.993969
-0.384000 0.993946
-0.380000 0.993924
-0.376000 0.993902
-0.372000 0.993880
-0.368000 0.993858
-0.364000 0.993836
-0.360000 0.993814
-0.356000 0.993793
-0.352000 0.993771
-0.348000 0.993750
-0.344000 0.993729
-0.340000 0.993707
-0.336000 0.993687
-0.332000 0.993666
-0.328000 0.993645
-0.324000 0.993625
-0.320000 0.993605
-0.316000 0.993585
-0.312000 0.993566
-0.308000 0.993546
-0.304000 0.993527
-0.300000 0.993509
-0.296000 0.993490
-0.292000 0.993472
-0.288000 0.993455
-0.284000 0.993437
-0.280000 0.993420
-0.276000 0.993403
-0.272000 0.993387
-0.268000 0.993371
-0.264000 0.993355
-0.260000 0.993339
-0.256000 0.993324
-0.252000 0.993310
-0.248000 0.993295
-0.244000 0.993281
-0.240000 0.993268
-0.236000 0.993254
-0.232000 0.993241
-0.228000 0.993229
-0.224000 0.993217
-0.220000 0.993205
-0.216000 0.993193
-0.212000 0.993182
-0.208000 0.993171
-0.204000 0.993161
-0.200000 0.993150
-0.196000 0.993140
-0.192000 0.993131
-0.188000 0.993122
-0.184000 0.993113
-0.180000 0.993104
-0.176000 0.993096
-0.172000 0.993088
-0.168000 0.993080
-0.164000 0.993073
-0.160000 0.993065
-0.156000 0.993058
-0.152000 0.993052
-0.148000 0.993045
-0.144000 0.993039
-0.140000 0.993033
-0.136000 0.993028
-0.132000 0.993022
-0.128000 0.993017
-0.124000 0.993012
-0.120000 0.993007
-0.116000 0.993003
-0.112000 0.992999
-0.108000 0.992994
-0.104000 0.992990
-0.100000 0.992987
-0.096000 0.992983
-0.092000 0.992979
-0.088000 0.992976
-0.084000 0.992973
-0.080000 0.992970
-0.076000 0.992967
-0.072000 0.992965
-0.068000 0.992962
-0.064000 0.992959
-0.060000 0.992957
-0.056000 0.992955
-0.052000 0.992953
-0.048000 0.992951
-0.044000 0.992949
-0.040000 0.992947
-0.036000 0.992946
-0.032000 0.992944
-0.028000 0.992942
-0.024000 0.992941
-0.020000 0.992940
-0.016000 0.992938
-0.012000 0.992937
-0.008000 0.992936
-0.004000 0.992935
0.000000 0.992934
0.004000 0.992933
0.008000 0.992932
0.012000 0.992931
0.016000 0.992930
0.020000 0.992930
0.024000 0.992929
0.028000 0.992928
0.032000 0.992928
0.036000 0.992927
0.040000 0.992927
0.044000 0.992926
0.048000 0.992926
0.052000 0.992925
0.056000 0.992925
0.060000 0.992924
0.064000 0.992924
0.068000 0.992924
0.072000 0.992923
0.076000 0.992923
0.080000 0.992923
0.084000 0.992922
0.088000 0.992922
0.092000 0.992922
0.096000 0.992922
0.100000 0.992922
0.104000 0.992921
0.108000 0.992921
0.112000 0.992921
0.116000 0.992921
0.120000 0.992921
0.124000 0.992921
0.128000 0.992920
0.132000 0.992920
0.136000 0.992920
0.140000 0.992920
0.144000 0.992920
0.148000 0.992920
0.152000 0.992920
0.156000 0.992920
0.160000 0.992920
0.164000 0.992920
0.168000 0.992920
0.172000 0.992920
0.176000 0.992920
0.180000 0.992920
0.184000 0.992919
0.188000 0.992919
0.192000 0.992919
0.196000 0.992919
0.200000 0.992919
0.204000 0.992919
0.208000 0.992919
0.212000 0.992919
0.216000 0.992919
0.220000 0.992919
0.224000 0.992919
0.228000 0.992919
0.232000 0.992919
0.236000 0.992919
0.240000 0.992919
0.244000 0.992919
0.248000 0.992919
0.252000 0.992919
0.256000 0.992919
0.260000 0.992919
0.264000 0.992919
0.268000 0.992919
0.272000 0.992919
0.276000 0.992919
0.280000 0.992919
0.284000 0.992919
0.288000 0.992919
0.292000 0.992919
0.296000 0.992919
0.300000 0.992919
0.304000 0.992919
0.308000 0.992919
0.312000 0.992919
0.316000 0.992919
0.320000 0.992919
0.324000 0.992919
0.328000 0.992919
0.332000 0.992919
0.336000 0.992919
0.340000 0.992919
0.344000 0.992919
0.348000 0.992919
0.352000 0.992919
0.356000 0.992919
0.360000 0.992919
0.364000 0.992919
0.368000 0.992919
0.372000 0.992919
0.376000 0.992919
0.380000 0.992919
0.384000 0.992919
0.388000 0.992919
0.392000 0.992919
0.396000 0.992919
0.400000 0.992919
0.404000 0.992919
0.408000 0.992919
0.412000 0.992919
0.416000 0.992919
0.420000 0.992919
0.424000 0.992919
0.428000 0.992919
0.432000 0.992919
0.436000 0.992919
0.440000 0.992919
0.444000 0.992919
0.448000 0.992919
0.452000 0.992919
0.456000 0.992919
0.460000 0.992919
0.464000 0.992919
0.468000 0.992919
0.472000 0.992919
0.476000 0.992919
0.480000 0.992919
0.484000 0.992919
0.488000 0.992919
0.492000 0.992919
0.496000 0.992919
0.500000 0.992919
0.504000 0.992919
0.508000 0.992919
0.512000 0.992919
0.516000 0.992919
0.520000 0.992919
0.524000 0.992919
0.528000 0.992919
0.532000 0.992919
0.536000 0.992919
0.540000 0.992919
0.544000 0.992919
0.548000 0.992919
0.552000 0.992919
0.556000 0.992919
0.560000 0.992919
0.564000 0.992919
0.568000 0.992919
0.572000 0.992919
0.576000 0.992919
0.580000 0.992919
0.584000 0.992919
0.588000 0.992919
0.592000 0.992919
0.596000 0.992919
0.600000 0.992919
0.604000 0.992919
0.608000 0.992919
0.612000 0.992919
0.616000 0.992919
0.620000 0.992919
0.624000 0.992919
0.628000 0.992919
0.632000 0.992919
0.636000 0.992919
0.640000 0.992919
0.644000 0.992919
0.648000 0.992919
0.652000 0.992919
0.656000 0.992919
0.660000 0.992919
0.664000 0.992919
0.668000 0.992919
0.672000 0.992919
0.676000 0.992919
0.680000 0.992919
0.684000 0.992919
0.688000 0.992919
0.692000 0.992919
0.696000 0.992919
0.700000 0.992919
0.704000 0.992919
0.708000 0.992919
0.712000 0.992919
0.716000 0.992919
0.720000 0.992919
0.724000 0.992919
0.728000 0.992919
0.732000 0.992919
0.736000 0.992919
0.740000 0.992919
0.744000 0.992919
0.748000 0.992919
0.752000 0.992919
0.756000 0.992919
0.760000 0.992919
0.764000 0.992919
0.768000 0.992919
0.772000 0.992919
0.776000 0.992919
0.780000 0.992919
0.784000 0.992919
0.788000 0.992919
0.792000 0.992919
0.796000 0.992919
0.800000 0.992919
0.804000 0.992919
0.808000 0.992919
0.812000 0.992919
0.816000 0.992919
0.820000 0.992919
0.824000 0.992919
0.828000 0.992919
0.832000 0.992919
0.836000 0.992919
0.840000 0.992919
0.844000 0.992919
0.848000 0.992919
0.852000 0.992919
0.856000 0.992919
0.860000 0.992919
0.864000 0.992919
0.868000 0.992919
0.872000 0.992919
0.876000 0.992919
0.880000 0.992919
0.884000 0.992919
0.888000 0.992919
0.892000 0.992919
0.896000 0.992919
0.900000 0.992919
0.904000 0.992919
0.908000 0.992919
0.912000 0.992919
0.916000 0.992919
0.920000 0.992919
0.924000 0.992919
0.928000 0.992919
0.932000 0.992919
0.936000 0.992919
0.940000 0.992919
0.944000 0.992919
0.948000 0.992919
0.952000 0.992919
0.956000 0.992919
0.960000 0.992919
0.964000 0.992919
0.968000 0.992919
0.972000 0.992919
0.976000 0.992919
0.980000 0.992919
0.984000 0.992919
0.988000 0.992919
0.992000 0.992919
0.996000 0.992919
1.000000 0.992919
