-1.000000 0.994892
-0.996000 0.994892
-0.992000 0.994892
-0.988000 0.994892
-0.984000 0.994892
-0.980000 0.994892
-0.976000 0.994892
-0.972000 0.994892
-0.968000 0.994892
-0.964000 0.994892
-0.960000 0.994892
-0.956000 0.994892
-0.952000 0.994892
-0.948000 0.994892
-0.944000 0.994892
-0.940000 0.994892
-0.936000 0.994892
-0.932000 0.994892
-0.928000 0.994892
-0.924000 0.994892
-0.920000 0.994892
-0.916000 0.994892
-0.912000 0.994892
-0.908000 0.994892
-0.904000 0.994892
-0.900000 0.994892
-0.896000 0.994892
-0.892000 0.994892
-0.888000 0.994892
-0.884000 0.994892
-0.880000 0.994892
-0.876000 0.994892
-0.872000 0.994892
-0.868000 0.994892
-0.864000 0.994892
-0.860000 0.994892
-0.856000 0.994892
-0.852000 0.994892
-0.848000 0.994892
-0.844000 0.994892
-0.840000 0.994892
-0.836000 0.994892
-0.832000 0.994892
-0.828000 0.994892
-0.824000 0.994892
-0.820000 0.994892
-0.816000 0.994892
-0.812000 0.994892
-0.808000 0.994892
-0.804000 0.994892
-0.800000 0.994892
-0.796000 0.994892
-0.792000 0.994892
-0.788000 0.994892
-0.784000 0.994892
-0.780000 0.994892
-0.776000 0.994892
-0.772000 0.994892
-0.768000 0.994892
-0.764000 0.994892
-0.760000 0.994892
-0.756000 0.994892
-0.752000 0.994892
-0.748000 0.994892
-0.744000 0.994892
-0.740000 0.994892
-0.736000 0.994892
-0.732000 0.994892
-0.728000 0.994892
-0.724000 0.994892
-0.720000 0.994892
-0.716000 0.994892
-0.712000 0.994892
-0.708000 0.994892
-0.704000 0.994892
-0.700000 0.994892
-0.696000 0.994892
-0.692000 0.994892
-0.688000 0.994892
-0.684000 0.994892
-0.680000 0.994892
-0.676000 0.994892
-0.672000 0.994892
-0.668000 0.994892
-0.664000 0.994892
-0.660000 0.994892
-0.656000 0.994892
-0.652000 0.994892
-0.648000 0.994892
-0.644000 0.994892
-0.640000 0.994892
-0.636000 0.994892
-0.632000 0.994891
-0.628000 0.994891
-0.624000 0.994891
-0.620000 0.994891
-0.616000 0.994891
-0.612000 0.994891
-0.608000 0.994891
-0.604000 0.994891
-0.600000 0.994891
-0.596000 0.994891
-0.592000 0.994891
-0.588000 0.994891
-0.584000 0.994890
-0.580000 0.994890
-0.576000 0.994890
-0.572000 0.994890
-0.568000 0.994890
-0.564000 0.994889
-0.560000 0.994889
-0.556000 0.994889
-0.552000 0.994889
-0.548000 0.994888
-0.544000 0.994888
-0.540000 0.994888
-0.536000 0.994887
-0.532000 0.994887
-0.528000 0.994886
-0.524000 0.994886
-0.520000 0.994886
-0.516000 0.994885
-0.512000 0.994884
-0.508000 0.994884
-0.504000 0.994883
-0.500000 0.994882
-0.496000 0.994882
-0.492000 0.994881
-0.488000 0.994880
-0.484000 0.994879
-0.480000 0.994878
-0.476000 0.994877
-0.472000 0.994876
-0.468000 0.994875
-0.464000 0.994874
-0.460000 0.994872
-0.456000 0.994871
-0.452000 0.994869
-0.448000 0.994868
-0.444000 0.994866
-0.440000 0.994864
-0.436000 0.994862
-0.432000 0.994860
-0.428000 0.994858
-0.424000 0.994856
-0.420000 0.994854
-0.416000 0.994851
-0.412000 0.994849
-0.408000 0.994846
-0.404000 0.994843
-0.400000 0.994840
-0.396000 0.994837
-0.392000 0.994834
-0.388000 0.994831
-0.384000 0.994827
-0.380000 0.994823
-0.376000 0.994819
-0.372000 0.994815
-0.368000 0.994811
-0.364000 0.994807
-0.360000 0.994802
-0.356000 0.994797
-0.352000 0.994792
-0.348000 0.994787
-0.344000 0.994781
-0.340000 0.994776
-0.336000 0.994770
-0.332000 0.994764
-0.328000 0.994757
-0.324000 0.994751
-0.320000 0.994744
-0.316000 0.994737
-0.312000 0.994730
-0.308000 0.994722
-0.304000 0.994714
-0.300000 0.994706
-0.296000 0.994698
-0.292000 0.994690
-0.288000 0.994681
-0.284000 0.994672
-0.280000 0.994662
-0.276000 0.994653
-0.272000 0.994643
-0.268000 0.994633
-0.264000 0.994623
-0.260000 0.994612
-0.256000 0.994601
-0.252000 0.994590
-0.248000 0.994578
-0.244000 0.994567
-0.240000 0.994555
-0.236000 0.994543
-0.232000 0.994530
-0.228000 0.994517
-0.224000 0.994504
-0.220000 0.994491
-0.216000 0.994478
-0.212000 0.994464
-0.208000 0.994450
-0.204000 0.994436
-0.200000 0.994421
-0.196000 0.994407
-0.192000 0.994392
-0.188000 0.994377
-0.184000 0.994361
-0.180000 0.994346
-0.176000 0.994330
-0.172000 0.994314
-0.168000 0.994298
-0.164000 0.994282
-0.160000 0.994265
-0.156000 0.994249
-0.152000 0.994232
-0.148000 0.994215
-0.144000 0.994198
-0.140000 0.994181
-0.136000 0.994163
-0.132000 0.994146
-0.128000 0.994128
-0.124000 0.994111
-0.120000 0.994093
-0.116000 0.994075
-0.112000 0.994057
-0.108000 0.994039
-0.104000 0.994021
-0.100000 0.994003
-0.096000 0.993985
-0.092000 0.993967
-0.088000 0.993949
-0.084000 0.993931
-0.080000 0.993913
-0.076000 0.993895
-0.072000 0.993877
-0.068000 0.993859
-0.064000 0.993841
-0.060000 0.993823
-0.056000 0.993805
-0.052000 0.993788
-0.048000 0.993770
-0.044000 0.993752
-0.040000 0.993735
-0.036000 0.993717
-0.032000 0.993700
-0.028000 0.993683
-0.024000 0.993666
-0.020000 0.993649
-0.016000 0.993633
-0.012000 0.993616
-0.008000 0.993600
-0.004000 0.993583
0.000000 0.993567
0.004000 0.993551
0.008000 0.993536
0.012000 0.993520
0.016000 0.993505
0.020000 0.993490
0.024000 0.993475
0.028000 0.993460
0.032000 0.993446
0.036000 0.993431
0.040000 0.993417
0.044000 0.993404
0.048000 0.993390
0.052000 0.993377
0.056000 0.993363
0.060000 0.993351
0.064000 0.993338
0.068000 0.993325
0.072000 0.993313
0.076000 0.993301
0.080000 0.993290
0.084000 0.993278
0.088000 0.993267
0.092000 0.993256
0.096000 0.993245
0.100000 0.993234
0.104000 0.993224
0.108000 0.993214
0.112000 0.993204
0.116000 0.993195
0.120000 0.993185
0.124000 0.993176
0.128000 0.993167
0.132000 0.993159
0.136000 0.993150
0.140000 0.993142
0.144000 0.993134
0.148000 0.993126
0.152000 0.993119
0.156000 0.993111
0.160000 0.993104
0.164000 0.993097
0.168000 0.993090
0.172000 0.993084
0.176000 0.993078
0.180000 0.993071
0.184000 0.993065
0.188000 0.993060
0.192000 0.993054
0.196000 0.993049
0.200000 0.993043
0.204000 0.993038
0.208000 0.993033
0.212000 0.993029
0.216000 0.993024
0.220000 0.993020
0.224000 0.993015
0.228000 0.993011
0.232000 0.993007
0.236000 0.993004
0.240000 0.993000
0.244000 0.992996
0.248000 0.992993
0.252000 0.992990
0.256000 0.992986
0.260000 0.992983
0.264000 0.992981
0.268000 0.992978
0.272000 0.992975
0.276000 0.992972
0.280000 0.992970
0.284000 0.992968
0.288000 0.992965
0.292000 0.992963
0.296000 0.992961
0.300000 0.992959
0.304000 0.992957
0.308000 0.992955
0.312000 0.992953
0.316000 0.992952
0.320000 0.992950
0.324000 0.992948
0.328000 0.992947
0.332000 0.992946
0.336000 0.992944
0.340000 0.992943
0.344000 0.992942
0.348000 0.992941
0.352000 0.992939
0.356000 0.992938
0.360000 0.992937
0.364000 0.992936
0.368000 0.992935
0.372000 0.992935
0.376000 0.992934
0.380000 0.992933
0.384000 0.992932
0.388000 0.992931
0.392000 0.992931
0.396000 0.992930
0.400000 0.992930
0.404000 0.992929
0.408000 0.992928
0.412000 0.992928
0.416000 0.992927
0.420000 0.992927
0.424000 0.992926
0.428000 0.992926
0.432000 0.992926
0.436000 0.992925
0.440000 0.992925
0.444000 0.992924
0.448000 0.992924
0.452000 0.992924
0.456000 0.992924
0.460000 0.992923
0.464000 0.992923
0.468000 0.992923
0.472000 0.992923
0.476000 0.992922
0.480000 0.992922
0.484000 0.992922
0.488000 0.992922
0.492000 0.992922
0.496000 0.992921
0.500000 0.992921
0.504000 0.992921
0.508000 0.992921
0.512000 0.992921
0.516000 0.992921
0.520000 0.992921
0.524000 0.992921
0.528000 0.992920
0.532000 0.992920
0.536000 0.992920
0.540000 0.992920
0.544000 0.992920
0.548000 0.992920
0.552000 0.992920
0.556000 0.992920
0.560000 0.992920
0.564000 0.992920
0.568000 0.992920
0.572000 0.992920
0.576000 0.992920
0.580000 0.992920
0.584000 0.992920
0.588000 0.992920
0.592000 0.992919
0.596000 0.992919
0.600000 0.992919
0.604000 0.992919
0.608000 0.992919
0.612000 0.992919
0.616000 0.992919
0.620000 0.992919
0.624000 0.992919
0.628000 0.992919
0.632000 0.992919
0.636000 0.992919
0.640000 0.992919
0.644000 0.992919
0.648000 0.992919
0.652000 0.992919
0.656000 0.992919
0.660000 0.992919
0.664000 0.992919
0.668000 0.992919
0.672000 0.992919
0.676000 0.992919
0.680000 0.992919
0.684000 0.992919
0.688000 0.992919
0.692000 0.992919
0.696000 0.992919
0.700000 0.992919
0.704000 0.992919
0.708000 0.992919
0.712000 0.992919
0.716000 0.992919
0.720000 0.992919
0.724000 0.992919
0.728000 0.992919
0.732000 0.992919
0.736000 0.992919
0.740000 0.992919
0.744000 0.992919
0.748000 0.992919
0.752000 0.992919
0.756000 0.992919
0.760000 0.992919
0.764000 0.992919
0.768000 0.992919
0.772000 0.992919
0.776000 0.992919
0.780000 0.992919
0.784000 0.992919
0.788000 0.992919
0.792000 0.992919
0.796000 0.992919
0.800000 0.992919
0.804000 0.992919
0.808000 0.992919
0.812000 0.992919
0.816000 0.992919
0.820000 0.992919
0.824000 0.992919
0.828000 0.992919
0.832000 0.992919
0.836000 0.992919
0.840000 0.992919
0.844000 0.992919
0.848000 0.992919
0.852000 0.992919
0.856000 0.992919
0.860000 0.992919
0.864000 0.992919
0.868000 0.992919
0.872000 0.992919
0.876000 0.992919
0.880000 0.992919
0.884000 0.992919
0.888000 0.992919
0.892000 0.992919
0.896000 0.992919
0.900000 0.992919
0.904000 0.992919
0.908000 0.992919
0.912000 0.992919
0.916000 0.992919
0.920000 0.992919
0.924000 0.992919
0.928000 0.992919
0.932000 0.992919
0.936000 0.992919
0.940000 0.992919
0.944000 0.992919
0.948000 0.992919
0.952000 0.992919
0.956000 0.992919
0.960000 0.992919
0.964000 0.992919
0.968000 0.992919
0.972000 0.992919
0.976000 0.992919
0.980000 0.992919
0.984000 0.992919
0.988000 0.992919
0.992000 0.992919
0.996000 0.992919
1.000000 0.992919
