-1.000000 0.994892
-0.996000 0.994892
-0.992000 0.994892
-0.988000 0.994892
-0.984000 0.994892
-0.980000 0.994892
-0.976000 0.994892
-0.972000 0.994892
-0.968000 0.994892
-0.964000 0.994892
-0.960000 0.994892
-0.956000 0.994892
-0.952000 0.994892
-0.948000 0.994892
-0.944000 0.994892
-0.940000 0.994892
-0.936000 0.994892
-0.932000 0.994892
-0.928000 0.994892
-0.924000 0.994892
-0.920000 0.994892
-0.916000 0.994892
-0.912000 0.994892
-0.908000 0.994892
-0.904000 0.994892
-0.900000 0.994892
-0.896000 0.994892
-0.892000 0.994892
-0.888000 0.994892
-0.884000 0.994892
-0.880000 0.994892
-0.876000 0.994892
-0.872000 0.994892
-0.868000 0.994892
-0.864000 0.994892
-0.860000 0.994892
-0.856000 0.994892
-0.852000 0.994892
-0.848000 0.994892
-0.844000 0.994892
-0.840000 0.994892
-0.836000 0.994892
-0.832000 0.994892
-0.828000 0.994892
-0.824000 0.994892
-0.820000 0.994892
-0.816000 0.994892
-0.812000 0.994892
-0.808000 0.994892
-0.804000 0.994892
-0.800000 0.994892
-0.796000 0.994892
-0.792000 0.994892
-0.788000 0.994892
-0.784000 0.994892
-0.780000 0.994892
-0.776000 0.994892
-0.772000 0.994892
-0.768000 0.994892
-0.764000 0.994892
-0.760000 0.994892
-0.756000 0.994892
-0.752000 0.994892
-0.748000 0.994892
-0.744000 0.994892
-0.740000 0.994892
-0.736000 0.994892
-0.732000 0.994891
-0.728000 0.994891
-0.724000 0.994891
-0.720000 0.994891
-0.716000 0.994891
-0.712000 0.994891
-0.708000 0.994891
-0.704000 0.994891
-0.700000 0.994891
-0.696000 0.994891
-0.692000 0.994890
-0.688000 0.994890
-0.684000 0.994890
-0.680000 0.994890
-0.676000 0.994890
-0.672000 0.994889
-0.668000 0.994889
-0.664000 0.994889
-0.660000 0.994888
-0.656000 0.994888
-0.652000 0.994888
-0.648000 0.994887
-0.644000 0.994887
-0.640000 0.994886
-0.636000 0.994886
-0.632000 0.994885
-0.628000 0.994884
-0.624000 0.994884
-0.620000 0.994883
-0.616000 0.994882
-0.612000 0.994881
-0.608000 0.994880
-0.604000 0.994879
-0.600000 0.994878
-0.596000 0.994877
-0.592000 0.994876
-0.588000 0.994875
-0.584000 0.994873
-0.580000 0.994872
-0.576000 0.994870
-0.572000 0.994868
-0.568000 0.994867
-0.564000 0.994865
-0.560000 0.994863
-0.556000 0.994860
-0.552000 0.994858
-0.548000 0.994856
-0.544000 0.994853
-0.540000 0.994850
-0.536000 0.994847
-0.532000 0.994844
-0.528000 0.994841
-0.524000 0.994837
-0.520000 0.994834
-0.516000 0.994830
-0.512000 0.994826
-0.508000 0.994822
-0.504000 0.994817
-0.500000 0.994812
-0.496000 0.994807
-0.492000 0.994802
-0.488000 0.994797
-0.484000 0.994791
-0.480000 0.994785
-0.476000 0.994779
-0.472000 0.994773
-0.468000 0.994766
-0.464000 0.994759
-0.460000 0.994752
-0.456000 0.994745
-0.452000 0.994737
-0.448000 0.994729
-0.444000 0.994720
-0.440000 0.994711
-0.436000 0.994702
-0.432000 0.994693
-0.428000 0.994683
-0.424000 0.994673
-0.420000 0.994663
-0.416000 0.994653
-0.412000 0.994642
-0.408000 0.994630
-0.404000 0.994619
-0.400000 0.994607
-0.396000 0.994595
-0.392000 0.994582
-0.388000 0.994569
-0.384000 0.994556
-0.380000 0.994542
-0.376000 0.994529
-0.372000 0.994514
-0.368000 0.994500
-0.364000 0.994485
-0.360000 0.994470
-0.356000 0.994455
-0.352000 0.994439
-0.348000 0.994423
-0.344000 0.994407
-0.340000 0.994390
-0.336000 0.994374
-0.332000 0.994357
-0.328000 0.994339
-0.324000 0.994322
-0.320000 0.994304
-0.316000 0.994286
-0.312000 0.994268
-0.308000 0.994250
-0.304000 0.994231
-0.300000 0.994212
-0.296000 0.994193
-0.292000 0.994174
-0.288000 0.994155
-0.284000 0.994136
-0.280000 0.994116
-0.276000 0.994097
-0.272000 0.994077
-0.268000 0.994058
-0.264000 0.994038
-0.260000 0.994018
-0.256000 0.993998
-0.252000 0.993978
-0.248000 0.993958
-0.244000 0.993938
-0.240000 0.993918
-0.236000 0.993899
-0.232000 0.993879
-0.228000 0.993859
-0.224000 0.993839
-0.220000 0.993819
-0.216000 0.993800
-0.212000 0.993780
-0.208000 0.993761
-0.204000 0.993742
-0.200000 0.993722
-0.196000 0.993703
-0.192000 0.993685
-0.188000 0.993666
-0.184000 0.993647
-0.180000 0.993629
-0.176000 0.993611
-0.172000 0.993593
-0.168000 0.993575
-0.164000 0.993558
-0.160000 0.993540
-0.156000 0.993523
-0.152000 0.993506
-0.148000 0.993490
-0.144000 0.993473
-0.140000 0.993457
-0.136000 0.993441
-0.132000 0.993426
-0.128000 0.993411
-0.124000 0.993396
-0.120000 0.993381
-0.116000 0.993366
-0.112000 0.993352
-0.108000 0.993338
-0.104000 0.993324
-0.100000 0.993311
-0.096000 0.993298
-0.092000 0.993285
-0.088000 0.993273
-0.084000 0.993261
-0.080000 0.993249
-0.076000 0.993237
-0.072000 0.993226
-0.068000 0.993215
-0.064000 0.993204
-0.060000 0.993193
-0.056000 0.993183
-0.052000 0.993173
-0.048000 0.993164
-0.044000 0.993154
-0.040000 0.993145
-0.036000 0.993136
-0.032000 0.993128
-0.028000 0.993119
-0.024000 0.993111
-0.020000 0.993104
-0.016000 0.993096
-0.012000 0.993089
-0.008000 0.993082
-0.004000 0.993075
0.000000 0.993068
0.004000 0.993062
0.008000 0.993056
0.012000 0.993050
0.016000 0.993044
0.020000 0.993038
0.024000 0.993033
0.028000 0.993028
0.032000 0.993023
0.036000 0.993018
0.040000 0.993014
0.044000 0.993009
0.048000 0.993005
0.052000 0.993001
0.056000 0.992997
0.060000 0.992993
0.064000 0.992990
0.068000 0.992986
0.072000 0.992983
0.076000 0.992980
0.080000 0.992977
0.084000 0.992974
0.088000 0.992971
0.092000 0.992968
0.096000 0.992966
0.100000 0.992963
0.104000 0.992961
0.108000 0.992959
0.112000 0.992957
0.116000 0.992955
0.120000 0.992953
0.124000 0.992951
0.128000 0.992949
0.132000 0.992948
0.136000 0.992946
0.140000 0.992945
0.144000 0.992943
0.148000 0.992942
0.152000 0.992941
0.156000 0.992939
0.160000 0.992938
0.164000 0.992937
0.168000 0.992936
0.172000 0.992935
0.176000 0.992934
0.180000 0.992933
0.184000 0.992932
0.188000 0.992932
0.192000 0.992931
0.196000 0.992930
0.200000 0.992929
0.204000 0.992929
0.208000 0.992928
0.212000 0.992928
0.216000 0.992927
0.220000 0.992927
0.224000 0.992926
0.228000 0.992926
0.232000 0.992925
0.236000 0.992925
0.240000 0.992925
0.244000 0.992924
0.248000 0.992924
0.252000 0.992924
0.256000 0.992923
0.260000 0.992923
0.264000 0.992923
0.268000 0.992922
0.272000 0.992922
0.276000 0.992922
0.280000 0.992922
0.284000 0.992922
0.288000 0.992921
0.292000 0.992921
0.296000 0.992921
0.300000 0.992921
0.304000 0.992921
0.308000 0.992921
0.312000 0.992921
0.316000 0.992921
0.320000 0.992920
0.324000 0.992920
0.328000 0.992920
0.332000 0.992920
0.336000 0.992920
0.340000 0.992920
0.344000 0.992920
0.348000 0.992920
0.352000 0.992920
0.356000 0.992920
0.360000 0.992920
0.364000 0.992920
0.368000 0.992920
0.372000 0.992920
0.376000 0.992919
0.380000 0.992919
0.384000 0.992919
0.388000 0.992919
0.392000 0.992919
0.396000 0.992919
0.400000 0.992919
0.404000 0.992919
0.408000 0.992919
0.412000 0.992919
0.416000 0.992919
0.420000 0.992919
0.424000 0.992919
0.428000 0.992919
0.432000 0.992919
0.436000 0.992919
0.440000 0.992919
0.444000 0.992919
0.448000 0.992919
0.452000 0.992919
0.456000 0.992919
0.460000 0.992919
0.464000 0.992919
0.468000 0.992919
0.472000 0.992919
0.476000 0.992919
0.480000 0.992919
0.484000 0.992919
0.488000 0.992919
0.492000 0.992919
0.496000 0.992919
0.500000 0.992919
0.504000 0.992919
0.508000 0.992919
0.512000 0.992919
0.516000 0.992919
0.520000 0.992919
0.524000 0.992919
0.528000 0.992919
0.532000 0.992919
0.536000 0.992919
0.540000 0.992919
0.544000 0.992919
0.548000 0.992919
0.552000 0.992919
0.556000 0.992919
0.560000 0.992919
0.564000 0.992919
0.568000 0.992919
0.572000 0.992919
0.576000 0.992919
0.580000 0.992919
0.584000 0.992919
0.588000 0.992919
0.592000 0.992919
0.596000 0.992919
0.600000 0.992919
0.604000 0.992919
0.608000 0.992919
0.612000 0.992919
0.616000 0.992919
0.620000 0.992919
0.624000 0.992919
0.628000 0.992919
0.632000 0.992919
0.636000 0.992919
0.640000 0.992919
0.644000 0.992919
0.648000 0.992919
0.652000 0.992919
0.656000 0.992919
0.660000 0.992919
0.664000 0.992919
0.668000 0.992919
0.672000 0.992919
0.676000 0.992919
0.680000 0.992919
0.684000 0.992919
0.688000 0.992919
0.692000 0.992919
0.696000 0.992919
0.700000 0.992919
0.704000 0.992919
0.708000 0.992919
0.712000 0.992919
0.716000 0.992919
0.720000 0.992919
0.724000 0.992919
0.728000 0.992919
0.732000 0.992919
0.736000 0.992919
0.740000 0.992919
0.744000 0.992919
0.748000 0.992919
0.752000 0.992919
0.756000 0.992919
0.760000 0.992919
0.764000 0.992919
0.768000 0.992919
0.772000 0.992919
0.776000 0.992919
0.780000 0.992919
0.784000 0.992919
0.788000 0.992919
0.792000 0.992919
0.796000 0.992919
0.800000 0.992919
0.804000 0.992919
0.808000 0.992919
0.812000 0.992919
0.816000 0.992919
0.820000 0.992919
0.824000 0.992919
0.828000 0.992919
0.832000 0.992919
0.836000 0.992919
0.840000 0.992919
0.844000 0.992919
0.848000 0.992919
0.852000 0.992919
0.856000 0.992919
0.860000 0.992919
0.864000 0.992919
0.868000 0.992919
0.872000 0.992919
0.876000 0.992919
0.880000 0.992919
0.884000 0.992919
0.888000 0.992919
0.892000 0.992919
0.896000 0.992919
0.900000 0.992919
0.904000 0.992919
0.908000 0.992919
0.912000 0.992919
0.916000 0.992919
0.920000 0.992919
0.924000 0.992919
0.928000 0.992919
0.932000 0.992919
0.936000 0.992919
0.940000 0.992919
0.944000 0.992919
0.948000 0.992919
0.952000 0.992919
0.956000 0.992919
0.960000 0.992919
0.964000 0.992919
0.968000 0.992919
0.972000 0.992919
0.976000 0.992919
0.980000 0.992919
0.984000 0.992919
0.988000 0.992919
0.992000 0.992919
0.996000 0.992919
1.000000 0.992919
