-1.000000 0.994892
-0.996000 0.994892
-0.992000 0.994892
-0.988000 0.994892
-0.984000 0.994892
-0.980000 0.994892
-0.976000 0.994892
-0.972000 0.994892
-0.968000 0.994892
-0.964000 0.994892
-0.960000 0.994892
-0.956000 0.994892
-0.952000 0.994892
-0.948000 0.994892
-0.944000 0.994892
-0.940000 0.994892
-0.936000 0.994892
-0.932000 0.994892
-0.928000 0.994892
-0.924000 0.994892
-0.920000 0.994892
-0.916000 0.994892
-0.912000 0.994892
-0.908000 0.994892
-0.904000 0.994892
-0.900000 0.994892
-0.896000 0.994892
-0.892000 0.994892
-0.888000 0.994892
-0.884000 0.994892
-0.880000 0.994892
-0.876000 0.994892
-0.872000 0.994892
-0.868000 0.994892
-0.864000 0.994892
-0.860000 0.994892
-0.856000 0.994891
-0.852000 0.994891
-0.848000 0.994891
-0.844000 0.994891
-0.840000 0.994891
-0.836000 0.994891
-0.832000 0.994891
-0.828000 0.994891
-0.824000 0.994890
-0.820000 0.994890
-0.816000 0.994890
-0.812000 0.994890
-0.808000 0.994889
-0.804000 0.994889
-0.800000 0.994889
-0.796000 0.994888
-0.792000 0.994888
-0.788000 0.994887
-0.784000 0.994887
-0.780000 0.994886
-0.776000 0.994885
-0.772000 0.994885
-0.768000 0.994884
-0.764000 0.994883
-0.760000 0.994882
-0.756000 0.994881
-0.752000 0.994879
-0.748000 0.994878
-0.744000 0.994877
-0.740000 0.994875
-0.736000 0.994873
-0.732000 0.994872
-0.728000 0.994870
-0.724000 0.994867
-0.720000 0.994865
-0.716000 0.994863
-0.712000 0.994860
-0.708000 0.994857
-0.704000 0.994854
-0.700000 0.994851
-0.696000 0.994847
-0.692000 0.994843
-0.688000 0.994839
-0.684000 0.994835
-0.680000 0.994830
-0.676000 0.994825
-0.672000 0.994820
-0.668000 0.994815
-0.664000 0.994809
-0.660000 0.994803
-0.656000 0.994796
-0.652000 0.994789
-0.648000 0.994782
-0.644000 0.994775
-0.640000 0.994767
-0.636000 0.994758
-0.632000 0.994749
-0.628000 0.994740
-0.624000 0.994731
-0.620000 0.994721
-0.616000 0.994710
-0.612000 0.994699
-0.608000 0.994688
-0.604000 0.994676
-0.600000 0.994664
-0.596000 0.994651
-0.592000 0.994638
-0.588000 0.994624
-0.584000 0.994610
-0.580000 0.994595
-0.576000 0.994580
-0.572000 0.994565
-0.568000 0.994549
-0.564000 0.994533
-0.560000 0.994516
-0.556000 0.994499
-0.552000 0.994481
-0.548000 0.994463
-0.544000 0.994444
-0.540000 0.994425
-0.536000 0.994406
-0.532000 0.994386
-0.528000 0.994366
-0.524000 0.994346
-0.520000 0.994325
-0.516000 0.994304
-0.512000 0.994283
-0.508000 0.994261
-0.504000 0.994239
-0.500000 0.994217
-0.496000 0.994195
-0.492000 0.994172
-0.488000 0.994150
-0.484000 0.994127
-0.480000 0.994104
-0.476000 0.994080
-0.472000 0.994057
-0.468000 0.994034
-0.464000 0.994010
-0.460000 0.993987
-0.456000 0.993963
-0.452000 0.993940
-0.448000 0.993916
-0.444000 0.993893
-0.440000 0.993869
-0.436000 0.993846
-0.432000 0.993823
-0.428000 0.993800
-0.424000 0.993777
-0.420000 0.993754
-0.416000 0.993731
-0.412000 0.993709
-0.408000 0.993687
-0.404000 0.993665
-0.400000 0.993643
-0.396000 0.993621
-0.392000 0.993600
-0.388000 0.993579
-0.384000 0.993559
-0.380000 0.993538
-0.376000 0.993518
-0.372000 0.993499
-0.368000 0.993479
-0.364000 0.993460
-0.360000 0.993442
-0.356000 0.993424
-0.352000 0.993406
-0.348000 0.993388
-0.344000 0.993371
-0.340000 0.993354
-0.336000 0.993338
-0.332000 0.993322
-0.328000 0.993307
-0.324000 0.993292
-0.320000 0.993277
-0.316000 0.993263
-0.312000 0.993249
-0.308000 0.993235
-0.304000 0.993222
-0.300000 0.993209
-0.296000 0.993197
-0.292000 0.993185
-0.288000 0.993173
-0.284000 0.993162
-0.280000 0.993151
-0.276000 0.993141
-0.272000 0.993131
-0.268000 0.993121
-0.264000 0.993111
-0.260000 0.993102
-0.256000 0.993094
-0.252000 0.993085
-0.248000 0.993077
-0.244000 0.993069
-0.240000 0.993062
-0.236000 0.993055
-0.232000 0.993048
-0.228000 0.993041
-0.224000 0.993035
-0.220000 0.993029
-0.216000 0.993023
-0.212000 0.993018
-0.208000 0.993013
-0.204000 0.993008
-0.200000 0.993003
-0.196000 0.992998
-0.192000 0.992994
-0.188000 0.992990
-0.184000 0.992986
-0.180000 0.992982
-0.176000 0.992978
-0.172000 0.992975
-0.168000 0.992972
-0.164000 0.992969
-0.160000 0.992966
-0.156000 0.992963
-0.152000 0.992960
-0.148000 0.992958
-0.144000 0.992955
-0.140000 0.992953
-0.136000 0.992951
-0.132000 0.992949
-0.128000 0.992947
-0.124000 0.992945
-0.120000 0.992944
-0.116000 0.992942
-0.112000 0.992941
-0.108000 0.992939
-0.104000 0.992938
-0.100000 0.992937
-0.096000 0.992936
-0.092000 0.992934
-0.088000 0.992933
-0.084000 0.992932
-0.080000 0.992932
-0.076000 0.992931
-0.072000 0.992930
-0.068000 0.992929
-0.064000 0.992928
-0.060000 0.992928
-0.056000 0.992927
-0.052000 0.992927
-0.048000 0.992926
-0.044000 0.992926
-0.040000 0.992925
-0.036000 0.992925
-0.032000 0.992924
-0.028000 0.992924
-0.024000 0.992924
-0.020000 0.992923
-0.016000 0.992923
-0.012000 0.992923
-0.008000 0.992922
-0.004000 0.992922
0.000000 0.992922
0.004000 0.992922
0.008000 0.992921
0.012000 0.992921
0.016000 0.992921
0.020000 0.992921
0.024000 0.992921
0.028000 0.992921
0.032000 0.992920
0.036000 0.992920
0.040000 0.992920
0.044000 0.992920
0.048000 0.992920
0.052000 0.992920
0.056000 0.992920
0.060000 0.992920
0.064000 0.992920
0.068000 0.992920
0.072000 0.992920
0.076000 0.992920
0.080000 0.992920
0.084000 0.992919
0.088000 0.992919
0.092000 0.992919
0.096000 0.992919
0.100000 0.992919
0.104000 0.992919
0.108000 0.992919
0.112000 0.992919
0.116000 0.992919
0.120000 0.992919
0.124000 0.992919
0.128000 0.992919
0.132000 0.992919
0.136000 0.992919
0.140000 0.992919
0.144000 0.992919
0.148000 0.992919
0.152000 0.992919
0.156000 0.992919
0.160000 0.992919
0.164000 0.992919
0.168000 0.992919
0.172000 0.992919
0.176000 0.992919
0.180000 0.992919
0.184000 0.992919
0.188000 0.992919
0.192000 0.992919
0.196000 0.992919
0.200000 0.992919
0.204000 0.992919
0.208000 0.992919
0.212000 0.992919
0.216000 0.992919
0.220000 0.992919
0.224000 0.992919
0.228000 0.992919
0.232000 0.992919
0.236000 0.992919
0.240000 0.992919
0.244000 0.992919
0.248000 0.992919
0.252000 0.992919
0.256000 0.992919
0.260000 0.992919
0.264000 0.992919
0.268000 0.992919
0.272000 0.992919
0.276000 0.992919
0.280000 0.992919
0.284000 0.992919
0.288000 0.992919
0.292000 0.992919
0.296000 0.992919
0.300000 0.992919
0.304000 0.992919
0.308000 0.992919
0.312000 0.992919
0.316000 0.992919
0.320000 0.992919
0.324000 0.992919
0.328000 0.992919
0.332000 0.992919
0.336000 0.992919
0.340000 0.992919
0.344000 0.992919
0.348000 0.992919
0.352000 0.992919
0.356000 0.992919
0.360000 0.992919
0.364000 0.992919
0.368000 0.992919
0.372000 0.992919
0.376000 0.992919
0.380000 0.992919
0.384000 0.992919
0.388000 0.992919
0.392000 0.992919
0.396000 0.992919
0.400000 0.992919
0.404000 0.992919
0.408000 0.992919
0.412000 0.992919
0.416000 0.992919
0.420000 0.992919
0.424000 0.992919
0.428000 0.992919
0.432000 0.992919
0.436000 0.992919
0.440000 0.992919
0.444000 0.992919
0.448000 0.992919
0.452000 0.992919
0.456000 0.992919
0.460000 0.992919
0.464000 0.992919
0.468000 0.992919
0.472000 0.992919
0.476000 0.992919
0.480000 0.992919
0.484000 0.992919
0.488000 0.992919
0.492000 0.992919
0.496000 0.992919
0.500000 0.992919
0.504000 0.992919
0.508000 0.992919
0.512000 0.992919
0.516000 0.992919
0.520000 0.992919
0.524000 0.992919
0.528000 0.992919
0.532000 0.992919
0.536000 0.992919
0.540000 0.992919
0.544000 0.992919
0.548000 0.992919
0.552000 0.992919
0.556000 0.992919
0.560000 0.992919
0.564000 0.992919
0.568000 0.992919
0.572000 0.992919
0.576000 0.992919
0.580000 0.992919
0.584000 0.992919
0.588000 0.992919
0.592000 0.992919
0.596000 0.992919
0.600000 0.992919
0.604000 0.992919
0.608000 0.992919
0.612000 0.992919
0.616000 0.992919
0.620000 0.992919
0.624000 0.992919
0.628000 0.992919
0.632000 0.992919
0.636000 0.992919
0.640000 0.992919
0.644000 0.992919
0.648000 0.992919
0.652000 0.992919
0.656000 0.992919
0.660000 0.992919
0.664000 0.992919
0.668000 0.992919
0.672000 0.992919
0.676000 0.992919
0.680000 0.992919
0.684000 0.992919
0.688000 0.992919
0.692000 0.992919
0.696000 0.992919
0.700000 0.992919
0.704000 0.992919
0.708000 0.992919
0.712000 0.992919
0.716000 0.992919
0.720000 0.992919
0.724000 0.992919
0.728000 0.992919
0.732000 0.992919
0.736000 0.992919
0.740000 0.992919
0.744000 0.992919
0.748000 0.992919
0.752000 0.992919
0.756000 0.992919
0.760000 0.992919
0.764000 0.992919
0.768000 0.992919
0.772000 0.992919
0.776000 0.992919
0.780000 0.992919
0.784000 0.992919
0.788000 0.992919
0.792000 0.992919
0.796000 0.992919
0.800000 0.992919
0.804000 0.992919
0.808000 0.992919
0.812000 0.992919
0.816000 0.992919
0.820000 0.992919
0.824000 0.992919
0.828000 0.992919
0.832000 0.992919
0.836000 0.992919
0.840000 0.992919
0.844000 0.992919
0.848000 0.992919
0.852000 0.992919
0.856000 0.992919
0.860000 0.992919
0.864000 0.992919
0.868000 0.992919
0.872000 0.992919
0.876000 0.992919
0.880000 0.992919
0.884000 0.992919
0.888000 0.992919
0.892000 0.992919
0.896000 0.992919
0.900000 0.992919
0.904000 0.992919
0.908000 0.992919
0.912000 0.992919
0.916000 0.992919
0.920000 0.992919
0.924000 0.992919
0.928000 0.992919
0.932000 0.992919
0.936000 0.992919
0.940000 0.992919
0.944000 0.992919
0.948000 0.992919
0.952000 0.992919
0.956000 0.992919
0.960000 0.992919
0.964000 0.992919
0.968000 0.992919
0.972000 0.992919
0.976000 0.992919
0.980000 0.992919
0.984000 0.992919
0.988000 0.992919
0.992000 0.992919
0.996000 0.992919
1.000000 0.992919
