-1.000000 0.994892
-0.996000 0.994892
-0.992000 0.994892
-0.988000 0.994892
-0.984000 0.994892
-0.980000 0.994892
-0.976000 0.994892
-0.972000 0.994892
-0.968000 0.994892
-0.964000 0.994892
-0.960000 0.994892
-0.956000 0.994892
-0.952000 0.994892
-0.948000 0.994892
-0.944000 0.994892
-0.940000 0.994892
-0.936000 0.994892
-0.932000 0.994892
-0.928000 0.994892
-0.924000 0.994892
-0.920000 0.994892
-0.916000 0.994892
-0.912000 0.994892
-0.908000 0.994892
-0.904000 0.994892
-0.900000 0.994892
-0.896000 0.994892
-0.892000 0.994892
-0.888000 0.994892
-0.884000 0.994892
-0.880000 0.994892
-0.876000 0.994892
-0.872000 0.994892
-0.868000 0.994892
-0.864000 0.994892
-0.860000 0.994892
-0.856000 0.994892
-0.852000 0.994892
-0.848000 0.994892
-0.844000 0.994892
-0.840000 0.994892
-0.836000 0.994892
-0.832000 0.994892
-0.828000 0.994892
-0.824000 0.994892
-0.820000 0.994892
-0.816000 0.994892
-0.812000 0.994892
-0.808000 0.994892
-0.804000 0.994892
-0.800000 0.994892
-0.796000 0.994892
-0.792000 0.994892
-0.788000 0.994892
-0.784000 0.994892
-0.780000 0.994892
-0.776000 0.994892
-0.772000 0.994892
-0.768000 0.994892
-0.764000 0.994891
-0.760000 0.994891
-0.756000 0.994891
-0.752000 0.994891
-0.748000 0.994891
-0.744000 0.994891
-0.740000 0.994891
-0.736000 0.994891
-0.732000 0.994891
-0.728000 0.994891
-0.724000 0.994890
-0.720000 0.994890
-0.716000 0.994890
-0.712000 0.994890
-0.708000 0.994889
-0.704000 0.994889
-0.700000 0.994889
-0.696000 0.994889
-0.692000 0.994888
-0.688000 0.994888
-0.684000 0.994887
-0.680000 0.994887
-0.676000 0.994886
-0.672000 0.994886
-0.668000 0.994885
-0.664000 0.994885
-0.660000 0.994884
-0.656000 0.994883
-0.652000 0.994882
-0.648000 0.994881
-0.644000 0.994880
-0.640000 0.994879
-0.636000 0.994878
-0.632000 0.994877
-0.628000 0.994876
-0.624000 0.994874
-0.620000 0.994873
-0.616000 0.994871
-0.612000 0.994870
-0.608000 0.994868
-0.604000 0.994866
-0.600000 0.994864
-0.596000 0.994861
-0.592000 0.994859
-0.588000 0.994857
-0.584000 0.994854
-0.580000 0.994851
-0.576000 0.994848
-0.572000 0.994845
-0.568000 0.994842
-0.564000 0.994838
-0.560000 0.994834
-0.556000 0.994830
-0.552000 0.994826
-0.548000 0.994822
-0.544000 0.994817
-0.540000 0.994812
-0.536000 0.994807
-0.532000 0.994802
-0.528000 0.994796
-0.524000 0.994790
-0.520000 0.994784
-0.516000 0.994777
-0.512000 0.994771
-0.508000 0.994764
-0.504000 0.994756
-0.500000 0.994749
-0.496000 0.994741
-0.492000 0.994732
-0.488000 0.994724
-0.484000 0.994715
-0.480000 0.994706
-0.476000 0.994696
-0.472000 0.994686
-0.468000 0.994676
-0.464000 0.994665
-0.460000 0.994654
-0.456000 0.994643
-0.452000 0.994631
-0.448000 0.994619
-0.444000 0.994607
-0.440000 0.994594
-0.436000 0.994581
-0.432000 0.994568
-0.428000 0.994554
-0.424000 0.994540
-0.420000 0.994526
-0.416000 0.994511
-0.412000 0.994496
-0.408000 0.994480
-0.404000 0.994464
-0.400000 0.994448
-0.396000 0.994432
-0.392000 0.994415
-0.388000 0.994398
-0.384000 0.994381
-0.380000 0.994364
-0.376000 0.994346
-0.372000 0.994328
-0.368000 0.994309
-0.364000 0.994291
-0.360000 0.994272
-0.356000 0.994253
-0.352000 0.994234
-0.348000 0.994215
-0.344000 0.994195
-0.340000 0.994175
-0.336000 0.994155
-0.332000 0.994135
-0.328000 0.994115
-0.324000 0.994095
-0.320000 0.994075
-0.316000 0.994054
-0.312000 0.994034
-0.308000 0.994013
-0.304000 0.993993
-0.300000 0.993972
-0.296000 0.993951
-0.292000 0.993931
-0.288000 0.993910
-0.284000 0.993889
-0.280000 0.993869
-0.276000 0.993848
-0.272000 0.993828
-0.268000 0.993808
-0.264000 0.993787
-0.260000 0.993767
-0.256000 0.993747
-0.252000 0.993728
-0.248000 0.993708
-0.244000 0.993688
-0.240000 0.993669
-0.236000 0.993650
-0.232000 0.993631
-0.228000 0.993612
-0.224000 0.993593
-0.220000 0.993575
-0.216000 0.993557
-0.212000 0.993539
-0.208000 0.993521
-0.204000 0.993504
-0.200000 0.993487
-0.196000 0.993470
-0.192000 0.993453
-0.188000 0.993437
-0.184000 0.993421
-0.180000 0.993405
-0.176000 0.993390
-0.172000 0.993375
-0.168000 0.993360
-0.164000 0.993345
-0.160000 0.993331
-0.156000 0.993317
-0.152000 0.993303
-0.148000 0.993290
-0.144000 0.993277
-0.140000 0.993264
-0.136000 0.993252
-0.132000 0.993240
-0.128000 0.993228
-0.124000 0.993217
-0.120000 0.993205
-0.116000 0.993195
-0.112000 0.993184
-0.108000 0.993174
-0.104000 0.993164
-0.100000 0.993154
-0.096000 0.993145
-0.092000 0.993136
-0.088000 0.993127
-0.084000 0.993118
-0.080000 0.993110
-0.076000 0.993102
-0.072000 0.993094
-0.068000 0.993087
-0.064000 0.993079
-0.060000 0.993072
-0.056000 0.993066
-0.052000 0.993059
-0.048000 0.993053
-0.044000 0.993047
-0.040000 0.993041
-0.036000 0.993035
-0.032000 0.993030
-0.028000 0.993025
-0.024000 0.993020
-0.020000 0.993015
-0.016000 0.993010
-0.012000 0.993006
-0.008000 0.993002
-0.004000 0.992998
0.000000 0.992994
0.004000 0.992990
0.008000 0.992987
0.012000 0.992983
0.016000 0.992980
0.020000 0.992977
0.024000 0.992974
0.028000 0.992971
0.032000 0.992968
0.036000 0.992966
0.040000 0.992963
0.044000 0.992961
0.048000 0.992959
0.052000 0.992956
0.056000 0.992954
0.060000 0.992952
0.064000 0.992951
0.068000 0.992949
0.072000 0.992947
0.076000 0.992946
0.080000 0.992944
0.084000 0.992943
0.088000 0.992941
0.092000 0.992940
0.096000 0.992939
0.100000 0.992938
0.104000 0.992936
0.108000 0.992935
0.112000 0.992934
0.116000 0.992934
0.120000 0.992933
0.124000 0.992932
0.128000 0.992931
0.132000 0.992930
0.136000 0.992930
0.140000 0.992929
0.144000 0.992928
0.148000 0.992928
0.152000 0.992927
0.156000 0.992927
0.160000 0.992926
0.164000 0.992926
0.168000 0.992925
0.172000 0.992925
0.176000 0.992924
0.180000 0.992924
0.184000 0.992924
0.188000 0.992923
0.192000 0.992923
0.196000 0.992923
0.200000 0.992923
0.204000 0.992922
0.208000 0.992922
0.212000 0.992922
0.216000 0.992922
0.220000 0.992922
0.224000 0.992921
0.228000 0.992921
0.232000 0.992921
0.236000 0.992921
0.240000 0.992921
0.244000 0.992921
0.248000 0.992921
0.252000 0.992920
0.256000 0.992920
0.260000 0.992920
0.264000 0.992920
0.268000 0.992920
0.272000 0.992920
0.276000 0.992920
0.280000 0.992920
0.284000 0.992920
0.288000 0.992920
0.292000 0.992920
0.296000 0.992920
0.300000 0.992920
0.304000 0.992920
0.308000 0.992919
0.312000 0.992919
0.316000 0.992919
0.320000 0.992919
0.324000 0.992919
0.328000 0.992919
0.332000 0.992919
0.336000 0.992919
0.340000 0.992919
0.344000 0.992919
0.348000 0.992919
0.352000 0.992919
0.356000 0.992919
0.360000 0.992919
0.364000 0.992919
0.368000 0.992919
0.372000 0.992919
0.376000 0.992919
0.380000 0.992919
0.384000 0.992919
0.388000 0.992919
0.392000 0.992919
0.396000 0.992919
0.400000 0.992919
0.404000 0.992919
0.408000 0.992919
0.412000 0.992919
0.416000 0.992919
0.420000 0.992919
0.424000 0.992919
0.428000 0.992919
0.432000 0.992919
0.436000 0.992919
0.440000 0.992919
0.444000 0.992919
0.448000 0.992919
0.452000 0.992919
0.456000 0.992919
0.460000 0.992919
0.464000 0.992919
0.468000 0.992919
0.472000 0.992919
0.476000 0.992919
0.480000 0.992919
0.484000 0.992919
0.488000 0.992919
0.492000 0.992919
0.496000 0.992919
0.500000 0.992919
0.504000 0.992919
0.508000 0.992919
0.512000 0.992919
0.516000 0.992919
0.520000 0.992919
0.524000 0.992919
0.528000 0.992919
0.532000 0.992919
0.536000 0.992919
0.540000 0.992919
0.544000 0.992919
0.548000 0.992919
0.552000 0.992919
0.556000 0.992919
0.560000 0.992919
0.564000 0.992919
0.568000 0.992919
0.572000 0.992919
0.576000 0.992919
0.580000 0.992919
0.584000 0.992919
0.588000 0.992919
0.592000 0.992919
0.596000 0.992919
0.600000 0.992919
0.604000 0.992919
0.608000 0.992919
0.612000 0.992919
0.616000 0.992919
0.620000 0.992919
0.624000 0.992919
0.628000 0.992919
0.632000 0.992919
0.636000 0.992919
0.640000 0.992919
0.644000 0.992919
0.648000 0.992919
0.652000 0.992919
0.656000 0.992919
0.660000 0.992919
0.664000 0.992919
0.668000 0.992919
0.672000 0.992919
0.676000 0.992919
0.680000 0.992919
0.684000 0.992919
0.688000 0.992919
0.692000 0.992919
0.696000 0.992919
0.700000 0.992919
0.704000 0.992919
0.708000 0.992919
0.712000 0.992919
0.716000 0.992919
0.720000 0.992919
0.724000 0.992919
0.728000 0.992919
0.732000 0.992919
0.736000 0.992919
0.740000 0.992919
0.744000 0.992919
0.748000 0.992919
0.752000 0.992919
0.756000 0.992919
0.760000 0.992919
0.764000 0.992919
0.768000 0.992919
0.772000 0.992919
0.776000 0.992919
0.780000 0.992919
0.784000 0.992919
0.788000 0.992919
0.792000 0.992919
0.796000 0.992919
0.800000 0.992919
0.804000 0.992919
0.808000 0.992919
0.812000 0.992919
0.816000 0.992919
0.820000 0.992919
0.824000 0.992919
0.828000 0.992919
0.832000 0.992919
0.836000 0.992919
0.840000 0.992919
0.844000 0.992919
0.848000 0.992919
0.852000 0.992919
0.856000 0.992919
0.860000 0.992919
0.864000 0.992919
0.868000 0.992919
0.872000 0.992919
0.876000 0.992919
0.880000 0.992919
0.884000 0.992919
0.888000 0.992919
0.892000 0.992919
0.896000 0.992919
0.900000 0.992919
0.904000 0.992919
0.908000 0.992919
0.912000 0.992919
0.916000 0.992919
0.920000 0.992919
0.924000 0.992919
0.928000 0.992919
0.932000 0.992919
0.936000 0.992919
0.940000 0.992919
0.944000 0.992919
0.948000 0.992919
0.952000 0.992919
0.956000 0.992919
0.960000 0.992919
0.964000 0.992919
0.968000 0.992919
0.972000 0.992919
0.976000 0.992919
0.980000 0.992919
0.984000 0.992919
0.988000 0.992919
0.992000 0.992919
0.996000 0.992919
1.000000 0.992919
