-1.000000 0.994892
-0.996000 0.994892
-0.992000 0.994892
-0.988000 0.994892
-0.984000 0.994892
-0.980000 0.994892
-0.976000 0.994892
-0.972000 0.994892
-0.968000 0.994892
-0.964000 0.994892
-0.960000 0.994892
-0.956000 0.994892
-0.952000 0.994892
-0.948000 0.994892
-0.944000 0.994892
-0.940000 0.994892
-0.936000 0.994892
-0.932000 0.994892
-0.928000 0.994892
-0.924000 0.994892
-0.920000 0.994892
-0.916000 0.994892
-0.912000 0.994892
-0.908000 0.994892
-0.904000 0.994892
-0.900000 0.994892
-0.896000 0.994892
-0.892000 0.994892
-0.888000 0.994892
-0.884000 0.994892
-0.880000 0.994892
-0.876000 0.994892
-0.872000 0.994892
-0.868000 0.994892
-0.864000 0.994892
-0.860000 0.994892
-0.856000 0.994892
-0.852000 0.994892
-0.848000 0.994892
-0.844000 0.994892
-0.840000 0.994892
-0.836000 0.994892
-0.832000 0.994892
-0.828000 0.994892
-0.824000 0.994892
-0.820000 0.994892
-0.816000 0.994892
-0.812000 0.994892
-0.808000 0.994892
-0.804000 0.994892
-0.800000 0.994892
-0.796000 0.994892
-0.792000 0.994892
-0.788000 0.994892
-0.784000 0.994892
-0.780000 0.994892
-0.776000 0.994892
-0.772000 0.994892
-0.768000 0.994892
-0.764000 0.994892
-0.760000 0.994892
-0.756000 0.994892
-0.752000 0.994892
-0.748000 0.994892
-0.744000 0.994892
-0.740000 0.994892
-0.736000 0.994892
-0.732000 0.994892
-0.728000 0.994892
-0.724000 0.994892
-0.720000 0.994892
-0.716000 0.994892
-0.712000 0.994892
-0.708000 0.994892
-0.704000 0.994892
-0.700000 0.994892
-0.696000 0.994892
-0.692000 0.994892
-0.688000 0.994892
-0.684000 0.994892
-0.680000 0.994892
-0.676000 0.994892
-0.672000 0.994892
-0.668000 0.994892
-0.664000 0.994892
-0.660000 0.994892
-0.656000 0.994892
-0.652000 0.994892
-0.648000 0.994892
-0.644000 0.994892
-0.640000 0.994892
-0.636000 0.994892
-0.632000 0.994892
-0.628000 0.994892
-0.624000 0.994892
-0.620000 0.994892
-0.616000 0.994892
-0.612000 0.994892
-0.608000 0.994892
-0.604000 0.994892
-0.600000 0.994892
-0.596000 0.994892
-0.592000 0.994891
-0.588000 0.994891
-0.584000 0.994891
-0.580000 0.994891
-0.576000 0.994891
-0.572000 0.994891
-0.568000 0.994891
-0.564000 0.994891
-0.560000 0.994891
-0.556000 0.994891
-0.552000 0.994891
-0.548000 0.994891
-0.544000 0.994890
-0.540000 0.994890
-0.536000 0.994890
-0.532000 0.994890
-0.528000 0.994890
-0.524000 0.994890
-0.520000 0.994889
-0.516000 0.994889
-0.512000 0.994889
-0.508000 0.994889
-0.504000 0.994888
-0.500000 0.994888
-0.496000 0.994888
-0.492000 0.994887
-0.488000 0.994887
-0.484000 0.994886
-0.480000 0.994886
-0.476000 0.994886
-0.472000 0.994885
-0.468000 0.994884
-0.464000 0.994884
-0.460000 0.994883
-0.456000 0.994883
-0.452000 0.994882
-0.448000 0.994881
-0.444000 0.994880
-0.440000 0.994879
-0.436000 0.994879
-0.432000 0.994878
-0.428000 0.994877
-0.424000 0.994875
-0.420000 0.994874
-0.416000 0.994873
-0.412000 0.994872
-0.408000 0.994870
-0.404000 0.994869
-0.400000 0.994867
-0.396000 0.994866
-0.392000 0.994864
-0.388000 0.994862
-0.384000 0.994860
-0.380000 0.994858
-0.376000 0.994856
-0.372000 0.994854
-0.368000 0.994851
-0.364000 0.994849
-0.360000 0.994846
-0.356000 0.994844
-0.352000 0.994841
-0.348000 0.994838
-0.344000 0.994835
-0.340000 0.994831
-0.336000 0.994828
-0.332000 0.994824
-0.328000 0.994821
-0.324000 0.994817
-0.320000 0.994813
-0.316000 0.994809
-0.312000 0.994804
-0.308000 0.994800
-0.304000 0.994795
-0.300000 0.994790
-0.296000 0.994785
-0.292000 0.994779
-0.288000 0.994774
-0.284000 0.994768
-0.280000 0.994762
-0.276000 0.994756
-0.272000 0.994750
-0.268000 0.994743
-0.264000 0.994736
-0.260000 0.994729
-0.256000 0.994722
-0.252000 0.994714
-0.248000 0.994707
-0.244000 0.994699
-0.240000 0.994690
-0.236000 0.994682
-0.232000 0.994673
-0.228000 0.994664
-0.224000 0.994655
-0.220000 0.994646
-0.216000 0.994636
-0.212000 0.994626
-0.208000 0.994616
-0.204000 0.994605
-0.200000 0.994595
-0.196000 0.994584
-0.192000 0.994573
-0.188000 0.994561
-0.184000 0.994550
-0.180000 0.994538
-0.176000 0.994526
-0.172000 0.994513
-0.168000 0.994501
-0.164000 0.994488
-0.160000 0.994475
-0.156000 0.994461
-0.152000 0.994448
-0.148000 0.994434
-0.144000 0.994420
-0.140000 0.994406
-0.136000 0.994391
-0.132000 0.994377
-0.128000 0.994362
-0.124000 0.994347
-0.120000 0.994332
-0.116000 0.994316
-0.112000 0.994301
-0.108000 0.994285
-0.104000 0.994269
-0.100000 0.994253
-0.096000 0.994237
-0.092000 0.994220
-0.088000 0.994204
-0.084000 0.994187
-0.080000 0.994171
-0.076000 0.994154
-0.072000 0.994137
-0.068000 0.994120
-0.064000 0.994103
-0.060000 0.994085
-0.056000 0.994068
-0.052000 0.994051
-0.048000 0.994034
-0.044000 0.994016
-0.040000 0.993999
-0.036000 0.993981
-0.032000 0.993964
-0.028000 0.993946
-0.024000 0.993929
-0.020000 0.993911
-0.016000 0.993894
-0.012000 0.993876
-0.008000 0.993859
-0.004000 0.993841
0.000000 0.993824
0.004000 0.993807
0.008000 0.993790
0.012000 0.993773
0.016000 0.993756
0.020000 0.993739
0.024000 0.993722
0.028000 0.993705
0.032000 0.993688
0.036000 0.993672
0.040000 0.993655
0.044000 0.993639
0.048000 0.993623
0.052000 0.993607
0.056000 0.993591
0.060000 0.993576
0.064000 0.993560
0.068000 0.993545
0.072000 0.993530
0.076000 0.993515
0.080000 0.993500
0.084000 0.993485
0.088000 0.993471
0.092000 0.993457
0.096000 0.993443
0.100000 0.993429
0.104000 0.993415
0.108000 0.993402
0.112000 0.993389
0.116000 0.993376
0.120000 0.993363
0.124000 0.993351
0.128000 0.993338
0.132000 0.993326
0.136000 0.993314
0.140000 0.993303
0.144000 0.993291
0.148000 0.993280
0.152000 0.993269
0.156000 0.993259
0.160000 0.993248
0.164000 0.993238
0.168000 0.993228
0.172000 0.993218
0.176000 0.993208
0.180000 0.993199
0.184000 0.993190
0.188000 0.993181
0.192000 0.993172
0.196000 0.993163
0.200000 0.993155
0.204000 0.993147
0.208000 0.993139
0.212000 0.993131
0.216000 0.993124
0.220000 0.993117
0.224000 0.993109
0.228000 0.993103
0.232000 0.993096
0.236000 0.993089
0.240000 0.993083
0.244000 0.993077
0.248000 0.993071
0.252000 0.993065
0.256000 0.993060
0.260000 0.993054
0.264000 0.993049
0.268000 0.993044
0.272000 0.993039
0.276000 0.993034
0.280000 0.993029
0.284000 0.993025
0.288000 0.993021
0.292000 0.993017
0.296000 0.993012
0.300000 0.993009
0.304000 0.993005
0.308000 0.993001
0.312000 0.992998
0.316000 0.992994
0.320000 0.992991
0.324000 0.992988
0.328000 0.992985
0.332000 0.992982
0.336000 0.992979
0.340000 0.992977
0.344000 0.992974
0.348000 0.992972
0.352000 0.992969
0.356000 0.992967
0.360000 0.992965
0.364000 0.992963
0.368000 0.992960
0.372000 0.992959
0.376000 0.992957
0.380000 0.992955
0.384000 0.992953
0.388000 0.992952
0.392000 0.992950
0.396000 0.992948
0.400000 0.992947
0.404000 0.992946
0.408000 0.992944
0.412000 0.992943
0.416000 0.992942
0.420000 0.992941
0.424000 0.992940
0.428000 0.992939
0.432000 0.992938
0.436000 0.992937
0.440000 0.992936
0.444000 0.992935
0.448000 0.992934
0.452000 0.992933
0.456000 0.992932
0.460000 0.992932
0.464000 0.992931
0.468000 0.992930
0.472000 0.992930
0.476000 0.992929
0.480000 0.992929
0.484000 0.992928
0.488000 0.992928
0.492000 0.992927
0.496000 0.992927
0.500000 0.992926
0.504000 0.992926
0.508000 0.992925
0.512000 0.992925
0.516000 0.992925
0.520000 0.992924
0.524000 0.992924
0.528000 0.992924
0.532000 0.992924
0.536000 0.992923
0.540000 0.992923
0.544000 0.992923
0.548000 0.992923
0.552000 0.992922
0.556000 0.992922
0.560000 0.992922
0.564000 0.992922
0.568000 0.992922
0.572000 0.992921
0.576000 0.992921
0.580000 0.992921
0.584000 0.992921
0.588000 0.992921
0.592000 0.992921
0.596000 0.992921
0.600000 0.992921
0.604000 0.992920
0.608000 0.992920
0.612000 0.992920
0.616000 0.992920
0.620000 0.992920
0.624000 0.992920
0.628000 0.992920
0.632000 0.992920
0.636000 0.992920
0.640000 0.992920
0.644000 0.992920
0.648000 0.992920
0.652000 0.992920
0.656000 0.992920
0.660000 0.992920
0.664000 0.992920
0.668000 0.992920
0.672000 0.992919
0.676000 0.992919
0.680000 0.992919
0.684000 0.992919
0.688000 0.992919
0.692000 0.992919
0.696000 0.992919
0.700000 0.992919
0.704000 0.992919
0.708000 0.992919
0.712000 0.992919
0.716000 0.992919
0.720000 0.992919
0.724000 0.992919
0.728000 0.992919
0.732000 0.992919
0.736000 0.992919
0.740000 0.992919
0.744000 0.992919
0.748000 0.992919
0.752000 0.992919
0.756000 0.992919
0.760000 0.992919
0.764000 0.992919
0.768000 0.992919
0.772000 0.992919
0.776000 0.992919
0.780000 0.992919
0.784000 0.992919
0.788000 0.992919
0.792000 0.992919
0.796000 0.992919
0.800000 0.992919
0.804000 0.992919
0.808000 0.992919
0.812000 0.992919
0.816000 0.992919
0.820000 0.992919
0.824000 0.992919
0.828000 0.992919
0.832000 0.992919
0.836000 0.992919
0.840000 0.992919
0.844000 0.992919
0.848000 0.992919
0.852000 0.992919
0.856000 0.992919
0.860000 0.992919
0.864000 0.992919
0.868000 0.992919
0.872000 0.992919
0.876000 0.992919
0.880000 0.992919
0.884000 0.992919
0.888000 0.992919
0.892000 0.992919
0.896000 0.992919
0.900000 0.992919
0.904000 0.992919
0.908000 0.992919
0.912000 0.992919
0.916000 0.992919
0.920000 0.992919
0.924000 0.992919
0.928000 0.992919
0.932000 0.992919
0.936000 0.992919
0.940000 0.992919
0.944000 0.992919
0.948000 0.992919
0.952000 0.992919
0.956000 0.992919
0.960000 0.992919
0.964000 0.992919
0.968000 0.992919
0.972000 0.992919
0.976000 0.992919
0.980000 0.992919
0.984000 0.992919
0.988000 0.992919
0.992000 0.992919
0.996000 0.992919
1.000000 0.992919
