-1.000000 0.994892
-0.996000 0.994892
-0.992000 0.994892
-0.988000 0.994892
-0.984000 0.994892
-0.980000 0.994892
-0.976000 0.994892
-0.972000 0.994892
-0.968000 0.994892
-0.964000 0.994892
-0.960000 0.994892
-0.956000 0.994892
-0.952000 0.994892
-0.948000 0.994892
-0.944000 0.994892
-0.940000 0.994892
-0.936000 0.994892
-0.932000 0.994892
-0.928000 0.994892
-0.924000 0.994892
-0.920000 0.994892
-0.916000 0.994892
-0.912000 0.994892
-0.908000 0.994892
-0.904000 0.994892
-0.900000 0.994892
-0.896000 0.994892
-0.892000 0.994892
-0.888000 0.994892
-0.884000 0.994892
-0.880000 0.994892
-0.876000 0.994892
-0.872000 0.994892
-0.868000 0.994892
-0.864000 0.994892
-0.860000 0.994892
-0.856000 0.994892
-0.852000 0.994892
-0.848000 0.994892
-0.844000 0.994892
-0.840000 0.994892
-0.836000 0.994892
-0.832000 0.994892
-0.828000 0.994892
-0.824000 0.994892
-0.820000 0.994892
-0.816000 0.994892
-0.812000 0.994892
-0.808000 0.994892
-0.804000 0.994892
-0.800000 0.994892
-0.796000 0.994892
-0.792000 0.994892
-0.788000 0.994892
-0.784000 0.994892
-0.780000 0.994892
-0.776000 0.994892
-0.772000 0.994892
-0.768000 0.994892
-0.764000 0.994892
-0.760000 0.994892
-0.756000 0.994892
-0.752000 0.994892
-0.748000 0.994892
-0.744000 0.994892
-0.740000 0.994892
-0.736000 0.994892
-0.732000 0.994892
-0.728000 0.994892
-0.724000 0.994892
-0.720000 0.994892
-0.716000 0.994892
-0.712000 0.994892
-0.708000 0.994891
-0.704000 0.994891
-0.700000 0.994891
-0.696000 0.994891
-0.692000 0.994891
-0.688000 0.994891
-0.684000 0.994891
-0.680000 0.994891
-0.676000 0.994891
-0.672000 0.994891
-0.668000 0.994890
-0.664000 0.994890
-0.660000 0.994890
-0.656000 0.994890
-0.652000 0.994890
-0.648000 0.994889
-0.644000 0.994889
-0.640000 0.994889
-0.636000 0.994889
-0.632000 0.994888
-0.628000 0.994888
-0.624000 0.994888
-0.620000 0.994887
-0.616000 0.994887
-0.612000 0.994886
-0.608000 0.994886
-0.604000 0.994885
-0.600000 0.994885
-0.596000 0.994884
-0.592000 0.994883
-0.588000 0.994882
-0.584000 0.994882
-0.580000 0.994881
-0.576000 0.994880
-0.572000 0.994879
-0.568000 0.994878
-0.564000 0.994876
-0.560000 0.994875
-0.556000 0.994874
-0.552000 0.994872
-0.548000 0.994871
-0.544000 0.994869
-0.540000 0.994868
-0.536000 0.994866
-0.532000 0.994864
-0.528000 0.994862
-0.524000 0.994860
-0.520000 0.994857
-0.516000 0.994855
-0.512000 0.994852
-0.508000 0.994850
-0.504000 0.994847
-0.500000 0.994844
-0.496000 0.994840
-0.492000 0.994837
-0.488000 0.994834
-0.484000 0.994830
-0.480000 0.994826
-0.476000 0.994822
-0.472000 0.994817
-0.468000 0.994813
-0.464000 0.994808
-0.460000 0.994803
-0.456000 0.994798
-0.452000 0.994793
-0.448000 0.994787
-0.444000 0.994781
-0.440000 0.994775
-0.436000 0.994768
-0.432000 0.994762
-0.428000 0.994755
-0.424000 0.994748
-0.420000 0.994740
-0.416000 0.994732
-0.412000 0.994724
-0.408000 0.994716
-0.404000 0.994707
-0.400000 0.994699
-0.396000 0.994689
-0.392000 0.994680
-0.388000 0.994670
-0.384000 0.994660
-0.380000 0.994650
-0.376000 0.994639
-0.372000 0.994628
-0.368000 0.994616
-0.364000 0.994605
-0.360000 0.994593
-0.356000 0.994581
-0.352000 0.994568
-0.348000 0.994555
-0.344000 0.994542
-0.340000 0.994529
-0.336000 0.994515
-0.332000 0.994501
-0.328000 0.994486
-0.324000 0.994472
-0.320000 0.994457
-0.316000 0.994442
-0.312000 0.994426
-0.308000 0.994410
-0.304000 0.994394
-0.300000 0.994378
-0.296000 0.994362
-0.292000 0.994345
-0.288000 0.994328
-0.284000 0.994311
-0.280000 0.994293
-0.276000 0.994276
-0.272000 0.994258
-0.268000 0.994240
-0.264000 0.994222
-0.260000 0.994204
-0.256000 0.994185
-0.252000 0.994167
-0.248000 0.994148
-0.244000 0.994129
-0.240000 0.994110
-0.236000 0.994091
-0.232000 0.994072
-0.228000 0.994053
-0.224000 0.994033
-0.220000 0.994014
-0.216000 0.993995
-0.212000 0.993975
-0.208000 0.993956
-0.204000 0.993936
-0.200000 0.993917
-0.196000 0.993898
-0.192000 0.993878
-0.188000 0.993859
-0.184000 0.993840
-0.180000 0.993820
-0.176000 0.993801
-0.172000 0.993782
-0.168000 0.993763
-0.164000 0.993745
-0.160000 0.993726
-0.156000 0.993707
-0.152000 0.993689
-0.148000 0.993671
-0.144000 0.993653
-0.140000 0.993635
-0.136000 0.993617
-0.132000 0.993599
-0.128000 0.993582
-0.124000 0.993565
-0.120000 0.993548
-0.116000 0.993531
-0.112000 0.993515
-0.108000 0.993498
-0.104000 0.993482
-0.100000 0.993466
-0.096000 0.993451
-0.092000 0.993435
-0.088000 0.993420
-0.084000 0.993405
-0.080000 0.993391
-0.076000 0.993376
-0.072000 0.993362
-0.068000 0.993349
-0.064000 0.993335
-0.060000 0.993322
-0.056000 0.993309
-0.052000 0.993296
-0.048000 0.993284
-0.044000 0.993272
-0.040000 0.993260
-0.036000 0.993248
-0.032000 0.993237
-0.028000 0.993226
-0.024000 0.993215
-0.020000 0.993204
-0.016000 0.993194
-0.012000 0.993184
-0.008000 0.993174
-0.004000 0.993165
0.000000 0.993156
0.004000 0.993147
0.008000 0.993138
0.012000 0.993130
0.016000 0.993122
0.020000 0.993114
0.024000 0.993106
0.028000 0.993098
0.032000 0.993091
0.036000 0.993084
0.040000 0.993077
0.044000 0.993071
0.048000 0.993065
0.052000 0.993058
0.056000 0.993053
0.060000 0.993047
0.064000 0.993041
0.068000 0.993036
0.072000 0.993031
0.076000 0.993026
0.080000 0.993021
0.084000 0.993017
0.088000 0.993012
0.092000 0.993008
0.096000 0.993004
0.100000 0.993000
0.104000 0.992996
0.108000 0.992992
0.112000 0.992989
0.116000 0.992986
0.120000 0.992982
0.124000 0.992979
0.128000 0.992976
0.132000 0.992974
0.136000 0.992971
0.140000 0.992968
0.144000 0.992966
0.148000 0.992963
0.152000 0.992961
0.156000 0.992959
0.160000 0.992957
0.164000 0.992955
0.168000 0.992953
0.172000 0.992951
0.176000 0.992950
0.180000 0.992948
0.184000 0.992946
0.188000 0.992945
0.192000 0.992944
0.196000 0.992942
0.200000 0.992941
0.204000 0.992940
0.208000 0.992939
0.212000 0.992938
0.216000 0.992936
0.220000 0.992935
0.224000 0.992935
0.228000 0.992934
0.232000 0.992933
0.236000 0.992932
0.240000 0.992931
0.244000 0.992931
0.248000 0.992930
0.252000 0.992929
0.256000 0.992929
0.260000 0.992928
0.264000 0.992928
0.268000 0.992927
0.272000 0.992927
0.276000 0.992926
0.280000 0.992926
0.284000 0.992925
0.288000 0.992925
0.292000 0.992924
0.296000 0.992924
0.300000 0.992924
0.304000 0.992924
0.308000 0.992923
0.312000 0.992923
0.316000 0.992923
0.320000 0.992922
0.324000 0.992922
0.328000 0.992922
0.332000 0.992922
0.336000 0.992922
0.340000 0.992921
0.344000 0.992921
0.348000 0.992921
0.352000 0.992921
0.356000 0.992921
0.360000 0.992921
0.364000 0.992921
0.368000 0.992921
0.372000 0.992920
0.376000 0.992920
0.380000 0.992920
0.384000 0.992920
0.388000 0.992920
0.392000 0.992920
0.396000 0.992920
0.400000 0.992920
0.404000 0.992920
0.408000 0.992920
0.412000 0.992920
0.416000 0.992920
0.420000 0.992920
0.424000 0.992920
0.428000 0.992920
0.432000 0.992919
0.436000 0.992919
0.440000 0.992919
0.444000 0.992919
0.448000 0.992919
0.452000 0.992919
0.456000 0.992919
0.460000 0.992919
0.464000 0.992919
0.468000 0.992919
0.472000 0.992919
0.476000 0.992919
0.480000 0.992919
0.484000 0.992919
0.488000 0.992919
0.492000 0.992919
0.496000 0.992919
0.500000 0.992919
0.504000 0.992919
0.508000 0.992919
0.512000 0.992919
0.516000 0.992919
0.520000 0.992919
0.524000 0.992919
0.528000 0.992919
0.532000 0.992919
0.536000 0.992919
0.540000 0.992919
0.544000 0.992919
0.548000 0.992919
0.552000 0.992919
0.556000 0.992919
0.560000 0.992919
0.564000 0.992919
0.568000 0.992919
0.572000 0.992919
0.576000 0.992919
0.580000 0.992919
0.584000 0.992919
0.588000 0.992919
0.592000 0.992919
0.596000 0.992919
0.600000 0.992919
0.604000 0.992919
0.608000 0.992919
0.612000 0.992919
0.616000 0.992919
0.620000 0.992919
0.624000 0.992919
0.628000 0.992919
0.632000 0.992919
0.636000 0.992919
0.640000 0.992919
0.644000 0.992919
0.648000 0.992919
0.652000 0.992919
0.656000 0.992919
0.660000 0.992919
0.664000 0.992919
0.668000 0.992919
0.672000 0.992919
0.676000 0.992919
0.680000 0.992919
0.684000 0.992919
0.688000 0.992919
0.692000 0.992919
0.696000 0.992919
0.700000 0.992919
0.704000 0.992919
0.708000 0.992919
0.712000 0.992919
0.716000 0.992919
0.720000 0.992919
0.724000 0.992919
0.728000 0.992919
0.732000 0.992919
0.736000 0.992919
0.740000 0.992919
0.744000 0.992919
0.748000 0.992919
0.752000 0.992919
0.756000 0.992919
0.760000 0.992919
0.764000 0.992919
0.768000 0.992919
0.772000 0.992919
0.776000 0.992919
0.780000 0.992919
0.784000 0.992919
0.788000 0.992919
0.792000 0.992919
0.796000 0.992919
0.800000 0.992919
0.804000 0.992919
0.808000 0.992919
0.812000 0.992919
0.816000 0.992919
0.820000 0.992919
0.824000 0.992919
0.828000 0.992919
0.832000 0.992919
0.836000 0.992919
0.840000 0.992919
0.844000 0.992919
0.848000 0.992919
0.852000 0.992919
0.856000 0.992919
0.860000 0.992919
0.864000 0.992919
0.868000 0.992919
0.872000 0.992919
0.876000 0.992919
0.880000 0.992919
0.884000 0.992919
0.888000 0.992919
0.892000 0.992919
0.896000 0.992919
0.900000 0.992919
0.904000 0.992919
0.908000 0.992919
0.912000 0.992919
0.916000 0.992919
0.920000 0.992919
0.924000 0.992919
0.928000 0.992919
0.932000 0.992919
0.936000 0.992919
0.940000 0.992919
0.944000 0.992919
0.948000 0.992919
0.952000 0.992919
0.956000 0.992919
0.960000 0.992919
0.964000 0.992919
0.968000 0.992919
0.972000 0.992919
0.976000 0.992919
0.980000 0.992919
0.984000 0.992919
0.988000 0.992919
0.992000 0.992919
0.996000 0.992919
1.000000 0.992919
