-1.000000 0.994892
-0.996000 0.994892
-0.992000 0.994892
-0.988000 0.994892
-0.984000 0.994892
-0.980000 0.994892
-0.976000 0.994892
-0.972000 0.994892
-0.968000 0.994892
-0.964000 0.994892
-0.960000 0.994892
-0.956000 0.994892
-0.952000 0.994892
-0.948000 0.994892
-0.944000 0.994892
-0.940000 0.994892
-0.936000 0.994892
-0.932000 0.994892
-0.928000 0.994892
-0.924000 0.994892
-0.920000 0.994892
-0.916000 0.994892
-0.912000 0.994892
-0.908000 0.994892
-0.904000 0.994892
-0.900000 0.994892
-0.896000 0.994892
-0.892000 0.994892
-0.888000 0.994892
-0.884000 0.994892
-0.880000 0.994892
-0.876000 0.994892
-0.872000 0.994892
-0.868000 0.994892
-0.864000 0.994892
-0.860000 0.994892
-0.856000 0.994892
-0.852000 0.994892
-0.848000 0.994892
-0.844000 0.994892
-0.840000 0.994892
-0.836000 0.994892
-0.832000 0.994892
-0.828000 0.994892
-0.824000 0.994892
-0.820000 0.994892
-0.816000 0.994892
-0.812000 0.994892
-0.808000 0.994892
-0.804000 0.994892
-0.800000 0.994892
-0.796000 0.994892
-0.792000 0.994892
-0.788000 0.994892
-0.784000 0.994892
-0.780000 0.994892
-0.776000 0.994892
-0.772000 0.994892
-0.768000 0.994892
-0.764000 0.994892
-0.760000 0.994892
-0.756000 0.994892
-0.752000 0.994892
-0.748000 0.994892
-0.744000 0.994892
-0.740000 0.994892
-0.736000 0.994892
-0.732000 0.994892
-0.728000 0.994892
-0.724000 0.994892
-0.720000 0.994892
-0.716000 0.994892
-0.712000 0.994892
-0.708000 0.994892
-0.704000 0.994892
-0.700000 0.994892
-0.696000 0.994892
-0.692000 0.994892
-0.688000 0.994892
-0.684000 0.994892
-0.680000 0.994892
-0.676000 0.994892
-0.672000 0.994892
-0.668000 0.994892
-0.664000 0.994892
-0.660000 0.994892
-0.656000 0.994892
-0.652000 0.994892
-0.648000 0.994892
-0.644000 0.994892
-0.640000 0.994892
-0.636000 0.994892
-0.632000 0.994892
-0.628000 0.994892
-0.624000 0.994892
-0.620000 0.994892
-0.616000 0.994892
-0.612000 0.994891
-0.608000 0.994891
-0.604000 0.994891
-0.600000 0.994891
-0.596000 0.994891
-0.592000 0.994891
-0.588000 0.994891
-0.584000 0.994891
-0.580000 0.994891
-0.576000 0.994891
-0.572000 0.994891
-0.568000 0.994891
-0.564000 0.994890
-0.560000 0.994890
-0.556000 0.994890
-0.552000 0.994890
-0.548000 0.994890
-0.544000 0.994889
-0.540000 0.994889
-0.536000 0.994889
-0.532000 0.994889
-0.528000 0.994888
-0.524000 0.994888
-0.520000 0.994888
-0.516000 0.994887
-0.512000 0.994887
-0.508000 0.994887
-0.504000 0.994886
-0.500000 0.994886
-0.496000 0.994885
-0.492000 0.994885
-0.488000 0.994884
-0.484000 0.994884
-0.480000 0.994883
-0.476000 0.994882
-0.472000 0.994881
-0.468000 0.994881
-0.464000 0.994880
-0.460000 0.994879
-0.456000 0.994878
-0.452000 0.994877
-0.448000 0.994876
-0.444000 0.994874
-0.440000 0.994873
-0.436000 0.994872
-0.432000 0.994871
-0.428000 0.994869
-0.424000 0.994867
-0.420000 0.994866
-0.416000 0.994864
-0.412000 0.994862
-0.408000 0.994860
-0.404000 0.994858
-0.400000 0.994856
-0.396000 0.994854
-0.392000 0.994851
-0.388000 0.994849
-0.384000 0.994846
-0.380000 0.994844
-0.376000 0.994841
-0.372000 0.994838
-0.368000 0.994834
-0.364000 0.994831
-0.360000 0.994828
-0.356000 0.994824
-0.352000 0.994820
-0.348000 0.994816
-0.344000 0.994812
-0.340000 0.994808
-0.336000 0.994803
-0.332000 0.994798
-0.328000 0.994793
-0.324000 0.994788
-0.320000 0.994783
-0.316000 0.994778
-0.312000 0.994772
-0.308000 0.994766
-0.304000 0.994760
-0.300000 0.994753
-0.296000 0.994747
-0.292000 0.994740
-0.288000 0.994733
-0.284000 0.994726
-0.280000 0.994718
-0.276000 0.994710
-0.272000 0.994702
-0.268000 0.994694
-0.264000 0.994686
-0.260000 0.994677
-0.256000 0.994668
-0.252000 0.994659
-0.248000 0.994649
-0.244000 0.994639
-0.240000 0.994629
-0.236000 0.994619
-0.232000 0.994609
-0.228000 0.994598
-0.224000 0.994587
-0.220000 0.994575
-0.216000 0.994564
-0.212000 0.994552
-0.208000 0.994540
-0.204000 0.994528
-0.200000 0.994515
-0.196000 0.994502
-0.192000 0.994489
-0.188000 0.994476
-0.184000 0.994462
-0.180000 0.994449
-0.176000 0.994435
-0.172000 0.994420
-0.168000 0.994406
-0.164000 0.994391
-0.160000 0.994377
-0.156000 0.994361
-0.152000 0.994346
-0.148000 0.994331
-0.144000 0.994315
-0.140000 0.994299
-0.136000 0.994283
-0.132000 0.994267
-0.128000 0.994251
-0.124000 0.994234
-0.120000 0.994218
-0.116000 0.994201
-0.112000 0.994184
-0.108000 0.994167
-0.104000 0.994150
-0.100000 0.994133
-0.096000 0.994115
-0.092000 0.994098
-0.088000 0.994080
-0.084000 0.994063
-0.080000 0.994045
-0.076000 0.994027
-0.072000 0.994010
-0.068000 0.993992
-0.064000 0.993974
-0.060000 0.993956
-0.056000 0.993939
-0.052000 0.993921
-0.048000 0.993903
-0.044000 0.993885
-0.040000 0.993868
-0.036000 0.993850
-0.032000 0.993832
-0.028000 0.993815
-0.024000 0.993797
-0.020000 0.993780
-0.016000 0.993763
-0.012000 0.993745
-0.008000 0.993728
-0.004000 0.993711
0.000000 0.993694
0.004000 0.993677
0.008000 0.993661
0.012000 0.993644
0.016000 0.993628
0.020000 0.993612
0.024000 0.993595
0.028000 0.993580
0.032000 0.993564
0.036000 0.993548
0.040000 0.993533
0.044000 0.993518
0.048000 0.993503
0.052000 0.993488
0.056000 0.993473
0.060000 0.993459
0.064000 0.993444
0.068000 0.993430
0.072000 0.993416
0.076000 0.993403
0.080000 0.993390
0.084000 0.993376
0.088000 0.993363
0.092000 0.993351
0.096000 0.993338
0.100000 0.993326
0.104000 0.993314
0.108000 0.993302
0.112000 0.993291
0.116000 0.993279
0.120000 0.993268
0.124000 0.993257
0.128000 0.993247
0.132000 0.993236
0.136000 0.993226
0.140000 0.993216
0.144000 0.993206
0.148000 0.993197
0.152000 0.993188
0.156000 0.993178
0.160000 0.993170
0.164000 0.993161
0.168000 0.993153
0.172000 0.993145
0.176000 0.993137
0.180000 0.993129
0.184000 0.993121
0.188000 0.993114
0.192000 0.993107
0.196000 0.993100
0.200000 0.993093
0.204000 0.993087
0.208000 0.993080
0.212000 0.993074
0.216000 0.993068
0.220000 0.993062
0.224000 0.993057
0.228000 0.993051
0.232000 0.993046
0.236000 0.993041
0.240000 0.993036
0.244000 0.993031
0.248000 0.993027
0.252000 0.993022
0.256000 0.993018
0.260000 0.993014
0.264000 0.993010
0.268000 0.993006
0.272000 0.993002
0.276000 0.992999
0.280000 0.992995
0.284000 0.992992
0.288000 0.992989
0.292000 0.992986
0.296000 0.992983
0.300000 0.992980
0.304000 0.992977
0.308000 0.992975
0.312000 0.992972
0.316000 0.992970
0.320000 0.992967
0.324000 0.992965
0.328000 0.992963
0.332000 0.992961
0.336000 0.992959
0.340000 0.992957
0.344000 0.992955
0.348000 0.992953
0.352000 0.992952
0.356000 0.992950
0.360000 0.992948
0.364000 0.992947
0.368000 0.992946
0.372000 0.992944
0.376000 0.992943
0.380000 0.992942
0.384000 0.992941
0.388000 0.992940
0.392000 0.992938
0.396000 0.992937
0.400000 0.992937
0.404000 0.992936
0.408000 0.992935
0.412000 0.992934
0.416000 0.992933
0.420000 0.992932
0.424000 0.992932
0.428000 0.992931
0.432000 0.992930
0.436000 0.992930
0.440000 0.992929
0.444000 0.992929
0.448000 0.992928
0.452000 0.992927
0.456000 0.992927
0.460000 0.992927
0.464000 0.992926
0.468000 0.992926
0.472000 0.992925
0.476000 0.992925
0.480000 0.992925
0.484000 0.992924
0.488000 0.992924
0.492000 0.992924
0.496000 0.992923
0.500000 0.992923
0.504000 0.992923
0.508000 0.992923
0.512000 0.992922
0.516000 0.992922
0.520000 0.992922
0.524000 0.992922
0.528000 0.992922
0.532000 0.992922
0.536000 0.992921
0.540000 0.992921
0.544000 0.992921
0.548000 0.992921
0.552000 0.992921
0.556000 0.992921
0.560000 0.992921
0.564000 0.992921
0.568000 0.992920
0.572000 0.992920
0.576000 0.992920
0.580000 0.992920
0.584000 0.992920
0.588000 0.992920
0.592000 0.992920
0.596000 0.992920
0.600000 0.992920
0.604000 0.992920
0.608000 0.992920
0.612000 0.992920
0.616000 0.992920
0.620000 0.992920
0.624000 0.992920
0.628000 0.992920
0.632000 0.992919
0.636000 0.992919
0.640000 0.992919
0.644000 0.992919
0.648000 0.992919
0.652000 0.992919
0.656000 0.992919
0.660000 0.992919
0.664000 0.992919
0.668000 0.992919
0.672000 0.992919
0.676000 0.992919
0.680000 0.992919
0.684000 0.992919
0.688000 0.992919
0.692000 0.992919
0.696000 0.992919
0.700000 0.992919
0.704000 0.992919
0.708000 0.992919
0.712000 0.992919
0.716000 0.992919
0.720000 0.992919
0.724000 0.992919
0.728000 0.992919
0.732000 0.992919
0.736000 0.992919
0.740000 0.992919
0.744000 0.992919
0.748000 0.992919
0.752000 0.992919
0.756000 0.992919
0.760000 0.992919
0.764000 0.992919
0.768000 0.992919
0.772000 0.992919
0.776000 0.992919
0.780000 0.992919
0.784000 0.992919
0.788000 0.992919
0.792000 0.992919
0.796000 0.992919
0.800000 0.992919
0.804000 0.992919
0.808000 0.992919
0.812000 0.992919
0.816000 0.992919
0.820000 0.992919
0.824000 0.992919
0.828000 0.992919
0.832000 0.992919
0.836000 0.992919
0.840000 0.992919
0.844000 0.992919
0.848000 0.992919
0.852000 0.992919
0.856000 0.992919
0.860000 0.992919
0.864000 0.992919
0.868000 0.992919
0.872000 0.992919
0.876000 0.992919
0.880000 0.992919
0.884000 0.992919
0.888000 0.992919
0.892000 0.992919
0.896000 0.992919
0.900000 0.992919
0.904000 0.992919
0.908000 0.992919
0.912000 0.992919
0.916000 0.992919
0.920000 0.992919
0.924000 0.992919
0.928000 0.992919
0.932000 0.992919
0.936000 0.992919
0.940000 0.992919
0.944000 0.992919
0.948000 0.992919
0.952000 0.992919
0.956000 0.992919
0.960000 0.992919
0.964000 0.992919
0.968000 0.992919
0.972000 0.992919
0.976000 0.992919
0.980000 0.992919
0.984000 0.992919
0.988000 0.992919
0.992000 0.992919
0.996000 0.992919
1.000000 0.992919
