-1.000000 0.994892
-0.996000 0.994892
-0.992000 0.994892
-0.988000 0.994892
-0.984000 0.994892
-0.980000 0.994892
-0.976000 0.994892
-0.972000 0.994892
-0.968000 0.994892
-0.964000 0.994892
-0.960000 0.994892
-0.956000 0.994892
-0.952000 0.994892
-0.948000 0.994892
-0.944000 0.994892
-0.940000 0.994892
-0.936000 0.994892
-0.932000 0.994892
-0.928000 0.994892
-0.924000 0.994892
-0.920000 0.994892
-0.916000 0.994892
-0.912000 0.994892
-0.908000 0.994892
-0.904000 0.994892
-0.900000 0.994892
-0.896000 0.994892
-0.892000 0.994892
-0.888000 0.994892
-0.884000 0.994892
-0.880000 0.994892
-0.876000 0.994892
-0.872000 0.994892
-0.868000 0.994892
-0.864000 0.994892
-0.860000 0.994892
-0.856000 0.994892
-0.852000 0.994892
-0.848000 0.994892
-0.844000 0.994892
-0.840000 0.994892
-0.836000 0.994892
-0.832000 0.994892
-0.828000 0.994892
-0.824000 0.994892
-0.820000 0.994892
-0.816000 0.994892
-0.812000 0.994892
-0.808000 0.994892
-0.804000 0.994892
-0.800000 0.994892
-0.796000 0.994892
-0.792000 0.994892
-0.788000 0.994892
-0.784000 0.994892
-0.780000 0.994892
-0.776000 0.994892
-0.772000 0.994892
-0.768000 0.994892
-0.764000 0.994892
-0.760000 0.994892
-0.756000 0.994892
-0.752000 0.994892
-0.748000 0.994892
-0.744000 0.994892
-0.740000 0.994892
-0.736000 0.994892
-0.732000 0.994892
-0.728000 0.994892
-0.724000 0.994892
-0.720000 0.994892
-0.716000 0.994892
-0.712000 0.994892
-0.708000 0.994892
-0.704000 0.994892
-0.700000 0.994892
-0.696000 0.994892
-0.692000 0.994892
-0.688000 0.994892
-0.684000 0.994891
-0.680000 0.994891
-0.676000 0.994891
-0.672000 0.994891
-0.668000 0.994891
-0.664000 0.994891
-0.660000 0.994891
-0.656000 0.994891
-0.652000 0.994891
-0.648000 0.994891
-0.644000 0.994891
-0.640000 0.994890
-0.636000 0.994890
-0.632000 0.994890
-0.628000 0.994890
-0.624000 0.994890
-0.620000 0.994889
-0.616000 0.994889
-0.612000 0.994889
-0.608000 0.994889
-0.604000 0.994888
-0.600000 0.994888
-0.596000 0.994888
-0.592000 0.994887
-0.588000 0.994887
-0.584000 0.994886
-0.580000 0.994886
-0.576000 0.994885
-0.572000 0.994885
-0.568000 0.994884
-0.564000 0.994883
-0.560000 0.994883
-0.556000 0.994882
-0.552000 0.994881
-0.548000 0.994880
-0.544000 0.994879
-0.540000 0.994878
-0.536000 0.994877
-0.532000 0.994876
-0.528000 0.994875
-0.524000 0.994873
-0.520000 0.994872
-0.516000 0.994870
-0.512000 0.994869
-0.508000 0.994867
-0.504000 0.994865
-0.500000 0.994863
-0.496000 0.994861
-0.492000 0.994859
-0.488000 0.994857
-0.484000 0.994854
-0.480000 0.994852
-0.476000 0.994849
-0.472000 0.994846
-0.468000 0.994843
-0.464000 0.994840
-0.460000 0.994837
-0.456000 0.994834
-0.452000 0.994830
-0.448000 0.994826
-0.444000 0.994822
-0.440000 0.994818
-0.436000 0.994814
-0.432000 0.994809
-0.428000 0.994804
-0.424000 0.994799
-0.420000 0.994794
-0.416000 0.994789
-0.412000 0.994783
-0.408000 0.994777
-0.404000 0.994771
-0.400000 0.994764
-0.396000 0.994758
-0.392000 0.994751
-0.388000 0.994744
-0.384000 0.994736
-0.380000 0.994729
-0.376000 0.994721
-0.372000 0.994712
-0.368000 0.994704
-0.364000 0.994695
-0.360000 0.994686
-0.356000 0.994677
-0.352000 0.994667
-0.348000 0.994657
-0.344000 0.994647
-0.340000 0.994636
-0.336000 0.994626
-0.332000 0.994615
-0.328000 0.994603
-0.324000 0.994592
-0.320000 0.994580
-0.316000 0.994567
-0.312000 0.994555
-0.308000 0.994542
-0.304000 0.994529
-0.300000 0.994515
-0.296000 0.994502
-0.292000 0.994488
-0.288000 0.994474
-0.284000 0.994459
-0.280000 0.994444
-0.276000 0.994429
-0.272000 0.994414
-0.268000 0.994398
-0.264000 0.994383
-0.260000 0.994367
-0.256000 0.994350
-0.252000 0.994334
-0.248000 0.994317
-0.244000 0.994300
-0.240000 0.994283
-0.236000 0.994266
-0.232000 0.994249
-0.228000 0.994231
-0.224000 0.994213
-0.220000 0.994195
-0.216000 0.994177
-0.212000 0.994159
-0.208000 0.994141
-0.204000 0.994122
-0.200000 0.994104
-0.196000 0.994085
-0.192000 0.994067
-0.188000 0.994048
-0.184000 0.994029
-0.180000 0.994010
-0.176000 0.993991
-0.172000 0.993972
-0.168000 0.993953
-0.164000 0.993934
-0.160000 0.993916
-0.156000 0.993897
-0.152000 0.993878
-0.148000 0.993859
-0.144000 0.993840
-0.140000 0.993821
-0.136000 0.993803
-0.132000 0.993784
-0.128000 0.993766
-0.124000 0.993747
-0.120000 0.993729
-0.116000 0.993711
-0.112000 0.993693
-0.108000 0.993675
-0.104000 0.993657
-0.100000 0.993640
-0.096000 0.993623
-0.092000 0.993605
-0.088000 0.993588
-0.084000 0.993571
-0.080000 0.993555
-0.076000 0.993538
-0.072000 0.993522
-0.068000 0.993506
-0.064000 0.993490
-0.060000 0.993475
-0.056000 0.993459
-0.052000 0.993444
-0.048000 0.993429
-0.044000 0.993415
-0.040000 0.993400
-0.036000 0.993386
-0.032000 0.993372
-0.028000 0.993359
-0.024000 0.993345
-0.020000 0.993332
-0.016000 0.993319
-0.012000 0.993306
-0.008000 0.993294
-0.004000 0.993282
0.000000 0.993270
0.004000 0.993259
0.008000 0.993247
0.012000 0.993236
0.016000 0.993225
0.020000 0.993215
0.024000 0.993205
0.028000 0.993195
0.032000 0.993185
0.036000 0.993175
0.040000 0.993166
0.044000 0.993157
0.048000 0.993148
0.052000 0.993140
0.056000 0.993131
0.060000 0.993123
0.064000 0.993116
0.068000 0.993108
0.072000 0.993101
0.076000 0.993094
0.080000 0.993087
0.084000 0.993080
0.088000 0.993073
0.092000 0.993067
0.096000 0.993061
0.100000 0.993055
0.104000 0.993049
0.108000 0.993044
0.112000 0.993039
0.116000 0.993034
0.120000 0.993029
0.124000 0.993024
0.128000 0.993019
0.132000 0.993015
0.136000 0.993011
0.140000 0.993007
0.144000 0.993003
0.148000 0.992999
0.152000 0.992995
0.156000 0.992992
0.160000 0.992988
0.164000 0.992985
0.168000 0.992982
0.172000 0.992979
0.176000 0.992976
0.180000 0.992973
0.184000 0.992971
0.188000 0.992968
0.192000 0.992966
0.196000 0.992963
0.200000 0.992961
0.204000 0.992959
0.208000 0.992957
0.212000 0.992955
0.216000 0.992953
0.220000 0.992952
0.224000 0.992950
0.228000 0.992948
0.232000 0.992947
0.236000 0.992945
0.240000 0.992944
0.244000 0.992943
0.248000 0.992941
0.252000 0.992940
0.256000 0.992939
0.260000 0.992938
0.264000 0.992937
0.268000 0.992936
0.272000 0.992935
0.276000 0.992934
0.280000 0.992933
0.284000 0.992932
0.288000 0.992932
0.292000 0.992931
0.296000 0.992930
0.300000 0.992930
0.304000 0.992929
0.308000 0.992928
0.312000 0.992928
0.316000 0.992927
0.320000 0.992927
0.324000 0.992926
0.328000 0.992926
0.332000 0.992926
0.336000 0.992925
0.340000 0.992925
0.344000 0.992924
0.348000 0.992924
0.352000 0.992924
0.356000 0.992923
0.360000 0.992923
0.364000 0.992923
0.368000 0.992923
0.372000 0.992922
0.376000 0.992922
0.380000 0.992922
0.384000 0.992922
0.388000 0.992922
0.392000 0.992921
0.396000 0.992921
0.400000 0.992921
0.404000 0.992921
0.408000 0.992921
0.412000 0.992921
0.416000 0.992921
0.420000 0.992921
0.424000 0.992920
0.428000 0.992920
0.432000 0.992920
0.436000 0.992920
0.440000 0.992920
0.444000 0.992920
0.448000 0.992920
0.452000 0.992920
0.456000 0.992920
0.460000 0.992920
0.464000 0.992920
0.468000 0.992920
0.472000 0.992920
0.476000 0.992920
0.480000 0.992920
0.484000 0.992919
0.488000 0.992919
0.492000 0.992919
0.496000 0.992919
0.500000 0.992919
0.504000 0.992919
0.508000 0.992919
0.512000 0.992919
0.516000 0.992919
0.520000 0.992919
0.524000 0.992919
0.528000 0.992919
0.532000 0.992919
0.536000 0.992919
0.540000 0.992919
0.544000 0.992919
0.548000 0.992919
0.552000 0.992919
0.556000 0.992919
0.560000 0.992919
0.564000 0.992919
0.568000 0.992919
0.572000 0.992919
0.576000 0.992919
0.580000 0.992919
0.584000 0.992919
0.588000 0.992919
0.592000 0.992919
0.596000 0.992919
0.600000 0.992919
0.604000 0.992919
0.608000 0.992919
0.612000 0.992919
0.616000 0.992919
0.620000 0.992919
0.624000 0.992919
0.628000 0.992919
0.632000 0.992919
0.636000 0.992919
0.640000 0.992919
0.644000 0.992919
0.648000 0.992919
0.652000 0.992919
0.656000 0.992919
0.660000 0.992919
0.664000 0.992919
0.668000 0.992919
0.672000 0.992919
0.676000 0.992919
0.680000 0.992919
0.684000 0.992919
0.688000 0.992919
0.692000 0.992919
0.696000 0.992919
0.700000 0.992919
0.704000 0.992919
0.708000 0.992919
0.712000 0.992919
0.716000 0.992919
0.720000 0.992919
0.724000 0.992919
0.728000 0.992919
0.732000 0.992919
0.736000 0.992919
0.740000 0.992919
0.744000 0.992919
0.748000 0.992919
0.752000 0.992919
0.756000 0.992919
0.760000 0.992919
0.764000 0.992919
0.768000 0.992919
0.772000 0.992919
0.776000 0.992919
0.780000 0.992919
0.784000 0.992919
0.788000 0.992919
0.792000 0.992919
0.796000 0.992919
0.800000 0.992919
0.804000 0.992919
0.808000 0.992919
0.812000 0.992919
0.816000 0.992919
0.820000 0.992919
0.824000 0.992919
0.828000 0.992919
0.832000 0.992919
0.836000 0.992919
0.840000 0.992919
0.844000 0.992919
0.848000 0.992919
0.852000 0.992919
0.856000 0.992919
0.860000 0.992919
0.864000 0.992919
0.868000 0.992919
0.872000 0.992919
0.876000 0.992919
0.880000 0.992919
0.884000 0.992919
0.888000 0.992919
0.892000 0.992919
0.896000 0.992919
0.900000 0.992919
0.904000 0.992919
0.908000 0.992919
0.912000 0.992919
0.916000 0.992919
0.920000 0.992919
0.924000 0.992919
0.928000 0.992919
0.932000 0.992919
0.936000 0.992919
0.940000 0.992919
0.944000 0.992919
0.948000 0.992919
0.952000 0.992919
0.956000 0.992919
0.960000 0.992919
0.964000 0.992919
0.968000 0.992919
0.972000 0.992919
0.976000 0.992919
0.980000 0.992919
0.984000 0.992919
0.988000 0.992919
0.992000 0.992919
0.996000 0.992919
1.000000 0.992919
