-1.000000 0.994892
-0.996000 0.994892
-0.992000 0.994892
-0.988000 0.994892
-0.984000 0.994892
-0.980000 0.994892
-0.976000 0.994892
-0.972000 0.994892
-0.968000 0.994892
-0.964000 0.994892
-0.960000 0.994892
-0.956000 0.994891
-0.952000 0.994891
-0.948000 0.994891
-0.944000 0.994891
-0.940000 0.994891
-0.936000 0.994890
-0.932000 0.994890
-0.928000 0.994890
-0.924000 0.994889
-0.920000 0.994889
-0.916000 0.994888
-0.912000 0.994887
-0.908000 0.994887
-0.904000 0.994886
-0.900000 0.994884
-0.896000 0.994883
-0.892000 0.994882
-0.888000 0.994880
-0.884000 0.994879
-0.880000 0.994877
-0.876000 0.994874
-0.872000 0.994872
-0.868000 0.994869
-0.864000 0.994866
-0.860000 0.994863
-0.856000 0.994859
-0.852000 0.994855
-0.848000 0.994851
-0.844000 0.994846
-0.840000 0.994840
-0.836000 0.994835
-0.832000 0.994828
-0.828000 0.994821
-0.824000 0.994814
-0.820000 0.994806
-0.816000 0.994798
-0.812000 0.994788
-0.808000 0.994779
-0.804000 0.994768
-0.800000 0.994757
-0.796000 0.994745
-0.792000 0.994733
-0.788000 0.994719
-0.784000 0.994705
-0.780000 0.994690
-0.776000 0.994675
-0.772000 0.994658
-0.768000 0.994641
-0.764000 0.994623
-0.760000 0.994604
-0.756000 0.994585
-0.752000 0.994565
-0.748000 0.994544
-0.744000 0.994522
-0.740000 0.994499
-0.736000 0.994476
-0.732000 0.994452
-0.728000 0.994428
-0.724000 0.994403
-0.720000 0.994377
-0.716000 0.994350
-0.712000 0.994324
-0.708000 0.994296
-0.704000 0.994268
-0.700000 0.994240
-0.696000 0.994211
-0.692000 0.994182
-0.688000 0.994153
-0.684000 0.994123
-0.680000 0.994093
-0.676000 0.994063
-0.672000 0.994033
-0.668000 0.994003
-0.664000 0.993973
-0.660000 0.993943
-0.656000 0.993912
-0.652000 0.993882
-0.648000 0.993852
-0.644000 0.993823
-0.640000 0.993793
-0.636000 0.993764
-0.632000 0.993735
-0.628000 0.993706
-0.624000 0.993678
-0.620000 0.993650
-0.616000 0.993623
-0.612000 0.993596
-0.608000 0.993569
-0.604000 0.993544
-0.600000 0.993518
-0.596000 0.993493
-0.592000 0.993469
-0.588000 0.993445
-0.584000 0.993422
-0.580000 0.993400
-0.576000 0.993378
-0.572000 0.993357
-0.568000 0.993336
-0.564000 0.993316
-0.560000 0.993297
-0.556000 0.993278
-0.552000 0.993260
-0.548000 0.993243
-0.544000 0.993226
-0.540000 0.993210
-0.536000 0.993195
-0.532000 0.993180
-0.528000 0.993166
-0.524000 0.993152
-0.520000 0.993139
-0.516000 0.993127
-0.512000 0.993115
-0.508000 0.993103
-0.504000 0.993092
-0.500000 0.993082
-0.496000 0.993072
-0.492000 0.993063
-0.488000 0.993054
-0.484000 0.993046
-0.480000 0.993038
-0.476000 0.993030
-0.472000 0.993023
-0.468000 0.993016
-0.464000 0.993010
-0.460000 0.993004
-0.456000 0.992998
-0.452000 0.992993
-0.448000 0.992988
-0.444000 0.992983
-0.440000 0.992978
-0.436000 0.992974
-0.432000 0.992970
-0.428000 0.992967
-0.424000 0.992963
-0.420000 0.992960
-0.416000 0.992957
-0.412000 0.992954
-0.408000 0.992951
-0.404000 0.992949
-0.400000 0.992947
-0.396000 0.992945
-0.392000 0.992943
-0.388000 0.992941
-0.384000 0.992939
-0.380000 0.992938
-0.376000 0.992936
-0.372000 0.992935
-0.368000 0.992933
-0.364000 0.992932
-0.360000 0.992931
-0.356000 0.992930
-0.352000 0.992929
-0.348000 0.992928
-0.344000 0.992928
-0.340000 0.992927
-0.336000 0.992926
-0.332000 0.992926
-0.328000 0.992925
-0.324000 0.992924
-0.320000 0.992924
-0.316000 0.992924
-0.312000 0.992923
-0.308000 0.992923
-0.304000 0.992922
-0.300000 0.992922
-0.296000 0.992922
-0.292000 0.992922
-0.288000 0.992921
-0.284000 0.992921
-0.280000 0.992921
-0.276000 0.992921
-0.272000 0.992921
-0.268000 0.992920
-0.264000 0.992920
-0.260000 0.992920
-0.256000 0.992920
-0.252000 0.992920
-0.248000 0.992920
-0.244000 0.992920
-0.240000 0.992920
-0.236000 0.992920
-0.232000 0.992920
-0.228000 0.992920
-0.224000 0.992919
-0.220000 0.992919
-0.216000 0.992919
-0.212000 0.992919
-0.208000 0.992919
-0.204000 0.992919
-0.200000 0.992919
-0.196000 0.992919
-0.192000 0.992919
-0.188000 0.992919
-0.184000 0.992919
-0.180000 0.992919
-0.176000 0.992919
-0.172000 0.992919
-0.168000 0.992919
-0.164000 0.992919
-0.160000 0.992919
-0.156000 0.992919
-0.152000 0.992919
-0.148000 0.992919
-0.144000 0.992919
-0.140000 0.992919
-0.136000 0.992919
-0.132000 0.992919
-0.128000 0.992919
-0.124000 0.992919
-0.120000 0.992919
-0.116000 0.992919
-0.112000 0.992919
-0.108000 0.992919
-0.104000 0.992919
-0.100000 0.992919
-0.096000 0.992919
-0.092000 0.992919
-0.088000 0.992919
-0.084000 0.992919
-0.080000 0.992919
-0.076000 0.992919
-0.072000 0.992919
-0.068000 0.992919
-0.064000 0.992919
-0.060000 0.992919
-0.056000 0.992919
-0.052000 0.992919
-0.048000 0.992919
-0.044000 0.992919
-0.040000 0.992919
-0.036000 0.992919
-0.032000 0.992919
-0.028000 0.992919
-0.024000 0.992919
-0.020000 0.992919
-0.016000 0.992919
-0.012000 0.992919
-0.008000 0.992919
-0.004000 0.992919
0.000000 0.992919
0.004000 0.992919
0.008000 0.992919
0.012000 0.992919
0.016000 0.992919
0.020000 0.992919
0.024000 0.992919
0.028000 0.992919
0.032000 0.992919
0.036000 0.992919
0.040000 0.992919
0.044000 0.992919
0.048000 0.992919
0.052000 0.992919
0.056000 0.992919
0.060000 0.992919
0.064000 0.992919
0.068000 0.992919
0.072000 0.992919
0.076000 0.992919
0.080000 0.992919
0.084000 0.992919
0.088000 0.992919
0.092000 0.992919
0.096000 0.992919
0.100000 0.992919
0.104000 0.992919
0.108000 0.992919
0.112000 0.992919
0.116000 0.992919
0.120000 0.992919
0.124000 0.992919
0.128000 0.992919
0.132000 0.992919
0.136000 0.992919
0.140000 0.992919
0.144000 0.992919
0.148000 0.992919
0.152000 0.992919
0.156000 0.992919
0.160000 0.992919
0.164000 0.992919
0.168000 0.992919
0.172000 0.992919
0.176000 0.992919
0.180000 0.992919
0.184000 0.992919
0.188000 0.992919
0.192000 0.992919
0.196000 0.992919
0.200000 0.992919
0.204000 0.992919
0.208000 0.992919
0.212000 0.992919
0.216000 0.992919
0.220000 0.992919
0.224000 0.992919
0.228000 0.992919
0.232000 0.992919
0.236000 0.992919
0.240000 0.992919
0.244000 0.992919
0.248000 0.992919
0.252000 0.992919
0.256000 0.992919
0.260000 0.992919
0.264000 0.992919
0.268000 0.992919
0.272000 0.992919
0.276000 0.992919
0.280000 0.992919
0.284000 0.992919
0.288000 0.992919
0.292000 0.992919
0.296000 0.992919
0.300000 0.992919
0.304000 0.992919
0.308000 0.992919
0.312000 0.992919
0.316000 0.992919
0.320000 0.992919
0.324000 0.992919
0.328000 0.992919
0.332000 0.992919
0.336000 0.992919
0.340000 0.992919
0.344000 0.992919
0.348000 0.992919
0.352000 0.992919
0.356000 0.992919
0.360000 0.992919
0.364000 0.992919
0.368000 0.992919
0.372000 0.992919
0.376000 0.992919
0.380000 0.992919
0.384000 0.992919
0.388000 0.992919
0.392000 0.992919
0.396000 0.992919
0.400000 0.992919
0.404000 0.992919
0.408000 0.992919
0.412000 0.992919
0.416000 0.992919
0.420000 0.992919
0.424000 0.992919
0.428000 0.992919
0.432000 0.992919
0.436000 0.992919
0.440000 0.992919
0.444000 0.992919
0.448000 0.992919
0.452000 0.992919
0.456000 0.992919
0.460000 0.992919
0.464000 0.992919
0.468000 0.992919
0.472000 0.992919
0.476000 0.992919
0.480000 0.992919
0.484000 0.992919
0.488000 0.992919
0.492000 0.992919
0.496000 0.992919
0.500000 0.992919
0.504000 0.992919
0.508000 0.992919
0.512000 0.992919
0.516000 0.992919
0.520000 0.992919
0.524000 0.992919
0.528000 0.992919
0.532000 0.992919
0.536000 0.992919
0.540000 0.992919
0.544000 0.992919
0.548000 0.992919
0.552000 0.992919
0.556000 0.992919
0.560000 0.992919
0.564000 0.992919
0.568000 0.992919
0.572000 0.992919
0.576000 0.992919
0.580000 0.992919
0.584000 0.992919
0.588000 0.992919
0.592000 0.992919
0.596000 0.992919
0.600000 0.992919
0.604000 0.992919
0.608000 0.992919
0.612000 0.992919
0.616000 0.992919
0.620000 0.992919
0.624000 0.992919
0.628000 0.992919
0.632000 0.992919
0.636000 0.992919
0.640000 0.992919
0.644000 0.992919
0.648000 0.992919
0.652000 0.992919
0.656000 0.992919
0.660000 0.992919
0.664000 0.992919
0.668000 0.992919
0.672000 0.992919
0.676000 0.992919
0.680000 0.992919
0.684000 0.992919
0.688000 0.992919
0.692000 0.992919
0.696000 0.992919
0.700000 0.992919
0.704000 0.992919
0.708000 0.992919
0.712000 0.992919
0.716000 0.992919
0.720000 0.992919
0.724000 0.992919
0.728000 0.992919
0.732000 0.992919
0.736000 0.992919
0.740000 0.992919
0.744000 0.992919
0.748000 0.992919
0.752000 0.992919
0.756000 0.992919
0.760000 0.992919
0.764000 0.992919
0.768000 0.992919
0.772000 0.992919
0.776000 0.992919
0.780000 0.992919
0.784000 0.992919
0.788000 0.992919
0.792000 0.992919
0.796000 0.992919
0.800000 0.992919
0.804000 0.992919
0.808000 0.992919
0.812000 0.992919
0.816000 0.992919
0.820000 0.992919
0.824000 0.992919
0.828000 0.992919
0.832000 0.992919
0.836000 0.992919
0.840000 0.992919
0.844000 0.992919
0.848000 0.992919
0.852000 0.992919
0.856000 0.992919
0.860000 0.992919
0.864000 0.992919
0.868000 0.992919
0.872000 0.992919
0.876000 0.992919
0.880000 0.992919
0.884000 0.992919
0.888000 0.992919
0.892000 0.992919
0.896000 0.992919
0.900000 0.992919
0.904000 0.992919
0.908000 0.992919
0.912000 0.992919
0.916000 0.992919
0.920000 0.992919
0.924000 0.992919
0.928000 0.992919
0.932000 0.992919
0.936000 0.992919
0.940000 0.992919
0.944000 0.992919
0.948000 0.992919
0.952000 0.992919
0.956000 0.992919
0.960000 0.992919
0.964000 0.992919
0.968000 0.992919
0.972000 0.992919
0.976000 0.992919
0.980000 0.992919
0.984000 0.992919
0.988000 0.992919
0.992000 0.992919
0.996000 0.992919
1.000000 0.992919
