-1.000000 0.994892
-0.996000 0.994892
-0.992000 0.994892
-0.988000 0.994892
-0.984000 0.994892
-0.980000 0.994892
-0.976000 0.994892
-0.972000 0.994892
-0.968000 0.994892
-0.964000 0.994892
-0.960000 0.994892
-0.956000 0.994892
-0.952000 0.994892
-0.948000 0.994892
-0.944000 0.994892
-0.940000 0.994892
-0.936000 0.994892
-0.932000 0.994892
-0.928000 0.994892
-0.924000 0.994892
-0.920000 0.994892
-0.916000 0.994892
-0.912000 0.994892
-0.908000 0.994892
-0.904000 0.994892
-0.900000 0.994892
-0.896000 0.994892
-0.892000 0.994892
-0.888000 0.994892
-0.884000 0.994892
-0.880000 0.994892
-0.876000 0.994892
-0.872000 0.994892
-0.868000 0.994892
-0.864000 0.994892
-0.860000 0.994892
-0.856000 0.994892
-0.852000 0.994892
-0.848000 0.994892
-0.844000 0.994892
-0.840000 0.994892
-0.836000 0.994892
-0.832000 0.994892
-0.828000 0.994892
-0.824000 0.994892
-0.820000 0.994892
-0.816000 0.994892
-0.812000 0.994892
-0.808000 0.994892
-0.804000 0.994892
-0.800000 0.994892
-0.796000 0.994892
-0.792000 0.994892
-0.788000 0.994892
-0.784000 0.994892
-0.780000 0.994892
-0.776000 0.994892
-0.772000 0.994892
-0.768000 0.994892
-0.764000 0.994892
-0.760000 0.994892
-0.756000 0.994892
-0.752000 0.994892
-0.748000 0.994892
-0.744000 0.994892
-0.740000 0.994892
-0.736000 0.994892
-0.732000 0.994892
-0.728000 0.994892
-0.724000 0.994892
-0.720000 0.994892
-0.716000 0.994892
-0.712000 0.994892
-0.708000 0.994892
-0.704000 0.994892
-0.700000 0.994892
-0.696000 0.994892
-0.692000 0.994892
-0.688000 0.994892
-0.684000 0.994892
-0.680000 0.994892
-0.676000 0.994892
-0.672000 0.994892
-0.668000 0.994892
-0.664000 0.994892
-0.660000 0.994892
-0.656000 0.994892
-0.652000 0.994892
-0.648000 0.994892
-0.644000 0.994892
-0.640000 0.994892
-0.636000 0.994891
-0.632000 0.994891
-0.628000 0.994891
-0.624000 0.994891
-0.620000 0.994891
-0.616000 0.994891
-0.612000 0.994891
-0.608000 0.994891
-0.604000 0.994891
-0.600000 0.994891
-0.596000 0.994891
-0.592000 0.994890
-0.588000 0.994890
-0.584000 0.994890
-0.580000 0.994890
-0.576000 0.994890
-0.572000 0.994889
-0.568000 0.994889
-0.564000 0.994889
-0.560000 0.994889
-0.556000 0.994888
-0.552000 0.994888
-0.548000 0.994888
-0.544000 0.994887
-0.540000 0.994887
-0.536000 0.994887
-0.532000 0.994886
-0.528000 0.994886
-0.524000 0.994885
-0.520000 0.994885
-0.516000 0.994884
-0.512000 0.994883
-0.508000 0.994883
-0.504000 0.994882
-0.500000 0.994881
-0.496000 0.994880
-0.492000 0.994879
-0.488000 0.994878
-0.484000 0.994877
-0.480000 0.994876
-0.476000 0.994875
-0.472000 0.994874
-0.468000 0.994872
-0.464000 0.994871
-0.460000 0.994869
-0.456000 0.994868
-0.452000 0.994866
-0.448000 0.994864
-0.444000 0.994863
-0.440000 0.994861
-0.436000 0.994858
-0.432000 0.994856
-0.428000 0.994854
-0.424000 0.994851
-0.420000 0.994849
-0.416000 0.994846
-0.412000 0.994843
-0.408000 0.994840
-0.404000 0.994837
-0.400000 0.994834
-0.396000 0.994831
-0.392000 0.994827
-0.388000 0.994823
-0.384000 0.994819
-0.380000 0.994815
-0.376000 0.994811
-0.372000 0.994806
-0.368000 0.994802
-0.364000 0.994797
-0.360000 0.994792
-0.356000 0.994786
-0.352000 0.994781
-0.348000 0.994775
-0.344000 0.994769
-0.340000 0.994763
-0.336000 0.994757
-0.332000 0.994750
-0.328000 0.994743
-0.324000 0.994736
-0.320000 0.994729
-0.316000 0.994721
-0.312000 0.994713
-0.308000 0.994705
-0.304000 0.994697
-0.300000 0.994688
-0.296000 0.994679
-0.292000 0.994670
-0.288000 0.994661
-0.284000 0.994651
-0.280000 0.994641
-0.276000 0.994631
-0.272000 0.994620
-0.268000 0.994609
-0.264000 0.994598
-0.260000 0.994587
-0.256000 0.994576
-0.252000 0.994564
-0.248000 0.994552
-0.244000 0.994539
-0.240000 0.994527
-0.236000 0.994514
-0.232000 0.994501
-0.228000 0.994487
-0.224000 0.994474
-0.220000 0.994460
-0.216000 0.994446
-0.212000 0.994431
-0.208000 0.994417
-0.204000 0.994402
-0.200000 0.994387
-0.196000 0.994372
-0.192000 0.994356
-0.188000 0.994340
-0.184000 0.994324
-0.180000 0.994308
-0.176000 0.994292
-0.172000 0.994276
-0.168000 0.994259
-0.164000 0.994242
-0.160000 0.994225
-0.156000 0.994208
-0.152000 0.994191
-0.148000 0.994174
-0.144000 0.994156
-0.140000 0.994139
-0.136000 0.994121
-0.132000 0.994103
-0.128000 0.994085
-0.124000 0.994067
-0.120000 0.994049
-0.116000 0.994031
-0.112000 0.994013
-0.108000 0.993995
-0.104000 0.993977
-0.100000 0.993959
-0.096000 0.993941
-0.092000 0.993922
-0.088000 0.993904
-0.084000 0.993886
-0.080000 0.993868
-0.076000 0.993850
-0.072000 0.993832
-0.068000 0.993814
-0.064000 0.993796
-0.060000 0.993778
-0.056000 0.993761
-0.052000 0.993743
-0.048000 0.993725
-0.044000 0.993708
-0.040000 0.993691
-0.036000 0.993674
-0.032000 0.993657
-0.028000 0.993640
-0.024000 0.993623
-0.020000 0.993606
-0.016000 0.993590
-0.012000 0.993574
-0.008000 0.993558
-0.004000 0.993542
0.000000 0.993526
0.004000 0.993511
0.008000 0.993496
0.012000 0.993481
0.016000 0.993466
0.020000 0.993451
0.024000 0.993437
0.028000 0.993422
0.032000 0.993408
0.036000 0.993395
0.040000 0.993381
0.044000 0.993368
0.048000 0.993355
0.052000 0.993342
0.056000 0.993329
0.060000 0.993317
0.064000 0.993305
0.068000 0.993293
0.072000 0.993281
0.076000 0.993270
0.080000 0.993259
0.084000 0.993248
0.088000 0.993237
0.092000 0.993227
0.096000 0.993217
0.100000 0.993207
0.104000 0.993197
0.108000 0.993188
0.112000 0.993178
0.116000 0.993169
0.120000 0.993161
0.124000 0.993152
0.128000 0.993144
0.132000 0.993136
0.136000 0.993128
0.140000 0.993120
0.144000 0.993113
0.148000 0.993105
0.152000 0.993098
0.156000 0.993092
0.160000 0.993085
0.164000 0.993079
0.168000 0.993072
0.172000 0.993066
0.176000 0.993061
0.180000 0.993055
0.184000 0.993049
0.188000 0.993044
0.192000 0.993039
0.196000 0.993034
0.200000 0.993029
0.204000 0.993025
0.208000 0.993020
0.212000 0.993016
0.216000 0.993012
0.220000 0.993008
0.224000 0.993004
0.228000 0.993000
0.232000 0.992997
0.236000 0.992993
0.240000 0.992990
0.244000 0.992987
0.248000 0.992984
0.252000 0.992981
0.256000 0.992978
0.260000 0.992975
0.264000 0.992973
0.268000 0.992970
0.272000 0.992968
0.276000 0.992965
0.280000 0.992963
0.284000 0.992961
0.288000 0.992959
0.292000 0.992957
0.296000 0.992955
0.300000 0.992953
0.304000 0.992952
0.308000 0.992950
0.312000 0.992948
0.316000 0.992947
0.320000 0.992946
0.324000 0.992944
0.328000 0.992943
0.332000 0.992942
0.336000 0.992941
0.340000 0.992939
0.344000 0.992938
0.348000 0.992937
0.352000 0.992936
0.356000 0.992935
0.360000 0.992935
0.364000 0.992934
0.368000 0.992933
0.372000 0.992932
0.376000 0.992931
0.380000 0.992931
0.384000 0.992930
0.388000 0.992929
0.392000 0.992929
0.396000 0.992928
0.400000 0.992928
0.404000 0.992927
0.408000 0.992927
0.412000 0.992926
0.416000 0.992926
0.420000 0.992926
0.424000 0.992925
0.428000 0.992925
0.432000 0.992924
0.436000 0.992924
0.440000 0.992924
0.444000 0.992924
0.448000 0.992923
0.452000 0.992923
0.456000 0.992923
0.460000 0.992923
0.464000 0.992922
0.468000 0.992922
0.472000 0.992922
0.476000 0.992922
0.480000 0.992922
0.484000 0.992921
0.488000 0.992921
0.492000 0.992921
0.496000 0.992921
0.500000 0.992921
0.504000 0.992921
0.508000 0.992921
0.512000 0.992921
0.516000 0.992920
0.520000 0.992920
0.524000 0.992920
0.528000 0.992920
0.532000 0.992920
0.536000 0.992920
0.540000 0.992920
0.544000 0.992920
0.548000 0.992920
0.552000 0.992920
0.556000 0.992920
0.560000 0.992920
0.564000 0.992920
0.568000 0.992920
0.572000 0.992920
0.576000 0.992920
0.580000 0.992919
0.584000 0.992919
0.588000 0.992919
0.592000 0.992919
0.596000 0.992919
0.600000 0.992919
0.604000 0.992919
0.608000 0.992919
0.612000 0.992919
0.616000 0.992919
0.620000 0.992919
0.624000 0.992919
0.628000 0.992919
0.632000 0.992919
0.636000 0.992919
0.640000 0.992919
0.644000 0.992919
0.648000 0.992919
0.652000 0.992919
0.656000 0.992919
0.660000 0.992919
0.664000 0.992919
0.668000 0.992919
0.672000 0.992919
0.676000 0.992919
0.680000 0.992919
0.684000 0.992919
0.688000 0.992919
0.692000 0.992919
0.696000 0.992919
0.700000 0.992919
0.704000 0.992919
0.708000 0.992919
0.712000 0.992919
0.716000 0.992919
0.720000 0.992919
0.724000 0.992919
0.728000 0.992919
0.732000 0.992919
0.736000 0.992919
0.740000 0.992919
0.744000 0.992919
0.748000 0.992919
0.752000 0.992919
0.756000 0.992919
0.760000 0.992919
0.764000 0.992919
0.768000 0.992919
0.772000 0.992919
0.776000 0.992919
0.780000 0.992919
0.784000 0.992919
0.788000 0.992919
0.792000 0.992919
0.796000 0.992919
0.800000 0.992919
0.804000 0.992919
0.808000 0.992919
0.812000 0.992919
0.816000 0.992919
0.820000 0.992919
0.824000 0.992919
0.828000 0.992919
0.832000 0.992919
0.836000 0.992919
0.840000 0.992919
0.844000 0.992919
0.848000 0.992919
0.852000 0.992919
0.856000 0.992919
0.860000 0.992919
0.864000 0.992919
0.868000 0.992919
0.872000 0.992919
0.876000 0.992919
0.880000 0.992919
0.884000 0.992919
0.888000 0.992919
0.892000 0.992919
0.896000 0.992919
0.900000 0.992919
0.904000 0.992919
0.908000 0.992919
0.912000 0.992919
0.916000 0.992919
0.920000 0.992919
0.924000 0.992919
0.928000 0.992919
0.932000 0.992919
0.936000 0.992919
0.940000 0.992919
0.944000 0.992919
0.948000 0.992919
0.952000 0.992919
0.956000 0.992919
0.960000 0.992919
0.964000 0.992919
0.968000 0.992919
0.972000 0.992919
0.976000 0.992919
0.980000 0.992919
0.984000 0.992919
0.988000 0.992919
0.992000 0.992919
0.996000 0.992919
1.000000 0.992919
