-1.000000 0.994892
-0.996000 0.994892
-0.992000 0.994892
-0.988000 0.994892
-0.984000 0.994892
-0.980000 0.994892
-0.976000 0.994892
-0.972000 0.994892
-0.968000 0.994892
-0.964000 0.994892
-0.960000 0.994892
-0.956000 0.994892
-0.952000 0.994892
-0.948000 0.994892
-0.944000 0.994892
-0.940000 0.994892
-0.936000 0.994892
-0.932000 0.994892
-0.928000 0.994892
-0.924000 0.994892
-0.920000 0.994892
-0.916000 0.994892
-0.912000 0.994892
-0.908000 0.994892
-0.904000 0.994892
-0.900000 0.994892
-0.896000 0.994892
-0.892000 0.994892
-0.888000 0.994892
-0.884000 0.994892
-0.880000 0.994892
-0.876000 0.994892
-0.872000 0.994892
-0.868000 0.994892
-0.864000 0.994892
-0.860000 0.994892
-0.856000 0.994892
-0.852000 0.994892
-0.848000 0.994892
-0.844000 0.994892
-0.840000 0.994892
-0.836000 0.994892
-0.832000 0.994892
-0.828000 0.994892
-0.824000 0.994892
-0.820000 0.994892
-0.816000 0.994892
-0.812000 0.994892
-0.808000 0.994892
-0.804000 0.994892
-0.800000 0.994892
-0.796000 0.994892
-0.792000 0.994892
-0.788000 0.994892
-0.784000 0.994892
-0.780000 0.994892
-0.776000 0.994892
-0.772000 0.994892
-0.768000 0.994892
-0.764000 0.994892
-0.760000 0.994892
-0.756000 0.994892
-0.752000 0.994892
-0.748000 0.994892
-0.744000 0.994892
-0.740000 0.994892
-0.736000 0.994892
-0.732000 0.994892
-0.728000 0.994892
-0.724000 0.994892
-0.720000 0.994892
-0.716000 0.994892
-0.712000 0.994892
-0.708000 0.994892
-0.704000 0.994892
-0.700000 0.994891
-0.696000 0.994891
-0.692000 0.994891
-0.688000 0.994891
-0.684000 0.994891
-0.680000 0.994891
-0.676000 0.994891
-0.672000 0.994891
-0.668000 0.994891
-0.664000 0.994891
-0.660000 0.994890
-0.656000 0.994890
-0.652000 0.994890
-0.648000 0.994890
-0.644000 0.994890
-0.640000 0.994889
-0.636000 0.994889
-0.632000 0.994889
-0.628000 0.994889
-0.624000 0.994888
-0.620000 0.994888
-0.616000 0.994888
-0.612000 0.994887
-0.608000 0.994887
-0.604000 0.994886
-0.600000 0.994886
-0.596000 0.994885
-0.592000 0.994884
-0.588000 0.994884
-0.584000 0.994883
-0.580000 0.994882
-0.576000 0.994881
-0.572000 0.994881
-0.568000 0.994880
-0.564000 0.994879
-0.560000 0.994877
-0.556000 0.994876
-0.552000 0.994875
-0.548000 0.994874
-0.544000 0.994872
-0.540000 0.994871
-0.536000 0.994869
-0.532000 0.994867
-0.528000 0.994866
-0.524000 0.994864
-0.520000 0.994862
-0.516000 0.994860
-0.512000 0.994857
-0.508000 0.994855
-0.504000 0.994852
-0.500000 0.994849
-0.496000 0.994847
-0.492000 0.994844
-0.488000 0.994840
-0.484000 0.994837
-0.480000 0.994834
-0.476000 0.994830
-0.472000 0.994826
-0.468000 0.994822
-0.464000 0.994818
-0.460000 0.994813
-0.456000 0.994808
-0.452000 0.994803
-0.448000 0.994798
-0.444000 0.994793
-0.440000 0.994787
-0.436000 0.994781
-0.432000 0.994775
-0.428000 0.994769
-0.424000 0.994762
-0.420000 0.994756
-0.416000 0.994748
-0.412000 0.994741
-0.408000 0.994733
-0.404000 0.994725
-0.400000 0.994717
-0.396000 0.994709
-0.392000 0.994700
-0.388000 0.994691
-0.384000 0.994681
-0.380000 0.994672
-0.376000 0.994662
-0.372000 0.994651
-0.368000 0.994641
-0.364000 0.994630
-0.360000 0.994619
-0.356000 0.994607
-0.352000 0.994595
-0.348000 0.994583
-0.344000 0.994571
-0.340000 0.994558
-0.336000 0.994545
-0.332000 0.994532
-0.328000 0.994518
-0.324000 0.994504
-0.320000 0.994490
-0.316000 0.994476
-0.312000 0.994461
-0.308000 0.994446
-0.304000 0.994431
-0.300000 0.994415
-0.296000 0.994399
-0.292000 0.994383
-0.288000 0.994367
-0.284000 0.994350
-0.280000 0.994334
-0.276000 0.994317
-0.272000 0.994299
-0.268000 0.994282
-0.264000 0.994264
-0.260000 0.994247
-0.256000 0.994229
-0.252000 0.994211
-0.248000 0.994192
-0.244000 0.994174
-0.240000 0.994155
-0.236000 0.994137
-0.232000 0.994118
-0.228000 0.994099
-0.224000 0.994080
-0.220000 0.994061
-0.216000 0.994042
-0.212000 0.994023
-0.208000 0.994003
-0.204000 0.993984
-0.200000 0.993965
-0.196000 0.993946
-0.192000 0.993926
-0.188000 0.993907
-0.184000 0.993888
-0.180000 0.993868
-0.176000 0.993849
-0.172000 0.993830
-0.168000 0.993811
-0.164000 0.993792
-0.160000 0.993773
-0.156000 0.993755
-0.152000 0.993736
-0.148000 0.993718
-0.144000 0.993699
-0.140000 0.993681
-0.136000 0.993663
-0.132000 0.993645
-0.128000 0.993627
-0.124000 0.993610
-0.120000 0.993592
-0.116000 0.993575
-0.112000 0.993558
-0.108000 0.993541
-0.104000 0.993525
-0.100000 0.993508
-0.096000 0.993492
-0.092000 0.993476
-0.088000 0.993461
-0.084000 0.993445
-0.080000 0.993430
-0.076000 0.993415
-0.072000 0.993400
-0.068000 0.993386
-0.064000 0.993372
-0.060000 0.993358
-0.056000 0.993344
-0.052000 0.993331
-0.048000 0.993318
-0.044000 0.993305
-0.040000 0.993293
-0.036000 0.993280
-0.032000 0.993268
-0.028000 0.993257
-0.024000 0.993245
-0.020000 0.993234
-0.016000 0.993223
-0.012000 0.993212
-0.008000 0.993202
-0.004000 0.993192
0.000000 0.993182
0.004000 0.993172
0.008000 0.993163
0.012000 0.993154
0.016000 0.993145
0.020000 0.993136
0.024000 0.993128
0.028000 0.993120
0.032000 0.993112
0.036000 0.993105
0.040000 0.993097
0.044000 0.993090
0.048000 0.993083
0.052000 0.993076
0.056000 0.993070
0.060000 0.993064
0.064000 0.993058
0.068000 0.993052
0.072000 0.993046
0.076000 0.993041
0.080000 0.993035
0.084000 0.993030
0.088000 0.993025
0.092000 0.993021
0.096000 0.993016
0.100000 0.993012
0.104000 0.993008
0.108000 0.993003
0.112000 0.993000
0.116000 0.992996
0.120000 0.992992
0.124000 0.992989
0.128000 0.992985
0.132000 0.992982
0.136000 0.992979
0.140000 0.992976
0.144000 0.992974
0.148000 0.992971
0.152000 0.992968
0.156000 0.992966
0.160000 0.992963
0.164000 0.992961
0.168000 0.992959
0.172000 0.992957
0.176000 0.992955
0.180000 0.992953
0.184000 0.992951
0.188000 0.992950
0.192000 0.992948
0.196000 0.992947
0.200000 0.992945
0.204000 0.992944
0.208000 0.992942
0.212000 0.992941
0.216000 0.992940
0.220000 0.992939
0.224000 0.992938
0.228000 0.992937
0.232000 0.992936
0.236000 0.992935
0.240000 0.992934
0.244000 0.992933
0.248000 0.992932
0.252000 0.992931
0.256000 0.992931
0.260000 0.992930
0.264000 0.992929
0.268000 0.992929
0.272000 0.992928
0.276000 0.992928
0.280000 0.992927
0.284000 0.992927
0.288000 0.992926
0.292000 0.992926
0.296000 0.992925
0.300000 0.992925
0.304000 0.992925
0.308000 0.992924
0.312000 0.992924
0.316000 0.992924
0.320000 0.992923
0.324000 0.992923
0.328000 0.992923
0.332000 0.992923
0.336000 0.992922
0.340000 0.992922
0.344000 0.992922
0.348000 0.992922
0.352000 0.992922
0.356000 0.992921
0.360000 0.992921
0.364000 0.992921
0.368000 0.992921
0.372000 0.992921
0.376000 0.992921
0.380000 0.992921
0.384000 0.992920
0.388000 0.992920
0.392000 0.992920
0.396000 0.992920
0.400000 0.992920
0.404000 0.992920
0.408000 0.992920
0.412000 0.992920
0.416000 0.992920
0.420000 0.992920
0.424000 0.992920
0.428000 0.992920
0.432000 0.992920
0.436000 0.992920
0.440000 0.992920
0.444000 0.992919
0.448000 0.992919
0.452000 0.992919
0.456000 0.992919
0.460000 0.992919
0.464000 0.992919
0.468000 0.992919
0.472000 0.992919
0.476000 0.992919
0.480000 0.992919
0.484000 0.992919
0.488000 0.992919
0.492000 0.992919
0.496000 0.992919
0.500000 0.992919
0.504000 0.992919
0.508000 0.992919
0.512000 0.992919
0.516000 0.992919
0.520000 0.992919
0.524000 0.992919
0.528000 0.992919
0.532000 0.992919
0.536000 0.992919
0.540000 0.992919
0.544000 0.992919
0.548000 0.992919
0.552000 0.992919
0.556000 0.992919
0.560000 0.992919
0.564000 0.992919
0.568000 0.992919
0.572000 0.992919
0.576000 0.992919
0.580000 0.992919
0.584000 0.992919
0.588000 0.992919
0.592000 0.992919
0.596000 0.992919
0.600000 0.992919
0.604000 0.992919
0.608000 0.992919
0.612000 0.992919
0.616000 0.992919
0.620000 0.992919
0.624000 0.992919
0.628000 0.992919
0.632000 0.992919
0.636000 0.992919
0.640000 0.992919
0.644000 0.992919
0.648000 0.992919
0.652000 0.992919
0.656000 0.992919
0.660000 0.992919
0.664000 0.992919
0.668000 0.992919
0.672000 0.992919
0.676000 0.992919
0.680000 0.992919
0.684000 0.992919
0.688000 0.992919
0.692000 0.992919
0.696000 0.992919
0.700000 0.992919
0.704000 0.992919
0.708000 0.992919
0.712000 0.992919
0.716000 0.992919
0.720000 0.992919
0.724000 0.992919
0.728000 0.992919
0.732000 0.992919
0.736000 0.992919
0.740000 0.992919
0.744000 0.992919
0.748000 0.992919
0.752000 0.992919
0.756000 0.992919
0.760000 0.992919
0.764000 0.992919
0.768000 0.992919
0.772000 0.992919
0.776000 0.992919
0.780000 0.992919
0.784000 0.992919
0.788000 0.992919
0.792000 0.992919
0.796000 0.992919
0.800000 0.992919
0.804000 0.992919
0.808000 0.992919
0.812000 0.992919
0.816000 0.992919
0.820000 0.992919
0.824000 0.992919
0.828000 0.992919
0.832000 0.992919
0.836000 0.992919
0.840000 0.992919
0.844000 0.992919
0.848000 0.992919
0.852000 0.992919
0.856000 0.992919
0.860000 0.992919
0.864000 0.992919
0.868000 0.992919
0.872000 0.992919
0.876000 0.992919
0.880000 0.992919
0.884000 0.992919
0.888000 0.992919
0.892000 0.992919
0.896000 0.992919
0.900000 0.992919
0.904000 0.992919
0.908000 0.992919
0.912000 0.992919
0.916000 0.992919
0.920000 0.992919
0.924000 0.992919
0.928000 0.992919
0.932000 0.992919
0.936000 0.992919
0.940000 0.992919
0.944000 0.992919
0.948000 0.992919
0.952000 0.992919
0.956000 0.992919
0.960000 0.992919
0.964000 0.992919
0.968000 0.992919
0.972000 0.992919
0.976000 0.992919
0.980000 0.992919
0.984000 0.992919
0.988000 0.992919
0.992000 0.992919
0.996000 0.992919
1.000000 0.992919
