-1.000000 0.994892
-0.996000 0.994892
-0.992000 0.994892
-0.988000 0.994892
-0.984000 0.994892
-0.980000 0.994892
-0.976000 0.994892
-0.972000 0.994892
-0.968000 0.994892
-0.964000 0.994892
-0.960000 0.994892
-0.956000 0.994892
-0.952000 0.994892
-0.948000 0.994892
-0.944000 0.994892
-0.940000 0.994892
-0.936000 0.994892
-0.932000 0.994892
-0.928000 0.994891
-0.924000 0.994891
-0.920000 0.994891
-0.916000 0.994891
-0.912000 0.994891
-0.908000 0.994891
-0.904000 0.994891
-0.900000 0.994890
-0.896000 0.994890
-0.892000 0.994890
-0.888000 0.994889
-0.884000 0.994889
-0.880000 0.994888
-0.876000 0.994888
-0.872000 0.994887
-0.868000 0.994886
-0.864000 0.994885
-0.860000 0.994885
-0.856000 0.994884
-0.852000 0.994882
-0.848000 0.994881
-0.844000 0.994880
-0.840000 0.994878
-0.836000 0.994876
-0.832000 0.994874
-0.828000 0.994872
-0.824000 0.994870
-0.820000 0.994867
-0.816000 0.994864
-0.812000 0.994861
-0.808000 0.994858
-0.804000 0.994854
-0.800000 0.994850
-0.796000 0.994846
-0.792000 0.994841
-0.788000 0.994836
-0.784000 0.994831
-0.780000 0.994825
-0.776000 0.994818
-0.772000 0.994812
-0.768000 0.994805
-0.764000 0.994797
-0.760000 0.994789
-0.756000 0.994780
-0.752000 0.994771
-0.748000 0.994761
-0.744000 0.994751
-0.740000 0.994740
-0.736000 0.994728
-0.732000 0.994716
-0.728000 0.994704
-0.724000 0.994690
-0.720000 0.994676
-0.716000 0.994662
-0.712000 0.994646
-0.708000 0.994631
-0.704000 0.994614
-0.700000 0.994597
-0.696000 0.994579
-0.692000 0.994561
-0.688000 0.994542
-0.684000 0.994523
-0.680000 0.994502
-0.676000 0.994482
-0.672000 0.994460
-0.668000 0.994438
-0.664000 0.994416
-0.660000 0.994393
-0.656000 0.994370
-0.652000 0.994346
-0.648000 0.994321
-0.644000 0.994297
-0.640000 0.994272
-0.636000 0.994246
-0.632000 0.994220
-0.628000 0.994194
-0.624000 0.994168
-0.620000 0.994141
-0.616000 0.994114
-0.612000 0.994087
-0.608000 0.994060
-0.604000 0.994033
-0.600000 0.994005
-0.596000 0.993978
-0.592000 0.993950
-0.588000 0.993923
-0.584000 0.993896
-0.580000 0.993868
-0.576000 0.993841
-0.572000 0.993814
-0.568000 0.993788
-0.564000 0.993761
-0.560000 0.993735
-0.556000 0.993709
-0.552000 0.993683
-0.548000 0.993658
-0.544000 0.993633
-0.540000 0.993608
-0.536000 0.993584
-0.532000 0.993560
-0.528000 0.993536
-0.524000 0.993513
-0.520000 0.993491
-0.516000 0.993468
-0.512000 0.993447
-0.508000 0.993426
-0.504000 0.993405
-0.500000 0.993385
-0.496000 0.993365
-0.492000 0.993346
-0.488000 0.993328
-0.484000 0.993310
-0.480000 0.993292
-0.476000 0.993275
-0.472000 0.993259
-0.468000 0.993243
-0.464000 0.993228
-0.460000 0.993213
-0.456000 0.993199
-0.452000 0.993185
-0.448000 0.993172
-0.444000 0.993159
-0.440000 0.993147
-0.436000 0.993135
-0.432000 0.993124
-0.428000 0.993113
-0.424000 0.993102
-0.420000 0.993092
-0.416000 0.993083
-0.412000 0.993074
-0.408000 0.993065
-0.404000 0.993057
-0.400000 0.993049
-0.396000 0.993041
-0.392000 0.993034
-0.388000 0.993027
-0.384000 0.993021
-0.380000 0.993015
-0.376000 0.993009
-0.372000 0.993003
-0.368000 0.992998
-0.364000 0.992993
-0.360000 0.992989
-0.356000 0.992984
-0.352000 0.992980
-0.348000 0.992976
-0.344000 0.992972
-0.340000 0.992969
-0.336000 0.992965
-0.332000 0.992962
-0.328000 0.992959
-0.324000 0.992957
-0.320000 0.992954
-0.316000 0.992952
-0.312000 0.992949
-0.308000 0.992947
-0.304000 0.992945
-0.300000 0.992943
-0.296000 0.992942
-0.292000 0.992940
-0.288000 0.992938
-0.284000 0.992937
-0.280000 0.992936
-0.276000 0.992934
-0.272000 0.992933
-0.268000 0.992932
-0.264000 0.992931
-0.260000 0.992930
-0.256000 0.992929
-0.252000 0.992929
-0.248000 0.992928
-0.244000 0.992927
-0.240000 0.992926
-0.236000 0.992926
-0.232000 0.992925
-0.228000 0.992925
-0.224000 0.992924
-0.220000 0.992924
-0.216000 0.992924
-0.212000 0.992923
-0.208000 0.992923
-0.204000 0.992922
-0.200000 0.992922
-0.196000 0.992922
-0.192000 0.992922
-0.188000 0.992921
-0.184000 0.992921
-0.180000 0.992921
-0.176000 0.992921
-0.172000 0.992921
-0.168000 0.992921
-0.164000 0.992920
-0.160000 0.992920
-0.156000 0.992920
-0.152000 0.992920
-0.148000 0.992920
-0.144000 0.992920
-0.140000 0.992920
-0.136000 0.992920
-0.132000 0.992920
-0.128000 0.992920
-0.124000 0.992920
-0.120000 0.992920
-0.116000 0.992919
-0.112000 0.992919
-0.108000 0.992919
-0.104000 0.992919
-0.100000 0.992919
-0.096000 0.992919
-0.092000 0.992919
-0.088000 0.992919
-0.084000 0.992919
-0.080000 0.992919
-0.076000 0.992919
-0.072000 0.992919
-0.068000 0.992919
-0.064000 0.992919
-0.060000 0.992919
-0.056000 0.992919
-0.052000 0.992919
-0.048000 0.992919
-0.044000 0.992919
-0.040000 0.992919
-0.036000 0.992919
-0.032000 0.992919
-0.028000 0.992919
-0.024000 0.992919
-0.020000 0.992919
-0.016000 0.992919
-0.012000 0.992919
-0.008000 0.992919
-0.004000 0.992919
0.000000 0.992919
0.004000 0.992919
0.008000 0.992919
0.012000 0.992919
0.016000 0.992919
0.020000 0.992919
0.024000 0.992919
0.028000 0.992919
0.032000 0.992919
0.036000 0.992919
0.040000 0.992919
0.044000 0.992919
0.048000 0.992919
0.052000 0.992919
0.056000 0.992919
0.060000 0.992919
0.064000 0.992919
0.068000 0.992919
0.072000 0.992919
0.076000 0.992919
0.080000 0.992919
0.084000 0.992919
0.088000 0.992919
0.092000 0.992919
0.096000 0.992919
0.100000 0.992919
0.104000 0.992919
0.108000 0.992919
0.112000 0.992919
0.116000 0.992919
0.120000 0.992919
0.124000 0.992919
0.128000 0.992919
0.132000 0.992919
0.136000 0.992919
0.140000 0.992919
0.144000 0.992919
0.148000 0.992919
0.152000 0.992919
0.156000 0.992919
0.160000 0.992919
0.164000 0.992919
0.168000 0.992919
0.172000 0.992919
0.176000 0.992919
0.180000 0.992919
0.184000 0.992919
0.188000 0.992919
0.192000 0.992919
0.196000 0.992919
0.200000 0.992919
0.204000 0.992919
0.208000 0.992919
0.212000 0.992919
0.216000 0.992919
0.220000 0.992919
0.224000 0.992919
0.228000 0.992919
0.232000 0.992919
0.236000 0.992919
0.240000 0.992919
0.244000 0.992919
0.248000 0.992919
0.252000 0.992919
0.256000 0.992919
0.260000 0.992919
0.264000 0.992919
0.268000 0.992919
0.272000 0.992919
0.276000 0.992919
0.280000 0.992919
0.284000 0.992919
0.288000 0.992919
0.292000 0.992919
0.296000 0.992919
0.300000 0.992919
0.304000 0.992919
0.308000 0.992919
0.312000 0.992919
0.316000 0.992919
0.320000 0.992919
0.324000 0.992919
0.328000 0.992919
0.332000 0.992919
0.336000 0.992919
0.340000 0.992919
0.344000 0.992919
0.348000 0.992919
0.352000 0.992919
0.356000 0.992919
0.360000 0.992919
0.364000 0.992919
0.368000 0.992919
0.372000 0.992919
0.376000 0.992919
0.380000 0.992919
0.384000 0.992919
0.388000 0.992919
0.392000 0.992919
0.396000 0.992919
0.400000 0.992919
0.404000 0.992919
0.408000 0.992919
0.412000 0.992919
0.416000 0.992919
0.420000 0.992919
0.424000 0.992919
0.428000 0.992919
0.432000 0.992919
0.436000 0.992919
0.440000 0.992919
0.444000 0.992919
0.448000 0.992919
0.452000 0.992919
0.456000 0.992919
0.460000 0.992919
0.464000 0.992919
0.468000 0.992919
0.472000 0.992919
0.476000 0.992919
0.480000 0.992919
0.484000 0.992919
0.488000 0.992919
0.492000 0.992919
0.496000 0.992919
0.500000 0.992919
0.504000 0.992919
0.508000 0.992919
0.512000 0.992919
0.516000 0.992919
0.520000 0.992919
0.524000 0.992919
0.528000 0.992919
0.532000 0.992919
0.536000 0.992919
0.540000 0.992919
0.544000 0.992919
0.548000 0.992919
0.552000 0.992919
0.556000 0.992919
0.560000 0.992919
0.564000 0.992919
0.568000 0.992919
0.572000 0.992919
0.576000 0.992919
0.580000 0.992919
0.584000 0.992919
0.588000 0.992919
0.592000 0.992919
0.596000 0.992919
0.600000 0.992919
0.604000 0.992919
0.608000 0.992919
0.612000 0.992919
0.616000 0.992919
0.620000 0.992919
0.624000 0.992919
0.628000 0.992919
0.632000 0.992919
0.636000 0.992919
0.640000 0.992919
0.644000 0.992919
0.648000 0.992919
0.652000 0.992919
0.656000 0.992919
0.660000 0.992919
0.664000 0.992919
0.668000 0.992919
0.672000 0.992919
0.676000 0.992919
0.680000 0.992919
0.684000 0.992919
0.688000 0.992919
0.692000 0.992919
0.696000 0.992919
0.700000 0.992919
0.704000 0.992919
0.708000 0.992919
0.712000 0.992919
0.716000 0.992919
0.720000 0.992919
0.724000 0.992919
0.728000 0.992919
0.732000 0.992919
0.736000 0.992919
0.740000 0.992919
0.744000 0.992919
0.748000 0.992919
0.752000 0.992919
0.756000 0.992919
0.760000 0.992919
0.764000 0.992919
0.768000 0.992919
0.772000 0.992919
0.776000 0.992919
0.780000 0.992919
0.784000 0.992919
0.788000 0.992919
0.792000 0.992919
0.796000 0.992919
0.800000 0.992919
0.804000 0.992919
0.808000 0.992919
0.812000 0.992919
0.816000 0.992919
0.820000 0.992919
0.824000 0.992919
0.828000 0.992919
0.832000 0.992919
0.836000 0.992919
0.840000 0.992919
0.844000 0.992919
0.848000 0.992919
0.852000 0.992919
0.856000 0.992919
0.860000 0.992919
0.864000 0.992919
0.868000 0.992919
0.872000 0.992919
0.876000 0.992919
0.880000 0.992919
0.884000 0.992919
0.888000 0.992919
0.892000 0.992919
0.896000 0.992919
0.900000 0.992919
0.904000 0.992919
0.908000 0.992919
0.912000 0.992919
0.916000 0.992919
0.920000 0.992919
0.924000 0.992919
0.928000 0.992919
0.932000 0.992919
0.936000 0.992919
0.940000 0.992919
0.944000 0.992919
0.948000 0.992919
0.952000 0.992919
0.956000 0.992919
0.960000 0.992919
0.964000 0.992919
0.968000 0.992919
0.972000 0.992919
0.976000 0.992919
0.980000 0.992919
0.984000 0.992919
0.988000 0.992919
0.992000 0.992919
0.996000 0.992919
1.000000 0.992919
