-1.000000 0.992919
-0.996000 0.992919
-0.992000 0.992919
-0.988000 0.992919
-0.984000 0.992919
-0.980000 0.992919
-0.976000 0.992919
-0.972000 0.992919
-0.968000 0.992919
-0.964000 0.992919
-0.960000 0.992919
-0.956000 0.992919
-0.952000 0.992919
-0.948000 0.992919
-0.944000 0.992919
-0.940000 0.992919
-0.936000 0.992919
-0.932000 0.992919
-0.928000 0.992919
-0.924000 0.992919
-0.920000 0.992919
-0.916000 0.992919
-0.912000 0.992919
-0.908000 0.992919
-0.904000 0.992919
-0.900000 0.992920
-0.896000 0.992920
-0.892000 0.992920
-0.888000 0.992920
-0.884000 0.992920
-0.880000 0.992920
-0.876000 0.992920
-0.872000 0.992921
-0.868000 0.992921
-0.864000 0.992921
-0.860000 0.992922
-0.856000 0.992922
-0.852000 0.992922
-0.848000 0.992923
-0.844000 0.992923
-0.840000 0.992924
-0.836000 0.992925
-0.832000 0.992926
-0.828000 0.992927
-0.824000 0.992928
-0.820000 0.992929
-0.816000 0.992930
-0.812000 0.992931
-0.808000 0.992933
-0.804000 0.992935
-0.800000 0.992937
-0.796000 0.992939
-0.792000 0.992941
-0.788000 0.992944
-0.784000 0.992947
-0.780000 0.992950
-0.776000 0.992954
-0.772000 0.992957
-0.768000 0.992962
-0.764000 0.992966
-0.760000 0.992971
-0.756000 0.992977
-0.752000 0.992983
-0.748000 0.992989
-0.744000 0.992996
-0.740000 0.993004
-0.736000 0.993012
-0.732000 0.993021
-0.728000 0.993031
-0.724000 0.993041
-0.720000 0.993052
-0.716000 0.993064
-0.712000 0.993077
-0.708000 0.993090
-0.704000 0.993105
-0.700000 0.993121
-0.696000 0.993137
-0.692000 0.993155
-0.688000 0.993174
-0.684000 0.993193
-0.680000 0.993215
-0.676000 0.993237
-0.672000 0.993260
-0.668000 0.993285
-0.664000 0.993312
-0.660000 0.993339
-0.656000 0.993368
-0.652000 0.993399
-0.648000 0.993431
-0.644000 0.993465
-0.640000 0.993500
-0.636000 0.993536
-0.632000 0.993575
-0.628000 0.993615
-0.624000 0.993656
-0.620000 0.993699
-0.616000 0.993744
-0.612000 0.993791
-0.608000 0.993839
-0.604000 0.993889
-0.600000 0.993941
-0.596000 0.993994
-0.592000 0.994049
-0.588000 0.994106
-0.584000 0.994164
-0.580000 0.994224
-0.576000 0.994286
-0.572000 0.994349
-0.568000 0.994414
-0.564000 0.994480
-0.560000 0.994548
-0.556000 0.994617
-0.552000 0.994688
-0.548000 0.994760
-0.544000 0.994833
-0.540000 0.994907
-0.536000 0.994983
-0.532000 0.995060
-0.528000 0.995138
-0.524000 0.995217
-0.520000 0.995297
-0.516000 0.995377
-0.512000 0.995459
-0.508000 0.995541
-0.504000 0.995624
-0.500000 0.995707
-0.496000 0.995791
-0.492000 0.995876
-0.488000 0.995960
-0.484000 0.996045
-0.480000 0.996131
-0.476000 0.996216
-0.472000 0.996301
-0.468000 0.996386
-0.464000 0.996472
-0.460000 0.996556
-0.456000 0.996641
-0.452000 0.996725
-0.448000 0.996809
-0.444000 0.996893
-0.440000 0.996976
-0.436000 0.997058
-0.432000 0.997139
-0.428000 0.997220
-0.424000 0.997300
-0.420000 0.997379
-0.416000 0.997457
-0.412000 0.997534
-0.408000 0.997610
-0.404000 0.997685
-0.400000 0.997759
-0.396000 0.997832
-0.392000 0.997903
-0.388000 0.997974
-0.384000 0.998043
-0.380000 0.998110
-0.376000 0.998177
-0.372000 0.998241
-0.368000 0.998305
-0.364000 0.998367
-0.360000 0.998428
-0.356000 0.998487
-0.352000 0.998545
-0.348000 0.998601
-0.344000 0.998656
-0.340000 0.998710
-0.336000 0.998762
-0.332000 0.998813
-0.328000 0.998862
-0.324000 0.998909
-0.320000 0.998956
-0.316000 0.999001
-0.312000 0.999044
-0.308000 0.999086
-0.304000 0.999127
-0.300000 0.999166
-0.296000 0.999204
-0.292000 0.999241
-0.288000 0.999276
-0.284000 0.999310
-0.280000 0.999343
-0.276000 0.999374
-0.272000 0.999405
-0.268000 0.999434
-0.264000 0.999462
-0.260000 0.999489
-0.256000 0.999515
-0.252000 0.999539
-0.248000 0.999563
-0.244000 0.999586
-0.240000 0.999608
-0.236000 0.999628
-0.232000 0.999648
-0.228000 0.999667
-0.224000 0.999685
-0.220000 0.999703
-0.216000 0.999719
-0.212000 0.999735
-0.208000 0.999750
-0.204000 0.999764
-0.200000 0.999778
-0.196000 0.999790
-0.192000 0.999803
-0.188000 0.999814
-0.184000 0.999825
-0.180000 0.999836
-0.176000 0.999845
-0.172000 0.999855
-0.168000 0.999864
-0.164000 0.999872
-0.160000 0.999880
-0.156000 0.999887
-0.152000 0.999895
-0.148000 0.999901
-0.144000 0.999908
-0.140000 0.999913
-0.136000 0.999919
-0.132000 0.999924
-0.128000 0.999929
-0.124000 0.999934
-0.120000 0.999938
-0.116000 0.999942
-0.112000 0.999946
-0.108000 0.999950
-0.104000 0.999953
-0.100000 0.999957
-0.096000 0.999960
-0.092000 0.999962
-0.088000 0.999965
-0.084000 0.999967
-0.080000 0.999970
-0.076000 0.999972
-0.072000 0.999974
-0.068000 0.999976
-0.064000 0.999977
-0.060000 0.999979
-0.056000 0.999981
-0.052000 0.999982
-0.048000 0.999983
-0.044000 0.999985
-0.040000 0.999986
-0.036000 0.999987
-0.032000 0.999988
-0.028000 0.999989
-0.024000 0.999990
-0.020000 0.999990
-0.016000 0.999991
-0.012000 0.999992
-0.008000 0.999992
-0.004000 0.999993
0.000000 0.999994
0.004000 0.999994
0.008000 0.999995
0.012000 0.999995
0.016000 0.999995
0.020000 0.999996
0.024000 0.999996
0.028000 0.999996
0.032000 0.999997
0.036000 0.999997
0.040000 0.999997
0.044000 0.999997
0.048000 0.999998
0.052000 0.999998
0.056000 0.999998
0.060000 0.999998
0.064000 0.999998
0.068000 0.999998
0.072000 0.999999
0.076000 0.999999
0.080000 0.999999
0.084000 0.999999
0.088000 0.999999
0.092000 0.999999
0.096000 0.999999
0.100000 0.999999
0.104000 0.999999
0.108000 0.999999
0.112000 0.999999
0.116000 0.999999
0.120000 1.000000
0.124000 1.000000
0.128000 1.000000
0.132000 1.000000
0.136000 1.000000
0.140000 1.000000
0.144000 1.000000
0.148000 1.000000
0.152000 1.000000
0.156000 1.000000
0.160000 1.000000
0.164000 1.000000
0.168000 1.000000
0.172000 1.000000
0.176000 1.000000
0.180000 1.000000
0.184000 1.000000
0.188000 1.000000
0.192000 1.000000
0.196000 1.000000
0.200000 1.000000
0.204000 1.000000
0.208000 1.000000
0.212000 1.000000
0.216000 1.000000
0.220000 1.000000
0.224000 1.000000
0.228000 1.000000
0.232000 1.000000
0.236000 1.000000
0.240000 1.000000
0.244000 1.000000
0.248000 1.000000
0.252000 1.000000
0.256000 1.000000
0.260000 1.000000
0.264000 1.000000
0.268000 1.000000
0.272000 1.000000
0.276000 1.000000
0.280000 1.000000
0.284000 1.000000
0.288000 1.000000
0.292000 1.000000
0.296000 1.000000
0.300000 1.000000
0.304000 1.000000
0.308000 1.000000
0.312000 1.000000
0.316000 1.000000
0.320000 1.000000
0.324000 1.000000
0.328000 1.000000
0.332000 1.000000
0.336000 1.000000
0.340000 1.000000
0.344000 1.000000
0.348000 1.000000
0.352000 1.000000
0.356000 1.000000
0.360000 1.000000
0.364000 1.000000
0.368000 1.000000
0.372000 1.000000
0.376000 1.000000
0.380000 1.000000
0.384000 1.000000
0.388000 1.000000
0.392000 1.000000
0.396000 1.000000
0.400000 1.000000
0.404000 1.000000
0.408000 1.000000
0.412000 1.000000
0.416000 1.000000
0.420000 1.000000
0.424000 1.000000
0.428000 1.000000
0.432000 1.000000
0.436000 1.000000
0.440000 1.000000
0.444000 1.000000
0.448000 1.000000
0.452000 1.000000
0.456000 1.000000
0.460000 1.000000
0.464000 1.000000
0.468000 1.000000
0.472000 1.000000
0.476000 1.000000
0.480000 1.000000
0.484000 1.000000
0.488000 1.000000
0.492000 1.000000
0.496000 1.000000
0.500000 1.000000
0.504000 1.000000
0.508000 1.000000
0.512000 1.000000
0.516000 1.000000
0.520000 1.000000
0.524000 1.000000
0.528000 1.000000
0.532000 1.000000
0.536000 1.000000
0.540000 1.000000
0.544000 1.000000
0.548000 1.000000
0.552000 1.000000
0.556000 1.000000
0.560000 1.000000
0.564000 1.000000
0.568000 1.000000
0.572000 1.000000
0.576000 1.000000
0.580000 1.000000
0.584000 1.000000
0.588000 1.000000
0.592000 1.000000
0.596000 1.000000
0.600000 1.000000
0.604000 1.000000
0.608000 1.000000
0.612000 1.000000
0.616000 1.000000
0.620000 1.000000
0.624000 1.000000
0.628000 1.000000
0.632000 1.000000
0.636000 1.000000
0.640000 1.000000
0.644000 1.000000
0.648000 1.000000
0.652000 1.000000
0.656000 1.000000
0.660000 1.000000
0.664000 1.000000
0.668000 1.000000
0.672000 1.000000
0.676000 1.000000
0.680000 1.000000
0.684000 1.000000
0.688000 1.000000
0.692000 1.000000
0.696000 1.000000
0.700000 1.000000
0.704000 1.000000
0.708000 1.000000
0.712000 1.000000
0.716000 1.000000
0.720000 1.000000
0.724000 1.000000
0.728000 1.000000
0.732000 1.000000
0.736000 1.000000
0.740000 1.000000
0.744000 1.000000
0.748000 1.000000
0.752000 1.000000
0.756000 1.000000
0.760000 1.000000
0.764000 1.000000
0.768000 1.000000
0.772000 1.000000
0.776000 1.000000
0.780000 1.000000
0.784000 1.000000
0.788000 1.000000
0.792000 1.000000
0.796000 1.000000
0.800000 1.000000
0.804000 1.000000
0.808000 1.000000
0.812000 1.000000
0.816000 1.000000
0.820000 1.000000
0.824000 1.000000
0.828000 1.000000
0.832000 1.000000
0.836000 1.000000
0.840000 1.000000
0.844000 1.000000
0.848000 1.000000
0.852000 1.000000
0.856000 1.000000
0.860000 1.000000
0.864000 1.000000
0.868000 1.000000
0.872000 1.000000
0.876000 1.000000
0.880000 1.000000
0.884000 1.000000
0.888000 1.000000
0.892000 1.000000
0.896000 1.000000
0.900000 1.000000
0.904000 1.000000
0.908000 1.000000
0.912000 1.000000
0.916000 1.000000
0.920000 1.000000
0.924000 1.000000
0.928000 1.000000
0.932000 1.000000
0.936000 1.000000
0.940000 1.000000
0.944000 1.000000
0.948000 1.000000
0.952000 1.000000
0.956000 1.000000
0.960000 1.000000
0.964000 1.000000
0.968000 1.000000
0.972000 1.000000
0.976000 1.000000
0.980000 1.000000
0.984000 1.000000
0.988000 1.000000
0.992000 1.000000
0.996000 1.000000
1.000000 1.000000
