-1.000000 0.994892
-0.996000 0.994892
-0.992000 0.994892
-0.988000 0.994892
-0.984000 0.994892
-0.980000 0.994892
-0.976000 0.994892
-0.972000 0.994892
-0.968000 0.994892
-0.964000 0.994892
-0.960000 0.994892
-0.956000 0.994892
-0.952000 0.994892
-0.948000 0.994892
-0.944000 0.994892
-0.940000 0.994892
-0.936000 0.994892
-0.932000 0.994892
-0.928000 0.994892
-0.924000 0.994892
-0.920000 0.994892
-0.916000 0.994892
-0.912000 0.994892
-0.908000 0.994892
-0.904000 0.994892
-0.900000 0.994892
-0.896000 0.994892
-0.892000 0.994892
-0.888000 0.994892
-0.884000 0.994892
-0.880000 0.994892
-0.876000 0.994892
-0.872000 0.994892
-0.868000 0.994892
-0.864000 0.994892
-0.860000 0.994892
-0.856000 0.994892
-0.852000 0.994892
-0.848000 0.994892
-0.844000 0.994892
-0.840000 0.994892
-0.836000 0.994892
-0.832000 0.994892
-0.828000 0.994892
-0.824000 0.994892
-0.820000 0.994892
-0.816000 0.994892
-0.812000 0.994892
-0.808000 0.994892
-0.804000 0.994892
-0.800000 0.994892
-0.796000 0.994892
-0.792000 0.994892
-0.788000 0.994892
-0.784000 0.994892
-0.780000 0.994892
-0.776000 0.994892
-0.772000 0.994892
-0.768000 0.994892
-0.764000 0.994892
-0.760000 0.994892
-0.756000 0.994892
-0.752000 0.994892
-0.748000 0.994892
-0.744000 0.994892
-0.740000 0.994892
-0.736000 0.994892
-0.732000 0.994892
-0.728000 0.994892
-0.724000 0.994892
-0.720000 0.994892
-0.716000 0.994892
-0.712000 0.994892
-0.708000 0.994892
-0.704000 0.994892
-0.700000 0.994892
-0.696000 0.994892
-0.692000 0.994892
-0.688000 0.994892
-0.684000 0.994892
-0.680000 0.994892
-0.676000 0.994892
-0.672000 0.994892
-0.668000 0.994891
-0.664000 0.994891
-0.660000 0.994891
-0.656000 0.994891
-0.652000 0.994891
-0.648000 0.994891
-0.644000 0.994891
-0.640000 0.994891
-0.636000 0.994891
-0.632000 0.994891
-0.628000 0.994890
-0.624000 0.994890
-0.620000 0.994890
-0.616000 0.994890
-0.612000 0.994890
-0.608000 0.994890
-0.604000 0.994889
-0.600000 0.994889
-0.596000 0.994889
-0.592000 0.994888
-0.588000 0.994888
-0.584000 0.994888
-0.580000 0.994887
-0.576000 0.994887
-0.572000 0.994887
-0.568000 0.994886
-0.564000 0.994886
-0.560000 0.994885
-0.556000 0.994884
-0.552000 0.994884
-0.548000 0.994883
-0.544000 0.994882
-0.540000 0.994882
-0.536000 0.994881
-0.532000 0.994880
-0.528000 0.994879
-0.524000 0.994878
-0.520000 0.994877
-0.516000 0.994876
-0.512000 0.994874
-0.508000 0.994873
-0.504000 0.994872
-0.500000 0.994870
-0.496000 0.994868
-0.492000 0.994867
-0.488000 0.994865
-0.484000 0.994863
-0.480000 0.994861
-0.476000 0.994859
-0.472000 0.994857
-0.468000 0.994854
-0.464000 0.994852
-0.460000 0.994849
-0.456000 0.994846
-0.452000 0.994843
-0.448000 0.994840
-0.444000 0.994837
-0.440000 0.994834
-0.436000 0.994830
-0.432000 0.994826
-0.428000 0.994822
-0.424000 0.994818
-0.420000 0.994814
-0.416000 0.994809
-0.412000 0.994805
-0.408000 0.994800
-0.404000 0.994795
-0.400000 0.994789
-0.396000 0.994784
-0.392000 0.994778
-0.388000 0.994772
-0.384000 0.994766
-0.380000 0.994759
-0.376000 0.994752
-0.372000 0.994745
-0.368000 0.994738
-0.364000 0.994731
-0.360000 0.994723
-0.356000 0.994715
-0.352000 0.994707
-0.348000 0.994698
-0.344000 0.994689
-0.340000 0.994680
-0.336000 0.994671
-0.332000 0.994661
-0.328000 0.994651
-0.324000 0.994641
-0.320000 0.994630
-0.316000 0.994619
-0.312000 0.994608
-0.308000 0.994597
-0.304000 0.994585
-0.300000 0.994573
-0.296000 0.994561
-0.292000 0.994548
-0.288000 0.994536
-0.284000 0.994522
-0.280000 0.994509
-0.276000 0.994495
-0.272000 0.994482
-0.268000 0.994467
-0.264000 0.994453
-0.260000 0.994438
-0.256000 0.994423
-0.252000 0.994408
-0.248000 0.994393
-0.244000 0.994377
-0.240000 0.994361
-0.236000 0.994345
-0.232000 0.994329
-0.228000 0.994312
-0.224000 0.994296
-0.220000 0.994279
-0.216000 0.994262
-0.212000 0.994244
-0.208000 0.994227
-0.204000 0.994209
-0.200000 0.994191
-0.196000 0.994174
-0.192000 0.994156
-0.188000 0.994138
-0.184000 0.994119
-0.180000 0.994101
-0.176000 0.994083
-0.172000 0.994064
-0.168000 0.994046
-0.164000 0.994027
-0.160000 0.994008
-0.156000 0.993990
-0.152000 0.993971
-0.148000 0.993952
-0.144000 0.993934
-0.140000 0.993915
-0.136000 0.993896
-0.132000 0.993878
-0.128000 0.993859
-0.124000 0.993840
-0.120000 0.993822
-0.116000 0.993803
-0.112000 0.993785
-0.108000 0.993767
-0.104000 0.993749
-0.100000 0.993731
-0.096000 0.993713
-0.092000 0.993695
-0.088000 0.993677
-0.084000 0.993660
-0.080000 0.993642
-0.076000 0.993625
-0.072000 0.993608
-0.068000 0.993591
-0.064000 0.993575
-0.060000 0.993558
-0.056000 0.993542
-0.052000 0.993526
-0.048000 0.993510
-0.044000 0.993494
-0.040000 0.993479
-0.036000 0.993463
-0.032000 0.993448
-0.028000 0.993434
-0.024000 0.993419
-0.020000 0.993405
-0.016000 0.993391
-0.012000 0.993377
-0.008000 0.993363
-0.004000 0.993350
0.000000 0.993337
0.004000 0.993324
0.008000 0.993311
0.012000 0.993299
0.016000 0.993287
0.020000 0.993275
0.024000 0.993264
0.028000 0.993252
0.032000 0.993241
0.036000 0.993230
0.040000 0.993220
0.044000 0.993210
0.048000 0.993200
0.052000 0.993190
0.056000 0.993180
0.060000 0.993171
0.064000 0.993162
0.068000 0.993153
0.072000 0.993145
0.076000 0.993136
0.080000 0.993128
0.084000 0.993120
0.088000 0.993113
0.092000 0.993105
0.096000 0.993098
0.100000 0.993091
0.104000 0.993084
0.108000 0.993078
0.112000 0.993071
0.116000 0.993065
0.120000 0.993059
0.124000 0.993054
0.128000 0.993048
0.132000 0.993043
0.136000 0.993037
0.140000 0.993032
0.144000 0.993028
0.148000 0.993023
0.152000 0.993018
0.156000 0.993014
0.160000 0.993010
0.164000 0.993006
0.168000 0.993002
0.172000 0.992998
0.176000 0.992995
0.180000 0.992991
0.184000 0.992988
0.188000 0.992985
0.192000 0.992982
0.196000 0.992979
0.200000 0.992976
0.204000 0.992973
0.208000 0.992971
0.212000 0.992968
0.216000 0.992966
0.220000 0.992963
0.224000 0.992961
0.228000 0.992959
0.232000 0.992957
0.236000 0.992955
0.240000 0.992953
0.244000 0.992952
0.248000 0.992950
0.252000 0.992948
0.256000 0.992947
0.260000 0.992945
0.264000 0.992944
0.268000 0.992943
0.272000 0.992941
0.276000 0.992940
0.280000 0.992939
0.284000 0.992938
0.288000 0.992937
0.292000 0.992936
0.296000 0.992935
0.300000 0.992934
0.304000 0.992933
0.308000 0.992933
0.312000 0.992932
0.316000 0.992931
0.320000 0.992930
0.324000 0.992930
0.328000 0.992929
0.332000 0.992929
0.336000 0.992928
0.340000 0.992927
0.344000 0.992927
0.348000 0.992926
0.352000 0.992926
0.356000 0.992926
0.360000 0.992925
0.364000 0.992925
0.368000 0.992925
0.372000 0.992924
0.376000 0.992924
0.380000 0.992924
0.384000 0.992923
0.388000 0.992923
0.392000 0.992923
0.396000 0.992923
0.400000 0.992922
0.404000 0.992922
0.408000 0.992922
0.412000 0.992922
0.416000 0.992922
0.420000 0.992921
0.424000 0.992921
0.428000 0.992921
0.432000 0.992921
0.436000 0.992921
0.440000 0.992921
0.444000 0.992921
0.448000 0.992920
0.452000 0.992920
0.456000 0.992920
0.460000 0.992920
0.464000 0.992920
0.468000 0.992920
0.472000 0.992920
0.476000 0.992920
0.480000 0.992920
0.484000 0.992920
0.488000 0.992920
0.492000 0.992920
0.496000 0.992920
0.500000 0.992920
0.504000 0.992920
0.508000 0.992920
0.512000 0.992919
0.516000 0.992919
0.520000 0.992919
0.524000 0.992919
0.528000 0.992919
0.532000 0.992919
0.536000 0.992919
0.540000 0.992919
0.544000 0.992919
0.548000 0.992919
0.552000 0.992919
0.556000 0.992919
0.560000 0.992919
0.564000 0.992919
0.568000 0.992919
0.572000 0.992919
0.576000 0.992919
0.580000 0.992919
0.584000 0.992919
0.588000 0.992919
0.592000 0.992919
0.596000 0.992919
0.600000 0.992919
0.604000 0.992919
0.608000 0.992919
0.612000 0.992919
0.616000 0.992919
0.620000 0.992919
0.624000 0.992919
0.628000 0.992919
0.632000 0.992919
0.636000 0.992919
0.640000 0.992919
0.644000 0.992919
0.648000 0.992919
0.652000 0.992919
0.656000 0.992919
0.660000 0.992919
0.664000 0.992919
0.668000 0.992919
0.672000 0.992919
0.676000 0.992919
0.680000 0.992919
0.684000 0.992919
0.688000 0.992919
0.692000 0.992919
0.696000 0.992919
0.700000 0.992919
0.704000 0.992919
0.708000 0.992919
0.712000 0.992919
0.716000 0.992919
0.720000 0.992919
0.724000 0.992919
0.728000 0.992919
0.732000 0.992919
0.736000 0.992919
0.740000 0.992919
0.744000 0.992919
0.748000 0.992919
0.752000 0.992919
0.756000 0.992919
0.760000 0.992919
0.764000 0.992919
0.768000 0.992919
0.772000 0.992919
0.776000 0.992919
0.780000 0.992919
0.784000 0.992919
0.788000 0.992919
0.792000 0.992919
0.796000 0.992919
0.800000 0.992919
0.804000 0.992919
0.808000 0.992919
0.812000 0.992919
0.816000 0.992919
0.820000 0.992919
0.824000 0.992919
0.828000 0.992919
0.832000 0.992919
0.836000 0.992919
0.840000 0.992919
0.844000 0.992919
0.848000 0.992919
0.852000 0.992919
0.856000 0.992919
0.860000 0.992919
0.864000 0.992919
0.868000 0.992919
0.872000 0.992919
0.876000 0.992919
0.880000 0.992919
0.884000 0.992919
0.888000 0.992919
0.892000 0.992919
0.896000 0.992919
0.900000 0.992919
0.904000 0.992919
0.908000 0.992919
0.912000 0.992919
0.916000 0.992919
0.920000 0.992919
0.924000 0.992919
0.928000 0.992919
0.932000 0.992919
0.936000 0.992919
0.940000 0.992919
0.944000 0.992919
0.948000 0.992919
0.952000 0.992919
0.956000 0.992919
0.960000 0.992919
0.964000 0.992919
0.968000 0.992919
0.972000 0.992919
0.976000 0.992919
0.980000 0.992919
0.984000 0.992919
0.988000 0.992919
0.992000 0.992919
0.996000 0.992919
1.000000 0.992919
