-1.000000 0.994892
-0.996000 0.994892
-0.992000 0.994892
-0.988000 0.994892
-0.984000 0.994892
-0.980000 0.994892
-0.976000 0.994892
-0.972000 0.994892
-0.968000 0.994892
-0.964000 0.994892
-0.960000 0.994892
-0.956000 0.994892
-0.952000 0.994892
-0.948000 0.994892
-0.944000 0.994892
-0.940000 0.994892
-0.936000 0.994892
-0.932000 0.994892
-0.928000 0.994892
-0.924000 0.994892
-0.920000 0.994892
-0.916000 0.994892
-0.912000 0.994892
-0.908000 0.994892
-0.904000 0.994892
-0.900000 0.994892
-0.896000 0.994892
-0.892000 0.994892
-0.888000 0.994892
-0.884000 0.994892
-0.880000 0.994892
-0.876000 0.994892
-0.872000 0.994892
-0.868000 0.994892
-0.864000 0.994892
-0.860000 0.994891
-0.856000 0.994891
-0.852000 0.994891
-0.848000 0.994891
-0.844000 0.994891
-0.840000 0.994891
-0.836000 0.994891
-0.832000 0.994891
-0.828000 0.994890
-0.824000 0.994890
-0.820000 0.994890
-0.816000 0.994889
-0.812000 0.994889
-0.808000 0.994889
-0.804000 0.994888
-0.800000 0.994888
-0.796000 0.994887
-0.792000 0.994887
-0.788000 0.994886
-0.784000 0.994886
-0.780000 0.994885
-0.776000 0.994884
-0.772000 0.994883
-0.768000 0.994882
-0.764000 0.994881
-0.760000 0.994880
-0.756000 0.994878
-0.752000 0.994877
-0.748000 0.994876
-0.744000 0.994874
-0.740000 0.994872
-0.736000 0.994870
-0.732000 0.994868
-0.728000 0.994866
-0.724000 0.994863
-0.720000 0.994860
-0.716000 0.994858
-0.712000 0.994854
-0.708000 0.994851
-0.704000 0.994848
-0.700000 0.994844
-0.696000 0.994840
-0.692000 0.994835
-0.688000 0.994831
-0.684000 0.994826
-0.680000 0.994821
-0.676000 0.994815
-0.672000 0.994809
-0.668000 0.994803
-0.664000 0.994796
-0.660000 0.994790
-0.656000 0.994782
-0.652000 0.994775
-0.648000 0.994767
-0.644000 0.994758
-0.640000 0.994749
-0.636000 0.994740
-0.632000 0.994730
-0.628000 0.994720
-0.624000 0.994709
-0.620000 0.994698
-0.616000 0.994687
-0.612000 0.994675
-0.608000 0.994662
-0.604000 0.994649
-0.600000 0.994636
-0.596000 0.994622
-0.592000 0.994608
-0.588000 0.994593
-0.584000 0.994578
-0.580000 0.994562
-0.576000 0.994546
-0.572000 0.994529
-0.568000 0.994512
-0.564000 0.994495
-0.560000 0.994477
-0.556000 0.994458
-0.552000 0.994440
-0.548000 0.994420
-0.544000 0.994401
-0.540000 0.994381
-0.536000 0.994360
-0.532000 0.994340
-0.528000 0.994319
-0.524000 0.994297
-0.520000 0.994276
-0.516000 0.994254
-0.512000 0.994232
-0.508000 0.994209
-0.504000 0.994187
-0.500000 0.994164
-0.496000 0.994141
-0.492000 0.994117
-0.488000 0.994094
-0.484000 0.994071
-0.480000 0.994047
-0.476000 0.994023
-0.472000 0.994000
-0.468000 0.993976
-0.464000 0.993952
-0.460000 0.993928
-0.456000 0.993905
-0.452000 0.993881
-0.448000 0.993857
-0.444000 0.993834
-0.440000 0.993811
-0.436000 0.993787
-0.432000 0.993764
-0.428000 0.993741
-0.424000 0.993719
-0.420000 0.993696
-0.416000 0.993674
-0.412000 0.993652
-0.408000 0.993630
-0.404000 0.993608
-0.400000 0.993587
-0.396000 0.993566
-0.392000 0.993546
-0.388000 0.993525
-0.384000 0.993505
-0.380000 0.993486
-0.376000 0.993467
-0.372000 0.993448
-0.368000 0.993429
-0.364000 0.993411
-0.360000 0.993393
-0.356000 0.993376
-0.352000 0.993359
-0.348000 0.993342
-0.344000 0.993326
-0.340000 0.993310
-0.336000 0.993295
-0.332000 0.993280
-0.328000 0.993266
-0.324000 0.993252
-0.320000 0.993238
-0.316000 0.993224
-0.312000 0.993212
-0.308000 0.993199
-0.304000 0.993187
-0.300000 0.993175
-0.296000 0.993164
-0.292000 0.993153
-0.288000 0.993142
-0.284000 0.993132
-0.280000 0.993122
-0.276000 0.993112
-0.272000 0.993103
-0.268000 0.993094
-0.264000 0.993086
-0.260000 0.993078
-0.256000 0.993070
-0.252000 0.993062
-0.248000 0.993055
-0.244000 0.993048
-0.240000 0.993042
-0.236000 0.993035
-0.232000 0.993029
-0.228000 0.993023
-0.224000 0.993018
-0.220000 0.993012
-0.216000 0.993007
-0.212000 0.993003
-0.208000 0.992998
-0.204000 0.992994
-0.200000 0.992989
-0.196000 0.992985
-0.192000 0.992982
-0.188000 0.992978
-0.184000 0.992975
-0.180000 0.992971
-0.176000 0.992968
-0.172000 0.992965
-0.168000 0.992963
-0.164000 0.992960
-0.160000 0.992957
-0.156000 0.992955
-0.152000 0.992953
-0.148000 0.992951
-0.144000 0.992949
-0.140000 0.992947
-0.136000 0.992945
-0.132000 0.992943
-0.128000 0.992942
-0.124000 0.992940
-0.120000 0.992939
-0.116000 0.992938
-0.112000 0.992936
-0.108000 0.992935
-0.104000 0.992934
-0.100000 0.992933
-0.096000 0.992932
-0.092000 0.992931
-0.088000 0.992930
-0.084000 0.992930
-0.080000 0.992929
-0.076000 0.992928
-0.072000 0.992928
-0.068000 0.992927
-0.064000 0.992926
-0.060000 0.992926
-0.056000 0.992925
-0.052000 0.992925
-0.048000 0.992925
-0.044000 0.992924
-0.040000 0.992924
-0.036000 0.992923
-0.032000 0.992923
-0.028000 0.992923
-0.024000 0.992922
-0.020000 0.992922
-0.016000 0.992922
-0.012000 0.992922
-0.008000 0.992922
-0.004000 0.992921
0.000000 0.992921
0.004000 0.992921
0.008000 0.992921
0.012000 0.992921
0.016000 0.992921
0.020000 0.992920
0.024000 0.992920
0.028000 0.992920
0.032000 0.992920
0.036000 0.992920
0.040000 0.992920
0.044000 0.992920
0.048000 0.992920
0.052000 0.992920
0.056000 0.992920
0.060000 0.992920
0.064000 0.992920
0.068000 0.992920
0.072000 0.992919
0.076000 0.992919
0.080000 0.992919
0.084000 0.992919
0.088000 0.992919
0.092000 0.992919
0.096000 0.992919
0.100000 0.992919
0.104000 0.992919
0.108000 0.992919
0.112000 0.992919
0.116000 0.992919
0.120000 0.992919
0.124000 0.992919
0.128000 0.992919
0.132000 0.992919
0.136000 0.992919
0.140000 0.992919
0.144000 0.992919
0.148000 0.992919
0.152000 0.992919
0.156000 0.992919
0.160000 0.992919
0.164000 0.992919
0.168000 0.992919
0.172000 0.992919
0.176000 0.992919
0.180000 0.992919
0.184000 0.992919
0.188000 0.992919
0.192000 0.992919
0.196000 0.992919
0.200000 0.992919
0.204000 0.992919
0.208000 0.992919
0.212000 0.992919
0.216000 0.992919
0.220000 0.992919
0.224000 0.992919
0.228000 0.992919
0.232000 0.992919
0.236000 0.992919
0.240000 0.992919
0.244000 0.992919
0.248000 0.992919
0.252000 0.992919
0.256000 0.992919
0.260000 0.992919
0.264000 0.992919
0.268000 0.992919
0.272000 0.992919
0.276000 0.992919
0.280000 0.992919
0.284000 0.992919
0.288000 0.992919
0.292000 0.992919
0.296000 0.992919
0.300000 0.992919
0.304000 0.992919
0.308000 0.992919
0.312000 0.992919
0.316000 0.992919
0.320000 0.992919
0.324000 0.992919
0.328000 0.992919
0.332000 0.992919
0.336000 0.992919
0.340000 0.992919
0.344000 0.992919
0.348000 0.992919
0.352000 0.992919
0.356000 0.992919
0.360000 0.992919
0.364000 0.992919
0.368000 0.992919
0.372000 0.992919
0.376000 0.992919
0.380000 0.992919
0.384000 0.992919
0.388000 0.992919
0.392000 0.992919
0.396000 0.992919
0.400000 0.992919
0.404000 0.992919
0.408000 0.992919
0.412000 0.992919
0.416000 0.992919
0.420000 0.992919
0.424000 0.992919
0.428000 0.992919
0.432000 0.992919
0.436000 0.992919
0.440000 0.992919
0.444000 0.992919
0.448000 0.992919
0.452000 0.992919
0.456000 0.992919
0.460000 0.992919
0.464000 0.992919
0.468000 0.992919
0.472000 0.992919
0.476000 0.992919
0.480000 0.992919
0.484000 0.992919
0.488000 0.992919
0.492000 0.992919
0.496000 0.992919
0.500000 0.992919
0.504000 0.992919
0.508000 0.992919
0.512000 0.992919
0.516000 0.992919
0.520000 0.992919
0.524000 0.992919
0.528000 0.992919
0.532000 0.992919
0.536000 0.992919
0.540000 0.992919
0.544000 0.992919
0.548000 0.992919
0.552000 0.992919
0.556000 0.992919
0.560000 0.992919
0.564000 0.992919
0.568000 0.992919
0.572000 0.992919
0.576000 0.992919
0.580000 0.992919
0.584000 0.992919
0.588000 0.992919
0.592000 0.992919
0.596000 0.992919
0.600000 0.992919
0.604000 0.992919
0.608000 0.992919
0.612000 0.992919
0.616000 0.992919
0.620000 0.992919
0.624000 0.992919
0.628000 0.992919
0.632000 0.992919
0.636000 0.992919
0.640000 0.992919
0.644000 0.992919
0.648000 0.992919
0.652000 0.992919
0.656000 0.992919
0.660000 0.992919
0.664000 0.992919
0.668000 0.992919
0.672000 0.992919
0.676000 0.992919
0.680000 0.992919
0.684000 0.992919
0.688000 0.992919
0.692000 0.992919
0.696000 0.992919
0.700000 0.992919
0.704000 0.992919
0.708000 0.992919
0.712000 0.992919
0.716000 0.992919
0.720000 0.992919
0.724000 0.992919
0.728000 0.992919
0.732000 0.992919
0.736000 0.992919
0.740000 0.992919
0.744000 0.992919
0.748000 0.992919
0.752000 0.992919
0.756000 0.992919
0.760000 0.992919
0.764000 0.992919
0.768000 0.992919
0.772000 0.992919
0.776000 0.992919
0.780000 0.992919
0.784000 0.992919
0.788000 0.992919
0.792000 0.992919
0.796000 0.992919
0.800000 0.992919
0.804000 0.992919
0.808000 0.992919
0.812000 0.992919
0.816000 0.992919
0.820000 0.992919
0.824000 0.992919
0.828000 0.992919
0.832000 0.992919
0.836000 0.992919
0.840000 0.992919
0.844000 0.992919
0.848000 0.992919
0.852000 0.992919
0.856000 0.992919
0.860000 0.992919
0.864000 0.992919
0.868000 0.992919
0.872000 0.992919
0.876000 0.992919
0.880000 0.992919
0.884000 0.992919
0.888000 0.992919
0.892000 0.992919
0.896000 0.992919
0.900000 0.992919
0.904000 0.992919
0.908000 0.992919
0.912000 0.992919
0.916000 0.992919
0.920000 0.992919
0.924000 0.992919
0.928000 0.992919
0.932000 0.992919
0.936000 0.992919
0.940000 0.992919
0.944000 0.992919
0.948000 0.992919
0.952000 0.992919
0.956000 0.992919
0.960000 0.992919
0.964000 0.992919
0.968000 0.992919
0.972000 0.992919
0.976000 0.992919
0.980000 0.992919
0.984000 0.992919
0.988000 0.992919
0.992000 0.992919
0.996000 0.992919
1.000000 0.992919
