-1.000000 0.994892
-0.996000 0.994892
-0.992000 0.994892
-0.988000 0.994892
-0.984000 0.994892
-0.980000 0.994892
-0.976000 0.994892
-0.972000 0.994892
-0.968000 0.994892
-0.964000 0.994892
-0.960000 0.994892
-0.956000 0.994892
-0.952000 0.994892
-0.948000 0.994892
-0.944000 0.994892
-0.940000 0.994892
-0.936000 0.994892
-0.932000 0.994892
-0.928000 0.994892
-0.924000 0.994892
-0.920000 0.994892
-0.916000 0.994892
-0.912000 0.994892
-0.908000 0.994892
-0.904000 0.994892
-0.900000 0.994892
-0.896000 0.994892
-0.892000 0.994892
-0.888000 0.994892
-0.884000 0.994892
-0.880000 0.994892
-0.876000 0.994892
-0.872000 0.994892
-0.868000 0.994892
-0.864000 0.994892
-0.860000 0.994892
-0.856000 0.994892
-0.852000 0.994892
-0.848000 0.994892
-0.844000 0.994892
-0.840000 0.994892
-0.836000 0.994892
-0.832000 0.994892
-0.828000 0.994892
-0.824000 0.994892
-0.820000 0.994892
-0.816000 0.994892
-0.812000 0.994892
-0.808000 0.994892
-0.804000 0.994892
-0.800000 0.994892
-0.796000 0.994892
-0.792000 0.994892
-0.788000 0.994891
-0.784000 0.994891
-0.780000 0.994891
-0.776000 0.994891
-0.772000 0.994891
-0.768000 0.994891
-0.764000 0.994891
-0.760000 0.994891
-0.756000 0.994891
-0.752000 0.994890
-0.748000 0.994890
-0.744000 0.994890
-0.740000 0.994890
-0.736000 0.994890
-0.732000 0.994889
-0.728000 0.994889
-0.724000 0.994889
-0.720000 0.994888
-0.716000 0.994888
-0.712000 0.994888
-0.708000 0.994887
-0.704000 0.994887
-0.700000 0.994886
-0.696000 0.994885
-0.692000 0.994885
-0.688000 0.994884
-0.684000 0.994883
-0.680000 0.994882
-0.676000 0.994881
-0.672000 0.994880
-0.668000 0.994879
-0.664000 0.994878
-0.660000 0.994877
-0.656000 0.994875
-0.652000 0.994874
-0.648000 0.994872
-0.644000 0.994871
-0.640000 0.994869
-0.636000 0.994867
-0.632000 0.994865
-0.628000 0.994863
-0.624000 0.994860
-0.620000 0.994858
-0.616000 0.994855
-0.612000 0.994852
-0.608000 0.994849
-0.604000 0.994846
-0.600000 0.994842
-0.596000 0.994839
-0.592000 0.994835
-0.588000 0.994831
-0.584000 0.994827
-0.580000 0.994822
-0.576000 0.994817
-0.572000 0.994812
-0.568000 0.994807
-0.564000 0.994801
-0.560000 0.994795
-0.556000 0.994789
-0.552000 0.994783
-0.548000 0.994776
-0.544000 0.994769
-0.540000 0.994762
-0.536000 0.994754
-0.532000 0.994746
-0.528000 0.994738
-0.524000 0.994729
-0.520000 0.994720
-0.516000 0.994711
-0.512000 0.994701
-0.508000 0.994691
-0.504000 0.994680
-0.500000 0.994670
-0.496000 0.994659
-0.492000 0.994647
-0.488000 0.994635
-0.484000 0.994623
-0.480000 0.994610
-0.476000 0.994597
-0.472000 0.994584
-0.468000 0.994570
-0.464000 0.994556
-0.460000 0.994541
-0.456000 0.994526
-0.452000 0.994511
-0.448000 0.994496
-0.444000 0.994480
-0.440000 0.994463
-0.436000 0.994447
-0.432000 0.994430
-0.428000 0.994413
-0.424000 0.994395
-0.420000 0.994377
-0.416000 0.994359
-0.412000 0.994341
-0.408000 0.994322
-0.404000 0.994303
-0.400000 0.994284
-0.396000 0.994264
-0.392000 0.994245
-0.388000 0.994225
-0.384000 0.994205
-0.380000 0.994184
-0.376000 0.994164
-0.372000 0.994143
-0.368000 0.994123
-0.364000 0.994102
-0.360000 0.994081
-0.356000 0.994060
-0.352000 0.994039
-0.348000 0.994018
-0.344000 0.993996
-0.340000 0.993975
-0.336000 0.993954
-0.332000 0.993933
-0.328000 0.993911
-0.324000 0.993890
-0.320000 0.993869
-0.316000 0.993848
-0.312000 0.993827
-0.308000 0.993806
-0.304000 0.993785
-0.300000 0.993765
-0.296000 0.993744
-0.292000 0.993724
-0.288000 0.993703
-0.284000 0.993683
-0.280000 0.993663
-0.276000 0.993644
-0.272000 0.993624
-0.268000 0.993605
-0.264000 0.993586
-0.260000 0.993567
-0.256000 0.993548
-0.252000 0.993530
-0.248000 0.993512
-0.244000 0.993494
-0.240000 0.993477
-0.236000 0.993460
-0.232000 0.993443
-0.228000 0.993426
-0.224000 0.993410
-0.220000 0.993394
-0.216000 0.993378
-0.212000 0.993363
-0.208000 0.993348
-0.204000 0.993333
-0.200000 0.993319
-0.196000 0.993305
-0.192000 0.993291
-0.188000 0.993278
-0.184000 0.993265
-0.180000 0.993252
-0.176000 0.993239
-0.172000 0.993227
-0.168000 0.993216
-0.164000 0.993204
-0.160000 0.993193
-0.156000 0.993182
-0.152000 0.993172
-0.148000 0.993162
-0.144000 0.993152
-0.140000 0.993142
-0.136000 0.993133
-0.132000 0.993124
-0.128000 0.993115
-0.124000 0.993107
-0.120000 0.993099
-0.116000 0.993091
-0.112000 0.993083
-0.108000 0.993076
-0.104000 0.993069
-0.100000 0.993062
-0.096000 0.993055
-0.092000 0.993049
-0.088000 0.993043
-0.084000 0.993037
-0.080000 0.993032
-0.076000 0.993026
-0.072000 0.993021
-0.068000 0.993016
-0.064000 0.993011
-0.060000 0.993007
-0.056000 0.993002
-0.052000 0.992998
-0.048000 0.992994
-0.044000 0.992990
-0.040000 0.992987
-0.036000 0.992983
-0.032000 0.992980
-0.028000 0.992977
-0.024000 0.992974
-0.020000 0.992971
-0.016000 0.992968
-0.012000 0.992965
-0.008000 0.992963
-0.004000 0.992960
0.000000 0.992958
0.004000 0.992956
0.008000 0.992954
0.012000 0.992952
0.016000 0.992950
0.020000 0.992948
0.024000 0.992946
0.028000 0.992945
0.032000 0.992943
0.036000 0.992942
0.040000 0.992941
0.044000 0.992939
0.048000 0.992938
0.052000 0.992937
0.056000 0.992936
0.060000 0.992935
0.064000 0.992934
0.068000 0.992933
0.072000 0.992932
0.076000 0.992931
0.080000 0.992930
0.084000 0.992930
0.088000 0.992929
0.092000 0.992928
0.096000 0.992928
0.100000 0.992927
0.104000 0.992927
0.108000 0.992926
0.112000 0.992926
0.116000 0.992925
0.120000 0.992925
0.124000 0.992924
0.128000 0.992924
0.132000 0.992924
0.136000 0.992923
0.140000 0.992923
0.144000 0.992923
0.148000 0.992923
0.152000 0.992922
0.156000 0.992922
0.160000 0.992922
0.164000 0.992922
0.168000 0.992922
0.172000 0.992921
0.176000 0.992921
0.180000 0.992921
0.184000 0.992921
0.188000 0.992921
0.192000 0.992921
0.196000 0.992920
0.200000 0.992920
0.204000 0.992920
0.208000 0.992920
0.212000 0.992920
0.216000 0.992920
0.220000 0.992920
0.224000 0.992920
0.228000 0.992920
0.232000 0.992920
0.236000 0.992920
0.240000 0.992920
0.244000 0.992920
0.248000 0.992920
0.252000 0.992920
0.256000 0.992919
0.260000 0.992919
0.264000 0.992919
0.268000 0.992919
0.272000 0.992919
0.276000 0.992919
0.280000 0.992919
0.284000 0.992919
0.288000 0.992919
0.292000 0.992919
0.296000 0.992919
0.300000 0.992919
0.304000 0.992919
0.308000 0.992919
0.312000 0.992919
0.316000 0.992919
0.320000 0.992919
0.324000 0.992919
0.328000 0.992919
0.332000 0.992919
0.336000 0.992919
0.340000 0.992919
0.344000 0.992919
0.348000 0.992919
0.352000 0.992919
0.356000 0.992919
0.360000 0.992919
0.364000 0.992919
0.368000 0.992919
0.372000 0.992919
0.376000 0.992919
0.380000 0.992919
0.384000 0.992919
0.388000 0.992919
0.392000 0.992919
0.396000 0.992919
0.400000 0.992919
0.404000 0.992919
0.408000 0.992919
0.412000 0.992919
0.416000 0.992919
0.420000 0.992919
0.424000 0.992919
0.428000 0.992919
0.432000 0.992919
0.436000 0.992919
0.440000 0.992919
0.444000 0.992919
0.448000 0.992919
0.452000 0.992919
0.456000 0.992919
0.460000 0.992919
0.464000 0.992919
0.468000 0.992919
0.472000 0.992919
0.476000 0.992919
0.480000 0.992919
0.484000 0.992919
0.488000 0.992919
0.492000 0.992919
0.496000 0.992919
0.500000 0.992919
0.504000 0.992919
0.508000 0.992919
0.512000 0.992919
0.516000 0.992919
0.520000 0.992919
0.524000 0.992919
0.528000 0.992919
0.532000 0.992919
0.536000 0.992919
0.540000 0.992919
0.544000 0.992919
0.548000 0.992919
0.552000 0.992919
0.556000 0.992919
0.560000 0.992919
0.564000 0.992919
0.568000 0.992919
0.572000 0.992919
0.576000 0.992919
0.580000 0.992919
0.584000 0.992919
0.588000 0.992919
0.592000 0.992919
0.596000 0.992919
0.600000 0.992919
0.604000 0.992919
0.608000 0.992919
0.612000 0.992919
0.616000 0.992919
0.620000 0.992919
0.624000 0.992919
0.628000 0.992919
0.632000 0.992919
0.636000 0.992919
0.640000 0.992919
0.644000 0.992919
0.648000 0.992919
0.652000 0.992919
0.656000 0.992919
0.660000 0.992919
0.664000 0.992919
0.668000 0.992919
0.672000 0.992919
0.676000 0.992919
0.680000 0.992919
0.684000 0.992919
0.688000 0.992919
0.692000 0.992919
0.696000 0.992919
0.700000 0.992919
0.704000 0.992919
0.708000 0.992919
0.712000 0.992919
0.716000 0.992919
0.720000 0.992919
0.724000 0.992919
0.728000 0.992919
0.732000 0.992919
0.736000 0.992919
0.740000 0.992919
0.744000 0.992919
0.748000 0.992919
0.752000 0.992919
0.756000 0.992919
0.760000 0.992919
0.764000 0.992919
0.768000 0.992919
0.772000 0.992919
0.776000 0.992919
0.780000 0.992919
0.784000 0.992919
0.788000 0.992919
0.792000 0.992919
0.796000 0.992919
0.800000 0.992919
0.804000 0.992919
0.808000 0.992919
0.812000 0.992919
0.816000 0.992919
0.820000 0.992919
0.824000 0.992919
0.828000 0.992919
0.832000 0.992919
0.836000 0.992919
0.840000 0.992919
0.844000 0.992919
0.848000 0.992919
0.852000 0.992919
0.856000 0.992919
0.860000 0.992919
0.864000 0.992919
0.868000 0.992919
0.872000 0.992919
0.876000 0.992919
0.880000 0.992919
0.884000 0.992919
0.888000 0.992919
0.892000 0.992919
0.896000 0.992919
0.900000 0.992919
0.904000 0.992919
0.908000 0.992919
0.912000 0.992919
0.916000 0.992919
0.920000 0.992919
0.924000 0.992919
0.928000 0.992919
0.932000 0.992919
0.936000 0.992919
0.940000 0.992919
0.944000 0.992919
0.948000 0.992919
0.952000 0.992919
0.956000 0.992919
0.960000 0.992919
0.964000 0.992919
0.968000 0.992919
0.972000 0.992919
0.976000 0.992919
0.980000 0.992919
0.984000 0.992919
0.988000 0.992919
0.992000 0.992919
0.996000 0.992919
1.000000 0.992919
