-1.000000 0.992919
-0.996000 0.992919
-0.992000 0.992919
-0.988000 0.992919
-0.984000 0.992919
-0.980000 0.992919
-0.976000 0.992919
-0.972000 0.992919
-0.968000 0.992919
-0.964000 0.992919
-0.960000 0.992919
-0.956000 0.992919
-0.952000 0.992919
-0.948000 0.992919
-0.944000 0.992919
-0.940000 0.992919
-0.936000 0.992919
-0.932000 0.992919
-0.928000 0.992919
-0.924000 0.992919
-0.920000 0.992919
-0.916000 0.992919
-0.912000 0.992919
-0.908000 0.992919
-0.904000 0.992919
-0.900000 0.992919
-0.896000 0.992920
-0.892000 0.992920
-0.888000 0.992920
-0.884000 0.992920
-0.880000 0.992920
-0.876000 0.992920
-0.872000 0.992920
-0.868000 0.992921
-0.864000 0.992921
-0.860000 0.992921
-0.856000 0.992921
-0.852000 0.992922
-0.848000 0.992922
-0.844000 0.992923
-0.840000 0.992923
-0.836000 0.992924
-0.832000 0.992924
-0.828000 0.992925
-0.824000 0.992926
-0.820000 0.992927
-0.816000 0.992928
-0.812000 0.992929
-0.808000 0.992931
-0.804000 0.992932
-0.800000 0.992934
-0.796000 0.992936
-0.792000 0.992938
-0.788000 0.992940
-0.784000 0.992942
-0.780000 0.992945
-0.776000 0.992948
-0.772000 0.992951
-0.768000 0.992955
-0.764000 0.992959
-0.760000 0.992963
-0.756000 0.992968
-0.752000 0.992973
-0.748000 0.992978
-0.744000 0.992985
-0.740000 0.992991
-0.736000 0.992998
-0.732000 0.993006
-0.728000 0.993014
-0.724000 0.993023
-0.720000 0.993033
-0.716000 0.993043
-0.712000 0.993054
-0.708000 0.993066
-0.704000 0.993079
-0.700000 0.993092
-0.696000 0.993107
-0.692000 0.993123
-0.688000 0.993139
-0.684000 0.993157
-0.680000 0.993175
-0.676000 0.993195
-0.672000 0.993216
-0.668000 0.993238
-0.664000 0.993262
-0.660000 0.993286
-0.656000 0.993312
-0.652000 0.993340
-0.648000 0.993368
-0.644000 0.993399
-0.640000 0.993430
-0.636000 0.993464
-0.632000 0.993498
-0.628000 0.993534
-0.624000 0.993572
-0.620000 0.993612
-0.616000 0.993653
-0.612000 0.993695
-0.608000 0.993740
-0.604000 0.993785
-0.600000 0.993833
-0.596000 0.993882
-0.592000 0.993933
-0.588000 0.993986
-0.584000 0.994040
-0.580000 0.994096
-0.576000 0.994153
-0.572000 0.994212
-0.568000 0.994273
-0.564000 0.994335
-0.560000 0.994399
-0.556000 0.994464
-0.552000 0.994531
-0.548000 0.994599
-0.544000 0.994668
-0.540000 0.994739
-0.536000 0.994811
-0.532000 0.994885
-0.528000 0.994959
-0.524000 0.995035
-0.520000 0.995112
-0.516000 0.995190
-0.512000 0.995268
-0.508000 0.995348
-0.504000 0.995428
-0.500000 0.995509
-0.496000 0.995591
-0.492000 0.995674
-0.488000 0.995757
-0.484000 0.995840
-0.480000 0.995924
-0.476000 0.996008
-0.472000 0.996092
-0.468000 0.996177
-0.464000 0.996261
-0.460000 0.996345
-0.456000 0.996430
-0.452000 0.996514
-0.448000 0.996598
-0.444000 0.996682
-0.440000 0.996765
-0.436000 0.996848
-0.432000 0.996930
-0.428000 0.997012
-0.424000 0.997093
-0.420000 0.997174
-0.416000 0.997253
-0.412000 0.997332
-0.408000 0.997410
-0.404000 0.997487
-0.400000 0.997563
-0.396000 0.997638
-0.392000 0.997712
-0.388000 0.997785
-0.384000 0.997856
-0.380000 0.997927
-0.376000 0.997996
-0.372000 0.998064
-0.368000 0.998130
-0.364000 0.998196
-0.360000 0.998260
-0.356000 0.998322
-0.352000 0.998384
-0.348000 0.998443
-0.344000 0.998502
-0.340000 0.998559
-0.336000 0.998614
-0.332000 0.998668
-0.328000 0.998721
-0.324000 0.998772
-0.320000 0.998822
-0.316000 0.998871
-0.312000 0.998918
-0.308000 0.998963
-0.304000 0.999008
-0.300000 0.999050
-0.296000 0.999092
-0.292000 0.999132
-0.288000 0.999171
-0.284000 0.999208
-0.280000 0.999244
-0.276000 0.999279
-0.272000 0.999313
-0.268000 0.999345
-0.264000 0.999377
-0.260000 0.999407
-0.256000 0.999435
-0.252000 0.999463
-0.248000 0.999490
-0.244000 0.999515
-0.240000 0.999540
-0.236000 0.999564
-0.232000 0.999586
-0.228000 0.999608
-0.224000 0.999628
-0.220000 0.999648
-0.216000 0.999667
-0.212000 0.999685
-0.208000 0.999702
-0.204000 0.999718
-0.200000 0.999734
-0.196000 0.999749
-0.192000 0.999763
-0.188000 0.999776
-0.184000 0.999789
-0.180000 0.999801
-0.176000 0.999813
-0.172000 0.999824
-0.168000 0.999834
-0.164000 0.999844
-0.160000 0.999854
-0.156000 0.999862
-0.152000 0.999871
-0.148000 0.999879
-0.144000 0.999886
-0.140000 0.999893
-0.136000 0.999900
-0.132000 0.999906
-0.128000 0.999912
-0.124000 0.999918
-0.120000 0.999923
-0.116000 0.999928
-0.112000 0.999933
-0.108000 0.999937
-0.104000 0.999941
-0.100000 0.999945
-0.096000 0.999949
-0.092000 0.999952
-0.088000 0.999956
-0.084000 0.999959
-0.080000 0.999961
-0.076000 0.999964
-0.072000 0.999967
-0.068000 0.999969
-0.064000 0.999971
-0.060000 0.999973
-0.056000 0.999975
-0.052000 0.999977
-0.048000 0.999979
-0.044000 0.999980
-0.040000 0.999982
-0.036000 0.999983
-0.032000 0.999984
-0.028000 0.999985
-0.024000 0.999986
-0.020000 0.999987
-0.016000 0.999988
-0.012000 0.999989
-0.008000 0.999990
-0.004000 0.999991
0.000000 0.999992
0.004000 0.999992
0.008000 0.999993
0.012000 0.999993
0.016000 0.999994
0.020000 0.999994
0.024000 0.999995
0.028000 0.999995
0.032000 0.999996
0.036000 0.999996
0.040000 0.999996
0.044000 0.999997
0.048000 0.999997
0.052000 0.999997
0.056000 0.999997
0.060000 0.999998
0.064000 0.999998
0.068000 0.999998
0.072000 0.999998
0.076000 0.999998
0.080000 0.999998
0.084000 0.999999
0.088000 0.999999
0.092000 0.999999
0.096000 0.999999
0.100000 0.999999
0.104000 0.999999
0.108000 0.999999
0.112000 0.999999
0.116000 0.999999
0.120000 0.999999
0.124000 0.999999
0.128000 0.999999
0.132000 1.000000
0.136000 1.000000
0.140000 1.000000
0.144000 1.000000
0.148000 1.000000
0.152000 1.000000
0.156000 1.000000
0.160000 1.000000
0.164000 1.000000
0.168000 1.000000
0.172000 1.000000
0.176000 1.000000
0.180000 1.000000
0.184000 1.000000
0.188000 1.000000
0.192000 1.000000
0.196000 1.000000
0.200000 1.000000
0.204000 1.000000
0.208000 1.000000
0.212000 1.000000
0.216000 1.000000
0.220000 1.000000
0.224000 1.000000
0.228000 1.000000
0.232000 1.000000
0.236000 1.000000
0.240000 1.000000
0.244000 1.000000
0.248000 1.000000
0.252000 1.000000
0.256000 1.000000
0.260000 1.000000
0.264000 1.000000
0.268000 1.000000
0.272000 1.000000
0.276000 1.000000
0.280000 1.000000
0.284000 1.000000
0.288000 1.000000
0.292000 1.000000
0.296000 1.000000
0.300000 1.000000
0.304000 1.000000
0.308000 1.000000
0.312000 1.000000
0.316000 1.000000
0.320000 1.000000
0.324000 1.000000
0.328000 1.000000
0.332000 1.000000
0.336000 1.000000
0.340000 1.000000
0.344000 1.000000
0.348000 1.000000
0.352000 1.000000
0.356000 1.000000
0.360000 1.000000
0.364000 1.000000
0.368000 1.000000
0.372000 1.000000
0.376000 1.000000
0.380000 1.000000
0.384000 1.000000
0.388000 1.000000
0.392000 1.000000
0.396000 1.000000
0.400000 1.000000
0.404000 1.000000
0.408000 1.000000
0.412000 1.000000
0.416000 1.000000
0.420000 1.000000
0.424000 1.000000
0.428000 1.000000
0.432000 1.000000
0.436000 1.000000
0.440000 1.000000
0.444000 1.000000
0.448000 1.000000
0.452000 1.000000
0.456000 1.000000
0.460000 1.000000
0.464000 1.000000
0.468000 1.000000
0.472000 1.000000
0.476000 1.000000
0.480000 1.000000
0.484000 1.000000
0.488000 1.000000
0.492000 1.000000
0.496000 1.000000
0.500000 1.000000
0.504000 1.000000
0.508000 1.000000
0.512000 1.000000
0.516000 1.000000
0.520000 1.000000
0.524000 1.000000
0.528000 1.000000
0.532000 1.000000
0.536000 1.000000
0.540000 1.000000
0.544000 1.000000
0.548000 1.000000
0.552000 1.000000
0.556000 1.000000
0.560000 1.000000
0.564000 1.000000
0.568000 1.000000
0.572000 1.000000
0.576000 1.000000
0.580000 1.000000
0.584000 1.000000
0.588000 1.000000
0.592000 1.000000
0.596000 1.000000
0.600000 1.000000
0.604000 1.000000
0.608000 1.000000
0.612000 1.000000
0.616000 1.000000
0.620000 1.000000
0.624000 1.000000
0.628000 1.000000
0.632000 1.000000
0.636000 1.000000
0.640000 1.000000
0.644000 1.000000
0.648000 1.000000
0.652000 1.000000
0.656000 1.000000
0.660000 1.000000
0.664000 1.000000
0.668000 1.000000
0.672000 1.000000
0.676000 1.000000
0.680000 1.000000
0.684000 1.000000
0.688000 1.000000
0.692000 1.000000
0.696000 1.000000
0.700000 1.000000
0.704000 1.000000
0.708000 1.000000
0.712000 1.000000
0.716000 1.000000
0.720000 1.000000
0.724000 1.000000
0.728000 1.000000
0.732000 1.000000
0.736000 1.000000
0.740000 1.000000
0.744000 1.000000
0.748000 1.000000
0.752000 1.000000
0.756000 1.000000
0.760000 1.000000
0.764000 1.000000
0.768000 1.000000
0.772000 1.000000
0.776000 1.000000
0.780000 1.000000
0.784000 1.000000
0.788000 1.000000
0.792000 1.000000
0.796000 1.000000
0.800000 1.000000
0.804000 1.000000
0.808000 1.000000
0.812000 1.000000
0.816000 1.000000
0.820000 1.000000
0.824000 1.000000
0.828000 1.000000
0.832000 1.000000
0.836000 1.000000
0.840000 1.000000
0.844000 1.000000
0.848000 1.000000
0.852000 1.000000
0.856000 1.000000
0.860000 1.000000
0.864000 1.000000
0.868000 1.000000
0.872000 1.000000
0.876000 1.000000
0.880000 1.000000
0.884000 1.000000
0.888000 1.000000
0.892000 1.000000
0.896000 1.000000
0.900000 1.000000
0.904000 1.000000
0.908000 1.000000
0.912000 1.000000
0.916000 1.000000
0.920000 1.000000
0.924000 1.000000
0.928000 1.000000
0.932000 1.000000
0.936000 1.000000
0.940000 1.000000
0.944000 1.000000
0.948000 1.000000
0.952000 1.000000
0.956000 1.000000
0.960000 1.000000
0.964000 1.000000
0.968000 1.000000
0.972000 1.000000
0.976000 1.000000
0.980000 1.000000
0.984000 1.000000
0.988000 1.000000
0.992000 1.000000
0.996000 1.000000
1.000000 1.000000
