-1.000000 0.994892
-0.996000 0.994892
-0.992000 0.994892
-0.988000 0.994892
-0.984000 0.994892
-0.980000 0.994892
-0.976000 0.994892
-0.972000 0.994892
-0.968000 0.994892
-0.964000 0.994892
-0.960000 0.994892
-0.956000 0.994892
-0.952000 0.994892
-0.948000 0.994892
-0.944000 0.994892
-0.940000 0.994892
-0.936000 0.994892
-0.932000 0.994892
-0.928000 0.994892
-0.924000 0.994892
-0.920000 0.994892
-0.916000 0.994892
-0.912000 0.994892
-0.908000 0.994892
-0.904000 0.994892
-0.900000 0.994892
-0.896000 0.994892
-0.892000 0.994892
-0.888000 0.994892
-0.884000 0.994892
-0.880000 0.994892
-0.876000 0.994892
-0.872000 0.994892
-0.868000 0.994892
-0.864000 0.994892
-0.860000 0.994892
-0.856000 0.994892
-0.852000 0.994892
-0.848000 0.994892
-0.844000 0.994892
-0.840000 0.994892
-0.836000 0.994892
-0.832000 0.994892
-0.828000 0.994892
-0.824000 0.994892
-0.820000 0.994892
-0.816000 0.994892
-0.812000 0.994892
-0.808000 0.994892
-0.804000 0.994892
-0.800000 0.994892
-0.796000 0.994892
-0.792000 0.994892
-0.788000 0.994892
-0.784000 0.994892
-0.780000 0.994892
-0.776000 0.994891
-0.772000 0.994891
-0.768000 0.994891
-0.764000 0.994891
-0.760000 0.994891
-0.756000 0.994891
-0.752000 0.994891
-0.748000 0.994891
-0.744000 0.994891
-0.740000 0.994890
-0.736000 0.994890
-0.732000 0.994890
-0.728000 0.994890
-0.724000 0.994890
-0.720000 0.994889
-0.716000 0.994889
-0.712000 0.994889
-0.708000 0.994888
-0.704000 0.994888
-0.700000 0.994888
-0.696000 0.994887
-0.692000 0.994887
-0.688000 0.994886
-0.684000 0.994886
-0.680000 0.994885
-0.676000 0.994884
-0.672000 0.994884
-0.668000 0.994883
-0.664000 0.994882
-0.660000 0.994881
-0.656000 0.994880
-0.652000 0.994879
-0.648000 0.994878
-0.644000 0.994876
-0.640000 0.994875
-0.636000 0.994873
-0.632000 0.994872
-0.628000 0.994870
-0.624000 0.994868
-0.620000 0.994866
-0.616000 0.994864
-0.612000 0.994862
-0.608000 0.994860
-0.604000 0.994857
-0.600000 0.994854
-0.596000 0.994852
-0.592000 0.994849
-0.588000 0.994845
-0.584000 0.994842
-0.580000 0.994838
-0.576000 0.994835
-0.572000 0.994831
-0.568000 0.994826
-0.564000 0.994822
-0.560000 0.994817
-0.556000 0.994812
-0.552000 0.994807
-0.548000 0.994801
-0.544000 0.994796
-0.540000 0.994790
-0.536000 0.994783
-0.532000 0.994777
-0.528000 0.994770
-0.524000 0.994763
-0.520000 0.994755
-0.516000 0.994747
-0.512000 0.994739
-0.508000 0.994731
-0.504000 0.994722
-0.500000 0.994713
-0.496000 0.994703
-0.492000 0.994693
-0.488000 0.994683
-0.484000 0.994673
-0.480000 0.994662
-0.476000 0.994651
-0.472000 0.994639
-0.468000 0.994627
-0.464000 0.994615
-0.460000 0.994602
-0.456000 0.994589
-0.452000 0.994576
-0.448000 0.994562
-0.444000 0.994548
-0.440000 0.994533
-0.436000 0.994518
-0.432000 0.994503
-0.428000 0.994488
-0.424000 0.994472
-0.420000 0.994456
-0.416000 0.994439
-0.412000 0.994422
-0.408000 0.994405
-0.404000 0.994388
-0.400000 0.994370
-0.396000 0.994352
-0.392000 0.994334
-0.388000 0.994316
-0.384000 0.994297
-0.380000 0.994278
-0.376000 0.994259
-0.372000 0.994239
-0.368000 0.994220
-0.364000 0.994200
-0.360000 0.994180
-0.356000 0.994160
-0.352000 0.994139
-0.348000 0.994119
-0.344000 0.994098
-0.340000 0.994078
-0.336000 0.994057
-0.332000 0.994036
-0.328000 0.994015
-0.324000 0.993994
-0.320000 0.993974
-0.316000 0.993953
-0.312000 0.993932
-0.308000 0.993911
-0.304000 0.993890
-0.300000 0.993869
-0.296000 0.993848
-0.292000 0.993828
-0.288000 0.993807
-0.284000 0.993786
-0.280000 0.993766
-0.276000 0.993746
-0.272000 0.993726
-0.268000 0.993706
-0.264000 0.993686
-0.260000 0.993666
-0.256000 0.993647
-0.252000 0.993627
-0.248000 0.993608
-0.244000 0.993590
-0.240000 0.993571
-0.236000 0.993553
-0.232000 0.993535
-0.228000 0.993517
-0.224000 0.993499
-0.220000 0.993482
-0.216000 0.993465
-0.212000 0.993448
-0.208000 0.993432
-0.204000 0.993416
-0.200000 0.993400
-0.196000 0.993384
-0.192000 0.993369
-0.188000 0.993354
-0.184000 0.993339
-0.180000 0.993325
-0.176000 0.993311
-0.172000 0.993297
-0.168000 0.993284
-0.164000 0.993271
-0.160000 0.993258
-0.156000 0.993246
-0.152000 0.993234
-0.148000 0.993222
-0.144000 0.993210
-0.140000 0.993199
-0.136000 0.993189
-0.132000 0.993178
-0.128000 0.993168
-0.124000 0.993158
-0.120000 0.993148
-0.116000 0.993139
-0.112000 0.993130
-0.108000 0.993121
-0.104000 0.993113
-0.100000 0.993104
-0.096000 0.993096
-0.092000 0.993089
-0.088000 0.993081
-0.084000 0.993074
-0.080000 0.993067
-0.076000 0.993061
-0.072000 0.993054
-0.068000 0.993048
-0.064000 0.993042
-0.060000 0.993036
-0.056000 0.993031
-0.052000 0.993026
-0.048000 0.993021
-0.044000 0.993016
-0.040000 0.993011
-0.036000 0.993006
-0.032000 0.993002
-0.028000 0.992998
-0.024000 0.992994
-0.020000 0.992990
-0.016000 0.992987
-0.012000 0.992983
-0.008000 0.992980
-0.004000 0.992977
0.000000 0.992974
0.004000 0.992971
0.008000 0.992968
0.012000 0.992965
0.016000 0.992963
0.020000 0.992961
0.024000 0.992958
0.028000 0.992956
0.032000 0.992954
0.036000 0.992952
0.040000 0.992950
0.044000 0.992948
0.048000 0.992947
0.052000 0.992945
0.056000 0.992944
0.060000 0.992942
0.064000 0.992941
0.068000 0.992940
0.072000 0.992938
0.076000 0.992937
0.080000 0.992936
0.084000 0.992935
0.088000 0.992934
0.092000 0.992933
0.096000 0.992932
0.100000 0.992932
0.104000 0.992931
0.108000 0.992930
0.112000 0.992929
0.116000 0.992929
0.120000 0.992928
0.124000 0.992928
0.128000 0.992927
0.132000 0.992926
0.136000 0.992926
0.140000 0.992926
0.144000 0.992925
0.148000 0.992925
0.152000 0.992924
0.156000 0.992924
0.160000 0.992924
0.164000 0.992923
0.168000 0.992923
0.172000 0.992923
0.176000 0.992922
0.180000 0.992922
0.184000 0.992922
0.188000 0.992922
0.192000 0.992922
0.196000 0.992921
0.200000 0.992921
0.204000 0.992921
0.208000 0.992921
0.212000 0.992921
0.216000 0.992921
0.220000 0.992921
0.224000 0.992920
0.228000 0.992920
0.232000 0.992920
0.236000 0.992920
0.240000 0.992920
0.244000 0.992920
0.248000 0.992920
0.252000 0.992920
0.256000 0.992920
0.260000 0.992920
0.264000 0.992920
0.268000 0.992920
0.272000 0.992920
0.276000 0.992920
0.280000 0.992919
0.284000 0.992919
0.288000 0.992919
0.292000 0.992919
0.296000 0.992919
0.300000 0.992919
0.304000 0.992919
0.308000 0.992919
0.312000 0.992919
0.316000 0.992919
0.320000 0.992919
0.324000 0.992919
0.328000 0.992919
0.332000 0.992919
0.336000 0.992919
0.340000 0.992919
0.344000 0.992919
0.348000 0.992919
0.352000 0.992919
0.356000 0.992919
0.360000 0.992919
0.364000 0.992919
0.368000 0.992919
0.372000 0.992919
0.376000 0.992919
0.380000 0.992919
0.384000 0.992919
0.388000 0.992919
0.392000 0.992919
0.396000 0.992919
0.400000 0.992919
0.404000 0.992919
0.408000 0.992919
0.412000 0.992919
0.416000 0.992919
0.420000 0.992919
0.424000 0.992919
0.428000 0.992919
0.432000 0.992919
0.436000 0.992919
0.440000 0.992919
0.444000 0.992919
0.448000 0.992919
0.452000 0.992919
0.456000 0.992919
0.460000 0.992919
0.464000 0.992919
0.468000 0.992919
0.472000 0.992919
0.476000 0.992919
0.480000 0.992919
0.484000 0.992919
0.488000 0.992919
0.492000 0.992919
0.496000 0.992919
0.500000 0.992919
0.504000 0.992919
0.508000 0.992919
0.512000 0.992919
0.516000 0.992919
0.520000 0.992919
0.524000 0.992919
0.528000 0.992919
0.532000 0.992919
0.536000 0.992919
0.540000 0.992919
0.544000 0.992919
0.548000 0.992919
0.552000 0.992919
0.556000 0.992919
0.560000 0.992919
0.564000 0.992919
0.568000 0.992919
0.572000 0.992919
0.576000 0.992919
0.580000 0.992919
0.584000 0.992919
0.588000 0.992919
0.592000 0.992919
0.596000 0.992919
0.600000 0.992919
0.604000 0.992919
0.608000 0.992919
0.612000 0.992919
0.616000 0.992919
0.620000 0.992919
0.624000 0.992919
0.628000 0.992919
0.632000 0.992919
0.636000 0.992919
0.640000 0.992919
0.644000 0.992919
0.648000 0.992919
0.652000 0.992919
0.656000 0.992919
0.660000 0.992919
0.664000 0.992919
0.668000 0.992919
0.672000 0.992919
0.676000 0.992919
0.680000 0.992919
0.684000 0.992919
0.688000 0.992919
0.692000 0.992919
0.696000 0.992919
0.700000 0.992919
0.704000 0.992919
0.708000 0.992919
0.712000 0.992919
0.716000 0.992919
0.720000 0.992919
0.724000 0.992919
0.728000 0.992919
0.732000 0.992919
0.736000 0.992919
0.740000 0.992919
0.744000 0.992919
0.748000 0.992919
0.752000 0.992919
0.756000 0.992919
0.760000 0.992919
0.764000 0.992919
0.768000 0.992919
0.772000 0.992919
0.776000 0.992919
0.780000 0.992919
0.784000 0.992919
0.788000 0.992919
0.792000 0.992919
0.796000 0.992919
0.800000 0.992919
0.804000 0.992919
0.808000 0.992919
0.812000 0.992919
0.816000 0.992919
0.820000 0.992919
0.824000 0.992919
0.828000 0.992919
0.832000 0.992919
0.836000 0.992919
0.840000 0.992919
0.844000 0.992919
0.848000 0.992919
0.852000 0.992919
0.856000 0.992919
0.860000 0.992919
0.864000 0.992919
0.868000 0.992919
0.872000 0.992919
0.876000 0.992919
0.880000 0.992919
0.884000 0.992919
0.888000 0.992919
0.892000 0.992919
0.896000 0.992919
0.900000 0.992919
0.904000 0.992919
0.908000 0.992919
0.912000 0.992919
0.916000 0.992919
0.920000 0.992919
0.924000 0.992919
0.928000 0.992919
0.932000 0.992919
0.936000 0.992919
0.940000 0.992919
0.944000 0.992919
0.948000 0.992919
0.952000 0.992919
0.956000 0.992919
0.960000 0.992919
0.964000 0.992919
0.968000 0.992919
0.972000 0.992919
0.976000 0.992919
0.980000 0.992919
0.984000 0.992919
0.988000 0.992919
0.992000 0.992919
0.996000 0.992919
1.000000 0.992919
