-1.000000 0.992919
-0.996000 0.992919
-0.992000 0.992919
-0.988000 0.992919
-0.984000 0.992919
-0.980000 0.992919
-0.976000 0.992919
-0.972000 0.992919
-0.968000 0.992919
-0.964000 0.992919
-0.960000 0.992919
-0.956000 0.992919
-0.952000 0.992919
-0.948000 0.992919
-0.944000 0.992919
-0.940000 0.992919
-0.936000 0.992919
-0.932000 0.992919
-0.928000 0.992919
-0.924000 0.992919
-0.920000 0.992919
-0.916000 0.992919
-0.912000 0.992919
-0.908000 0.992920
-0.904000 0.992920
-0.900000 0.992920
-0.896000 0.992920
-0.892000 0.992920
-0.888000 0.992920
-0.884000 0.992921
-0.880000 0.992921
-0.876000 0.992921
-0.872000 0.992921
-0.868000 0.992922
-0.864000 0.992922
-0.860000 0.992923
-0.856000 0.992923
-0.852000 0.992924
-0.848000 0.992925
-0.844000 0.992926
-0.840000 0.992926
-0.836000 0.992927
-0.832000 0.992929
-0.828000 0.992930
-0.824000 0.992931
-0.820000 0.992933
-0.816000 0.992935
-0.812000 0.992937
-0.808000 0.992939
-0.804000 0.992942
-0.800000 0.992945
-0.796000 0.992948
-0.792000 0.992951
-0.788000 0.992955
-0.784000 0.992959
-0.780000 0.992963
-0.776000 0.992968
-0.772000 0.992973
-0.768000 0.992979
-0.764000 0.992986
-0.760000 0.992992
-0.756000 0.993000
-0.752000 0.993008
-0.748000 0.993017
-0.744000 0.993026
-0.740000 0.993037
-0.736000 0.993048
-0.732000 0.993059
-0.728000 0.993072
-0.724000 0.993086
-0.720000 0.993101
-0.716000 0.993116
-0.712000 0.993133
-0.708000 0.993151
-0.704000 0.993170
-0.700000 0.993190
-0.696000 0.993211
-0.692000 0.993234
-0.688000 0.993258
-0.684000 0.993283
-0.680000 0.993310
-0.676000 0.993338
-0.672000 0.993368
-0.668000 0.993399
-0.664000 0.993432
-0.660000 0.993466
-0.656000 0.993502
-0.652000 0.993540
-0.648000 0.993579
-0.644000 0.993620
-0.640000 0.993663
-0.636000 0.993708
-0.632000 0.993754
-0.628000 0.993802
-0.624000 0.993852
-0.620000 0.993903
-0.616000 0.993956
-0.612000 0.994012
-0.608000 0.994068
-0.604000 0.994127
-0.600000 0.994187
-0.596000 0.994249
-0.592000 0.994313
-0.588000 0.994378
-0.584000 0.994445
-0.580000 0.994513
-0.576000 0.994583
-0.572000 0.994655
-0.568000 0.994727
-0.564000 0.994802
-0.560000 0.994877
-0.556000 0.994954
-0.552000 0.995032
-0.548000 0.995111
-0.544000 0.995191
-0.540000 0.995273
-0.536000 0.995355
-0.532000 0.995438
-0.528000 0.995521
-0.524000 0.995606
-0.520000 0.995691
-0.516000 0.995777
-0.512000 0.995863
-0.508000 0.995949
-0.504000 0.996036
-0.500000 0.996123
-0.496000 0.996210
-0.492000 0.996297
-0.488000 0.996384
-0.484000 0.996471
-0.480000 0.996557
-0.476000 0.996644
-0.472000 0.996730
-0.468000 0.996815
-0.464000 0.996900
-0.460000 0.996985
-0.456000 0.997068
-0.452000 0.997151
-0.448000 0.997233
-0.444000 0.997315
-0.440000 0.997395
-0.436000 0.997475
-0.432000 0.997553
-0.428000 0.997630
-0.424000 0.997706
-0.420000 0.997781
-0.416000 0.997855
-0.412000 0.997928
-0.408000 0.997999
-0.404000 0.998068
-0.400000 0.998137
-0.396000 0.998204
-0.392000 0.998269
-0.388000 0.998334
-0.384000 0.998396
-0.380000 0.998457
-0.376000 0.998517
-0.372000 0.998575
-0.368000 0.998632
-0.364000 0.998687
-0.360000 0.998741
-0.356000 0.998793
-0.352000 0.998843
-0.348000 0.998893
-0.344000 0.998940
-0.340000 0.998986
-0.336000 0.999031
-0.332000 0.999074
-0.328000 0.999116
-0.324000 0.999156
-0.320000 0.999195
-0.316000 0.999233
-0.312000 0.999269
-0.308000 0.999304
-0.304000 0.999338
-0.300000 0.999370
-0.296000 0.999401
-0.292000 0.999431
-0.288000 0.999460
-0.284000 0.999487
-0.280000 0.999513
-0.276000 0.999539
-0.272000 0.999563
-0.268000 0.999586
-0.264000 0.999608
-0.260000 0.999629
-0.256000 0.999649
-0.252000 0.999669
-0.248000 0.999687
-0.244000 0.999705
-0.240000 0.999721
-0.236000 0.999737
-0.232000 0.999752
-0.228000 0.999766
-0.224000 0.999780
-0.220000 0.999793
-0.216000 0.999805
-0.212000 0.999817
-0.208000 0.999828
-0.204000 0.999838
-0.200000 0.999848
-0.196000 0.999858
-0.192000 0.999867
-0.188000 0.999875
-0.184000 0.999883
-0.180000 0.999890
-0.176000 0.999897
-0.172000 0.999904
-0.168000 0.999910
-0.164000 0.999916
-0.160000 0.999922
-0.156000 0.999927
-0.152000 0.999932
-0.148000 0.999936
-0.144000 0.999941
-0.140000 0.999945
-0.136000 0.999948
-0.132000 0.999952
-0.128000 0.999955
-0.124000 0.999958
-0.120000 0.999961
-0.116000 0.999964
-0.112000 0.999967
-0.108000 0.999969
-0.104000 0.999971
-0.100000 0.999973
-0.096000 0.999975
-0.092000 0.999977
-0.088000 0.999979
-0.084000 0.999980
-0.080000 0.999982
-0.076000 0.999983
-0.072000 0.999984
-0.068000 0.999986
-0.064000 0.999987
-0.060000 0.999988
-0.056000 0.999989
-0.052000 0.999990
-0.048000 0.999990
-0.044000 0.999991
-0.040000 0.999992
-0.036000 0.999992
-0.032000 0.999993
-0.028000 0.999994
-0.024000 0.999994
-0.020000 0.999995
-0.016000 0.999995
-0.012000 0.999995
-0.008000 0.999996
-0.004000 0.999996
0.000000 0.999996
0.004000 0.999997
0.008000 0.999997
0.012000 0.999997
0.016000 0.999997
0.020000 0.999998
0.024000 0.999998
0.028000 0.999998
0.032000 0.999998
0.036000 0.999998
0.040000 0.999999
0.044000 0.999999
0.048000 0.999999
0.052000 0.999999
0.056000 0.999999
0.060000 0.999999
0.064000 0.999999
0.068000 0.999999
0.072000 0.999999
0.076000 0.999999
0.080000 0.999999
0.084000 0.999999
0.088000 1.000000
0.092000 1.000000
0.096000 1.000000
0.100000 1.000000
0.104000 1.000000
0.108000 1.000000
0.112000 1.000000
0.116000 1.000000
0.120000 1.000000
0.124000 1.000000
0.128000 1.000000
0.132000 1.000000
0.136000 1.000000
0.140000 1.000000
0.144000 1.000000
0.148000 1.000000
0.152000 1.000000
0.156000 1.000000
0.160000 1.000000
0.164000 1.000000
0.168000 1.000000
0.172000 1.000000
0.176000 1.000000
0.180000 1.000000
0.184000 1.000000
0.188000 1.000000
0.192000 1.000000
0.196000 1.000000
0.200000 1.000000
0.204000 1.000000
0.208000 1.000000
0.212000 1.000000
0.216000 1.000000
0.220000 1.000000
0.224000 1.000000
0.228000 1.000000
0.232000 1.000000
0.236000 1.000000
0.240000 1.000000
0.244000 1.000000
0.248000 1.000000
0.252000 1.000000
0.256000 1.000000
0.260000 1.000000
0.264000 1.000000
0.268000 1.000000
0.272000 1.000000
0.276000 1.000000
0.280000 1.000000
0.284000 1.000000
0.288000 1.000000
0.292000 1.000000
0.296000 1.000000
0.300000 1.000000
0.304000 1.000000
0.308000 1.000000
0.312000 1.000000
0.316000 1.000000
0.320000 1.000000
0.324000 1.000000
0.328000 1.000000
0.332000 1.000000
0.336000 1.000000
0.340000 1.000000
0.344000 1.000000
0.348000 1.000000
0.352000 1.000000
0.356000 1.000000
0.360000 1.000000
0.364000 1.000000
0.368000 1.000000
0.372000 1.000000
0.376000 1.000000
0.380000 1.000000
0.384000 1.000000
0.388000 1.000000
0.392000 1.000000
0.396000 1.000000
0.400000 1.000000
0.404000 1.000000
0.408000 1.000000
0.412000 1.000000
0.416000 1.000000
0.420000 1.000000
0.424000 1.000000
0.428000 1.000000
0.432000 1.000000
0.436000 1.000000
0.440000 1.000000
0.444000 1.000000
0.448000 1.000000
0.452000 1.000000
0.456000 1.000000
0.460000 1.000000
0.464000 1.000000
0.468000 1.000000
0.472000 1.000000
0.476000 1.000000
0.480000 1.000000
0.484000 1.000000
0.488000 1.000000
0.492000 1.000000
0.496000 1.000000
0.500000 1.000000
0.504000 1.000000
0.508000 1.000000
0.512000 1.000000
0.516000 1.000000
0.520000 1.000000
0.524000 1.000000
0.528000 1.000000
0.532000 1.000000
0.536000 1.000000
0.540000 1.000000
0.544000 1.000000
0.548000 1.000000
0.552000 1.000000
0.556000 1.000000
0.560000 1.000000
0.564000 1.000000
0.568000 1.000000
0.572000 1.000000
0.576000 1.000000
0.580000 1.000000
0.584000 1.000000
0.588000 1.000000
0.592000 1.000000
0.596000 1.000000
0.600000 1.000000
0.604000 1.000000
0.608000 1.000000
0.612000 1.000000
0.616000 1.000000
0.620000 1.000000
0.624000 1.000000
0.628000 1.000000
0.632000 1.000000
0.636000 1.000000
0.640000 1.000000
0.644000 1.000000
0.648000 1.000000
0.652000 1.000000
0.656000 1.000000
0.660000 1.000000
0.664000 1.000000
0.668000 1.000000
0.672000 1.000000
0.676000 1.000000
0.680000 1.000000
0.684000 1.000000
0.688000 1.000000
0.692000 1.000000
0.696000 1.000000
0.700000 1.000000
0.704000 1.000000
0.708000 1.000000
0.712000 1.000000
0.716000 1.000000
0.720000 1.000000
0.724000 1.000000
0.728000 1.000000
0.732000 1.000000
0.736000 1.000000
0.740000 1.000000
0.744000 1.000000
0.748000 1.000000
0.752000 1.000000
0.756000 1.000000
0.760000 1.000000
0.764000 1.000000
0.768000 1.000000
0.772000 1.000000
0.776000 1.000000
0.780000 1.000000
0.784000 1.000000
0.788000 1.000000
0.792000 1.000000
0.796000 1.000000
0.800000 1.000000
0.804000 1.000000
0.808000 1.000000
0.812000 1.000000
0.816000 1.000000
0.820000 1.000000
0.824000 1.000000
0.828000 1.000000
0.832000 1.000000
0.836000 1.000000
0.840000 1.000000
0.844000 1.000000
0.848000 1.000000
0.852000 1.000000
0.856000 1.000000
0.860000 1.000000
0.864000 1.000000
0.868000 1.000000
0.872000 1.000000
0.876000 1.000000
0.880000 1.000000
0.884000 1.000000
0.888000 1.000000
0.892000 1.000000
0.896000 1.000000
0.900000 1.000000
0.904000 1.000000
0.908000 1.000000
0.912000 1.000000
0.916000 1.000000
0.920000 1.000000
0.924000 1.000000
0.928000 1.000000
0.932000 1.000000
0.936000 1.000000
0.940000 1.000000
0.944000 1.000000
0.948000 1.000000
0.952000 1.000000
0.956000 1.000000
0.960000 1.000000
0.964000 1.000000
0.968000 1.000000
0.972000 1.000000
0.976000 1.000000
0.980000 1.000000
0.984000 1.000000
0.988000 1.000000
0.992000 1.000000
0.996000 1.000000
1.000000 1.000000
