-1.000000 0.994892
-0.996000 0.994892
-0.992000 0.994892
-0.988000 0.994892
-0.984000 0.994892
-0.980000 0.994892
-0.976000 0.994892
-0.972000 0.994892
-0.968000 0.994892
-0.964000 0.994892
-0.960000 0.994892
-0.956000 0.994892
-0.952000 0.994892
-0.948000 0.994892
-0.944000 0.994892
-0.940000 0.994892
-0.936000 0.994892
-0.932000 0.994892
-0.928000 0.994892
-0.924000 0.994892
-0.920000 0.994892
-0.916000 0.994892
-0.912000 0.994892
-0.908000 0.994892
-0.904000 0.994892
-0.900000 0.994892
-0.896000 0.994892
-0.892000 0.994892
-0.888000 0.994892
-0.884000 0.994892
-0.880000 0.994892
-0.876000 0.994892
-0.872000 0.994892
-0.868000 0.994892
-0.864000 0.994892
-0.860000 0.994892
-0.856000 0.994892
-0.852000 0.994892
-0.848000 0.994892
-0.844000 0.994892
-0.840000 0.994892
-0.836000 0.994892
-0.832000 0.994892
-0.828000 0.994892
-0.824000 0.994892
-0.820000 0.994892
-0.816000 0.994892
-0.812000 0.994892
-0.808000 0.994892
-0.804000 0.994892
-0.800000 0.994892
-0.796000 0.994892
-0.792000 0.994892
-0.788000 0.994892
-0.784000 0.994892
-0.780000 0.994892
-0.776000 0.994892
-0.772000 0.994892
-0.768000 0.994891
-0.764000 0.994891
-0.760000 0.994891
-0.756000 0.994891
-0.752000 0.994891
-0.748000 0.994891
-0.744000 0.994891
-0.740000 0.994891
-0.736000 0.994891
-0.732000 0.994890
-0.728000 0.994890
-0.724000 0.994890
-0.720000 0.994890
-0.716000 0.994890
-0.712000 0.994889
-0.708000 0.994889
-0.704000 0.994889
-0.700000 0.994888
-0.696000 0.994888
-0.692000 0.994888
-0.688000 0.994887
-0.684000 0.994887
-0.680000 0.994886
-0.676000 0.994885
-0.672000 0.994885
-0.668000 0.994884
-0.664000 0.994883
-0.660000 0.994882
-0.656000 0.994882
-0.652000 0.994881
-0.648000 0.994880
-0.644000 0.994879
-0.640000 0.994877
-0.636000 0.994876
-0.632000 0.994875
-0.628000 0.994873
-0.624000 0.994872
-0.620000 0.994870
-0.616000 0.994868
-0.612000 0.994866
-0.608000 0.994864
-0.604000 0.994862
-0.600000 0.994859
-0.596000 0.994857
-0.592000 0.994854
-0.588000 0.994851
-0.584000 0.994848
-0.580000 0.994845
-0.576000 0.994842
-0.572000 0.994838
-0.568000 0.994834
-0.564000 0.994830
-0.560000 0.994826
-0.556000 0.994822
-0.552000 0.994817
-0.548000 0.994812
-0.544000 0.994807
-0.540000 0.994802
-0.536000 0.994796
-0.532000 0.994790
-0.528000 0.994784
-0.524000 0.994777
-0.520000 0.994770
-0.516000 0.994763
-0.512000 0.994756
-0.508000 0.994748
-0.504000 0.994740
-0.500000 0.994732
-0.496000 0.994723
-0.492000 0.994714
-0.488000 0.994704
-0.484000 0.994695
-0.480000 0.994685
-0.476000 0.994674
-0.472000 0.994664
-0.468000 0.994652
-0.464000 0.994641
-0.460000 0.994629
-0.456000 0.994617
-0.452000 0.994605
-0.448000 0.994592
-0.444000 0.994578
-0.440000 0.994565
-0.436000 0.994551
-0.432000 0.994537
-0.428000 0.994522
-0.424000 0.994507
-0.420000 0.994492
-0.416000 0.994476
-0.412000 0.994460
-0.408000 0.994444
-0.404000 0.994427
-0.400000 0.994410
-0.396000 0.994393
-0.392000 0.994376
-0.388000 0.994358
-0.384000 0.994340
-0.380000 0.994322
-0.376000 0.994303
-0.372000 0.994284
-0.368000 0.994265
-0.364000 0.994246
-0.360000 0.994227
-0.356000 0.994207
-0.352000 0.994187
-0.348000 0.994168
-0.344000 0.994147
-0.340000 0.994127
-0.336000 0.994107
-0.332000 0.994086
-0.328000 0.994066
-0.324000 0.994045
-0.320000 0.994025
-0.316000 0.994004
-0.312000 0.993983
-0.308000 0.993962
-0.304000 0.993942
-0.300000 0.993921
-0.296000 0.993900
-0.292000 0.993879
-0.288000 0.993859
-0.284000 0.993838
-0.280000 0.993818
-0.276000 0.993797
-0.272000 0.993777
-0.268000 0.993757
-0.264000 0.993737
-0.260000 0.993717
-0.256000 0.993697
-0.252000 0.993677
-0.248000 0.993658
-0.244000 0.993639
-0.240000 0.993620
-0.236000 0.993601
-0.232000 0.993582
-0.228000 0.993564
-0.224000 0.993546
-0.220000 0.993528
-0.216000 0.993510
-0.212000 0.993493
-0.208000 0.993476
-0.204000 0.993459
-0.200000 0.993443
-0.196000 0.993426
-0.192000 0.993410
-0.188000 0.993395
-0.184000 0.993379
-0.180000 0.993364
-0.176000 0.993350
-0.172000 0.993335
-0.168000 0.993321
-0.164000 0.993307
-0.160000 0.993294
-0.156000 0.993281
-0.152000 0.993268
-0.148000 0.993255
-0.144000 0.993243
-0.140000 0.993231
-0.136000 0.993219
-0.132000 0.993208
-0.128000 0.993197
-0.124000 0.993186
-0.120000 0.993176
-0.116000 0.993166
-0.112000 0.993156
-0.108000 0.993146
-0.104000 0.993137
-0.100000 0.993128
-0.096000 0.993120
-0.092000 0.993111
-0.088000 0.993103
-0.084000 0.993095
-0.080000 0.993088
-0.076000 0.993080
-0.072000 0.993073
-0.068000 0.993067
-0.064000 0.993060
-0.060000 0.993054
-0.056000 0.993047
-0.052000 0.993042
-0.048000 0.993036
-0.044000 0.993030
-0.040000 0.993025
-0.036000 0.993020
-0.032000 0.993015
-0.028000 0.993011
-0.024000 0.993006
-0.020000 0.993002
-0.016000 0.992998
-0.012000 0.992994
-0.008000 0.992990
-0.004000 0.992987
0.000000 0.992983
0.004000 0.992980
0.008000 0.992977
0.012000 0.992974
0.016000 0.992971
0.020000 0.992968
0.024000 0.992966
0.028000 0.992963
0.032000 0.992961
0.036000 0.992958
0.040000 0.992956
0.044000 0.992954
0.048000 0.992952
0.052000 0.992950
0.056000 0.992949
0.060000 0.992947
0.064000 0.992945
0.068000 0.992944
0.072000 0.992942
0.076000 0.992941
0.080000 0.992940
0.084000 0.992939
0.088000 0.992937
0.092000 0.992936
0.096000 0.992935
0.100000 0.992934
0.104000 0.992933
0.108000 0.992933
0.112000 0.992932
0.116000 0.992931
0.120000 0.992930
0.124000 0.992929
0.128000 0.992929
0.132000 0.992928
0.136000 0.992928
0.140000 0.992927
0.144000 0.992927
0.148000 0.992926
0.152000 0.992926
0.156000 0.992925
0.160000 0.992925
0.164000 0.992924
0.168000 0.992924
0.172000 0.992924
0.176000 0.992923
0.180000 0.992923
0.184000 0.992923
0.188000 0.992923
0.192000 0.992922
0.196000 0.992922
0.200000 0.992922
0.204000 0.992922
0.208000 0.992922
0.212000 0.992921
0.216000 0.992921
0.220000 0.992921
0.224000 0.992921
0.228000 0.992921
0.232000 0.992921
0.236000 0.992921
0.240000 0.992920
0.244000 0.992920
0.248000 0.992920
0.252000 0.992920
0.256000 0.992920
0.260000 0.992920
0.264000 0.992920
0.268000 0.992920
0.272000 0.992920
0.276000 0.992920
0.280000 0.992920
0.284000 0.992920
0.288000 0.992920
0.292000 0.992920
0.296000 0.992919
0.300000 0.992919
0.304000 0.992919
0.308000 0.992919
0.312000 0.992919
0.316000 0.992919
0.320000 0.992919
0.324000 0.992919
0.328000 0.992919
0.332000 0.992919
0.336000 0.992919
0.340000 0.992919
0.344000 0.992919
0.348000 0.992919
0.352000 0.992919
0.356000 0.992919
0.360000 0.992919
0.364000 0.992919
0.368000 0.992919
0.372000 0.992919
0.376000 0.992919
0.380000 0.992919
0.384000 0.992919
0.388000 0.992919
0.392000 0.992919
0.396000 0.992919
0.400000 0.992919
0.404000 0.992919
0.408000 0.992919
0.412000 0.992919
0.416000 0.992919
0.420000 0.992919
0.424000 0.992919
0.428000 0.992919
0.432000 0.992919
0.436000 0.992919
0.440000 0.992919
0.444000 0.992919
0.448000 0.992919
0.452000 0.992919
0.456000 0.992919
0.460000 0.992919
0.464000 0.992919
0.468000 0.992919
0.472000 0.992919
0.476000 0.992919
0.480000 0.992919
0.484000 0.992919
0.488000 0.992919
0.492000 0.992919
0.496000 0.992919
0.500000 0.992919
0.504000 0.992919
0.508000 0.992919
0.512000 0.992919
0.516000 0.992919
0.520000 0.992919
0.524000 0.992919
0.528000 0.992919
0.532000 0.992919
0.536000 0.992919
0.540000 0.992919
0.544000 0.992919
0.548000 0.992919
0.552000 0.992919
0.556000 0.992919
0.560000 0.992919
0.564000 0.992919
0.568000 0.992919
0.572000 0.992919
0.576000 0.992919
0.580000 0.992919
0.584000 0.992919
0.588000 0.992919
0.592000 0.992919
0.596000 0.992919
0.600000 0.992919
0.604000 0.992919
0.608000 0.992919
0.612000 0.992919
0.616000 0.992919
0.620000 0.992919
0.624000 0.992919
0.628000 0.992919
0.632000 0.992919
0.636000 0.992919
0.640000 0.992919
0.644000 0.992919
0.648000 0.992919
0.652000 0.992919
0.656000 0.992919
0.660000 0.992919
0.664000 0.992919
0.668000 0.992919
0.672000 0.992919
0.676000 0.992919
0.680000 0.992919
0.684000 0.992919
0.688000 0.992919
0.692000 0.992919
0.696000 0.992919
0.700000 0.992919
0.704000 0.992919
0.708000 0.992919
0.712000 0.992919
0.716000 0.992919
0.720000 0.992919
0.724000 0.992919
0.728000 0.992919
0.732000 0.992919
0.736000 0.992919
0.740000 0.992919
0.744000 0.992919
0.748000 0.992919
0.752000 0.992919
0.756000 0.992919
0.760000 0.992919
0.764000 0.992919
0.768000 0.992919
0.772000 0.992919
0.776000 0.992919
0.780000 0.992919
0.784000 0.992919
0.788000 0.992919
0.792000 0.992919
0.796000 0.992919
0.800000 0.992919
0.804000 0.992919
0.808000 0.992919
0.812000 0.992919
0.816000 0.992919
0.820000 0.992919
0.824000 0.992919
0.828000 0.992919
0.832000 0.992919
0.836000 0.992919
0.840000 0.992919
0.844000 0.992919
0.848000 0.992919
0.852000 0.992919
0.856000 0.992919
0.860000 0.992919
0.864000 0.992919
0.868000 0.992919
0.872000 0.992919
0.876000 0.992919
0.880000 0.992919
0.884000 0.992919
0.888000 0.992919
0.892000 0.992919
0.896000 0.992919
0.900000 0.992919
0.904000 0.992919
0.908000 0.992919
0.912000 0.992919
0.916000 0.992919
0.920000 0.992919
0.924000 0.992919
0.928000 0.992919
0.932000 0.992919
0.936000 0.992919
0.940000 0.992919
0.944000 0.992919
0.948000 0.992919
0.952000 0.992919
0.956000 0.992919
0.960000 0.992919
0.964000 0.992919
0.968000 0.992919
0.972000 0.992919
0.976000 0.992919
0.980000 0.992919
0.984000 0.992919
0.988000 0.992919
0.992000 0.992919
0.996000 0.992919
1.000000 0.992919
