-1.000000 0.994892
-0.996000 0.994892
-0.992000 0.994892
-0.988000 0.994892
-0.984000 0.994892
-0.980000 0.994892
-0.976000 0.994892
-0.972000 0.994892
-0.968000 0.994892
-0.964000 0.994892
-0.960000 0.994892
-0.956000 0.994892
-0.952000 0.994892
-0.948000 0.994892
-0.944000 0.994892
-0.940000 0.994892
-0.936000 0.994892
-0.932000 0.994892
-0.928000 0.994892
-0.924000 0.994892
-0.920000 0.994892
-0.916000 0.994892
-0.912000 0.994892
-0.908000 0.994892
-0.904000 0.994892
-0.900000 0.994892
-0.896000 0.994892
-0.892000 0.994892
-0.888000 0.994892
-0.884000 0.994892
-0.880000 0.994892
-0.876000 0.994892
-0.872000 0.994892
-0.868000 0.994892
-0.864000 0.994892
-0.860000 0.994892
-0.856000 0.994892
-0.852000 0.994892
-0.848000 0.994892
-0.844000 0.994892
-0.840000 0.994892
-0.836000 0.994892
-0.832000 0.994892
-0.828000 0.994892
-0.824000 0.994892
-0.820000 0.994892
-0.816000 0.994892
-0.812000 0.994892
-0.808000 0.994892
-0.804000 0.994892
-0.800000 0.994892
-0.796000 0.994892
-0.792000 0.994891
-0.788000 0.994891
-0.784000 0.994891
-0.780000 0.994891
-0.776000 0.994891
-0.772000 0.994891
-0.768000 0.994891
-0.764000 0.994891
-0.760000 0.994891
-0.756000 0.994890
-0.752000 0.994890
-0.748000 0.994890
-0.744000 0.994890
-0.740000 0.994889
-0.736000 0.994889
-0.732000 0.994889
-0.728000 0.994888
-0.724000 0.994888
-0.720000 0.994888
-0.716000 0.994887
-0.712000 0.994887
-0.708000 0.994886
-0.704000 0.994886
-0.700000 0.994885
-0.696000 0.994884
-0.692000 0.994883
-0.688000 0.994882
-0.684000 0.994882
-0.680000 0.994881
-0.676000 0.994879
-0.672000 0.994878
-0.668000 0.994877
-0.664000 0.994876
-0.660000 0.994874
-0.656000 0.994873
-0.652000 0.994871
-0.648000 0.994869
-0.644000 0.994867
-0.640000 0.994865
-0.636000 0.994863
-0.632000 0.994861
-0.628000 0.994858
-0.624000 0.994855
-0.620000 0.994852
-0.616000 0.994849
-0.612000 0.994846
-0.608000 0.994843
-0.604000 0.994839
-0.600000 0.994835
-0.596000 0.994831
-0.592000 0.994827
-0.588000 0.994822
-0.584000 0.994817
-0.580000 0.994812
-0.576000 0.994807
-0.572000 0.994801
-0.568000 0.994795
-0.564000 0.994789
-0.560000 0.994783
-0.556000 0.994776
-0.552000 0.994769
-0.548000 0.994761
-0.544000 0.994754
-0.540000 0.994746
-0.536000 0.994737
-0.532000 0.994728
-0.528000 0.994719
-0.524000 0.994710
-0.520000 0.994700
-0.516000 0.994690
-0.512000 0.994679
-0.508000 0.994668
-0.504000 0.994657
-0.500000 0.994645
-0.496000 0.994633
-0.492000 0.994621
-0.488000 0.994608
-0.484000 0.994595
-0.480000 0.994581
-0.476000 0.994567
-0.472000 0.994553
-0.468000 0.994538
-0.464000 0.994523
-0.460000 0.994507
-0.456000 0.994492
-0.452000 0.994475
-0.448000 0.994459
-0.444000 0.994442
-0.440000 0.994425
-0.436000 0.994408
-0.432000 0.994390
-0.428000 0.994372
-0.424000 0.994353
-0.420000 0.994335
-0.416000 0.994316
-0.412000 0.994296
-0.408000 0.994277
-0.404000 0.994257
-0.400000 0.994237
-0.396000 0.994217
-0.392000 0.994197
-0.388000 0.994177
-0.384000 0.994156
-0.380000 0.994135
-0.376000 0.994114
-0.372000 0.994093
-0.368000 0.994072
-0.364000 0.994051
-0.360000 0.994029
-0.356000 0.994008
-0.352000 0.993987
-0.348000 0.993965
-0.344000 0.993944
-0.340000 0.993922
-0.336000 0.993901
-0.332000 0.993880
-0.328000 0.993858
-0.324000 0.993837
-0.320000 0.993816
-0.316000 0.993795
-0.312000 0.993774
-0.308000 0.993753
-0.304000 0.993733
-0.300000 0.993712
-0.296000 0.993692
-0.292000 0.993672
-0.288000 0.993652
-0.284000 0.993632
-0.280000 0.993613
-0.276000 0.993593
-0.272000 0.993574
-0.268000 0.993556
-0.264000 0.993537
-0.260000 0.993519
-0.256000 0.993501
-0.252000 0.993483
-0.248000 0.993466
-0.244000 0.993449
-0.240000 0.993432
-0.236000 0.993415
-0.232000 0.993399
-0.228000 0.993383
-0.224000 0.993368
-0.220000 0.993352
-0.216000 0.993337
-0.212000 0.993323
-0.208000 0.993309
-0.204000 0.993295
-0.200000 0.993281
-0.196000 0.993268
-0.192000 0.993255
-0.188000 0.993242
-0.184000 0.993230
-0.180000 0.993218
-0.176000 0.993207
-0.172000 0.993195
-0.168000 0.993184
-0.164000 0.993174
-0.160000 0.993163
-0.156000 0.993153
-0.152000 0.993144
-0.148000 0.993134
-0.144000 0.993125
-0.140000 0.993116
-0.136000 0.993108
-0.132000 0.993100
-0.128000 0.993092
-0.124000 0.993084
-0.120000 0.993077
-0.116000 0.993070
-0.112000 0.993063
-0.108000 0.993056
-0.104000 0.993050
-0.100000 0.993044
-0.096000 0.993038
-0.092000 0.993032
-0.088000 0.993027
-0.084000 0.993021
-0.080000 0.993016
-0.076000 0.993012
-0.072000 0.993007
-0.068000 0.993003
-0.064000 0.992998
-0.060000 0.992994
-0.056000 0.992990
-0.052000 0.992987
-0.048000 0.992983
-0.044000 0.992980
-0.040000 0.992977
-0.036000 0.992974
-0.032000 0.992971
-0.028000 0.992968
-0.024000 0.992965
-0.020000 0.992963
-0.016000 0.992960
-0.012000 0.992958
-0.008000 0.992956
-0.004000 0.992954
0.000000 0.992952
0.004000 0.992950
0.008000 0.992948
0.012000 0.992946
0.016000 0.992945
0.020000 0.992943
0.024000 0.992942
0.028000 0.992940
0.032000 0.992939
0.036000 0.992938
0.040000 0.992937
0.044000 0.992936
0.048000 0.992935
0.052000 0.992934
0.056000 0.992933
0.060000 0.992932
0.064000 0.992931
0.068000 0.992930
0.072000 0.992930
0.076000 0.992929
0.080000 0.992928
0.084000 0.992928
0.088000 0.992927
0.092000 0.992927
0.096000 0.992926
0.100000 0.992926
0.104000 0.992925
0.108000 0.992925
0.112000 0.992924
0.116000 0.992924
0.120000 0.992924
0.124000 0.992923
0.128000 0.992923
0.132000 0.992923
0.136000 0.992923
0.140000 0.992922
0.144000 0.992922
0.148000 0.992922
0.152000 0.992922
0.156000 0.992921
0.160000 0.992921
0.164000 0.992921
0.168000 0.992921
0.172000 0.992921
0.176000 0.992921
0.180000 0.992921
0.184000 0.992920
0.188000 0.992920
0.192000 0.992920
0.196000 0.992920
0.200000 0.992920
0.204000 0.992920
0.208000 0.992920
0.212000 0.992920
0.216000 0.992920
0.220000 0.992920
0.224000 0.992920
0.228000 0.992920
0.232000 0.992920
0.236000 0.992920
0.240000 0.992919
0.244000 0.992919
0.248000 0.992919
0.252000 0.992919
0.256000 0.992919
0.260000 0.992919
0.264000 0.992919
0.268000 0.992919
0.272000 0.992919
0.276000 0.992919
0.280000 0.992919
0.284000 0.992919
0.288000 0.992919
0.292000 0.992919
0.296000 0.992919
0.300000 0.992919
0.304000 0.992919
0.308000 0.992919
0.312000 0.992919
0.316000 0.992919
0.320000 0.992919
0.324000 0.992919
0.328000 0.992919
0.332000 0.992919
0.336000 0.992919
0.340000 0.992919
0.344000 0.992919
0.348000 0.992919
0.352000 0.992919
0.356000 0.992919
0.360000 0.992919
0.364000 0.992919
0.368000 0.992919
0.372000 0.992919
0.376000 0.992919
0.380000 0.992919
0.384000 0.992919
0.388000 0.992919
0.392000 0.992919
0.396000 0.992919
0.400000 0.992919
0.404000 0.992919
0.408000 0.992919
0.412000 0.992919
0.416000 0.992919
0.420000 0.992919
0.424000 0.992919
0.428000 0.992919
0.432000 0.992919
0.436000 0.992919
0.440000 0.992919
0.444000 0.992919
0.448000 0.992919
0.452000 0.992919
0.456000 0.992919
0.460000 0.992919
0.464000 0.992919
0.468000 0.992919
0.472000 0.992919
0.476000 0.992919
0.480000 0.992919
0.484000 0.992919
0.488000 0.992919
0.492000 0.992919
0.496000 0.992919
0.500000 0.992919
0.504000 0.992919
0.508000 0.992919
0.512000 0.992919
0.516000 0.992919
0.520000 0.992919
0.524000 0.992919
0.528000 0.992919
0.532000 0.992919
0.536000 0.992919
0.540000 0.992919
0.544000 0.992919
0.548000 0.992919
0.552000 0.992919
0.556000 0.992919
0.560000 0.992919
0.564000 0.992919
0.568000 0.992919
0.572000 0.992919
0.576000 0.992919
0.580000 0.992919
0.584000 0.992919
0.588000 0.992919
0.592000 0.992919
0.596000 0.992919
0.600000 0.992919
0.604000 0.992919
0.608000 0.992919
0.612000 0.992919
0.616000 0.992919
0.620000 0.992919
0.624000 0.992919
0.628000 0.992919
0.632000 0.992919
0.636000 0.992919
0.640000 0.992919
0.644000 0.992919
0.648000 0.992919
0.652000 0.992919
0.656000 0.992919
0.660000 0.992919
0.664000 0.992919
0.668000 0.992919
0.672000 0.992919
0.676000 0.992919
0.680000 0.992919
0.684000 0.992919
0.688000 0.992919
0.692000 0.992919
0.696000 0.992919
0.700000 0.992919
0.704000 0.992919
0.708000 0.992919
0.712000 0.992919
0.716000 0.992919
0.720000 0.992919
0.724000 0.992919
0.728000 0.992919
0.732000 0.992919
0.736000 0.992919
0.740000 0.992919
0.744000 0.992919
0.748000 0.992919
0.752000 0.992919
0.756000 0.992919
0.760000 0.992919
0.764000 0.992919
0.768000 0.992919
0.772000 0.992919
0.776000 0.992919
0.780000 0.992919
0.784000 0.992919
0.788000 0.992919
0.792000 0.992919
0.796000 0.992919
0.800000 0.992919
0.804000 0.992919
0.808000 0.992919
0.812000 0.992919
0.816000 0.992919
0.820000 0.992919
0.824000 0.992919
0.828000 0.992919
0.832000 0.992919
0.836000 0.992919
0.840000 0.992919
0.844000 0.992919
0.848000 0.992919
0.852000 0.992919
0.856000 0.992919
0.860000 0.992919
0.864000 0.992919
0.868000 0.992919
0.872000 0.992919
0.876000 0.992919
0.880000 0.992919
0.884000 0.992919
0.888000 0.992919
0.892000 0.992919
0.896000 0.992919
0.900000 0.992919
0.904000 0.992919
0.908000 0.992919
0.912000 0.992919
0.916000 0.992919
0.920000 0.992919
0.924000 0.992919
0.928000 0.992919
0.932000 0.992919
0.936000 0.992919
0.940000 0.992919
0.944000 0.992919
0.948000 0.992919
0.952000 0.992919
0.956000 0.992919
0.960000 0.992919
0.964000 0.992919
0.968000 0.992919
0.972000 0.992919
0.976000 0.992919
0.980000 0.992919
0.984000 0.992919
0.988000 0.992919
0.992000 0.992919
0.996000 0.992919
1.000000 0.992919
