-1.000000 0.994892
-0.996000 0.994892
-0.992000 0.994892
-0.988000 0.994892
-0.984000 0.994892
-0.980000 0.994892
-0.976000 0.994892
-0.972000 0.994892
-0.968000 0.994892
-0.964000 0.994892
-0.960000 0.994892
-0.956000 0.994892
-0.952000 0.994892
-0.948000 0.994892
-0.944000 0.994892
-0.940000 0.994892
-0.936000 0.994892
-0.932000 0.994892
-0.928000 0.994892
-0.924000 0.994892
-0.920000 0.994892
-0.916000 0.994892
-0.912000 0.994892
-0.908000 0.994892
-0.904000 0.994892
-0.900000 0.994892
-0.896000 0.994892
-0.892000 0.994892
-0.888000 0.994892
-0.884000 0.994892
-0.880000 0.994892
-0.876000 0.994892
-0.872000 0.994892
-0.868000 0.994892
-0.864000 0.994892
-0.860000 0.994892
-0.856000 0.994892
-0.852000 0.994892
-0.848000 0.994892
-0.844000 0.994892
-0.840000 0.994892
-0.836000 0.994892
-0.832000 0.994892
-0.828000 0.994892
-0.824000 0.994892
-0.820000 0.994892
-0.816000 0.994892
-0.812000 0.994892
-0.808000 0.994892
-0.804000 0.994892
-0.800000 0.994892
-0.796000 0.994892
-0.792000 0.994892
-0.788000 0.994892
-0.784000 0.994892
-0.780000 0.994892
-0.776000 0.994892
-0.772000 0.994892
-0.768000 0.994892
-0.764000 0.994892
-0.760000 0.994892
-0.756000 0.994892
-0.752000 0.994892
-0.748000 0.994892
-0.744000 0.994892
-0.740000 0.994892
-0.736000 0.994892
-0.732000 0.994892
-0.728000 0.994892
-0.724000 0.994892
-0.720000 0.994892
-0.716000 0.994892
-0.712000 0.994892
-0.708000 0.994892
-0.704000 0.994892
-0.700000 0.994892
-0.696000 0.994892
-0.692000 0.994892
-0.688000 0.994892
-0.684000 0.994892
-0.680000 0.994892
-0.676000 0.994892
-0.672000 0.994892
-0.668000 0.994892
-0.664000 0.994892
-0.660000 0.994892
-0.656000 0.994891
-0.652000 0.994891
-0.648000 0.994891
-0.644000 0.994891
-0.640000 0.994891
-0.636000 0.994891
-0.632000 0.994891
-0.628000 0.994891
-0.624000 0.994891
-0.620000 0.994891
-0.616000 0.994891
-0.612000 0.994890
-0.608000 0.994890
-0.604000 0.994890
-0.600000 0.994890
-0.596000 0.994890
-0.592000 0.994889
-0.588000 0.994889
-0.584000 0.994889
-0.580000 0.994889
-0.576000 0.994888
-0.572000 0.994888
-0.568000 0.994888
-0.564000 0.994887
-0.560000 0.994887
-0.556000 0.994886
-0.552000 0.994886
-0.548000 0.994885
-0.544000 0.994885
-0.540000 0.994884
-0.536000 0.994884
-0.532000 0.994883
-0.528000 0.994882
-0.524000 0.994881
-0.520000 0.994880
-0.516000 0.994880
-0.512000 0.994879
-0.508000 0.994878
-0.504000 0.994876
-0.500000 0.994875
-0.496000 0.994874
-0.492000 0.994873
-0.488000 0.994871
-0.484000 0.994870
-0.480000 0.994868
-0.476000 0.994866
-0.472000 0.994865
-0.468000 0.994863
-0.464000 0.994861
-0.460000 0.994859
-0.456000 0.994856
-0.452000 0.994854
-0.448000 0.994852
-0.444000 0.994849
-0.440000 0.994846
-0.436000 0.994843
-0.432000 0.994840
-0.428000 0.994837
-0.424000 0.994834
-0.420000 0.994830
-0.416000 0.994827
-0.412000 0.994823
-0.408000 0.994819
-0.404000 0.994814
-0.400000 0.994810
-0.396000 0.994805
-0.392000 0.994800
-0.388000 0.994795
-0.384000 0.994790
-0.380000 0.994785
-0.376000 0.994779
-0.372000 0.994773
-0.368000 0.994767
-0.364000 0.994761
-0.360000 0.994754
-0.356000 0.994747
-0.352000 0.994740
-0.348000 0.994733
-0.344000 0.994725
-0.340000 0.994717
-0.336000 0.994709
-0.332000 0.994701
-0.328000 0.994692
-0.324000 0.994683
-0.320000 0.994674
-0.316000 0.994665
-0.312000 0.994655
-0.308000 0.994645
-0.304000 0.994635
-0.300000 0.994624
-0.296000 0.994613
-0.292000 0.994602
-0.288000 0.994591
-0.284000 0.994579
-0.280000 0.994567
-0.276000 0.994555
-0.272000 0.994542
-0.268000 0.994529
-0.264000 0.994516
-0.260000 0.994503
-0.256000 0.994489
-0.252000 0.994476
-0.248000 0.994461
-0.244000 0.994447
-0.240000 0.994432
-0.236000 0.994418
-0.232000 0.994402
-0.228000 0.994387
-0.224000 0.994372
-0.220000 0.994356
-0.216000 0.994340
-0.212000 0.994324
-0.208000 0.994307
-0.204000 0.994291
-0.200000 0.994274
-0.196000 0.994257
-0.192000 0.994240
-0.188000 0.994223
-0.184000 0.994205
-0.180000 0.994188
-0.176000 0.994170
-0.172000 0.994152
-0.168000 0.994134
-0.164000 0.994116
-0.160000 0.994098
-0.156000 0.994080
-0.152000 0.994062
-0.148000 0.994043
-0.144000 0.994025
-0.140000 0.994007
-0.136000 0.993988
-0.132000 0.993970
-0.128000 0.993951
-0.124000 0.993933
-0.120000 0.993914
-0.116000 0.993896
-0.112000 0.993877
-0.108000 0.993859
-0.104000 0.993841
-0.100000 0.993822
-0.096000 0.993804
-0.092000 0.993786
-0.088000 0.993768
-0.084000 0.993750
-0.080000 0.993732
-0.076000 0.993714
-0.072000 0.993697
-0.068000 0.993679
-0.064000 0.993662
-0.060000 0.993645
-0.056000 0.993628
-0.052000 0.993611
-0.048000 0.993594
-0.044000 0.993578
-0.040000 0.993561
-0.036000 0.993545
-0.032000 0.993529
-0.028000 0.993513
-0.024000 0.993498
-0.020000 0.993482
-0.016000 0.993467
-0.012000 0.993452
-0.008000 0.993438
-0.004000 0.993423
0.000000 0.993409
0.004000 0.993395
0.008000 0.993381
0.012000 0.993368
0.016000 0.993355
0.020000 0.993342
0.024000 0.993329
0.028000 0.993316
0.032000 0.993304
0.036000 0.993292
0.040000 0.993280
0.044000 0.993269
0.048000 0.993257
0.052000 0.993246
0.056000 0.993235
0.060000 0.993225
0.064000 0.993215
0.068000 0.993205
0.072000 0.993195
0.076000 0.993185
0.080000 0.993176
0.084000 0.993167
0.088000 0.993158
0.092000 0.993149
0.096000 0.993141
0.100000 0.993133
0.104000 0.993125
0.108000 0.993117
0.112000 0.993110
0.116000 0.993102
0.120000 0.993095
0.124000 0.993089
0.128000 0.993082
0.132000 0.993076
0.136000 0.993069
0.140000 0.993063
0.144000 0.993058
0.148000 0.993052
0.152000 0.993046
0.156000 0.993041
0.160000 0.993036
0.164000 0.993031
0.168000 0.993026
0.172000 0.993022
0.176000 0.993017
0.180000 0.993013
0.184000 0.993009
0.188000 0.993005
0.192000 0.993001
0.196000 0.992998
0.200000 0.992994
0.204000 0.992991
0.208000 0.992987
0.212000 0.992984
0.216000 0.992981
0.220000 0.992978
0.224000 0.992976
0.228000 0.992973
0.232000 0.992970
0.236000 0.992968
0.240000 0.992966
0.244000 0.992963
0.248000 0.992961
0.252000 0.992959
0.256000 0.992957
0.260000 0.992955
0.264000 0.992953
0.268000 0.992952
0.272000 0.992950
0.276000 0.992948
0.280000 0.992947
0.284000 0.992945
0.288000 0.992944
0.292000 0.992943
0.296000 0.992942
0.300000 0.992940
0.304000 0.992939
0.308000 0.992938
0.312000 0.992937
0.316000 0.992936
0.320000 0.992935
0.324000 0.992934
0.328000 0.992933
0.332000 0.992933
0.336000 0.992932
0.340000 0.992931
0.344000 0.992931
0.348000 0.992930
0.352000 0.992929
0.356000 0.992929
0.360000 0.992928
0.364000 0.992928
0.368000 0.992927
0.372000 0.992927
0.376000 0.992926
0.380000 0.992926
0.384000 0.992925
0.388000 0.992925
0.392000 0.992925
0.396000 0.992924
0.400000 0.992924
0.404000 0.992924
0.408000 0.992923
0.412000 0.992923
0.416000 0.992923
0.420000 0.992923
0.424000 0.992922
0.428000 0.992922
0.432000 0.992922
0.436000 0.992922
0.440000 0.992922
0.444000 0.992921
0.448000 0.992921
0.452000 0.992921
0.456000 0.992921
0.460000 0.992921
0.464000 0.992921
0.468000 0.992921
0.472000 0.992921
0.476000 0.992920
0.480000 0.992920
0.484000 0.992920
0.488000 0.992920
0.492000 0.992920
0.496000 0.992920
0.500000 0.992920
0.504000 0.992920
0.508000 0.992920
0.512000 0.992920
0.516000 0.992920
0.520000 0.992920
0.524000 0.992920
0.528000 0.992920
0.532000 0.992920
0.536000 0.992920
0.540000 0.992919
0.544000 0.992919
0.548000 0.992919
0.552000 0.992919
0.556000 0.992919
0.560000 0.992919
0.564000 0.992919
0.568000 0.992919
0.572000 0.992919
0.576000 0.992919
0.580000 0.992919
0.584000 0.992919
0.588000 0.992919
0.592000 0.992919
0.596000 0.992919
0.600000 0.992919
0.604000 0.992919
0.608000 0.992919
0.612000 0.992919
0.616000 0.992919
0.620000 0.992919
0.624000 0.992919
0.628000 0.992919
0.632000 0.992919
0.636000 0.992919
0.640000 0.992919
0.644000 0.992919
0.648000 0.992919
0.652000 0.992919
0.656000 0.992919
0.660000 0.992919
0.664000 0.992919
0.668000 0.992919
0.672000 0.992919
0.676000 0.992919
0.680000 0.992919
0.684000 0.992919
0.688000 0.992919
0.692000 0.992919
0.696000 0.992919
0.700000 0.992919
0.704000 0.992919
0.708000 0.992919
0.712000 0.992919
0.716000 0.992919
0.720000 0.992919
0.724000 0.992919
0.728000 0.992919
0.732000 0.992919
0.736000 0.992919
0.740000 0.992919
0.744000 0.992919
0.748000 0.992919
0.752000 0.992919
0.756000 0.992919
0.760000 0.992919
0.764000 0.992919
0.768000 0.992919
0.772000 0.992919
0.776000 0.992919
0.780000 0.992919
0.784000 0.992919
0.788000 0.992919
0.792000 0.992919
0.796000 0.992919
0.800000 0.992919
0.804000 0.992919
0.808000 0.992919
0.812000 0.992919
0.816000 0.992919
0.820000 0.992919
0.824000 0.992919
0.828000 0.992919
0.832000 0.992919
0.836000 0.992919
0.840000 0.992919
0.844000 0.992919
0.848000 0.992919
0.852000 0.992919
0.856000 0.992919
0.860000 0.992919
0.864000 0.992919
0.868000 0.992919
0.872000 0.992919
0.876000 0.992919
0.880000 0.992919
0.884000 0.992919
0.888000 0.992919
0.892000 0.992919
0.896000 0.992919
0.900000 0.992919
0.904000 0.992919
0.908000 0.992919
0.912000 0.992919
0.916000 0.992919
0.920000 0.992919
0.924000 0.992919
0.928000 0.992919
0.932000 0.992919
0.936000 0.992919
0.940000 0.992919
0.944000 0.992919
0.948000 0.992919
0.952000 0.992919
0.956000 0.992919
0.960000 0.992919
0.964000 0.992919
0.968000 0.992919
0.972000 0.992919
0.976000 0.992919
0.980000 0.992919
0.984000 0.992919
0.988000 0.992919
0.992000 0.992919
0.996000 0.992919
1.000000 0.992919
