-1.000000 0.994892
-0.996000 0.994892
-0.992000 0.994892
-0.988000 0.994892
-0.984000 0.994891
-0.980000 0.994891
-0.976000 0.994891
-0.972000 0.994890
-0.968000 0.994890
-0.964000 0.994889
-0.960000 0.994889
-0.956000 0.994888
-0.952000 0.994887
-0.948000 0.994885
-0.944000 0.994884
-0.940000 0.994882
-0.936000 0.994880
-0.932000 0.994878
-0.928000 0.994875
-0.924000 0.994872
-0.920000 0.994868
-0.916000 0.994864
-0.912000 0.994860
-0.908000 0.994855
-0.904000 0.994849
-0.900000 0.994843
-0.896000 0.994836
-0.892000 0.994828
-0.888000 0.994819
-0.884000 0.994810
-0.880000 0.994800
-0.876000 0.994789
-0.872000 0.994777
-0.868000 0.994764
-0.864000 0.994750
-0.860000 0.994734
-0.856000 0.994718
-0.852000 0.994701
-0.848000 0.994683
-0.844000 0.994663
-0.840000 0.994643
-0.836000 0.994621
-0.832000 0.994599
-0.828000 0.994575
-0.824000 0.994550
-0.820000 0.994524
-0.816000 0.994497
-0.812000 0.994469
-0.808000 0.994440
-0.804000 0.994411
-0.800000 0.994380
-0.796000 0.994349
-0.792000 0.994317
-0.788000 0.994284
-0.784000 0.994251
-0.780000 0.994217
-0.776000 0.994182
-0.772000 0.994148
-0.768000 0.994112
-0.764000 0.994077
-0.760000 0.994042
-0.756000 0.994006
-0.752000 0.993970
-0.748000 0.993935
-0.744000 0.993899
-0.740000 0.993864
-0.736000 0.993829
-0.732000 0.993795
-0.728000 0.993760
-0.724000 0.993727
-0.720000 0.993693
-0.716000 0.993661
-0.712000 0.993628
-0.708000 0.993597
-0.704000 0.993566
-0.700000 0.993536
-0.696000 0.993507
-0.692000 0.993478
-0.688000 0.993450
-0.684000 0.993424
-0.680000 0.993398
-0.676000 0.993372
-0.672000 0.993348
-0.668000 0.993325
-0.664000 0.993302
-0.660000 0.993280
-0.656000 0.993260
-0.652000 0.993240
-0.648000 0.993221
-0.644000 0.993202
-0.640000 0.993185
-0.636000 0.993168
-0.632000 0.993153
-0.628000 0.993138
-0.624000 0.993123
-0.620000 0.993110
-0.616000 0.993097
-0.612000 0.993085
-0.608000 0.993074
-0.604000 0.993063
-0.600000 0.993053
-0.596000 0.993043
-0.592000 0.993034
-0.588000 0.993026
-0.584000 0.993018
-0.580000 0.993011
-0.576000 0.993004
-0.572000 0.992997
-0.568000 0.992991
-0.564000 0.992986
-0.560000 0.992980
-0.556000 0.992975
-0.552000 0.992971
-0.548000 0.992967
-0.544000 0.992963
-0.540000 0.992959
-0.536000 0.992956
-0.532000 0.992953
-0.528000 0.992950
-0.524000 0.992947
-0.520000 0.992945
-0.516000 0.992943
-0.512000 0.992941
-0.508000 0.992939
-0.504000 0.992937
-0.500000 0.992935
-0.496000 0.992934
-0.492000 0.992932
-0.488000 0.992931
-0.484000 0.992930
-0.480000 0.992929
-0.476000 0.992928
-0.472000 0.992927
-0.468000 0.992926
-0.464000 0.992926
-0.460000 0.992925
-0.456000 0.992925
-0.452000 0.992924
-0.448000 0.992923
-0.444000 0.992923
-0.440000 0.992923
-0.436000 0.992922
-0.432000 0.992922
-0.428000 0.992922
-0.424000 0.992921
-0.420000 0.992921
-0.416000 0.992921
-0.412000 0.992921
-0.408000 0.992921
-0.404000 0.992920
-0.400000 0.992920
-0.396000 0.992920
-0.392000 0.992920
-0.388000 0.992920
-0.384000 0.992920
-0.380000 0.992920
-0.376000 0.992920
-0.372000 0.992920
-0.368000 0.992920
-0.364000 0.992919
-0.360000 0.992919
-0.356000 0.992919
-0.352000 0.992919
-0.348000 0.992919
-0.344000 0.992919
-0.340000 0.992919
-0.336000 0.992919
-0.332000 0.992919
-0.328000 0.992919
-0.324000 0.992919
-0.320000 0.992919
-0.316000 0.992919
-0.312000 0.992919
-0.308000 0.992919
-0.304000 0.992919
-0.300000 0.992919
-0.296000 0.992919
-0.292000 0.992919
-0.288000 0.992919
-0.284000 0.992919
-0.280000 0.992919
-0.276000 0.992919
-0.272000 0.992919
-0.268000 0.992919
-0.264000 0.992919
-0.260000 0.992919
-0.256000 0.992919
-0.252000 0.992919
-0.248000 0.992919
-0.244000 0.992919
-0.240000 0.992919
-0.236000 0.992919
-0.232000 0.992919
-0.228000 0.992919
-0.224000 0.992919
-0.220000 0.992919
-0.216000 0.992919
-0.212000 0.992919
-0.208000 0.992919
-0.204000 0.992919
-0.200000 0.992919
-0.196000 0.992919
-0.192000 0.992919
-0.188000 0.992919
-0.184000 0.992919
-0.180000 0.992919
-0.176000 0.992919
-0.172000 0.992919
-0.168000 0.992919
-0.164000 0.992919
-0.160000 0.992919
-0.156000 0.992919
-0.152000 0.992919
-0.148000 0.992919
-0.144000 0.992919
-0.140000 0.992919
-0.136000 0.992919
-0.132000 0.992919
-0.128000 0.992919
-0.124000 0.992919
-0.120000 0.992919
-0.116000 0.992919
-0.112000 0.992919
-0.108000 0.992919
-0.104000 0.992919
-0.100000 0.992919
-0.096000 0.992919
-0.092000 0.992919
-0.088000 0.992919
-0.084000 0.992919
-0.080000 0.992919
-0.076000 0.992919
-0.072000 0.992919
-0.068000 0.992919
-0.064000 0.992919
-0.060000 0.992919
-0.056000 0.992919
-0.052000 0.992919
-0.048000 0.992919
-0.044000 0.992919
-0.040000 0.992919
-0.036000 0.992919
-0.032000 0.992919
-0.028000 0.992919
-0.024000 0.992919
-0.020000 0.992919
-0.016000 0.992919
-0.012000 0.992919
-0.008000 0.992919
-0.004000 0.992919
0.000000 0.992919
0.004000 0.992919
0.008000 0.992919
0.012000 0.992919
0.016000 0.992919
0.020000 0.992919
0.024000 0.992919
0.028000 0.992919
0.032000 0.992919
0.036000 0.992919
0.040000 0.992919
0.044000 0.992919
0.048000 0.992919
0.052000 0.992919
0.056000 0.992919
0.060000 0.992919
0.064000 0.992919
0.068000 0.992919
0.072000 0.992919
0.076000 0.992919
0.080000 0.992919
0.084000 0.992919
0.088000 0.992919
0.092000 0.992919
0.096000 0.992919
0.100000 0.992919
0.104000 0.992919
0.108000 0.992919
0.112000 0.992919
0.116000 0.992919
0.120000 0.992919
0.124000 0.992919
0.128000 0.992919
0.132000 0.992919
0.136000 0.992919
0.140000 0.992919
0.144000 0.992919
0.148000 0.992919
0.152000 0.992919
0.156000 0.992919
0.160000 0.992919
0.164000 0.992919
0.168000 0.992919
0.172000 0.992919
0.176000 0.992919
0.180000 0.992919
0.184000 0.992919
0.188000 0.992919
0.192000 0.992919
0.196000 0.992919
0.200000 0.992919
0.204000 0.992919
0.208000 0.992919
0.212000 0.992919
0.216000 0.992919
0.220000 0.992919
0.224000 0.992919
0.228000 0.992919
0.232000 0.992919
0.236000 0.992919
0.240000 0.992919
0.244000 0.992919
0.248000 0.992919
0.252000 0.992919
0.256000 0.992919
0.260000 0.992919
0.264000 0.992919
0.268000 0.992919
0.272000 0.992919
0.276000 0.992919
0.280000 0.992919
0.284000 0.992919
0.288000 0.992919
0.292000 0.992919
0.296000 0.992919
0.300000 0.992919
0.304000 0.992919
0.308000 0.992919
0.312000 0.992919
0.316000 0.992919
0.320000 0.992919
0.324000 0.992919
0.328000 0.992919
0.332000 0.992919
0.336000 0.992919
0.340000 0.992919
0.344000 0.992919
0.348000 0.992919
0.352000 0.992919
0.356000 0.992919
0.360000 0.992919
0.364000 0.992919
0.368000 0.992919
0.372000 0.992919
0.376000 0.992919
0.380000 0.992919
0.384000 0.992919
0.388000 0.992919
0.392000 0.992919
0.396000 0.992919
0.400000 0.992919
0.404000 0.992919
0.408000 0.992919
0.412000 0.992919
0.416000 0.992919
0.420000 0.992919
0.424000 0.992919
0.428000 0.992919
0.432000 0.992919
0.436000 0.992919
0.440000 0.992919
0.444000 0.992919
0.448000 0.992919
0.452000 0.992919
0.456000 0.992919
0.460000 0.992919
0.464000 0.992919
0.468000 0.992919
0.472000 0.992919
0.476000 0.992919
0.480000 0.992919
0.484000 0.992919
0.488000 0.992919
0.492000 0.992919
0.496000 0.992919
0.500000 0.992919
0.504000 0.992919
0.508000 0.992919
0.512000 0.992919
0.516000 0.992919
0.520000 0.992919
0.524000 0.992919
0.528000 0.992919
0.532000 0.992919
0.536000 0.992919
0.540000 0.992919
0.544000 0.992919
0.548000 0.992919
0.552000 0.992919
0.556000 0.992919
0.560000 0.992919
0.564000 0.992919
0.568000 0.992919
0.572000 0.992919
0.576000 0.992919
0.580000 0.992919
0.584000 0.992919
0.588000 0.992919
0.592000 0.992919
0.596000 0.992919
0.600000 0.992919
0.604000 0.992919
0.608000 0.992919
0.612000 0.992919
0.616000 0.992919
0.620000 0.992919
0.624000 0.992919
0.628000 0.992919
0.632000 0.992919
0.636000 0.992919
0.640000 0.992919
0.644000 0.992919
0.648000 0.992919
0.652000 0.992919
0.656000 0.992919
0.660000 0.992919
0.664000 0.992919
0.668000 0.992919
0.672000 0.992919
0.676000 0.992919
0.680000 0.992919
0.684000 0.992919
0.688000 0.992919
0.692000 0.992919
0.696000 0.992919
0.700000 0.992919
0.704000 0.992919
0.708000 0.992919
0.712000 0.992919
0.716000 0.992919
0.720000 0.992919
0.724000 0.992919
0.728000 0.992919
0.732000 0.992919
0.736000 0.992919
0.740000 0.992919
0.744000 0.992919
0.748000 0.992919
0.752000 0.992919
0.756000 0.992919
0.760000 0.992919
0.764000 0.992919
0.768000 0.992919
0.772000 0.992919
0.776000 0.992919
0.780000 0.992919
0.784000 0.992919
0.788000 0.992919
0.792000 0.992919
0.796000 0.992919
0.800000 0.992919
0.804000 0.992919
0.808000 0.992919
0.812000 0.992919
0.816000 0.992919
0.820000 0.992919
0.824000 0.992919
0.828000 0.992919
0.832000 0.992919
0.836000 0.992919
0.840000 0.992919
0.844000 0.992919
0.848000 0.992919
0.852000 0.992919
0.856000 0.992919
0.860000 0.992919
0.864000 0.992919
0.868000 0.992919
0.872000 0.992919
0.876000 0.992919
0.880000 0.992919
0.884000 0.992919
0.888000 0.992919
0.892000 0.992919
0.896000 0.992919
0.900000 0.992919
0.904000 0.992919
0.908000 0.992919
0.912000 0.992919
0.916000 0.992919
0.920000 0.992919
0.924000 0.992919
0.928000 0.992919
0.932000 0.992919
0.936000 0.992919
0.940000 0.992919
0.944000 0.992919
0.948000 0.992919
0.952000 0.992919
0.956000 0.992919
0.960000 0.992919
0.964000 0.992919
0.968000 0.992919
0.972000 0.992919
0.976000 0.992919
0.980000 0.992919
0.984000 0.992919
0.988000 0.992919
0.992000 0.992919
0.996000 0.992919
1.000000 0.992919
