-1.000000 0.994892
-0.996000 0.994892
-0.992000 0.994892
-0.988000 0.994892
-0.984000 0.994892
-0.980000 0.994892
-0.976000 0.994892
-0.972000 0.994892
-0.968000 0.994892
-0.964000 0.994892
-0.960000 0.994892
-0.956000 0.994892
-0.952000 0.994892
-0.948000 0.994892
-0.944000 0.994892
-0.940000 0.994892
-0.936000 0.994892
-0.932000 0.994892
-0.928000 0.994892
-0.924000 0.994892
-0.920000 0.994892
-0.916000 0.994892
-0.912000 0.994892
-0.908000 0.994892
-0.904000 0.994892
-0.900000 0.994892
-0.896000 0.994892
-0.892000 0.994892
-0.888000 0.994892
-0.884000 0.994892
-0.880000 0.994892
-0.876000 0.994892
-0.872000 0.994892
-0.868000 0.994892
-0.864000 0.994892
-0.860000 0.994892
-0.856000 0.994892
-0.852000 0.994892
-0.848000 0.994892
-0.844000 0.994892
-0.840000 0.994892
-0.836000 0.994892
-0.832000 0.994892
-0.828000 0.994892
-0.824000 0.994892
-0.820000 0.994892
-0.816000 0.994892
-0.812000 0.994892
-0.808000 0.994892
-0.804000 0.994892
-0.800000 0.994892
-0.796000 0.994892
-0.792000 0.994892
-0.788000 0.994892
-0.784000 0.994892
-0.780000 0.994892
-0.776000 0.994892
-0.772000 0.994892
-0.768000 0.994892
-0.764000 0.994892
-0.760000 0.994892
-0.756000 0.994892
-0.752000 0.994892
-0.748000 0.994892
-0.744000 0.994892
-0.740000 0.994892
-0.736000 0.994892
-0.732000 0.994892
-0.728000 0.994891
-0.724000 0.994891
-0.720000 0.994891
-0.716000 0.994891
-0.712000 0.994891
-0.708000 0.994891
-0.704000 0.994891
-0.700000 0.994891
-0.696000 0.994891
-0.692000 0.994891
-0.688000 0.994890
-0.684000 0.994890
-0.680000 0.994890
-0.676000 0.994890
-0.672000 0.994890
-0.668000 0.994889
-0.664000 0.994889
-0.660000 0.994889
-0.656000 0.994889
-0.652000 0.994888
-0.648000 0.994888
-0.644000 0.994888
-0.640000 0.994887
-0.636000 0.994887
-0.632000 0.994886
-0.628000 0.994886
-0.624000 0.994885
-0.620000 0.994884
-0.616000 0.994884
-0.612000 0.994883
-0.608000 0.994882
-0.604000 0.994881
-0.600000 0.994880
-0.596000 0.994879
-0.592000 0.994878
-0.588000 0.994877
-0.584000 0.994876
-0.580000 0.994874
-0.576000 0.994873
-0.572000 0.994872
-0.568000 0.994870
-0.564000 0.994868
-0.560000 0.994866
-0.556000 0.994864
-0.552000 0.994862
-0.548000 0.994860
-0.544000 0.994858
-0.540000 0.994855
-0.536000 0.994853
-0.532000 0.994850
-0.528000 0.994847
-0.524000 0.994844
-0.520000 0.994841
-0.516000 0.994837
-0.512000 0.994834
-0.508000 0.994830
-0.504000 0.994826
-0.500000 0.994822
-0.496000 0.994817
-0.492000 0.994813
-0.488000 0.994808
-0.484000 0.994803
-0.480000 0.994797
-0.476000 0.994792
-0.472000 0.994786
-0.468000 0.994780
-0.464000 0.994773
-0.460000 0.994767
-0.456000 0.994760
-0.452000 0.994753
-0.448000 0.994745
-0.444000 0.994738
-0.440000 0.994730
-0.436000 0.994721
-0.432000 0.994713
-0.428000 0.994704
-0.424000 0.994694
-0.420000 0.994685
-0.416000 0.994675
-0.412000 0.994665
-0.408000 0.994654
-0.404000 0.994644
-0.400000 0.994632
-0.396000 0.994621
-0.392000 0.994609
-0.388000 0.994597
-0.384000 0.994585
-0.380000 0.994572
-0.376000 0.994559
-0.372000 0.994546
-0.368000 0.994532
-0.364000 0.994518
-0.360000 0.994504
-0.356000 0.994489
-0.352000 0.994474
-0.348000 0.994459
-0.344000 0.994444
-0.340000 0.994428
-0.336000 0.994412
-0.332000 0.994395
-0.328000 0.994379
-0.324000 0.994362
-0.320000 0.994345
-0.316000 0.994328
-0.312000 0.994310
-0.308000 0.994292
-0.304000 0.994274
-0.300000 0.994256
-0.296000 0.994238
-0.292000 0.994219
-0.288000 0.994201
-0.284000 0.994182
-0.280000 0.994163
-0.276000 0.994144
-0.272000 0.994124
-0.268000 0.994105
-0.264000 0.994086
-0.260000 0.994066
-0.256000 0.994046
-0.252000 0.994027
-0.248000 0.994007
-0.244000 0.993987
-0.240000 0.993968
-0.236000 0.993948
-0.232000 0.993928
-0.228000 0.993908
-0.224000 0.993888
-0.220000 0.993869
-0.216000 0.993849
-0.212000 0.993829
-0.208000 0.993810
-0.204000 0.993790
-0.200000 0.993771
-0.196000 0.993752
-0.192000 0.993733
-0.188000 0.993714
-0.184000 0.993695
-0.180000 0.993676
-0.176000 0.993658
-0.172000 0.993640
-0.168000 0.993621
-0.164000 0.993603
-0.160000 0.993586
-0.156000 0.993568
-0.152000 0.993551
-0.148000 0.993534
-0.144000 0.993517
-0.140000 0.993500
-0.136000 0.993484
-0.132000 0.993468
-0.128000 0.993452
-0.124000 0.993436
-0.120000 0.993421
-0.116000 0.993405
-0.112000 0.993391
-0.108000 0.993376
-0.104000 0.993362
-0.100000 0.993348
-0.096000 0.993334
-0.092000 0.993320
-0.088000 0.993307
-0.084000 0.993294
-0.080000 0.993282
-0.076000 0.993269
-0.072000 0.993257
-0.068000 0.993246
-0.064000 0.993234
-0.060000 0.993223
-0.056000 0.993212
-0.052000 0.993201
-0.048000 0.993191
-0.044000 0.993181
-0.040000 0.993171
-0.036000 0.993162
-0.032000 0.993152
-0.028000 0.993143
-0.024000 0.993135
-0.020000 0.993126
-0.016000 0.993118
-0.012000 0.993110
-0.008000 0.993102
-0.004000 0.993095
0.000000 0.993088
0.004000 0.993081
0.008000 0.993074
0.012000 0.993067
0.016000 0.993061
0.020000 0.993055
0.024000 0.993049
0.028000 0.993043
0.032000 0.993038
0.036000 0.993032
0.040000 0.993027
0.044000 0.993022
0.048000 0.993018
0.052000 0.993013
0.056000 0.993009
0.060000 0.993005
0.064000 0.993001
0.068000 0.992997
0.072000 0.992993
0.076000 0.992989
0.080000 0.992986
0.084000 0.992983
0.088000 0.992980
0.092000 0.992977
0.096000 0.992974
0.100000 0.992971
0.104000 0.992968
0.108000 0.992966
0.112000 0.992963
0.116000 0.992961
0.120000 0.992959
0.124000 0.992957
0.128000 0.992955
0.132000 0.992953
0.136000 0.992951
0.140000 0.992949
0.144000 0.992948
0.148000 0.992946
0.152000 0.992945
0.156000 0.992943
0.160000 0.992942
0.164000 0.992941
0.168000 0.992939
0.172000 0.992938
0.176000 0.992937
0.180000 0.992936
0.184000 0.992935
0.188000 0.992934
0.192000 0.992933
0.196000 0.992933
0.200000 0.992932
0.204000 0.992931
0.208000 0.992930
0.212000 0.992930
0.216000 0.992929
0.220000 0.992928
0.224000 0.992928
0.228000 0.992927
0.232000 0.992927
0.236000 0.992926
0.240000 0.992926
0.244000 0.992925
0.248000 0.992925
0.252000 0.992925
0.256000 0.992924
0.260000 0.992924
0.264000 0.992924
0.268000 0.992923
0.272000 0.992923
0.276000 0.992923
0.280000 0.992923
0.284000 0.992922
0.288000 0.992922
0.292000 0.992922
0.296000 0.992922
0.300000 0.992922
0.304000 0.992921
0.308000 0.992921
0.312000 0.992921
0.316000 0.992921
0.320000 0.992921
0.324000 0.992921
0.328000 0.992921
0.332000 0.992920
0.336000 0.992920
0.340000 0.992920
0.344000 0.992920
0.348000 0.992920
0.352000 0.992920
0.356000 0.992920
0.360000 0.992920
0.364000 0.992920
0.368000 0.992920
0.372000 0.992920
0.376000 0.992920
0.380000 0.992920
0.384000 0.992920
0.388000 0.992920
0.392000 0.992919
0.396000 0.992919
0.400000 0.992919
0.404000 0.992919
0.408000 0.992919
0.412000 0.992919
0.416000 0.992919
0.420000 0.992919
0.424000 0.992919
0.428000 0.992919
0.432000 0.992919
0.436000 0.992919
0.440000 0.992919
0.444000 0.992919
0.448000 0.992919
0.452000 0.992919
0.456000 0.992919
0.460000 0.992919
0.464000 0.992919
0.468000 0.992919
0.472000 0.992919
0.476000 0.992919
0.480000 0.992919
0.484000 0.992919
0.488000 0.992919
0.492000 0.992919
0.496000 0.992919
0.500000 0.992919
0.504000 0.992919
0.508000 0.992919
0.512000 0.992919
0.516000 0.992919
0.520000 0.992919
0.524000 0.992919
0.528000 0.992919
0.532000 0.992919
0.536000 0.992919
0.540000 0.992919
0.544000 0.992919
0.548000 0.992919
0.552000 0.992919
0.556000 0.992919
0.560000 0.992919
0.564000 0.992919
0.568000 0.992919
0.572000 0.992919
0.576000 0.992919
0.580000 0.992919
0.584000 0.992919
0.588000 0.992919
0.592000 0.992919
0.596000 0.992919
0.600000 0.992919
0.604000 0.992919
0.608000 0.992919
0.612000 0.992919
0.616000 0.992919
0.620000 0.992919
0.624000 0.992919
0.628000 0.992919
0.632000 0.992919
0.636000 0.992919
0.640000 0.992919
0.644000 0.992919
0.648000 0.992919
0.652000 0.992919
0.656000 0.992919
0.660000 0.992919
0.664000 0.992919
0.668000 0.992919
0.672000 0.992919
0.676000 0.992919
0.680000 0.992919
0.684000 0.992919
0.688000 0.992919
0.692000 0.992919
0.696000 0.992919
0.700000 0.992919
0.704000 0.992919
0.708000 0.992919
0.712000 0.992919
0.716000 0.992919
0.720000 0.992919
0.724000 0.992919
0.728000 0.992919
0.732000 0.992919
0.736000 0.992919
0.740000 0.992919
0.744000 0.992919
0.748000 0.992919
0.752000 0.992919
0.756000 0.992919
0.760000 0.992919
0.764000 0.992919
0.768000 0.992919
0.772000 0.992919
0.776000 0.992919
0.780000 0.992919
0.784000 0.992919
0.788000 0.992919
0.792000 0.992919
0.796000 0.992919
0.800000 0.992919
0.804000 0.992919
0.808000 0.992919
0.812000 0.992919
0.816000 0.992919
0.820000 0.992919
0.824000 0.992919
0.828000 0.992919
0.832000 0.992919
0.836000 0.992919
0.840000 0.992919
0.844000 0.992919
0.848000 0.992919
0.852000 0.992919
0.856000 0.992919
0.860000 0.992919
0.864000 0.992919
0.868000 0.992919
0.872000 0.992919
0.876000 0.992919
0.880000 0.992919
0.884000 0.992919
0.888000 0.992919
0.892000 0.992919
0.896000 0.992919
0.900000 0.992919
0.904000 0.992919
0.908000 0.992919
0.912000 0.992919
0.916000 0.992919
0.920000 0.992919
0.924000 0.992919
0.928000 0.992919
0.932000 0.992919
0.936000 0.992919
0.940000 0.992919
0.944000 0.992919
0.948000 0.992919
0.952000 0.992919
0.956000 0.992919
0.960000 0.992919
0.964000 0.992919
0.968000 0.992919
0.972000 0.992919
0.976000 0.992919
0.980000 0.992919
0.984000 0.992919
0.988000 0.992919
0.992000 0.992919
0.996000 0.992919
1.000000 0.992919
