-1.000000 0.994892
-0.996000 0.994892
-0.992000 0.994892
-0.988000 0.994892
-0.984000 0.994892
-0.980000 0.994892
-0.976000 0.994892
-0.972000 0.994892
-0.968000 0.994892
-0.964000 0.994892
-0.960000 0.994892
-0.956000 0.994892
-0.952000 0.994892
-0.948000 0.994892
-0.944000 0.994892
-0.940000 0.994892
-0.936000 0.994892
-0.932000 0.994892
-0.928000 0.994892
-0.924000 0.994892
-0.920000 0.994892
-0.916000 0.994892
-0.912000 0.994892
-0.908000 0.994892
-0.904000 0.994892
-0.900000 0.994892
-0.896000 0.994892
-0.892000 0.994892
-0.888000 0.994892
-0.884000 0.994892
-0.880000 0.994892
-0.876000 0.994892
-0.872000 0.994892
-0.868000 0.994892
-0.864000 0.994892
-0.860000 0.994892
-0.856000 0.994892
-0.852000 0.994892
-0.848000 0.994892
-0.844000 0.994892
-0.840000 0.994892
-0.836000 0.994892
-0.832000 0.994892
-0.828000 0.994892
-0.824000 0.994892
-0.820000 0.994892
-0.816000 0.994892
-0.812000 0.994892
-0.808000 0.994892
-0.804000 0.994892
-0.800000 0.994892
-0.796000 0.994892
-0.792000 0.994892
-0.788000 0.994892
-0.784000 0.994892
-0.780000 0.994892
-0.776000 0.994892
-0.772000 0.994892
-0.768000 0.994892
-0.764000 0.994892
-0.760000 0.994892
-0.756000 0.994892
-0.752000 0.994892
-0.748000 0.994892
-0.744000 0.994892
-0.740000 0.994892
-0.736000 0.994892
-0.732000 0.994892
-0.728000 0.994892
-0.724000 0.994892
-0.720000 0.994892
-0.716000 0.994892
-0.712000 0.994892
-0.708000 0.994892
-0.704000 0.994892
-0.700000 0.994892
-0.696000 0.994892
-0.692000 0.994892
-0.688000 0.994892
-0.684000 0.994892
-0.680000 0.994892
-0.676000 0.994892
-0.672000 0.994892
-0.668000 0.994892
-0.664000 0.994892
-0.660000 0.994892
-0.656000 0.994892
-0.652000 0.994892
-0.648000 0.994892
-0.644000 0.994892
-0.640000 0.994892
-0.636000 0.994892
-0.632000 0.994892
-0.628000 0.994892
-0.624000 0.994892
-0.620000 0.994892
-0.616000 0.994892
-0.612000 0.994892
-0.608000 0.994892
-0.604000 0.994892
-0.600000 0.994892
-0.596000 0.994892
-0.592000 0.994892
-0.588000 0.994892
-0.584000 0.994892
-0.580000 0.994892
-0.576000 0.994892
-0.572000 0.994892
-0.568000 0.994892
-0.564000 0.994892
-0.560000 0.994892
-0.556000 0.994892
-0.552000 0.994892
-0.548000 0.994892
-0.544000 0.994892
-0.540000 0.994892
-0.536000 0.994892
-0.532000 0.994892
-0.528000 0.994892
-0.524000 0.994892
-0.520000 0.994892
-0.516000 0.994892
-0.512000 0.994892
-0.508000 0.994892
-0.504000 0.994892
-0.500000 0.994892
-0.496000 0.994892
-0.492000 0.994892
-0.488000 0.994892
-0.484000 0.994892
-0.480000 0.994892
-0.476000 0.994892
-0.472000 0.994892
-0.468000 0.994892
-0.464000 0.994892
-0.460000 0.994892
-0.456000 0.994891
-0.452000 0.994891
-0.448000 0.994891
-0.444000 0.994891
-0.440000 0.994891
-0.436000 0.994891
-0.432000 0.994891
-0.428000 0.994891
-0.424000 0.994891
-0.420000 0.994891
-0.416000 0.994891
-0.412000 0.994891
-0.408000 0.994891
-0.404000 0.994891
-0.400000 0.994890
-0.396000 0.994890
-0.392000 0.994890
-0.388000 0.994890
-0.384000 0.994890
-0.380000 0.994890
-0.376000 0.994889
-0.372000 0.994889
-0.368000 0.994889
-0.364000 0.994889
-0.360000 0.994888
-0.356000 0.994888
-0.352000 0.994888
-0.348000 0.994888
-0.344000 0.994887
-0.340000 0.994887
-0.336000 0.994887
-0.332000 0.994886
-0.328000 0.994886
-0.324000 0.994885
-0.320000 0.994885
-0.316000 0.994884
-0.312000 0.994884
-0.308000 0.994883
-0.304000 0.994883
-0.300000 0.994882
-0.296000 0.994881
-0.292000 0.994881
-0.288000 0.994880
-0.284000 0.994879
-0.280000 0.994878
-0.276000 0.994877
-0.272000 0.994876
-0.268000 0.994875
-0.264000 0.994874
-0.260000 0.994873
-0.256000 0.994872
-0.252000 0.994871
-0.248000 0.994870
-0.244000 0.994868
-0.240000 0.994867
-0.236000 0.994865
-0.232000 0.994864
-0.228000 0.994862
-0.224000 0.994860
-0.220000 0.994859
-0.216000 0.994857
-0.212000 0.994855
-0.208000 0.994853
-0.204000 0.994851
-0.200000 0.994848
-0.196000 0.994846
-0.192000 0.994844
-0.188000 0.994841
-0.184000 0.994838
-0.180000 0.994835
-0.176000 0.994833
-0.172000 0.994830
-0.168000 0.994826
-0.164000 0.994823
-0.160000 0.994820
-0.156000 0.994816
-0.152000 0.994812
-0.148000 0.994809
-0.144000 0.994805
-0.140000 0.994801
-0.136000 0.994796
-0.132000 0.994792
-0.128000 0.994787
-0.124000 0.994783
-0.120000 0.994778
-0.116000 0.994773
-0.112000 0.994767
-0.108000 0.994762
-0.104000 0.994757
-0.100000 0.994751
-0.096000 0.994745
-0.092000 0.994739
-0.088000 0.994733
-0.084000 0.994726
-0.080000 0.994719
-0.076000 0.994713
-0.072000 0.994705
-0.068000 0.994698
-0.064000 0.994691
-0.060000 0.994683
-0.056000 0.994675
-0.052000 0.994667
-0.048000 0.994659
-0.044000 0.994651
-0.040000 0.994642
-0.036000 0.994633
-0.032000 0.994624
-0.028000 0.994615
-0.024000 0.994605
-0.020000 0.994596
-0.016000 0.994586
-0.012000 0.994576
-0.008000 0.994566
-0.004000 0.994555
0.000000 0.994544
0.004000 0.994534
0.008000 0.994522
0.012000 0.994511
0.016000 0.994500
0.020000 0.994488
0.024000 0.994476
0.028000 0.994464
0.032000 0.994452
0.036000 0.994439
0.040000 0.994427
0.044000 0.994414
0.048000 0.994401
0.052000 0.994388
0.056000 0.994375
0.060000 0.994361
0.064000 0.994348
0.068000 0.994334
0.072000 0.994320
0.076000 0.994306
0.080000 0.994292
0.084000 0.994277
0.088000 0.994263
0.092000 0.994248
0.096000 0.994233
0.100000 0.994218
0.104000 0.994203
0.108000 0.994188
0.112000 0.994173
0.116000 0.994158
0.120000 0.994143
0.124000 0.994127
0.128000 0.994112
0.132000 0.994096
0.136000 0.994080
0.140000 0.994065
0.144000 0.994049
0.148000 0.994033
0.152000 0.994017
0.156000 0.994001
0.160000 0.993986
0.164000 0.993970
0.168000 0.993954
0.172000 0.993938
0.176000 0.993922
0.180000 0.993906
0.184000 0.993890
0.188000 0.993874
0.192000 0.993858
0.196000 0.993842
0.200000 0.993827
0.204000 0.993811
0.208000 0.993795
0.212000 0.993780
0.216000 0.993764
0.220000 0.993749
0.224000 0.993733
0.228000 0.993718
0.232000 0.993703
0.236000 0.993687
0.240000 0.993672
0.244000 0.993657
0.248000 0.993643
0.252000 0.993628
0.256000 0.993613
0.260000 0.993599
0.264000 0.993585
0.268000 0.993570
0.272000 0.993556
0.276000 0.993542
0.280000 0.993529
0.284000 0.993515
0.288000 0.993501
0.292000 0.993488
0.296000 0.993475
0.300000 0.993462
0.304000 0.993449
0.308000 0.993436
0.312000 0.993424
0.316000 0.993411
0.320000 0.993399
0.324000 0.993387
0.328000 0.993375
0.332000 0.993364
0.336000 0.993352
0.340000 0.993341
0.344000 0.993330
0.348000 0.993319
0.352000 0.993308
0.356000 0.993298
0.360000 0.993287
0.364000 0.993277
0.368000 0.993267
0.372000 0.993258
0.376000 0.993248
0.380000 0.993239
0.384000 0.993229
0.388000 0.993220
0.392000 0.993211
0.396000 0.993203
0.400000 0.993194
0.404000 0.993186
0.408000 0.993178
0.412000 0.993170
0.416000 0.993162
0.420000 0.993154
0.424000 0.993147
0.428000 0.993140
0.432000 0.993133
0.436000 0.993126
0.440000 0.993119
0.444000 0.993112
0.448000 0.993106
0.452000 0.993100
0.456000 0.993094
0.460000 0.993088
0.464000 0.993082
0.468000 0.993076
0.472000 0.993071
0.476000 0.993066
0.480000 0.993061
0.484000 0.993056
0.488000 0.993051
0.492000 0.993046
0.496000 0.993041
0.500000 0.993037
0.504000 0.993033
0.508000 0.993028
0.512000 0.993024
0.516000 0.993020
0.520000 0.993017
0.524000 0.993013
0.528000 0.993009
0.532000 0.993006
0.536000 0.993002
0.540000 0.992999
0.544000 0.992996
0.548000 0.992993
0.552000 0.992990
0.556000 0.992987
0.560000 0.992984
0.564000 0.992982
0.568000 0.992979
0.572000 0.992977
0.576000 0.992974
0.580000 0.992972
0.584000 0.992970
0.588000 0.992968
0.592000 0.992966
0.596000 0.992964
0.600000 0.992962
0.604000 0.992960
0.608000 0.992958
0.612000 0.992956
0.616000 0.992955
0.620000 0.992953
0.624000 0.992952
0.628000 0.992950
0.632000 0.992949
0.636000 0.992948
0.640000 0.992946
0.644000 0.992945
0.648000 0.992944
0.652000 0.992943
0.656000 0.992942
0.660000 0.992941
0.664000 0.992940
0.668000 0.992939
0.672000 0.992938
0.676000 0.992937
0.680000 0.992936
0.684000 0.992935
0.688000 0.992934
0.692000 0.992934
0.696000 0.992933
0.700000 0.992932
0.704000 0.992932
0.708000 0.992931
0.712000 0.992930
0.716000 0.992930
0.720000 0.992929
0.724000 0.992929
0.728000 0.992928
0.732000 0.992928
0.736000 0.992927
0.740000 0.992927
0.744000 0.992926
0.748000 0.992926
0.752000 0.992926
0.756000 0.992925
0.760000 0.992925
0.764000 0.992925
0.768000 0.992924
0.772000 0.992924
0.776000 0.992924
0.780000 0.992924
0.784000 0.992923
0.788000 0.992923
0.792000 0.992923
0.796000 0.992923
0.800000 0.992922
0.804000 0.992922
0.808000 0.992922
0.812000 0.992922
0.816000 0.992922
0.820000 0.992922
0.824000 0.992921
0.828000 0.992921
0.832000 0.992921
0.836000 0.992921
0.840000 0.992921
0.844000 0.992921
0.848000 0.992921
0.852000 0.992921
0.856000 0.992921
0.860000 0.992920
0.864000 0.992920
0.868000 0.992920
0.872000 0.992920
0.876000 0.992920
0.880000 0.992920
0.884000 0.992920
0.888000 0.992920
0.892000 0.992920
0.896000 0.992920
0.900000 0.992920
0.904000 0.992920
0.908000 0.992920
0.912000 0.992920
0.916000 0.992920
0.920000 0.992920
0.924000 0.992920
0.928000 0.992920
0.932000 0.992919
0.936000 0.992919
0.940000 0.992919
0.944000 0.992919
0.948000 0.992919
0.952000 0.992919
0.956000 0.992919
0.960000 0.992919
0.964000 0.992919
0.968000 0.992919
0.972000 0.992919
0.976000 0.992919
0.980000 0.992919
0.984000 0.992919
0.988000 0.992919
0.992000 0.992919
0.996000 0.992919
1.000000 0.992919
