-1.000000 0.994892
-0.996000 0.994892
-0.992000 0.994892
-0.988000 0.994892
-0.984000 0.994892
-0.980000 0.994892
-0.976000 0.994892
-0.972000 0.994892
-0.968000 0.994892
-0.964000 0.994892
-0.960000 0.994892
-0.956000 0.994892
-0.952000 0.994892
-0.948000 0.994892
-0.944000 0.994892
-0.940000 0.994892
-0.936000 0.994892
-0.932000 0.994892
-0.928000 0.994892
-0.924000 0.994892
-0.920000 0.994892
-0.916000 0.994892
-0.912000 0.994892
-0.908000 0.994892
-0.904000 0.994892
-0.900000 0.994892
-0.896000 0.994892
-0.892000 0.994892
-0.888000 0.994892
-0.884000 0.994892
-0.880000 0.994892
-0.876000 0.994892
-0.872000 0.994892
-0.868000 0.994892
-0.864000 0.994892
-0.860000 0.994892
-0.856000 0.994892
-0.852000 0.994892
-0.848000 0.994892
-0.844000 0.994892
-0.840000 0.994892
-0.836000 0.994892
-0.832000 0.994892
-0.828000 0.994892
-0.824000 0.994892
-0.820000 0.994892
-0.816000 0.994892
-0.812000 0.994892
-0.808000 0.994892
-0.804000 0.994892
-0.800000 0.994892
-0.796000 0.994892
-0.792000 0.994892
-0.788000 0.994892
-0.784000 0.994892
-0.780000 0.994892
-0.776000 0.994892
-0.772000 0.994892
-0.768000 0.994892
-0.764000 0.994892
-0.760000 0.994892
-0.756000 0.994892
-0.752000 0.994892
-0.748000 0.994892
-0.744000 0.994892
-0.740000 0.994892
-0.736000 0.994892
-0.732000 0.994892
-0.728000 0.994892
-0.724000 0.994892
-0.720000 0.994892
-0.716000 0.994892
-0.712000 0.994892
-0.708000 0.994892
-0.704000 0.994892
-0.700000 0.994892
-0.696000 0.994892
-0.692000 0.994892
-0.688000 0.994892
-0.684000 0.994892
-0.680000 0.994892
-0.676000 0.994892
-0.672000 0.994892
-0.668000 0.994892
-0.664000 0.994892
-0.660000 0.994892
-0.656000 0.994892
-0.652000 0.994892
-0.648000 0.994892
-0.644000 0.994892
-0.640000 0.994892
-0.636000 0.994892
-0.632000 0.994892
-0.628000 0.994892
-0.624000 0.994892
-0.620000 0.994892
-0.616000 0.994892
-0.612000 0.994892
-0.608000 0.994892
-0.604000 0.994892
-0.600000 0.994892
-0.596000 0.994892
-0.592000 0.994892
-0.588000 0.994892
-0.584000 0.994892
-0.580000 0.994892
-0.576000 0.994892
-0.572000 0.994892
-0.568000 0.994892
-0.564000 0.994892
-0.560000 0.994892
-0.556000 0.994892
-0.552000 0.994892
-0.548000 0.994892
-0.544000 0.994892
-0.540000 0.994892
-0.536000 0.994892
-0.532000 0.994892
-0.528000 0.994892
-0.524000 0.994892
-0.520000 0.994892
-0.516000 0.994892
-0.512000 0.994892
-0.508000 0.994892
-0.504000 0.994892
-0.500000 0.994892
-0.496000 0.994892
-0.492000 0.994892
-0.488000 0.994892
-0.484000 0.994892
-0.480000 0.994892
-0.476000 0.994892
-0.472000 0.994892
-0.468000 0.994892
-0.464000 0.994892
-0.460000 0.994892
-0.456000 0.994892
-0.452000 0.994892
-0.448000 0.994892
-0.444000 0.994892
-0.440000 0.994892
-0.436000 0.994892
-0.432000 0.994892
-0.428000 0.994892
-0.424000 0.994892
-0.420000 0.994892
-0.416000 0.994892
-0.412000 0.994892
-0.408000 0.994892
-0.404000 0.994892
-0.400000 0.994892
-0.396000 0.994892
-0.392000 0.994892
-0.388000 0.994892
-0.384000 0.994892
-0.380000 0.994892
-0.376000 0.994892
-0.372000 0.994892
-0.368000 0.994892
-0.364000 0.994892
-0.360000 0.994892
-0.356000 0.994892
-0.352000 0.994892
-0.348000 0.994892
-0.344000 0.994892
-0.340000 0.994892
-0.336000 0.994892
-0.332000 0.994892
-0.328000 0.994892
-0.324000 0.994892
-0.320000 0.994892
-0.316000 0.994892
-0.312000 0.994892
-0.308000 0.994892
-0.304000 0.994892
-0.300000 0.994892
-0.296000 0.994892
-0.292000 0.994892
-0.288000 0.994892
-0.284000 0.994892
-0.280000 0.994892
-0.276000 0.994892
-0.272000 0.994892
-0.268000 0.994892
-0.264000 0.994892
-0.260000 0.994892
-0.256000 0.994892
-0.252000 0.994892
-0.248000 0.994892
-0.244000 0.994892
-0.240000 0.994892
-0.236000 0.994892
-0.232000 0.994892
-0.228000 0.994892
-0.224000 0.994892
-0.220000 0.994892
-0.216000 0.994892
-0.212000 0.994892
-0.208000 0.994892
-0.204000 0.994892
-0.200000 0.994892
-0.196000 0.994892
-0.192000 0.994892
-0.188000 0.994892
-0.184000 0.994892
-0.180000 0.994892
-0.176000 0.994892
-0.172000 0.994892
-0.168000 0.994892
-0.164000 0.994892
-0.160000 0.994892
-0.156000 0.994892
-0.152000 0.994892
-0.148000 0.994892
-0.144000 0.994892
-0.140000 0.994892
-0.136000 0.994892
-0.132000 0.994892
-0.128000 0.994892
-0.124000 0.994892
-0.120000 0.994892
-0.116000 0.994892
-0.112000 0.994892
-0.108000 0.994892
-0.104000 0.994892
-0.100000 0.994892
-0.096000 0.994892
-0.092000 0.994892
-0.088000 0.994892
-0.084000 0.994892
-0.080000 0.994892
-0.076000 0.994892
-0.072000 0.994892
-0.068000 0.994892
-0.064000 0.994892
-0.060000 0.994892
-0.056000 0.994891
-0.052000 0.994891
-0.048000 0.994891
-0.044000 0.994891
-0.040000 0.994891
-0.036000 0.994891
-0.032000 0.994891
-0.028000 0.994891
-0.024000 0.994891
-0.020000 0.994891
-0.016000 0.994891
-0.012000 0.994891
-0.008000 0.994891
-0.004000 0.994891
0.000000 0.994891
0.004000 0.994891
0.008000 0.994891
0.012000 0.994890
0.016000 0.994890
0.020000 0.994890
0.024000 0.994890
0.028000 0.994890
0.032000 0.994890
0.036000 0.994890
0.040000 0.994890
0.044000 0.994889
0.048000 0.994889
0.052000 0.994889
0.056000 0.994889
0.060000 0.994889
0.064000 0.994888
0.068000 0.994888
0.072000 0.994888
0.076000 0.994888
0.080000 0.994888
0.084000 0.994887
0.088000 0.994887
0.092000 0.994887
0.096000 0.994886
0.100000 0.994886
0.104000 0.994886
0.108000 0.994885
0.112000 0.994885
0.116000 0.994885
0.120000 0.994884
0.124000 0.994884
0.128000 0.994883
0.132000 0.994883
0.136000 0.994882
0.140000 0.994882
0.144000 0.994881
0.148000 0.994881
0.152000 0.994880
0.156000 0.994879
0.160000 0.994879
0.164000 0.994878
0.168000 0.994877
0.172000 0.994877
0.176000 0.994876
0.180000 0.994875
0.184000 0.994874
0.188000 0.994873
0.192000 0.994872
0.196000 0.994871
0.200000 0.994870
0.204000 0.994869
0.208000 0.994868
0.212000 0.994867
0.216000 0.994866
0.220000 0.994865
0.224000 0.994863
0.228000 0.994862
0.232000 0.994860
0.236000 0.994859
0.240000 0.994858
0.244000 0.994856
0.248000 0.994854
0.252000 0.994853
0.256000 0.994851
0.260000 0.994849
0.264000 0.994847
0.268000 0.994845
0.272000 0.994843
0.276000 0.994841
0.280000 0.994839
0.284000 0.994837
0.288000 0.994835
0.292000 0.994832
0.296000 0.994830
0.300000 0.994827
0.304000 0.994825
0.308000 0.994822
0.312000 0.994819
0.316000 0.994816
0.320000 0.994813
0.324000 0.994810
0.328000 0.994807
0.332000 0.994804
0.336000 0.994800
0.340000 0.994797
0.344000 0.994793
0.348000 0.994790
0.352000 0.994786
0.356000 0.994782
0.360000 0.994778
0.364000 0.994774
0.368000 0.994770
0.372000 0.994765
0.376000 0.994761
0.380000 0.994756
0.384000 0.994752
0.388000 0.994747
0.392000 0.994742
0.396000 0.994737
0.400000 0.994732
0.404000 0.994727
0.408000 0.994721
0.412000 0.994716
0.416000 0.994710
0.420000 0.994704
0.424000 0.994698
0.428000 0.994692
0.432000 0.994686
0.436000 0.994680
0.440000 0.994674
0.444000 0.994667
0.448000 0.994660
0.452000 0.994653
0.456000 0.994646
0.460000 0.994639
0.464000 0.994632
0.468000 0.994625
0.472000 0.994617
0.476000 0.994609
0.480000 0.994602
0.484000 0.994594
0.488000 0.994586
0.492000 0.994577
0.496000 0.994569
0.500000 0.994561
0.504000 0.994552
0.508000 0.994543
0.512000 0.994534
0.516000 0.994525
0.520000 0.994516
0.524000 0.994507
0.528000 0.994497
0.532000 0.994488
0.536000 0.994478
0.540000 0.994468
0.544000 0.994458
0.548000 0.994448
0.552000 0.994438
0.556000 0.994428
0.560000 0.994417
0.564000 0.994407
0.568000 0.994396
0.572000 0.994385
0.576000 0.994374
0.580000 0.994363
0.584000 0.994352
0.588000 0.994341
0.592000 0.994329
0.596000 0.994318
0.600000 0.994306
0.604000 0.994295
0.608000 0.994283
0.612000 0.994271
0.616000 0.994259
0.620000 0.994247
0.624000 0.994235
0.628000 0.994223
0.632000 0.994211
0.636000 0.994198
0.640000 0.994186
0.644000 0.994173
0.648000 0.994161
0.652000 0.994148
0.656000 0.994136
0.660000 0.994123
0.664000 0.994110
0.668000 0.994097
0.672000 0.994084
0.676000 0.994071
0.680000 0.994059
0.684000 0.994046
0.688000 0.994033
0.692000 0.994019
0.696000 0.994006
0.700000 0.993993
0.704000 0.993980
0.708000 0.993967
0.712000 0.993954
0.716000 0.993941
0.720000 0.993928
0.724000 0.993915
0.728000 0.993901
0.732000 0.993888
0.736000 0.993875
0.740000 0.993862
0.744000 0.993849
0.748000 0.993836
0.752000 0.993823
0.756000 0.993810
0.760000 0.993797
0.764000 0.993784
0.768000 0.993771
0.772000 0.993759
0.776000 0.993746
0.780000 0.993733
0.784000 0.993720
0.788000 0.993708
0.792000 0.993695
0.796000 0.993683
0.800000 0.993670
0.804000 0.993658
0.808000 0.993646
0.812000 0.993634
0.816000 0.993621
0.820000 0.993609
0.824000 0.993597
0.828000 0.993586
0.832000 0.993574
0.836000 0.993562
0.840000 0.993551
0.844000 0.993539
0.848000 0.993528
0.852000 0.993516
0.856000 0.993505
0.860000 0.993494
0.864000 0.993483
0.868000 0.993472
0.872000 0.993461
0.876000 0.993451
0.880000 0.993440
0.884000 0.993430
0.888000 0.993419
0.892000 0.993409
0.896000 0.993399
0.900000 0.993389
0.904000 0.993379
0.908000 0.993370
0.912000 0.993360
0.916000 0.993351
0.920000 0.993341
0.924000 0.993332
0.928000 0.993323
0.932000 0.993314
0.936000 0.993305
0.940000 0.993296
0.944000 0.993288
0.948000 0.993279
0.952000 0.993270
0.956000 0.993262
0.960000 0.993254
0.964000 0.993245
0.968000 0.993237
0.972000 0.993228
0.976000 0.993220
0.980000 0.993210
0.984000 0.993201
0.988000 0.993190
0.992000 0.993178
0.996000 0.993164
1.000000 0.993147
