-1.000000 0.994892
-0.996000 0.994892
-0.992000 0.994892
-0.988000 0.994892
-0.984000 0.994892
-0.980000 0.994892
-0.976000 0.994892
-0.972000 0.994892
-0.968000 0.994892
-0.964000 0.994892
-0.960000 0.994892
-0.956000 0.994892
-0.952000 0.994892
-0.948000 0.994892
-0.944000 0.994892
-0.940000 0.994892
-0.936000 0.994892
-0.932000 0.994892
-0.928000 0.994892
-0.924000 0.994892
-0.920000 0.994892
-0.916000 0.994892
-0.912000 0.994892
-0.908000 0.994892
-0.904000 0.994892
-0.900000 0.994892
-0.896000 0.994892
-0.892000 0.994892
-0.888000 0.994892
-0.884000 0.994892
-0.880000 0.994892
-0.876000 0.994892
-0.872000 0.994892
-0.868000 0.994892
-0.864000 0.994892
-0.860000 0.994892
-0.856000 0.994892
-0.852000 0.994892
-0.848000 0.994892
-0.844000 0.994892
-0.840000 0.994892
-0.836000 0.994892
-0.832000 0.994892
-0.828000 0.994892
-0.824000 0.994892
-0.820000 0.994892
-0.816000 0.994892
-0.812000 0.994892
-0.808000 0.994892
-0.804000 0.994892
-0.800000 0.994892
-0.796000 0.994892
-0.792000 0.994892
-0.788000 0.994892
-0.784000 0.994892
-0.780000 0.994892
-0.776000 0.994892
-0.772000 0.994892
-0.768000 0.994892
-0.764000 0.994892
-0.760000 0.994892
-0.756000 0.994892
-0.752000 0.994892
-0.748000 0.994892
-0.744000 0.994892
-0.740000 0.994892
-0.736000 0.994892
-0.732000 0.994892
-0.728000 0.994892
-0.724000 0.994892
-0.720000 0.994892
-0.716000 0.994892
-0.712000 0.994892
-0.708000 0.994892
-0.704000 0.994892
-0.700000 0.994892
-0.696000 0.994892
-0.692000 0.994892
-0.688000 0.994892
-0.684000 0.994892
-0.680000 0.994892
-0.676000 0.994892
-0.672000 0.994892
-0.668000 0.994892
-0.664000 0.994892
-0.660000 0.994892
-0.656000 0.994892
-0.652000 0.994892
-0.648000 0.994892
-0.644000 0.994892
-0.640000 0.994892
-0.636000 0.994892
-0.632000 0.994892
-0.628000 0.994892
-0.624000 0.994892
-0.620000 0.994892
-0.616000 0.994892
-0.612000 0.994892
-0.608000 0.994892
-0.604000 0.994892
-0.600000 0.994892
-0.596000 0.994892
-0.592000 0.994892
-0.588000 0.994892
-0.584000 0.994892
-0.580000 0.994892
-0.576000 0.994892
-0.572000 0.994892
-0.568000 0.994892
-0.564000 0.994892
-0.560000 0.994892
-0.556000 0.994892
-0.552000 0.994892
-0.548000 0.994892
-0.544000 0.994892
-0.540000 0.994892
-0.536000 0.994892
-0.532000 0.994892
-0.528000 0.994892
-0.524000 0.994892
-0.520000 0.994892
-0.516000 0.994892
-0.512000 0.994892
-0.508000 0.994892
-0.504000 0.994892
-0.500000 0.994892
-0.496000 0.994892
-0.492000 0.994892
-0.488000 0.994892
-0.484000 0.994892
-0.480000 0.994892
-0.476000 0.994892
-0.472000 0.994892
-0.468000 0.994892
-0.464000 0.994892
-0.460000 0.994892
-0.456000 0.994892
-0.452000 0.994892
-0.448000 0.994892
-0.444000 0.994892
-0.440000 0.994892
-0.436000 0.994892
-0.432000 0.994892
-0.428000 0.994892
-0.424000 0.994892
-0.420000 0.994892
-0.416000 0.994892
-0.412000 0.994892
-0.408000 0.994892
-0.404000 0.994892
-0.400000 0.994892
-0.396000 0.994892
-0.392000 0.994892
-0.388000 0.994892
-0.384000 0.994892
-0.380000 0.994892
-0.376000 0.994892
-0.372000 0.994892
-0.368000 0.994892
-0.364000 0.994892
-0.360000 0.994892
-0.356000 0.994892
-0.352000 0.994892
-0.348000 0.994892
-0.344000 0.994892
-0.340000 0.994892
-0.336000 0.994892
-0.332000 0.994892
-0.328000 0.994892
-0.324000 0.994892
-0.320000 0.994892
-0.316000 0.994892
-0.312000 0.994892
-0.308000 0.994892
-0.304000 0.994892
-0.300000 0.994892
-0.296000 0.994892
-0.292000 0.994892
-0.288000 0.994892
-0.284000 0.994892
-0.280000 0.994892
-0.276000 0.994892
-0.272000 0.994892
-0.268000 0.994892
-0.264000 0.994892
-0.260000 0.994892
-0.256000 0.994892
-0.252000 0.994892
-0.248000 0.994892
-0.244000 0.994892
-0.240000 0.994892
-0.236000 0.994892
-0.232000 0.994892
-0.228000 0.994892
-0.224000 0.994892
-0.220000 0.994892
-0.216000 0.994892
-0.212000 0.994892
-0.208000 0.994892
-0.204000 0.994892
-0.200000 0.994892
-0.196000 0.994892
-0.192000 0.994892
-0.188000 0.994892
-0.184000 0.994892
-0.180000 0.994891
-0.176000 0.994891
-0.172000 0.994891
-0.168000 0.994891
-0.164000 0.994891
-0.160000 0.994891
-0.156000 0.994891
-0.152000 0.994891
-0.148000 0.994891
-0.144000 0.994891
-0.140000 0.994891
-0.136000 0.994891
-0.132000 0.994891
-0.128000 0.994891
-0.124000 0.994891
-0.120000 0.994890
-0.116000 0.994890
-0.112000 0.994890
-0.108000 0.994890
-0.104000 0.994890
-0.100000 0.994890
-0.096000 0.994890
-0.092000 0.994890
-0.088000 0.994889
-0.084000 0.994889
-0.080000 0.994889
-0.076000 0.994889
-0.072000 0.994889
-0.068000 0.994888
-0.064000 0.994888
-0.060000 0.994888
-0.056000 0.994888
-0.052000 0.994887
-0.048000 0.994887
-0.044000 0.994887
-0.040000 0.994886
-0.036000 0.994886
-0.032000 0.994886
-0.028000 0.994885
-0.024000 0.994885
-0.020000 0.994885
-0.016000 0.994884
-0.012000 0.994884
-0.008000 0.994883
-0.004000 0.994883
0.000000 0.994882
0.004000 0.994882
0.008000 0.994881
0.012000 0.994880
0.016000 0.994880
0.020000 0.994879
0.024000 0.994878
0.028000 0.994877
0.032000 0.994877
0.036000 0.994876
0.040000 0.994875
0.044000 0.994874
0.048000 0.994873
0.052000 0.994872
0.056000 0.994871
0.060000 0.994870
0.064000 0.994869
0.068000 0.994868
0.072000 0.994866
0.076000 0.994865
0.080000 0.994864
0.084000 0.994862
0.088000 0.994861
0.092000 0.994859
0.096000 0.994858
0.100000 0.994856
0.104000 0.994855
0.108000 0.994853
0.112000 0.994851
0.116000 0.994849
0.120000 0.994847
0.124000 0.994845
0.128000 0.994843
0.132000 0.994841
0.136000 0.994838
0.140000 0.994836
0.144000 0.994833
0.148000 0.994831
0.152000 0.994828
0.156000 0.994825
0.160000 0.994823
0.164000 0.994820
0.168000 0.994817
0.172000 0.994813
0.176000 0.994810
0.180000 0.994807
0.184000 0.994803
0.188000 0.994800
0.192000 0.994796
0.196000 0.994792
0.200000 0.994789
0.204000 0.994785
0.208000 0.994780
0.212000 0.994776
0.216000 0.994772
0.220000 0.994767
0.224000 0.994763
0.228000 0.994758
0.232000 0.994753
0.236000 0.994748
0.240000 0.994743
0.244000 0.994738
0.248000 0.994732
0.252000 0.994727
0.256000 0.994721
0.260000 0.994715
0.264000 0.994709
0.268000 0.994703
0.272000 0.994697
0.276000 0.994690
0.280000 0.994684
0.284000 0.994677
0.288000 0.994670
0.292000 0.994663
0.296000 0.994656
0.300000 0.994648
0.304000 0.994641
0.308000 0.994633
0.312000 0.994626
0.316000 0.994618
0.320000 0.994610
0.324000 0.994601
0.328000 0.994593
0.332000 0.994584
0.336000 0.994576
0.340000 0.994567
0.344000 0.994558
0.348000 0.994549
0.352000 0.994539
0.356000 0.994530
0.360000 0.994520
0.364000 0.994510
0.368000 0.994501
0.372000 0.994491
0.376000 0.994480
0.380000 0.994470
0.384000 0.994459
0.388000 0.994449
0.392000 0.994438
0.396000 0.994427
0.400000 0.994416
0.404000 0.994405
0.408000 0.994394
0.412000 0.994382
0.416000 0.994371
0.420000 0.994359
0.424000 0.994347
0.428000 0.994335
0.432000 0.994323
0.436000 0.994311
0.440000 0.994299
0.444000 0.994286
0.448000 0.994274
0.452000 0.994261
0.456000 0.994249
0.460000 0.994236
0.464000 0.994223
0.468000 0.994210
0.472000 0.994197
0.476000 0.994184
0.480000 0.994171
0.484000 0.994158
0.488000 0.994144
0.492000 0.994131
0.496000 0.994118
0.500000 0.994104
0.504000 0.994091
0.508000 0.994077
0.512000 0.994063
0.516000 0.994050
0.520000 0.994036
0.524000 0.994022
0.528000 0.994008
0.532000 0.993995
0.536000 0.993981
0.540000 0.993967
0.544000 0.993953
0.548000 0.993939
0.552000 0.993926
0.556000 0.993912
0.560000 0.993898
0.564000 0.993884
0.568000 0.993870
0.572000 0.993857
0.576000 0.993843
0.580000 0.993829
0.584000 0.993815
0.588000 0.993802
0.592000 0.993788
0.596000 0.993775
0.600000 0.993761
0.604000 0.993748
0.608000 0.993734
0.612000 0.993721
0.616000 0.993708
0.620000 0.993694
0.624000 0.993681
0.628000 0.993668
0.632000 0.993655
0.636000 0.993642
0.640000 0.993630
0.644000 0.993617
0.648000 0.993604
0.652000 0.993592
0.656000 0.993579
0.660000 0.993567
0.664000 0.993555
0.668000 0.993542
0.672000 0.993530
0.676000 0.993519
0.680000 0.993507
0.684000 0.993495
0.688000 0.993483
0.692000 0.993472
0.696000 0.993461
0.700000 0.993449
0.704000 0.993438
0.708000 0.993427
0.712000 0.993417
0.716000 0.993406
0.720000 0.993395
0.724000 0.993385
0.728000 0.993375
0.732000 0.993365
0.736000 0.993354
0.740000 0.993345
0.744000 0.993335
0.748000 0.993325
0.752000 0.993316
0.756000 0.993306
0.760000 0.993297
0.764000 0.993288
0.768000 0.993279
0.772000 0.993271
0.776000 0.993262
0.780000 0.993253
0.784000 0.993245
0.788000 0.993237
0.792000 0.993229
0.796000 0.993221
0.800000 0.993213
0.804000 0.993206
0.808000 0.993198
0.812000 0.993191
0.816000 0.993183
0.820000 0.993176
0.824000 0.993169
0.828000 0.993163
0.832000 0.993156
0.836000 0.993149
0.840000 0.993143
0.844000 0.993137
0.848000 0.993131
0.852000 0.993125
0.856000 0.993119
0.860000 0.993113
0.864000 0.993107
0.868000 0.993102
0.872000 0.993097
0.876000 0.993091
0.880000 0.993086
0.884000 0.993081
0.888000 0.993076
0.892000 0.993071
0.896000 0.993067
0.900000 0.993062
0.904000 0.993058
0.908000 0.993053
0.912000 0.993049
0.916000 0.993045
0.920000 0.993041
0.924000 0.993037
0.928000 0.993033
0.932000 0.993030
0.936000 0.993026
0.940000 0.993022
0.944000 0.993019
0.948000 0.993016
0.952000 0.993012
0.956000 0.993009
0.960000 0.993006
0.964000 0.993003
0.968000 0.993000
0.972000 0.992997
0.976000 0.992994
0.980000 0.992991
0.984000 0.992987
0.988000 0.992984
0.992000 0.992980
0.996000 0.992975
1.000000 0.992969
