-1.000000 0.994892
-0.996000 0.994892
-0.992000 0.994892
-0.988000 0.994892
-0.984000 0.994892
-0.980000 0.994892
-0.976000 0.994892
-0.972000 0.994892
-0.968000 0.994892
-0.964000 0.994892
-0.960000 0.994892
-0.956000 0.994892
-0.952000 0.994892
-0.948000 0.994892
-0.944000 0.994892
-0.940000 0.994892
-0.936000 0.994892
-0.932000 0.994892
-0.928000 0.994892
-0.924000 0.994892
-0.920000 0.994892
-0.916000 0.994892
-0.912000 0.994892
-0.908000 0.994892
-0.904000 0.994892
-0.900000 0.994892
-0.896000 0.994892
-0.892000 0.994892
-0.888000 0.994892
-0.884000 0.994892
-0.880000 0.994892
-0.876000 0.994892
-0.872000 0.994892
-0.868000 0.994892
-0.864000 0.994892
-0.860000 0.994892
-0.856000 0.994892
-0.852000 0.994892
-0.848000 0.994892
-0.844000 0.994892
-0.840000 0.994892
-0.836000 0.994892
-0.832000 0.994892
-0.828000 0.994892
-0.824000 0.994892
-0.820000 0.994892
-0.816000 0.994892
-0.812000 0.994892
-0.808000 0.994892
-0.804000 0.994892
-0.800000 0.994892
-0.796000 0.994892
-0.792000 0.994892
-0.788000 0.994892
-0.784000 0.994892
-0.780000 0.994892
-0.776000 0.994892
-0.772000 0.994892
-0.768000 0.994892
-0.764000 0.994892
-0.760000 0.994892
-0.756000 0.994892
-0.752000 0.994892
-0.748000 0.994892
-0.744000 0.994892
-0.740000 0.994892
-0.736000 0.994892
-0.732000 0.994892
-0.728000 0.994892
-0.724000 0.994892
-0.720000 0.994892
-0.716000 0.994892
-0.712000 0.994892
-0.708000 0.994892
-0.704000 0.994892
-0.700000 0.994892
-0.696000 0.994892
-0.692000 0.994892
-0.688000 0.994892
-0.684000 0.994892
-0.680000 0.994892
-0.676000 0.994892
-0.672000 0.994892
-0.668000 0.994892
-0.664000 0.994892
-0.660000 0.994892
-0.656000 0.994892
-0.652000 0.994892
-0.648000 0.994892
-0.644000 0.994892
-0.640000 0.994892
-0.636000 0.994892
-0.632000 0.994892
-0.628000 0.994892
-0.624000 0.994892
-0.620000 0.994892
-0.616000 0.994892
-0.612000 0.994892
-0.608000 0.994892
-0.604000 0.994892
-0.600000 0.994892
-0.596000 0.994892
-0.592000 0.994892
-0.588000 0.994892
-0.584000 0.994892
-0.580000 0.994892
-0.576000 0.994892
-0.572000 0.994892
-0.568000 0.994892
-0.564000 0.994892
-0.560000 0.994892
-0.556000 0.994892
-0.552000 0.994892
-0.548000 0.994892
-0.544000 0.994892
-0.540000 0.994892
-0.536000 0.994892
-0.532000 0.994892
-0.528000 0.994892
-0.524000 0.994892
-0.520000 0.994892
-0.516000 0.994892
-0.512000 0.994892
-0.508000 0.994892
-0.504000 0.994892
-0.500000 0.994892
-0.496000 0.994892
-0.492000 0.994892
-0.488000 0.994892
-0.484000 0.994892
-0.480000 0.994892
-0.476000 0.994892
-0.472000 0.994892
-0.468000 0.994892
-0.464000 0.994892
-0.460000 0.994892
-0.456000 0.994892
-0.452000 0.994892
-0.448000 0.994892
-0.444000 0.994892
-0.440000 0.994892
-0.436000 0.994892
-0.432000 0.994892
-0.428000 0.994892
-0.424000 0.994892
-0.420000 0.994892
-0.416000 0.994892
-0.412000 0.994892
-0.408000 0.994892
-0.404000 0.994892
-0.400000 0.994892
-0.396000 0.994892
-0.392000 0.994892
-0.388000 0.994892
-0.384000 0.994892
-0.380000 0.994892
-0.376000 0.994892
-0.372000 0.994892
-0.368000 0.994892
-0.364000 0.994892
-0.360000 0.994892
-0.356000 0.994892
-0.352000 0.994892
-0.348000 0.994892
-0.344000 0.994892
-0.340000 0.994892
-0.336000 0.994892
-0.332000 0.994892
-0.328000 0.994892
-0.324000 0.994892
-0.320000 0.994892
-0.316000 0.994892
-0.312000 0.994892
-0.308000 0.994892
-0.304000 0.994892
-0.300000 0.994892
-0.296000 0.994892
-0.292000 0.994892
-0.288000 0.994892
-0.284000 0.994892
-0.280000 0.994892
-0.276000 0.994892
-0.272000 0.994892
-0.268000 0.994892
-0.264000 0.994892
-0.260000 0.994892
-0.256000 0.994892
-0.252000 0.994892
-0.248000 0.994892
-0.244000 0.994892
-0.240000 0.994892
-0.236000 0.994892
-0.232000 0.994892
-0.228000 0.994892
-0.224000 0.994892
-0.220000 0.994892
-0.216000 0.994892
-0.212000 0.994892
-0.208000 0.994892
-0.204000 0.994892
-0.200000 0.994892
-0.196000 0.994892
-0.192000 0.994892
-0.188000 0.994892
-0.184000 0.994892
-0.180000 0.994892
-0.176000 0.994892
-0.172000 0.994892
-0.168000 0.994892
-0.164000 0.994892
-0.160000 0.994892
-0.156000 0.994892
-0.152000 0.994892
-0.148000 0.994892
-0.144000 0.994892
-0.140000 0.994892
-0.136000 0.994892
-0.132000 0.994892
-0.128000 0.994892
-0.124000 0.994892
-0.120000 0.994892
-0.116000 0.994891
-0.112000 0.994891
-0.108000 0.994891
-0.104000 0.994891
-0.100000 0.994891
-0.096000 0.994891
-0.092000 0.994891
-0.088000 0.994891
-0.084000 0.994891
-0.080000 0.994891
-0.076000 0.994891
-0.072000 0.994891
-0.068000 0.994891
-0.064000 0.994891
-0.060000 0.994891
-0.056000 0.994891
-0.052000 0.994890
-0.048000 0.994890
-0.044000 0.994890
-0.040000 0.994890
-0.036000 0.994890
-0.032000 0.994890
-0.028000 0.994890
-0.024000 0.994890
-0.020000 0.994889
-0.016000 0.994889
-0.012000 0.994889
-0.008000 0.994889
-0.004000 0.994889
0.000000 0.994889
0.004000 0.994888
0.008000 0.994888
0.012000 0.994888
0.016000 0.994888
0.020000 0.994887
0.024000 0.994887
0.028000 0.994887
0.032000 0.994886
0.036000 0.994886
0.040000 0.994886
0.044000 0.994885
0.048000 0.994885
0.052000 0.994885
0.056000 0.994884
0.060000 0.994884
0.064000 0.994883
0.068000 0.994883
0.072000 0.994882
0.076000 0.994882
0.080000 0.994881
0.084000 0.994880
0.088000 0.994880
0.092000 0.994879
0.096000 0.994878
0.100000 0.994878
0.104000 0.994877
0.108000 0.994876
0.112000 0.994875
0.116000 0.994875
0.120000 0.994874
0.124000 0.994873
0.128000 0.994872
0.132000 0.994871
0.136000 0.994870
0.140000 0.994868
0.144000 0.994867
0.148000 0.994866
0.152000 0.994865
0.156000 0.994864
0.160000 0.994862
0.164000 0.994861
0.168000 0.994859
0.172000 0.994858
0.176000 0.994856
0.180000 0.994854
0.184000 0.994853
0.188000 0.994851
0.192000 0.994849
0.196000 0.994847
0.200000 0.994845
0.204000 0.994843
0.208000 0.994841
0.212000 0.994839
0.216000 0.994836
0.220000 0.994834
0.224000 0.994832
0.228000 0.994829
0.232000 0.994826
0.236000 0.994824
0.240000 0.994821
0.244000 0.994818
0.248000 0.994815
0.252000 0.994812
0.256000 0.994809
0.260000 0.994805
0.264000 0.994802
0.268000 0.994799
0.272000 0.994795
0.276000 0.994791
0.280000 0.994787
0.284000 0.994784
0.288000 0.994779
0.292000 0.994775
0.296000 0.994771
0.300000 0.994767
0.304000 0.994762
0.308000 0.994758
0.312000 0.994753
0.316000 0.994748
0.320000 0.994743
0.324000 0.994738
0.328000 0.994733
0.332000 0.994727
0.336000 0.994722
0.340000 0.994716
0.344000 0.994710
0.348000 0.994704
0.352000 0.994698
0.356000 0.994692
0.360000 0.994686
0.364000 0.994679
0.368000 0.994673
0.372000 0.994666
0.376000 0.994659
0.380000 0.994652
0.384000 0.994645
0.388000 0.994637
0.392000 0.994630
0.396000 0.994622
0.400000 0.994614
0.404000 0.994607
0.408000 0.994598
0.412000 0.994590
0.416000 0.994582
0.420000 0.994573
0.424000 0.994565
0.428000 0.994556
0.432000 0.994547
0.436000 0.994538
0.440000 0.994529
0.444000 0.994520
0.448000 0.994510
0.452000 0.994500
0.456000 0.994491
0.460000 0.994481
0.464000 0.994471
0.468000 0.994460
0.472000 0.994450
0.476000 0.994440
0.480000 0.994429
0.484000 0.994418
0.488000 0.994408
0.492000 0.994397
0.496000 0.994386
0.500000 0.994374
0.504000 0.994363
0.508000 0.994352
0.512000 0.994340
0.516000 0.994329
0.520000 0.994317
0.524000 0.994305
0.528000 0.994293
0.532000 0.994281
0.536000 0.994269
0.540000 0.994257
0.544000 0.994244
0.548000 0.994232
0.552000 0.994219
0.556000 0.994207
0.560000 0.994194
0.564000 0.994181
0.568000 0.994168
0.572000 0.994156
0.576000 0.994143
0.580000 0.994130
0.584000 0.994117
0.588000 0.994103
0.592000 0.994090
0.596000 0.994077
0.600000 0.994064
0.604000 0.994051
0.608000 0.994037
0.612000 0.994024
0.616000 0.994010
0.620000 0.993997
0.624000 0.993984
0.628000 0.993970
0.632000 0.993957
0.636000 0.993943
0.640000 0.993930
0.644000 0.993916
0.648000 0.993903
0.652000 0.993890
0.656000 0.993876
0.660000 0.993863
0.664000 0.993849
0.668000 0.993836
0.672000 0.993823
0.676000 0.993809
0.680000 0.993796
0.684000 0.993783
0.688000 0.993770
0.692000 0.993757
0.696000 0.993744
0.700000 0.993731
0.704000 0.993718
0.708000 0.993705
0.712000 0.993692
0.716000 0.993679
0.720000 0.993666
0.724000 0.993654
0.728000 0.993641
0.732000 0.993629
0.736000 0.993617
0.740000 0.993604
0.744000 0.993592
0.748000 0.993580
0.752000 0.993568
0.756000 0.993556
0.760000 0.993544
0.764000 0.993532
0.768000 0.993521
0.772000 0.993509
0.776000 0.993498
0.780000 0.993487
0.784000 0.993475
0.788000 0.993464
0.792000 0.993453
0.796000 0.993443
0.800000 0.993432
0.804000 0.993421
0.808000 0.993411
0.812000 0.993401
0.816000 0.993390
0.820000 0.993380
0.824000 0.993370
0.828000 0.993361
0.832000 0.993351
0.836000 0.993341
0.840000 0.993332
0.844000 0.993322
0.848000 0.993313
0.852000 0.993304
0.856000 0.993295
0.860000 0.993287
0.864000 0.993278
0.868000 0.993269
0.872000 0.993261
0.876000 0.993253
0.880000 0.993245
0.884000 0.993237
0.888000 0.993229
0.892000 0.993221
0.896000 0.993214
0.900000 0.993206
0.904000 0.993199
0.908000 0.993192
0.912000 0.993185
0.916000 0.993178
0.920000 0.993171
0.924000 0.993164
0.928000 0.993158
0.932000 0.993151
0.936000 0.993145
0.940000 0.993139
0.944000 0.993133
0.948000 0.993127
0.952000 0.993121
0.956000 0.993115
0.960000 0.993110
0.964000 0.993104
0.968000 0.993098
0.972000 0.993092
0.976000 0.993087
0.980000 0.993081
0.984000 0.993074
0.988000 0.993067
0.992000 0.993059
0.996000 0.993050
1.000000 0.993040
