-1.000000 0.992919
-0.996000 0.992919
-0.992000 0.992919
-0.988000 0.992919
-0.984000 0.992919
-0.980000 0.992919
-0.976000 0.992919
-0.972000 0.992919
-0.968000 0.992919
-0.964000 0.992919
-0.960000 0.992919
-0.956000 0.992919
-0.952000 0.992919
-0.948000 0.992919
-0.944000 0.992919
-0.940000 0.992919
-0.936000 0.992919
-0.932000 0.992919
-0.928000 0.992919
-0.924000 0.992919
-0.920000 0.992919
-0.916000 0.992919
-0.912000 0.992919
-0.908000 0.992919
-0.904000 0.992919
-0.900000 0.992919
-0.896000 0.992919
-0.892000 0.992919
-0.888000 0.992919
-0.884000 0.992919
-0.880000 0.992919
-0.876000 0.992919
-0.872000 0.992919
-0.868000 0.992919
-0.864000 0.992919
-0.860000 0.992919
-0.856000 0.992919
-0.852000 0.992919
-0.848000 0.992920
-0.844000 0.992920
-0.840000 0.992920
-0.836000 0.992920
-0.832000 0.992920
-0.828000 0.992920
-0.824000 0.992920
-0.820000 0.992920
-0.816000 0.992921
-0.812000 0.992921
-0.808000 0.992921
-0.804000 0.992921
-0.800000 0.992922
-0.796000 0.992922
-0.792000 0.992923
-0.788000 0.992923
-0.784000 0.992924
-0.780000 0.992924
-0.776000 0.992925
-0.772000 0.992925
-0.768000 0.992926
-0.764000 0.992927
-0.760000 0.992928
-0.756000 0.992929
-0.752000 0.992930
-0.748000 0.992932
-0.744000 0.992933
-0.740000 0.992935
-0.736000 0.992936
-0.732000 0.992938
-0.728000 0.992940
-0.724000 0.992943
-0.720000 0.992945
-0.716000 0.992948
-0.712000 0.992951
-0.708000 0.992954
-0.704000 0.992958
-0.700000 0.992961
-0.696000 0.992965
-0.692000 0.992970
-0.688000 0.992975
-0.684000 0.992980
-0.680000 0.992985
-0.676000 0.992991
-0.672000 0.992998
-0.668000 0.993005
-0.664000 0.993012
-0.660000 0.993020
-0.656000 0.993029
-0.652000 0.993038
-0.648000 0.993048
-0.644000 0.993058
-0.640000 0.993069
-0.636000 0.993081
-0.632000 0.993093
-0.628000 0.993106
-0.624000 0.993121
-0.620000 0.993135
-0.616000 0.993151
-0.612000 0.993168
-0.608000 0.993186
-0.604000 0.993204
-0.600000 0.993224
-0.596000 0.993244
-0.592000 0.993266
-0.588000 0.993289
-0.584000 0.993313
-0.580000 0.993337
-0.576000 0.993364
-0.572000 0.993391
-0.568000 0.993420
-0.564000 0.993449
-0.560000 0.993481
-0.556000 0.993513
-0.552000 0.993547
-0.548000 0.993582
-0.544000 0.993618
-0.540000 0.993656
-0.536000 0.993695
-0.532000 0.993735
-0.528000 0.993777
-0.524000 0.993821
-0.520000 0.993865
-0.516000 0.993911
-0.512000 0.993959
-0.508000 0.994008
-0.504000 0.994058
-0.500000 0.994110
-0.496000 0.994163
-0.492000 0.994217
-0.488000 0.994273
-0.484000 0.994330
-0.480000 0.994388
-0.476000 0.994448
-0.472000 0.994509
-0.468000 0.994571
-0.464000 0.994634
-0.460000 0.994699
-0.456000 0.994765
-0.452000 0.994831
-0.448000 0.994899
-0.444000 0.994968
-0.440000 0.995038
-0.436000 0.995108
-0.432000 0.995180
-0.428000 0.995252
-0.424000 0.995325
-0.420000 0.995399
-0.416000 0.995474
-0.412000 0.995549
-0.408000 0.995624
-0.404000 0.995700
-0.400000 0.995777
-0.396000 0.995854
-0.392000 0.995931
-0.388000 0.996009
-0.384000 0.996087
-0.380000 0.996164
-0.376000 0.996242
-0.372000 0.996320
-0.368000 0.996398
-0.364000 0.996476
-0.360000 0.996554
-0.356000 0.996631
-0.352000 0.996709
-0.348000 0.996785
-0.344000 0.996862
-0.340000 0.996938
-0.336000 0.997014
-0.332000 0.997089
-0.328000 0.997163
-0.324000 0.997237
-0.320000 0.997310
-0.316000 0.997382
-0.312000 0.997454
-0.308000 0.997525
-0.304000 0.997595
-0.300000 0.997664
-0.296000 0.997732
-0.292000 0.997799
-0.288000 0.997865
-0.284000 0.997930
-0.280000 0.997994
-0.276000 0.998057
-0.272000 0.998119
-0.268000 0.998180
-0.264000 0.998240
-0.260000 0.998298
-0.256000 0.998355
-0.252000 0.998412
-0.248000 0.998466
-0.244000 0.998520
-0.240000 0.998573
-0.236000 0.998624
-0.232000 0.998674
-0.228000 0.998723
-0.224000 0.998771
-0.220000 0.998817
-0.216000 0.998862
-0.212000 0.998906
-0.208000 0.998949
-0.204000 0.998990
-0.200000 0.999031
-0.196000 0.999070
-0.192000 0.999108
-0.188000 0.999145
-0.184000 0.999180
-0.180000 0.999215
-0.176000 0.999249
-0.172000 0.999281
-0.168000 0.999312
-0.164000 0.999342
-0.160000 0.999372
-0.156000 0.999400
-0.152000 0.999427
-0.148000 0.999453
-0.144000 0.999478
-0.140000 0.999503
-0.136000 0.999526
-0.132000 0.999549
-0.128000 0.999570
-0.124000 0.999591
-0.120000 0.999611
-0.116000 0.999630
-0.112000 0.999648
-0.108000 0.999666
-0.104000 0.999683
-0.100000 0.999699
-0.096000 0.999714
-0.092000 0.999729
-0.088000 0.999743
-0.084000 0.999757
-0.080000 0.999770
-0.076000 0.999782
-0.072000 0.999794
-0.068000 0.999805
-0.064000 0.999815
-0.060000 0.999826
-0.056000 0.999835
-0.052000 0.999844
-0.048000 0.999853
-0.044000 0.999861
-0.040000 0.999869
-0.036000 0.999877
-0.032000 0.999884
-0.028000 0.999891
-0.024000 0.999897
-0.020000 0.999903
-0.016000 0.999909
-0.012000 0.999914
-0.008000 0.999920
-0.004000 0.999924
0.000000 0.999929
0.004000 0.999933
0.008000 0.999937
0.012000 0.999941
0.016000 0.999945
0.020000 0.999948
0.024000 0.999952
0.028000 0.999955
0.032000 0.999958
0.036000 0.999960
0.040000 0.999963
0.044000 0.999965
0.048000 0.999968
0.052000 0.999970
0.056000 0.999972
0.060000 0.999974
0.064000 0.999975
0.068000 0.999977
0.072000 0.999979
0.076000 0.999980
0.080000 0.999981
0.084000 0.999983
0.088000 0.999984
0.092000 0.999985
0.096000 0.999986
0.100000 0.999987
0.104000 0.999988
0.108000 0.999989
0.112000 0.999990
0.116000 0.999990
0.120000 0.999991
0.124000 0.999992
0.128000 0.999992
0.132000 0.999993
0.136000 0.999993
0.140000 0.999994
0.144000 0.999994
0.148000 0.999995
0.152000 0.999995
0.156000 0.999995
0.160000 0.999996
0.164000 0.999996
0.168000 0.999996
0.172000 0.999997
0.176000 0.999997
0.180000 0.999997
0.184000 0.999997
0.188000 0.999998
0.192000 0.999998
0.196000 0.999998
0.200000 0.999998
0.204000 0.999998
0.208000 0.999998
0.212000 0.999999
0.216000 0.999999
0.220000 0.999999
0.224000 0.999999
0.228000 0.999999
0.232000 0.999999
0.236000 0.999999
0.240000 0.999999
0.244000 0.999999
0.248000 0.999999
0.252000 0.999999
0.256000 0.999999
0.260000 0.999999
0.264000 1.000000
0.268000 1.000000
0.272000 1.000000
0.276000 1.000000
0.280000 1.000000
0.284000 1.000000
0.288000 1.000000
0.292000 1.000000
0.296000 1.000000
0.300000 1.000000
0.304000 1.000000
0.308000 1.000000
0.312000 1.000000
0.316000 1.000000
0.320000 1.000000
0.324000 1.000000
0.328000 1.000000
0.332000 1.000000
0.336000 1.000000
0.340000 1.000000
0.344000 1.000000
0.348000 1.000000
0.352000 1.000000
0.356000 1.000000
0.360000 1.000000
0.364000 1.000000
0.368000 1.000000
0.372000 1.000000
0.376000 1.000000
0.380000 1.000000
0.384000 1.000000
0.388000 1.000000
0.392000 1.000000
0.396000 1.000000
0.400000 1.000000
0.404000 1.000000
0.408000 1.000000
0.412000 1.000000
0.416000 1.000000
0.420000 1.000000
0.424000 1.000000
0.428000 1.000000
0.432000 1.000000
0.436000 1.000000
0.440000 1.000000
0.444000 1.000000
0.448000 1.000000
0.452000 1.000000
0.456000 1.000000
0.460000 1.000000
0.464000 1.000000
0.468000 1.000000
0.472000 1.000000
0.476000 1.000000
0.480000 1.000000
0.484000 1.000000
0.488000 1.000000
0.492000 1.000000
0.496000 1.000000
0.500000 1.000000
0.504000 1.000000
0.508000 1.000000
0.512000 1.000000
0.516000 1.000000
0.520000 1.000000
0.524000 1.000000
0.528000 1.000000
0.532000 1.000000
0.536000 1.000000
0.540000 1.000000
0.544000 1.000000
0.548000 1.000000
0.552000 1.000000
0.556000 1.000000
0.560000 1.000000
0.564000 1.000000
0.568000 1.000000
0.572000 1.000000
0.576000 1.000000
0.580000 1.000000
0.584000 1.000000
0.588000 1.000000
0.592000 1.000000
0.596000 1.000000
0.600000 1.000000
0.604000 1.000000
0.608000 1.000000
0.612000 1.000000
0.616000 1.000000
0.620000 1.000000
0.624000 1.000000
0.628000 1.000000
0.632000 1.000000
0.636000 1.000000
0.640000 1.000000
0.644000 1.000000
0.648000 1.000000
0.652000 1.000000
0.656000 1.000000
0.660000 1.000000
0.664000 1.000000
0.668000 1.000000
0.672000 1.000000
0.676000 1.000000
0.680000 1.000000
0.684000 1.000000
0.688000 1.000000
0.692000 1.000000
0.696000 1.000000
0.700000 1.000000
0.704000 1.000000
0.708000 1.000000
0.712000 1.000000
0.716000 1.000000
0.720000 1.000000
0.724000 1.000000
0.728000 1.000000
0.732000 1.000000
0.736000 1.000000
0.740000 1.000000
0.744000 1.000000
0.748000 1.000000
0.752000 1.000000
0.756000 1.000000
0.760000 1.000000
0.764000 1.000000
0.768000 1.000000
0.772000 1.000000
0.776000 1.000000
0.780000 1.000000
0.784000 1.000000
0.788000 1.000000
0.792000 1.000000
0.796000 1.000000
0.800000 1.000000
0.804000 1.000000
0.808000 1.000000
0.812000 1.000000
0.816000 1.000000
0.820000 1.000000
0.824000 1.000000
0.828000 1.000000
0.832000 1.000000
0.836000 1.000000
0.840000 1.000000
0.844000 1.000000
0.848000 1.000000
0.852000 1.000000
0.856000 1.000000
0.860000 1.000000
0.864000 1.000000
0.868000 1.000000
0.872000 1.000000
0.876000 1.000000
0.880000 1.000000
0.884000 1.000000
0.888000 1.000000
0.892000 1.000000
0.896000 1.000000
0.900000 1.000000
0.904000 1.000000
0.908000 1.000000
0.912000 1.000000
0.916000 1.000000
0.920000 1.000000
0.924000 1.000000
0.928000 1.000000
0.932000 1.000000
0.936000 1.000000
0.940000 1.000000
0.944000 1.000000
0.948000 1.000000
0.952000 1.000000
0.956000 1.000000
0.960000 1.000000
0.964000 1.000000
0.968000 1.000000
0.972000 1.000000
0.976000 1.000000
0.980000 1.000000
0.984000 1.000000
0.988000 1.000000
0.992000 1.000000
0.996000 1.000000
1.000000 1.000000
