-1.000000 0.994892
-0.996000 0.994892
-0.992000 0.994892
-0.988000 0.994892
-0.984000 0.994892
-0.980000 0.994892
-0.976000 0.994892
-0.972000 0.994892
-0.968000 0.994892
-0.964000 0.994892
-0.960000 0.994892
-0.956000 0.994892
-0.952000 0.994892
-0.948000 0.994892
-0.944000 0.994892
-0.940000 0.994892
-0.936000 0.994892
-0.932000 0.994892
-0.928000 0.994892
-0.924000 0.994892
-0.920000 0.994892
-0.916000 0.994892
-0.912000 0.994892
-0.908000 0.994892
-0.904000 0.994892
-0.900000 0.994892
-0.896000 0.994892
-0.892000 0.994892
-0.888000 0.994892
-0.884000 0.994892
-0.880000 0.994892
-0.876000 0.994892
-0.872000 0.994892
-0.868000 0.994892
-0.864000 0.994892
-0.860000 0.994892
-0.856000 0.994892
-0.852000 0.994892
-0.848000 0.994892
-0.844000 0.994892
-0.840000 0.994892
-0.836000 0.994892
-0.832000 0.994892
-0.828000 0.994892
-0.824000 0.994892
-0.820000 0.994892
-0.816000 0.994892
-0.812000 0.994892
-0.808000 0.994892
-0.804000 0.994892
-0.800000 0.994892
-0.796000 0.994892
-0.792000 0.994892
-0.788000 0.994892
-0.784000 0.994892
-0.780000 0.994892
-0.776000 0.994892
-0.772000 0.994892
-0.768000 0.994892
-0.764000 0.994892
-0.760000 0.994892
-0.756000 0.994892
-0.752000 0.994892
-0.748000 0.994892
-0.744000 0.994892
-0.740000 0.994892
-0.736000 0.994892
-0.732000 0.994892
-0.728000 0.994892
-0.724000 0.994892
-0.720000 0.994892
-0.716000 0.994892
-0.712000 0.994892
-0.708000 0.994892
-0.704000 0.994892
-0.700000 0.994892
-0.696000 0.994892
-0.692000 0.994892
-0.688000 0.994892
-0.684000 0.994892
-0.680000 0.994892
-0.676000 0.994892
-0.672000 0.994892
-0.668000 0.994892
-0.664000 0.994892
-0.660000 0.994892
-0.656000 0.994892
-0.652000 0.994892
-0.648000 0.994892
-0.644000 0.994892
-0.640000 0.994892
-0.636000 0.994892
-0.632000 0.994892
-0.628000 0.994892
-0.624000 0.994892
-0.620000 0.994892
-0.616000 0.994892
-0.612000 0.994892
-0.608000 0.994892
-0.604000 0.994892
-0.600000 0.994892
-0.596000 0.994892
-0.592000 0.994892
-0.588000 0.994892
-0.584000 0.994892
-0.580000 0.994892
-0.576000 0.994892
-0.572000 0.994892
-0.568000 0.994892
-0.564000 0.994892
-0.560000 0.994892
-0.556000 0.994892
-0.552000 0.994892
-0.548000 0.994892
-0.544000 0.994892
-0.540000 0.994892
-0.536000 0.994892
-0.532000 0.994892
-0.528000 0.994892
-0.524000 0.994892
-0.520000 0.994892
-0.516000 0.994892
-0.512000 0.994892
-0.508000 0.994892
-0.504000 0.994892
-0.500000 0.994892
-0.496000 0.994892
-0.492000 0.994892
-0.488000 0.994892
-0.484000 0.994892
-0.480000 0.994892
-0.476000 0.994892
-0.472000 0.994892
-0.468000 0.994892
-0.464000 0.994892
-0.460000 0.994892
-0.456000 0.994892
-0.452000 0.994892
-0.448000 0.994892
-0.444000 0.994892
-0.440000 0.994892
-0.436000 0.994892
-0.432000 0.994892
-0.428000 0.994892
-0.424000 0.994892
-0.420000 0.994892
-0.416000 0.994892
-0.412000 0.994892
-0.408000 0.994892
-0.404000 0.994892
-0.400000 0.994892
-0.396000 0.994892
-0.392000 0.994892
-0.388000 0.994892
-0.384000 0.994892
-0.380000 0.994892
-0.376000 0.994892
-0.372000 0.994892
-0.368000 0.994892
-0.364000 0.994892
-0.360000 0.994892
-0.356000 0.994892
-0.352000 0.994892
-0.348000 0.994892
-0.344000 0.994892
-0.340000 0.994892
-0.336000 0.994892
-0.332000 0.994892
-0.328000 0.994892
-0.324000 0.994892
-0.320000 0.994892
-0.316000 0.994892
-0.312000 0.994892
-0.308000 0.994892
-0.304000 0.994892
-0.300000 0.994892
-0.296000 0.994892
-0.292000 0.994892
-0.288000 0.994892
-0.284000 0.994892
-0.280000 0.994892
-0.276000 0.994892
-0.272000 0.994892
-0.268000 0.994892
-0.264000 0.994892
-0.260000 0.994892
-0.256000 0.994891
-0.252000 0.994891
-0.248000 0.994891
-0.244000 0.994891
-0.240000 0.994891
-0.236000 0.994891
-0.232000 0.994891
-0.228000 0.994891
-0.224000 0.994891
-0.220000 0.994891
-0.216000 0.994891
-0.212000 0.994891
-0.208000 0.994891
-0.204000 0.994891
-0.200000 0.994891
-0.196000 0.994890
-0.192000 0.994890
-0.188000 0.994890
-0.184000 0.994890
-0.180000 0.994890
-0.176000 0.994890
-0.172000 0.994890
-0.168000 0.994890
-0.164000 0.994889
-0.160000 0.994889
-0.156000 0.994889
-0.152000 0.994889
-0.148000 0.994889
-0.144000 0.994888
-0.140000 0.994888
-0.136000 0.994888
-0.132000 0.994888
-0.128000 0.994887
-0.124000 0.994887
-0.120000 0.994887
-0.116000 0.994886
-0.112000 0.994886
-0.108000 0.994885
-0.104000 0.994885
-0.100000 0.994885
-0.096000 0.994884
-0.092000 0.994884
-0.088000 0.994883
-0.084000 0.994883
-0.080000 0.994882
-0.076000 0.994881
-0.072000 0.994881
-0.068000 0.994880
-0.064000 0.994880
-0.060000 0.994879
-0.056000 0.994878
-0.052000 0.994877
-0.048000 0.994876
-0.044000 0.994876
-0.040000 0.994875
-0.036000 0.994874
-0.032000 0.994873
-0.028000 0.994872
-0.024000 0.994870
-0.020000 0.994869
-0.016000 0.994868
-0.012000 0.994867
-0.008000 0.994866
-0.004000 0.994864
0.000000 0.994863
0.004000 0.994861
0.008000 0.994860
0.012000 0.994858
0.016000 0.994856
0.020000 0.994855
0.024000 0.994853
0.028000 0.994851
0.032000 0.994849
0.036000 0.994847
0.040000 0.994845
0.044000 0.994842
0.048000 0.994840
0.052000 0.994838
0.056000 0.994835
0.060000 0.994833
0.064000 0.994830
0.068000 0.994827
0.072000 0.994824
0.076000 0.994821
0.080000 0.994818
0.084000 0.994815
0.088000 0.994812
0.092000 0.994808
0.096000 0.994805
0.100000 0.994801
0.104000 0.994797
0.108000 0.994793
0.112000 0.994789
0.116000 0.994785
0.120000 0.994781
0.124000 0.994777
0.128000 0.994772
0.132000 0.994767
0.136000 0.994763
0.140000 0.994758
0.144000 0.994753
0.148000 0.994747
0.152000 0.994742
0.156000 0.994736
0.160000 0.994731
0.164000 0.994725
0.168000 0.994719
0.172000 0.994713
0.176000 0.994707
0.180000 0.994700
0.184000 0.994694
0.188000 0.994687
0.192000 0.994680
0.196000 0.994673
0.200000 0.994666
0.204000 0.994658
0.208000 0.994651
0.212000 0.994643
0.216000 0.994635
0.220000 0.994627
0.224000 0.994619
0.228000 0.994611
0.232000 0.994602
0.236000 0.994594
0.240000 0.994585
0.244000 0.994576
0.248000 0.994567
0.252000 0.994557
0.256000 0.994548
0.260000 0.994538
0.264000 0.994528
0.268000 0.994518
0.272000 0.994508
0.276000 0.994498
0.280000 0.994487
0.284000 0.994477
0.288000 0.994466
0.292000 0.994455
0.296000 0.994444
0.300000 0.994433
0.304000 0.994422
0.308000 0.994410
0.312000 0.994398
0.316000 0.994387
0.320000 0.994375
0.324000 0.994363
0.328000 0.994350
0.332000 0.994338
0.336000 0.994326
0.340000 0.994313
0.344000 0.994300
0.348000 0.994288
0.352000 0.994275
0.356000 0.994262
0.360000 0.994249
0.364000 0.994236
0.368000 0.994222
0.372000 0.994209
0.376000 0.994195
0.380000 0.994182
0.384000 0.994168
0.388000 0.994154
0.392000 0.994141
0.396000 0.994127
0.400000 0.994113
0.404000 0.994099
0.408000 0.994085
0.412000 0.994071
0.416000 0.994057
0.420000 0.994043
0.424000 0.994028
0.428000 0.994014
0.432000 0.994000
0.436000 0.993986
0.440000 0.993971
0.444000 0.993957
0.448000 0.993943
0.452000 0.993928
0.456000 0.993914
0.460000 0.993900
0.464000 0.993886
0.468000 0.993871
0.472000 0.993857
0.476000 0.993843
0.480000 0.993829
0.484000 0.993815
0.488000 0.993800
0.492000 0.993786
0.496000 0.993772
0.500000 0.993758
0.504000 0.993744
0.508000 0.993731
0.512000 0.993717
0.516000 0.993703
0.520000 0.993690
0.524000 0.993676
0.528000 0.993663
0.532000 0.993649
0.536000 0.993636
0.540000 0.993623
0.544000 0.993610
0.548000 0.993597
0.552000 0.993584
0.556000 0.993571
0.560000 0.993558
0.564000 0.993546
0.568000 0.993533
0.572000 0.993521
0.576000 0.993509
0.580000 0.993497
0.584000 0.993485
0.588000 0.993473
0.592000 0.993461
0.596000 0.993449
0.600000 0.993438
0.604000 0.993427
0.608000 0.993416
0.612000 0.993405
0.616000 0.993394
0.620000 0.993383
0.624000 0.993372
0.628000 0.993362
0.632000 0.993352
0.636000 0.993341
0.640000 0.993331
0.644000 0.993321
0.648000 0.993312
0.652000 0.993302
0.656000 0.993293
0.660000 0.993284
0.664000 0.993274
0.668000 0.993265
0.672000 0.993257
0.676000 0.993248
0.680000 0.993239
0.684000 0.993231
0.688000 0.993223
0.692000 0.993215
0.696000 0.993207
0.700000 0.993199
0.704000 0.993192
0.708000 0.993184
0.712000 0.993177
0.716000 0.993170
0.720000 0.993163
0.724000 0.993156
0.728000 0.993149
0.732000 0.993142
0.736000 0.993136
0.740000 0.993130
0.744000 0.993123
0.748000 0.993117
0.752000 0.993111
0.756000 0.993106
0.760000 0.993100
0.764000 0.993095
0.768000 0.993089
0.772000 0.993084
0.776000 0.993079
0.780000 0.993074
0.784000 0.993069
0.788000 0.993064
0.792000 0.993060
0.796000 0.993055
0.800000 0.993051
0.804000 0.993046
0.808000 0.993042
0.812000 0.993038
0.816000 0.993034
0.820000 0.993030
0.824000 0.993027
0.828000 0.993023
0.832000 0.993019
0.836000 0.993016
0.840000 0.993013
0.844000 0.993009
0.848000 0.993006
0.852000 0.993003
0.856000 0.993000
0.860000 0.992997
0.864000 0.992995
0.868000 0.992992
0.872000 0.992989
0.876000 0.992987
0.880000 0.992984
0.884000 0.992982
0.888000 0.992979
0.892000 0.992977
0.896000 0.992975
0.900000 0.992973
0.904000 0.992971
0.908000 0.992969
0.912000 0.992967
0.916000 0.992965
0.920000 0.992963
0.924000 0.992962
0.928000 0.992960
0.932000 0.992958
0.936000 0.992957
0.940000 0.992955
0.944000 0.992954
0.948000 0.992952
0.952000 0.992951
0.956000 0.992950
0.960000 0.992948
0.964000 0.992947
0.968000 0.992946
0.972000 0.992945
0.976000 0.992944
0.980000 0.992942
0.984000 0.992941
0.988000 0.992940
0.992000 0.992938
0.996000 0.992936
1.000000 0.992934
