-1.000000 0.994892
-0.996000 0.994892
-0.992000 0.994892
-0.988000 0.994892
-0.984000 0.994892
-0.980000 0.994892
-0.976000 0.994892
-0.972000 0.994892
-0.968000 0.994892
-0.964000 0.994892
-0.960000 0.994892
-0.956000 0.994892
-0.952000 0.994892
-0.948000 0.994892
-0.944000 0.994892
-0.940000 0.994892
-0.936000 0.994892
-0.932000 0.994892
-0.928000 0.994892
-0.924000 0.994892
-0.920000 0.994892
-0.916000 0.994892
-0.912000 0.994892
-0.908000 0.994892
-0.904000 0.994892
-0.900000 0.994892
-0.896000 0.994892
-0.892000 0.994892
-0.888000 0.994892
-0.884000 0.994892
-0.880000 0.994892
-0.876000 0.994892
-0.872000 0.994892
-0.868000 0.994892
-0.864000 0.994892
-0.860000 0.994892
-0.856000 0.994892
-0.852000 0.994892
-0.848000 0.994892
-0.844000 0.994892
-0.840000 0.994892
-0.836000 0.994892
-0.832000 0.994892
-0.828000 0.994892
-0.824000 0.994892
-0.820000 0.994892
-0.816000 0.994892
-0.812000 0.994892
-0.808000 0.994892
-0.804000 0.994892
-0.800000 0.994892
-0.796000 0.994892
-0.792000 0.994892
-0.788000 0.994892
-0.784000 0.994892
-0.780000 0.994892
-0.776000 0.994892
-0.772000 0.994892
-0.768000 0.994892
-0.764000 0.994892
-0.760000 0.994892
-0.756000 0.994892
-0.752000 0.994892
-0.748000 0.994892
-0.744000 0.994892
-0.740000 0.994892
-0.736000 0.994892
-0.732000 0.994892
-0.728000 0.994892
-0.724000 0.994892
-0.720000 0.994892
-0.716000 0.994892
-0.712000 0.994892
-0.708000 0.994892
-0.704000 0.994892
-0.700000 0.994892
-0.696000 0.994892
-0.692000 0.994892
-0.688000 0.994892
-0.684000 0.994892
-0.680000 0.994892
-0.676000 0.994892
-0.672000 0.994892
-0.668000 0.994892
-0.664000 0.994892
-0.660000 0.994892
-0.656000 0.994892
-0.652000 0.994892
-0.648000 0.994892
-0.644000 0.994892
-0.640000 0.994892
-0.636000 0.994892
-0.632000 0.994892
-0.628000 0.994892
-0.624000 0.994892
-0.620000 0.994892
-0.616000 0.994892
-0.612000 0.994892
-0.608000 0.994892
-0.604000 0.994892
-0.600000 0.994892
-0.596000 0.994892
-0.592000 0.994892
-0.588000 0.994892
-0.584000 0.994892
-0.580000 0.994892
-0.576000 0.994892
-0.572000 0.994892
-0.568000 0.994892
-0.564000 0.994892
-0.560000 0.994892
-0.556000 0.994892
-0.552000 0.994892
-0.548000 0.994892
-0.544000 0.994892
-0.540000 0.994892
-0.536000 0.994892
-0.532000 0.994892
-0.528000 0.994892
-0.524000 0.994892
-0.520000 0.994892
-0.516000 0.994892
-0.512000 0.994892
-0.508000 0.994892
-0.504000 0.994892
-0.500000 0.994892
-0.496000 0.994892
-0.492000 0.994892
-0.488000 0.994892
-0.484000 0.994892
-0.480000 0.994892
-0.476000 0.994892
-0.472000 0.994892
-0.468000 0.994892
-0.464000 0.994892
-0.460000 0.994892
-0.456000 0.994892
-0.452000 0.994892
-0.448000 0.994892
-0.444000 0.994892
-0.440000 0.994892
-0.436000 0.994892
-0.432000 0.994892
-0.428000 0.994892
-0.424000 0.994892
-0.420000 0.994892
-0.416000 0.994892
-0.412000 0.994892
-0.408000 0.994892
-0.404000 0.994892
-0.400000 0.994892
-0.396000 0.994892
-0.392000 0.994892
-0.388000 0.994892
-0.384000 0.994892
-0.380000 0.994892
-0.376000 0.994892
-0.372000 0.994892
-0.368000 0.994892
-0.364000 0.994892
-0.360000 0.994892
-0.356000 0.994892
-0.352000 0.994892
-0.348000 0.994892
-0.344000 0.994892
-0.340000 0.994892
-0.336000 0.994892
-0.332000 0.994892
-0.328000 0.994892
-0.324000 0.994892
-0.320000 0.994892
-0.316000 0.994892
-0.312000 0.994892
-0.308000 0.994892
-0.304000 0.994892
-0.300000 0.994892
-0.296000 0.994892
-0.292000 0.994892
-0.288000 0.994892
-0.284000 0.994892
-0.280000 0.994892
-0.276000 0.994892
-0.272000 0.994892
-0.268000 0.994892
-0.264000 0.994892
-0.260000 0.994892
-0.256000 0.994892
-0.252000 0.994892
-0.248000 0.994892
-0.244000 0.994892
-0.240000 0.994892
-0.236000 0.994892
-0.232000 0.994892
-0.228000 0.994892
-0.224000 0.994892
-0.220000 0.994892
-0.216000 0.994892
-0.212000 0.994892
-0.208000 0.994892
-0.204000 0.994892
-0.200000 0.994892
-0.196000 0.994892
-0.192000 0.994892
-0.188000 0.994892
-0.184000 0.994892
-0.180000 0.994892
-0.176000 0.994892
-0.172000 0.994892
-0.168000 0.994892
-0.164000 0.994892
-0.160000 0.994892
-0.156000 0.994892
-0.152000 0.994891
-0.148000 0.994891
-0.144000 0.994891
-0.140000 0.994891
-0.136000 0.994891
-0.132000 0.994891
-0.128000 0.994891
-0.124000 0.994891
-0.120000 0.994891
-0.116000 0.994891
-0.112000 0.994891
-0.108000 0.994891
-0.104000 0.994891
-0.100000 0.994891
-0.096000 0.994891
-0.092000 0.994891
-0.088000 0.994890
-0.084000 0.994890
-0.080000 0.994890
-0.076000 0.994890
-0.072000 0.994890
-0.068000 0.994890
-0.064000 0.994890
-0.060000 0.994889
-0.056000 0.994889
-0.052000 0.994889
-0.048000 0.994889
-0.044000 0.994889
-0.040000 0.994889
-0.036000 0.994888
-0.032000 0.994888
-0.028000 0.994888
-0.024000 0.994888
-0.020000 0.994887
-0.016000 0.994887
-0.012000 0.994887
-0.008000 0.994886
-0.004000 0.994886
0.000000 0.994886
0.004000 0.994885
0.008000 0.994885
0.012000 0.994885
0.016000 0.994884
0.020000 0.994884
0.024000 0.994883
0.028000 0.994883
0.032000 0.994882
0.036000 0.994882
0.040000 0.994881
0.044000 0.994880
0.048000 0.994880
0.052000 0.994879
0.056000 0.994878
0.060000 0.994878
0.064000 0.994877
0.068000 0.994876
0.072000 0.994875
0.076000 0.994874
0.080000 0.994873
0.084000 0.994872
0.088000 0.994871
0.092000 0.994870
0.096000 0.994869
0.100000 0.994868
0.104000 0.994867
0.108000 0.994866
0.112000 0.994864
0.116000 0.994863
0.120000 0.994861
0.124000 0.994860
0.128000 0.994858
0.132000 0.994857
0.136000 0.994855
0.140000 0.994853
0.144000 0.994852
0.148000 0.994850
0.152000 0.994848
0.156000 0.994846
0.160000 0.994844
0.164000 0.994842
0.168000 0.994839
0.172000 0.994837
0.176000 0.994835
0.180000 0.994832
0.184000 0.994830
0.188000 0.994827
0.192000 0.994824
0.196000 0.994821
0.200000 0.994819
0.204000 0.994816
0.208000 0.994812
0.212000 0.994809
0.216000 0.994806
0.220000 0.994802
0.224000 0.994799
0.228000 0.994795
0.232000 0.994791
0.236000 0.994788
0.240000 0.994784
0.244000 0.994779
0.248000 0.994775
0.252000 0.994771
0.256000 0.994766
0.260000 0.994762
0.264000 0.994757
0.268000 0.994752
0.272000 0.994747
0.276000 0.994742
0.280000 0.994737
0.284000 0.994732
0.288000 0.994726
0.292000 0.994721
0.296000 0.994715
0.300000 0.994709
0.304000 0.994703
0.308000 0.994697
0.312000 0.994690
0.316000 0.994684
0.320000 0.994677
0.324000 0.994670
0.328000 0.994663
0.332000 0.994656
0.336000 0.994649
0.340000 0.994642
0.344000 0.994634
0.348000 0.994627
0.352000 0.994619
0.356000 0.994611
0.360000 0.994603
0.364000 0.994594
0.368000 0.994586
0.372000 0.994578
0.376000 0.994569
0.380000 0.994560
0.384000 0.994551
0.388000 0.994542
0.392000 0.994532
0.396000 0.994523
0.400000 0.994513
0.404000 0.994504
0.408000 0.994494
0.412000 0.994484
0.416000 0.994474
0.420000 0.994463
0.424000 0.994453
0.428000 0.994442
0.432000 0.994432
0.436000 0.994421
0.440000 0.994410
0.444000 0.994399
0.448000 0.994388
0.452000 0.994376
0.456000 0.994365
0.460000 0.994353
0.464000 0.994341
0.468000 0.994330
0.472000 0.994318
0.476000 0.994306
0.480000 0.994293
0.484000 0.994281
0.488000 0.994269
0.492000 0.994256
0.496000 0.994244
0.500000 0.994231
0.504000 0.994219
0.508000 0.994206
0.512000 0.994193
0.516000 0.994180
0.520000 0.994167
0.524000 0.994154
0.528000 0.994141
0.532000 0.994127
0.536000 0.994114
0.540000 0.994101
0.544000 0.994087
0.548000 0.994074
0.552000 0.994061
0.556000 0.994047
0.560000 0.994033
0.564000 0.994020
0.568000 0.994006
0.572000 0.993993
0.576000 0.993979
0.580000 0.993965
0.584000 0.993952
0.588000 0.993938
0.592000 0.993924
0.596000 0.993911
0.600000 0.993897
0.604000 0.993884
0.608000 0.993870
0.612000 0.993856
0.616000 0.993843
0.620000 0.993829
0.624000 0.993816
0.628000 0.993802
0.632000 0.993789
0.636000 0.993775
0.640000 0.993762
0.644000 0.993749
0.648000 0.993736
0.652000 0.993722
0.656000 0.993709
0.660000 0.993696
0.664000 0.993683
0.668000 0.993670
0.672000 0.993657
0.676000 0.993645
0.680000 0.993632
0.684000 0.993619
0.688000 0.993607
0.692000 0.993595
0.696000 0.993582
0.700000 0.993570
0.704000 0.993558
0.708000 0.993546
0.712000 0.993534
0.716000 0.993522
0.720000 0.993511
0.724000 0.993499
0.728000 0.993487
0.732000 0.993476
0.736000 0.993465
0.740000 0.993454
0.744000 0.993443
0.748000 0.993432
0.752000 0.993421
0.756000 0.993411
0.760000 0.993400
0.764000 0.993390
0.768000 0.993379
0.772000 0.993369
0.776000 0.993359
0.780000 0.993350
0.784000 0.993340
0.788000 0.993330
0.792000 0.993321
0.796000 0.993312
0.800000 0.993302
0.804000 0.993293
0.808000 0.993285
0.812000 0.993276
0.816000 0.993267
0.820000 0.993259
0.824000 0.993250
0.828000 0.993242
0.832000 0.993234
0.836000 0.993226
0.840000 0.993219
0.844000 0.993211
0.848000 0.993203
0.852000 0.993196
0.856000 0.993189
0.860000 0.993182
0.864000 0.993175
0.868000 0.993168
0.872000 0.993161
0.876000 0.993155
0.880000 0.993148
0.884000 0.993142
0.888000 0.993136
0.892000 0.993130
0.896000 0.993124
0.900000 0.993118
0.904000 0.993112
0.908000 0.993107
0.912000 0.993101
0.916000 0.993096
0.920000 0.993091
0.924000 0.993086
0.928000 0.993081
0.932000 0.993076
0.936000 0.993071
0.940000 0.993067
0.944000 0.993062
0.948000 0.993058
0.952000 0.993053
0.956000 0.993049
0.960000 0.993045
0.964000 0.993041
0.968000 0.993037
0.972000 0.993032
0.976000 0.993028
0.980000 0.993024
0.984000 0.993019
0.988000 0.993014
0.992000 0.993009
0.996000 0.993003
1.000000 0.992995
