-1.000000 0.994892
-0.996000 0.994892
-0.992000 0.994892
-0.988000 0.994892
-0.984000 0.994892
-0.980000 0.994892
-0.976000 0.994892
-0.972000 0.994892
-0.968000 0.994892
-0.964000 0.994892
-0.960000 0.994892
-0.956000 0.994892
-0.952000 0.994892
-0.948000 0.994892
-0.944000 0.994892
-0.940000 0.994892
-0.936000 0.994892
-0.932000 0.994892
-0.928000 0.994892
-0.924000 0.994892
-0.920000 0.994892
-0.916000 0.994892
-0.912000 0.994892
-0.908000 0.994892
-0.904000 0.994892
-0.900000 0.994892
-0.896000 0.994892
-0.892000 0.994892
-0.888000 0.994892
-0.884000 0.994892
-0.880000 0.994892
-0.876000 0.994892
-0.872000 0.994892
-0.868000 0.994892
-0.864000 0.994892
-0.860000 0.994892
-0.856000 0.994892
-0.852000 0.994892
-0.848000 0.994892
-0.844000 0.994892
-0.840000 0.994892
-0.836000 0.994892
-0.832000 0.994892
-0.828000 0.994892
-0.824000 0.994892
-0.820000 0.994892
-0.816000 0.994892
-0.812000 0.994892
-0.808000 0.994892
-0.804000 0.994892
-0.800000 0.994892
-0.796000 0.994892
-0.792000 0.994892
-0.788000 0.994892
-0.784000 0.994892
-0.780000 0.994892
-0.776000 0.994892
-0.772000 0.994892
-0.768000 0.994892
-0.764000 0.994892
-0.760000 0.994892
-0.756000 0.994892
-0.752000 0.994892
-0.748000 0.994892
-0.744000 0.994892
-0.740000 0.994892
-0.736000 0.994892
-0.732000 0.994892
-0.728000 0.994892
-0.724000 0.994892
-0.720000 0.994892
-0.716000 0.994892
-0.712000 0.994892
-0.708000 0.994892
-0.704000 0.994892
-0.700000 0.994892
-0.696000 0.994892
-0.692000 0.994892
-0.688000 0.994892
-0.684000 0.994892
-0.680000 0.994892
-0.676000 0.994892
-0.672000 0.994892
-0.668000 0.994892
-0.664000 0.994892
-0.660000 0.994892
-0.656000 0.994892
-0.652000 0.994892
-0.648000 0.994892
-0.644000 0.994892
-0.640000 0.994892
-0.636000 0.994892
-0.632000 0.994892
-0.628000 0.994892
-0.624000 0.994892
-0.620000 0.994892
-0.616000 0.994892
-0.612000 0.994892
-0.608000 0.994892
-0.604000 0.994892
-0.600000 0.994892
-0.596000 0.994892
-0.592000 0.994892
-0.588000 0.994892
-0.584000 0.994892
-0.580000 0.994892
-0.576000 0.994892
-0.572000 0.994892
-0.568000 0.994892
-0.564000 0.994892
-0.560000 0.994892
-0.556000 0.994892
-0.552000 0.994892
-0.548000 0.994892
-0.544000 0.994892
-0.540000 0.994892
-0.536000 0.994892
-0.532000 0.994892
-0.528000 0.994892
-0.524000 0.994892
-0.520000 0.994892
-0.516000 0.994892
-0.512000 0.994892
-0.508000 0.994892
-0.504000 0.994892
-0.500000 0.994892
-0.496000 0.994892
-0.492000 0.994892
-0.488000 0.994892
-0.484000 0.994892
-0.480000 0.994892
-0.476000 0.994892
-0.472000 0.994892
-0.468000 0.994892
-0.464000 0.994892
-0.460000 0.994892
-0.456000 0.994892
-0.452000 0.994892
-0.448000 0.994892
-0.444000 0.994892
-0.440000 0.994892
-0.436000 0.994892
-0.432000 0.994892
-0.428000 0.994892
-0.424000 0.994892
-0.420000 0.994892
-0.416000 0.994892
-0.412000 0.994892
-0.408000 0.994892
-0.404000 0.994892
-0.400000 0.994892
-0.396000 0.994892
-0.392000 0.994892
-0.388000 0.994892
-0.384000 0.994892
-0.380000 0.994892
-0.376000 0.994892
-0.372000 0.994892
-0.368000 0.994892
-0.364000 0.994892
-0.360000 0.994892
-0.356000 0.994892
-0.352000 0.994892
-0.348000 0.994892
-0.344000 0.994892
-0.340000 0.994892
-0.336000 0.994892
-0.332000 0.994892
-0.328000 0.994892
-0.324000 0.994892
-0.320000 0.994892
-0.316000 0.994892
-0.312000 0.994892
-0.308000 0.994892
-0.304000 0.994892
-0.300000 0.994892
-0.296000 0.994891
-0.292000 0.994891
-0.288000 0.994891
-0.284000 0.994891
-0.280000 0.994891
-0.276000 0.994891
-0.272000 0.994891
-0.268000 0.994891
-0.264000 0.994891
-0.260000 0.994891
-0.256000 0.994891
-0.252000 0.994891
-0.248000 0.994891
-0.244000 0.994891
-0.240000 0.994890
-0.236000 0.994890
-0.232000 0.994890
-0.228000 0.994890
-0.224000 0.994890
-0.220000 0.994890
-0.216000 0.994890
-0.212000 0.994889
-0.208000 0.994889
-0.204000 0.994889
-0.200000 0.994889
-0.196000 0.994889
-0.192000 0.994888
-0.188000 0.994888
-0.184000 0.994888
-0.180000 0.994888
-0.176000 0.994887
-0.172000 0.994887
-0.168000 0.994887
-0.164000 0.994886
-0.160000 0.994886
-0.156000 0.994886
-0.152000 0.994885
-0.148000 0.994885
-0.144000 0.994884
-0.140000 0.994884
-0.136000 0.994883
-0.132000 0.994883
-0.128000 0.994882
-0.124000 0.994882
-0.120000 0.994881
-0.116000 0.994880
-0.112000 0.994880
-0.108000 0.994879
-0.104000 0.994878
-0.100000 0.994877
-0.096000 0.994876
-0.092000 0.994875
-0.088000 0.994874
-0.084000 0.994873
-0.080000 0.994872
-0.076000 0.994871
-0.072000 0.994870
-0.068000 0.994869
-0.064000 0.994868
-0.060000 0.994866
-0.056000 0.994865
-0.052000 0.994864
-0.048000 0.994862
-0.044000 0.994861
-0.040000 0.994859
-0.036000 0.994857
-0.032000 0.994855
-0.028000 0.994854
-0.024000 0.994852
-0.020000 0.994850
-0.016000 0.994848
-0.012000 0.994845
-0.008000 0.994843
-0.004000 0.994841
0.000000 0.994838
0.004000 0.994836
0.008000 0.994833
0.012000 0.994831
0.016000 0.994828
0.020000 0.994825
0.024000 0.994822
0.028000 0.994819
0.032000 0.994815
0.036000 0.994812
0.040000 0.994808
0.044000 0.994805
0.048000 0.994801
0.052000 0.994797
0.056000 0.994793
0.060000 0.994789
0.064000 0.994785
0.068000 0.994781
0.072000 0.994776
0.076000 0.994771
0.080000 0.994767
0.084000 0.994762
0.088000 0.994757
0.092000 0.994751
0.096000 0.994746
0.100000 0.994741
0.104000 0.994735
0.108000 0.994729
0.112000 0.994723
0.116000 0.994717
0.120000 0.994711
0.124000 0.994704
0.128000 0.994698
0.132000 0.994691
0.136000 0.994684
0.140000 0.994677
0.144000 0.994669
0.148000 0.994662
0.152000 0.994654
0.156000 0.994647
0.160000 0.994639
0.164000 0.994630
0.168000 0.994622
0.172000 0.994614
0.176000 0.994605
0.180000 0.994596
0.184000 0.994587
0.188000 0.994578
0.192000 0.994569
0.196000 0.994559
0.200000 0.994549
0.204000 0.994540
0.208000 0.994530
0.212000 0.994519
0.216000 0.994509
0.220000 0.994499
0.224000 0.994488
0.228000 0.994477
0.232000 0.994466
0.236000 0.994455
0.240000 0.994444
0.244000 0.994432
0.248000 0.994420
0.252000 0.994409
0.256000 0.994397
0.260000 0.994385
0.264000 0.994373
0.268000 0.994360
0.272000 0.994348
0.276000 0.994335
0.280000 0.994322
0.284000 0.994310
0.288000 0.994297
0.292000 0.994283
0.296000 0.994270
0.300000 0.994257
0.304000 0.994243
0.308000 0.994230
0.312000 0.994216
0.316000 0.994203
0.320000 0.994189
0.324000 0.994175
0.328000 0.994161
0.332000 0.994147
0.336000 0.994133
0.340000 0.994119
0.344000 0.994104
0.348000 0.994090
0.352000 0.994076
0.356000 0.994061
0.360000 0.994047
0.364000 0.994032
0.368000 0.994018
0.372000 0.994003
0.376000 0.993989
0.380000 0.993974
0.384000 0.993959
0.388000 0.993945
0.392000 0.993930
0.396000 0.993916
0.400000 0.993901
0.404000 0.993886
0.408000 0.993872
0.412000 0.993857
0.416000 0.993843
0.420000 0.993828
0.424000 0.993814
0.428000 0.993799
0.432000 0.993785
0.436000 0.993771
0.440000 0.993757
0.444000 0.993742
0.448000 0.993728
0.452000 0.993714
0.456000 0.993700
0.460000 0.993686
0.464000 0.993673
0.468000 0.993659
0.472000 0.993645
0.476000 0.993632
0.480000 0.993618
0.484000 0.993605
0.488000 0.993592
0.492000 0.993579
0.496000 0.993566
0.500000 0.993553
0.504000 0.993540
0.508000 0.993527
0.512000 0.993515
0.516000 0.993502
0.520000 0.993490
0.524000 0.993478
0.528000 0.993466
0.532000 0.993454
0.536000 0.993442
0.540000 0.993431
0.544000 0.993419
0.548000 0.993408
0.552000 0.993397
0.556000 0.993386
0.560000 0.993375
0.564000 0.993364
0.568000 0.993354
0.572000 0.993343
0.576000 0.993333
0.580000 0.993323
0.584000 0.993313
0.588000 0.993303
0.592000 0.993294
0.596000 0.993284
0.600000 0.993275
0.604000 0.993266
0.608000 0.993257
0.612000 0.993248
0.616000 0.993239
0.620000 0.993231
0.624000 0.993222
0.628000 0.993214
0.632000 0.993206
0.636000 0.993198
0.640000 0.993190
0.644000 0.993183
0.648000 0.993175
0.652000 0.993168
0.656000 0.993161
0.660000 0.993154
0.664000 0.993147
0.668000 0.993140
0.672000 0.993134
0.676000 0.993127
0.680000 0.993121
0.684000 0.993115
0.688000 0.993109
0.692000 0.993103
0.696000 0.993098
0.700000 0.993092
0.704000 0.993087
0.708000 0.993081
0.712000 0.993076
0.716000 0.993071
0.720000 0.993066
0.724000 0.993061
0.728000 0.993057
0.732000 0.993052
0.736000 0.993048
0.740000 0.993044
0.744000 0.993039
0.748000 0.993035
0.752000 0.993031
0.756000 0.993028
0.760000 0.993024
0.764000 0.993020
0.768000 0.993017
0.772000 0.993013
0.776000 0.993010
0.780000 0.993007
0.784000 0.993003
0.788000 0.993000
0.792000 0.992998
0.796000 0.992995
0.800000 0.992992
0.804000 0.992989
0.808000 0.992987
0.812000 0.992984
0.816000 0.992982
0.820000 0.992979
0.824000 0.992977
0.828000 0.992975
0.832000 0.992973
0.836000 0.992971
0.840000 0.992969
0.844000 0.992967
0.848000 0.992965
0.852000 0.992963
0.856000 0.992961
0.860000 0.992960
0.864000 0.992958
0.868000 0.992956
0.872000 0.992955
0.876000 0.992953
0.880000 0.992952
0.884000 0.992951
0.888000 0.992949
0.892000 0.992948
0.896000 0.992947
0.900000 0.992946
0.904000 0.992945
0.908000 0.992943
0.912000 0.992942
0.916000 0.992941
0.920000 0.992940
0.924000 0.992939
0.928000 0.992939
0.932000 0.992938
0.936000 0.992937
0.940000 0.992936
0.944000 0.992935
0.948000 0.992935
0.952000 0.992934
0.956000 0.992933
0.960000 0.992933
0.964000 0.992932
0.968000 0.992931
0.972000 0.992931
0.976000 0.992930
0.980000 0.992929
0.984000 0.992929
0.988000 0.992928
0.992000 0.992927
0.996000 0.992927
1.000000 0.992926
