-1.000000 0.994892
-0.996000 0.994892
-0.992000 0.994892
-0.988000 0.994892
-0.984000 0.994892
-0.980000 0.994892
-0.976000 0.994892
-0.972000 0.994892
-0.968000 0.994892
-0.964000 0.994892
-0.960000 0.994892
-0.956000 0.994892
-0.952000 0.994892
-0.948000 0.994892
-0.944000 0.994892
-0.940000 0.994892
-0.936000 0.994892
-0.932000 0.994892
-0.928000 0.994892
-0.924000 0.994892
-0.920000 0.994892
-0.916000 0.994892
-0.912000 0.994892
-0.908000 0.994892
-0.904000 0.994892
-0.900000 0.994892
-0.896000 0.994892
-0.892000 0.994892
-0.888000 0.994892
-0.884000 0.994892
-0.880000 0.994892
-0.876000 0.994892
-0.872000 0.994892
-0.868000 0.994892
-0.864000 0.994892
-0.860000 0.994892
-0.856000 0.994892
-0.852000 0.994892
-0.848000 0.994892
-0.844000 0.994892
-0.840000 0.994892
-0.836000 0.994892
-0.832000 0.994892
-0.828000 0.994892
-0.824000 0.994892
-0.820000 0.994892
-0.816000 0.994892
-0.812000 0.994892
-0.808000 0.994892
-0.804000 0.994892
-0.800000 0.994892
-0.796000 0.994892
-0.792000 0.994892
-0.788000 0.994892
-0.784000 0.994892
-0.780000 0.994892
-0.776000 0.994892
-0.772000 0.994892
-0.768000 0.994892
-0.764000 0.994892
-0.760000 0.994892
-0.756000 0.994892
-0.752000 0.994892
-0.748000 0.994892
-0.744000 0.994892
-0.740000 0.994892
-0.736000 0.994892
-0.732000 0.994892
-0.728000 0.994892
-0.724000 0.994892
-0.720000 0.994892
-0.716000 0.994892
-0.712000 0.994892
-0.708000 0.994892
-0.704000 0.994892
-0.700000 0.994892
-0.696000 0.994892
-0.692000 0.994892
-0.688000 0.994892
-0.684000 0.994892
-0.680000 0.994892
-0.676000 0.994892
-0.672000 0.994892
-0.668000 0.994892
-0.664000 0.994892
-0.660000 0.994892
-0.656000 0.994892
-0.652000 0.994892
-0.648000 0.994892
-0.644000 0.994892
-0.640000 0.994892
-0.636000 0.994892
-0.632000 0.994892
-0.628000 0.994892
-0.624000 0.994892
-0.620000 0.994892
-0.616000 0.994892
-0.612000 0.994892
-0.608000 0.994892
-0.604000 0.994892
-0.600000 0.994892
-0.596000 0.994892
-0.592000 0.994892
-0.588000 0.994892
-0.584000 0.994892
-0.580000 0.994892
-0.576000 0.994892
-0.572000 0.994892
-0.568000 0.994892
-0.564000 0.994892
-0.560000 0.994892
-0.556000 0.994892
-0.552000 0.994892
-0.548000 0.994892
-0.544000 0.994892
-0.540000 0.994892
-0.536000 0.994892
-0.532000 0.994892
-0.528000 0.994892
-0.524000 0.994892
-0.520000 0.994892
-0.516000 0.994892
-0.512000 0.994892
-0.508000 0.994892
-0.504000 0.994892
-0.500000 0.994892
-0.496000 0.994892
-0.492000 0.994892
-0.488000 0.994892
-0.484000 0.994892
-0.480000 0.994892
-0.476000 0.994892
-0.472000 0.994892
-0.468000 0.994892
-0.464000 0.994892
-0.460000 0.994892
-0.456000 0.994892
-0.452000 0.994892
-0.448000 0.994892
-0.444000 0.994892
-0.440000 0.994892
-0.436000 0.994892
-0.432000 0.994892
-0.428000 0.994892
-0.424000 0.994892
-0.420000 0.994892
-0.416000 0.994892
-0.412000 0.994891
-0.408000 0.994891
-0.404000 0.994891
-0.400000 0.994891
-0.396000 0.994891
-0.392000 0.994891
-0.388000 0.994891
-0.384000 0.994891
-0.380000 0.994891
-0.376000 0.994891
-0.372000 0.994891
-0.368000 0.994891
-0.364000 0.994891
-0.360000 0.994890
-0.356000 0.994890
-0.352000 0.994890
-0.348000 0.994890
-0.344000 0.994890
-0.340000 0.994890
-0.336000 0.994890
-0.332000 0.994889
-0.328000 0.994889
-0.324000 0.994889
-0.320000 0.994889
-0.316000 0.994889
-0.312000 0.994888
-0.308000 0.994888
-0.304000 0.994888
-0.300000 0.994887
-0.296000 0.994887
-0.292000 0.994887
-0.288000 0.994886
-0.284000 0.994886
-0.280000 0.994886
-0.276000 0.994885
-0.272000 0.994885
-0.268000 0.994884
-0.264000 0.994884
-0.260000 0.994883
-0.256000 0.994882
-0.252000 0.994882
-0.248000 0.994881
-0.244000 0.994880
-0.240000 0.994880
-0.236000 0.994879
-0.232000 0.994878
-0.228000 0.994877
-0.224000 0.994876
-0.220000 0.994875
-0.216000 0.994874
-0.212000 0.994873
-0.208000 0.994872
-0.204000 0.994871
-0.200000 0.994870
-0.196000 0.994868
-0.192000 0.994867
-0.188000 0.994866
-0.184000 0.994864
-0.180000 0.994862
-0.176000 0.994861
-0.172000 0.994859
-0.168000 0.994857
-0.164000 0.994855
-0.160000 0.994853
-0.156000 0.994851
-0.152000 0.994849
-0.148000 0.994847
-0.144000 0.994845
-0.140000 0.994842
-0.136000 0.994840
-0.132000 0.994837
-0.128000 0.994834
-0.124000 0.994831
-0.120000 0.994828
-0.116000 0.994825
-0.112000 0.994822
-0.108000 0.994819
-0.104000 0.994815
-0.100000 0.994811
-0.096000 0.994808
-0.092000 0.994804
-0.088000 0.994800
-0.084000 0.994796
-0.080000 0.994791
-0.076000 0.994787
-0.072000 0.994782
-0.068000 0.994777
-0.064000 0.994772
-0.060000 0.994767
-0.056000 0.994762
-0.052000 0.994757
-0.048000 0.994751
-0.044000 0.994745
-0.040000 0.994740
-0.036000 0.994733
-0.032000 0.994727
-0.028000 0.994721
-0.024000 0.994714
-0.020000 0.994707
-0.016000 0.994700
-0.012000 0.994693
-0.008000 0.994686
-0.004000 0.994678
0.000000 0.994670
0.004000 0.994662
0.008000 0.994654
0.012000 0.994646
0.016000 0.994638
0.020000 0.994629
0.024000 0.994620
0.028000 0.994611
0.032000 0.994602
0.036000 0.994592
0.040000 0.994582
0.044000 0.994572
0.048000 0.994562
0.052000 0.994552
0.056000 0.994542
0.060000 0.994531
0.064000 0.994520
0.068000 0.994509
0.072000 0.994498
0.076000 0.994487
0.080000 0.994475
0.084000 0.994463
0.088000 0.994451
0.092000 0.994439
0.096000 0.994427
0.100000 0.994414
0.104000 0.994402
0.108000 0.994389
0.112000 0.994376
0.116000 0.994363
0.120000 0.994350
0.124000 0.994336
0.128000 0.994323
0.132000 0.994309
0.136000 0.994295
0.140000 0.994281
0.144000 0.994267
0.148000 0.994253
0.152000 0.994239
0.156000 0.994224
0.160000 0.994210
0.164000 0.994195
0.168000 0.994180
0.172000 0.994165
0.176000 0.994150
0.180000 0.994135
0.184000 0.994120
0.188000 0.994105
0.192000 0.994090
0.196000 0.994075
0.200000 0.994059
0.204000 0.994044
0.208000 0.994029
0.212000 0.994013
0.216000 0.993998
0.220000 0.993982
0.224000 0.993967
0.228000 0.993951
0.232000 0.993936
0.236000 0.993920
0.240000 0.993904
0.244000 0.993889
0.248000 0.993873
0.252000 0.993858
0.256000 0.993843
0.260000 0.993827
0.264000 0.993812
0.268000 0.993797
0.272000 0.993781
0.276000 0.993766
0.280000 0.993751
0.284000 0.993736
0.288000 0.993721
0.292000 0.993706
0.296000 0.993691
0.300000 0.993677
0.304000 0.993662
0.308000 0.993648
0.312000 0.993633
0.316000 0.993619
0.320000 0.993605
0.324000 0.993591
0.328000 0.993577
0.332000 0.993563
0.336000 0.993549
0.340000 0.993536
0.344000 0.993522
0.348000 0.993509
0.352000 0.993496
0.356000 0.993483
0.360000 0.993470
0.364000 0.993458
0.368000 0.993445
0.372000 0.993433
0.376000 0.993421
0.380000 0.993409
0.384000 0.993397
0.388000 0.993385
0.392000 0.993374
0.396000 0.993362
0.400000 0.993351
0.404000 0.993340
0.408000 0.993329
0.412000 0.993319
0.416000 0.993308
0.420000 0.993298
0.424000 0.993288
0.428000 0.993278
0.432000 0.993268
0.436000 0.993258
0.440000 0.993249
0.444000 0.993240
0.448000 0.993231
0.452000 0.993222
0.456000 0.993213
0.460000 0.993205
0.464000 0.993196
0.468000 0.993188
0.472000 0.993180
0.476000 0.993172
0.480000 0.993165
0.484000 0.993157
0.488000 0.993150
0.492000 0.993143
0.496000 0.993136
0.500000 0.993129
0.504000 0.993122
0.508000 0.993116
0.512000 0.993110
0.516000 0.993103
0.520000 0.993097
0.524000 0.993091
0.528000 0.993086
0.532000 0.993080
0.536000 0.993075
0.540000 0.993069
0.544000 0.993064
0.548000 0.993059
0.552000 0.993054
0.556000 0.993050
0.560000 0.993045
0.564000 0.993041
0.568000 0.993036
0.572000 0.993032
0.576000 0.993028
0.580000 0.993024
0.584000 0.993020
0.588000 0.993016
0.592000 0.993013
0.596000 0.993009
0.600000 0.993006
0.604000 0.993003
0.608000 0.992999
0.612000 0.992996
0.616000 0.992993
0.620000 0.992991
0.624000 0.992988
0.628000 0.992985
0.632000 0.992982
0.636000 0.992980
0.640000 0.992977
0.644000 0.992975
0.648000 0.992973
0.652000 0.992971
0.656000 0.992969
0.660000 0.992966
0.664000 0.992964
0.668000 0.992963
0.672000 0.992961
0.676000 0.992959
0.680000 0.992957
0.684000 0.992956
0.688000 0.992954
0.692000 0.992953
0.696000 0.992951
0.700000 0.992950
0.704000 0.992948
0.708000 0.992947
0.712000 0.992946
0.716000 0.992945
0.720000 0.992944
0.724000 0.992942
0.728000 0.992941
0.732000 0.992940
0.736000 0.992939
0.740000 0.992938
0.744000 0.992938
0.748000 0.992937
0.752000 0.992936
0.756000 0.992935
0.760000 0.992934
0.764000 0.992934
0.768000 0.992933
0.772000 0.992932
0.776000 0.992932
0.780000 0.992931
0.784000 0.992930
0.788000 0.992930
0.792000 0.992929
0.796000 0.992929
0.800000 0.992928
0.804000 0.992928
0.808000 0.992927
0.812000 0.992927
0.816000 0.992927
0.820000 0.992926
0.824000 0.992926
0.828000 0.992925
0.832000 0.992925
0.836000 0.992925
0.840000 0.992925
0.844000 0.992924
0.848000 0.992924
0.852000 0.992924
0.856000 0.992923
0.860000 0.992923
0.864000 0.992923
0.868000 0.992923
0.872000 0.992923
0.876000 0.992922
0.880000 0.992922
0.884000 0.992922
0.888000 0.992922
0.892000 0.992922
0.896000 0.992922
0.900000 0.992921
0.904000 0.992921
0.908000 0.992921
0.912000 0.992921
0.916000 0.992921
0.920000 0.992921
0.924000 0.992921
0.928000 0.992921
0.932000 0.992921
0.936000 0.992920
0.940000 0.992920
0.944000 0.992920
0.948000 0.992920
0.952000 0.992920
0.956000 0.992920
0.960000 0.992920
0.964000 0.992920
0.968000 0.992920
0.972000 0.992920
0.976000 0.992920
0.980000 0.992920
0.984000 0.992920
0.988000 0.992920
0.992000 0.992920
0.996000 0.992919
1.000000 0.992919
