-1.000000 0.994892
-0.996000 0.994892
-0.992000 0.994892
-0.988000 0.994892
-0.984000 0.994892
-0.980000 0.994892
-0.976000 0.994892
-0.972000 0.994892
-0.968000 0.994892
-0.964000 0.994892
-0.960000 0.994892
-0.956000 0.994892
-0.952000 0.994892
-0.948000 0.994892
-0.944000 0.994892
-0.940000 0.994892
-0.936000 0.994892
-0.932000 0.994892
-0.928000 0.994892
-0.924000 0.994892
-0.920000 0.994892
-0.916000 0.994892
-0.912000 0.994892
-0.908000 0.994892
-0.904000 0.994892
-0.900000 0.994892
-0.896000 0.994892
-0.892000 0.994892
-0.888000 0.994892
-0.884000 0.994892
-0.880000 0.994892
-0.876000 0.994892
-0.872000 0.994892
-0.868000 0.994892
-0.864000 0.994892
-0.860000 0.994892
-0.856000 0.994892
-0.852000 0.994892
-0.848000 0.994892
-0.844000 0.994892
-0.840000 0.994892
-0.836000 0.994892
-0.832000 0.994892
-0.828000 0.994892
-0.824000 0.994892
-0.820000 0.994892
-0.816000 0.994892
-0.812000 0.994892
-0.808000 0.994892
-0.804000 0.994892
-0.800000 0.994892
-0.796000 0.994892
-0.792000 0.994892
-0.788000 0.994892
-0.784000 0.994892
-0.780000 0.994892
-0.776000 0.994892
-0.772000 0.994892
-0.768000 0.994892
-0.764000 0.994892
-0.760000 0.994892
-0.756000 0.994892
-0.752000 0.994892
-0.748000 0.994892
-0.744000 0.994892
-0.740000 0.994892
-0.736000 0.994892
-0.732000 0.994892
-0.728000 0.994892
-0.724000 0.994892
-0.720000 0.994892
-0.716000 0.994892
-0.712000 0.994892
-0.708000 0.994892
-0.704000 0.994892
-0.700000 0.994892
-0.696000 0.994892
-0.692000 0.994892
-0.688000 0.994892
-0.684000 0.994892
-0.680000 0.994892
-0.676000 0.994892
-0.672000 0.994892
-0.668000 0.994892
-0.664000 0.994892
-0.660000 0.994892
-0.656000 0.994892
-0.652000 0.994892
-0.648000 0.994892
-0.644000 0.994892
-0.640000 0.994892
-0.636000 0.994892
-0.632000 0.994892
-0.628000 0.994892
-0.624000 0.994892
-0.620000 0.994892
-0.616000 0.994892
-0.612000 0.994892
-0.608000 0.994892
-0.604000 0.994892
-0.600000 0.994892
-0.596000 0.994892
-0.592000 0.994892
-0.588000 0.994892
-0.584000 0.994892
-0.580000 0.994892
-0.576000 0.994892
-0.572000 0.994892
-0.568000 0.994892
-0.564000 0.994892
-0.560000 0.994892
-0.556000 0.994892
-0.552000 0.994892
-0.548000 0.994892
-0.544000 0.994892
-0.540000 0.994892
-0.536000 0.994892
-0.532000 0.994892
-0.528000 0.994892
-0.524000 0.994892
-0.520000 0.994892
-0.516000 0.994892
-0.512000 0.994892
-0.508000 0.994892
-0.504000 0.994892
-0.500000 0.994892
-0.496000 0.994892
-0.492000 0.994892
-0.488000 0.994892
-0.484000 0.994892
-0.480000 0.994892
-0.476000 0.994892
-0.472000 0.994892
-0.468000 0.994892
-0.464000 0.994892
-0.460000 0.994892
-0.456000 0.994892
-0.452000 0.994892
-0.448000 0.994892
-0.444000 0.994892
-0.440000 0.994892
-0.436000 0.994892
-0.432000 0.994892
-0.428000 0.994892
-0.424000 0.994892
-0.420000 0.994892
-0.416000 0.994892
-0.412000 0.994892
-0.408000 0.994892
-0.404000 0.994892
-0.400000 0.994892
-0.396000 0.994892
-0.392000 0.994892
-0.388000 0.994892
-0.384000 0.994892
-0.380000 0.994892
-0.376000 0.994892
-0.372000 0.994892
-0.368000 0.994892
-0.364000 0.994892
-0.360000 0.994892
-0.356000 0.994891
-0.352000 0.994891
-0.348000 0.994891
-0.344000 0.994891
-0.340000 0.994891
-0.336000 0.994891
-0.332000 0.994891
-0.328000 0.994891
-0.324000 0.994891
-0.320000 0.994891
-0.316000 0.994891
-0.312000 0.994891
-0.308000 0.994891
-0.304000 0.994891
-0.300000 0.994890
-0.296000 0.994890
-0.292000 0.994890
-0.288000 0.994890
-0.284000 0.994890
-0.280000 0.994890
-0.276000 0.994890
-0.272000 0.994889
-0.268000 0.994889
-0.264000 0.994889
-0.260000 0.994889
-0.256000 0.994889
-0.252000 0.994888
-0.248000 0.994888
-0.244000 0.994888
-0.240000 0.994888
-0.236000 0.994887
-0.232000 0.994887
-0.228000 0.994887
-0.224000 0.994886
-0.220000 0.994886
-0.216000 0.994885
-0.212000 0.994885
-0.208000 0.994884
-0.204000 0.994884
-0.200000 0.994883
-0.196000 0.994883
-0.192000 0.994882
-0.188000 0.994882
-0.184000 0.994881
-0.180000 0.994880
-0.176000 0.994880
-0.172000 0.994879
-0.168000 0.994878
-0.164000 0.994877
-0.160000 0.994876
-0.156000 0.994875
-0.152000 0.994874
-0.148000 0.994873
-0.144000 0.994872
-0.140000 0.994871
-0.136000 0.994870
-0.132000 0.994869
-0.128000 0.994867
-0.124000 0.994866
-0.120000 0.994865
-0.116000 0.994863
-0.112000 0.994861
-0.108000 0.994860
-0.104000 0.994858
-0.100000 0.994856
-0.096000 0.994854
-0.092000 0.994852
-0.088000 0.994850
-0.084000 0.994848
-0.080000 0.994846
-0.076000 0.994844
-0.072000 0.994841
-0.068000 0.994839
-0.064000 0.994836
-0.060000 0.994834
-0.056000 0.994831
-0.052000 0.994828
-0.048000 0.994825
-0.044000 0.994822
-0.040000 0.994818
-0.036000 0.994815
-0.032000 0.994812
-0.028000 0.994808
-0.024000 0.994804
-0.020000 0.994800
-0.016000 0.994796
-0.012000 0.994792
-0.008000 0.994788
-0.004000 0.994783
0.000000 0.994779
0.004000 0.994774
0.008000 0.994769
0.012000 0.994764
0.016000 0.994759
0.020000 0.994754
0.024000 0.994748
0.028000 0.994743
0.032000 0.994737
0.036000 0.994731
0.040000 0.994725
0.044000 0.994719
0.048000 0.994712
0.052000 0.994705
0.056000 0.994699
0.060000 0.994692
0.064000 0.994685
0.068000 0.994677
0.072000 0.994670
0.076000 0.994662
0.080000 0.994654
0.084000 0.994646
0.088000 0.994638
0.092000 0.994629
0.096000 0.994621
0.100000 0.994612
0.104000 0.994603
0.108000 0.994594
0.112000 0.994585
0.116000 0.994575
0.120000 0.994565
0.124000 0.994556
0.128000 0.994545
0.132000 0.994535
0.136000 0.994525
0.140000 0.994514
0.144000 0.994503
0.148000 0.994493
0.152000 0.994481
0.156000 0.994470
0.160000 0.994459
0.164000 0.994447
0.168000 0.994435
0.172000 0.994423
0.176000 0.994411
0.180000 0.994399
0.184000 0.994387
0.188000 0.994374
0.192000 0.994361
0.196000 0.994349
0.200000 0.994336
0.204000 0.994322
0.208000 0.994309
0.212000 0.994296
0.216000 0.994282
0.220000 0.994269
0.224000 0.994255
0.228000 0.994241
0.232000 0.994227
0.236000 0.994213
0.240000 0.994199
0.244000 0.994185
0.248000 0.994170
0.252000 0.994156
0.256000 0.994141
0.260000 0.994127
0.264000 0.994112
0.268000 0.994097
0.272000 0.994083
0.276000 0.994068
0.280000 0.994053
0.284000 0.994038
0.288000 0.994023
0.292000 0.994008
0.296000 0.993993
0.300000 0.993978
0.304000 0.993963
0.308000 0.993948
0.312000 0.993933
0.316000 0.993918
0.320000 0.993903
0.324000 0.993888
0.328000 0.993873
0.332000 0.993858
0.336000 0.993843
0.340000 0.993828
0.344000 0.993813
0.348000 0.993798
0.352000 0.993783
0.356000 0.993769
0.360000 0.993754
0.364000 0.993739
0.368000 0.993725
0.372000 0.993710
0.376000 0.993696
0.380000 0.993682
0.384000 0.993668
0.388000 0.993653
0.392000 0.993639
0.396000 0.993626
0.400000 0.993612
0.404000 0.993598
0.408000 0.993585
0.412000 0.993571
0.416000 0.993558
0.420000 0.993545
0.424000 0.993531
0.428000 0.993519
0.432000 0.993506
0.436000 0.993493
0.440000 0.993481
0.444000 0.993468
0.448000 0.993456
0.452000 0.993444
0.456000 0.993432
0.460000 0.993420
0.464000 0.993408
0.468000 0.993397
0.472000 0.993386
0.476000 0.993374
0.480000 0.993363
0.484000 0.993353
0.488000 0.993342
0.492000 0.993331
0.496000 0.993321
0.500000 0.993311
0.504000 0.993301
0.508000 0.993291
0.512000 0.993281
0.516000 0.993272
0.520000 0.993262
0.524000 0.993253
0.528000 0.993244
0.532000 0.993235
0.536000 0.993227
0.540000 0.993218
0.544000 0.993210
0.548000 0.993201
0.552000 0.993193
0.556000 0.993186
0.560000 0.993178
0.564000 0.993170
0.568000 0.993163
0.572000 0.993156
0.576000 0.993149
0.580000 0.993142
0.584000 0.993135
0.588000 0.993128
0.592000 0.993122
0.596000 0.993116
0.600000 0.993110
0.604000 0.993104
0.608000 0.993098
0.612000 0.993092
0.616000 0.993086
0.620000 0.993081
0.624000 0.993076
0.628000 0.993070
0.632000 0.993065
0.636000 0.993061
0.640000 0.993056
0.644000 0.993051
0.648000 0.993047
0.652000 0.993042
0.656000 0.993038
0.660000 0.993034
0.664000 0.993030
0.668000 0.993026
0.672000 0.993022
0.676000 0.993018
0.680000 0.993015
0.684000 0.993011
0.688000 0.993008
0.692000 0.993005
0.696000 0.993002
0.700000 0.992999
0.704000 0.992996
0.708000 0.992993
0.712000 0.992990
0.716000 0.992987
0.720000 0.992985
0.724000 0.992982
0.728000 0.992980
0.732000 0.992977
0.736000 0.992975
0.740000 0.992973
0.744000 0.992971
0.748000 0.992969
0.752000 0.992967
0.756000 0.992965
0.760000 0.992963
0.764000 0.992961
0.768000 0.992959
0.772000 0.992958
0.776000 0.992956
0.780000 0.992955
0.784000 0.992953
0.788000 0.992952
0.792000 0.992950
0.796000 0.992949
0.800000 0.992948
0.804000 0.992946
0.808000 0.992945
0.812000 0.992944
0.816000 0.992943
0.820000 0.992942
0.824000 0.992941
0.828000 0.992940
0.832000 0.992939
0.836000 0.992938
0.840000 0.992937
0.844000 0.992936
0.848000 0.992936
0.852000 0.992935
0.856000 0.992934
0.860000 0.992933
0.864000 0.992933
0.868000 0.992932
0.872000 0.992932
0.876000 0.992931
0.880000 0.992930
0.884000 0.992930
0.888000 0.992929
0.892000 0.992929
0.896000 0.992928
0.900000 0.992928
0.904000 0.992927
0.908000 0.992927
0.912000 0.992927
0.916000 0.992926
0.920000 0.992926
0.924000 0.992926
0.928000 0.992925
0.932000 0.992925
0.936000 0.992925
0.940000 0.992924
0.944000 0.992924
0.948000 0.992924
0.952000 0.992924
0.956000 0.992923
0.960000 0.992923
0.964000 0.992923
0.968000 0.992923
0.972000 0.992922
0.976000 0.992922
0.980000 0.992922
0.984000 0.992922
0.988000 0.992922
0.992000 0.992921
0.996000 0.992921
1.000000 0.992921
