-1.000000 0.994892
-0.996000 0.994892
-0.992000 0.994892
-0.988000 0.994892
-0.984000 0.994892
-0.980000 0.994892
-0.976000 0.994892
-0.972000 0.994892
-0.968000 0.994892
-0.964000 0.994892
-0.960000 0.994892
-0.956000 0.994892
-0.952000 0.994892
-0.948000 0.994892
-0.944000 0.994892
-0.940000 0.994892
-0.936000 0.994892
-0.932000 0.994892
-0.928000 0.994892
-0.924000 0.994892
-0.920000 0.994892
-0.916000 0.994892
-0.912000 0.994892
-0.908000 0.994892
-0.904000 0.994892
-0.900000 0.994892
-0.896000 0.994892
-0.892000 0.994892
-0.888000 0.994892
-0.884000 0.994892
-0.880000 0.994892
-0.876000 0.994892
-0.872000 0.994892
-0.868000 0.994892
-0.864000 0.994892
-0.860000 0.994892
-0.856000 0.994892
-0.852000 0.994892
-0.848000 0.994892
-0.844000 0.994892
-0.840000 0.994892
-0.836000 0.994892
-0.832000 0.994892
-0.828000 0.994892
-0.824000 0.994892
-0.820000 0.994892
-0.816000 0.994892
-0.812000 0.994892
-0.808000 0.994892
-0.804000 0.994892
-0.800000 0.994892
-0.796000 0.994892
-0.792000 0.994892
-0.788000 0.994892
-0.784000 0.994892
-0.780000 0.994892
-0.776000 0.994892
-0.772000 0.994892
-0.768000 0.994892
-0.764000 0.994892
-0.760000 0.994892
-0.756000 0.994892
-0.752000 0.994892
-0.748000 0.994892
-0.744000 0.994892
-0.740000 0.994892
-0.736000 0.994892
-0.732000 0.994892
-0.728000 0.994892
-0.724000 0.994892
-0.720000 0.994892
-0.716000 0.994892
-0.712000 0.994892
-0.708000 0.994892
-0.704000 0.994892
-0.700000 0.994892
-0.696000 0.994892
-0.692000 0.994892
-0.688000 0.994892
-0.684000 0.994892
-0.680000 0.994892
-0.676000 0.994892
-0.672000 0.994892
-0.668000 0.994892
-0.664000 0.994892
-0.660000 0.994892
-0.656000 0.994892
-0.652000 0.994892
-0.648000 0.994892
-0.644000 0.994892
-0.640000 0.994892
-0.636000 0.994892
-0.632000 0.994892
-0.628000 0.994892
-0.624000 0.994892
-0.620000 0.994892
-0.616000 0.994892
-0.612000 0.994892
-0.608000 0.994892
-0.604000 0.994892
-0.600000 0.994892
-0.596000 0.994892
-0.592000 0.994892
-0.588000 0.994892
-0.584000 0.994892
-0.580000 0.994892
-0.576000 0.994892
-0.572000 0.994892
-0.568000 0.994892
-0.564000 0.994892
-0.560000 0.994892
-0.556000 0.994892
-0.552000 0.994892
-0.548000 0.994892
-0.544000 0.994892
-0.540000 0.994892
-0.536000 0.994892
-0.532000 0.994892
-0.528000 0.994892
-0.524000 0.994892
-0.520000 0.994892
-0.516000 0.994892
-0.512000 0.994892
-0.508000 0.994892
-0.504000 0.994892
-0.500000 0.994892
-0.496000 0.994892
-0.492000 0.994892
-0.488000 0.994892
-0.484000 0.994892
-0.480000 0.994892
-0.476000 0.994892
-0.472000 0.994892
-0.468000 0.994892
-0.464000 0.994892
-0.460000 0.994892
-0.456000 0.994892
-0.452000 0.994892
-0.448000 0.994892
-0.444000 0.994892
-0.440000 0.994892
-0.436000 0.994892
-0.432000 0.994892
-0.428000 0.994892
-0.424000 0.994892
-0.420000 0.994892
-0.416000 0.994892
-0.412000 0.994892
-0.408000 0.994892
-0.404000 0.994892
-0.400000 0.994892
-0.396000 0.994892
-0.392000 0.994892
-0.388000 0.994892
-0.384000 0.994892
-0.380000 0.994892
-0.376000 0.994892
-0.372000 0.994892
-0.368000 0.994892
-0.364000 0.994891
-0.360000 0.994891
-0.356000 0.994891
-0.352000 0.994891
-0.348000 0.994891
-0.344000 0.994891
-0.340000 0.994891
-0.336000 0.994891
-0.332000 0.994891
-0.328000 0.994891
-0.324000 0.994891
-0.320000 0.994891
-0.316000 0.994891
-0.312000 0.994891
-0.308000 0.994890
-0.304000 0.994890
-0.300000 0.994890
-0.296000 0.994890
-0.292000 0.994890
-0.288000 0.994890
-0.284000 0.994890
-0.280000 0.994889
-0.276000 0.994889
-0.272000 0.994889
-0.268000 0.994889
-0.264000 0.994889
-0.260000 0.994888
-0.256000 0.994888
-0.252000 0.994888
-0.248000 0.994888
-0.244000 0.994887
-0.240000 0.994887
-0.236000 0.994887
-0.232000 0.994886
-0.228000 0.994886
-0.224000 0.994885
-0.220000 0.994885
-0.216000 0.994884
-0.212000 0.994884
-0.208000 0.994883
-0.204000 0.994883
-0.200000 0.994882
-0.196000 0.994882
-0.192000 0.994881
-0.188000 0.994880
-0.184000 0.994880
-0.180000 0.994879
-0.176000 0.994878
-0.172000 0.994877
-0.168000 0.994876
-0.164000 0.994875
-0.160000 0.994874
-0.156000 0.994873
-0.152000 0.994872
-0.148000 0.994871
-0.144000 0.994870
-0.140000 0.994869
-0.136000 0.994867
-0.132000 0.994866
-0.128000 0.994864
-0.124000 0.994863
-0.120000 0.994861
-0.116000 0.994860
-0.112000 0.994858
-0.108000 0.994856
-0.104000 0.994854
-0.100000 0.994852
-0.096000 0.994850
-0.092000 0.994848
-0.088000 0.994846
-0.084000 0.994844
-0.080000 0.994841
-0.076000 0.994839
-0.072000 0.994836
-0.068000 0.994833
-0.064000 0.994830
-0.060000 0.994827
-0.056000 0.994824
-0.052000 0.994821
-0.048000 0.994818
-0.044000 0.994815
-0.040000 0.994811
-0.036000 0.994807
-0.032000 0.994804
-0.028000 0.994800
-0.024000 0.994796
-0.020000 0.994791
-0.016000 0.994787
-0.012000 0.994783
-0.008000 0.994778
-0.004000 0.994773
0.000000 0.994768
0.004000 0.994763
0.008000 0.994758
0.012000 0.994753
0.016000 0.994747
0.020000 0.994742
0.024000 0.994736
0.028000 0.994730
0.032000 0.994724
0.036000 0.994717
0.040000 0.994711
0.044000 0.994704
0.048000 0.994697
0.052000 0.994690
0.056000 0.994683
0.060000 0.994675
0.064000 0.994668
0.068000 0.994660
0.072000 0.994652
0.076000 0.994644
0.080000 0.994636
0.084000 0.994627
0.088000 0.994618
0.092000 0.994610
0.096000 0.994601
0.100000 0.994591
0.104000 0.994582
0.108000 0.994572
0.112000 0.994563
0.116000 0.994553
0.120000 0.994542
0.124000 0.994532
0.128000 0.994522
0.132000 0.994511
0.136000 0.994500
0.140000 0.994489
0.144000 0.994478
0.148000 0.994466
0.152000 0.994455
0.156000 0.994443
0.160000 0.994431
0.164000 0.994419
0.168000 0.994407
0.172000 0.994395
0.176000 0.994382
0.180000 0.994370
0.184000 0.994357
0.188000 0.994344
0.192000 0.994331
0.196000 0.994317
0.200000 0.994304
0.204000 0.994291
0.208000 0.994277
0.212000 0.994263
0.216000 0.994249
0.220000 0.994235
0.224000 0.994221
0.228000 0.994207
0.232000 0.994193
0.236000 0.994179
0.240000 0.994164
0.244000 0.994150
0.248000 0.994135
0.252000 0.994120
0.256000 0.994106
0.260000 0.994091
0.264000 0.994076
0.268000 0.994061
0.272000 0.994046
0.276000 0.994031
0.280000 0.994016
0.284000 0.994001
0.288000 0.993986
0.292000 0.993971
0.296000 0.993956
0.300000 0.993941
0.304000 0.993926
0.308000 0.993910
0.312000 0.993895
0.316000 0.993880
0.320000 0.993865
0.324000 0.993850
0.328000 0.993835
0.332000 0.993820
0.336000 0.993805
0.340000 0.993791
0.344000 0.993776
0.348000 0.993761
0.352000 0.993746
0.356000 0.993732
0.360000 0.993717
0.364000 0.993703
0.368000 0.993688
0.372000 0.993674
0.376000 0.993660
0.380000 0.993646
0.384000 0.993632
0.388000 0.993618
0.392000 0.993604
0.396000 0.993590
0.400000 0.993577
0.404000 0.993563
0.408000 0.993550
0.412000 0.993537
0.416000 0.993524
0.420000 0.993511
0.424000 0.993498
0.428000 0.993486
0.432000 0.993473
0.436000 0.993461
0.440000 0.993448
0.444000 0.993436
0.448000 0.993425
0.452000 0.993413
0.456000 0.993401
0.460000 0.993390
0.464000 0.993379
0.468000 0.993367
0.472000 0.993356
0.476000 0.993346
0.480000 0.993335
0.484000 0.993325
0.488000 0.993314
0.492000 0.993304
0.496000 0.993294
0.500000 0.993284
0.504000 0.993275
0.508000 0.993265
0.512000 0.993256
0.516000 0.993247
0.520000 0.993238
0.524000 0.993229
0.528000 0.993221
0.532000 0.993212
0.536000 0.993204
0.540000 0.993196
0.544000 0.993188
0.548000 0.993180
0.552000 0.993172
0.556000 0.993165
0.560000 0.993158
0.564000 0.993151
0.568000 0.993144
0.572000 0.993137
0.576000 0.993130
0.580000 0.993124
0.584000 0.993117
0.588000 0.993111
0.592000 0.993105
0.596000 0.993099
0.600000 0.993093
0.604000 0.993088
0.608000 0.993082
0.612000 0.993077
0.616000 0.993072
0.620000 0.993067
0.624000 0.993062
0.628000 0.993057
0.632000 0.993052
0.636000 0.993048
0.640000 0.993043
0.644000 0.993039
0.648000 0.993035
0.652000 0.993031
0.656000 0.993027
0.660000 0.993023
0.664000 0.993019
0.668000 0.993016
0.672000 0.993012
0.676000 0.993009
0.680000 0.993005
0.684000 0.993002
0.688000 0.992999
0.692000 0.992996
0.696000 0.992993
0.700000 0.992990
0.704000 0.992988
0.708000 0.992985
0.712000 0.992982
0.716000 0.992980
0.720000 0.992978
0.724000 0.992975
0.728000 0.992973
0.732000 0.992971
0.736000 0.992969
0.740000 0.992967
0.744000 0.992965
0.748000 0.992963
0.752000 0.992961
0.756000 0.992960
0.760000 0.992958
0.764000 0.992956
0.768000 0.992955
0.772000 0.992953
0.776000 0.992952
0.780000 0.992950
0.784000 0.992949
0.788000 0.992948
0.792000 0.992946
0.796000 0.992945
0.800000 0.992944
0.804000 0.992943
0.808000 0.992942
0.812000 0.992941
0.816000 0.992940
0.820000 0.992939
0.824000 0.992938
0.828000 0.992937
0.832000 0.992936
0.836000 0.992936
0.840000 0.992935
0.844000 0.992934
0.848000 0.992933
0.852000 0.992933
0.856000 0.992932
0.860000 0.992932
0.864000 0.992931
0.868000 0.992930
0.872000 0.992930
0.876000 0.992929
0.880000 0.992929
0.884000 0.992928
0.888000 0.992928
0.892000 0.992927
0.896000 0.992927
0.900000 0.992927
0.904000 0.992926
0.908000 0.992926
0.912000 0.992926
0.916000 0.992925
0.920000 0.992925
0.924000 0.992925
0.928000 0.992924
0.932000 0.992924
0.936000 0.992924
0.940000 0.992924
0.944000 0.992923
0.948000 0.992923
0.952000 0.992923
0.956000 0.992923
0.960000 0.992922
0.964000 0.992922
0.968000 0.992922
0.972000 0.992922
0.976000 0.992922
0.980000 0.992922
0.984000 0.992921
0.988000 0.992921
0.992000 0.992921
0.996000 0.992921
1.000000 0.992920
