-1.000000 0.994892
-0.996000 0.994892
-0.992000 0.994892
-0.988000 0.994892
-0.984000 0.994892
-0.980000 0.994892
-0.976000 0.994892
-0.972000 0.994892
-0.968000 0.994892
-0.964000 0.994892
-0.960000 0.994892
-0.956000 0.994892
-0.952000 0.994892
-0.948000 0.994892
-0.944000 0.994892
-0.940000 0.994892
-0.936000 0.994892
-0.932000 0.994892
-0.928000 0.994892
-0.924000 0.994892
-0.920000 0.994892
-0.916000 0.994892
-0.912000 0.994892
-0.908000 0.994892
-0.904000 0.994892
-0.900000 0.994892
-0.896000 0.994892
-0.892000 0.994892
-0.888000 0.994892
-0.884000 0.994892
-0.880000 0.994892
-0.876000 0.994892
-0.872000 0.994892
-0.868000 0.994892
-0.864000 0.994892
-0.860000 0.994892
-0.856000 0.994892
-0.852000 0.994892
-0.848000 0.994892
-0.844000 0.994892
-0.840000 0.994892
-0.836000 0.994892
-0.832000 0.994892
-0.828000 0.994892
-0.824000 0.994892
-0.820000 0.994892
-0.816000 0.994892
-0.812000 0.994892
-0.808000 0.994892
-0.804000 0.994892
-0.800000 0.994892
-0.796000 0.994892
-0.792000 0.994892
-0.788000 0.994892
-0.784000 0.994892
-0.780000 0.994892
-0.776000 0.994892
-0.772000 0.994892
-0.768000 0.994892
-0.764000 0.994892
-0.760000 0.994892
-0.756000 0.994892
-0.752000 0.994892
-0.748000 0.994892
-0.744000 0.994892
-0.740000 0.994892
-0.736000 0.994892
-0.732000 0.994892
-0.728000 0.994892
-0.724000 0.994892
-0.720000 0.994892
-0.716000 0.994892
-0.712000 0.994892
-0.708000 0.994892
-0.704000 0.994892
-0.700000 0.994892
-0.696000 0.994892
-0.692000 0.994892
-0.688000 0.994892
-0.684000 0.994892
-0.680000 0.994892
-0.676000 0.994892
-0.672000 0.994892
-0.668000 0.994892
-0.664000 0.994892
-0.660000 0.994892
-0.656000 0.994892
-0.652000 0.994892
-0.648000 0.994892
-0.644000 0.994892
-0.640000 0.994892
-0.636000 0.994892
-0.632000 0.994892
-0.628000 0.994892
-0.624000 0.994892
-0.620000 0.994892
-0.616000 0.994892
-0.612000 0.994892
-0.608000 0.994892
-0.604000 0.994892
-0.600000 0.994892
-0.596000 0.994892
-0.592000 0.994892
-0.588000 0.994892
-0.584000 0.994892
-0.580000 0.994892
-0.576000 0.994892
-0.572000 0.994892
-0.568000 0.994892
-0.564000 0.994892
-0.560000 0.994892
-0.556000 0.994892
-0.552000 0.994892
-0.548000 0.994892
-0.544000 0.994892
-0.540000 0.994892
-0.536000 0.994892
-0.532000 0.994892
-0.528000 0.994892
-0.524000 0.994892
-0.520000 0.994892
-0.516000 0.994892
-0.512000 0.994892
-0.508000 0.994892
-0.504000 0.994892
-0.500000 0.994892
-0.496000 0.994892
-0.492000 0.994892
-0.488000 0.994892
-0.484000 0.994892
-0.480000 0.994892
-0.476000 0.994892
-0.472000 0.994892
-0.468000 0.994892
-0.464000 0.994892
-0.460000 0.994892
-0.456000 0.994892
-0.452000 0.994892
-0.448000 0.994892
-0.444000 0.994892
-0.440000 0.994892
-0.436000 0.994892
-0.432000 0.994892
-0.428000 0.994892
-0.424000 0.994892
-0.420000 0.994892
-0.416000 0.994892
-0.412000 0.994892
-0.408000 0.994892
-0.404000 0.994892
-0.400000 0.994892
-0.396000 0.994892
-0.392000 0.994892
-0.388000 0.994892
-0.384000 0.994892
-0.380000 0.994892
-0.376000 0.994892
-0.372000 0.994892
-0.368000 0.994892
-0.364000 0.994892
-0.360000 0.994892
-0.356000 0.994892
-0.352000 0.994892
-0.348000 0.994892
-0.344000 0.994892
-0.340000 0.994891
-0.336000 0.994891
-0.332000 0.994891
-0.328000 0.994891
-0.324000 0.994891
-0.320000 0.994891
-0.316000 0.994891
-0.312000 0.994891
-0.308000 0.994891
-0.304000 0.994891
-0.300000 0.994891
-0.296000 0.994891
-0.292000 0.994891
-0.288000 0.994891
-0.284000 0.994890
-0.280000 0.994890
-0.276000 0.994890
-0.272000 0.994890
-0.268000 0.994890
-0.264000 0.994890
-0.260000 0.994890
-0.256000 0.994889
-0.252000 0.994889
-0.248000 0.994889
-0.244000 0.994889
-0.240000 0.994889
-0.236000 0.994888
-0.232000 0.994888
-0.228000 0.994888
-0.224000 0.994887
-0.220000 0.994887
-0.216000 0.994887
-0.212000 0.994886
-0.208000 0.994886
-0.204000 0.994886
-0.200000 0.994885
-0.196000 0.994885
-0.192000 0.994884
-0.188000 0.994884
-0.184000 0.994883
-0.180000 0.994883
-0.176000 0.994882
-0.172000 0.994882
-0.168000 0.994881
-0.164000 0.994880
-0.160000 0.994880
-0.156000 0.994879
-0.152000 0.994878
-0.148000 0.994877
-0.144000 0.994876
-0.140000 0.994875
-0.136000 0.994874
-0.132000 0.994873
-0.128000 0.994872
-0.124000 0.994871
-0.120000 0.994870
-0.116000 0.994869
-0.112000 0.994867
-0.108000 0.994866
-0.104000 0.994865
-0.100000 0.994863
-0.096000 0.994862
-0.092000 0.994860
-0.088000 0.994858
-0.084000 0.994856
-0.080000 0.994855
-0.076000 0.994853
-0.072000 0.994851
-0.068000 0.994849
-0.064000 0.994846
-0.060000 0.994844
-0.056000 0.994842
-0.052000 0.994839
-0.048000 0.994837
-0.044000 0.994834
-0.040000 0.994831
-0.036000 0.994829
-0.032000 0.994826
-0.028000 0.994822
-0.024000 0.994819
-0.020000 0.994816
-0.016000 0.994813
-0.012000 0.994809
-0.008000 0.994805
-0.004000 0.994801
0.000000 0.994798
0.004000 0.994793
0.008000 0.994789
0.012000 0.994785
0.016000 0.994780
0.020000 0.994776
0.024000 0.994771
0.028000 0.994766
0.032000 0.994761
0.036000 0.994756
0.040000 0.994750
0.044000 0.994745
0.048000 0.994739
0.052000 0.994733
0.056000 0.994727
0.060000 0.994721
0.064000 0.994715
0.068000 0.994708
0.072000 0.994702
0.076000 0.994695
0.080000 0.994688
0.084000 0.994681
0.088000 0.994673
0.092000 0.994666
0.096000 0.994658
0.100000 0.994650
0.104000 0.994642
0.108000 0.994634
0.112000 0.994625
0.116000 0.994617
0.120000 0.994608
0.124000 0.994599
0.128000 0.994590
0.132000 0.994581
0.136000 0.994571
0.140000 0.994561
0.144000 0.994551
0.148000 0.994541
0.152000 0.994531
0.156000 0.994521
0.160000 0.994510
0.164000 0.994499
0.168000 0.994489
0.172000 0.994477
0.176000 0.994466
0.180000 0.994455
0.184000 0.994443
0.188000 0.994432
0.192000 0.994420
0.196000 0.994408
0.200000 0.994395
0.204000 0.994383
0.208000 0.994371
0.212000 0.994358
0.216000 0.994345
0.220000 0.994332
0.224000 0.994319
0.228000 0.994306
0.232000 0.994293
0.236000 0.994279
0.240000 0.994266
0.244000 0.994252
0.248000 0.994238
0.252000 0.994224
0.256000 0.994210
0.260000 0.994196
0.264000 0.994182
0.268000 0.994168
0.272000 0.994153
0.276000 0.994139
0.280000 0.994125
0.284000 0.994110
0.288000 0.994095
0.292000 0.994081
0.296000 0.994066
0.300000 0.994051
0.304000 0.994036
0.308000 0.994022
0.312000 0.994007
0.316000 0.993992
0.320000 0.993977
0.324000 0.993962
0.328000 0.993947
0.332000 0.993932
0.336000 0.993917
0.340000 0.993902
0.344000 0.993887
0.348000 0.993872
0.352000 0.993858
0.356000 0.993843
0.360000 0.993828
0.364000 0.993813
0.368000 0.993798
0.372000 0.993784
0.376000 0.993769
0.380000 0.993755
0.384000 0.993740
0.388000 0.993726
0.392000 0.993711
0.396000 0.993697
0.400000 0.993683
0.404000 0.993669
0.408000 0.993655
0.412000 0.993641
0.416000 0.993627
0.420000 0.993613
0.424000 0.993600
0.428000 0.993586
0.432000 0.993573
0.436000 0.993560
0.440000 0.993547
0.444000 0.993534
0.448000 0.993521
0.452000 0.993508
0.456000 0.993495
0.460000 0.993483
0.464000 0.993471
0.468000 0.993458
0.472000 0.993446
0.476000 0.993435
0.480000 0.993423
0.484000 0.993411
0.488000 0.993400
0.492000 0.993388
0.496000 0.993377
0.500000 0.993366
0.504000 0.993356
0.508000 0.993345
0.512000 0.993334
0.516000 0.993324
0.520000 0.993314
0.524000 0.993304
0.528000 0.993294
0.532000 0.993284
0.536000 0.993275
0.540000 0.993266
0.544000 0.993256
0.548000 0.993247
0.552000 0.993238
0.556000 0.993230
0.560000 0.993221
0.564000 0.993213
0.568000 0.993205
0.572000 0.993197
0.576000 0.993189
0.580000 0.993181
0.584000 0.993173
0.588000 0.993166
0.592000 0.993159
0.596000 0.993152
0.600000 0.993145
0.604000 0.993138
0.608000 0.993131
0.612000 0.993125
0.616000 0.993119
0.620000 0.993112
0.624000 0.993106
0.628000 0.993101
0.632000 0.993095
0.636000 0.993089
0.640000 0.993084
0.644000 0.993078
0.648000 0.993073
0.652000 0.993068
0.656000 0.993063
0.660000 0.993058
0.664000 0.993054
0.668000 0.993049
0.672000 0.993045
0.676000 0.993041
0.680000 0.993036
0.684000 0.993032
0.688000 0.993028
0.692000 0.993024
0.696000 0.993021
0.700000 0.993017
0.704000 0.993014
0.708000 0.993010
0.712000 0.993007
0.716000 0.993004
0.720000 0.993001
0.724000 0.992998
0.728000 0.992995
0.732000 0.992992
0.736000 0.992989
0.740000 0.992986
0.744000 0.992984
0.748000 0.992981
0.752000 0.992979
0.756000 0.992977
0.760000 0.992974
0.764000 0.992972
0.768000 0.992970
0.772000 0.992968
0.776000 0.992966
0.780000 0.992964
0.784000 0.992962
0.788000 0.992961
0.792000 0.992959
0.796000 0.992957
0.800000 0.992956
0.804000 0.992954
0.808000 0.992953
0.812000 0.992951
0.816000 0.992950
0.820000 0.992949
0.824000 0.992947
0.828000 0.992946
0.832000 0.992945
0.836000 0.992944
0.840000 0.992943
0.844000 0.992942
0.848000 0.992941
0.852000 0.992940
0.856000 0.992939
0.860000 0.992938
0.864000 0.992937
0.868000 0.992936
0.872000 0.992936
0.876000 0.992935
0.880000 0.992934
0.884000 0.992933
0.888000 0.992933
0.892000 0.992932
0.896000 0.992932
0.900000 0.992931
0.904000 0.992930
0.908000 0.992930
0.912000 0.992929
0.916000 0.992929
0.920000 0.992928
0.924000 0.992928
0.928000 0.992927
0.932000 0.992927
0.936000 0.992927
0.940000 0.992926
0.944000 0.992926
0.948000 0.992926
0.952000 0.992925
0.956000 0.992925
0.960000 0.992925
0.964000 0.992924
0.968000 0.992924
0.972000 0.992924
0.976000 0.992924
0.980000 0.992923
0.984000 0.992923
0.988000 0.992923
0.992000 0.992922
0.996000 0.992922
1.000000 0.992922
