-1.000000 0.994892
-0.996000 0.994892
-0.992000 0.994892
-0.988000 0.994892
-0.984000 0.994892
-0.980000 0.994892
-0.976000 0.994892
-0.972000 0.994892
-0.968000 0.994892
-0.964000 0.994892
-0.960000 0.994892
-0.956000 0.994892
-0.952000 0.994892
-0.948000 0.994892
-0.944000 0.994892
-0.940000 0.994892
-0.936000 0.994892
-0.932000 0.994892
-0.928000 0.994892
-0.924000 0.994892
-0.920000 0.994892
-0.916000 0.994892
-0.912000 0.994892
-0.908000 0.994892
-0.904000 0.994892
-0.900000 0.994892
-0.896000 0.994892
-0.892000 0.994892
-0.888000 0.994892
-0.884000 0.994892
-0.880000 0.994892
-0.876000 0.994892
-0.872000 0.994892
-0.868000 0.994892
-0.864000 0.994892
-0.860000 0.994892
-0.856000 0.994892
-0.852000 0.994892
-0.848000 0.994892
-0.844000 0.994892
-0.840000 0.994892
-0.836000 0.994892
-0.832000 0.994892
-0.828000 0.994892
-0.824000 0.994892
-0.820000 0.994892
-0.816000 0.994892
-0.812000 0.994892
-0.808000 0.994892
-0.804000 0.994892
-0.800000 0.994892
-0.796000 0.994892
-0.792000 0.994892
-0.788000 0.994892
-0.784000 0.994892
-0.780000 0.994892
-0.776000 0.994892
-0.772000 0.994892
-0.768000 0.994892
-0.764000 0.994892
-0.760000 0.994892
-0.756000 0.994892
-0.752000 0.994892
-0.748000 0.994892
-0.744000 0.994892
-0.740000 0.994892
-0.736000 0.994892
-0.732000 0.994892
-0.728000 0.994892
-0.724000 0.994892
-0.720000 0.994892
-0.716000 0.994892
-0.712000 0.994892
-0.708000 0.994892
-0.704000 0.994892
-0.700000 0.994892
-0.696000 0.994892
-0.692000 0.994892
-0.688000 0.994892
-0.684000 0.994892
-0.680000 0.994892
-0.676000 0.994892
-0.672000 0.994892
-0.668000 0.994892
-0.664000 0.994892
-0.660000 0.994892
-0.656000 0.994892
-0.652000 0.994892
-0.648000 0.994892
-0.644000 0.994892
-0.640000 0.994892
-0.636000 0.994892
-0.632000 0.994892
-0.628000 0.994892
-0.624000 0.994892
-0.620000 0.994892
-0.616000 0.994892
-0.612000 0.994892
-0.608000 0.994892
-0.604000 0.994892
-0.600000 0.994892
-0.596000 0.994892
-0.592000 0.994892
-0.588000 0.994892
-0.584000 0.994892
-0.580000 0.994892
-0.576000 0.994892
-0.572000 0.994892
-0.568000 0.994892
-0.564000 0.994892
-0.560000 0.994892
-0.556000 0.994892
-0.552000 0.994892
-0.548000 0.994892
-0.544000 0.994892
-0.540000 0.994892
-0.536000 0.994892
-0.532000 0.994892
-0.528000 0.994892
-0.524000 0.994892
-0.520000 0.994892
-0.516000 0.994891
-0.512000 0.994891
-0.508000 0.994891
-0.504000 0.994891
-0.500000 0.994891
-0.496000 0.994891
-0.492000 0.994891
-0.488000 0.994891
-0.484000 0.994891
-0.480000 0.994891
-0.476000 0.994891
-0.472000 0.994891
-0.468000 0.994890
-0.464000 0.994890
-0.460000 0.994890
-0.456000 0.994890
-0.452000 0.994890
-0.448000 0.994890
-0.444000 0.994890
-0.440000 0.994889
-0.436000 0.994889
-0.432000 0.994889
-0.428000 0.994889
-0.424000 0.994888
-0.420000 0.994888
-0.416000 0.994888
-0.412000 0.994887
-0.408000 0.994887
-0.404000 0.994887
-0.400000 0.994886
-0.396000 0.994886
-0.392000 0.994885
-0.388000 0.994885
-0.384000 0.994884
-0.380000 0.994884
-0.376000 0.994883
-0.372000 0.994882
-0.368000 0.994882
-0.364000 0.994881
-0.360000 0.994880
-0.356000 0.994880
-0.352000 0.994879
-0.348000 0.994878
-0.344000 0.994877
-0.340000 0.994876
-0.336000 0.994875
-0.332000 0.994874
-0.328000 0.994872
-0.324000 0.994871
-0.320000 0.994870
-0.316000 0.994868
-0.312000 0.994867
-0.308000 0.994865
-0.304000 0.994864
-0.300000 0.994862
-0.296000 0.994860
-0.292000 0.994858
-0.288000 0.994856
-0.284000 0.994854
-0.280000 0.994852
-0.276000 0.994850
-0.272000 0.994847
-0.268000 0.994845
-0.264000 0.994842
-0.260000 0.994839
-0.256000 0.994836
-0.252000 0.994833
-0.248000 0.994830
-0.244000 0.994827
-0.240000 0.994824
-0.236000 0.994820
-0.232000 0.994816
-0.228000 0.994813
-0.224000 0.994809
-0.220000 0.994805
-0.216000 0.994800
-0.212000 0.994796
-0.208000 0.994791
-0.204000 0.994786
-0.200000 0.994781
-0.196000 0.994776
-0.192000 0.994771
-0.188000 0.994765
-0.184000 0.994760
-0.180000 0.994754
-0.176000 0.994748
-0.172000 0.994741
-0.168000 0.994735
-0.164000 0.994728
-0.160000 0.994721
-0.156000 0.994714
-0.152000 0.994707
-0.148000 0.994699
-0.144000 0.994692
-0.140000 0.994684
-0.136000 0.994676
-0.132000 0.994667
-0.128000 0.994659
-0.124000 0.994650
-0.120000 0.994641
-0.116000 0.994632
-0.112000 0.994622
-0.108000 0.994612
-0.104000 0.994602
-0.100000 0.994592
-0.096000 0.994582
-0.092000 0.994571
-0.088000 0.994560
-0.084000 0.994549
-0.080000 0.994538
-0.076000 0.994527
-0.072000 0.994515
-0.068000 0.994503
-0.064000 0.994491
-0.060000 0.994479
-0.056000 0.994466
-0.052000 0.994453
-0.048000 0.994441
-0.044000 0.994427
-0.040000 0.994414
-0.036000 0.994401
-0.032000 0.994387
-0.028000 0.994373
-0.024000 0.994359
-0.020000 0.994345
-0.016000 0.994330
-0.012000 0.994316
-0.008000 0.994301
-0.004000 0.994286
0.000000 0.994271
0.004000 0.994256
0.008000 0.994241
0.012000 0.994225
0.016000 0.994210
0.020000 0.994194
0.024000 0.994178
0.028000 0.994162
0.032000 0.994146
0.036000 0.994130
0.040000 0.994114
0.044000 0.994098
0.048000 0.994082
0.052000 0.994065
0.056000 0.994049
0.060000 0.994032
0.064000 0.994016
0.068000 0.993999
0.072000 0.993983
0.076000 0.993966
0.080000 0.993950
0.084000 0.993933
0.088000 0.993916
0.092000 0.993900
0.096000 0.993883
0.100000 0.993867
0.104000 0.993850
0.108000 0.993834
0.112000 0.993817
0.116000 0.993801
0.120000 0.993785
0.124000 0.993769
0.128000 0.993753
0.132000 0.993736
0.136000 0.993721
0.140000 0.993705
0.144000 0.993689
0.148000 0.993673
0.152000 0.993658
0.156000 0.993642
0.160000 0.993627
0.164000 0.993612
0.168000 0.993597
0.172000 0.993582
0.176000 0.993567
0.180000 0.993552
0.184000 0.993538
0.188000 0.993524
0.192000 0.993510
0.196000 0.993496
0.200000 0.993482
0.204000 0.993468
0.208000 0.993455
0.212000 0.993442
0.216000 0.993428
0.220000 0.993416
0.224000 0.993403
0.228000 0.993390
0.232000 0.993378
0.236000 0.993366
0.240000 0.993354
0.244000 0.993342
0.248000 0.993331
0.252000 0.993319
0.256000 0.993308
0.260000 0.993297
0.264000 0.993286
0.268000 0.993276
0.272000 0.993266
0.276000 0.993255
0.280000 0.993246
0.284000 0.993236
0.288000 0.993226
0.292000 0.993217
0.296000 0.993208
0.300000 0.993199
0.304000 0.993190
0.308000 0.993182
0.312000 0.993173
0.316000 0.993165
0.320000 0.993157
0.324000 0.993149
0.328000 0.993142
0.332000 0.993134
0.336000 0.993127
0.340000 0.993120
0.344000 0.993113
0.348000 0.993107
0.352000 0.993100
0.356000 0.993094
0.360000 0.993088
0.364000 0.993082
0.368000 0.993076
0.372000 0.993070
0.376000 0.993065
0.380000 0.993059
0.384000 0.993054
0.388000 0.993049
0.392000 0.993044
0.396000 0.993040
0.400000 0.993035
0.404000 0.993031
0.408000 0.993026
0.412000 0.993022
0.416000 0.993018
0.420000 0.993014
0.424000 0.993011
0.428000 0.993007
0.432000 0.993003
0.436000 0.993000
0.440000 0.992997
0.444000 0.992994
0.448000 0.992990
0.452000 0.992988
0.456000 0.992985
0.460000 0.992982
0.464000 0.992979
0.468000 0.992977
0.472000 0.992974
0.476000 0.992972
0.480000 0.992970
0.484000 0.992967
0.488000 0.992965
0.492000 0.992963
0.496000 0.992961
0.500000 0.992959
0.504000 0.992958
0.508000 0.992956
0.512000 0.992954
0.516000 0.992953
0.520000 0.992951
0.524000 0.992950
0.528000 0.992948
0.532000 0.992947
0.536000 0.992945
0.540000 0.992944
0.544000 0.992943
0.548000 0.992942
0.552000 0.992941
0.556000 0.992940
0.560000 0.992939
0.564000 0.992938
0.568000 0.992937
0.572000 0.992936
0.576000 0.992935
0.580000 0.992934
0.584000 0.992934
0.588000 0.992933
0.592000 0.992932
0.596000 0.992931
0.600000 0.992931
0.604000 0.992930
0.608000 0.992930
0.612000 0.992929
0.616000 0.992929
0.620000 0.992928
0.624000 0.992928
0.628000 0.992927
0.632000 0.992927
0.636000 0.992926
0.640000 0.992926
0.644000 0.992926
0.648000 0.992925
0.652000 0.992925
0.656000 0.992925
0.660000 0.992924
0.664000 0.992924
0.668000 0.992924
0.672000 0.992923
0.676000 0.992923
0.680000 0.992923
0.684000 0.992923
0.688000 0.992922
0.692000 0.992922
0.696000 0.992922
0.700000 0.992922
0.704000 0.992922
0.708000 0.992922
0.712000 0.992921
0.716000 0.992921
0.720000 0.992921
0.724000 0.992921
0.728000 0.992921
0.732000 0.992921
0.736000 0.992921
0.740000 0.992921
0.744000 0.992921
0.748000 0.992920
0.752000 0.992920
0.756000 0.992920
0.760000 0.992920
0.764000 0.992920
0.768000 0.992920
0.772000 0.992920
0.776000 0.992920
0.780000 0.992920
0.784000 0.992920
0.788000 0.992920
0.792000 0.992920
0.796000 0.992920
0.800000 0.992920
0.804000 0.992920
0.808000 0.992920
0.812000 0.992920
0.816000 0.992919
0.820000 0.992919
0.824000 0.992919
0.828000 0.992919
0.832000 0.992919
0.836000 0.992919
0.840000 0.992919
0.844000 0.992919
0.848000 0.992919
0.852000 0.992919
0.856000 0.992919
0.860000 0.992919
0.864000 0.992919
0.868000 0.992919
0.872000 0.992919
0.876000 0.992919
0.880000 0.992919
0.884000 0.992919
0.888000 0.992919
0.892000 0.992919
0.896000 0.992919
0.900000 0.992919
0.904000 0.992919
0.908000 0.992919
0.912000 0.992919
0.916000 0.992919
0.920000 0.992919
0.924000 0.992919
0.928000 0.992919
0.932000 0.992919
0.936000 0.992919
0.940000 0.992919
0.944000 0.992919
0.948000 0.992919
0.952000 0.992919
0.956000 0.992919
0.960000 0.992919
0.964000 0.992919
0.968000 0.992919
0.972000 0.992919
0.976000 0.992919
0.980000 0.992919
0.984000 0.992919
0.988000 0.992919
0.992000 0.992919
0.996000 0.992919
1.000000 0.992919
