-1.000000 0.992919
-0.996000 0.992919
-0.992000 0.992919
-0.988000 0.992919
-0.984000 0.992919
-0.980000 0.992919
-0.976000 0.992919
-0.972000 0.992919
-0.968000 0.992919
-0.964000 0.992919
-0.960000 0.992919
-0.956000 0.992919
-0.952000 0.992919
-0.948000 0.992919
-0.944000 0.992919
-0.940000 0.992919
-0.936000 0.992919
-0.932000 0.992919
-0.928000 0.992919
-0.924000 0.992919
-0.920000 0.992919
-0.916000 0.992919
-0.912000 0.992919
-0.908000 0.992919
-0.904000 0.992919
-0.900000 0.992919
-0.896000 0.992919
-0.892000 0.992919
-0.888000 0.992919
-0.884000 0.992919
-0.880000 0.992919
-0.876000 0.992919
-0.872000 0.992919
-0.868000 0.992919
-0.864000 0.992919
-0.860000 0.992919
-0.856000 0.992919
-0.852000 0.992920
-0.848000 0.992920
-0.844000 0.992920
-0.840000 0.992920
-0.836000 0.992920
-0.832000 0.992920
-0.828000 0.992920
-0.824000 0.992921
-0.820000 0.992921
-0.816000 0.992921
-0.812000 0.992921
-0.808000 0.992922
-0.804000 0.992922
-0.800000 0.992922
-0.796000 0.992923
-0.792000 0.992923
-0.788000 0.992924
-0.784000 0.992924
-0.780000 0.992925
-0.776000 0.992926
-0.772000 0.992927
-0.768000 0.992928
-0.764000 0.992929
-0.760000 0.992930
-0.756000 0.992931
-0.752000 0.992933
-0.748000 0.992934
-0.744000 0.992936
-0.740000 0.992938
-0.736000 0.992940
-0.732000 0.992942
-0.728000 0.992944
-0.724000 0.992947
-0.720000 0.992950
-0.716000 0.992953
-0.712000 0.992957
-0.708000 0.992960
-0.704000 0.992964
-0.700000 0.992969
-0.696000 0.992973
-0.692000 0.992979
-0.688000 0.992984
-0.684000 0.992990
-0.680000 0.992997
-0.676000 0.993003
-0.672000 0.993011
-0.668000 0.993019
-0.664000 0.993027
-0.660000 0.993036
-0.656000 0.993046
-0.652000 0.993057
-0.648000 0.993068
-0.644000 0.993079
-0.640000 0.993092
-0.636000 0.993105
-0.632000 0.993119
-0.628000 0.993134
-0.624000 0.993150
-0.620000 0.993167
-0.616000 0.993185
-0.612000 0.993204
-0.608000 0.993223
-0.604000 0.993244
-0.600000 0.993266
-0.596000 0.993289
-0.592000 0.993313
-0.588000 0.993338
-0.584000 0.993365
-0.580000 0.993392
-0.576000 0.993421
-0.572000 0.993451
-0.568000 0.993483
-0.564000 0.993516
-0.560000 0.993550
-0.556000 0.993585
-0.552000 0.993622
-0.548000 0.993660
-0.544000 0.993700
-0.540000 0.993741
-0.536000 0.993783
-0.532000 0.993827
-0.528000 0.993873
-0.524000 0.993919
-0.520000 0.993968
-0.516000 0.994017
-0.512000 0.994068
-0.508000 0.994121
-0.504000 0.994174
-0.500000 0.994230
-0.496000 0.994286
-0.492000 0.994344
-0.488000 0.994403
-0.484000 0.994464
-0.480000 0.994525
-0.476000 0.994588
-0.472000 0.994653
-0.468000 0.994718
-0.464000 0.994785
-0.460000 0.994852
-0.456000 0.994921
-0.452000 0.994991
-0.448000 0.995061
-0.444000 0.995133
-0.440000 0.995205
-0.436000 0.995279
-0.432000 0.995353
-0.428000 0.995427
-0.424000 0.995503
-0.420000 0.995579
-0.416000 0.995655
-0.412000 0.995732
-0.408000 0.995810
-0.404000 0.995887
-0.400000 0.995965
-0.396000 0.996044
-0.392000 0.996122
-0.388000 0.996201
-0.384000 0.996279
-0.380000 0.996358
-0.376000 0.996437
-0.372000 0.996515
-0.368000 0.996593
-0.364000 0.996671
-0.360000 0.996749
-0.356000 0.996826
-0.352000 0.996903
-0.348000 0.996979
-0.344000 0.997055
-0.340000 0.997131
-0.336000 0.997205
-0.332000 0.997279
-0.328000 0.997353
-0.324000 0.997425
-0.320000 0.997497
-0.316000 0.997568
-0.312000 0.997638
-0.308000 0.997707
-0.304000 0.997775
-0.300000 0.997842
-0.296000 0.997908
-0.292000 0.997973
-0.288000 0.998037
-0.284000 0.998099
-0.280000 0.998161
-0.276000 0.998221
-0.272000 0.998281
-0.268000 0.998339
-0.264000 0.998396
-0.260000 0.998451
-0.256000 0.998506
-0.252000 0.998559
-0.248000 0.998611
-0.244000 0.998662
-0.240000 0.998711
-0.236000 0.998760
-0.232000 0.998807
-0.228000 0.998853
-0.224000 0.998897
-0.220000 0.998940
-0.216000 0.998983
-0.212000 0.999023
-0.208000 0.999063
-0.204000 0.999102
-0.200000 0.999139
-0.196000 0.999175
-0.192000 0.999210
-0.188000 0.999244
-0.184000 0.999277
-0.180000 0.999308
-0.176000 0.999339
-0.172000 0.999369
-0.168000 0.999397
-0.164000 0.999425
-0.160000 0.999451
-0.156000 0.999476
-0.152000 0.999501
-0.148000 0.999525
-0.144000 0.999547
-0.140000 0.999569
-0.136000 0.999590
-0.132000 0.999610
-0.128000 0.999629
-0.124000 0.999648
-0.120000 0.999666
-0.116000 0.999683
-0.112000 0.999699
-0.108000 0.999714
-0.104000 0.999729
-0.100000 0.999744
-0.096000 0.999757
-0.092000 0.999770
-0.088000 0.999782
-0.084000 0.999794
-0.080000 0.999805
-0.076000 0.999816
-0.072000 0.999826
-0.068000 0.999836
-0.064000 0.999845
-0.060000 0.999854
-0.056000 0.999862
-0.052000 0.999870
-0.048000 0.999878
-0.044000 0.999885
-0.040000 0.999892
-0.036000 0.999898
-0.032000 0.999904
-0.028000 0.999910
-0.024000 0.999915
-0.020000 0.999920
-0.016000 0.999925
-0.012000 0.999930
-0.008000 0.999934
-0.004000 0.999938
0.000000 0.999942
0.004000 0.999946
0.008000 0.999949
0.012000 0.999952
0.016000 0.999955
0.020000 0.999958
0.024000 0.999961
0.028000 0.999964
0.032000 0.999966
0.036000 0.999968
0.040000 0.999970
0.044000 0.999972
0.048000 0.999974
0.052000 0.999976
0.056000 0.999978
0.060000 0.999979
0.064000 0.999980
0.068000 0.999982
0.072000 0.999983
0.076000 0.999984
0.080000 0.999985
0.084000 0.999986
0.088000 0.999987
0.092000 0.999988
0.096000 0.999989
0.100000 0.999990
0.104000 0.999991
0.108000 0.999991
0.112000 0.999992
0.116000 0.999993
0.120000 0.999993
0.124000 0.999994
0.128000 0.999994
0.132000 0.999994
0.136000 0.999995
0.140000 0.999995
0.144000 0.999996
0.148000 0.999996
0.152000 0.999996
0.156000 0.999997
0.160000 0.999997
0.164000 0.999997
0.168000 0.999997
0.172000 0.999998
0.176000 0.999998
0.180000 0.999998
0.184000 0.999998
0.188000 0.999998
0.192000 0.999998
0.196000 0.999998
0.200000 0.999999
0.204000 0.999999
0.208000 0.999999
0.212000 0.999999
0.216000 0.999999
0.220000 0.999999
0.224000 0.999999
0.228000 0.999999
0.232000 0.999999
0.236000 0.999999
0.240000 0.999999
0.244000 0.999999
0.248000 0.999999
0.252000 1.000000
0.256000 1.000000
0.260000 1.000000
0.264000 1.000000
0.268000 1.000000
0.272000 1.000000
0.276000 1.000000
0.280000 1.000000
0.284000 1.000000
0.288000 1.000000
0.292000 1.000000
0.296000 1.000000
0.300000 1.000000
0.304000 1.000000
0.308000 1.000000
0.312000 1.000000
0.316000 1.000000
0.320000 1.000000
0.324000 1.000000
0.328000 1.000000
0.332000 1.000000
0.336000 1.000000
0.340000 1.000000
0.344000 1.000000
0.348000 1.000000
0.352000 1.000000
0.356000 1.000000
0.360000 1.000000
0.364000 1.000000
0.368000 1.000000
0.372000 1.000000
0.376000 1.000000
0.380000 1.000000
0.384000 1.000000
0.388000 1.000000
0.392000 1.000000
0.396000 1.000000
0.400000 1.000000
0.404000 1.000000
0.408000 1.000000
0.412000 1.000000
0.416000 1.000000
0.420000 1.000000
0.424000 1.000000
0.428000 1.000000
0.432000 1.000000
0.436000 1.000000
0.440000 1.000000
0.444000 1.000000
0.448000 1.000000
0.452000 1.000000
0.456000 1.000000
0.460000 1.000000
0.464000 1.000000
0.468000 1.000000
0.472000 1.000000
0.476000 1.000000
0.480000 1.000000
0.484000 1.000000
0.488000 1.000000
0.492000 1.000000
0.496000 1.000000
0.500000 1.000000
0.504000 1.000000
0.508000 1.000000
0.512000 1.000000
0.516000 1.000000
0.520000 1.000000
0.524000 1.000000
0.528000 1.000000
0.532000 1.000000
0.536000 1.000000
0.540000 1.000000
0.544000 1.000000
0.548000 1.000000
0.552000 1.000000
0.556000 1.000000
0.560000 1.000000
0.564000 1.000000
0.568000 1.000000
0.572000 1.000000
0.576000 1.000000
0.580000 1.000000
0.584000 1.000000
0.588000 1.000000
0.592000 1.000000
0.596000 1.000000
0.600000 1.000000
0.604000 1.000000
0.608000 1.000000
0.612000 1.000000
0.616000 1.000000
0.620000 1.000000
0.624000 1.000000
0.628000 1.000000
0.632000 1.000000
0.636000 1.000000
0.640000 1.000000
0.644000 1.000000
0.648000 1.000000
0.652000 1.000000
0.656000 1.000000
0.660000 1.000000
0.664000 1.000000
0.668000 1.000000
0.672000 1.000000
0.676000 1.000000
0.680000 1.000000
0.684000 1.000000
0.688000 1.000000
0.692000 1.000000
0.696000 1.000000
0.700000 1.000000
0.704000 1.000000
0.708000 1.000000
0.712000 1.000000
0.716000 1.000000
0.720000 1.000000
0.724000 1.000000
0.728000 1.000000
0.732000 1.000000
0.736000 1.000000
0.740000 1.000000
0.744000 1.000000
0.748000 1.000000
0.752000 1.000000
0.756000 1.000000
0.760000 1.000000
0.764000 1.000000
0.768000 1.000000
0.772000 1.000000
0.776000 1.000000
0.780000 1.000000
0.784000 1.000000
0.788000 1.000000
0.792000 1.000000
0.796000 1.000000
0.800000 1.000000
0.804000 1.000000
0.808000 1.000000
0.812000 1.000000
0.816000 1.000000
0.820000 1.000000
0.824000 1.000000
0.828000 1.000000
0.832000 1.000000
0.836000 1.000000
0.840000 1.000000
0.844000 1.000000
0.848000 1.000000
0.852000 1.000000
0.856000 1.000000
0.860000 1.000000
0.864000 1.000000
0.868000 1.000000
0.872000 1.000000
0.876000 1.000000
0.880000 1.000000
0.884000 1.000000
0.888000 1.000000
0.892000 1.000000
0.896000 1.000000
0.900000 1.000000
0.904000 1.000000
0.908000 1.000000
0.912000 1.000000
0.916000 1.000000
0.920000 1.000000
0.924000 1.000000
0.928000 1.000000
0.932000 1.000000
0.936000 1.000000
0.940000 1.000000
0.944000 1.000000
0.948000 1.000000
0.952000 1.000000
0.956000 1.000000
0.960000 1.000000
0.964000 1.000000
0.968000 1.000000
0.972000 1.000000
0.976000 1.000000
0.980000 1.000000
0.984000 1.000000
0.988000 1.000000
0.992000 1.000000
0.996000 1.000000
1.000000 1.000000
