-1.000000 0.994892
-0.996000 0.994892
-0.992000 0.994892
-0.988000 0.994892
-0.984000 0.994892
-0.980000 0.994892
-0.976000 0.994892
-0.972000 0.994892
-0.968000 0.994892
-0.964000 0.994892
-0.960000 0.994892
-0.956000 0.994892
-0.952000 0.994892
-0.948000 0.994892
-0.944000 0.994892
-0.940000 0.994892
-0.936000 0.994892
-0.932000 0.994892
-0.928000 0.994892
-0.924000 0.994892
-0.920000 0.994892
-0.916000 0.994892
-0.912000 0.994892
-0.908000 0.994892
-0.904000 0.994892
-0.900000 0.994892
-0.896000 0.994892
-0.892000 0.994892
-0.888000 0.994892
-0.884000 0.994892
-0.880000 0.994892
-0.876000 0.994892
-0.872000 0.994892
-0.868000 0.994892
-0.864000 0.994892
-0.860000 0.994892
-0.856000 0.994892
-0.852000 0.994892
-0.848000 0.994892
-0.844000 0.994892
-0.840000 0.994892
-0.836000 0.994892
-0.832000 0.994892
-0.828000 0.994892
-0.824000 0.994892
-0.820000 0.994892
-0.816000 0.994892
-0.812000 0.994892
-0.808000 0.994892
-0.804000 0.994892
-0.800000 0.994892
-0.796000 0.994892
-0.792000 0.994892
-0.788000 0.994892
-0.784000 0.994892
-0.780000 0.994892
-0.776000 0.994892
-0.772000 0.994892
-0.768000 0.994892
-0.764000 0.994892
-0.760000 0.994892
-0.756000 0.994892
-0.752000 0.994892
-0.748000 0.994892
-0.744000 0.994892
-0.740000 0.994892
-0.736000 0.994892
-0.732000 0.994892
-0.728000 0.994892
-0.724000 0.994892
-0.720000 0.994892
-0.716000 0.994892
-0.712000 0.994892
-0.708000 0.994892
-0.704000 0.994892
-0.700000 0.994892
-0.696000 0.994892
-0.692000 0.994892
-0.688000 0.994892
-0.684000 0.994892
-0.680000 0.994892
-0.676000 0.994892
-0.672000 0.994892
-0.668000 0.994892
-0.664000 0.994892
-0.660000 0.994892
-0.656000 0.994892
-0.652000 0.994892
-0.648000 0.994892
-0.644000 0.994892
-0.640000 0.994892
-0.636000 0.994892
-0.632000 0.994892
-0.628000 0.994892
-0.624000 0.994892
-0.620000 0.994892
-0.616000 0.994892
-0.612000 0.994892
-0.608000 0.994892
-0.604000 0.994892
-0.600000 0.994892
-0.596000 0.994892
-0.592000 0.994892
-0.588000 0.994892
-0.584000 0.994892
-0.580000 0.994892
-0.576000 0.994892
-0.572000 0.994892
-0.568000 0.994892
-0.564000 0.994892
-0.560000 0.994892
-0.556000 0.994892
-0.552000 0.994892
-0.548000 0.994892
-0.544000 0.994892
-0.540000 0.994892
-0.536000 0.994892
-0.532000 0.994892
-0.528000 0.994892
-0.524000 0.994892
-0.520000 0.994892
-0.516000 0.994892
-0.512000 0.994892
-0.508000 0.994892
-0.504000 0.994892
-0.500000 0.994892
-0.496000 0.994892
-0.492000 0.994892
-0.488000 0.994892
-0.484000 0.994892
-0.480000 0.994892
-0.476000 0.994892
-0.472000 0.994892
-0.468000 0.994892
-0.464000 0.994892
-0.460000 0.994892
-0.456000 0.994892
-0.452000 0.994892
-0.448000 0.994892
-0.444000 0.994892
-0.440000 0.994892
-0.436000 0.994892
-0.432000 0.994892
-0.428000 0.994892
-0.424000 0.994892
-0.420000 0.994892
-0.416000 0.994892
-0.412000 0.994892
-0.408000 0.994892
-0.404000 0.994892
-0.400000 0.994892
-0.396000 0.994892
-0.392000 0.994892
-0.388000 0.994892
-0.384000 0.994892
-0.380000 0.994892
-0.376000 0.994892
-0.372000 0.994892
-0.368000 0.994892
-0.364000 0.994892
-0.360000 0.994892
-0.356000 0.994892
-0.352000 0.994892
-0.348000 0.994892
-0.344000 0.994892
-0.340000 0.994892
-0.336000 0.994892
-0.332000 0.994892
-0.328000 0.994892
-0.324000 0.994892
-0.320000 0.994892
-0.316000 0.994892
-0.312000 0.994892
-0.308000 0.994892
-0.304000 0.994892
-0.300000 0.994892
-0.296000 0.994892
-0.292000 0.994892
-0.288000 0.994892
-0.284000 0.994892
-0.280000 0.994892
-0.276000 0.994892
-0.272000 0.994892
-0.268000 0.994892
-0.264000 0.994892
-0.260000 0.994892
-0.256000 0.994892
-0.252000 0.994892
-0.248000 0.994892
-0.244000 0.994892
-0.240000 0.994892
-0.236000 0.994892
-0.232000 0.994892
-0.228000 0.994892
-0.224000 0.994892
-0.220000 0.994892
-0.216000 0.994892
-0.212000 0.994892
-0.208000 0.994892
-0.204000 0.994892
-0.200000 0.994892
-0.196000 0.994892
-0.192000 0.994892
-0.188000 0.994892
-0.184000 0.994892
-0.180000 0.994892
-0.176000 0.994892
-0.172000 0.994892
-0.168000 0.994892
-0.164000 0.994892
-0.160000 0.994892
-0.156000 0.994892
-0.152000 0.994892
-0.148000 0.994892
-0.144000 0.994892
-0.140000 0.994892
-0.136000 0.994892
-0.132000 0.994892
-0.128000 0.994892
-0.124000 0.994892
-0.120000 0.994892
-0.116000 0.994892
-0.112000 0.994892
-0.108000 0.994892
-0.104000 0.994892
-0.100000 0.994892
-0.096000 0.994892
-0.092000 0.994892
-0.088000 0.994892
-0.084000 0.994892
-0.080000 0.994892
-0.076000 0.994892
-0.072000 0.994892
-0.068000 0.994892
-0.064000 0.994892
-0.060000 0.994892
-0.056000 0.994892
-0.052000 0.994892
-0.048000 0.994892
-0.044000 0.994892
-0.040000 0.994892
-0.036000 0.994892
-0.032000 0.994892
-0.028000 0.994892
-0.024000 0.994892
-0.020000 0.994892
-0.016000 0.994892
-0.012000 0.994892
-0.008000 0.994892
-0.004000 0.994892
0.000000 0.994892
0.004000 0.994892
0.008000 0.994892
0.012000 0.994892
0.016000 0.994892
0.020000 0.994892
0.024000 0.994892
0.028000 0.994892
0.032000 0.994892
0.036000 0.994892
0.040000 0.994892
0.044000 0.994891
0.048000 0.994891
0.052000 0.994891
0.056000 0.994891
0.060000 0.994891
0.064000 0.994891
0.068000 0.994891
0.072000 0.994891
0.076000 0.994891
0.080000 0.994891
0.084000 0.994891
0.088000 0.994891
0.092000 0.994891
0.096000 0.994891
0.100000 0.994891
0.104000 0.994891
0.108000 0.994891
0.112000 0.994890
0.116000 0.994890
0.120000 0.994890
0.124000 0.994890
0.128000 0.994890
0.132000 0.994890
0.136000 0.994890
0.140000 0.994890
0.144000 0.994889
0.148000 0.994889
0.152000 0.994889
0.156000 0.994889
0.160000 0.994889
0.164000 0.994889
0.168000 0.994888
0.172000 0.994888
0.176000 0.994888
0.180000 0.994888
0.184000 0.994888
0.188000 0.994887
0.192000 0.994887
0.196000 0.994887
0.200000 0.994886
0.204000 0.994886
0.208000 0.994886
0.212000 0.994885
0.216000 0.994885
0.220000 0.994885
0.224000 0.994884
0.228000 0.994884
0.232000 0.994883
0.236000 0.994883
0.240000 0.994883
0.244000 0.994882
0.248000 0.994882
0.252000 0.994881
0.256000 0.994880
0.260000 0.994880
0.264000 0.994879
0.268000 0.994879
0.272000 0.994878
0.276000 0.994877
0.280000 0.994876
0.284000 0.994876
0.288000 0.994875
0.292000 0.994874
0.296000 0.994873
0.300000 0.994872
0.304000 0.994871
0.308000 0.994870
0.312000 0.994869
0.316000 0.994868
0.320000 0.994867
0.324000 0.994866
0.328000 0.994865
0.332000 0.994864
0.336000 0.994863
0.340000 0.994861
0.344000 0.994860
0.348000 0.994858
0.352000 0.994857
0.356000 0.994855
0.360000 0.994854
0.364000 0.994852
0.368000 0.994851
0.372000 0.994849
0.376000 0.994847
0.380000 0.994845
0.384000 0.994843
0.388000 0.994841
0.392000 0.994839
0.396000 0.994837
0.400000 0.994835
0.404000 0.994832
0.408000 0.994830
0.412000 0.994828
0.416000 0.994825
0.420000 0.994823
0.424000 0.994820
0.428000 0.994817
0.432000 0.994814
0.436000 0.994811
0.440000 0.994808
0.444000 0.994805
0.448000 0.994802
0.452000 0.994799
0.456000 0.994795
0.460000 0.994792
0.464000 0.994788
0.468000 0.994785
0.472000 0.994781
0.476000 0.994777
0.480000 0.994773
0.484000 0.994769
0.488000 0.994765
0.492000 0.994761
0.496000 0.994756
0.500000 0.994752
0.504000 0.994747
0.508000 0.994743
0.512000 0.994738
0.516000 0.994733
0.520000 0.994728
0.524000 0.994723
0.528000 0.994717
0.532000 0.994712
0.536000 0.994707
0.540000 0.994701
0.544000 0.994695
0.548000 0.994689
0.552000 0.994683
0.556000 0.994677
0.560000 0.994671
0.564000 0.994664
0.568000 0.994658
0.572000 0.994651
0.576000 0.994645
0.580000 0.994638
0.584000 0.994631
0.588000 0.994624
0.592000 0.994616
0.596000 0.994609
0.600000 0.994601
0.604000 0.994594
0.608000 0.994586
0.612000 0.994578
0.616000 0.994570
0.620000 0.994562
0.624000 0.994554
0.628000 0.994545
0.632000 0.994537
0.636000 0.994528
0.640000 0.994519
0.644000 0.994510
0.648000 0.994501
0.652000 0.994492
0.656000 0.994483
0.660000 0.994473
0.664000 0.994464
0.668000 0.994454
0.672000 0.994444
0.676000 0.994435
0.680000 0.994425
0.684000 0.994415
0.688000 0.994404
0.692000 0.994394
0.696000 0.994384
0.700000 0.994373
0.704000 0.994362
0.708000 0.994352
0.712000 0.994341
0.716000 0.994330
0.720000 0.994319
0.724000 0.994308
0.728000 0.994296
0.732000 0.994285
0.736000 0.994274
0.740000 0.994262
0.744000 0.994251
0.748000 0.994239
0.752000 0.994227
0.756000 0.994216
0.760000 0.994204
0.764000 0.994192
0.768000 0.994180
0.772000 0.994168
0.776000 0.994156
0.780000 0.994143
0.784000 0.994131
0.788000 0.994119
0.792000 0.994107
0.796000 0.994094
0.800000 0.994082
0.804000 0.994069
0.808000 0.994057
0.812000 0.994044
0.816000 0.994032
0.820000 0.994019
0.824000 0.994007
0.828000 0.993994
0.832000 0.993981
0.836000 0.993969
0.840000 0.993956
0.844000 0.993943
0.848000 0.993931
0.852000 0.993918
0.856000 0.993905
0.860000 0.993893
0.864000 0.993880
0.868000 0.993868
0.872000 0.993855
0.876000 0.993842
0.880000 0.993830
0.884000 0.993817
0.888000 0.993805
0.892000 0.993792
0.896000 0.993780
0.900000 0.993768
0.904000 0.993755
0.908000 0.993743
0.912000 0.993731
0.916000 0.993718
0.920000 0.993706
0.924000 0.993694
0.928000 0.993682
0.932000 0.993670
0.936000 0.993658
0.940000 0.993646
0.944000 0.993634
0.948000 0.993622
0.952000 0.993610
0.956000 0.993599
0.960000 0.993587
0.964000 0.993575
0.968000 0.993562
0.972000 0.993550
0.976000 0.993537
0.980000 0.993523
0.984000 0.993508
0.988000 0.993491
0.992000 0.993473
0.996000 0.993451
1.000000 0.993425
