-1.000000 0.994892
-0.996000 0.994892
-0.992000 0.994892
-0.988000 0.994892
-0.984000 0.994892
-0.980000 0.994892
-0.976000 0.994892
-0.972000 0.994892
-0.968000 0.994892
-0.964000 0.994892
-0.960000 0.994892
-0.956000 0.994892
-0.952000 0.994892
-0.948000 0.994892
-0.944000 0.994892
-0.940000 0.994892
-0.936000 0.994892
-0.932000 0.994892
-0.928000 0.994892
-0.924000 0.994892
-0.920000 0.994892
-0.916000 0.994892
-0.912000 0.994892
-0.908000 0.994892
-0.904000 0.994892
-0.900000 0.994892
-0.896000 0.994892
-0.892000 0.994892
-0.888000 0.994892
-0.884000 0.994892
-0.880000 0.994892
-0.876000 0.994892
-0.872000 0.994892
-0.868000 0.994892
-0.864000 0.994892
-0.860000 0.994892
-0.856000 0.994892
-0.852000 0.994892
-0.848000 0.994892
-0.844000 0.994892
-0.840000 0.994892
-0.836000 0.994892
-0.832000 0.994892
-0.828000 0.994892
-0.824000 0.994892
-0.820000 0.994892
-0.816000 0.994892
-0.812000 0.994892
-0.808000 0.994892
-0.804000 0.994892
-0.800000 0.994892
-0.796000 0.994892
-0.792000 0.994892
-0.788000 0.994892
-0.784000 0.994892
-0.780000 0.994892
-0.776000 0.994892
-0.772000 0.994892
-0.768000 0.994892
-0.764000 0.994892
-0.760000 0.994892
-0.756000 0.994892
-0.752000 0.994892
-0.748000 0.994892
-0.744000 0.994892
-0.740000 0.994892
-0.736000 0.994892
-0.732000 0.994892
-0.728000 0.994892
-0.724000 0.994892
-0.720000 0.994892
-0.716000 0.994892
-0.712000 0.994892
-0.708000 0.994892
-0.704000 0.994892
-0.700000 0.994892
-0.696000 0.994892
-0.692000 0.994892
-0.688000 0.994892
-0.684000 0.994892
-0.680000 0.994892
-0.676000 0.994892
-0.672000 0.994892
-0.668000 0.994892
-0.664000 0.994892
-0.660000 0.994892
-0.656000 0.994892
-0.652000 0.994892
-0.648000 0.994892
-0.644000 0.994892
-0.640000 0.994892
-0.636000 0.994892
-0.632000 0.994892
-0.628000 0.994892
-0.624000 0.994892
-0.620000 0.994892
-0.616000 0.994892
-0.612000 0.994892
-0.608000 0.994892
-0.604000 0.994892
-0.600000 0.994892
-0.596000 0.994892
-0.592000 0.994892
-0.588000 0.994892
-0.584000 0.994892
-0.580000 0.994892
-0.576000 0.994892
-0.572000 0.994892
-0.568000 0.994892
-0.564000 0.994892
-0.560000 0.994892
-0.556000 0.994892
-0.552000 0.994892
-0.548000 0.994892
-0.544000 0.994892
-0.540000 0.994892
-0.536000 0.994892
-0.532000 0.994892
-0.528000 0.994892
-0.524000 0.994892
-0.520000 0.994892
-0.516000 0.994892
-0.512000 0.994892
-0.508000 0.994892
-0.504000 0.994892
-0.500000 0.994892
-0.496000 0.994892
-0.492000 0.994892
-0.488000 0.994892
-0.484000 0.994892
-0.480000 0.994892
-0.476000 0.994892
-0.472000 0.994892
-0.468000 0.994892
-0.464000 0.994892
-0.460000 0.994892
-0.456000 0.994892
-0.452000 0.994892
-0.448000 0.994892
-0.444000 0.994892
-0.440000 0.994892
-0.436000 0.994892
-0.432000 0.994892
-0.428000 0.994892
-0.424000 0.994892
-0.420000 0.994892
-0.416000 0.994892
-0.412000 0.994892
-0.408000 0.994892
-0.404000 0.994892
-0.400000 0.994892
-0.396000 0.994892
-0.392000 0.994892
-0.388000 0.994892
-0.384000 0.994892
-0.380000 0.994892
-0.376000 0.994892
-0.372000 0.994892
-0.368000 0.994892
-0.364000 0.994892
-0.360000 0.994892
-0.356000 0.994892
-0.352000 0.994892
-0.348000 0.994892
-0.344000 0.994892
-0.340000 0.994892
-0.336000 0.994892
-0.332000 0.994892
-0.328000 0.994892
-0.324000 0.994892
-0.320000 0.994892
-0.316000 0.994892
-0.312000 0.994892
-0.308000 0.994892
-0.304000 0.994892
-0.300000 0.994892
-0.296000 0.994892
-0.292000 0.994892
-0.288000 0.994892
-0.284000 0.994892
-0.280000 0.994892
-0.276000 0.994892
-0.272000 0.994892
-0.268000 0.994892
-0.264000 0.994892
-0.260000 0.994892
-0.256000 0.994892
-0.252000 0.994892
-0.248000 0.994892
-0.244000 0.994892
-0.240000 0.994892
-0.236000 0.994892
-0.232000 0.994892
-0.228000 0.994892
-0.224000 0.994892
-0.220000 0.994892
-0.216000 0.994892
-0.212000 0.994892
-0.208000 0.994892
-0.204000 0.994892
-0.200000 0.994892
-0.196000 0.994892
-0.192000 0.994892
-0.188000 0.994892
-0.184000 0.994892
-0.180000 0.994892
-0.176000 0.994892
-0.172000 0.994892
-0.168000 0.994892
-0.164000 0.994892
-0.160000 0.994892
-0.156000 0.994892
-0.152000 0.994892
-0.148000 0.994892
-0.144000 0.994892
-0.140000 0.994892
-0.136000 0.994892
-0.132000 0.994892
-0.128000 0.994892
-0.124000 0.994892
-0.120000 0.994892
-0.116000 0.994892
-0.112000 0.994892
-0.108000 0.994892
-0.104000 0.994892
-0.100000 0.994892
-0.096000 0.994892
-0.092000 0.994892
-0.088000 0.994892
-0.084000 0.994892
-0.080000 0.994892
-0.076000 0.994892
-0.072000 0.994892
-0.068000 0.994892
-0.064000 0.994892
-0.060000 0.994892
-0.056000 0.994892
-0.052000 0.994892
-0.048000 0.994892
-0.044000 0.994892
-0.040000 0.994892
-0.036000 0.994892
-0.032000 0.994892
-0.028000 0.994892
-0.024000 0.994892
-0.020000 0.994892
-0.016000 0.994891
-0.012000 0.994891
-0.008000 0.994891
-0.004000 0.994891
0.000000 0.994891
0.004000 0.994891
0.008000 0.994891
0.012000 0.994891
0.016000 0.994891
0.020000 0.994891
0.024000 0.994891
0.028000 0.994891
0.032000 0.994891
0.036000 0.994891
0.040000 0.994891
0.044000 0.994891
0.048000 0.994890
0.052000 0.994890
0.056000 0.994890
0.060000 0.994890
0.064000 0.994890
0.068000 0.994890
0.072000 0.994890
0.076000 0.994890
0.080000 0.994890
0.084000 0.994889
0.088000 0.994889
0.092000 0.994889
0.096000 0.994889
0.100000 0.994889
0.104000 0.994888
0.108000 0.994888
0.112000 0.994888
0.116000 0.994888
0.120000 0.994888
0.124000 0.994887
0.128000 0.994887
0.132000 0.994887
0.136000 0.994886
0.140000 0.994886
0.144000 0.994886
0.148000 0.994885
0.152000 0.994885
0.156000 0.994885
0.160000 0.994884
0.164000 0.994884
0.168000 0.994883
0.172000 0.994883
0.176000 0.994882
0.180000 0.994882
0.184000 0.994881
0.188000 0.994881
0.192000 0.994880
0.196000 0.994880
0.200000 0.994879
0.204000 0.994878
0.208000 0.994878
0.212000 0.994877
0.216000 0.994876
0.220000 0.994875
0.224000 0.994874
0.228000 0.994874
0.232000 0.994873
0.236000 0.994872
0.240000 0.994871
0.244000 0.994870
0.248000 0.994869
0.252000 0.994868
0.256000 0.994866
0.260000 0.994865
0.264000 0.994864
0.268000 0.994863
0.272000 0.994861
0.276000 0.994860
0.280000 0.994858
0.284000 0.994857
0.288000 0.994855
0.292000 0.994854
0.296000 0.994852
0.300000 0.994850
0.304000 0.994849
0.308000 0.994847
0.312000 0.994845
0.316000 0.994843
0.320000 0.994841
0.324000 0.994839
0.328000 0.994836
0.332000 0.994834
0.336000 0.994832
0.340000 0.994829
0.344000 0.994827
0.348000 0.994824
0.352000 0.994821
0.356000 0.994819
0.360000 0.994816
0.364000 0.994813
0.368000 0.994810
0.372000 0.994807
0.376000 0.994804
0.380000 0.994800
0.384000 0.994797
0.388000 0.994793
0.392000 0.994790
0.396000 0.994786
0.400000 0.994782
0.404000 0.994778
0.408000 0.994774
0.412000 0.994770
0.416000 0.994766
0.420000 0.994762
0.424000 0.994757
0.428000 0.994753
0.432000 0.994748
0.436000 0.994743
0.440000 0.994738
0.444000 0.994733
0.448000 0.994728
0.452000 0.994723
0.456000 0.994717
0.460000 0.994712
0.464000 0.994706
0.468000 0.994700
0.472000 0.994694
0.476000 0.994688
0.480000 0.994682
0.484000 0.994676
0.488000 0.994669
0.492000 0.994663
0.496000 0.994656
0.500000 0.994649
0.504000 0.994642
0.508000 0.994635
0.512000 0.994628
0.516000 0.994621
0.520000 0.994613
0.524000 0.994606
0.528000 0.994598
0.532000 0.994590
0.536000 0.994582
0.540000 0.994574
0.544000 0.994566
0.548000 0.994557
0.552000 0.994549
0.556000 0.994540
0.560000 0.994531
0.564000 0.994522
0.568000 0.994513
0.572000 0.994504
0.576000 0.994494
0.580000 0.994485
0.584000 0.994475
0.588000 0.994466
0.592000 0.994456
0.596000 0.994446
0.600000 0.994436
0.604000 0.994426
0.608000 0.994415
0.612000 0.994405
0.616000 0.994394
0.620000 0.994384
0.624000 0.994373
0.628000 0.994362
0.632000 0.994351
0.636000 0.994340
0.640000 0.994329
0.644000 0.994317
0.648000 0.994306
0.652000 0.994294
0.656000 0.994283
0.660000 0.994271
0.664000 0.994259
0.668000 0.994248
0.672000 0.994236
0.676000 0.994224
0.680000 0.994212
0.684000 0.994199
0.688000 0.994187
0.692000 0.994175
0.696000 0.994163
0.700000 0.994150
0.704000 0.994138
0.708000 0.994125
0.712000 0.994113
0.716000 0.994100
0.720000 0.994087
0.724000 0.994075
0.728000 0.994062
0.732000 0.994049
0.736000 0.994036
0.740000 0.994023
0.744000 0.994010
0.748000 0.993998
0.752000 0.993985
0.756000 0.993972
0.760000 0.993959
0.764000 0.993946
0.768000 0.993933
0.772000 0.993920
0.776000 0.993907
0.780000 0.993894
0.784000 0.993881
0.788000 0.993868
0.792000 0.993855
0.796000 0.993843
0.800000 0.993830
0.804000 0.993817
0.808000 0.993804
0.812000 0.993791
0.816000 0.993779
0.820000 0.993766
0.824000 0.993753
0.828000 0.993741
0.832000 0.993728
0.836000 0.993716
0.840000 0.993703
0.844000 0.993691
0.848000 0.993679
0.852000 0.993667
0.856000 0.993654
0.860000 0.993642
0.864000 0.993630
0.868000 0.993618
0.872000 0.993607
0.876000 0.993595
0.880000 0.993583
0.884000 0.993572
0.888000 0.993560
0.892000 0.993549
0.896000 0.993537
0.900000 0.993526
0.904000 0.993515
0.908000 0.993504
0.912000 0.993493
0.916000 0.993482
0.920000 0.993471
0.924000 0.993461
0.928000 0.993450
0.932000 0.993440
0.936000 0.993429
0.940000 0.993419
0.944000 0.993409
0.948000 0.993399
0.952000 0.993389
0.956000 0.993379
0.960000 0.993369
0.964000 0.993359
0.968000 0.993349
0.972000 0.993339
0.976000 0.993328
0.980000 0.993317
0.984000 0.993305
0.988000 0.993292
0.992000 0.993277
0.996000 0.993260
1.000000 0.993239
