-1.000000 0.994892
-0.996000 0.994892
-0.992000 0.994892
-0.988000 0.994892
-0.984000 0.994892
-0.980000 0.994892
-0.976000 0.994892
-0.972000 0.994892
-0.968000 0.994892
-0.964000 0.994892
-0.960000 0.994892
-0.956000 0.994892
-0.952000 0.994892
-0.948000 0.994892
-0.944000 0.994892
-0.940000 0.994892
-0.936000 0.994892
-0.932000 0.994892
-0.928000 0.994892
-0.924000 0.994892
-0.920000 0.994892
-0.916000 0.994892
-0.912000 0.994892
-0.908000 0.994892
-0.904000 0.994892
-0.900000 0.994892
-0.896000 0.994892
-0.892000 0.994892
-0.888000 0.994892
-0.884000 0.994892
-0.880000 0.994892
-0.876000 0.994892
-0.872000 0.994892
-0.868000 0.994892
-0.864000 0.994892
-0.860000 0.994892
-0.856000 0.994892
-0.852000 0.994892
-0.848000 0.994892
-0.844000 0.994892
-0.840000 0.994892
-0.836000 0.994892
-0.832000 0.994892
-0.828000 0.994892
-0.824000 0.994892
-0.820000 0.994892
-0.816000 0.994892
-0.812000 0.994892
-0.808000 0.994892
-0.804000 0.994892
-0.800000 0.994892
-0.796000 0.994892
-0.792000 0.994892
-0.788000 0.994892
-0.784000 0.994892
-0.780000 0.994892
-0.776000 0.994892
-0.772000 0.994892
-0.768000 0.994892
-0.764000 0.994892
-0.760000 0.994892
-0.756000 0.994892
-0.752000 0.994892
-0.748000 0.994892
-0.744000 0.994892
-0.740000 0.994892
-0.736000 0.994892
-0.732000 0.994892
-0.728000 0.994892
-0.724000 0.994892
-0.720000 0.994892
-0.716000 0.994892
-0.712000 0.994892
-0.708000 0.994892
-0.704000 0.994892
-0.700000 0.994892
-0.696000 0.994892
-0.692000 0.994892
-0.688000 0.994892
-0.684000 0.994892
-0.680000 0.994892
-0.676000 0.994892
-0.672000 0.994892
-0.668000 0.994892
-0.664000 0.994892
-0.660000 0.994892
-0.656000 0.994892
-0.652000 0.994892
-0.648000 0.994892
-0.644000 0.994892
-0.640000 0.994892
-0.636000 0.994892
-0.632000 0.994892
-0.628000 0.994892
-0.624000 0.994892
-0.620000 0.994892
-0.616000 0.994892
-0.612000 0.994892
-0.608000 0.994892
-0.604000 0.994892
-0.600000 0.994892
-0.596000 0.994892
-0.592000 0.994892
-0.588000 0.994892
-0.584000 0.994892
-0.580000 0.994892
-0.576000 0.994892
-0.572000 0.994892
-0.568000 0.994892
-0.564000 0.994892
-0.560000 0.994892
-0.556000 0.994892
-0.552000 0.994892
-0.548000 0.994892
-0.544000 0.994892
-0.540000 0.994892
-0.536000 0.994892
-0.532000 0.994892
-0.528000 0.994892
-0.524000 0.994892
-0.520000 0.994892
-0.516000 0.994892
-0.512000 0.994892
-0.508000 0.994892
-0.504000 0.994892
-0.500000 0.994892
-0.496000 0.994892
-0.492000 0.994892
-0.488000 0.994892
-0.484000 0.994892
-0.480000 0.994892
-0.476000 0.994892
-0.472000 0.994892
-0.468000 0.994892
-0.464000 0.994892
-0.460000 0.994892
-0.456000 0.994892
-0.452000 0.994892
-0.448000 0.994892
-0.444000 0.994892
-0.440000 0.994892
-0.436000 0.994892
-0.432000 0.994892
-0.428000 0.994892
-0.424000 0.994892
-0.420000 0.994892
-0.416000 0.994892
-0.412000 0.994892
-0.408000 0.994892
-0.404000 0.994892
-0.400000 0.994892
-0.396000 0.994892
-0.392000 0.994892
-0.388000 0.994892
-0.384000 0.994891
-0.380000 0.994891
-0.376000 0.994891
-0.372000 0.994891
-0.368000 0.994891
-0.364000 0.994891
-0.360000 0.994891
-0.356000 0.994891
-0.352000 0.994891
-0.348000 0.994891
-0.344000 0.994891
-0.340000 0.994891
-0.336000 0.994891
-0.332000 0.994891
-0.328000 0.994890
-0.324000 0.994890
-0.320000 0.994890
-0.316000 0.994890
-0.312000 0.994890
-0.308000 0.994890
-0.304000 0.994890
-0.300000 0.994889
-0.296000 0.994889
-0.292000 0.994889
-0.288000 0.994889
-0.284000 0.994888
-0.280000 0.994888
-0.276000 0.994888
-0.272000 0.994888
-0.268000 0.994887
-0.264000 0.994887
-0.260000 0.994887
-0.256000 0.994886
-0.252000 0.994886
-0.248000 0.994885
-0.244000 0.994885
-0.240000 0.994885
-0.236000 0.994884
-0.232000 0.994883
-0.228000 0.994883
-0.224000 0.994882
-0.220000 0.994882
-0.216000 0.994881
-0.212000 0.994880
-0.208000 0.994880
-0.204000 0.994879
-0.200000 0.994878
-0.196000 0.994877
-0.192000 0.994876
-0.188000 0.994875
-0.184000 0.994874
-0.180000 0.994873
-0.176000 0.994872
-0.172000 0.994871
-0.168000 0.994870
-0.164000 0.994868
-0.160000 0.994867
-0.156000 0.994866
-0.152000 0.994864
-0.148000 0.994863
-0.144000 0.994861
-0.140000 0.994859
-0.136000 0.994858
-0.132000 0.994856
-0.128000 0.994854
-0.124000 0.994852
-0.120000 0.994850
-0.116000 0.994848
-0.112000 0.994845
-0.108000 0.994843
-0.104000 0.994840
-0.100000 0.994838
-0.096000 0.994835
-0.092000 0.994832
-0.088000 0.994829
-0.084000 0.994826
-0.080000 0.994823
-0.076000 0.994820
-0.072000 0.994817
-0.068000 0.994813
-0.064000 0.994810
-0.060000 0.994806
-0.056000 0.994802
-0.052000 0.994798
-0.048000 0.994794
-0.044000 0.994789
-0.040000 0.994785
-0.036000 0.994780
-0.032000 0.994776
-0.028000 0.994771
-0.024000 0.994766
-0.020000 0.994761
-0.016000 0.994755
-0.012000 0.994750
-0.008000 0.994744
-0.004000 0.994738
0.000000 0.994732
0.004000 0.994726
0.008000 0.994720
0.012000 0.994713
0.016000 0.994706
0.020000 0.994699
0.024000 0.994692
0.028000 0.994685
0.032000 0.994678
0.036000 0.994670
0.040000 0.994662
0.044000 0.994654
0.048000 0.994646
0.052000 0.994638
0.056000 0.994629
0.060000 0.994620
0.064000 0.994611
0.068000 0.994602
0.072000 0.994593
0.076000 0.994583
0.080000 0.994574
0.084000 0.994564
0.088000 0.994554
0.092000 0.994544
0.096000 0.994533
0.100000 0.994523
0.104000 0.994512
0.108000 0.994501
0.112000 0.994490
0.116000 0.994478
0.120000 0.994467
0.124000 0.994455
0.128000 0.994443
0.132000 0.994431
0.136000 0.994419
0.140000 0.994407
0.144000 0.994394
0.148000 0.994381
0.152000 0.994369
0.156000 0.994356
0.160000 0.994342
0.164000 0.994329
0.168000 0.994316
0.172000 0.994302
0.176000 0.994289
0.180000 0.994275
0.184000 0.994261
0.188000 0.994247
0.192000 0.994233
0.196000 0.994218
0.200000 0.994204
0.204000 0.994190
0.208000 0.994175
0.212000 0.994160
0.216000 0.994146
0.220000 0.994131
0.224000 0.994116
0.228000 0.994101
0.232000 0.994086
0.236000 0.994071
0.240000 0.994056
0.244000 0.994041
0.248000 0.994026
0.252000 0.994010
0.256000 0.993995
0.260000 0.993980
0.264000 0.993965
0.268000 0.993949
0.272000 0.993934
0.276000 0.993919
0.280000 0.993904
0.284000 0.993888
0.288000 0.993873
0.292000 0.993858
0.296000 0.993843
0.300000 0.993828
0.304000 0.993812
0.308000 0.993797
0.312000 0.993782
0.316000 0.993767
0.320000 0.993753
0.324000 0.993738
0.328000 0.993723
0.332000 0.993708
0.336000 0.993694
0.340000 0.993679
0.344000 0.993665
0.348000 0.993651
0.352000 0.993636
0.356000 0.993622
0.360000 0.993608
0.364000 0.993594
0.368000 0.993581
0.372000 0.993567
0.376000 0.993554
0.380000 0.993540
0.384000 0.993527
0.388000 0.993514
0.392000 0.993501
0.396000 0.993488
0.400000 0.993475
0.404000 0.993463
0.408000 0.993451
0.412000 0.993438
0.416000 0.993426
0.420000 0.993414
0.424000 0.993403
0.428000 0.993391
0.432000 0.993380
0.436000 0.993368
0.440000 0.993357
0.444000 0.993346
0.448000 0.993336
0.452000 0.993325
0.456000 0.993315
0.460000 0.993304
0.464000 0.993294
0.468000 0.993284
0.472000 0.993275
0.476000 0.993265
0.480000 0.993256
0.484000 0.993247
0.488000 0.993238
0.492000 0.993229
0.496000 0.993220
0.500000 0.993211
0.504000 0.993203
0.508000 0.993195
0.512000 0.993187
0.516000 0.993179
0.520000 0.993171
0.524000 0.993164
0.528000 0.993157
0.532000 0.993149
0.536000 0.993142
0.540000 0.993135
0.544000 0.993129
0.548000 0.993122
0.552000 0.993116
0.556000 0.993110
0.560000 0.993103
0.564000 0.993098
0.568000 0.993092
0.572000 0.993086
0.576000 0.993081
0.580000 0.993075
0.584000 0.993070
0.588000 0.993065
0.592000 0.993060
0.596000 0.993055
0.600000 0.993051
0.604000 0.993046
0.608000 0.993042
0.612000 0.993037
0.616000 0.993033
0.620000 0.993029
0.624000 0.993025
0.628000 0.993021
0.632000 0.993018
0.636000 0.993014
0.640000 0.993010
0.644000 0.993007
0.648000 0.993004
0.652000 0.993001
0.656000 0.992998
0.660000 0.992995
0.664000 0.992992
0.668000 0.992989
0.672000 0.992986
0.676000 0.992984
0.680000 0.992981
0.684000 0.992979
0.688000 0.992976
0.692000 0.992974
0.696000 0.992972
0.700000 0.992970
0.704000 0.992968
0.708000 0.992966
0.712000 0.992964
0.716000 0.992962
0.720000 0.992960
0.724000 0.992958
0.728000 0.992957
0.732000 0.992955
0.736000 0.992954
0.740000 0.992952
0.744000 0.992951
0.748000 0.992949
0.752000 0.992948
0.756000 0.992947
0.760000 0.992946
0.764000 0.992944
0.768000 0.992943
0.772000 0.992942
0.776000 0.992941
0.780000 0.992940
0.784000 0.992939
0.788000 0.992938
0.792000 0.992937
0.796000 0.992937
0.800000 0.992936
0.804000 0.992935
0.808000 0.992934
0.812000 0.992934
0.816000 0.992933
0.820000 0.992932
0.824000 0.992932
0.828000 0.992931
0.832000 0.992930
0.836000 0.992930
0.840000 0.992929
0.844000 0.992929
0.848000 0.992928
0.852000 0.992928
0.856000 0.992927
0.860000 0.992927
0.864000 0.992927
0.868000 0.992926
0.872000 0.992926
0.876000 0.992926
0.880000 0.992925
0.884000 0.992925
0.888000 0.992925
0.892000 0.992924
0.896000 0.992924
0.900000 0.992924
0.904000 0.992924
0.908000 0.992923
0.912000 0.992923
0.916000 0.992923
0.920000 0.992923
0.924000 0.992922
0.928000 0.992922
0.932000 0.992922
0.936000 0.992922
0.940000 0.992922
0.944000 0.992922
0.948000 0.992921
0.952000 0.992921
0.956000 0.992921
0.960000 0.992921
0.964000 0.992921
0.968000 0.992921
0.972000 0.992921
0.976000 0.992921
0.980000 0.992921
0.984000 0.992920
0.988000 0.992920
0.992000 0.992920
0.996000 0.992920
1.000000 0.992920
