-1.000000 0.994892
-0.996000 0.994892
-0.992000 0.994892
-0.988000 0.994892
-0.984000 0.994892
-0.980000 0.994892
-0.976000 0.994892
-0.972000 0.994892
-0.968000 0.994892
-0.964000 0.994892
-0.960000 0.994892
-0.956000 0.994892
-0.952000 0.994892
-0.948000 0.994892
-0.944000 0.994892
-0.940000 0.994892
-0.936000 0.994892
-0.932000 0.994892
-0.928000 0.994892
-0.924000 0.994892
-0.920000 0.994892
-0.916000 0.994892
-0.912000 0.994892
-0.908000 0.994892
-0.904000 0.994892
-0.900000 0.994892
-0.896000 0.994892
-0.892000 0.994892
-0.888000 0.994892
-0.884000 0.994892
-0.880000 0.994892
-0.876000 0.994892
-0.872000 0.994892
-0.868000 0.994892
-0.864000 0.994892
-0.860000 0.994892
-0.856000 0.994892
-0.852000 0.994892
-0.848000 0.994892
-0.844000 0.994892
-0.840000 0.994892
-0.836000 0.994892
-0.832000 0.994892
-0.828000 0.994892
-0.824000 0.994892
-0.820000 0.994892
-0.816000 0.994892
-0.812000 0.994892
-0.808000 0.994892
-0.804000 0.994892
-0.800000 0.994892
-0.796000 0.994892
-0.792000 0.994892
-0.788000 0.994892
-0.784000 0.994892
-0.780000 0.994892
-0.776000 0.994892
-0.772000 0.994892
-0.768000 0.994892
-0.764000 0.994892
-0.760000 0.994892
-0.756000 0.994892
-0.752000 0.994892
-0.748000 0.994892
-0.744000 0.994892
-0.740000 0.994892
-0.736000 0.994892
-0.732000 0.994892
-0.728000 0.994892
-0.724000 0.994892
-0.720000 0.994892
-0.716000 0.994892
-0.712000 0.994892
-0.708000 0.994892
-0.704000 0.994892
-0.700000 0.994892
-0.696000 0.994892
-0.692000 0.994892
-0.688000 0.994892
-0.684000 0.994892
-0.680000 0.994892
-0.676000 0.994892
-0.672000 0.994892
-0.668000 0.994892
-0.664000 0.994892
-0.660000 0.994892
-0.656000 0.994892
-0.652000 0.994892
-0.648000 0.994892
-0.644000 0.994892
-0.640000 0.994892
-0.636000 0.994892
-0.632000 0.994892
-0.628000 0.994892
-0.624000 0.994892
-0.620000 0.994892
-0.616000 0.994892
-0.612000 0.994892
-0.608000 0.994892
-0.604000 0.994892
-0.600000 0.994892
-0.596000 0.994892
-0.592000 0.994892
-0.588000 0.994892
-0.584000 0.994892
-0.580000 0.994892
-0.576000 0.994892
-0.572000 0.994892
-0.568000 0.994892
-0.564000 0.994892
-0.560000 0.994892
-0.556000 0.994892
-0.552000 0.994892
-0.548000 0.994892
-0.544000 0.994892
-0.540000 0.994892
-0.536000 0.994892
-0.532000 0.994892
-0.528000 0.994892
-0.524000 0.994892
-0.520000 0.994892
-0.516000 0.994892
-0.512000 0.994892
-0.508000 0.994892
-0.504000 0.994892
-0.500000 0.994892
-0.496000 0.994892
-0.492000 0.994892
-0.488000 0.994892
-0.484000 0.994892
-0.480000 0.994892
-0.476000 0.994892
-0.472000 0.994892
-0.468000 0.994892
-0.464000 0.994892
-0.460000 0.994892
-0.456000 0.994892
-0.452000 0.994892
-0.448000 0.994892
-0.444000 0.994892
-0.440000 0.994892
-0.436000 0.994892
-0.432000 0.994892
-0.428000 0.994892
-0.424000 0.994892
-0.420000 0.994892
-0.416000 0.994892
-0.412000 0.994892
-0.408000 0.994892
-0.404000 0.994892
-0.400000 0.994892
-0.396000 0.994892
-0.392000 0.994892
-0.388000 0.994892
-0.384000 0.994892
-0.380000 0.994892
-0.376000 0.994892
-0.372000 0.994892
-0.368000 0.994892
-0.364000 0.994892
-0.360000 0.994892
-0.356000 0.994892
-0.352000 0.994892
-0.348000 0.994892
-0.344000 0.994892
-0.340000 0.994892
-0.336000 0.994892
-0.332000 0.994892
-0.328000 0.994892
-0.324000 0.994892
-0.320000 0.994892
-0.316000 0.994892
-0.312000 0.994892
-0.308000 0.994892
-0.304000 0.994892
-0.300000 0.994892
-0.296000 0.994892
-0.292000 0.994892
-0.288000 0.994892
-0.284000 0.994892
-0.280000 0.994892
-0.276000 0.994892
-0.272000 0.994892
-0.268000 0.994892
-0.264000 0.994892
-0.260000 0.994892
-0.256000 0.994892
-0.252000 0.994892
-0.248000 0.994892
-0.244000 0.994892
-0.240000 0.994892
-0.236000 0.994892
-0.232000 0.994892
-0.228000 0.994892
-0.224000 0.994892
-0.220000 0.994892
-0.216000 0.994892
-0.212000 0.994892
-0.208000 0.994892
-0.204000 0.994892
-0.200000 0.994892
-0.196000 0.994892
-0.192000 0.994892
-0.188000 0.994892
-0.184000 0.994892
-0.180000 0.994892
-0.176000 0.994892
-0.172000 0.994892
-0.168000 0.994892
-0.164000 0.994892
-0.160000 0.994892
-0.156000 0.994892
-0.152000 0.994892
-0.148000 0.994892
-0.144000 0.994892
-0.140000 0.994892
-0.136000 0.994892
-0.132000 0.994892
-0.128000 0.994892
-0.124000 0.994892
-0.120000 0.994892
-0.116000 0.994892
-0.112000 0.994892
-0.108000 0.994892
-0.104000 0.994892
-0.100000 0.994892
-0.096000 0.994892
-0.092000 0.994892
-0.088000 0.994892
-0.084000 0.994892
-0.080000 0.994892
-0.076000 0.994892
-0.072000 0.994892
-0.068000 0.994892
-0.064000 0.994892
-0.060000 0.994892
-0.056000 0.994892
-0.052000 0.994892
-0.048000 0.994892
-0.044000 0.994892
-0.040000 0.994892
-0.036000 0.994892
-0.032000 0.994892
-0.028000 0.994892
-0.024000 0.994892
-0.020000 0.994892
-0.016000 0.994892
-0.012000 0.994892
-0.008000 0.994892
-0.004000 0.994892
0.000000 0.994891
0.004000 0.994891
0.008000 0.994891
0.012000 0.994891
0.016000 0.994891
0.020000 0.994891
0.024000 0.994891
0.028000 0.994891
0.032000 0.994891
0.036000 0.994891
0.040000 0.994891
0.044000 0.994891
0.048000 0.994891
0.052000 0.994891
0.056000 0.994891
0.060000 0.994891
0.064000 0.994890
0.068000 0.994890
0.072000 0.994890
0.076000 0.994890
0.080000 0.994890
0.084000 0.994890
0.088000 0.994890
0.092000 0.994890
0.096000 0.994890
0.100000 0.994889
0.104000 0.994889
0.108000 0.994889
0.112000 0.994889
0.116000 0.994889
0.120000 0.994888
0.124000 0.994888
0.128000 0.994888
0.132000 0.994888
0.136000 0.994888
0.140000 0.994887
0.144000 0.994887
0.148000 0.994887
0.152000 0.994886
0.156000 0.994886
0.160000 0.994886
0.164000 0.994885
0.168000 0.994885
0.172000 0.994885
0.176000 0.994884
0.180000 0.994884
0.184000 0.994883
0.188000 0.994883
0.192000 0.994882
0.196000 0.994882
0.200000 0.994881
0.204000 0.994881
0.208000 0.994880
0.212000 0.994880
0.216000 0.994879
0.220000 0.994878
0.224000 0.994878
0.228000 0.994877
0.232000 0.994876
0.236000 0.994875
0.240000 0.994875
0.244000 0.994874
0.248000 0.994873
0.252000 0.994872
0.256000 0.994871
0.260000 0.994870
0.264000 0.994869
0.268000 0.994868
0.272000 0.994867
0.276000 0.994865
0.280000 0.994864
0.284000 0.994863
0.288000 0.994862
0.292000 0.994860
0.296000 0.994859
0.300000 0.994857
0.304000 0.994856
0.308000 0.994854
0.312000 0.994853
0.316000 0.994851
0.320000 0.994849
0.324000 0.994847
0.328000 0.994845
0.332000 0.994843
0.336000 0.994841
0.340000 0.994839
0.344000 0.994837
0.348000 0.994835
0.352000 0.994832
0.356000 0.994830
0.360000 0.994828
0.364000 0.994825
0.368000 0.994822
0.372000 0.994820
0.376000 0.994817
0.380000 0.994814
0.384000 0.994811
0.388000 0.994808
0.392000 0.994805
0.396000 0.994801
0.400000 0.994798
0.404000 0.994795
0.408000 0.994791
0.412000 0.994788
0.416000 0.994784
0.420000 0.994780
0.424000 0.994776
0.428000 0.994772
0.432000 0.994768
0.436000 0.994764
0.440000 0.994759
0.444000 0.994755
0.448000 0.994750
0.452000 0.994745
0.456000 0.994740
0.460000 0.994736
0.464000 0.994730
0.468000 0.994725
0.472000 0.994720
0.476000 0.994715
0.480000 0.994709
0.484000 0.994703
0.488000 0.994697
0.492000 0.994692
0.496000 0.994685
0.500000 0.994679
0.504000 0.994673
0.508000 0.994667
0.512000 0.994660
0.516000 0.994653
0.520000 0.994646
0.524000 0.994639
0.528000 0.994632
0.532000 0.994625
0.536000 0.994618
0.540000 0.994610
0.544000 0.994603
0.548000 0.994595
0.552000 0.994587
0.556000 0.994579
0.560000 0.994571
0.564000 0.994563
0.568000 0.994554
0.572000 0.994546
0.576000 0.994537
0.580000 0.994528
0.584000 0.994519
0.588000 0.994510
0.592000 0.994501
0.596000 0.994492
0.600000 0.994482
0.604000 0.994472
0.608000 0.994463
0.612000 0.994453
0.616000 0.994443
0.620000 0.994433
0.624000 0.994423
0.628000 0.994412
0.632000 0.994402
0.636000 0.994392
0.640000 0.994381
0.644000 0.994370
0.648000 0.994359
0.652000 0.994348
0.656000 0.994337
0.660000 0.994326
0.664000 0.994315
0.668000 0.994304
0.672000 0.994292
0.676000 0.994281
0.680000 0.994269
0.684000 0.994257
0.688000 0.994245
0.692000 0.994234
0.696000 0.994222
0.700000 0.994210
0.704000 0.994197
0.708000 0.994185
0.712000 0.994173
0.716000 0.994161
0.720000 0.994148
0.724000 0.994136
0.728000 0.994124
0.732000 0.994111
0.736000 0.994098
0.740000 0.994086
0.744000 0.994073
0.748000 0.994061
0.752000 0.994048
0.756000 0.994035
0.760000 0.994022
0.764000 0.994009
0.768000 0.993997
0.772000 0.993984
0.776000 0.993971
0.780000 0.993958
0.784000 0.993945
0.788000 0.993932
0.792000 0.993920
0.796000 0.993907
0.800000 0.993894
0.804000 0.993881
0.808000 0.993868
0.812000 0.993855
0.816000 0.993843
0.820000 0.993830
0.824000 0.993817
0.828000 0.993804
0.832000 0.993792
0.836000 0.993779
0.840000 0.993766
0.844000 0.993754
0.848000 0.993741
0.852000 0.993729
0.856000 0.993716
0.860000 0.993704
0.864000 0.993692
0.868000 0.993680
0.872000 0.993667
0.876000 0.993655
0.880000 0.993643
0.884000 0.993631
0.888000 0.993620
0.892000 0.993608
0.896000 0.993596
0.900000 0.993584
0.904000 0.993573
0.908000 0.993561
0.912000 0.993550
0.916000 0.993539
0.920000 0.993528
0.924000 0.993516
0.928000 0.993505
0.932000 0.993495
0.936000 0.993484
0.940000 0.993473
0.944000 0.993462
0.948000 0.993452
0.952000 0.993441
0.956000 0.993431
0.960000 0.993420
0.964000 0.993409
0.968000 0.993399
0.972000 0.993388
0.976000 0.993376
0.980000 0.993365
0.984000 0.993352
0.988000 0.993338
0.992000 0.993322
0.996000 0.993304
1.000000 0.993281
