-1.000000 0.994892
-0.996000 0.994892
-0.992000 0.994892
-0.988000 0.994892
-0.984000 0.994892
-0.980000 0.994892
-0.976000 0.994892
-0.972000 0.994892
-0.968000 0.994892
-0.964000 0.994892
-0.960000 0.994892
-0.956000 0.994892
-0.952000 0.994892
-0.948000 0.994892
-0.944000 0.994892
-0.940000 0.994892
-0.936000 0.994892
-0.932000 0.994892
-0.928000 0.994892
-0.924000 0.994892
-0.920000 0.994892
-0.916000 0.994892
-0.912000 0.994892
-0.908000 0.994892
-0.904000 0.994892
-0.900000 0.994892
-0.896000 0.994892
-0.892000 0.994892
-0.888000 0.994892
-0.884000 0.994892
-0.880000 0.994892
-0.876000 0.994892
-0.872000 0.994892
-0.868000 0.994892
-0.864000 0.994892
-0.860000 0.994892
-0.856000 0.994892
-0.852000 0.994892
-0.848000 0.994892
-0.844000 0.994892
-0.840000 0.994892
-0.836000 0.994892
-0.832000 0.994892
-0.828000 0.994892
-0.824000 0.994892
-0.820000 0.994892
-0.816000 0.994892
-0.812000 0.994892
-0.808000 0.994892
-0.804000 0.994892
-0.800000 0.994892
-0.796000 0.994892
-0.792000 0.994892
-0.788000 0.994892
-0.784000 0.994892
-0.780000 0.994892
-0.776000 0.994892
-0.772000 0.994892
-0.768000 0.994892
-0.764000 0.994892
-0.760000 0.994892
-0.756000 0.994892
-0.752000 0.994892
-0.748000 0.994892
-0.744000 0.994892
-0.740000 0.994892
-0.736000 0.994892
-0.732000 0.994892
-0.728000 0.994892
-0.724000 0.994892
-0.720000 0.994892
-0.716000 0.994892
-0.712000 0.994892
-0.708000 0.994892
-0.704000 0.994892
-0.700000 0.994892
-0.696000 0.994892
-0.692000 0.994892
-0.688000 0.994892
-0.684000 0.994892
-0.680000 0.994892
-0.676000 0.994892
-0.672000 0.994892
-0.668000 0.994892
-0.664000 0.994892
-0.660000 0.994892
-0.656000 0.994892
-0.652000 0.994892
-0.648000 0.994892
-0.644000 0.994892
-0.640000 0.994892
-0.636000 0.994892
-0.632000 0.994892
-0.628000 0.994892
-0.624000 0.994892
-0.620000 0.994892
-0.616000 0.994892
-0.612000 0.994892
-0.608000 0.994892
-0.604000 0.994892
-0.600000 0.994892
-0.596000 0.994892
-0.592000 0.994892
-0.588000 0.994892
-0.584000 0.994892
-0.580000 0.994892
-0.576000 0.994892
-0.572000 0.994892
-0.568000 0.994892
-0.564000 0.994892
-0.560000 0.994892
-0.556000 0.994892
-0.552000 0.994892
-0.548000 0.994892
-0.544000 0.994892
-0.540000 0.994892
-0.536000 0.994892
-0.532000 0.994892
-0.528000 0.994892
-0.524000 0.994892
-0.520000 0.994892
-0.516000 0.994892
-0.512000 0.994892
-0.508000 0.994892
-0.504000 0.994892
-0.500000 0.994892
-0.496000 0.994892
-0.492000 0.994892
-0.488000 0.994891
-0.484000 0.994891
-0.480000 0.994891
-0.476000 0.994891
-0.472000 0.994891
-0.468000 0.994891
-0.464000 0.994891
-0.460000 0.994891
-0.456000 0.994891
-0.452000 0.994891
-0.448000 0.994891
-0.444000 0.994891
-0.440000 0.994890
-0.436000 0.994890
-0.432000 0.994890
-0.428000 0.994890
-0.424000 0.994890
-0.420000 0.994890
-0.416000 0.994890
-0.412000 0.994889
-0.408000 0.994889
-0.404000 0.994889
-0.400000 0.994889
-0.396000 0.994888
-0.392000 0.994888
-0.388000 0.994888
-0.384000 0.994888
-0.380000 0.994887
-0.376000 0.994887
-0.372000 0.994886
-0.368000 0.994886
-0.364000 0.994886
-0.360000 0.994885
-0.356000 0.994885
-0.352000 0.994884
-0.348000 0.994884
-0.344000 0.994883
-0.340000 0.994882
-0.336000 0.994882
-0.332000 0.994881
-0.328000 0.994880
-0.324000 0.994879
-0.320000 0.994878
-0.316000 0.994878
-0.312000 0.994877
-0.308000 0.994876
-0.304000 0.994875
-0.300000 0.994873
-0.296000 0.994872
-0.292000 0.994871
-0.288000 0.994870
-0.284000 0.994868
-0.280000 0.994867
-0.276000 0.994865
-0.272000 0.994864
-0.268000 0.994862
-0.264000 0.994860
-0.260000 0.994858
-0.256000 0.994856
-0.252000 0.994854
-0.248000 0.994852
-0.244000 0.994850
-0.240000 0.994848
-0.236000 0.994845
-0.232000 0.994843
-0.228000 0.994840
-0.224000 0.994837
-0.220000 0.994834
-0.216000 0.994831
-0.212000 0.994828
-0.208000 0.994825
-0.204000 0.994821
-0.200000 0.994818
-0.196000 0.994814
-0.192000 0.994810
-0.188000 0.994806
-0.184000 0.994802
-0.180000 0.994798
-0.176000 0.994793
-0.172000 0.994789
-0.168000 0.994784
-0.164000 0.994779
-0.160000 0.994774
-0.156000 0.994769
-0.152000 0.994763
-0.148000 0.994758
-0.144000 0.994752
-0.140000 0.994746
-0.136000 0.994739
-0.132000 0.994733
-0.128000 0.994726
-0.124000 0.994720
-0.120000 0.994713
-0.116000 0.994705
-0.112000 0.994698
-0.108000 0.994690
-0.104000 0.994683
-0.100000 0.994675
-0.096000 0.994666
-0.092000 0.994658
-0.088000 0.994649
-0.084000 0.994640
-0.080000 0.994631
-0.076000 0.994622
-0.072000 0.994612
-0.068000 0.994603
-0.064000 0.994593
-0.060000 0.994583
-0.056000 0.994572
-0.052000 0.994562
-0.048000 0.994551
-0.044000 0.994540
-0.040000 0.994528
-0.036000 0.994517
-0.032000 0.994505
-0.028000 0.994494
-0.024000 0.994482
-0.020000 0.994469
-0.016000 0.994457
-0.012000 0.994444
-0.008000 0.994431
-0.004000 0.994418
0.000000 0.994405
0.004000 0.994392
0.008000 0.994378
0.012000 0.994364
0.016000 0.994351
0.020000 0.994337
0.024000 0.994322
0.028000 0.994308
0.032000 0.994293
0.036000 0.994279
0.040000 0.994264
0.044000 0.994249
0.048000 0.994234
0.052000 0.994219
0.056000 0.994203
0.060000 0.994188
0.064000 0.994172
0.068000 0.994157
0.072000 0.994141
0.076000 0.994125
0.080000 0.994109
0.084000 0.994093
0.088000 0.994077
0.092000 0.994061
0.096000 0.994045
0.100000 0.994029
0.104000 0.994013
0.108000 0.993997
0.112000 0.993980
0.116000 0.993964
0.120000 0.993948
0.124000 0.993932
0.128000 0.993915
0.132000 0.993899
0.136000 0.993883
0.140000 0.993867
0.144000 0.993850
0.148000 0.993834
0.152000 0.993818
0.156000 0.993802
0.160000 0.993786
0.164000 0.993770
0.168000 0.993754
0.172000 0.993739
0.176000 0.993723
0.180000 0.993707
0.184000 0.993692
0.188000 0.993676
0.192000 0.993661
0.196000 0.993646
0.200000 0.993631
0.204000 0.993616
0.208000 0.993601
0.212000 0.993586
0.216000 0.993572
0.220000 0.993557
0.224000 0.993543
0.228000 0.993529
0.232000 0.993515
0.236000 0.993501
0.240000 0.993488
0.244000 0.993474
0.248000 0.993461
0.252000 0.993448
0.256000 0.993435
0.260000 0.993422
0.264000 0.993410
0.268000 0.993397
0.272000 0.993385
0.276000 0.993373
0.280000 0.993361
0.284000 0.993349
0.288000 0.993338
0.292000 0.993327
0.296000 0.993316
0.300000 0.993305
0.304000 0.993294
0.308000 0.993284
0.312000 0.993273
0.316000 0.993263
0.320000 0.993253
0.324000 0.993243
0.328000 0.993234
0.332000 0.993225
0.336000 0.993215
0.340000 0.993207
0.344000 0.993198
0.348000 0.993189
0.352000 0.993181
0.356000 0.993173
0.360000 0.993165
0.364000 0.993157
0.368000 0.993149
0.372000 0.993142
0.376000 0.993134
0.380000 0.993127
0.384000 0.993120
0.388000 0.993114
0.392000 0.993107
0.396000 0.993101
0.400000 0.993095
0.404000 0.993089
0.408000 0.993083
0.412000 0.993077
0.416000 0.993071
0.420000 0.993066
0.424000 0.993061
0.428000 0.993056
0.432000 0.993051
0.436000 0.993046
0.440000 0.993041
0.444000 0.993037
0.448000 0.993032
0.452000 0.993028
0.456000 0.993024
0.460000 0.993020
0.464000 0.993016
0.468000 0.993012
0.472000 0.993008
0.476000 0.993005
0.480000 0.993002
0.484000 0.992998
0.488000 0.992995
0.492000 0.992992
0.496000 0.992989
0.500000 0.992986
0.504000 0.992983
0.508000 0.992981
0.512000 0.992978
0.516000 0.992976
0.520000 0.992973
0.524000 0.992971
0.528000 0.992969
0.532000 0.992967
0.536000 0.992965
0.540000 0.992963
0.544000 0.992961
0.548000 0.992959
0.552000 0.992957
0.556000 0.992955
0.560000 0.992954
0.564000 0.992952
0.568000 0.992951
0.572000 0.992949
0.576000 0.992948
0.580000 0.992947
0.584000 0.992945
0.588000 0.992944
0.592000 0.992943
0.596000 0.992942
0.600000 0.992941
0.604000 0.992940
0.608000 0.992939
0.612000 0.992938
0.616000 0.992937
0.620000 0.992936
0.624000 0.992935
0.628000 0.992934
0.632000 0.992934
0.636000 0.992933
0.640000 0.992932
0.644000 0.992932
0.648000 0.992931
0.652000 0.992930
0.656000 0.992930
0.660000 0.992929
0.664000 0.992929
0.668000 0.992928
0.672000 0.992928
0.676000 0.992927
0.680000 0.992927
0.684000 0.992926
0.688000 0.992926
0.692000 0.992926
0.696000 0.992925
0.700000 0.992925
0.704000 0.992925
0.708000 0.992924
0.712000 0.992924
0.716000 0.992924
0.720000 0.992923
0.724000 0.992923
0.728000 0.992923
0.732000 0.992923
0.736000 0.992923
0.740000 0.992922
0.744000 0.992922
0.748000 0.992922
0.752000 0.992922
0.756000 0.992922
0.760000 0.992922
0.764000 0.992921
0.768000 0.992921
0.772000 0.992921
0.776000 0.992921
0.780000 0.992921
0.784000 0.992921
0.788000 0.992921
0.792000 0.992921
0.796000 0.992920
0.800000 0.992920
0.804000 0.992920
0.808000 0.992920
0.812000 0.992920
0.816000 0.992920
0.820000 0.992920
0.824000 0.992920
0.828000 0.992920
0.832000 0.992920
0.836000 0.992920
0.840000 0.992920
0.844000 0.992920
0.848000 0.992920
0.852000 0.992920
0.856000 0.992920
0.860000 0.992920
0.864000 0.992920
0.868000 0.992919
0.872000 0.992919
0.876000 0.992919
0.880000 0.992919
0.884000 0.992919
0.888000 0.992919
0.892000 0.992919
0.896000 0.992919
0.900000 0.992919
0.904000 0.992919
0.908000 0.992919
0.912000 0.992919
0.916000 0.992919
0.920000 0.992919
0.924000 0.992919
0.928000 0.992919
0.932000 0.992919
0.936000 0.992919
0.940000 0.992919
0.944000 0.992919
0.948000 0.992919
0.952000 0.992919
0.956000 0.992919
0.960000 0.992919
0.964000 0.992919
0.968000 0.992919
0.972000 0.992919
0.976000 0.992919
0.980000 0.992919
0.984000 0.992919
0.988000 0.992919
0.992000 0.992919
0.996000 0.992919
1.000000 0.992919
