-1.000000 0.994892
-0.996000 0.994892
-0.992000 0.994892
-0.988000 0.994892
-0.984000 0.994892
-0.980000 0.994892
-0.976000 0.994892
-0.972000 0.994892
-0.968000 0.994892
-0.964000 0.994892
-0.960000 0.994892
-0.956000 0.994892
-0.952000 0.994892
-0.948000 0.994892
-0.944000 0.994892
-0.940000 0.994892
-0.936000 0.994892
-0.932000 0.994892
-0.928000 0.994892
-0.924000 0.994892
-0.920000 0.994892
-0.916000 0.994892
-0.912000 0.994892
-0.908000 0.994892
-0.904000 0.994892
-0.900000 0.994892
-0.896000 0.994892
-0.892000 0.994892
-0.888000 0.994892
-0.884000 0.994892
-0.880000 0.994892
-0.876000 0.994892
-0.872000 0.994892
-0.868000 0.994892
-0.864000 0.994892
-0.860000 0.994892
-0.856000 0.994892
-0.852000 0.994892
-0.848000 0.994892
-0.844000 0.994892
-0.840000 0.994892
-0.836000 0.994892
-0.832000 0.994892
-0.828000 0.994892
-0.824000 0.994892
-0.820000 0.994892
-0.816000 0.994892
-0.812000 0.994892
-0.808000 0.994892
-0.804000 0.994892
-0.800000 0.994892
-0.796000 0.994892
-0.792000 0.994892
-0.788000 0.994892
-0.784000 0.994892
-0.780000 0.994892
-0.776000 0.994892
-0.772000 0.994892
-0.768000 0.994892
-0.764000 0.994892
-0.760000 0.994892
-0.756000 0.994892
-0.752000 0.994892
-0.748000 0.994892
-0.744000 0.994892
-0.740000 0.994892
-0.736000 0.994892
-0.732000 0.994892
-0.728000 0.994892
-0.724000 0.994892
-0.720000 0.994892
-0.716000 0.994892
-0.712000 0.994892
-0.708000 0.994892
-0.704000 0.994892
-0.700000 0.994892
-0.696000 0.994892
-0.692000 0.994892
-0.688000 0.994892
-0.684000 0.994892
-0.680000 0.994892
-0.676000 0.994892
-0.672000 0.994892
-0.668000 0.994892
-0.664000 0.994892
-0.660000 0.994892
-0.656000 0.994892
-0.652000 0.994892
-0.648000 0.994892
-0.644000 0.994892
-0.640000 0.994892
-0.636000 0.994892
-0.632000 0.994892
-0.628000 0.994892
-0.624000 0.994892
-0.620000 0.994892
-0.616000 0.994892
-0.612000 0.994892
-0.608000 0.994892
-0.604000 0.994892
-0.600000 0.994892
-0.596000 0.994892
-0.592000 0.994892
-0.588000 0.994892
-0.584000 0.994892
-0.580000 0.994892
-0.576000 0.994892
-0.572000 0.994892
-0.568000 0.994892
-0.564000 0.994892
-0.560000 0.994892
-0.556000 0.994892
-0.552000 0.994892
-0.548000 0.994892
-0.544000 0.994892
-0.540000 0.994892
-0.536000 0.994892
-0.532000 0.994892
-0.528000 0.994892
-0.524000 0.994892
-0.520000 0.994892
-0.516000 0.994892
-0.512000 0.994892
-0.508000 0.994892
-0.504000 0.994892
-0.500000 0.994892
-0.496000 0.994892
-0.492000 0.994892
-0.488000 0.994892
-0.484000 0.994892
-0.480000 0.994892
-0.476000 0.994892
-0.472000 0.994892
-0.468000 0.994892
-0.464000 0.994892
-0.460000 0.994892
-0.456000 0.994892
-0.452000 0.994892
-0.448000 0.994892
-0.444000 0.994892
-0.440000 0.994892
-0.436000 0.994892
-0.432000 0.994892
-0.428000 0.994892
-0.424000 0.994892
-0.420000 0.994892
-0.416000 0.994892
-0.412000 0.994892
-0.408000 0.994892
-0.404000 0.994892
-0.400000 0.994892
-0.396000 0.994891
-0.392000 0.994891
-0.388000 0.994891
-0.384000 0.994891
-0.380000 0.994891
-0.376000 0.994891
-0.372000 0.994891
-0.368000 0.994891
-0.364000 0.994891
-0.360000 0.994891
-0.356000 0.994891
-0.352000 0.994891
-0.348000 0.994891
-0.344000 0.994890
-0.340000 0.994890
-0.336000 0.994890
-0.332000 0.994890
-0.328000 0.994890
-0.324000 0.994890
-0.320000 0.994890
-0.316000 0.994889
-0.312000 0.994889
-0.308000 0.994889
-0.304000 0.994889
-0.300000 0.994888
-0.296000 0.994888
-0.292000 0.994888
-0.288000 0.994888
-0.284000 0.994887
-0.280000 0.994887
-0.276000 0.994887
-0.272000 0.994886
-0.268000 0.994886
-0.264000 0.994885
-0.260000 0.994885
-0.256000 0.994885
-0.252000 0.994884
-0.248000 0.994884
-0.244000 0.994883
-0.240000 0.994882
-0.236000 0.994882
-0.232000 0.994881
-0.228000 0.994880
-0.224000 0.994880
-0.220000 0.994879
-0.216000 0.994878
-0.212000 0.994877
-0.208000 0.994876
-0.204000 0.994875
-0.200000 0.994874
-0.196000 0.994873
-0.192000 0.994872
-0.188000 0.994871
-0.184000 0.994870
-0.180000 0.994868
-0.176000 0.994867
-0.172000 0.994866
-0.168000 0.994864
-0.164000 0.994863
-0.160000 0.994861
-0.156000 0.994859
-0.152000 0.994857
-0.148000 0.994856
-0.144000 0.994854
-0.140000 0.994852
-0.136000 0.994849
-0.132000 0.994847
-0.128000 0.994845
-0.124000 0.994842
-0.120000 0.994840
-0.116000 0.994837
-0.112000 0.994835
-0.108000 0.994832
-0.104000 0.994829
-0.100000 0.994826
-0.096000 0.994823
-0.092000 0.994819
-0.088000 0.994816
-0.084000 0.994812
-0.080000 0.994809
-0.076000 0.994805
-0.072000 0.994801
-0.068000 0.994797
-0.064000 0.994793
-0.060000 0.994788
-0.056000 0.994784
-0.052000 0.994779
-0.048000 0.994774
-0.044000 0.994769
-0.040000 0.994764
-0.036000 0.994759
-0.032000 0.994753
-0.028000 0.994748
-0.024000 0.994742
-0.020000 0.994736
-0.016000 0.994730
-0.012000 0.994723
-0.008000 0.994717
-0.004000 0.994710
0.000000 0.994703
0.004000 0.994696
0.008000 0.994689
0.012000 0.994682
0.016000 0.994674
0.020000 0.994666
0.024000 0.994658
0.028000 0.994650
0.032000 0.994642
0.036000 0.994633
0.040000 0.994625
0.044000 0.994616
0.048000 0.994607
0.052000 0.994597
0.056000 0.994588
0.060000 0.994578
0.064000 0.994568
0.068000 0.994558
0.072000 0.994548
0.076000 0.994537
0.080000 0.994527
0.084000 0.994516
0.088000 0.994505
0.092000 0.994494
0.096000 0.994482
0.100000 0.994471
0.104000 0.994459
0.108000 0.994447
0.112000 0.994435
0.116000 0.994423
0.120000 0.994410
0.124000 0.994398
0.128000 0.994385
0.132000 0.994372
0.136000 0.994359
0.140000 0.994346
0.144000 0.994333
0.148000 0.994319
0.152000 0.994306
0.156000 0.994292
0.160000 0.994278
0.164000 0.994264
0.168000 0.994250
0.172000 0.994236
0.176000 0.994221
0.180000 0.994207
0.184000 0.994192
0.188000 0.994178
0.192000 0.994163
0.196000 0.994148
0.200000 0.994133
0.204000 0.994118
0.208000 0.994103
0.212000 0.994088
0.216000 0.994073
0.220000 0.994058
0.224000 0.994042
0.228000 0.994027
0.232000 0.994012
0.236000 0.993996
0.240000 0.993981
0.244000 0.993966
0.248000 0.993950
0.252000 0.993935
0.256000 0.993919
0.260000 0.993904
0.264000 0.993889
0.268000 0.993873
0.272000 0.993858
0.276000 0.993843
0.280000 0.993827
0.284000 0.993812
0.288000 0.993797
0.292000 0.993782
0.296000 0.993767
0.300000 0.993752
0.304000 0.993737
0.308000 0.993722
0.312000 0.993707
0.316000 0.993693
0.320000 0.993678
0.324000 0.993663
0.328000 0.993649
0.332000 0.993635
0.336000 0.993621
0.340000 0.993607
0.344000 0.993593
0.348000 0.993579
0.352000 0.993565
0.356000 0.993551
0.360000 0.993538
0.364000 0.993525
0.368000 0.993512
0.372000 0.993498
0.376000 0.993486
0.380000 0.993473
0.384000 0.993460
0.388000 0.993448
0.392000 0.993436
0.396000 0.993423
0.400000 0.993412
0.404000 0.993400
0.408000 0.993388
0.412000 0.993377
0.416000 0.993365
0.420000 0.993354
0.424000 0.993343
0.428000 0.993332
0.432000 0.993322
0.436000 0.993311
0.440000 0.993301
0.444000 0.993291
0.448000 0.993281
0.452000 0.993271
0.456000 0.993262
0.460000 0.993252
0.464000 0.993243
0.468000 0.993234
0.472000 0.993225
0.476000 0.993217
0.480000 0.993208
0.484000 0.993200
0.488000 0.993192
0.492000 0.993184
0.496000 0.993176
0.500000 0.993168
0.504000 0.993161
0.508000 0.993153
0.512000 0.993146
0.516000 0.993139
0.520000 0.993132
0.524000 0.993126
0.528000 0.993119
0.532000 0.993113
0.536000 0.993106
0.540000 0.993100
0.544000 0.993095
0.548000 0.993089
0.552000 0.993083
0.556000 0.993078
0.560000 0.993072
0.564000 0.993067
0.568000 0.993062
0.572000 0.993057
0.576000 0.993052
0.580000 0.993048
0.584000 0.993043
0.588000 0.993039
0.592000 0.993035
0.596000 0.993031
0.600000 0.993027
0.604000 0.993023
0.608000 0.993019
0.612000 0.993015
0.616000 0.993012
0.620000 0.993008
0.624000 0.993005
0.628000 0.993002
0.632000 0.992998
0.636000 0.992995
0.640000 0.992993
0.644000 0.992990
0.648000 0.992987
0.652000 0.992984
0.656000 0.992982
0.660000 0.992979
0.664000 0.992977
0.668000 0.992975
0.672000 0.992972
0.676000 0.992970
0.680000 0.992968
0.684000 0.992966
0.688000 0.992964
0.692000 0.992962
0.696000 0.992960
0.700000 0.992959
0.704000 0.992957
0.708000 0.992955
0.712000 0.992954
0.716000 0.992952
0.720000 0.992951
0.724000 0.992950
0.728000 0.992948
0.732000 0.992947
0.736000 0.992946
0.740000 0.992945
0.744000 0.992943
0.748000 0.992942
0.752000 0.992941
0.756000 0.992940
0.760000 0.992939
0.764000 0.992938
0.768000 0.992937
0.772000 0.992937
0.776000 0.992936
0.780000 0.992935
0.784000 0.992934
0.788000 0.992934
0.792000 0.992933
0.796000 0.992932
0.800000 0.992932
0.804000 0.992931
0.808000 0.992930
0.812000 0.992930
0.816000 0.992929
0.820000 0.992929
0.824000 0.992928
0.828000 0.992928
0.832000 0.992927
0.836000 0.992927
0.840000 0.992927
0.844000 0.992926
0.848000 0.992926
0.852000 0.992926
0.856000 0.992925
0.860000 0.992925
0.864000 0.992925
0.868000 0.992924
0.872000 0.992924
0.876000 0.992924
0.880000 0.992924
0.884000 0.992923
0.888000 0.992923
0.892000 0.992923
0.896000 0.992923
0.900000 0.992922
0.904000 0.992922
0.908000 0.992922
0.912000 0.992922
0.916000 0.992922
0.920000 0.992922
0.924000 0.992921
0.928000 0.992921
0.932000 0.992921
0.936000 0.992921
0.940000 0.992921
0.944000 0.992921
0.948000 0.992921
0.952000 0.992921
0.956000 0.992921
0.960000 0.992920
0.964000 0.992920
0.968000 0.992920
0.972000 0.992920
0.976000 0.992920
0.980000 0.992920
0.984000 0.992920
0.988000 0.992920
0.992000 0.992920
0.996000 0.992920
1.000000 0.992920
