-1.000000 0.994892
-0.996000 0.994892
-0.992000 0.994892
-0.988000 0.994892
-0.984000 0.994892
-0.980000 0.994892
-0.976000 0.994892
-0.972000 0.994892
-0.968000 0.994892
-0.964000 0.994892
-0.960000 0.994892
-0.956000 0.994892
-0.952000 0.994892
-0.948000 0.994892
-0.944000 0.994892
-0.940000 0.994892
-0.936000 0.994892
-0.932000 0.994892
-0.928000 0.994892
-0.924000 0.994892
-0.920000 0.994892
-0.916000 0.994892
-0.912000 0.994892
-0.908000 0.994892
-0.904000 0.994892
-0.900000 0.994892
-0.896000 0.994892
-0.892000 0.994892
-0.888000 0.994892
-0.884000 0.994892
-0.880000 0.994892
-0.876000 0.994892
-0.872000 0.994892
-0.868000 0.994892
-0.864000 0.994892
-0.860000 0.994892
-0.856000 0.994892
-0.852000 0.994892
-0.848000 0.994892
-0.844000 0.994892
-0.840000 0.994892
-0.836000 0.994892
-0.832000 0.994892
-0.828000 0.994892
-0.824000 0.994892
-0.820000 0.994892
-0.816000 0.994892
-0.812000 0.994892
-0.808000 0.994892
-0.804000 0.994892
-0.800000 0.994892
-0.796000 0.994892
-0.792000 0.994892
-0.788000 0.994892
-0.784000 0.994892
-0.780000 0.994892
-0.776000 0.994892
-0.772000 0.994892
-0.768000 0.994892
-0.764000 0.994892
-0.760000 0.994892
-0.756000 0.994892
-0.752000 0.994892
-0.748000 0.994892
-0.744000 0.994892
-0.740000 0.994892
-0.736000 0.994892
-0.732000 0.994892
-0.728000 0.994892
-0.724000 0.994892
-0.720000 0.994892
-0.716000 0.994892
-0.712000 0.994892
-0.708000 0.994892
-0.704000 0.994892
-0.700000 0.994892
-0.696000 0.994892
-0.692000 0.994892
-0.688000 0.994892
-0.684000 0.994892
-0.680000 0.994892
-0.676000 0.994892
-0.672000 0.994892
-0.668000 0.994892
-0.664000 0.994892
-0.660000 0.994892
-0.656000 0.994892
-0.652000 0.994892
-0.648000 0.994892
-0.644000 0.994892
-0.640000 0.994892
-0.636000 0.994892
-0.632000 0.994892
-0.628000 0.994892
-0.624000 0.994892
-0.620000 0.994892
-0.616000 0.994892
-0.612000 0.994892
-0.608000 0.994892
-0.604000 0.994892
-0.600000 0.994892
-0.596000 0.994892
-0.592000 0.994892
-0.588000 0.994892
-0.584000 0.994892
-0.580000 0.994892
-0.576000 0.994892
-0.572000 0.994892
-0.568000 0.994892
-0.564000 0.994892
-0.560000 0.994892
-0.556000 0.994892
-0.552000 0.994892
-0.548000 0.994892
-0.544000 0.994892
-0.540000 0.994892
-0.536000 0.994892
-0.532000 0.994892
-0.528000 0.994892
-0.524000 0.994892
-0.520000 0.994892
-0.516000 0.994892
-0.512000 0.994892
-0.508000 0.994892
-0.504000 0.994892
-0.500000 0.994892
-0.496000 0.994892
-0.492000 0.994892
-0.488000 0.994892
-0.484000 0.994892
-0.480000 0.994892
-0.476000 0.994892
-0.472000 0.994892
-0.468000 0.994892
-0.464000 0.994892
-0.460000 0.994892
-0.456000 0.994892
-0.452000 0.994892
-0.448000 0.994892
-0.444000 0.994892
-0.440000 0.994892
-0.436000 0.994892
-0.432000 0.994892
-0.428000 0.994892
-0.424000 0.994892
-0.420000 0.994892
-0.416000 0.994892
-0.412000 0.994892
-0.408000 0.994892
-0.404000 0.994892
-0.400000 0.994892
-0.396000 0.994892
-0.392000 0.994892
-0.388000 0.994892
-0.384000 0.994892
-0.380000 0.994892
-0.376000 0.994892
-0.372000 0.994892
-0.368000 0.994892
-0.364000 0.994892
-0.360000 0.994892
-0.356000 0.994892
-0.352000 0.994892
-0.348000 0.994892
-0.344000 0.994892
-0.340000 0.994892
-0.336000 0.994892
-0.332000 0.994892
-0.328000 0.994892
-0.324000 0.994892
-0.320000 0.994892
-0.316000 0.994892
-0.312000 0.994892
-0.308000 0.994892
-0.304000 0.994892
-0.300000 0.994892
-0.296000 0.994892
-0.292000 0.994891
-0.288000 0.994891
-0.284000 0.994891
-0.280000 0.994891
-0.276000 0.994891
-0.272000 0.994891
-0.268000 0.994891
-0.264000 0.994891
-0.260000 0.994891
-0.256000 0.994891
-0.252000 0.994891
-0.248000 0.994891
-0.244000 0.994891
-0.240000 0.994891
-0.236000 0.994891
-0.232000 0.994890
-0.228000 0.994890
-0.224000 0.994890
-0.220000 0.994890
-0.216000 0.994890
-0.212000 0.994890
-0.208000 0.994890
-0.204000 0.994889
-0.200000 0.994889
-0.196000 0.994889
-0.192000 0.994889
-0.188000 0.994889
-0.184000 0.994888
-0.180000 0.994888
-0.176000 0.994888
-0.172000 0.994888
-0.168000 0.994887
-0.164000 0.994887
-0.160000 0.994887
-0.156000 0.994886
-0.152000 0.994886
-0.148000 0.994886
-0.144000 0.994885
-0.140000 0.994885
-0.136000 0.994884
-0.132000 0.994884
-0.128000 0.994883
-0.124000 0.994883
-0.120000 0.994882
-0.116000 0.994882
-0.112000 0.994881
-0.108000 0.994880
-0.104000 0.994880
-0.100000 0.994879
-0.096000 0.994878
-0.092000 0.994877
-0.088000 0.994876
-0.084000 0.994875
-0.080000 0.994874
-0.076000 0.994873
-0.072000 0.994872
-0.068000 0.994871
-0.064000 0.994870
-0.060000 0.994869
-0.056000 0.994868
-0.052000 0.994867
-0.048000 0.994865
-0.044000 0.994864
-0.040000 0.994862
-0.036000 0.994861
-0.032000 0.994859
-0.028000 0.994857
-0.024000 0.994856
-0.020000 0.994854
-0.016000 0.994852
-0.012000 0.994850
-0.008000 0.994848
-0.004000 0.994846
0.000000 0.994843
0.004000 0.994841
0.008000 0.994839
0.012000 0.994836
0.016000 0.994834
0.020000 0.994831
0.024000 0.994828
0.028000 0.994825
0.032000 0.994822
0.036000 0.994819
0.040000 0.994816
0.044000 0.994812
0.048000 0.994809
0.052000 0.994805
0.056000 0.994802
0.060000 0.994798
0.064000 0.994794
0.068000 0.994790
0.072000 0.994786
0.076000 0.994781
0.080000 0.994777
0.084000 0.994772
0.088000 0.994768
0.092000 0.994763
0.096000 0.994758
0.100000 0.994752
0.104000 0.994747
0.108000 0.994742
0.112000 0.994736
0.116000 0.994730
0.120000 0.994724
0.124000 0.994718
0.128000 0.994712
0.132000 0.994706
0.136000 0.994699
0.140000 0.994692
0.144000 0.994685
0.148000 0.994678
0.152000 0.994671
0.156000 0.994664
0.160000 0.994656
0.164000 0.994649
0.168000 0.994641
0.172000 0.994633
0.176000 0.994624
0.180000 0.994616
0.184000 0.994607
0.188000 0.994599
0.192000 0.994590
0.196000 0.994581
0.200000 0.994571
0.204000 0.994562
0.208000 0.994552
0.212000 0.994543
0.216000 0.994533
0.220000 0.994523
0.224000 0.994512
0.228000 0.994502
0.232000 0.994491
0.236000 0.994481
0.240000 0.994470
0.244000 0.994459
0.248000 0.994447
0.252000 0.994436
0.256000 0.994425
0.260000 0.994413
0.264000 0.994401
0.268000 0.994389
0.272000 0.994377
0.276000 0.994365
0.280000 0.994352
0.284000 0.994340
0.288000 0.994327
0.292000 0.994314
0.296000 0.994302
0.300000 0.994289
0.304000 0.994275
0.308000 0.994262
0.312000 0.994249
0.316000 0.994235
0.320000 0.994222
0.324000 0.994208
0.328000 0.994194
0.332000 0.994181
0.336000 0.994167
0.340000 0.994153
0.344000 0.994139
0.348000 0.994125
0.352000 0.994110
0.356000 0.994096
0.360000 0.994082
0.364000 0.994068
0.368000 0.994053
0.372000 0.994039
0.376000 0.994024
0.380000 0.994010
0.384000 0.993995
0.388000 0.993981
0.392000 0.993966
0.396000 0.993952
0.400000 0.993937
0.404000 0.993923
0.408000 0.993908
0.412000 0.993894
0.416000 0.993879
0.420000 0.993865
0.424000 0.993850
0.428000 0.993836
0.432000 0.993821
0.436000 0.993807
0.440000 0.993793
0.444000 0.993778
0.448000 0.993764
0.452000 0.993750
0.456000 0.993736
0.460000 0.993722
0.464000 0.993708
0.468000 0.993694
0.472000 0.993680
0.476000 0.993666
0.480000 0.993653
0.484000 0.993639
0.488000 0.993626
0.492000 0.993612
0.496000 0.993599
0.500000 0.993586
0.504000 0.993573
0.508000 0.993560
0.512000 0.993547
0.516000 0.993535
0.520000 0.993522
0.524000 0.993510
0.528000 0.993497
0.532000 0.993485
0.536000 0.993473
0.540000 0.993461
0.544000 0.993449
0.548000 0.993438
0.552000 0.993426
0.556000 0.993415
0.560000 0.993404
0.564000 0.993393
0.568000 0.993382
0.572000 0.993371
0.576000 0.993360
0.580000 0.993350
0.584000 0.993339
0.588000 0.993329
0.592000 0.993319
0.596000 0.993309
0.600000 0.993300
0.604000 0.993290
0.608000 0.993281
0.612000 0.993272
0.616000 0.993263
0.620000 0.993254
0.624000 0.993245
0.628000 0.993236
0.632000 0.993228
0.636000 0.993220
0.640000 0.993211
0.644000 0.993203
0.648000 0.993196
0.652000 0.993188
0.656000 0.993180
0.660000 0.993173
0.664000 0.993166
0.668000 0.993159
0.672000 0.993152
0.676000 0.993145
0.680000 0.993139
0.684000 0.993132
0.688000 0.993126
0.692000 0.993120
0.696000 0.993113
0.700000 0.993108
0.704000 0.993102
0.708000 0.993096
0.712000 0.993091
0.716000 0.993085
0.720000 0.993080
0.724000 0.993075
0.728000 0.993070
0.732000 0.993065
0.736000 0.993060
0.740000 0.993056
0.744000 0.993051
0.748000 0.993047
0.752000 0.993043
0.756000 0.993038
0.760000 0.993034
0.764000 0.993031
0.768000 0.993027
0.772000 0.993023
0.776000 0.993019
0.780000 0.993016
0.784000 0.993013
0.788000 0.993009
0.792000 0.993006
0.796000 0.993003
0.800000 0.993000
0.804000 0.992997
0.808000 0.992994
0.812000 0.992991
0.816000 0.992989
0.820000 0.992986
0.824000 0.992984
0.828000 0.992981
0.832000 0.992979
0.836000 0.992977
0.840000 0.992974
0.844000 0.992972
0.848000 0.992970
0.852000 0.992968
0.856000 0.992966
0.860000 0.992965
0.864000 0.992963
0.868000 0.992961
0.872000 0.992959
0.876000 0.992958
0.880000 0.992956
0.884000 0.992955
0.888000 0.992953
0.892000 0.992952
0.896000 0.992950
0.900000 0.992949
0.904000 0.992948
0.908000 0.992947
0.912000 0.992946
0.916000 0.992944
0.920000 0.992943
0.924000 0.992942
0.928000 0.992941
0.932000 0.992940
0.936000 0.992939
0.940000 0.992939
0.944000 0.992938
0.948000 0.992937
0.952000 0.992936
0.956000 0.992935
0.960000 0.992935
0.964000 0.992934
0.968000 0.992933
0.972000 0.992932
0.976000 0.992932
0.980000 0.992931
0.984000 0.992930
0.988000 0.992930
0.992000 0.992929
0.996000 0.992928
1.000000 0.992927
