-1.000000 0.994892
-0.996000 0.994892
-0.992000 0.994892
-0.988000 0.994892
-0.984000 0.994892
-0.980000 0.994892
-0.976000 0.994892
-0.972000 0.994892
-0.968000 0.994892
-0.964000 0.994892
-0.960000 0.994892
-0.956000 0.994892
-0.952000 0.994892
-0.948000 0.994892
-0.944000 0.994892
-0.940000 0.994892
-0.936000 0.994892
-0.932000 0.994892
-0.928000 0.994892
-0.924000 0.994892
-0.920000 0.994892
-0.916000 0.994892
-0.912000 0.994892
-0.908000 0.994892
-0.904000 0.994892
-0.900000 0.994892
-0.896000 0.994892
-0.892000 0.994892
-0.888000 0.994892
-0.884000 0.994892
-0.880000 0.994892
-0.876000 0.994892
-0.872000 0.994892
-0.868000 0.994892
-0.864000 0.994892
-0.860000 0.994892
-0.856000 0.994892
-0.852000 0.994892
-0.848000 0.994892
-0.844000 0.994892
-0.840000 0.994892
-0.836000 0.994892
-0.832000 0.994892
-0.828000 0.994892
-0.824000 0.994892
-0.820000 0.994892
-0.816000 0.994892
-0.812000 0.994892
-0.808000 0.994892
-0.804000 0.994892
-0.800000 0.994892
-0.796000 0.994892
-0.792000 0.994892
-0.788000 0.994892
-0.784000 0.994892
-0.780000 0.994892
-0.776000 0.994892
-0.772000 0.994892
-0.768000 0.994892
-0.764000 0.994892
-0.760000 0.994892
-0.756000 0.994892
-0.752000 0.994892
-0.748000 0.994892
-0.744000 0.994892
-0.740000 0.994892
-0.736000 0.994892
-0.732000 0.994892
-0.728000 0.994892
-0.724000 0.994892
-0.720000 0.994892
-0.716000 0.994892
-0.712000 0.994892
-0.708000 0.994892
-0.704000 0.994892
-0.700000 0.994892
-0.696000 0.994892
-0.692000 0.994892
-0.688000 0.994892
-0.684000 0.994892
-0.680000 0.994892
-0.676000 0.994892
-0.672000 0.994892
-0.668000 0.994892
-0.664000 0.994892
-0.660000 0.994892
-0.656000 0.994892
-0.652000 0.994892
-0.648000 0.994892
-0.644000 0.994892
-0.640000 0.994892
-0.636000 0.994892
-0.632000 0.994892
-0.628000 0.994892
-0.624000 0.994892
-0.620000 0.994892
-0.616000 0.994892
-0.612000 0.994892
-0.608000 0.994892
-0.604000 0.994892
-0.600000 0.994892
-0.596000 0.994892
-0.592000 0.994892
-0.588000 0.994892
-0.584000 0.994892
-0.580000 0.994892
-0.576000 0.994892
-0.572000 0.994892
-0.568000 0.994892
-0.564000 0.994892
-0.560000 0.994892
-0.556000 0.994892
-0.552000 0.994892
-0.548000 0.994892
-0.544000 0.994892
-0.540000 0.994892
-0.536000 0.994892
-0.532000 0.994892
-0.528000 0.994892
-0.524000 0.994892
-0.520000 0.994892
-0.516000 0.994892
-0.512000 0.994892
-0.508000 0.994892
-0.504000 0.994892
-0.500000 0.994892
-0.496000 0.994892
-0.492000 0.994892
-0.488000 0.994892
-0.484000 0.994892
-0.480000 0.994892
-0.476000 0.994892
-0.472000 0.994892
-0.468000 0.994892
-0.464000 0.994892
-0.460000 0.994892
-0.456000 0.994892
-0.452000 0.994892
-0.448000 0.994892
-0.444000 0.994892
-0.440000 0.994892
-0.436000 0.994892
-0.432000 0.994892
-0.428000 0.994892
-0.424000 0.994892
-0.420000 0.994892
-0.416000 0.994892
-0.412000 0.994892
-0.408000 0.994892
-0.404000 0.994892
-0.400000 0.994892
-0.396000 0.994892
-0.392000 0.994892
-0.388000 0.994892
-0.384000 0.994892
-0.380000 0.994892
-0.376000 0.994892
-0.372000 0.994892
-0.368000 0.994892
-0.364000 0.994892
-0.360000 0.994892
-0.356000 0.994892
-0.352000 0.994892
-0.348000 0.994892
-0.344000 0.994892
-0.340000 0.994892
-0.336000 0.994892
-0.332000 0.994892
-0.328000 0.994892
-0.324000 0.994892
-0.320000 0.994892
-0.316000 0.994892
-0.312000 0.994892
-0.308000 0.994892
-0.304000 0.994892
-0.300000 0.994892
-0.296000 0.994892
-0.292000 0.994892
-0.288000 0.994892
-0.284000 0.994892
-0.280000 0.994892
-0.276000 0.994892
-0.272000 0.994892
-0.268000 0.994892
-0.264000 0.994892
-0.260000 0.994892
-0.256000 0.994892
-0.252000 0.994892
-0.248000 0.994892
-0.244000 0.994892
-0.240000 0.994892
-0.236000 0.994892
-0.232000 0.994892
-0.228000 0.994892
-0.224000 0.994892
-0.220000 0.994892
-0.216000 0.994892
-0.212000 0.994892
-0.208000 0.994892
-0.204000 0.994892
-0.200000 0.994892
-0.196000 0.994892
-0.192000 0.994892
-0.188000 0.994892
-0.184000 0.994892
-0.180000 0.994892
-0.176000 0.994892
-0.172000 0.994892
-0.168000 0.994892
-0.164000 0.994892
-0.160000 0.994892
-0.156000 0.994892
-0.152000 0.994892
-0.148000 0.994892
-0.144000 0.994892
-0.140000 0.994892
-0.136000 0.994892
-0.132000 0.994892
-0.128000 0.994892
-0.124000 0.994892
-0.120000 0.994892
-0.116000 0.994892
-0.112000 0.994892
-0.108000 0.994892
-0.104000 0.994892
-0.100000 0.994892
-0.096000 0.994892
-0.092000 0.994892
-0.088000 0.994892
-0.084000 0.994892
-0.080000 0.994892
-0.076000 0.994892
-0.072000 0.994892
-0.068000 0.994892
-0.064000 0.994892
-0.060000 0.994892
-0.056000 0.994892
-0.052000 0.994892
-0.048000 0.994892
-0.044000 0.994892
-0.040000 0.994892
-0.036000 0.994892
-0.032000 0.994892
-0.028000 0.994892
-0.024000 0.994892
-0.020000 0.994892
-0.016000 0.994892
-0.012000 0.994892
-0.008000 0.994892
-0.004000 0.994892
0.000000 0.994892
0.004000 0.994892
0.008000 0.994892
0.012000 0.994892
0.016000 0.994892
0.020000 0.994891
0.024000 0.994891
0.028000 0.994891
0.032000 0.994891
0.036000 0.994891
0.040000 0.994891
0.044000 0.994891
0.048000 0.994891
0.052000 0.994891
0.056000 0.994891
0.060000 0.994891
0.064000 0.994891
0.068000 0.994891
0.072000 0.994891
0.076000 0.994891
0.080000 0.994891
0.084000 0.994891
0.088000 0.994890
0.092000 0.994890
0.096000 0.994890
0.100000 0.994890
0.104000 0.994890
0.108000 0.994890
0.112000 0.994890
0.116000 0.994890
0.120000 0.994889
0.124000 0.994889
0.128000 0.994889
0.132000 0.994889
0.136000 0.994889
0.140000 0.994889
0.144000 0.994888
0.148000 0.994888
0.152000 0.994888
0.156000 0.994888
0.160000 0.994888
0.164000 0.994887
0.168000 0.994887
0.172000 0.994887
0.176000 0.994886
0.180000 0.994886
0.184000 0.994886
0.188000 0.994885
0.192000 0.994885
0.196000 0.994885
0.200000 0.994884
0.204000 0.994884
0.208000 0.994883
0.212000 0.994883
0.216000 0.994882
0.220000 0.994882
0.224000 0.994881
0.228000 0.994881
0.232000 0.994880
0.236000 0.994880
0.240000 0.994879
0.244000 0.994878
0.248000 0.994878
0.252000 0.994877
0.256000 0.994876
0.260000 0.994876
0.264000 0.994875
0.268000 0.994874
0.272000 0.994873
0.276000 0.994872
0.280000 0.994871
0.284000 0.994870
0.288000 0.994869
0.292000 0.994868
0.296000 0.994867
0.300000 0.994866
0.304000 0.994865
0.308000 0.994863
0.312000 0.994862
0.316000 0.994861
0.320000 0.994859
0.324000 0.994858
0.328000 0.994856
0.332000 0.994855
0.336000 0.994853
0.340000 0.994851
0.344000 0.994850
0.348000 0.994848
0.352000 0.994846
0.356000 0.994844
0.360000 0.994842
0.364000 0.994840
0.368000 0.994838
0.372000 0.994836
0.376000 0.994834
0.380000 0.994831
0.384000 0.994829
0.388000 0.994826
0.392000 0.994824
0.396000 0.994821
0.400000 0.994818
0.404000 0.994816
0.408000 0.994813
0.412000 0.994810
0.416000 0.994807
0.420000 0.994803
0.424000 0.994800
0.428000 0.994797
0.432000 0.994793
0.436000 0.994790
0.440000 0.994786
0.444000 0.994782
0.448000 0.994779
0.452000 0.994775
0.456000 0.994771
0.460000 0.994766
0.464000 0.994762
0.468000 0.994758
0.472000 0.994753
0.476000 0.994749
0.480000 0.994744
0.484000 0.994739
0.488000 0.994734
0.492000 0.994729
0.496000 0.994724
0.500000 0.994719
0.504000 0.994713
0.508000 0.994708
0.512000 0.994702
0.516000 0.994696
0.520000 0.994690
0.524000 0.994684
0.528000 0.994678
0.532000 0.994672
0.536000 0.994665
0.540000 0.994659
0.544000 0.994652
0.548000 0.994645
0.552000 0.994639
0.556000 0.994632
0.560000 0.994624
0.564000 0.994617
0.568000 0.994610
0.572000 0.994602
0.576000 0.994594
0.580000 0.994586
0.584000 0.994579
0.588000 0.994570
0.592000 0.994562
0.596000 0.994554
0.600000 0.994545
0.604000 0.994537
0.608000 0.994528
0.612000 0.994519
0.616000 0.994510
0.620000 0.994501
0.624000 0.994492
0.628000 0.994482
0.632000 0.994473
0.636000 0.994463
0.640000 0.994454
0.644000 0.994444
0.648000 0.994434
0.652000 0.994424
0.656000 0.994413
0.660000 0.994403
0.664000 0.994393
0.668000 0.994382
0.672000 0.994372
0.676000 0.994361
0.680000 0.994350
0.684000 0.994339
0.688000 0.994328
0.692000 0.994317
0.696000 0.994306
0.700000 0.994294
0.704000 0.994283
0.708000 0.994271
0.712000 0.994260
0.716000 0.994248
0.720000 0.994236
0.724000 0.994224
0.728000 0.994213
0.732000 0.994201
0.736000 0.994189
0.740000 0.994176
0.744000 0.994164
0.748000 0.994152
0.752000 0.994140
0.756000 0.994127
0.760000 0.994115
0.764000 0.994103
0.768000 0.994090
0.772000 0.994078
0.776000 0.994065
0.780000 0.994052
0.784000 0.994040
0.788000 0.994027
0.792000 0.994014
0.796000 0.994002
0.800000 0.993989
0.804000 0.993976
0.808000 0.993963
0.812000 0.993951
0.816000 0.993938
0.820000 0.993925
0.824000 0.993912
0.828000 0.993900
0.832000 0.993887
0.836000 0.993874
0.840000 0.993861
0.844000 0.993849
0.848000 0.993836
0.852000 0.993823
0.856000 0.993811
0.860000 0.993798
0.864000 0.993786
0.868000 0.993773
0.872000 0.993761
0.876000 0.993748
0.880000 0.993736
0.884000 0.993724
0.888000 0.993711
0.892000 0.993699
0.896000 0.993687
0.900000 0.993675
0.904000 0.993663
0.908000 0.993651
0.912000 0.993639
0.916000 0.993627
0.920000 0.993615
0.924000 0.993604
0.928000 0.993592
0.932000 0.993581
0.936000 0.993569
0.940000 0.993558
0.944000 0.993546
0.948000 0.993535
0.952000 0.993524
0.956000 0.993512
0.960000 0.993501
0.964000 0.993490
0.968000 0.993478
0.972000 0.993466
0.976000 0.993454
0.980000 0.993441
0.984000 0.993427
0.988000 0.993412
0.992000 0.993395
0.996000 0.993374
1.000000 0.993350
