-1.000000 0.994892
-0.996000 0.994892
-0.992000 0.994892
-0.988000 0.994892
-0.984000 0.994892
-0.980000 0.994892
-0.976000 0.994892
-0.972000 0.994892
-0.968000 0.994892
-0.964000 0.994892
-0.960000 0.994892
-0.956000 0.994892
-0.952000 0.994892
-0.948000 0.994892
-0.944000 0.994892
-0.940000 0.994892
-0.936000 0.994892
-0.932000 0.994892
-0.928000 0.994892
-0.924000 0.994892
-0.920000 0.994892
-0.916000 0.994892
-0.912000 0.994892
-0.908000 0.994892
-0.904000 0.994892
-0.900000 0.994892
-0.896000 0.994892
-0.892000 0.994892
-0.888000 0.994892
-0.884000 0.994892
-0.880000 0.994892
-0.876000 0.994892
-0.872000 0.994892
-0.868000 0.994892
-0.864000 0.994892
-0.860000 0.994892
-0.856000 0.994892
-0.852000 0.994892
-0.848000 0.994892
-0.844000 0.994892
-0.840000 0.994892
-0.836000 0.994892
-0.832000 0.994892
-0.828000 0.994892
-0.824000 0.994892
-0.820000 0.994892
-0.816000 0.994892
-0.812000 0.994892
-0.808000 0.994892
-0.804000 0.994892
-0.800000 0.994892
-0.796000 0.994892
-0.792000 0.994892
-0.788000 0.994892
-0.784000 0.994892
-0.780000 0.994892
-0.776000 0.994892
-0.772000 0.994892
-0.768000 0.994892
-0.764000 0.994892
-0.760000 0.994892
-0.756000 0.994892
-0.752000 0.994892
-0.748000 0.994892
-0.744000 0.994892
-0.740000 0.994892
-0.736000 0.994892
-0.732000 0.994892
-0.728000 0.994892
-0.724000 0.994892
-0.720000 0.994892
-0.716000 0.994892
-0.712000 0.994892
-0.708000 0.994892
-0.704000 0.994892
-0.700000 0.994892
-0.696000 0.994892
-0.692000 0.994892
-0.688000 0.994892
-0.684000 0.994892
-0.680000 0.994892
-0.676000 0.994892
-0.672000 0.994892
-0.668000 0.994892
-0.664000 0.994892
-0.660000 0.994892
-0.656000 0.994892
-0.652000 0.994892
-0.648000 0.994892
-0.644000 0.994892
-0.640000 0.994892
-0.636000 0.994892
-0.632000 0.994892
-0.628000 0.994892
-0.624000 0.994892
-0.620000 0.994892
-0.616000 0.994892
-0.612000 0.994892
-0.608000 0.994892
-0.604000 0.994892
-0.600000 0.994892
-0.596000 0.994892
-0.592000 0.994892
-0.588000 0.994892
-0.584000 0.994892
-0.580000 0.994892
-0.576000 0.994892
-0.572000 0.994892
-0.568000 0.994892
-0.564000 0.994892
-0.560000 0.994892
-0.556000 0.994892
-0.552000 0.994892
-0.548000 0.994892
-0.544000 0.994892
-0.540000 0.994892
-0.536000 0.994892
-0.532000 0.994892
-0.528000 0.994892
-0.524000 0.994892
-0.520000 0.994892
-0.516000 0.994892
-0.512000 0.994892
-0.508000 0.994892
-0.504000 0.994892
-0.500000 0.994892
-0.496000 0.994892
-0.492000 0.994892
-0.488000 0.994892
-0.484000 0.994892
-0.480000 0.994892
-0.476000 0.994892
-0.472000 0.994892
-0.468000 0.994892
-0.464000 0.994892
-0.460000 0.994892
-0.456000 0.994892
-0.452000 0.994892
-0.448000 0.994892
-0.444000 0.994892
-0.440000 0.994892
-0.436000 0.994892
-0.432000 0.994892
-0.428000 0.994892
-0.424000 0.994892
-0.420000 0.994892
-0.416000 0.994892
-0.412000 0.994892
-0.408000 0.994892
-0.404000 0.994892
-0.400000 0.994892
-0.396000 0.994892
-0.392000 0.994892
-0.388000 0.994892
-0.384000 0.994892
-0.380000 0.994892
-0.376000 0.994892
-0.372000 0.994892
-0.368000 0.994892
-0.364000 0.994892
-0.360000 0.994892
-0.356000 0.994892
-0.352000 0.994892
-0.348000 0.994892
-0.344000 0.994892
-0.340000 0.994892
-0.336000 0.994892
-0.332000 0.994892
-0.328000 0.994892
-0.324000 0.994892
-0.320000 0.994892
-0.316000 0.994892
-0.312000 0.994892
-0.308000 0.994892
-0.304000 0.994892
-0.300000 0.994892
-0.296000 0.994892
-0.292000 0.994892
-0.288000 0.994892
-0.284000 0.994892
-0.280000 0.994892
-0.276000 0.994892
-0.272000 0.994892
-0.268000 0.994892
-0.264000 0.994892
-0.260000 0.994892
-0.256000 0.994892
-0.252000 0.994892
-0.248000 0.994892
-0.244000 0.994892
-0.240000 0.994892
-0.236000 0.994892
-0.232000 0.994892
-0.228000 0.994892
-0.224000 0.994892
-0.220000 0.994892
-0.216000 0.994892
-0.212000 0.994892
-0.208000 0.994892
-0.204000 0.994892
-0.200000 0.994892
-0.196000 0.994892
-0.192000 0.994892
-0.188000 0.994892
-0.184000 0.994892
-0.180000 0.994892
-0.176000 0.994892
-0.172000 0.994892
-0.168000 0.994892
-0.164000 0.994892
-0.160000 0.994892
-0.156000 0.994892
-0.152000 0.994892
-0.148000 0.994892
-0.144000 0.994892
-0.140000 0.994892
-0.136000 0.994892
-0.132000 0.994892
-0.128000 0.994892
-0.124000 0.994892
-0.120000 0.994892
-0.116000 0.994892
-0.112000 0.994892
-0.108000 0.994892
-0.104000 0.994892
-0.100000 0.994892
-0.096000 0.994892
-0.092000 0.994892
-0.088000 0.994892
-0.084000 0.994892
-0.080000 0.994892
-0.076000 0.994892
-0.072000 0.994892
-0.068000 0.994891
-0.064000 0.994891
-0.060000 0.994891
-0.056000 0.994891
-0.052000 0.994891
-0.048000 0.994891
-0.044000 0.994891
-0.040000 0.994891
-0.036000 0.994891
-0.032000 0.994891
-0.028000 0.994891
-0.024000 0.994891
-0.020000 0.994891
-0.016000 0.994891
-0.012000 0.994891
-0.008000 0.994891
-0.004000 0.994890
0.000000 0.994890
0.004000 0.994890
0.008000 0.994890
0.012000 0.994890
0.016000 0.994890
0.020000 0.994890
0.024000 0.994890
0.028000 0.994889
0.032000 0.994889
0.036000 0.994889
0.040000 0.994889
0.044000 0.994889
0.048000 0.994888
0.052000 0.994888
0.056000 0.994888
0.060000 0.994888
0.064000 0.994888
0.068000 0.994887
0.072000 0.994887
0.076000 0.994887
0.080000 0.994886
0.084000 0.994886
0.088000 0.994886
0.092000 0.994885
0.096000 0.994885
0.100000 0.994885
0.104000 0.994884
0.108000 0.994884
0.112000 0.994883
0.116000 0.994883
0.120000 0.994882
0.124000 0.994882
0.128000 0.994881
0.132000 0.994881
0.136000 0.994880
0.140000 0.994879
0.144000 0.994879
0.148000 0.994878
0.152000 0.994877
0.156000 0.994876
0.160000 0.994876
0.164000 0.994875
0.168000 0.994874
0.172000 0.994873
0.176000 0.994872
0.180000 0.994871
0.184000 0.994870
0.188000 0.994869
0.192000 0.994868
0.196000 0.994867
0.200000 0.994866
0.204000 0.994864
0.208000 0.994863
0.212000 0.994862
0.216000 0.994860
0.220000 0.994859
0.224000 0.994857
0.228000 0.994856
0.232000 0.994854
0.236000 0.994852
0.240000 0.994850
0.244000 0.994849
0.248000 0.994847
0.252000 0.994845
0.256000 0.994843
0.260000 0.994841
0.264000 0.994838
0.268000 0.994836
0.272000 0.994834
0.276000 0.994831
0.280000 0.994829
0.284000 0.994826
0.288000 0.994824
0.292000 0.994821
0.296000 0.994818
0.300000 0.994815
0.304000 0.994812
0.308000 0.994809
0.312000 0.994806
0.316000 0.994802
0.320000 0.994799
0.324000 0.994795
0.328000 0.994792
0.332000 0.994788
0.336000 0.994784
0.340000 0.994780
0.344000 0.994776
0.348000 0.994772
0.352000 0.994768
0.356000 0.994764
0.360000 0.994759
0.364000 0.994754
0.368000 0.994750
0.372000 0.994745
0.376000 0.994740
0.380000 0.994735
0.384000 0.994729
0.388000 0.994724
0.392000 0.994719
0.396000 0.994713
0.400000 0.994707
0.404000 0.994701
0.408000 0.994695
0.412000 0.994689
0.416000 0.994683
0.420000 0.994677
0.424000 0.994670
0.428000 0.994663
0.432000 0.994656
0.436000 0.994650
0.440000 0.994642
0.444000 0.994635
0.448000 0.994628
0.452000 0.994620
0.456000 0.994613
0.460000 0.994605
0.464000 0.994597
0.468000 0.994589
0.472000 0.994581
0.476000 0.994572
0.480000 0.994564
0.484000 0.994555
0.488000 0.994546
0.492000 0.994537
0.496000 0.994528
0.500000 0.994519
0.504000 0.994510
0.508000 0.994500
0.512000 0.994491
0.516000 0.994481
0.520000 0.994471
0.524000 0.994461
0.528000 0.994451
0.532000 0.994441
0.536000 0.994431
0.540000 0.994420
0.544000 0.994410
0.548000 0.994399
0.552000 0.994388
0.556000 0.994377
0.560000 0.994366
0.564000 0.994355
0.568000 0.994343
0.572000 0.994332
0.576000 0.994321
0.580000 0.994309
0.584000 0.994297
0.588000 0.994285
0.592000 0.994274
0.596000 0.994262
0.600000 0.994249
0.604000 0.994237
0.608000 0.994225
0.612000 0.994213
0.616000 0.994200
0.620000 0.994188
0.624000 0.994175
0.628000 0.994163
0.632000 0.994150
0.636000 0.994137
0.640000 0.994124
0.644000 0.994112
0.648000 0.994099
0.652000 0.994086
0.656000 0.994073
0.660000 0.994060
0.664000 0.994047
0.668000 0.994034
0.672000 0.994021
0.676000 0.994007
0.680000 0.993994
0.684000 0.993981
0.688000 0.993968
0.692000 0.993955
0.696000 0.993941
0.700000 0.993928
0.704000 0.993915
0.708000 0.993902
0.712000 0.993889
0.716000 0.993876
0.720000 0.993862
0.724000 0.993849
0.728000 0.993836
0.732000 0.993823
0.736000 0.993810
0.740000 0.993797
0.744000 0.993784
0.748000 0.993771
0.752000 0.993758
0.756000 0.993745
0.760000 0.993733
0.764000 0.993720
0.768000 0.993707
0.772000 0.993694
0.776000 0.993682
0.780000 0.993669
0.784000 0.993657
0.788000 0.993645
0.792000 0.993632
0.796000 0.993620
0.800000 0.993608
0.804000 0.993596
0.808000 0.993584
0.812000 0.993572
0.816000 0.993561
0.820000 0.993549
0.824000 0.993537
0.828000 0.993526
0.832000 0.993515
0.836000 0.993503
0.840000 0.993492
0.844000 0.993481
0.848000 0.993470
0.852000 0.993459
0.856000 0.993449
0.860000 0.993438
0.864000 0.993428
0.868000 0.993417
0.872000 0.993407
0.876000 0.993397
0.880000 0.993387
0.884000 0.993377
0.888000 0.993367
0.892000 0.993358
0.896000 0.993348
0.900000 0.993339
0.904000 0.993330
0.908000 0.993321
0.912000 0.993312
0.916000 0.993303
0.920000 0.993294
0.924000 0.993285
0.928000 0.993277
0.932000 0.993268
0.936000 0.993260
0.940000 0.993252
0.944000 0.993244
0.948000 0.993236
0.952000 0.993228
0.956000 0.993221
0.960000 0.993213
0.964000 0.993205
0.968000 0.993197
0.972000 0.993190
0.976000 0.993182
0.980000 0.993173
0.984000 0.993164
0.988000 0.993155
0.992000 0.993144
0.996000 0.993131
1.000000 0.993116
