-1.000000 0.992919
-0.996000 0.992919
-0.992000 0.992919
-0.988000 0.992919
-0.984000 0.992919
-0.980000 0.992919
-0.976000 0.992919
-0.972000 0.992919
-0.968000 0.992919
-0.964000 0.992919
-0.960000 0.992919
-0.956000 0.992919
-0.952000 0.992919
-0.948000 0.992919
-0.944000 0.992919
-0.940000 0.992919
-0.936000 0.992919
-0.932000 0.992919
-0.928000 0.992919
-0.924000 0.992919
-0.920000 0.992919
-0.916000 0.992919
-0.912000 0.992919
-0.908000 0.992919
-0.904000 0.992919
-0.900000 0.992919
-0.896000 0.992919
-0.892000 0.992919
-0.888000 0.992919
-0.884000 0.992919
-0.880000 0.992919
-0.876000 0.992919
-0.872000 0.992919
-0.868000 0.992919
-0.864000 0.992919
-0.860000 0.992919
-0.856000 0.992919
-0.852000 0.992919
-0.848000 0.992919
-0.844000 0.992919
-0.840000 0.992919
-0.836000 0.992919
-0.832000 0.992919
-0.828000 0.992920
-0.824000 0.992920
-0.820000 0.992920
-0.816000 0.992920
-0.812000 0.992920
-0.808000 0.992920
-0.804000 0.992920
-0.800000 0.992920
-0.796000 0.992920
-0.792000 0.992921
-0.788000 0.992921
-0.784000 0.992921
-0.780000 0.992921
-0.776000 0.992922
-0.772000 0.992922
-0.768000 0.992923
-0.764000 0.992923
-0.760000 0.992923
-0.756000 0.992924
-0.752000 0.992925
-0.748000 0.992925
-0.744000 0.992926
-0.740000 0.992927
-0.736000 0.992928
-0.732000 0.992929
-0.728000 0.992930
-0.724000 0.992931
-0.720000 0.992932
-0.716000 0.992934
-0.712000 0.992935
-0.708000 0.992937
-0.704000 0.992939
-0.700000 0.992941
-0.696000 0.992943
-0.692000 0.992946
-0.688000 0.992948
-0.684000 0.992951
-0.680000 0.992954
-0.676000 0.992958
-0.672000 0.992961
-0.668000 0.992965
-0.664000 0.992969
-0.660000 0.992974
-0.656000 0.992979
-0.652000 0.992984
-0.648000 0.992990
-0.644000 0.992996
-0.640000 0.993003
-0.636000 0.993010
-0.632000 0.993017
-0.628000 0.993025
-0.624000 0.993034
-0.620000 0.993043
-0.616000 0.993052
-0.612000 0.993063
-0.608000 0.993074
-0.604000 0.993085
-0.600000 0.993097
-0.596000 0.993110
-0.592000 0.993124
-0.588000 0.993139
-0.584000 0.993154
-0.580000 0.993170
-0.576000 0.993188
-0.572000 0.993206
-0.568000 0.993225
-0.564000 0.993244
-0.560000 0.993265
-0.556000 0.993287
-0.552000 0.993310
-0.548000 0.993334
-0.544000 0.993359
-0.540000 0.993385
-0.536000 0.993413
-0.532000 0.993441
-0.528000 0.993471
-0.524000 0.993502
-0.520000 0.993534
-0.516000 0.993567
-0.512000 0.993602
-0.508000 0.993638
-0.504000 0.993675
-0.500000 0.993713
-0.496000 0.993753
-0.492000 0.993794
-0.488000 0.993836
-0.484000 0.993880
-0.480000 0.993925
-0.476000 0.993971
-0.472000 0.994019
-0.468000 0.994068
-0.464000 0.994118
-0.460000 0.994169
-0.456000 0.994222
-0.452000 0.994276
-0.448000 0.994331
-0.444000 0.994388
-0.440000 0.994445
-0.436000 0.994504
-0.432000 0.994564
-0.428000 0.994625
-0.424000 0.994687
-0.420000 0.994751
-0.416000 0.994815
-0.412000 0.994880
-0.408000 0.994947
-0.404000 0.995014
-0.400000 0.995082
-0.396000 0.995151
-0.392000 0.995220
-0.388000 0.995291
-0.384000 0.995362
-0.380000 0.995434
-0.376000 0.995506
-0.372000 0.995579
-0.368000 0.995652
-0.364000 0.995726
-0.360000 0.995801
-0.356000 0.995875
-0.352000 0.995950
-0.348000 0.996025
-0.344000 0.996101
-0.340000 0.996176
-0.336000 0.996252
-0.332000 0.996327
-0.328000 0.996403
-0.324000 0.996478
-0.320000 0.996553
-0.316000 0.996628
-0.312000 0.996703
-0.308000 0.996778
-0.304000 0.996852
-0.300000 0.996926
-0.296000 0.996999
-0.292000 0.997072
-0.288000 0.997144
-0.284000 0.997216
-0.280000 0.997287
-0.276000 0.997357
-0.272000 0.997427
-0.268000 0.997496
-0.264000 0.997564
-0.260000 0.997631
-0.256000 0.997698
-0.252000 0.997763
-0.248000 0.997828
-0.244000 0.997892
-0.240000 0.997955
-0.236000 0.998016
-0.232000 0.998077
-0.228000 0.998137
-0.224000 0.998196
-0.220000 0.998253
-0.216000 0.998310
-0.212000 0.998365
-0.208000 0.998419
-0.204000 0.998473
-0.200000 0.998525
-0.196000 0.998575
-0.192000 0.998625
-0.188000 0.998674
-0.184000 0.998721
-0.180000 0.998767
-0.176000 0.998813
-0.172000 0.998857
-0.168000 0.998899
-0.164000 0.998941
-0.160000 0.998982
-0.156000 0.999021
-0.152000 0.999060
-0.148000 0.999097
-0.144000 0.999133
-0.140000 0.999168
-0.136000 0.999202
-0.132000 0.999235
-0.128000 0.999267
-0.124000 0.999298
-0.120000 0.999328
-0.116000 0.999356
-0.112000 0.999384
-0.108000 0.999411
-0.104000 0.999437
-0.100000 0.999462
-0.096000 0.999487
-0.092000 0.999510
-0.088000 0.999532
-0.084000 0.999554
-0.080000 0.999575
-0.076000 0.999595
-0.072000 0.999614
-0.068000 0.999633
-0.064000 0.999650
-0.060000 0.999667
-0.056000 0.999684
-0.052000 0.999699
-0.048000 0.999714
-0.044000 0.999729
-0.040000 0.999742
-0.036000 0.999756
-0.032000 0.999768
-0.028000 0.999780
-0.024000 0.999792
-0.020000 0.999803
-0.016000 0.999813
-0.012000 0.999823
-0.008000 0.999833
-0.004000 0.999842
0.000000 0.999850
0.004000 0.999859
0.008000 0.999866
0.012000 0.999874
0.016000 0.999881
0.020000 0.999888
0.024000 0.999894
0.028000 0.999900
0.032000 0.999906
0.036000 0.999911
0.040000 0.999917
0.044000 0.999921
0.048000 0.999926
0.052000 0.999930
0.056000 0.999935
0.060000 0.999939
0.064000 0.999942
0.068000 0.999946
0.072000 0.999949
0.076000 0.999952
0.080000 0.999955
0.084000 0.999958
0.088000 0.999961
0.092000 0.999963
0.096000 0.999965
0.100000 0.999968
0.104000 0.999970
0.108000 0.999972
0.112000 0.999974
0.116000 0.999975
0.120000 0.999977
0.124000 0.999978
0.128000 0.999980
0.132000 0.999981
0.136000 0.999982
0.140000 0.999984
0.144000 0.999985
0.148000 0.999986
0.152000 0.999987
0.156000 0.999988
0.160000 0.999988
0.164000 0.999989
0.168000 0.999990
0.172000 0.999991
0.176000 0.999991
0.180000 0.999992
0.184000 0.999993
0.188000 0.999993
0.192000 0.999994
0.196000 0.999994
0.200000 0.999994
0.204000 0.999995
0.208000 0.999995
0.212000 0.999996
0.216000 0.999996
0.220000 0.999996
0.224000 0.999997
0.228000 0.999997
0.232000 0.999997
0.236000 0.999997
0.240000 0.999997
0.244000 0.999998
0.248000 0.999998
0.252000 0.999998
0.256000 0.999998
0.260000 0.999998
0.264000 0.999998
0.268000 0.999999
0.272000 0.999999
0.276000 0.999999
0.280000 0.999999
0.284000 0.999999
0.288000 0.999999
0.292000 0.999999
0.296000 0.999999
0.300000 0.999999
0.304000 0.999999
0.308000 0.999999
0.312000 0.999999
0.316000 0.999999
0.320000 1.000000
0.324000 1.000000
0.328000 1.000000
0.332000 1.000000
0.336000 1.000000
0.340000 1.000000
0.344000 1.000000
0.348000 1.000000
0.352000 1.000000
0.356000 1.000000
0.360000 1.000000
0.364000 1.000000
0.368000 1.000000
0.372000 1.000000
0.376000 1.000000
0.380000 1.000000
0.384000 1.000000
0.388000 1.000000
0.392000 1.000000
0.396000 1.000000
0.400000 1.000000
0.404000 1.000000
0.408000 1.000000
0.412000 1.000000
0.416000 1.000000
0.420000 1.000000
0.424000 1.000000
0.428000 1.000000
0.432000 1.000000
0.436000 1.000000
0.440000 1.000000
0.444000 1.000000
0.448000 1.000000
0.452000 1.000000
0.456000 1.000000
0.460000 1.000000
0.464000 1.000000
0.468000 1.000000
0.472000 1.000000
0.476000 1.000000
0.480000 1.000000
0.484000 1.000000
0.488000 1.000000
0.492000 1.000000
0.496000 1.000000
0.500000 1.000000
0.504000 1.000000
0.508000 1.000000
0.512000 1.000000
0.516000 1.000000
0.520000 1.000000
0.524000 1.000000
0.528000 1.000000
0.532000 1.000000
0.536000 1.000000
0.540000 1.000000
0.544000 1.000000
0.548000 1.000000
0.552000 1.000000
0.556000 1.000000
0.560000 1.000000
0.564000 1.000000
0.568000 1.000000
0.572000 1.000000
0.576000 1.000000
0.580000 1.000000
0.584000 1.000000
0.588000 1.000000
0.592000 1.000000
0.596000 1.000000
0.600000 1.000000
0.604000 1.000000
0.608000 1.000000
0.612000 1.000000
0.616000 1.000000
0.620000 1.000000
0.624000 1.000000
0.628000 1.000000
0.632000 1.000000
0.636000 1.000000
0.640000 1.000000
0.644000 1.000000
0.648000 1.000000
0.652000 1.000000
0.656000 1.000000
0.660000 1.000000
0.664000 1.000000
0.668000 1.000000
0.672000 1.000000
0.676000 1.000000
0.680000 1.000000
0.684000 1.000000
0.688000 1.000000
0.692000 1.000000
0.696000 1.000000
0.700000 1.000000
0.704000 1.000000
0.708000 1.000000
0.712000 1.000000
0.716000 1.000000
0.720000 1.000000
0.724000 1.000000
0.728000 1.000000
0.732000 1.000000
0.736000 1.000000
0.740000 1.000000
0.744000 1.000000
0.748000 1.000000
0.752000 1.000000
0.756000 1.000000
0.760000 1.000000
0.764000 1.000000
0.768000 1.000000
0.772000 1.000000
0.776000 1.000000
0.780000 1.000000
0.784000 1.000000
0.788000 1.000000
0.792000 1.000000
0.796000 1.000000
0.800000 1.000000
0.804000 1.000000
0.808000 1.000000
0.812000 1.000000
0.816000 1.000000
0.820000 1.000000
0.824000 1.000000
0.828000 1.000000
0.832000 1.000000
0.836000 1.000000
0.840000 1.000000
0.844000 1.000000
0.848000 1.000000
0.852000 1.000000
0.856000 1.000000
0.860000 1.000000
0.864000 1.000000
0.868000 1.000000
0.872000 1.000000
0.876000 1.000000
0.880000 1.000000
0.884000 1.000000
0.888000 1.000000
0.892000 1.000000
0.896000 1.000000
0.900000 1.000000
0.904000 1.000000
0.908000 1.000000
0.912000 1.000000
0.916000 1.000000
0.920000 1.000000
0.924000 1.000000
0.928000 1.000000
0.932000 1.000000
0.936000 1.000000
0.940000 1.000000
0.944000 1.000000
0.948000 1.000000
0.952000 1.000000
0.956000 1.000000
0.960000 1.000000
0.964000 1.000000
0.968000 1.000000
0.972000 1.000000
0.976000 1.000000
0.980000 1.000000
0.984000 1.000000
0.988000 1.000000
0.992000 1.000000
0.996000 1.000000
1.000000 1.000000
