-1.000000 0.994892
-0.996000 0.994892
-0.992000 0.994892
-0.988000 0.994892
-0.984000 0.994892
-0.980000 0.994892
-0.976000 0.994892
-0.972000 0.994892
-0.968000 0.994892
-0.964000 0.994892
-0.960000 0.994892
-0.956000 0.994892
-0.952000 0.994892
-0.948000 0.994892
-0.944000 0.994892
-0.940000 0.994892
-0.936000 0.994892
-0.932000 0.994892
-0.928000 0.994892
-0.924000 0.994892
-0.920000 0.994892
-0.916000 0.994892
-0.912000 0.994892
-0.908000 0.994892
-0.904000 0.994892
-0.900000 0.994892
-0.896000 0.994892
-0.892000 0.994892
-0.888000 0.994892
-0.884000 0.994892
-0.880000 0.994892
-0.876000 0.994892
-0.872000 0.994892
-0.868000 0.994892
-0.864000 0.994892
-0.860000 0.994892
-0.856000 0.994892
-0.852000 0.994892
-0.848000 0.994892
-0.844000 0.994892
-0.840000 0.994892
-0.836000 0.994892
-0.832000 0.994892
-0.828000 0.994892
-0.824000 0.994892
-0.820000 0.994892
-0.816000 0.994892
-0.812000 0.994892
-0.808000 0.994892
-0.804000 0.994892
-0.800000 0.994892
-0.796000 0.994892
-0.792000 0.994892
-0.788000 0.994892
-0.784000 0.994892
-0.780000 0.994892
-0.776000 0.994892
-0.772000 0.994892
-0.768000 0.994892
-0.764000 0.994892
-0.760000 0.994892
-0.756000 0.994892
-0.752000 0.994892
-0.748000 0.994892
-0.744000 0.994892
-0.740000 0.994892
-0.736000 0.994892
-0.732000 0.994892
-0.728000 0.994892
-0.724000 0.994892
-0.720000 0.994892
-0.716000 0.994892
-0.712000 0.994892
-0.708000 0.994892
-0.704000 0.994892
-0.700000 0.994892
-0.696000 0.994892
-0.692000 0.994892
-0.688000 0.994892
-0.684000 0.994892
-0.680000 0.994892
-0.676000 0.994892
-0.672000 0.994892
-0.668000 0.994892
-0.664000 0.994892
-0.660000 0.994892
-0.656000 0.994892
-0.652000 0.994892
-0.648000 0.994892
-0.644000 0.994892
-0.640000 0.994892
-0.636000 0.994892
-0.632000 0.994892
-0.628000 0.994892
-0.624000 0.994892
-0.620000 0.994892
-0.616000 0.994892
-0.612000 0.994892
-0.608000 0.994892
-0.604000 0.994892
-0.600000 0.994892
-0.596000 0.994892
-0.592000 0.994892
-0.588000 0.994892
-0.584000 0.994892
-0.580000 0.994892
-0.576000 0.994892
-0.572000 0.994892
-0.568000 0.994892
-0.564000 0.994892
-0.560000 0.994892
-0.556000 0.994892
-0.552000 0.994892
-0.548000 0.994892
-0.544000 0.994892
-0.540000 0.994892
-0.536000 0.994892
-0.532000 0.994892
-0.528000 0.994892
-0.524000 0.994892
-0.520000 0.994892
-0.516000 0.994892
-0.512000 0.994892
-0.508000 0.994892
-0.504000 0.994892
-0.500000 0.994892
-0.496000 0.994892
-0.492000 0.994892
-0.488000 0.994892
-0.484000 0.994892
-0.480000 0.994892
-0.476000 0.994892
-0.472000 0.994892
-0.468000 0.994892
-0.464000 0.994892
-0.460000 0.994892
-0.456000 0.994892
-0.452000 0.994892
-0.448000 0.994892
-0.444000 0.994892
-0.440000 0.994892
-0.436000 0.994892
-0.432000 0.994892
-0.428000 0.994892
-0.424000 0.994892
-0.420000 0.994892
-0.416000 0.994892
-0.412000 0.994892
-0.408000 0.994892
-0.404000 0.994892
-0.400000 0.994892
-0.396000 0.994892
-0.392000 0.994892
-0.388000 0.994892
-0.384000 0.994892
-0.380000 0.994892
-0.376000 0.994892
-0.372000 0.994892
-0.368000 0.994892
-0.364000 0.994892
-0.360000 0.994892
-0.356000 0.994892
-0.352000 0.994892
-0.348000 0.994892
-0.344000 0.994892
-0.340000 0.994892
-0.336000 0.994892
-0.332000 0.994892
-0.328000 0.994892
-0.324000 0.994892
-0.320000 0.994892
-0.316000 0.994892
-0.312000 0.994892
-0.308000 0.994892
-0.304000 0.994892
-0.300000 0.994892
-0.296000 0.994892
-0.292000 0.994892
-0.288000 0.994892
-0.284000 0.994892
-0.280000 0.994892
-0.276000 0.994892
-0.272000 0.994892
-0.268000 0.994892
-0.264000 0.994892
-0.260000 0.994892
-0.256000 0.994892
-0.252000 0.994892
-0.248000 0.994892
-0.244000 0.994892
-0.240000 0.994891
-0.236000 0.994891
-0.232000 0.994891
-0.228000 0.994891
-0.224000 0.994891
-0.220000 0.994891
-0.216000 0.994891
-0.212000 0.994891
-0.208000 0.994891
-0.204000 0.994891
-0.200000 0.994891
-0.196000 0.994891
-0.192000 0.994891
-0.188000 0.994891
-0.184000 0.994891
-0.180000 0.994890
-0.176000 0.994890
-0.172000 0.994890
-0.168000 0.994890
-0.164000 0.994890
-0.160000 0.994890
-0.156000 0.994890
-0.152000 0.994889
-0.148000 0.994889
-0.144000 0.994889
-0.140000 0.994889
-0.136000 0.994889
-0.132000 0.994889
-0.128000 0.994888
-0.124000 0.994888
-0.120000 0.994888
-0.116000 0.994887
-0.112000 0.994887
-0.108000 0.994887
-0.104000 0.994887
-0.100000 0.994886
-0.096000 0.994886
-0.092000 0.994885
-0.088000 0.994885
-0.084000 0.994885
-0.080000 0.994884
-0.076000 0.994884
-0.072000 0.994883
-0.068000 0.994883
-0.064000 0.994882
-0.060000 0.994881
-0.056000 0.994881
-0.052000 0.994880
-0.048000 0.994880
-0.044000 0.994879
-0.040000 0.994878
-0.036000 0.994877
-0.032000 0.994876
-0.028000 0.994876
-0.024000 0.994875
-0.020000 0.994874
-0.016000 0.994873
-0.012000 0.994872
-0.008000 0.994871
-0.004000 0.994869
0.000000 0.994868
0.004000 0.994867
0.008000 0.994866
0.012000 0.994864
0.016000 0.994863
0.020000 0.994861
0.024000 0.994860
0.028000 0.994858
0.032000 0.994857
0.036000 0.994855
0.040000 0.994853
0.044000 0.994851
0.048000 0.994849
0.052000 0.994847
0.056000 0.994845
0.060000 0.994843
0.064000 0.994841
0.068000 0.994838
0.072000 0.994836
0.076000 0.994833
0.080000 0.994831
0.084000 0.994828
0.088000 0.994825
0.092000 0.994822
0.096000 0.994819
0.100000 0.994816
0.104000 0.994813
0.108000 0.994809
0.112000 0.994806
0.116000 0.994802
0.120000 0.994799
0.124000 0.994795
0.128000 0.994791
0.132000 0.994787
0.136000 0.994782
0.140000 0.994778
0.144000 0.994774
0.148000 0.994769
0.152000 0.994764
0.156000 0.994760
0.160000 0.994755
0.164000 0.994750
0.168000 0.994744
0.172000 0.994739
0.176000 0.994733
0.180000 0.994728
0.184000 0.994722
0.188000 0.994716
0.192000 0.994710
0.196000 0.994703
0.200000 0.994697
0.204000 0.994690
0.208000 0.994684
0.212000 0.994677
0.216000 0.994670
0.220000 0.994662
0.224000 0.994655
0.228000 0.994647
0.232000 0.994640
0.236000 0.994632
0.240000 0.994624
0.244000 0.994616
0.248000 0.994607
0.252000 0.994599
0.256000 0.994590
0.260000 0.994581
0.264000 0.994572
0.268000 0.994563
0.272000 0.994554
0.276000 0.994544
0.280000 0.994534
0.284000 0.994525
0.288000 0.994515
0.292000 0.994505
0.296000 0.994494
0.300000 0.994484
0.304000 0.994473
0.308000 0.994463
0.312000 0.994452
0.316000 0.994441
0.320000 0.994429
0.324000 0.994418
0.328000 0.994407
0.332000 0.994395
0.336000 0.994383
0.340000 0.994371
0.344000 0.994359
0.348000 0.994347
0.352000 0.994335
0.356000 0.994323
0.360000 0.994310
0.364000 0.994298
0.368000 0.994285
0.372000 0.994272
0.376000 0.994259
0.380000 0.994246
0.384000 0.994233
0.388000 0.994220
0.392000 0.994206
0.396000 0.994193
0.400000 0.994180
0.404000 0.994166
0.408000 0.994152
0.412000 0.994139
0.416000 0.994125
0.420000 0.994111
0.424000 0.994097
0.428000 0.994083
0.432000 0.994069
0.436000 0.994055
0.440000 0.994041
0.444000 0.994027
0.448000 0.994013
0.452000 0.993999
0.456000 0.993985
0.460000 0.993970
0.464000 0.993956
0.468000 0.993942
0.472000 0.993928
0.476000 0.993914
0.480000 0.993899
0.484000 0.993885
0.488000 0.993871
0.492000 0.993857
0.496000 0.993843
0.500000 0.993829
0.504000 0.993815
0.508000 0.993801
0.512000 0.993787
0.516000 0.993773
0.520000 0.993759
0.524000 0.993745
0.528000 0.993731
0.532000 0.993718
0.536000 0.993704
0.540000 0.993691
0.544000 0.993677
0.548000 0.993664
0.552000 0.993650
0.556000 0.993637
0.560000 0.993624
0.564000 0.993611
0.568000 0.993598
0.572000 0.993585
0.576000 0.993573
0.580000 0.993560
0.584000 0.993548
0.588000 0.993535
0.592000 0.993523
0.596000 0.993511
0.600000 0.993499
0.604000 0.993487
0.608000 0.993475
0.612000 0.993463
0.616000 0.993452
0.620000 0.993440
0.624000 0.993429
0.628000 0.993418
0.632000 0.993407
0.636000 0.993396
0.640000 0.993385
0.644000 0.993375
0.648000 0.993364
0.652000 0.993354
0.656000 0.993344
0.660000 0.993334
0.664000 0.993324
0.668000 0.993315
0.672000 0.993305
0.676000 0.993296
0.680000 0.993286
0.684000 0.993277
0.688000 0.993268
0.692000 0.993259
0.696000 0.993251
0.700000 0.993242
0.704000 0.993234
0.708000 0.993226
0.712000 0.993218
0.716000 0.993210
0.720000 0.993202
0.724000 0.993194
0.728000 0.993187
0.732000 0.993180
0.736000 0.993172
0.740000 0.993165
0.744000 0.993159
0.748000 0.993152
0.752000 0.993145
0.756000 0.993139
0.760000 0.993132
0.764000 0.993126
0.768000 0.993120
0.772000 0.993114
0.776000 0.993108
0.780000 0.993103
0.784000 0.993097
0.788000 0.993092
0.792000 0.993087
0.796000 0.993081
0.800000 0.993076
0.804000 0.993071
0.808000 0.993067
0.812000 0.993062
0.816000 0.993057
0.820000 0.993053
0.824000 0.993049
0.828000 0.993044
0.832000 0.993040
0.836000 0.993036
0.840000 0.993032
0.844000 0.993029
0.848000 0.993025
0.852000 0.993021
0.856000 0.993018
0.860000 0.993015
0.864000 0.993011
0.868000 0.993008
0.872000 0.993005
0.876000 0.993002
0.880000 0.992999
0.884000 0.992996
0.888000 0.992994
0.892000 0.992991
0.896000 0.992988
0.900000 0.992986
0.904000 0.992983
0.908000 0.992981
0.912000 0.992979
0.916000 0.992976
0.920000 0.992974
0.924000 0.992972
0.928000 0.992970
0.932000 0.992968
0.936000 0.992966
0.940000 0.992965
0.944000 0.992963
0.948000 0.992961
0.952000 0.992959
0.956000 0.992958
0.960000 0.992956
0.964000 0.992955
0.968000 0.992953
0.972000 0.992952
0.976000 0.992950
0.980000 0.992949
0.984000 0.992947
0.988000 0.992945
0.992000 0.992944
0.996000 0.992941
1.000000 0.992939
