-1.000000 0.994892
-0.996000 0.994892
-0.992000 0.994892
-0.988000 0.994892
-0.984000 0.994892
-0.980000 0.994892
-0.976000 0.994892
-0.972000 0.994892
-0.968000 0.994892
-0.964000 0.994892
-0.960000 0.994892
-0.956000 0.994892
-0.952000 0.994892
-0.948000 0.994892
-0.944000 0.994892
-0.940000 0.994892
-0.936000 0.994892
-0.932000 0.994892
-0.928000 0.994892
-0.924000 0.994892
-0.920000 0.994892
-0.916000 0.994892
-0.912000 0.994892
-0.908000 0.994892
-0.904000 0.994892
-0.900000 0.994892
-0.896000 0.994892
-0.892000 0.994892
-0.888000 0.994892
-0.884000 0.994892
-0.880000 0.994892
-0.876000 0.994892
-0.872000 0.994892
-0.868000 0.994892
-0.864000 0.994892
-0.860000 0.994892
-0.856000 0.994892
-0.852000 0.994892
-0.848000 0.994892
-0.844000 0.994892
-0.840000 0.994892
-0.836000 0.994892
-0.832000 0.994892
-0.828000 0.994892
-0.824000 0.994892
-0.820000 0.994892
-0.816000 0.994892
-0.812000 0.994892
-0.808000 0.994892
-0.804000 0.994892
-0.800000 0.994892
-0.796000 0.994892
-0.792000 0.994892
-0.788000 0.994892
-0.784000 0.994892
-0.780000 0.994892
-0.776000 0.994892
-0.772000 0.994892
-0.768000 0.994892
-0.764000 0.994892
-0.760000 0.994892
-0.756000 0.994892
-0.752000 0.994892
-0.748000 0.994892
-0.744000 0.994892
-0.740000 0.994892
-0.736000 0.994892
-0.732000 0.994892
-0.728000 0.994892
-0.724000 0.994892
-0.720000 0.994892
-0.716000 0.994892
-0.712000 0.994892
-0.708000 0.994892
-0.704000 0.994892
-0.700000 0.994892
-0.696000 0.994892
-0.692000 0.994892
-0.688000 0.994892
-0.684000 0.994892
-0.680000 0.994892
-0.676000 0.994892
-0.672000 0.994892
-0.668000 0.994892
-0.664000 0.994892
-0.660000 0.994892
-0.656000 0.994892
-0.652000 0.994892
-0.648000 0.994892
-0.644000 0.994892
-0.640000 0.994892
-0.636000 0.994892
-0.632000 0.994892
-0.628000 0.994892
-0.624000 0.994892
-0.620000 0.994892
-0.616000 0.994892
-0.612000 0.994892
-0.608000 0.994892
-0.604000 0.994892
-0.600000 0.994892
-0.596000 0.994892
-0.592000 0.994892
-0.588000 0.994892
-0.584000 0.994892
-0.580000 0.994892
-0.576000 0.994892
-0.572000 0.994892
-0.568000 0.994892
-0.564000 0.994892
-0.560000 0.994892
-0.556000 0.994892
-0.552000 0.994892
-0.548000 0.994892
-0.544000 0.994892
-0.540000 0.994892
-0.536000 0.994892
-0.532000 0.994892
-0.528000 0.994892
-0.524000 0.994892
-0.520000 0.994892
-0.516000 0.994892
-0.512000 0.994892
-0.508000 0.994892
-0.504000 0.994892
-0.500000 0.994892
-0.496000 0.994892
-0.492000 0.994892
-0.488000 0.994892
-0.484000 0.994892
-0.480000 0.994892
-0.476000 0.994892
-0.472000 0.994892
-0.468000 0.994892
-0.464000 0.994892
-0.460000 0.994892
-0.456000 0.994892
-0.452000 0.994892
-0.448000 0.994892
-0.444000 0.994892
-0.440000 0.994892
-0.436000 0.994892
-0.432000 0.994892
-0.428000 0.994892
-0.424000 0.994892
-0.420000 0.994892
-0.416000 0.994892
-0.412000 0.994892
-0.408000 0.994892
-0.404000 0.994892
-0.400000 0.994892
-0.396000 0.994892
-0.392000 0.994892
-0.388000 0.994892
-0.384000 0.994892
-0.380000 0.994892
-0.376000 0.994892
-0.372000 0.994892
-0.368000 0.994892
-0.364000 0.994892
-0.360000 0.994892
-0.356000 0.994892
-0.352000 0.994892
-0.348000 0.994892
-0.344000 0.994892
-0.340000 0.994892
-0.336000 0.994892
-0.332000 0.994892
-0.328000 0.994892
-0.324000 0.994892
-0.320000 0.994892
-0.316000 0.994892
-0.312000 0.994892
-0.308000 0.994892
-0.304000 0.994892
-0.300000 0.994892
-0.296000 0.994892
-0.292000 0.994892
-0.288000 0.994892
-0.284000 0.994892
-0.280000 0.994892
-0.276000 0.994892
-0.272000 0.994892
-0.268000 0.994892
-0.264000 0.994892
-0.260000 0.994892
-0.256000 0.994892
-0.252000 0.994892
-0.248000 0.994892
-0.244000 0.994892
-0.240000 0.994892
-0.236000 0.994892
-0.232000 0.994892
-0.228000 0.994892
-0.224000 0.994892
-0.220000 0.994892
-0.216000 0.994892
-0.212000 0.994892
-0.208000 0.994892
-0.204000 0.994892
-0.200000 0.994892
-0.196000 0.994892
-0.192000 0.994892
-0.188000 0.994892
-0.184000 0.994892
-0.180000 0.994892
-0.176000 0.994892
-0.172000 0.994892
-0.168000 0.994892
-0.164000 0.994892
-0.160000 0.994892
-0.156000 0.994892
-0.152000 0.994892
-0.148000 0.994892
-0.144000 0.994892
-0.140000 0.994892
-0.136000 0.994892
-0.132000 0.994892
-0.128000 0.994892
-0.124000 0.994892
-0.120000 0.994892
-0.116000 0.994892
-0.112000 0.994892
-0.108000 0.994892
-0.104000 0.994892
-0.100000 0.994892
-0.096000 0.994892
-0.092000 0.994892
-0.088000 0.994892
-0.084000 0.994892
-0.080000 0.994892
-0.076000 0.994892
-0.072000 0.994892
-0.068000 0.994892
-0.064000 0.994892
-0.060000 0.994892
-0.056000 0.994892
-0.052000 0.994892
-0.048000 0.994892
-0.044000 0.994892
-0.040000 0.994892
-0.036000 0.994892
-0.032000 0.994892
-0.028000 0.994892
-0.024000 0.994892
-0.020000 0.994892
-0.016000 0.994892
-0.012000 0.994892
-0.008000 0.994892
-0.004000 0.994892
0.000000 0.994892
0.004000 0.994892
0.008000 0.994892
0.012000 0.994892
0.016000 0.994892
0.020000 0.994892
0.024000 0.994892
0.028000 0.994891
0.032000 0.994891
0.036000 0.994891
0.040000 0.994891
0.044000 0.994891
0.048000 0.994891
0.052000 0.994891
0.056000 0.994891
0.060000 0.994891
0.064000 0.994891
0.068000 0.994891
0.072000 0.994891
0.076000 0.994891
0.080000 0.994891
0.084000 0.994891
0.088000 0.994891
0.092000 0.994891
0.096000 0.994890
0.100000 0.994890
0.104000 0.994890
0.108000 0.994890
0.112000 0.994890
0.116000 0.994890
0.120000 0.994890
0.124000 0.994890
0.128000 0.994889
0.132000 0.994889
0.136000 0.994889
0.140000 0.994889
0.144000 0.994889
0.148000 0.994889
0.152000 0.994888
0.156000 0.994888
0.160000 0.994888
0.164000 0.994888
0.168000 0.994888
0.172000 0.994887
0.176000 0.994887
0.180000 0.994887
0.184000 0.994886
0.188000 0.994886
0.192000 0.994886
0.196000 0.994885
0.200000 0.994885
0.204000 0.994885
0.208000 0.994884
0.212000 0.994884
0.216000 0.994883
0.220000 0.994883
0.224000 0.994883
0.228000 0.994882
0.232000 0.994881
0.236000 0.994881
0.240000 0.994880
0.244000 0.994880
0.248000 0.994879
0.252000 0.994879
0.256000 0.994878
0.260000 0.994877
0.264000 0.994876
0.268000 0.994876
0.272000 0.994875
0.276000 0.994874
0.280000 0.994873
0.284000 0.994872
0.288000 0.994871
0.292000 0.994870
0.296000 0.994869
0.300000 0.994868
0.304000 0.994867
0.308000 0.994866
0.312000 0.994865
0.316000 0.994863
0.320000 0.994862
0.324000 0.994861
0.328000 0.994859
0.332000 0.994858
0.336000 0.994857
0.340000 0.994855
0.344000 0.994853
0.348000 0.994852
0.352000 0.994850
0.356000 0.994848
0.360000 0.994846
0.364000 0.994844
0.368000 0.994843
0.372000 0.994840
0.376000 0.994838
0.380000 0.994836
0.384000 0.994834
0.388000 0.994832
0.392000 0.994829
0.396000 0.994827
0.400000 0.994824
0.404000 0.994822
0.408000 0.994819
0.412000 0.994816
0.416000 0.994813
0.420000 0.994810
0.424000 0.994807
0.428000 0.994804
0.432000 0.994801
0.436000 0.994797
0.440000 0.994794
0.444000 0.994791
0.448000 0.994787
0.452000 0.994783
0.456000 0.994779
0.460000 0.994775
0.464000 0.994771
0.468000 0.994767
0.472000 0.994763
0.476000 0.994759
0.480000 0.994754
0.484000 0.994750
0.488000 0.994745
0.492000 0.994740
0.496000 0.994735
0.500000 0.994730
0.504000 0.994725
0.508000 0.994720
0.512000 0.994715
0.516000 0.994709
0.520000 0.994704
0.524000 0.994698
0.528000 0.994692
0.532000 0.994686
0.536000 0.994680
0.540000 0.994674
0.544000 0.994667
0.548000 0.994661
0.552000 0.994654
0.556000 0.994647
0.560000 0.994641
0.564000 0.994634
0.568000 0.994626
0.572000 0.994619
0.576000 0.994612
0.580000 0.994604
0.584000 0.994597
0.588000 0.994589
0.592000 0.994581
0.596000 0.994573
0.600000 0.994565
0.604000 0.994557
0.608000 0.994548
0.612000 0.994540
0.616000 0.994531
0.620000 0.994522
0.624000 0.994513
0.628000 0.994504
0.632000 0.994495
0.636000 0.994486
0.640000 0.994476
0.644000 0.994467
0.648000 0.994457
0.652000 0.994447
0.656000 0.994437
0.660000 0.994427
0.664000 0.994417
0.668000 0.994407
0.672000 0.994397
0.676000 0.994386
0.680000 0.994376
0.684000 0.994365
0.688000 0.994354
0.692000 0.994343
0.696000 0.994332
0.700000 0.994321
0.704000 0.994310
0.708000 0.994299
0.712000 0.994287
0.716000 0.994276
0.720000 0.994264
0.724000 0.994253
0.728000 0.994241
0.732000 0.994229
0.736000 0.994218
0.740000 0.994206
0.744000 0.994194
0.748000 0.994182
0.752000 0.994169
0.756000 0.994157
0.760000 0.994145
0.764000 0.994133
0.768000 0.994120
0.772000 0.994108
0.776000 0.994096
0.780000 0.994083
0.784000 0.994071
0.788000 0.994058
0.792000 0.994045
0.796000 0.994033
0.800000 0.994020
0.804000 0.994008
0.808000 0.993995
0.812000 0.993982
0.816000 0.993969
0.820000 0.993957
0.824000 0.993944
0.828000 0.993931
0.832000 0.993919
0.836000 0.993906
0.840000 0.993893
0.844000 0.993880
0.848000 0.993868
0.852000 0.993855
0.856000 0.993842
0.860000 0.993830
0.864000 0.993817
0.868000 0.993805
0.872000 0.993792
0.876000 0.993780
0.880000 0.993767
0.884000 0.993755
0.888000 0.993742
0.892000 0.993730
0.896000 0.993718
0.900000 0.993706
0.904000 0.993693
0.908000 0.993681
0.912000 0.993669
0.916000 0.993657
0.920000 0.993645
0.924000 0.993634
0.928000 0.993622
0.932000 0.993610
0.936000 0.993598
0.940000 0.993587
0.944000 0.993575
0.948000 0.993564
0.952000 0.993552
0.956000 0.993541
0.960000 0.993529
0.964000 0.993517
0.968000 0.993506
0.972000 0.993494
0.976000 0.993481
0.980000 0.993468
0.984000 0.993454
0.988000 0.993438
0.992000 0.993420
0.996000 0.993399
1.000000 0.993374
