-1.000000 0.994892
-0.996000 0.994892
-0.992000 0.994892
-0.988000 0.994892
-0.984000 0.994892
-0.980000 0.994892
-0.976000 0.994892
-0.972000 0.994892
-0.968000 0.994892
-0.964000 0.994892
-0.960000 0.994892
-0.956000 0.994892
-0.952000 0.994892
-0.948000 0.994892
-0.944000 0.994892
-0.940000 0.994892
-0.936000 0.994892
-0.932000 0.994892
-0.928000 0.994892
-0.924000 0.994892
-0.920000 0.994892
-0.916000 0.994892
-0.912000 0.994892
-0.908000 0.994892
-0.904000 0.994892
-0.900000 0.994892
-0.896000 0.994892
-0.892000 0.994892
-0.888000 0.994892
-0.884000 0.994892
-0.880000 0.994892
-0.876000 0.994892
-0.872000 0.994892
-0.868000 0.994892
-0.864000 0.994892
-0.860000 0.994892
-0.856000 0.994892
-0.852000 0.994892
-0.848000 0.994892
-0.844000 0.994892
-0.840000 0.994892
-0.836000 0.994892
-0.832000 0.994892
-0.828000 0.994892
-0.824000 0.994892
-0.820000 0.994892
-0.816000 0.994892
-0.812000 0.994892
-0.808000 0.994892
-0.804000 0.994892
-0.800000 0.994892
-0.796000 0.994892
-0.792000 0.994892
-0.788000 0.994892
-0.784000 0.994892
-0.780000 0.994892
-0.776000 0.994892
-0.772000 0.994892
-0.768000 0.994892
-0.764000 0.994892
-0.760000 0.994892
-0.756000 0.994892
-0.752000 0.994892
-0.748000 0.994892
-0.744000 0.994892
-0.740000 0.994892
-0.736000 0.994892
-0.732000 0.994892
-0.728000 0.994892
-0.724000 0.994892
-0.720000 0.994892
-0.716000 0.994892
-0.712000 0.994892
-0.708000 0.994892
-0.704000 0.994892
-0.700000 0.994892
-0.696000 0.994892
-0.692000 0.994892
-0.688000 0.994892
-0.684000 0.994892
-0.680000 0.994892
-0.676000 0.994892
-0.672000 0.994892
-0.668000 0.994892
-0.664000 0.994892
-0.660000 0.994892
-0.656000 0.994892
-0.652000 0.994892
-0.648000 0.994892
-0.644000 0.994892
-0.640000 0.994892
-0.636000 0.994892
-0.632000 0.994892
-0.628000 0.994892
-0.624000 0.994892
-0.620000 0.994892
-0.616000 0.994892
-0.612000 0.994892
-0.608000 0.994892
-0.604000 0.994892
-0.600000 0.994892
-0.596000 0.994892
-0.592000 0.994892
-0.588000 0.994892
-0.584000 0.994892
-0.580000 0.994892
-0.576000 0.994892
-0.572000 0.994892
-0.568000 0.994892
-0.564000 0.994892
-0.560000 0.994892
-0.556000 0.994892
-0.552000 0.994892
-0.548000 0.994892
-0.544000 0.994892
-0.540000 0.994892
-0.536000 0.994892
-0.532000 0.994892
-0.528000 0.994892
-0.524000 0.994892
-0.520000 0.994892
-0.516000 0.994892
-0.512000 0.994892
-0.508000 0.994892
-0.504000 0.994892
-0.500000 0.994892
-0.496000 0.994892
-0.492000 0.994892
-0.488000 0.994892
-0.484000 0.994892
-0.480000 0.994892
-0.476000 0.994892
-0.472000 0.994892
-0.468000 0.994892
-0.464000 0.994892
-0.460000 0.994892
-0.456000 0.994892
-0.452000 0.994892
-0.448000 0.994892
-0.444000 0.994892
-0.440000 0.994892
-0.436000 0.994892
-0.432000 0.994892
-0.428000 0.994891
-0.424000 0.994891
-0.420000 0.994891
-0.416000 0.994891
-0.412000 0.994891
-0.408000 0.994891
-0.404000 0.994891
-0.400000 0.994891
-0.396000 0.994891
-0.392000 0.994891
-0.388000 0.994891
-0.384000 0.994891
-0.380000 0.994891
-0.376000 0.994891
-0.372000 0.994890
-0.368000 0.994890
-0.364000 0.994890
-0.360000 0.994890
-0.356000 0.994890
-0.352000 0.994890
-0.348000 0.994889
-0.344000 0.994889
-0.340000 0.994889
-0.336000 0.994889
-0.332000 0.994889
-0.328000 0.994888
-0.324000 0.994888
-0.320000 0.994888
-0.316000 0.994887
-0.312000 0.994887
-0.308000 0.994887
-0.304000 0.994886
-0.300000 0.994886
-0.296000 0.994886
-0.292000 0.994885
-0.288000 0.994885
-0.284000 0.994884
-0.280000 0.994884
-0.276000 0.994883
-0.272000 0.994883
-0.268000 0.994882
-0.264000 0.994881
-0.260000 0.994881
-0.256000 0.994880
-0.252000 0.994879
-0.248000 0.994878
-0.244000 0.994877
-0.240000 0.994876
-0.236000 0.994875
-0.232000 0.994874
-0.228000 0.994873
-0.224000 0.994872
-0.220000 0.994871
-0.216000 0.994870
-0.212000 0.994868
-0.208000 0.994867
-0.204000 0.994865
-0.200000 0.994864
-0.196000 0.994862
-0.192000 0.994861
-0.188000 0.994859
-0.184000 0.994857
-0.180000 0.994855
-0.176000 0.994853
-0.172000 0.994851
-0.168000 0.994849
-0.164000 0.994847
-0.160000 0.994844
-0.156000 0.994842
-0.152000 0.994839
-0.148000 0.994836
-0.144000 0.994834
-0.140000 0.994831
-0.136000 0.994828
-0.132000 0.994824
-0.128000 0.994821
-0.124000 0.994818
-0.120000 0.994814
-0.116000 0.994810
-0.112000 0.994807
-0.108000 0.994803
-0.104000 0.994799
-0.100000 0.994794
-0.096000 0.994790
-0.092000 0.994785
-0.088000 0.994781
-0.084000 0.994776
-0.080000 0.994771
-0.076000 0.994766
-0.072000 0.994760
-0.068000 0.994755
-0.064000 0.994749
-0.060000 0.994743
-0.056000 0.994737
-0.052000 0.994731
-0.048000 0.994725
-0.044000 0.994718
-0.040000 0.994711
-0.036000 0.994704
-0.032000 0.994697
-0.028000 0.994690
-0.024000 0.994682
-0.020000 0.994675
-0.016000 0.994667
-0.012000 0.994659
-0.008000 0.994650
-0.004000 0.994642
0.000000 0.994633
0.004000 0.994624
0.008000 0.994615
0.012000 0.994606
0.016000 0.994596
0.020000 0.994587
0.024000 0.994577
0.028000 0.994567
0.032000 0.994557
0.036000 0.994546
0.040000 0.994535
0.044000 0.994525
0.048000 0.994514
0.052000 0.994502
0.056000 0.994491
0.060000 0.994479
0.064000 0.994467
0.068000 0.994456
0.072000 0.994443
0.076000 0.994431
0.080000 0.994419
0.084000 0.994406
0.088000 0.994393
0.092000 0.994380
0.096000 0.994367
0.100000 0.994353
0.104000 0.994340
0.108000 0.994326
0.112000 0.994313
0.116000 0.994299
0.120000 0.994285
0.124000 0.994270
0.128000 0.994256
0.132000 0.994242
0.136000 0.994227
0.140000 0.994213
0.144000 0.994198
0.148000 0.994183
0.152000 0.994168
0.156000 0.994153
0.160000 0.994138
0.164000 0.994123
0.168000 0.994107
0.172000 0.994092
0.176000 0.994077
0.180000 0.994061
0.184000 0.994046
0.188000 0.994030
0.192000 0.994014
0.196000 0.993999
0.200000 0.993983
0.204000 0.993968
0.208000 0.993952
0.212000 0.993936
0.216000 0.993921
0.220000 0.993905
0.224000 0.993889
0.228000 0.993874
0.232000 0.993858
0.236000 0.993843
0.240000 0.993827
0.244000 0.993812
0.248000 0.993796
0.252000 0.993781
0.256000 0.993765
0.260000 0.993750
0.264000 0.993735
0.268000 0.993720
0.272000 0.993705
0.276000 0.993690
0.280000 0.993675
0.284000 0.993661
0.288000 0.993646
0.292000 0.993631
0.296000 0.993617
0.300000 0.993603
0.304000 0.993589
0.308000 0.993575
0.312000 0.993561
0.316000 0.993547
0.320000 0.993533
0.324000 0.993520
0.328000 0.993507
0.332000 0.993493
0.336000 0.993480
0.340000 0.993467
0.344000 0.993455
0.348000 0.993442
0.352000 0.993430
0.356000 0.993418
0.360000 0.993406
0.364000 0.993394
0.368000 0.993382
0.372000 0.993370
0.376000 0.993359
0.380000 0.993348
0.384000 0.993337
0.388000 0.993326
0.392000 0.993315
0.396000 0.993305
0.400000 0.993294
0.404000 0.993284
0.408000 0.993274
0.412000 0.993265
0.416000 0.993255
0.420000 0.993246
0.424000 0.993236
0.428000 0.993227
0.432000 0.993218
0.436000 0.993210
0.440000 0.993201
0.444000 0.993193
0.448000 0.993185
0.452000 0.993177
0.456000 0.993169
0.460000 0.993161
0.464000 0.993154
0.468000 0.993147
0.472000 0.993139
0.476000 0.993133
0.480000 0.993126
0.484000 0.993119
0.488000 0.993113
0.492000 0.993106
0.496000 0.993100
0.500000 0.993094
0.504000 0.993088
0.508000 0.993083
0.512000 0.993077
0.516000 0.993072
0.520000 0.993067
0.524000 0.993061
0.528000 0.993056
0.532000 0.993052
0.536000 0.993047
0.540000 0.993042
0.544000 0.993038
0.548000 0.993034
0.552000 0.993030
0.556000 0.993025
0.560000 0.993022
0.564000 0.993018
0.568000 0.993014
0.572000 0.993011
0.576000 0.993007
0.580000 0.993004
0.584000 0.993000
0.588000 0.992997
0.592000 0.992994
0.596000 0.992991
0.600000 0.992988
0.604000 0.992986
0.608000 0.992983
0.612000 0.992981
0.616000 0.992978
0.620000 0.992976
0.624000 0.992973
0.628000 0.992971
0.632000 0.992969
0.636000 0.992967
0.640000 0.992965
0.644000 0.992963
0.648000 0.992961
0.652000 0.992959
0.656000 0.992958
0.660000 0.992956
0.664000 0.992954
0.668000 0.992953
0.672000 0.992951
0.676000 0.992950
0.680000 0.992949
0.684000 0.992947
0.688000 0.992946
0.692000 0.992945
0.696000 0.992944
0.700000 0.992942
0.704000 0.992941
0.708000 0.992940
0.712000 0.992939
0.716000 0.992938
0.720000 0.992938
0.724000 0.992937
0.728000 0.992936
0.732000 0.992935
0.736000 0.992934
0.740000 0.992934
0.744000 0.992933
0.748000 0.992932
0.752000 0.992932
0.756000 0.992931
0.760000 0.992930
0.764000 0.992930
0.768000 0.992929
0.772000 0.992929
0.776000 0.992928
0.780000 0.992928
0.784000 0.992927
0.788000 0.992927
0.792000 0.992927
0.796000 0.992926
0.800000 0.992926
0.804000 0.992925
0.808000 0.992925
0.812000 0.992925
0.816000 0.992925
0.820000 0.992924
0.824000 0.992924
0.828000 0.992924
0.832000 0.992923
0.836000 0.992923
0.840000 0.992923
0.844000 0.992923
0.848000 0.992923
0.852000 0.992922
0.856000 0.992922
0.860000 0.992922
0.864000 0.992922
0.868000 0.992922
0.872000 0.992922
0.876000 0.992921
0.880000 0.992921
0.884000 0.992921
0.888000 0.992921
0.892000 0.992921
0.896000 0.992921
0.900000 0.992921
0.904000 0.992921
0.908000 0.992921
0.912000 0.992920
0.916000 0.992920
0.920000 0.992920
0.924000 0.992920
0.928000 0.992920
0.932000 0.992920
0.936000 0.992920
0.940000 0.992920
0.944000 0.992920
0.948000 0.992920
0.952000 0.992920
0.956000 0.992920
0.960000 0.992920
0.964000 0.992920
0.968000 0.992920
0.972000 0.992920
0.976000 0.992920
0.980000 0.992919
0.984000 0.992919
0.988000 0.992919
0.992000 0.992919
0.996000 0.992919
1.000000 0.992919
