-1.000000 0.994892
-0.996000 0.994892
-0.992000 0.994892
-0.988000 0.994892
-0.984000 0.994892
-0.980000 0.994892
-0.976000 0.994892
-0.972000 0.994892
-0.968000 0.994892
-0.964000 0.994892
-0.960000 0.994892
-0.956000 0.994892
-0.952000 0.994892
-0.948000 0.994892
-0.944000 0.994892
-0.940000 0.994892
-0.936000 0.994892
-0.932000 0.994892
-0.928000 0.994892
-0.924000 0.994892
-0.920000 0.994892
-0.916000 0.994892
-0.912000 0.994892
-0.908000 0.994892
-0.904000 0.994892
-0.900000 0.994892
-0.896000 0.994892
-0.892000 0.994892
-0.888000 0.994892
-0.884000 0.994892
-0.880000 0.994892
-0.876000 0.994892
-0.872000 0.994892
-0.868000 0.994892
-0.864000 0.994892
-0.860000 0.994892
-0.856000 0.994892
-0.852000 0.994892
-0.848000 0.994892
-0.844000 0.994892
-0.840000 0.994892
-0.836000 0.994892
-0.832000 0.994892
-0.828000 0.994892
-0.824000 0.994892
-0.820000 0.994892
-0.816000 0.994892
-0.812000 0.994892
-0.808000 0.994892
-0.804000 0.994892
-0.800000 0.994892
-0.796000 0.994892
-0.792000 0.994892
-0.788000 0.994892
-0.784000 0.994892
-0.780000 0.994892
-0.776000 0.994892
-0.772000 0.994892
-0.768000 0.994892
-0.764000 0.994892
-0.760000 0.994892
-0.756000 0.994892
-0.752000 0.994892
-0.748000 0.994892
-0.744000 0.994892
-0.740000 0.994892
-0.736000 0.994892
-0.732000 0.994892
-0.728000 0.994892
-0.724000 0.994892
-0.720000 0.994892
-0.716000 0.994892
-0.712000 0.994892
-0.708000 0.994892
-0.704000 0.994892
-0.700000 0.994892
-0.696000 0.994892
-0.692000 0.994892
-0.688000 0.994892
-0.684000 0.994892
-0.680000 0.994892
-0.676000 0.994892
-0.672000 0.994892
-0.668000 0.994892
-0.664000 0.994892
-0.660000 0.994892
-0.656000 0.994892
-0.652000 0.994892
-0.648000 0.994892
-0.644000 0.994892
-0.640000 0.994892
-0.636000 0.994892
-0.632000 0.994892
-0.628000 0.994892
-0.624000 0.994892
-0.620000 0.994892
-0.616000 0.994892
-0.612000 0.994892
-0.608000 0.994892
-0.604000 0.994892
-0.600000 0.994892
-0.596000 0.994892
-0.592000 0.994892
-0.588000 0.994892
-0.584000 0.994892
-0.580000 0.994892
-0.576000 0.994892
-0.572000 0.994892
-0.568000 0.994892
-0.564000 0.994892
-0.560000 0.994892
-0.556000 0.994892
-0.552000 0.994892
-0.548000 0.994892
-0.544000 0.994892
-0.540000 0.994892
-0.536000 0.994892
-0.532000 0.994892
-0.528000 0.994892
-0.524000 0.994892
-0.520000 0.994892
-0.516000 0.994892
-0.512000 0.994892
-0.508000 0.994892
-0.504000 0.994892
-0.500000 0.994892
-0.496000 0.994892
-0.492000 0.994892
-0.488000 0.994892
-0.484000 0.994892
-0.480000 0.994892
-0.476000 0.994892
-0.472000 0.994892
-0.468000 0.994892
-0.464000 0.994892
-0.460000 0.994892
-0.456000 0.994892
-0.452000 0.994892
-0.448000 0.994892
-0.444000 0.994892
-0.440000 0.994892
-0.436000 0.994892
-0.432000 0.994892
-0.428000 0.994892
-0.424000 0.994892
-0.420000 0.994892
-0.416000 0.994892
-0.412000 0.994892
-0.408000 0.994892
-0.404000 0.994892
-0.400000 0.994892
-0.396000 0.994892
-0.392000 0.994892
-0.388000 0.994892
-0.384000 0.994892
-0.380000 0.994892
-0.376000 0.994892
-0.372000 0.994892
-0.368000 0.994892
-0.364000 0.994892
-0.360000 0.994892
-0.356000 0.994892
-0.352000 0.994892
-0.348000 0.994892
-0.344000 0.994892
-0.340000 0.994892
-0.336000 0.994892
-0.332000 0.994892
-0.328000 0.994891
-0.324000 0.994891
-0.320000 0.994891
-0.316000 0.994891
-0.312000 0.994891
-0.308000 0.994891
-0.304000 0.994891
-0.300000 0.994891
-0.296000 0.994891
-0.292000 0.994891
-0.288000 0.994891
-0.284000 0.994891
-0.280000 0.994891
-0.276000 0.994891
-0.272000 0.994891
-0.268000 0.994890
-0.264000 0.994890
-0.260000 0.994890
-0.256000 0.994890
-0.252000 0.994890
-0.248000 0.994890
-0.244000 0.994890
-0.240000 0.994889
-0.236000 0.994889
-0.232000 0.994889
-0.228000 0.994889
-0.224000 0.994888
-0.220000 0.994888
-0.216000 0.994888
-0.212000 0.994888
-0.208000 0.994887
-0.204000 0.994887
-0.200000 0.994887
-0.196000 0.994886
-0.192000 0.994886
-0.188000 0.994886
-0.184000 0.994885
-0.180000 0.994885
-0.176000 0.994884
-0.172000 0.994884
-0.168000 0.994883
-0.164000 0.994883
-0.160000 0.994882
-0.156000 0.994882
-0.152000 0.994881
-0.148000 0.994880
-0.144000 0.994880
-0.140000 0.994879
-0.136000 0.994878
-0.132000 0.994877
-0.128000 0.994876
-0.124000 0.994875
-0.120000 0.994874
-0.116000 0.994873
-0.112000 0.994872
-0.108000 0.994871
-0.104000 0.994870
-0.100000 0.994869
-0.096000 0.994868
-0.092000 0.994866
-0.088000 0.994865
-0.084000 0.994863
-0.080000 0.994862
-0.076000 0.994860
-0.072000 0.994858
-0.068000 0.994857
-0.064000 0.994855
-0.060000 0.994853
-0.056000 0.994851
-0.052000 0.994849
-0.048000 0.994847
-0.044000 0.994845
-0.040000 0.994842
-0.036000 0.994840
-0.032000 0.994837
-0.028000 0.994835
-0.024000 0.994832
-0.020000 0.994829
-0.016000 0.994826
-0.012000 0.994823
-0.008000 0.994820
-0.004000 0.994817
0.000000 0.994813
0.004000 0.994810
0.008000 0.994806
0.012000 0.994803
0.016000 0.994799
0.020000 0.994795
0.024000 0.994791
0.028000 0.994786
0.032000 0.994782
0.036000 0.994777
0.040000 0.994773
0.044000 0.994768
0.048000 0.994763
0.052000 0.994758
0.056000 0.994753
0.060000 0.994747
0.064000 0.994742
0.068000 0.994736
0.072000 0.994730
0.076000 0.994724
0.080000 0.994718
0.084000 0.994711
0.088000 0.994705
0.092000 0.994698
0.096000 0.994691
0.100000 0.994684
0.104000 0.994677
0.108000 0.994669
0.112000 0.994662
0.116000 0.994654
0.120000 0.994646
0.124000 0.994638
0.128000 0.994630
0.132000 0.994621
0.136000 0.994613
0.140000 0.994604
0.144000 0.994595
0.148000 0.994586
0.152000 0.994577
0.156000 0.994567
0.160000 0.994557
0.164000 0.994547
0.168000 0.994537
0.172000 0.994527
0.176000 0.994517
0.180000 0.994506
0.184000 0.994496
0.188000 0.994485
0.192000 0.994474
0.196000 0.994462
0.200000 0.994451
0.204000 0.994439
0.208000 0.994428
0.212000 0.994416
0.216000 0.994404
0.220000 0.994392
0.224000 0.994379
0.228000 0.994367
0.232000 0.994354
0.236000 0.994342
0.240000 0.994329
0.244000 0.994316
0.248000 0.994303
0.252000 0.994289
0.256000 0.994276
0.260000 0.994263
0.264000 0.994249
0.268000 0.994235
0.272000 0.994222
0.276000 0.994208
0.280000 0.994194
0.284000 0.994180
0.288000 0.994165
0.292000 0.994151
0.296000 0.994137
0.300000 0.994123
0.304000 0.994108
0.308000 0.994094
0.312000 0.994079
0.316000 0.994064
0.320000 0.994050
0.324000 0.994035
0.328000 0.994020
0.332000 0.994006
0.336000 0.993991
0.340000 0.993976
0.344000 0.993961
0.348000 0.993946
0.352000 0.993931
0.356000 0.993917
0.360000 0.993902
0.364000 0.993887
0.368000 0.993872
0.372000 0.993858
0.376000 0.993843
0.380000 0.993828
0.384000 0.993813
0.388000 0.993799
0.392000 0.993784
0.396000 0.993770
0.400000 0.993755
0.404000 0.993741
0.408000 0.993727
0.412000 0.993712
0.416000 0.993698
0.420000 0.993684
0.424000 0.993670
0.428000 0.993656
0.432000 0.993642
0.436000 0.993629
0.440000 0.993615
0.444000 0.993602
0.448000 0.993588
0.452000 0.993575
0.456000 0.993562
0.460000 0.993549
0.464000 0.993536
0.468000 0.993523
0.472000 0.993510
0.476000 0.993498
0.480000 0.993485
0.484000 0.993473
0.488000 0.993461
0.492000 0.993449
0.496000 0.993437
0.500000 0.993425
0.504000 0.993414
0.508000 0.993403
0.512000 0.993391
0.516000 0.993380
0.520000 0.993369
0.524000 0.993358
0.528000 0.993348
0.532000 0.993337
0.536000 0.993327
0.540000 0.993317
0.544000 0.993307
0.548000 0.993297
0.552000 0.993287
0.556000 0.993278
0.560000 0.993269
0.564000 0.993259
0.568000 0.993250
0.572000 0.993242
0.576000 0.993233
0.580000 0.993224
0.584000 0.993216
0.588000 0.993208
0.592000 0.993200
0.596000 0.993192
0.600000 0.993184
0.604000 0.993177
0.608000 0.993169
0.612000 0.993162
0.616000 0.993155
0.620000 0.993148
0.624000 0.993141
0.628000 0.993134
0.632000 0.993128
0.636000 0.993122
0.640000 0.993115
0.644000 0.993109
0.648000 0.993103
0.652000 0.993098
0.656000 0.993092
0.660000 0.993087
0.664000 0.993081
0.668000 0.993076
0.672000 0.993071
0.676000 0.993066
0.680000 0.993061
0.684000 0.993056
0.688000 0.993052
0.692000 0.993047
0.696000 0.993043
0.700000 0.993039
0.704000 0.993035
0.708000 0.993031
0.712000 0.993027
0.716000 0.993023
0.720000 0.993019
0.724000 0.993016
0.728000 0.993012
0.732000 0.993009
0.736000 0.993006
0.740000 0.993003
0.744000 0.993000
0.748000 0.992997
0.752000 0.992994
0.756000 0.992991
0.760000 0.992988
0.764000 0.992986
0.768000 0.992983
0.772000 0.992981
0.776000 0.992978
0.780000 0.992976
0.784000 0.992974
0.788000 0.992972
0.792000 0.992970
0.796000 0.992968
0.800000 0.992966
0.804000 0.992964
0.808000 0.992962
0.812000 0.992960
0.816000 0.992959
0.820000 0.992957
0.824000 0.992955
0.828000 0.992954
0.832000 0.992953
0.836000 0.992951
0.840000 0.992950
0.844000 0.992948
0.848000 0.992947
0.852000 0.992946
0.856000 0.992945
0.860000 0.992944
0.864000 0.992943
0.868000 0.992942
0.872000 0.992941
0.876000 0.992940
0.880000 0.992939
0.884000 0.992938
0.888000 0.992937
0.892000 0.992936
0.896000 0.992936
0.900000 0.992935
0.904000 0.992934
0.908000 0.992933
0.912000 0.992933
0.916000 0.992932
0.920000 0.992931
0.924000 0.992931
0.928000 0.992930
0.932000 0.992930
0.936000 0.992929
0.940000 0.992929
0.944000 0.992928
0.948000 0.992928
0.952000 0.992927
0.956000 0.992927
0.960000 0.992927
0.964000 0.992926
0.968000 0.992926
0.972000 0.992926
0.976000 0.992925
0.980000 0.992925
0.984000 0.992924
0.988000 0.992924
0.992000 0.992924
0.996000 0.992923
1.000000 0.992922
