-1.000000 0.994892
-0.996000 0.994892
-0.992000 0.994892
-0.988000 0.994892
-0.984000 0.994892
-0.980000 0.994892
-0.976000 0.994892
-0.972000 0.994892
-0.968000 0.994892
-0.964000 0.994892
-0.960000 0.994892
-0.956000 0.994892
-0.952000 0.994892
-0.948000 0.994892
-0.944000 0.994892
-0.940000 0.994892
-0.936000 0.994892
-0.932000 0.994892
-0.928000 0.994892
-0.924000 0.994892
-0.920000 0.994892
-0.916000 0.994892
-0.912000 0.994892
-0.908000 0.994892
-0.904000 0.994892
-0.900000 0.994892
-0.896000 0.994892
-0.892000 0.994892
-0.888000 0.994892
-0.884000 0.994892
-0.880000 0.994892
-0.876000 0.994892
-0.872000 0.994892
-0.868000 0.994892
-0.864000 0.994892
-0.860000 0.994892
-0.856000 0.994892
-0.852000 0.994892
-0.848000 0.994892
-0.844000 0.994892
-0.840000 0.994892
-0.836000 0.994892
-0.832000 0.994892
-0.828000 0.994892
-0.824000 0.994892
-0.820000 0.994892
-0.816000 0.994892
-0.812000 0.994892
-0.808000 0.994892
-0.804000 0.994892
-0.800000 0.994892
-0.796000 0.994892
-0.792000 0.994892
-0.788000 0.994892
-0.784000 0.994892
-0.780000 0.994892
-0.776000 0.994892
-0.772000 0.994892
-0.768000 0.994892
-0.764000 0.994892
-0.760000 0.994892
-0.756000 0.994892
-0.752000 0.994892
-0.748000 0.994892
-0.744000 0.994892
-0.740000 0.994892
-0.736000 0.994892
-0.732000 0.994892
-0.728000 0.994892
-0.724000 0.994892
-0.720000 0.994892
-0.716000 0.994892
-0.712000 0.994892
-0.708000 0.994892
-0.704000 0.994892
-0.700000 0.994892
-0.696000 0.994892
-0.692000 0.994892
-0.688000 0.994892
-0.684000 0.994892
-0.680000 0.994892
-0.676000 0.994892
-0.672000 0.994892
-0.668000 0.994892
-0.664000 0.994892
-0.660000 0.994892
-0.656000 0.994892
-0.652000 0.994892
-0.648000 0.994892
-0.644000 0.994892
-0.640000 0.994892
-0.636000 0.994892
-0.632000 0.994892
-0.628000 0.994892
-0.624000 0.994892
-0.620000 0.994892
-0.616000 0.994892
-0.612000 0.994892
-0.608000 0.994892
-0.604000 0.994892
-0.600000 0.994892
-0.596000 0.994892
-0.592000 0.994892
-0.588000 0.994892
-0.584000 0.994892
-0.580000 0.994892
-0.576000 0.994892
-0.572000 0.994892
-0.568000 0.994892
-0.564000 0.994892
-0.560000 0.994892
-0.556000 0.994892
-0.552000 0.994892
-0.548000 0.994892
-0.544000 0.994892
-0.540000 0.994892
-0.536000 0.994892
-0.532000 0.994892
-0.528000 0.994892
-0.524000 0.994892
-0.520000 0.994892
-0.516000 0.994892
-0.512000 0.994892
-0.508000 0.994892
-0.504000 0.994892
-0.500000 0.994892
-0.496000 0.994892
-0.492000 0.994892
-0.488000 0.994892
-0.484000 0.994892
-0.480000 0.994892
-0.476000 0.994892
-0.472000 0.994892
-0.468000 0.994892
-0.464000 0.994892
-0.460000 0.994892
-0.456000 0.994892
-0.452000 0.994892
-0.448000 0.994892
-0.444000 0.994892
-0.440000 0.994892
-0.436000 0.994892
-0.432000 0.994892
-0.428000 0.994892
-0.424000 0.994892
-0.420000 0.994892
-0.416000 0.994892
-0.412000 0.994892
-0.408000 0.994892
-0.404000 0.994892
-0.400000 0.994892
-0.396000 0.994892
-0.392000 0.994892
-0.388000 0.994892
-0.384000 0.994892
-0.380000 0.994892
-0.376000 0.994892
-0.372000 0.994892
-0.368000 0.994892
-0.364000 0.994892
-0.360000 0.994892
-0.356000 0.994892
-0.352000 0.994892
-0.348000 0.994892
-0.344000 0.994892
-0.340000 0.994892
-0.336000 0.994892
-0.332000 0.994892
-0.328000 0.994892
-0.324000 0.994892
-0.320000 0.994892
-0.316000 0.994892
-0.312000 0.994892
-0.308000 0.994892
-0.304000 0.994892
-0.300000 0.994892
-0.296000 0.994892
-0.292000 0.994892
-0.288000 0.994892
-0.284000 0.994892
-0.280000 0.994892
-0.276000 0.994892
-0.272000 0.994892
-0.268000 0.994892
-0.264000 0.994892
-0.260000 0.994892
-0.256000 0.994892
-0.252000 0.994892
-0.248000 0.994892
-0.244000 0.994892
-0.240000 0.994892
-0.236000 0.994892
-0.232000 0.994892
-0.228000 0.994892
-0.224000 0.994892
-0.220000 0.994892
-0.216000 0.994891
-0.212000 0.994891
-0.208000 0.994891
-0.204000 0.994891
-0.200000 0.994891
-0.196000 0.994891
-0.192000 0.994891
-0.188000 0.994891
-0.184000 0.994891
-0.180000 0.994891
-0.176000 0.994891
-0.172000 0.994891
-0.168000 0.994891
-0.164000 0.994891
-0.160000 0.994891
-0.156000 0.994890
-0.152000 0.994890
-0.148000 0.994890
-0.144000 0.994890
-0.140000 0.994890
-0.136000 0.994890
-0.132000 0.994890
-0.128000 0.994889
-0.124000 0.994889
-0.120000 0.994889
-0.116000 0.994889
-0.112000 0.994889
-0.108000 0.994888
-0.104000 0.994888
-0.100000 0.994888
-0.096000 0.994888
-0.092000 0.994887
-0.088000 0.994887
-0.084000 0.994887
-0.080000 0.994887
-0.076000 0.994886
-0.072000 0.994886
-0.068000 0.994885
-0.064000 0.994885
-0.060000 0.994885
-0.056000 0.994884
-0.052000 0.994884
-0.048000 0.994883
-0.044000 0.994883
-0.040000 0.994882
-0.036000 0.994881
-0.032000 0.994881
-0.028000 0.994880
-0.024000 0.994880
-0.020000 0.994879
-0.016000 0.994878
-0.012000 0.994877
-0.008000 0.994877
-0.004000 0.994876
0.000000 0.994875
0.004000 0.994874
0.008000 0.994873
0.012000 0.994872
0.016000 0.994871
0.020000 0.994870
0.024000 0.994868
0.028000 0.994867
0.032000 0.994866
0.036000 0.994865
0.040000 0.994863
0.044000 0.994862
0.048000 0.994860
0.052000 0.994859
0.056000 0.994857
0.060000 0.994855
0.064000 0.994854
0.068000 0.994852
0.072000 0.994850
0.076000 0.994848
0.080000 0.994846
0.084000 0.994844
0.088000 0.994841
0.092000 0.994839
0.096000 0.994837
0.100000 0.994834
0.104000 0.994832
0.108000 0.994829
0.112000 0.994826
0.116000 0.994823
0.120000 0.994820
0.124000 0.994817
0.128000 0.994814
0.132000 0.994811
0.136000 0.994807
0.140000 0.994804
0.144000 0.994800
0.148000 0.994797
0.152000 0.994793
0.156000 0.994789
0.160000 0.994785
0.164000 0.994781
0.168000 0.994776
0.172000 0.994772
0.176000 0.994767
0.180000 0.994763
0.184000 0.994758
0.188000 0.994753
0.192000 0.994748
0.196000 0.994742
0.200000 0.994737
0.204000 0.994731
0.208000 0.994726
0.212000 0.994720
0.216000 0.994714
0.220000 0.994708
0.224000 0.994702
0.228000 0.994695
0.232000 0.994689
0.236000 0.994682
0.240000 0.994675
0.244000 0.994668
0.248000 0.994661
0.252000 0.994653
0.256000 0.994646
0.260000 0.994638
0.264000 0.994630
0.268000 0.994622
0.272000 0.994614
0.276000 0.994606
0.280000 0.994597
0.284000 0.994589
0.288000 0.994580
0.292000 0.994571
0.296000 0.994562
0.300000 0.994553
0.304000 0.994543
0.308000 0.994534
0.312000 0.994524
0.316000 0.994514
0.320000 0.994504
0.324000 0.994494
0.328000 0.994484
0.332000 0.994473
0.336000 0.994463
0.340000 0.994452
0.344000 0.994441
0.348000 0.994430
0.352000 0.994419
0.356000 0.994407
0.360000 0.994396
0.364000 0.994384
0.368000 0.994373
0.372000 0.994361
0.376000 0.994349
0.380000 0.994337
0.384000 0.994324
0.388000 0.994312
0.392000 0.994300
0.396000 0.994287
0.400000 0.994274
0.404000 0.994262
0.408000 0.994249
0.412000 0.994236
0.416000 0.994223
0.420000 0.994210
0.424000 0.994196
0.428000 0.994183
0.432000 0.994170
0.436000 0.994156
0.440000 0.994143
0.444000 0.994129
0.448000 0.994115
0.452000 0.994102
0.456000 0.994088
0.460000 0.994074
0.464000 0.994060
0.468000 0.994046
0.472000 0.994032
0.476000 0.994018
0.480000 0.994004
0.484000 0.993990
0.488000 0.993976
0.492000 0.993962
0.496000 0.993948
0.500000 0.993934
0.504000 0.993920
0.508000 0.993906
0.512000 0.993892
0.516000 0.993878
0.520000 0.993864
0.524000 0.993850
0.528000 0.993836
0.532000 0.993822
0.536000 0.993808
0.540000 0.993794
0.544000 0.993780
0.548000 0.993767
0.552000 0.993753
0.556000 0.993739
0.560000 0.993726
0.564000 0.993712
0.568000 0.993699
0.572000 0.993685
0.576000 0.993672
0.580000 0.993659
0.584000 0.993646
0.588000 0.993633
0.592000 0.993620
0.596000 0.993607
0.600000 0.993594
0.604000 0.993581
0.608000 0.993569
0.612000 0.993556
0.616000 0.993544
0.620000 0.993532
0.624000 0.993520
0.628000 0.993508
0.632000 0.993496
0.636000 0.993484
0.640000 0.993472
0.644000 0.993461
0.648000 0.993450
0.652000 0.993438
0.656000 0.993427
0.660000 0.993416
0.664000 0.993405
0.668000 0.993395
0.672000 0.993384
0.676000 0.993374
0.680000 0.993363
0.684000 0.993353
0.688000 0.993343
0.692000 0.993333
0.696000 0.993323
0.700000 0.993314
0.704000 0.993304
0.708000 0.993295
0.712000 0.993286
0.716000 0.993277
0.720000 0.993268
0.724000 0.993259
0.728000 0.993251
0.732000 0.993242
0.736000 0.993234
0.740000 0.993226
0.744000 0.993218
0.748000 0.993210
0.752000 0.993202
0.756000 0.993195
0.760000 0.993188
0.764000 0.993180
0.768000 0.993173
0.772000 0.993166
0.776000 0.993159
0.780000 0.993153
0.784000 0.993146
0.788000 0.993140
0.792000 0.993133
0.796000 0.993127
0.800000 0.993121
0.804000 0.993115
0.808000 0.993109
0.812000 0.993104
0.816000 0.993098
0.820000 0.993093
0.824000 0.993088
0.828000 0.993083
0.832000 0.993078
0.836000 0.993073
0.840000 0.993068
0.844000 0.993063
0.848000 0.993059
0.852000 0.993054
0.856000 0.993050
0.860000 0.993046
0.864000 0.993042
0.868000 0.993038
0.872000 0.993034
0.876000 0.993030
0.880000 0.993026
0.884000 0.993023
0.888000 0.993019
0.892000 0.993016
0.896000 0.993013
0.900000 0.993009
0.904000 0.993006
0.908000 0.993003
0.912000 0.993000
0.916000 0.992998
0.920000 0.992995
0.924000 0.992992
0.928000 0.992989
0.932000 0.992987
0.936000 0.992984
0.940000 0.992982
0.944000 0.992980
0.948000 0.992978
0.952000 0.992975
0.956000 0.992973
0.960000 0.992971
0.964000 0.992969
0.968000 0.992967
0.972000 0.992965
0.976000 0.992963
0.980000 0.992961
0.984000 0.992959
0.988000 0.992957
0.992000 0.992954
0.996000 0.992951
1.000000 0.992948
