-1.000000 0.994892
-0.996000 0.994892
-0.992000 0.994892
-0.988000 0.994892
-0.984000 0.994892
-0.980000 0.994892
-0.976000 0.994892
-0.972000 0.994892
-0.968000 0.994892
-0.964000 0.994892
-0.960000 0.994892
-0.956000 0.994892
-0.952000 0.994892
-0.948000 0.994892
-0.944000 0.994892
-0.940000 0.994892
-0.936000 0.994892
-0.932000 0.994892
-0.928000 0.994892
-0.924000 0.994892
-0.920000 0.994892
-0.916000 0.994892
-0.912000 0.994892
-0.908000 0.994892
-0.904000 0.994892
-0.900000 0.994892
-0.896000 0.994892
-0.892000 0.994892
-0.888000 0.994892
-0.884000 0.994892
-0.880000 0.994892
-0.876000 0.994892
-0.872000 0.994892
-0.868000 0.994892
-0.864000 0.994892
-0.860000 0.994892
-0.856000 0.994892
-0.852000 0.994892
-0.848000 0.994892
-0.844000 0.994892
-0.840000 0.994892
-0.836000 0.994892
-0.832000 0.994892
-0.828000 0.994892
-0.824000 0.994892
-0.820000 0.994892
-0.816000 0.994892
-0.812000 0.994892
-0.808000 0.994892
-0.804000 0.994892
-0.800000 0.994892
-0.796000 0.994892
-0.792000 0.994892
-0.788000 0.994892
-0.784000 0.994892
-0.780000 0.994892
-0.776000 0.994892
-0.772000 0.994892
-0.768000 0.994892
-0.764000 0.994892
-0.760000 0.994892
-0.756000 0.994892
-0.752000 0.994892
-0.748000 0.994892
-0.744000 0.994892
-0.740000 0.994892
-0.736000 0.994892
-0.732000 0.994892
-0.728000 0.994892
-0.724000 0.994892
-0.720000 0.994892
-0.716000 0.994892
-0.712000 0.994892
-0.708000 0.994892
-0.704000 0.994892
-0.700000 0.994892
-0.696000 0.994892
-0.692000 0.994892
-0.688000 0.994892
-0.684000 0.994892
-0.680000 0.994892
-0.676000 0.994892
-0.672000 0.994892
-0.668000 0.994892
-0.664000 0.994892
-0.660000 0.994892
-0.656000 0.994892
-0.652000 0.994892
-0.648000 0.994892
-0.644000 0.994892
-0.640000 0.994892
-0.636000 0.994892
-0.632000 0.994892
-0.628000 0.994892
-0.624000 0.994892
-0.620000 0.994892
-0.616000 0.994892
-0.612000 0.994892
-0.608000 0.994892
-0.604000 0.994892
-0.600000 0.994892
-0.596000 0.994892
-0.592000 0.994892
-0.588000 0.994892
-0.584000 0.994892
-0.580000 0.994892
-0.576000 0.994892
-0.572000 0.994892
-0.568000 0.994892
-0.564000 0.994892
-0.560000 0.994892
-0.556000 0.994892
-0.552000 0.994892
-0.548000 0.994892
-0.544000 0.994892
-0.540000 0.994892
-0.536000 0.994892
-0.532000 0.994892
-0.528000 0.994892
-0.524000 0.994892
-0.520000 0.994892
-0.516000 0.994892
-0.512000 0.994892
-0.508000 0.994892
-0.504000 0.994892
-0.500000 0.994892
-0.496000 0.994892
-0.492000 0.994892
-0.488000 0.994892
-0.484000 0.994892
-0.480000 0.994892
-0.476000 0.994892
-0.472000 0.994892
-0.468000 0.994892
-0.464000 0.994892
-0.460000 0.994892
-0.456000 0.994892
-0.452000 0.994892
-0.448000 0.994892
-0.444000 0.994892
-0.440000 0.994892
-0.436000 0.994892
-0.432000 0.994892
-0.428000 0.994892
-0.424000 0.994892
-0.420000 0.994892
-0.416000 0.994892
-0.412000 0.994892
-0.408000 0.994892
-0.404000 0.994892
-0.400000 0.994892
-0.396000 0.994892
-0.392000 0.994892
-0.388000 0.994892
-0.384000 0.994892
-0.380000 0.994892
-0.376000 0.994891
-0.372000 0.994891
-0.368000 0.994891
-0.364000 0.994891
-0.360000 0.994891
-0.356000 0.994891
-0.352000 0.994891
-0.348000 0.994891
-0.344000 0.994891
-0.340000 0.994891
-0.336000 0.994891
-0.332000 0.994891
-0.328000 0.994891
-0.324000 0.994891
-0.320000 0.994890
-0.316000 0.994890
-0.312000 0.994890
-0.308000 0.994890
-0.304000 0.994890
-0.300000 0.994890
-0.296000 0.994889
-0.292000 0.994889
-0.288000 0.994889
-0.284000 0.994889
-0.280000 0.994889
-0.276000 0.994888
-0.272000 0.994888
-0.268000 0.994888
-0.264000 0.994888
-0.260000 0.994887
-0.256000 0.994887
-0.252000 0.994887
-0.248000 0.994886
-0.244000 0.994886
-0.240000 0.994885
-0.236000 0.994885
-0.232000 0.994884
-0.228000 0.994884
-0.224000 0.994883
-0.220000 0.994883
-0.216000 0.994882
-0.212000 0.994882
-0.208000 0.994881
-0.204000 0.994880
-0.200000 0.994880
-0.196000 0.994879
-0.192000 0.994878
-0.188000 0.994877
-0.184000 0.994876
-0.180000 0.994875
-0.176000 0.994874
-0.172000 0.994873
-0.168000 0.994872
-0.164000 0.994871
-0.160000 0.994870
-0.156000 0.994869
-0.152000 0.994867
-0.148000 0.994866
-0.144000 0.994864
-0.140000 0.994863
-0.136000 0.994861
-0.132000 0.994860
-0.128000 0.994858
-0.124000 0.994856
-0.120000 0.994854
-0.116000 0.994852
-0.112000 0.994850
-0.108000 0.994848
-0.104000 0.994845
-0.100000 0.994843
-0.096000 0.994841
-0.092000 0.994838
-0.088000 0.994835
-0.084000 0.994833
-0.080000 0.994830
-0.076000 0.994827
-0.072000 0.994824
-0.068000 0.994820
-0.064000 0.994817
-0.060000 0.994814
-0.056000 0.994810
-0.052000 0.994806
-0.048000 0.994803
-0.044000 0.994799
-0.040000 0.994794
-0.036000 0.994790
-0.032000 0.994786
-0.028000 0.994781
-0.024000 0.994777
-0.020000 0.994772
-0.016000 0.994767
-0.012000 0.994762
-0.008000 0.994756
-0.004000 0.994751
0.000000 0.994745
0.004000 0.994739
0.008000 0.994733
0.012000 0.994727
0.016000 0.994721
0.020000 0.994714
0.024000 0.994708
0.028000 0.994701
0.032000 0.994694
0.036000 0.994687
0.040000 0.994679
0.044000 0.994672
0.048000 0.994664
0.052000 0.994656
0.056000 0.994648
0.060000 0.994640
0.064000 0.994631
0.068000 0.994623
0.072000 0.994614
0.076000 0.994605
0.080000 0.994596
0.084000 0.994586
0.088000 0.994577
0.092000 0.994567
0.096000 0.994557
0.100000 0.994547
0.104000 0.994536
0.108000 0.994526
0.112000 0.994515
0.116000 0.994504
0.120000 0.994493
0.124000 0.994482
0.128000 0.994470
0.132000 0.994459
0.136000 0.994447
0.140000 0.994435
0.144000 0.994423
0.148000 0.994411
0.152000 0.994398
0.156000 0.994386
0.160000 0.994373
0.164000 0.994360
0.168000 0.994347
0.172000 0.994334
0.176000 0.994321
0.180000 0.994307
0.184000 0.994294
0.188000 0.994280
0.192000 0.994266
0.196000 0.994252
0.200000 0.994238
0.204000 0.994224
0.208000 0.994210
0.212000 0.994196
0.216000 0.994181
0.220000 0.994167
0.224000 0.994152
0.228000 0.994137
0.232000 0.994122
0.236000 0.994108
0.240000 0.994093
0.244000 0.994078
0.248000 0.994063
0.252000 0.994048
0.256000 0.994033
0.260000 0.994017
0.264000 0.994002
0.268000 0.993987
0.272000 0.993972
0.276000 0.993957
0.280000 0.993941
0.284000 0.993926
0.288000 0.993911
0.292000 0.993896
0.296000 0.993881
0.300000 0.993865
0.304000 0.993850
0.308000 0.993835
0.312000 0.993820
0.316000 0.993805
0.320000 0.993790
0.324000 0.993775
0.328000 0.993760
0.332000 0.993746
0.336000 0.993731
0.340000 0.993716
0.344000 0.993702
0.348000 0.993687
0.352000 0.993673
0.356000 0.993658
0.360000 0.993644
0.364000 0.993630
0.368000 0.993616
0.372000 0.993602
0.376000 0.993589
0.380000 0.993575
0.384000 0.993561
0.388000 0.993548
0.392000 0.993535
0.396000 0.993522
0.400000 0.993509
0.404000 0.993496
0.408000 0.993483
0.412000 0.993470
0.416000 0.993458
0.420000 0.993446
0.424000 0.993434
0.428000 0.993422
0.432000 0.993410
0.436000 0.993398
0.440000 0.993387
0.444000 0.993376
0.448000 0.993364
0.452000 0.993353
0.456000 0.993343
0.460000 0.993332
0.464000 0.993321
0.468000 0.993311
0.472000 0.993301
0.476000 0.993291
0.480000 0.993281
0.484000 0.993272
0.488000 0.993262
0.492000 0.993253
0.496000 0.993244
0.500000 0.993235
0.504000 0.993226
0.508000 0.993217
0.512000 0.993209
0.516000 0.993201
0.520000 0.993193
0.524000 0.993185
0.528000 0.993177
0.532000 0.993169
0.536000 0.993162
0.540000 0.993155
0.544000 0.993147
0.548000 0.993140
0.552000 0.993134
0.556000 0.993127
0.560000 0.993121
0.564000 0.993114
0.568000 0.993108
0.572000 0.993102
0.576000 0.993096
0.580000 0.993090
0.584000 0.993085
0.588000 0.993079
0.592000 0.993074
0.596000 0.993069
0.600000 0.993064
0.604000 0.993059
0.608000 0.993054
0.612000 0.993050
0.616000 0.993045
0.620000 0.993041
0.624000 0.993036
0.628000 0.993032
0.632000 0.993028
0.636000 0.993024
0.640000 0.993021
0.644000 0.993017
0.648000 0.993013
0.652000 0.993010
0.656000 0.993006
0.660000 0.993003
0.664000 0.993000
0.668000 0.992997
0.672000 0.992994
0.676000 0.992991
0.680000 0.992988
0.684000 0.992986
0.688000 0.992983
0.692000 0.992981
0.696000 0.992978
0.700000 0.992976
0.704000 0.992974
0.708000 0.992971
0.712000 0.992969
0.716000 0.992967
0.720000 0.992965
0.724000 0.992963
0.728000 0.992962
0.732000 0.992960
0.736000 0.992958
0.740000 0.992957
0.744000 0.992955
0.748000 0.992953
0.752000 0.992952
0.756000 0.992951
0.760000 0.992949
0.764000 0.992948
0.768000 0.992947
0.772000 0.992945
0.776000 0.992944
0.780000 0.992943
0.784000 0.992942
0.788000 0.992941
0.792000 0.992940
0.796000 0.992939
0.800000 0.992938
0.804000 0.992937
0.808000 0.992937
0.812000 0.992936
0.816000 0.992935
0.820000 0.992934
0.824000 0.992934
0.828000 0.992933
0.832000 0.992932
0.836000 0.992932
0.840000 0.992931
0.844000 0.992930
0.848000 0.992930
0.852000 0.992929
0.856000 0.992929
0.860000 0.992928
0.864000 0.992928
0.868000 0.992927
0.872000 0.992927
0.876000 0.992927
0.880000 0.992926
0.884000 0.992926
0.888000 0.992926
0.892000 0.992925
0.896000 0.992925
0.900000 0.992925
0.904000 0.992924
0.908000 0.992924
0.912000 0.992924
0.916000 0.992924
0.920000 0.992923
0.924000 0.992923
0.928000 0.992923
0.932000 0.992923
0.936000 0.992922
0.940000 0.992922
0.944000 0.992922
0.948000 0.992922
0.952000 0.992922
0.956000 0.992922
0.960000 0.992921
0.964000 0.992921
0.968000 0.992921
0.972000 0.992921
0.976000 0.992921
0.980000 0.992921
0.984000 0.992921
0.988000 0.992921
0.992000 0.992920
0.996000 0.992920
1.000000 0.992920
