-1.000000 0.992919
-0.996000 0.992919
-0.992000 0.992919
-0.988000 0.992919
-0.984000 0.992919
-0.980000 0.992919
-0.976000 0.992919
-0.972000 0.992919
-0.968000 0.992919
-0.964000 0.992919
-0.960000 0.992919
-0.956000 0.992919
-0.952000 0.992919
-0.948000 0.992919
-0.944000 0.992919
-0.940000 0.992919
-0.936000 0.992919
-0.932000 0.992919
-0.928000 0.992919
-0.924000 0.992919
-0.920000 0.992919
-0.916000 0.992919
-0.912000 0.992919
-0.908000 0.992919
-0.904000 0.992919
-0.900000 0.992919
-0.896000 0.992919
-0.892000 0.992919
-0.888000 0.992919
-0.884000 0.992919
-0.880000 0.992919
-0.876000 0.992919
-0.872000 0.992919
-0.868000 0.992919
-0.864000 0.992919
-0.860000 0.992920
-0.856000 0.992920
-0.852000 0.992920
-0.848000 0.992920
-0.844000 0.992920
-0.840000 0.992920
-0.836000 0.992920
-0.832000 0.992920
-0.828000 0.992921
-0.824000 0.992921
-0.820000 0.992921
-0.816000 0.992921
-0.812000 0.992922
-0.808000 0.992922
-0.804000 0.992923
-0.800000 0.992923
-0.796000 0.992924
-0.792000 0.992924
-0.788000 0.992925
-0.784000 0.992926
-0.780000 0.992926
-0.776000 0.992927
-0.772000 0.992928
-0.768000 0.992929
-0.764000 0.992931
-0.760000 0.992932
-0.756000 0.992934
-0.752000 0.992935
-0.748000 0.992937
-0.744000 0.992939
-0.740000 0.992941
-0.736000 0.992944
-0.732000 0.992946
-0.728000 0.992949
-0.724000 0.992952
-0.720000 0.992956
-0.716000 0.992959
-0.712000 0.992963
-0.708000 0.992968
-0.704000 0.992972
-0.700000 0.992977
-0.696000 0.992983
-0.692000 0.992989
-0.688000 0.992995
-0.684000 0.993002
-0.680000 0.993009
-0.676000 0.993017
-0.672000 0.993026
-0.668000 0.993035
-0.664000 0.993045
-0.660000 0.993055
-0.656000 0.993066
-0.652000 0.993078
-0.648000 0.993091
-0.644000 0.993104
-0.640000 0.993118
-0.636000 0.993133
-0.632000 0.993149
-0.628000 0.993166
-0.624000 0.993184
-0.620000 0.993203
-0.616000 0.993223
-0.612000 0.993244
-0.608000 0.993266
-0.604000 0.993289
-0.600000 0.993313
-0.596000 0.993339
-0.592000 0.993365
-0.588000 0.993393
-0.584000 0.993423
-0.580000 0.993453
-0.576000 0.993485
-0.572000 0.993518
-0.568000 0.993553
-0.564000 0.993589
-0.560000 0.993626
-0.556000 0.993665
-0.552000 0.993705
-0.548000 0.993747
-0.544000 0.993790
-0.540000 0.993834
-0.536000 0.993880
-0.532000 0.993927
-0.528000 0.993976
-0.524000 0.994027
-0.520000 0.994078
-0.516000 0.994132
-0.512000 0.994186
-0.508000 0.994242
-0.504000 0.994299
-0.500000 0.994358
-0.496000 0.994418
-0.492000 0.994480
-0.488000 0.994542
-0.484000 0.994606
-0.480000 0.994671
-0.476000 0.994738
-0.472000 0.994805
-0.468000 0.994874
-0.464000 0.994943
-0.460000 0.995014
-0.456000 0.995086
-0.452000 0.995158
-0.448000 0.995231
-0.444000 0.995306
-0.440000 0.995381
-0.436000 0.995456
-0.432000 0.995532
-0.428000 0.995609
-0.424000 0.995687
-0.420000 0.995764
-0.416000 0.995843
-0.412000 0.995921
-0.408000 0.996000
-0.404000 0.996079
-0.400000 0.996158
-0.396000 0.996238
-0.392000 0.996317
-0.388000 0.996396
-0.384000 0.996475
-0.380000 0.996554
-0.376000 0.996633
-0.372000 0.996712
-0.368000 0.996790
-0.364000 0.996867
-0.360000 0.996945
-0.356000 0.997021
-0.352000 0.997098
-0.348000 0.997173
-0.344000 0.997248
-0.340000 0.997322
-0.336000 0.997396
-0.332000 0.997468
-0.328000 0.997540
-0.324000 0.997611
-0.320000 0.997681
-0.316000 0.997750
-0.312000 0.997818
-0.308000 0.997885
-0.304000 0.997951
-0.300000 0.998015
-0.296000 0.998079
-0.292000 0.998142
-0.288000 0.998203
-0.284000 0.998263
-0.280000 0.998322
-0.276000 0.998380
-0.272000 0.998436
-0.268000 0.998491
-0.264000 0.998545
-0.260000 0.998598
-0.256000 0.998650
-0.252000 0.998700
-0.248000 0.998749
-0.244000 0.998796
-0.240000 0.998843
-0.236000 0.998888
-0.232000 0.998932
-0.228000 0.998975
-0.224000 0.999016
-0.220000 0.999056
-0.216000 0.999095
-0.212000 0.999133
-0.208000 0.999170
-0.204000 0.999205
-0.200000 0.999239
-0.196000 0.999273
-0.192000 0.999305
-0.188000 0.999336
-0.184000 0.999365
-0.180000 0.999394
-0.176000 0.999422
-0.172000 0.999449
-0.168000 0.999475
-0.164000 0.999499
-0.160000 0.999523
-0.156000 0.999546
-0.152000 0.999568
-0.148000 0.999589
-0.144000 0.999610
-0.140000 0.999629
-0.136000 0.999648
-0.132000 0.999666
-0.128000 0.999683
-0.124000 0.999699
-0.120000 0.999715
-0.116000 0.999730
-0.112000 0.999744
-0.108000 0.999758
-0.104000 0.999771
-0.100000 0.999783
-0.096000 0.999795
-0.092000 0.999806
-0.088000 0.999817
-0.084000 0.999827
-0.080000 0.999837
-0.076000 0.999846
-0.072000 0.999855
-0.068000 0.999863
-0.064000 0.999871
-0.060000 0.999879
-0.056000 0.999886
-0.052000 0.999892
-0.048000 0.999899
-0.044000 0.999905
-0.040000 0.999911
-0.036000 0.999916
-0.032000 0.999921
-0.028000 0.999926
-0.024000 0.999931
-0.020000 0.999935
-0.016000 0.999939
-0.012000 0.999943
-0.008000 0.999946
-0.004000 0.999950
0.000000 0.999953
0.004000 0.999956
0.008000 0.999959
0.012000 0.999962
0.016000 0.999964
0.020000 0.999967
0.024000 0.999969
0.028000 0.999971
0.032000 0.999973
0.036000 0.999975
0.040000 0.999976
0.044000 0.999978
0.048000 0.999980
0.052000 0.999981
0.056000 0.999982
0.060000 0.999983
0.064000 0.999985
0.068000 0.999986
0.072000 0.999987
0.076000 0.999988
0.080000 0.999989
0.084000 0.999989
0.088000 0.999990
0.092000 0.999991
0.096000 0.999992
0.100000 0.999992
0.104000 0.999993
0.108000 0.999993
0.112000 0.999994
0.116000 0.999994
0.120000 0.999995
0.124000 0.999995
0.128000 0.999995
0.132000 0.999996
0.136000 0.999996
0.140000 0.999996
0.144000 0.999997
0.148000 0.999997
0.152000 0.999997
0.156000 0.999997
0.160000 0.999998
0.164000 0.999998
0.168000 0.999998
0.172000 0.999998
0.176000 0.999998
0.180000 0.999998
0.184000 0.999999
0.188000 0.999999
0.192000 0.999999
0.196000 0.999999
0.200000 0.999999
0.204000 0.999999
0.208000 0.999999
0.212000 0.999999
0.216000 0.999999
0.220000 0.999999
0.224000 0.999999
0.228000 0.999999
0.232000 0.999999
0.236000 1.000000
0.240000 1.000000
0.244000 1.000000
0.248000 1.000000
0.252000 1.000000
0.256000 1.000000
0.260000 1.000000
0.264000 1.000000
0.268000 1.000000
0.272000 1.000000
0.276000 1.000000
0.280000 1.000000
0.284000 1.000000
0.288000 1.000000
0.292000 1.000000
0.296000 1.000000
0.300000 1.000000
0.304000 1.000000
0.308000 1.000000
0.312000 1.000000
0.316000 1.000000
0.320000 1.000000
0.324000 1.000000
0.328000 1.000000
0.332000 1.000000
0.336000 1.000000
0.340000 1.000000
0.344000 1.000000
0.348000 1.000000
0.352000 1.000000
0.356000 1.000000
0.360000 1.000000
0.364000 1.000000
0.368000 1.000000
0.372000 1.000000
0.376000 1.000000
0.380000 1.000000
0.384000 1.000000
0.388000 1.000000
0.392000 1.000000
0.396000 1.000000
0.400000 1.000000
0.404000 1.000000
0.408000 1.000000
0.412000 1.000000
0.416000 1.000000
0.420000 1.000000
0.424000 1.000000
0.428000 1.000000
0.432000 1.000000
0.436000 1.000000
0.440000 1.000000
0.444000 1.000000
0.448000 1.000000
0.452000 1.000000
0.456000 1.000000
0.460000 1.000000
0.464000 1.000000
0.468000 1.000000
0.472000 1.000000
0.476000 1.000000
0.480000 1.000000
0.484000 1.000000
0.488000 1.000000
0.492000 1.000000
0.496000 1.000000
0.500000 1.000000
0.504000 1.000000
0.508000 1.000000
0.512000 1.000000
0.516000 1.000000
0.520000 1.000000
0.524000 1.000000
0.528000 1.000000
0.532000 1.000000
0.536000 1.000000
0.540000 1.000000
0.544000 1.000000
0.548000 1.000000
0.552000 1.000000
0.556000 1.000000
0.560000 1.000000
0.564000 1.000000
0.568000 1.000000
0.572000 1.000000
0.576000 1.000000
0.580000 1.000000
0.584000 1.000000
0.588000 1.000000
0.592000 1.000000
0.596000 1.000000
0.600000 1.000000
0.604000 1.000000
0.608000 1.000000
0.612000 1.000000
0.616000 1.000000
0.620000 1.000000
0.624000 1.000000
0.628000 1.000000
0.632000 1.000000
0.636000 1.000000
0.640000 1.000000
0.644000 1.000000
0.648000 1.000000
0.652000 1.000000
0.656000 1.000000
0.660000 1.000000
0.664000 1.000000
0.668000 1.000000
0.672000 1.000000
0.676000 1.000000
0.680000 1.000000
0.684000 1.000000
0.688000 1.000000
0.692000 1.000000
0.696000 1.000000
0.700000 1.000000
0.704000 1.000000
0.708000 1.000000
0.712000 1.000000
0.716000 1.000000
0.720000 1.000000
0.724000 1.000000
0.728000 1.000000
0.732000 1.000000
0.736000 1.000000
0.740000 1.000000
0.744000 1.000000
0.748000 1.000000
0.752000 1.000000
0.756000 1.000000
0.760000 1.000000
0.764000 1.000000
0.768000 1.000000
0.772000 1.000000
0.776000 1.000000
0.780000 1.000000
0.784000 1.000000
0.788000 1.000000
0.792000 1.000000
0.796000 1.000000
0.800000 1.000000
0.804000 1.000000
0.808000 1.000000
0.812000 1.000000
0.816000 1.000000
0.820000 1.000000
0.824000 1.000000
0.828000 1.000000
0.832000 1.000000
0.836000 1.000000
0.840000 1.000000
0.844000 1.000000
0.848000 1.000000
0.852000 1.000000
0.856000 1.000000
0.860000 1.000000
0.864000 1.000000
0.868000 1.000000
0.872000 1.000000
0.876000 1.000000
0.880000 1.000000
0.884000 1.000000
0.888000 1.000000
0.892000 1.000000
0.896000 1.000000
0.900000 1.000000
0.904000 1.000000
0.908000 1.000000
0.912000 1.000000
0.916000 1.000000
0.920000 1.000000
0.924000 1.000000
0.928000 1.000000
0.932000 1.000000
0.936000 1.000000
0.940000 1.000000
0.944000 1.000000
0.948000 1.000000
0.952000 1.000000
0.956000 1.000000
0.960000 1.000000
0.964000 1.000000
0.968000 1.000000
0.972000 1.000000
0.976000 1.000000
0.980000 1.000000
0.984000 1.000000
0.988000 1.000000
0.992000 1.000000
0.996000 1.000000
1.000000 1.000000
