-1.000000 0.994892
-0.996000 0.994892
-0.992000 0.994892
-0.988000 0.994892
-0.984000 0.994892
-0.980000 0.994892
-0.976000 0.994892
-0.972000 0.994892
-0.968000 0.994892
-0.964000 0.994892
-0.960000 0.994892
-0.956000 0.994892
-0.952000 0.994892
-0.948000 0.994892
-0.944000 0.994892
-0.940000 0.994892
-0.936000 0.994892
-0.932000 0.994892
-0.928000 0.994892
-0.924000 0.994892
-0.920000 0.994892
-0.916000 0.994892
-0.912000 0.994892
-0.908000 0.994892
-0.904000 0.994892
-0.900000 0.994892
-0.896000 0.994892
-0.892000 0.994892
-0.888000 0.994892
-0.884000 0.994892
-0.880000 0.994892
-0.876000 0.994892
-0.872000 0.994892
-0.868000 0.994892
-0.864000 0.994892
-0.860000 0.994892
-0.856000 0.994892
-0.852000 0.994892
-0.848000 0.994892
-0.844000 0.994892
-0.840000 0.994892
-0.836000 0.994892
-0.832000 0.994892
-0.828000 0.994892
-0.824000 0.994892
-0.820000 0.994892
-0.816000 0.994892
-0.812000 0.994892
-0.808000 0.994892
-0.804000 0.994892
-0.800000 0.994892
-0.796000 0.994892
-0.792000 0.994892
-0.788000 0.994892
-0.784000 0.994892
-0.780000 0.994892
-0.776000 0.994892
-0.772000 0.994892
-0.768000 0.994892
-0.764000 0.994892
-0.760000 0.994892
-0.756000 0.994892
-0.752000 0.994892
-0.748000 0.994892
-0.744000 0.994892
-0.740000 0.994892
-0.736000 0.994892
-0.732000 0.994892
-0.728000 0.994892
-0.724000 0.994892
-0.720000 0.994892
-0.716000 0.994892
-0.712000 0.994892
-0.708000 0.994892
-0.704000 0.994892
-0.700000 0.994892
-0.696000 0.994892
-0.692000 0.994892
-0.688000 0.994892
-0.684000 0.994892
-0.680000 0.994892
-0.676000 0.994892
-0.672000 0.994892
-0.668000 0.994892
-0.664000 0.994892
-0.660000 0.994892
-0.656000 0.994892
-0.652000 0.994892
-0.648000 0.994892
-0.644000 0.994892
-0.640000 0.994892
-0.636000 0.994892
-0.632000 0.994892
-0.628000 0.994892
-0.624000 0.994892
-0.620000 0.994892
-0.616000 0.994892
-0.612000 0.994892
-0.608000 0.994892
-0.604000 0.994892
-0.600000 0.994892
-0.596000 0.994892
-0.592000 0.994892
-0.588000 0.994892
-0.584000 0.994892
-0.580000 0.994892
-0.576000 0.994892
-0.572000 0.994892
-0.568000 0.994892
-0.564000 0.994892
-0.560000 0.994892
-0.556000 0.994891
-0.552000 0.994891
-0.548000 0.994891
-0.544000 0.994891
-0.540000 0.994891
-0.536000 0.994891
-0.532000 0.994891
-0.528000 0.994891
-0.524000 0.994891
-0.520000 0.994891
-0.516000 0.994891
-0.512000 0.994891
-0.508000 0.994890
-0.504000 0.994890
-0.500000 0.994890
-0.496000 0.994890
-0.492000 0.994890
-0.488000 0.994890
-0.484000 0.994889
-0.480000 0.994889
-0.476000 0.994889
-0.472000 0.994889
-0.468000 0.994888
-0.464000 0.994888
-0.460000 0.994888
-0.456000 0.994887
-0.452000 0.994887
-0.448000 0.994887
-0.444000 0.994886
-0.440000 0.994886
-0.436000 0.994885
-0.432000 0.994885
-0.428000 0.994884
-0.424000 0.994884
-0.420000 0.994883
-0.416000 0.994882
-0.412000 0.994881
-0.408000 0.994881
-0.404000 0.994880
-0.400000 0.994879
-0.396000 0.994878
-0.392000 0.994877
-0.388000 0.994876
-0.384000 0.994875
-0.380000 0.994874
-0.376000 0.994873
-0.372000 0.994871
-0.368000 0.994870
-0.364000 0.994869
-0.360000 0.994867
-0.356000 0.994865
-0.352000 0.994864
-0.348000 0.994862
-0.344000 0.994860
-0.340000 0.994858
-0.336000 0.994856
-0.332000 0.994854
-0.328000 0.994852
-0.324000 0.994849
-0.320000 0.994847
-0.316000 0.994844
-0.312000 0.994841
-0.308000 0.994838
-0.304000 0.994835
-0.300000 0.994832
-0.296000 0.994829
-0.292000 0.994826
-0.288000 0.994822
-0.284000 0.994818
-0.280000 0.994814
-0.276000 0.994810
-0.272000 0.994806
-0.268000 0.994802
-0.264000 0.994797
-0.260000 0.994793
-0.256000 0.994788
-0.252000 0.994783
-0.248000 0.994777
-0.244000 0.994772
-0.240000 0.994766
-0.236000 0.994760
-0.232000 0.994754
-0.228000 0.994748
-0.224000 0.994742
-0.220000 0.994735
-0.216000 0.994728
-0.212000 0.994721
-0.208000 0.994713
-0.204000 0.994706
-0.200000 0.994698
-0.196000 0.994690
-0.192000 0.994682
-0.188000 0.994673
-0.184000 0.994665
-0.180000 0.994656
-0.176000 0.994647
-0.172000 0.994637
-0.168000 0.994628
-0.164000 0.994618
-0.160000 0.994608
-0.156000 0.994597
-0.152000 0.994587
-0.148000 0.994576
-0.144000 0.994565
-0.140000 0.994554
-0.136000 0.994542
-0.132000 0.994530
-0.128000 0.994518
-0.124000 0.994506
-0.120000 0.994494
-0.116000 0.994481
-0.112000 0.994468
-0.108000 0.994455
-0.104000 0.994442
-0.100000 0.994428
-0.096000 0.994414
-0.092000 0.994401
-0.088000 0.994386
-0.084000 0.994372
-0.080000 0.994358
-0.076000 0.994343
-0.072000 0.994328
-0.068000 0.994313
-0.064000 0.994298
-0.060000 0.994282
-0.056000 0.994267
-0.052000 0.994251
-0.048000 0.994236
-0.044000 0.994220
-0.040000 0.994204
-0.036000 0.994187
-0.032000 0.994171
-0.028000 0.994155
-0.024000 0.994138
-0.020000 0.994122
-0.016000 0.994105
-0.012000 0.994088
-0.008000 0.994071
-0.004000 0.994054
0.000000 0.994038
0.004000 0.994021
0.008000 0.994004
0.012000 0.993987
0.016000 0.993969
0.020000 0.993952
0.024000 0.993935
0.028000 0.993918
0.032000 0.993901
0.036000 0.993884
0.040000 0.993867
0.044000 0.993850
0.048000 0.993833
0.052000 0.993816
0.056000 0.993800
0.060000 0.993783
0.064000 0.993766
0.068000 0.993750
0.072000 0.993733
0.076000 0.993717
0.080000 0.993700
0.084000 0.993684
0.088000 0.993668
0.092000 0.993652
0.096000 0.993636
0.100000 0.993621
0.104000 0.993605
0.108000 0.993590
0.112000 0.993575
0.116000 0.993559
0.120000 0.993545
0.124000 0.993530
0.128000 0.993515
0.132000 0.993501
0.136000 0.993486
0.140000 0.993472
0.144000 0.993459
0.148000 0.993445
0.152000 0.993431
0.156000 0.993418
0.160000 0.993405
0.164000 0.993392
0.168000 0.993379
0.172000 0.993367
0.176000 0.993355
0.180000 0.993343
0.184000 0.993331
0.188000 0.993319
0.192000 0.993308
0.196000 0.993296
0.200000 0.993285
0.204000 0.993274
0.208000 0.993264
0.212000 0.993254
0.216000 0.993243
0.220000 0.993233
0.224000 0.993224
0.228000 0.993214
0.232000 0.993205
0.236000 0.993196
0.240000 0.993187
0.244000 0.993178
0.248000 0.993170
0.252000 0.993161
0.256000 0.993153
0.260000 0.993145
0.264000 0.993138
0.268000 0.993130
0.272000 0.993123
0.276000 0.993116
0.280000 0.993109
0.284000 0.993102
0.288000 0.993096
0.292000 0.993089
0.296000 0.993083
0.300000 0.993077
0.304000 0.993071
0.308000 0.993066
0.312000 0.993060
0.316000 0.993055
0.320000 0.993050
0.324000 0.993045
0.328000 0.993040
0.332000 0.993035
0.336000 0.993031
0.340000 0.993026
0.344000 0.993022
0.348000 0.993018
0.352000 0.993014
0.356000 0.993010
0.360000 0.993006
0.364000 0.993003
0.368000 0.992999
0.372000 0.992996
0.376000 0.992993
0.380000 0.992989
0.384000 0.992986
0.388000 0.992984
0.392000 0.992981
0.396000 0.992978
0.400000 0.992976
0.404000 0.992973
0.408000 0.992971
0.412000 0.992968
0.416000 0.992966
0.420000 0.992964
0.424000 0.992962
0.428000 0.992960
0.432000 0.992958
0.436000 0.992956
0.440000 0.992955
0.444000 0.992953
0.448000 0.992951
0.452000 0.992950
0.456000 0.992948
0.460000 0.992947
0.464000 0.992946
0.468000 0.992944
0.472000 0.992943
0.476000 0.992942
0.480000 0.992941
0.484000 0.992940
0.488000 0.992939
0.492000 0.992938
0.496000 0.992937
0.500000 0.992936
0.504000 0.992935
0.508000 0.992934
0.512000 0.992933
0.516000 0.992933
0.520000 0.992932
0.524000 0.992931
0.528000 0.992931
0.532000 0.992930
0.536000 0.992929
0.540000 0.992929
0.544000 0.992928
0.548000 0.992928
0.552000 0.992927
0.556000 0.992927
0.560000 0.992926
0.564000 0.992926
0.568000 0.992926
0.572000 0.992925
0.576000 0.992925
0.580000 0.992925
0.584000 0.992924
0.588000 0.992924
0.592000 0.992924
0.596000 0.992923
0.600000 0.992923
0.604000 0.992923
0.608000 0.992923
0.612000 0.992923
0.616000 0.992922
0.620000 0.992922
0.624000 0.992922
0.628000 0.992922
0.632000 0.992922
0.636000 0.992921
0.640000 0.992921
0.644000 0.992921
0.648000 0.992921
0.652000 0.992921
0.656000 0.992921
0.660000 0.992921
0.664000 0.992921
0.668000 0.992920
0.672000 0.992920
0.676000 0.992920
0.680000 0.992920
0.684000 0.992920
0.688000 0.992920
0.692000 0.992920
0.696000 0.992920
0.700000 0.992920
0.704000 0.992920
0.708000 0.992920
0.712000 0.992920
0.716000 0.992920
0.720000 0.992920
0.724000 0.992920
0.728000 0.992920
0.732000 0.992920
0.736000 0.992919
0.740000 0.992919
0.744000 0.992919
0.748000 0.992919
0.752000 0.992919
0.756000 0.992919
0.760000 0.992919
0.764000 0.992919
0.768000 0.992919
0.772000 0.992919
0.776000 0.992919
0.780000 0.992919
0.784000 0.992919
0.788000 0.992919
0.792000 0.992919
0.796000 0.992919
0.800000 0.992919
0.804000 0.992919
0.808000 0.992919
0.812000 0.992919
0.816000 0.992919
0.820000 0.992919
0.824000 0.992919
0.828000 0.992919
0.832000 0.992919
0.836000 0.992919
0.840000 0.992919
0.844000 0.992919
0.848000 0.992919
0.852000 0.992919
0.856000 0.992919
0.860000 0.992919
0.864000 0.992919
0.868000 0.992919
0.872000 0.992919
0.876000 0.992919
0.880000 0.992919
0.884000 0.992919
0.888000 0.992919
0.892000 0.992919
0.896000 0.992919
0.900000 0.992919
0.904000 0.992919
0.908000 0.992919
0.912000 0.992919
0.916000 0.992919
0.920000 0.992919
0.924000 0.992919
0.928000 0.992919
0.932000 0.992919
0.936000 0.992919
0.940000 0.992919
0.944000 0.992919
0.948000 0.992919
0.952000 0.992919
0.956000 0.992919
0.960000 0.992919
0.964000 0.992919
0.968000 0.992919
0.972000 0.992919
0.976000 0.992919
0.980000 0.992919
0.984000 0.992919
0.988000 0.992919
0.992000 0.992919
0.996000 0.992919
1.000000 0.992919
