-1.000000 0.994892
-0.996000 0.994892
-0.992000 0.994892
-0.988000 0.994892
-0.984000 0.994892
-0.980000 0.994892
-0.976000 0.994892
-0.972000 0.994892
-0.968000 0.994892
-0.964000 0.994892
-0.960000 0.994892
-0.956000 0.994892
-0.952000 0.994892
-0.948000 0.994892
-0.944000 0.994892
-0.940000 0.994892
-0.936000 0.994892
-0.932000 0.994892
-0.928000 0.994892
-0.924000 0.994892
-0.920000 0.994892
-0.916000 0.994892
-0.912000 0.994892
-0.908000 0.994892
-0.904000 0.994892
-0.900000 0.994892
-0.896000 0.994892
-0.892000 0.994892
-0.888000 0.994892
-0.884000 0.994892
-0.880000 0.994892
-0.876000 0.994892
-0.872000 0.994892
-0.868000 0.994892
-0.864000 0.994892
-0.860000 0.994892
-0.856000 0.994892
-0.852000 0.994892
-0.848000 0.994892
-0.844000 0.994892
-0.840000 0.994892
-0.836000 0.994892
-0.832000 0.994892
-0.828000 0.994892
-0.824000 0.994892
-0.820000 0.994892
-0.816000 0.994892
-0.812000 0.994892
-0.808000 0.994892
-0.804000 0.994892
-0.800000 0.994892
-0.796000 0.994892
-0.792000 0.994892
-0.788000 0.994892
-0.784000 0.994892
-0.780000 0.994892
-0.776000 0.994892
-0.772000 0.994892
-0.768000 0.994892
-0.764000 0.994892
-0.760000 0.994892
-0.756000 0.994892
-0.752000 0.994892
-0.748000 0.994892
-0.744000 0.994892
-0.740000 0.994892
-0.736000 0.994892
-0.732000 0.994892
-0.728000 0.994892
-0.724000 0.994892
-0.720000 0.994892
-0.716000 0.994892
-0.712000 0.994892
-0.708000 0.994892
-0.704000 0.994892
-0.700000 0.994892
-0.696000 0.994892
-0.692000 0.994892
-0.688000 0.994892
-0.684000 0.994892
-0.680000 0.994892
-0.676000 0.994892
-0.672000 0.994892
-0.668000 0.994892
-0.664000 0.994892
-0.660000 0.994892
-0.656000 0.994892
-0.652000 0.994892
-0.648000 0.994892
-0.644000 0.994892
-0.640000 0.994892
-0.636000 0.994892
-0.632000 0.994892
-0.628000 0.994892
-0.624000 0.994892
-0.620000 0.994892
-0.616000 0.994892
-0.612000 0.994892
-0.608000 0.994892
-0.604000 0.994892
-0.600000 0.994892
-0.596000 0.994892
-0.592000 0.994892
-0.588000 0.994892
-0.584000 0.994892
-0.580000 0.994892
-0.576000 0.994892
-0.572000 0.994892
-0.568000 0.994892
-0.564000 0.994892
-0.560000 0.994892
-0.556000 0.994892
-0.552000 0.994892
-0.548000 0.994892
-0.544000 0.994892
-0.540000 0.994892
-0.536000 0.994892
-0.532000 0.994892
-0.528000 0.994892
-0.524000 0.994892
-0.520000 0.994892
-0.516000 0.994892
-0.512000 0.994892
-0.508000 0.994892
-0.504000 0.994892
-0.500000 0.994892
-0.496000 0.994892
-0.492000 0.994892
-0.488000 0.994892
-0.484000 0.994892
-0.480000 0.994892
-0.476000 0.994892
-0.472000 0.994892
-0.468000 0.994892
-0.464000 0.994892
-0.460000 0.994892
-0.456000 0.994892
-0.452000 0.994892
-0.448000 0.994892
-0.444000 0.994892
-0.440000 0.994892
-0.436000 0.994892
-0.432000 0.994892
-0.428000 0.994892
-0.424000 0.994892
-0.420000 0.994892
-0.416000 0.994892
-0.412000 0.994892
-0.408000 0.994892
-0.404000 0.994892
-0.400000 0.994892
-0.396000 0.994892
-0.392000 0.994892
-0.388000 0.994892
-0.384000 0.994892
-0.380000 0.994892
-0.376000 0.994892
-0.372000 0.994892
-0.368000 0.994892
-0.364000 0.994892
-0.360000 0.994892
-0.356000 0.994892
-0.352000 0.994892
-0.348000 0.994892
-0.344000 0.994892
-0.340000 0.994892
-0.336000 0.994892
-0.332000 0.994892
-0.328000 0.994892
-0.324000 0.994892
-0.320000 0.994892
-0.316000 0.994892
-0.312000 0.994892
-0.308000 0.994892
-0.304000 0.994892
-0.300000 0.994892
-0.296000 0.994892
-0.292000 0.994892
-0.288000 0.994892
-0.284000 0.994892
-0.280000 0.994892
-0.276000 0.994892
-0.272000 0.994892
-0.268000 0.994892
-0.264000 0.994892
-0.260000 0.994892
-0.256000 0.994892
-0.252000 0.994892
-0.248000 0.994892
-0.244000 0.994892
-0.240000 0.994892
-0.236000 0.994892
-0.232000 0.994892
-0.228000 0.994892
-0.224000 0.994892
-0.220000 0.994892
-0.216000 0.994892
-0.212000 0.994892
-0.208000 0.994892
-0.204000 0.994892
-0.200000 0.994892
-0.196000 0.994892
-0.192000 0.994892
-0.188000 0.994892
-0.184000 0.994892
-0.180000 0.994892
-0.176000 0.994892
-0.172000 0.994892
-0.168000 0.994892
-0.164000 0.994892
-0.160000 0.994892
-0.156000 0.994892
-0.152000 0.994892
-0.148000 0.994892
-0.144000 0.994892
-0.140000 0.994892
-0.136000 0.994892
-0.132000 0.994892
-0.128000 0.994892
-0.124000 0.994892
-0.120000 0.994892
-0.116000 0.994892
-0.112000 0.994892
-0.108000 0.994892
-0.104000 0.994892
-0.100000 0.994891
-0.096000 0.994891
-0.092000 0.994891
-0.088000 0.994891
-0.084000 0.994891
-0.080000 0.994891
-0.076000 0.994891
-0.072000 0.994891
-0.068000 0.994891
-0.064000 0.994891
-0.060000 0.994891
-0.056000 0.994891
-0.052000 0.994891
-0.048000 0.994891
-0.044000 0.994891
-0.040000 0.994891
-0.036000 0.994890
-0.032000 0.994890
-0.028000 0.994890
-0.024000 0.994890
-0.020000 0.994890
-0.016000 0.994890
-0.012000 0.994890
-0.008000 0.994890
-0.004000 0.994889
0.000000 0.994889
0.004000 0.994889
0.008000 0.994889
0.012000 0.994889
0.016000 0.994889
0.020000 0.994888
0.024000 0.994888
0.028000 0.994888
0.032000 0.994888
0.036000 0.994887
0.040000 0.994887
0.044000 0.994887
0.048000 0.994886
0.052000 0.994886
0.056000 0.994886
0.060000 0.994885
0.064000 0.994885
0.068000 0.994885
0.072000 0.994884
0.076000 0.994884
0.080000 0.994883
0.084000 0.994883
0.088000 0.994882
0.092000 0.994882
0.096000 0.994881
0.100000 0.994880
0.104000 0.994880
0.108000 0.994879
0.112000 0.994879
0.116000 0.994878
0.120000 0.994877
0.124000 0.994876
0.128000 0.994875
0.132000 0.994875
0.136000 0.994874
0.140000 0.994873
0.144000 0.994872
0.148000 0.994871
0.152000 0.994870
0.156000 0.994869
0.160000 0.994867
0.164000 0.994866
0.168000 0.994865
0.172000 0.994864
0.176000 0.994862
0.180000 0.994861
0.184000 0.994860
0.188000 0.994858
0.192000 0.994856
0.196000 0.994855
0.200000 0.994853
0.204000 0.994851
0.208000 0.994850
0.212000 0.994848
0.216000 0.994846
0.220000 0.994844
0.224000 0.994842
0.228000 0.994839
0.232000 0.994837
0.236000 0.994835
0.240000 0.994832
0.244000 0.994830
0.248000 0.994827
0.252000 0.994825
0.256000 0.994822
0.260000 0.994819
0.264000 0.994816
0.268000 0.994813
0.272000 0.994810
0.276000 0.994807
0.280000 0.994803
0.284000 0.994800
0.288000 0.994796
0.292000 0.994793
0.296000 0.994789
0.300000 0.994785
0.304000 0.994781
0.308000 0.994777
0.312000 0.994773
0.316000 0.994769
0.320000 0.994764
0.324000 0.994760
0.328000 0.994755
0.332000 0.994750
0.336000 0.994745
0.340000 0.994740
0.344000 0.994735
0.348000 0.994730
0.352000 0.994724
0.356000 0.994719
0.360000 0.994713
0.364000 0.994707
0.368000 0.994701
0.372000 0.994695
0.376000 0.994689
0.380000 0.994683
0.384000 0.994676
0.388000 0.994669
0.392000 0.994663
0.396000 0.994656
0.400000 0.994649
0.404000 0.994641
0.408000 0.994634
0.412000 0.994627
0.416000 0.994619
0.420000 0.994611
0.424000 0.994603
0.428000 0.994595
0.432000 0.994587
0.436000 0.994579
0.440000 0.994570
0.444000 0.994562
0.448000 0.994553
0.452000 0.994544
0.456000 0.994535
0.460000 0.994526
0.464000 0.994516
0.468000 0.994507
0.472000 0.994497
0.476000 0.994487
0.480000 0.994478
0.484000 0.994468
0.488000 0.994457
0.492000 0.994447
0.496000 0.994437
0.500000 0.994426
0.504000 0.994415
0.508000 0.994405
0.512000 0.994394
0.516000 0.994383
0.520000 0.994372
0.524000 0.994360
0.528000 0.994349
0.532000 0.994337
0.536000 0.994326
0.540000 0.994314
0.544000 0.994302
0.548000 0.994290
0.552000 0.994278
0.556000 0.994266
0.560000 0.994254
0.564000 0.994242
0.568000 0.994229
0.572000 0.994217
0.576000 0.994205
0.580000 0.994192
0.584000 0.994179
0.588000 0.994166
0.592000 0.994154
0.596000 0.994141
0.600000 0.994128
0.604000 0.994115
0.608000 0.994102
0.612000 0.994089
0.616000 0.994076
0.620000 0.994062
0.624000 0.994049
0.628000 0.994036
0.632000 0.994023
0.636000 0.994009
0.640000 0.993996
0.644000 0.993983
0.648000 0.993969
0.652000 0.993956
0.656000 0.993943
0.660000 0.993929
0.664000 0.993916
0.668000 0.993903
0.672000 0.993889
0.676000 0.993876
0.680000 0.993863
0.684000 0.993849
0.688000 0.993836
0.692000 0.993823
0.696000 0.993810
0.700000 0.993796
0.704000 0.993783
0.708000 0.993770
0.712000 0.993757
0.716000 0.993744
0.720000 0.993731
0.724000 0.993718
0.728000 0.993706
0.732000 0.993693
0.736000 0.993680
0.740000 0.993668
0.744000 0.993655
0.748000 0.993642
0.752000 0.993630
0.756000 0.993618
0.760000 0.993606
0.764000 0.993593
0.768000 0.993581
0.772000 0.993569
0.776000 0.993558
0.780000 0.993546
0.784000 0.993534
0.788000 0.993523
0.792000 0.993511
0.796000 0.993500
0.800000 0.993489
0.804000 0.993477
0.808000 0.993466
0.812000 0.993456
0.816000 0.993445
0.820000 0.993434
0.824000 0.993424
0.828000 0.993413
0.832000 0.993403
0.836000 0.993393
0.840000 0.993383
0.844000 0.993373
0.848000 0.993363
0.852000 0.993353
0.856000 0.993344
0.860000 0.993334
0.864000 0.993325
0.868000 0.993316
0.872000 0.993307
0.876000 0.993298
0.880000 0.993289
0.884000 0.993280
0.888000 0.993272
0.892000 0.993264
0.896000 0.993255
0.900000 0.993247
0.904000 0.993239
0.908000 0.993231
0.912000 0.993224
0.916000 0.993216
0.920000 0.993209
0.924000 0.993201
0.928000 0.993194
0.932000 0.993187
0.936000 0.993180
0.940000 0.993173
0.944000 0.993167
0.948000 0.993160
0.952000 0.993154
0.956000 0.993147
0.960000 0.993141
0.964000 0.993134
0.968000 0.993128
0.972000 0.993122
0.976000 0.993115
0.980000 0.993108
0.984000 0.993101
0.988000 0.993093
0.992000 0.993085
0.996000 0.993074
1.000000 0.993062
