-1.000000 0.994892
-0.996000 0.994892
-0.992000 0.994892
-0.988000 0.994892
-0.984000 0.994892
-0.980000 0.994892
-0.976000 0.994892
-0.972000 0.994892
-0.968000 0.994892
-0.964000 0.994892
-0.960000 0.994892
-0.956000 0.994892
-0.952000 0.994892
-0.948000 0.994892
-0.944000 0.994892
-0.940000 0.994892
-0.936000 0.994892
-0.932000 0.994892
-0.928000 0.994892
-0.924000 0.994892
-0.920000 0.994892
-0.916000 0.994892
-0.912000 0.994892
-0.908000 0.994892
-0.904000 0.994892
-0.900000 0.994892
-0.896000 0.994892
-0.892000 0.994892
-0.888000 0.994892
-0.884000 0.994892
-0.880000 0.994892
-0.876000 0.994892
-0.872000 0.994892
-0.868000 0.994892
-0.864000 0.994892
-0.860000 0.994892
-0.856000 0.994892
-0.852000 0.994892
-0.848000 0.994892
-0.844000 0.994892
-0.840000 0.994892
-0.836000 0.994892
-0.832000 0.994892
-0.828000 0.994892
-0.824000 0.994892
-0.820000 0.994892
-0.816000 0.994892
-0.812000 0.994892
-0.808000 0.994892
-0.804000 0.994892
-0.800000 0.994892
-0.796000 0.994892
-0.792000 0.994892
-0.788000 0.994892
-0.784000 0.994892
-0.780000 0.994892
-0.776000 0.994892
-0.772000 0.994892
-0.768000 0.994892
-0.764000 0.994892
-0.760000 0.994892
-0.756000 0.994892
-0.752000 0.994892
-0.748000 0.994892
-0.744000 0.994892
-0.740000 0.994892
-0.736000 0.994892
-0.732000 0.994892
-0.728000 0.994892
-0.724000 0.994892
-0.720000 0.994892
-0.716000 0.994892
-0.712000 0.994892
-0.708000 0.994892
-0.704000 0.994892
-0.700000 0.994892
-0.696000 0.994892
-0.692000 0.994892
-0.688000 0.994892
-0.684000 0.994892
-0.680000 0.994892
-0.676000 0.994892
-0.672000 0.994892
-0.668000 0.994892
-0.664000 0.994892
-0.660000 0.994892
-0.656000 0.994892
-0.652000 0.994892
-0.648000 0.994892
-0.644000 0.994892
-0.640000 0.994892
-0.636000 0.994892
-0.632000 0.994892
-0.628000 0.994892
-0.624000 0.994892
-0.620000 0.994892
-0.616000 0.994892
-0.612000 0.994892
-0.608000 0.994892
-0.604000 0.994892
-0.600000 0.994892
-0.596000 0.994892
-0.592000 0.994892
-0.588000 0.994892
-0.584000 0.994892
-0.580000 0.994892
-0.576000 0.994892
-0.572000 0.994892
-0.568000 0.994892
-0.564000 0.994892
-0.560000 0.994892
-0.556000 0.994892
-0.552000 0.994892
-0.548000 0.994892
-0.544000 0.994892
-0.540000 0.994892
-0.536000 0.994892
-0.532000 0.994892
-0.528000 0.994892
-0.524000 0.994892
-0.520000 0.994892
-0.516000 0.994892
-0.512000 0.994892
-0.508000 0.994892
-0.504000 0.994892
-0.500000 0.994892
-0.496000 0.994892
-0.492000 0.994892
-0.488000 0.994892
-0.484000 0.994892
-0.480000 0.994892
-0.476000 0.994892
-0.472000 0.994892
-0.468000 0.994892
-0.464000 0.994892
-0.460000 0.994892
-0.456000 0.994892
-0.452000 0.994892
-0.448000 0.994892
-0.444000 0.994892
-0.440000 0.994892
-0.436000 0.994892
-0.432000 0.994892
-0.428000 0.994892
-0.424000 0.994892
-0.420000 0.994892
-0.416000 0.994892
-0.412000 0.994892
-0.408000 0.994892
-0.404000 0.994892
-0.400000 0.994892
-0.396000 0.994892
-0.392000 0.994892
-0.388000 0.994892
-0.384000 0.994892
-0.380000 0.994892
-0.376000 0.994892
-0.372000 0.994892
-0.368000 0.994892
-0.364000 0.994892
-0.360000 0.994892
-0.356000 0.994892
-0.352000 0.994892
-0.348000 0.994892
-0.344000 0.994892
-0.340000 0.994892
-0.336000 0.994892
-0.332000 0.994892
-0.328000 0.994892
-0.324000 0.994892
-0.320000 0.994892
-0.316000 0.994892
-0.312000 0.994892
-0.308000 0.994892
-0.304000 0.994892
-0.300000 0.994892
-0.296000 0.994892
-0.292000 0.994892
-0.288000 0.994892
-0.284000 0.994892
-0.280000 0.994892
-0.276000 0.994892
-0.272000 0.994892
-0.268000 0.994892
-0.264000 0.994892
-0.260000 0.994892
-0.256000 0.994892
-0.252000 0.994892
-0.248000 0.994892
-0.244000 0.994892
-0.240000 0.994892
-0.236000 0.994892
-0.232000 0.994892
-0.228000 0.994892
-0.224000 0.994892
-0.220000 0.994892
-0.216000 0.994892
-0.212000 0.994892
-0.208000 0.994892
-0.204000 0.994892
-0.200000 0.994892
-0.196000 0.994892
-0.192000 0.994892
-0.188000 0.994892
-0.184000 0.994892
-0.180000 0.994892
-0.176000 0.994892
-0.172000 0.994892
-0.168000 0.994892
-0.164000 0.994892
-0.160000 0.994892
-0.156000 0.994892
-0.152000 0.994892
-0.148000 0.994892
-0.144000 0.994892
-0.140000 0.994892
-0.136000 0.994892
-0.132000 0.994892
-0.128000 0.994892
-0.124000 0.994892
-0.120000 0.994892
-0.116000 0.994892
-0.112000 0.994892
-0.108000 0.994891
-0.104000 0.994891
-0.100000 0.994891
-0.096000 0.994891
-0.092000 0.994891
-0.088000 0.994891
-0.084000 0.994891
-0.080000 0.994891
-0.076000 0.994891
-0.072000 0.994891
-0.068000 0.994891
-0.064000 0.994891
-0.060000 0.994891
-0.056000 0.994891
-0.052000 0.994891
-0.048000 0.994891
-0.044000 0.994890
-0.040000 0.994890
-0.036000 0.994890
-0.032000 0.994890
-0.028000 0.994890
-0.024000 0.994890
-0.020000 0.994890
-0.016000 0.994890
-0.012000 0.994889
-0.008000 0.994889
-0.004000 0.994889
0.000000 0.994889
0.004000 0.994889
0.008000 0.994889
0.012000 0.994888
0.016000 0.994888
0.020000 0.994888
0.024000 0.994888
0.028000 0.994887
0.032000 0.994887
0.036000 0.994887
0.040000 0.994886
0.044000 0.994886
0.048000 0.994886
0.052000 0.994885
0.056000 0.994885
0.060000 0.994885
0.064000 0.994884
0.068000 0.994884
0.072000 0.994883
0.076000 0.994883
0.080000 0.994882
0.084000 0.994882
0.088000 0.994881
0.092000 0.994880
0.096000 0.994880
0.100000 0.994879
0.104000 0.994879
0.108000 0.994878
0.112000 0.994877
0.116000 0.994876
0.120000 0.994875
0.124000 0.994875
0.128000 0.994874
0.132000 0.994873
0.136000 0.994872
0.140000 0.994871
0.144000 0.994870
0.148000 0.994869
0.152000 0.994867
0.156000 0.994866
0.160000 0.994865
0.164000 0.994864
0.168000 0.994862
0.172000 0.994861
0.176000 0.994859
0.180000 0.994858
0.184000 0.994856
0.188000 0.994855
0.192000 0.994853
0.196000 0.994851
0.200000 0.994849
0.204000 0.994847
0.208000 0.994845
0.212000 0.994843
0.216000 0.994841
0.220000 0.994839
0.224000 0.994837
0.228000 0.994834
0.232000 0.994832
0.236000 0.994829
0.240000 0.994827
0.244000 0.994824
0.248000 0.994821
0.252000 0.994818
0.256000 0.994816
0.260000 0.994812
0.264000 0.994809
0.268000 0.994806
0.272000 0.994803
0.276000 0.994799
0.280000 0.994796
0.284000 0.994792
0.288000 0.994788
0.292000 0.994784
0.296000 0.994780
0.300000 0.994776
0.304000 0.994772
0.308000 0.994768
0.312000 0.994763
0.316000 0.994759
0.320000 0.994754
0.324000 0.994749
0.328000 0.994744
0.332000 0.994739
0.336000 0.994734
0.340000 0.994728
0.344000 0.994723
0.348000 0.994717
0.352000 0.994712
0.356000 0.994706
0.360000 0.994700
0.364000 0.994694
0.368000 0.994687
0.372000 0.994681
0.376000 0.994674
0.380000 0.994668
0.384000 0.994661
0.388000 0.994654
0.392000 0.994647
0.396000 0.994639
0.400000 0.994632
0.404000 0.994624
0.408000 0.994617
0.412000 0.994609
0.416000 0.994601
0.420000 0.994593
0.424000 0.994585
0.428000 0.994576
0.432000 0.994568
0.436000 0.994559
0.440000 0.994550
0.444000 0.994541
0.448000 0.994532
0.452000 0.994523
0.456000 0.994513
0.460000 0.994504
0.464000 0.994494
0.468000 0.994484
0.472000 0.994474
0.476000 0.994464
0.480000 0.994454
0.484000 0.994443
0.488000 0.994433
0.492000 0.994422
0.496000 0.994412
0.500000 0.994401
0.504000 0.994390
0.508000 0.994379
0.512000 0.994367
0.516000 0.994356
0.520000 0.994345
0.524000 0.994333
0.528000 0.994321
0.532000 0.994310
0.536000 0.994298
0.540000 0.994286
0.544000 0.994274
0.548000 0.994261
0.552000 0.994249
0.556000 0.994237
0.560000 0.994224
0.564000 0.994212
0.568000 0.994199
0.572000 0.994187
0.576000 0.994174
0.580000 0.994161
0.584000 0.994148
0.588000 0.994135
0.592000 0.994122
0.596000 0.994109
0.600000 0.994096
0.604000 0.994083
0.608000 0.994070
0.612000 0.994056
0.616000 0.994043
0.620000 0.994030
0.624000 0.994017
0.628000 0.994003
0.632000 0.993990
0.636000 0.993977
0.640000 0.993963
0.644000 0.993950
0.648000 0.993936
0.652000 0.993923
0.656000 0.993910
0.660000 0.993896
0.664000 0.993883
0.668000 0.993869
0.672000 0.993856
0.676000 0.993843
0.680000 0.993829
0.684000 0.993816
0.688000 0.993803
0.692000 0.993790
0.696000 0.993777
0.700000 0.993763
0.704000 0.993750
0.708000 0.993737
0.712000 0.993724
0.716000 0.993712
0.720000 0.993699
0.724000 0.993686
0.728000 0.993673
0.732000 0.993661
0.736000 0.993648
0.740000 0.993636
0.744000 0.993623
0.748000 0.993611
0.752000 0.993599
0.756000 0.993587
0.760000 0.993575
0.764000 0.993563
0.768000 0.993551
0.772000 0.993539
0.776000 0.993528
0.780000 0.993516
0.784000 0.993505
0.788000 0.993493
0.792000 0.993482
0.796000 0.993471
0.800000 0.993460
0.804000 0.993449
0.808000 0.993438
0.812000 0.993428
0.816000 0.993417
0.820000 0.993407
0.824000 0.993397
0.828000 0.993386
0.832000 0.993376
0.836000 0.993367
0.840000 0.993357
0.844000 0.993347
0.848000 0.993338
0.852000 0.993328
0.856000 0.993319
0.860000 0.993310
0.864000 0.993301
0.868000 0.993292
0.872000 0.993284
0.876000 0.993275
0.880000 0.993267
0.884000 0.993258
0.888000 0.993250
0.892000 0.993242
0.896000 0.993234
0.900000 0.993226
0.904000 0.993219
0.908000 0.993211
0.912000 0.993204
0.916000 0.993197
0.920000 0.993189
0.924000 0.993182
0.928000 0.993176
0.932000 0.993169
0.936000 0.993162
0.940000 0.993156
0.944000 0.993149
0.948000 0.993143
0.952000 0.993137
0.956000 0.993131
0.960000 0.993125
0.964000 0.993119
0.968000 0.993113
0.972000 0.993107
0.976000 0.993101
0.980000 0.993094
0.984000 0.993087
0.988000 0.993080
0.992000 0.993072
0.996000 0.993062
1.000000 0.993050
