-1.000000 0.994892
-0.996000 0.994892
-0.992000 0.994892
-0.988000 0.994892
-0.984000 0.994892
-0.980000 0.994892
-0.976000 0.994892
-0.972000 0.994892
-0.968000 0.994892
-0.964000 0.994892
-0.960000 0.994892
-0.956000 0.994892
-0.952000 0.994892
-0.948000 0.994892
-0.944000 0.994892
-0.940000 0.994892
-0.936000 0.994892
-0.932000 0.994892
-0.928000 0.994892
-0.924000 0.994892
-0.920000 0.994892
-0.916000 0.994892
-0.912000 0.994892
-0.908000 0.994892
-0.904000 0.994892
-0.900000 0.994892
-0.896000 0.994892
-0.892000 0.994892
-0.888000 0.994892
-0.884000 0.994892
-0.880000 0.994892
-0.876000 0.994892
-0.872000 0.994892
-0.868000 0.994892
-0.864000 0.994892
-0.860000 0.994892
-0.856000 0.994892
-0.852000 0.994892
-0.848000 0.994892
-0.844000 0.994892
-0.840000 0.994892
-0.836000 0.994892
-0.832000 0.994892
-0.828000 0.994892
-0.824000 0.994892
-0.820000 0.994892
-0.816000 0.994892
-0.812000 0.994892
-0.808000 0.994892
-0.804000 0.994892
-0.800000 0.994892
-0.796000 0.994892
-0.792000 0.994892
-0.788000 0.994892
-0.784000 0.994892
-0.780000 0.994892
-0.776000 0.994892
-0.772000 0.994892
-0.768000 0.994892
-0.764000 0.994892
-0.760000 0.994892
-0.756000 0.994892
-0.752000 0.994892
-0.748000 0.994892
-0.744000 0.994892
-0.740000 0.994892
-0.736000 0.994892
-0.732000 0.994892
-0.728000 0.994892
-0.724000 0.994892
-0.720000 0.994892
-0.716000 0.994892
-0.712000 0.994892
-0.708000 0.994892
-0.704000 0.994892
-0.700000 0.994892
-0.696000 0.994892
-0.692000 0.994892
-0.688000 0.994892
-0.684000 0.994892
-0.680000 0.994892
-0.676000 0.994892
-0.672000 0.994892
-0.668000 0.994892
-0.664000 0.994892
-0.660000 0.994892
-0.656000 0.994892
-0.652000 0.994892
-0.648000 0.994892
-0.644000 0.994892
-0.640000 0.994892
-0.636000 0.994892
-0.632000 0.994892
-0.628000 0.994892
-0.624000 0.994892
-0.620000 0.994892
-0.616000 0.994892
-0.612000 0.994892
-0.608000 0.994892
-0.604000 0.994892
-0.600000 0.994892
-0.596000 0.994892
-0.592000 0.994892
-0.588000 0.994892
-0.584000 0.994892
-0.580000 0.994892
-0.576000 0.994892
-0.572000 0.994892
-0.568000 0.994892
-0.564000 0.994892
-0.560000 0.994892
-0.556000 0.994892
-0.552000 0.994892
-0.548000 0.994892
-0.544000 0.994892
-0.540000 0.994892
-0.536000 0.994892
-0.532000 0.994892
-0.528000 0.994892
-0.524000 0.994892
-0.520000 0.994892
-0.516000 0.994892
-0.512000 0.994892
-0.508000 0.994892
-0.504000 0.994892
-0.500000 0.994892
-0.496000 0.994892
-0.492000 0.994892
-0.488000 0.994892
-0.484000 0.994892
-0.480000 0.994892
-0.476000 0.994892
-0.472000 0.994892
-0.468000 0.994892
-0.464000 0.994892
-0.460000 0.994892
-0.456000 0.994892
-0.452000 0.994892
-0.448000 0.994892
-0.444000 0.994892
-0.440000 0.994892
-0.436000 0.994892
-0.432000 0.994892
-0.428000 0.994892
-0.424000 0.994892
-0.420000 0.994892
-0.416000 0.994892
-0.412000 0.994892
-0.408000 0.994892
-0.404000 0.994892
-0.400000 0.994892
-0.396000 0.994892
-0.392000 0.994892
-0.388000 0.994892
-0.384000 0.994892
-0.380000 0.994892
-0.376000 0.994892
-0.372000 0.994892
-0.368000 0.994892
-0.364000 0.994892
-0.360000 0.994892
-0.356000 0.994892
-0.352000 0.994892
-0.348000 0.994892
-0.344000 0.994892
-0.340000 0.994892
-0.336000 0.994892
-0.332000 0.994892
-0.328000 0.994892
-0.324000 0.994892
-0.320000 0.994892
-0.316000 0.994892
-0.312000 0.994892
-0.308000 0.994892
-0.304000 0.994892
-0.300000 0.994892
-0.296000 0.994892
-0.292000 0.994892
-0.288000 0.994892
-0.284000 0.994892
-0.280000 0.994892
-0.276000 0.994892
-0.272000 0.994892
-0.268000 0.994892
-0.264000 0.994892
-0.260000 0.994892
-0.256000 0.994892
-0.252000 0.994892
-0.248000 0.994892
-0.244000 0.994892
-0.240000 0.994892
-0.236000 0.994892
-0.232000 0.994892
-0.228000 0.994892
-0.224000 0.994892
-0.220000 0.994892
-0.216000 0.994892
-0.212000 0.994892
-0.208000 0.994892
-0.204000 0.994892
-0.200000 0.994892
-0.196000 0.994892
-0.192000 0.994892
-0.188000 0.994892
-0.184000 0.994892
-0.180000 0.994892
-0.176000 0.994892
-0.172000 0.994892
-0.168000 0.994892
-0.164000 0.994892
-0.160000 0.994891
-0.156000 0.994891
-0.152000 0.994891
-0.148000 0.994891
-0.144000 0.994891
-0.140000 0.994891
-0.136000 0.994891
-0.132000 0.994891
-0.128000 0.994891
-0.124000 0.994891
-0.120000 0.994891
-0.116000 0.994891
-0.112000 0.994891
-0.108000 0.994891
-0.104000 0.994891
-0.100000 0.994891
-0.096000 0.994890
-0.092000 0.994890
-0.088000 0.994890
-0.084000 0.994890
-0.080000 0.994890
-0.076000 0.994890
-0.072000 0.994890
-0.068000 0.994890
-0.064000 0.994889
-0.060000 0.994889
-0.056000 0.994889
-0.052000 0.994889
-0.048000 0.994889
-0.044000 0.994888
-0.040000 0.994888
-0.036000 0.994888
-0.032000 0.994888
-0.028000 0.994887
-0.024000 0.994887
-0.020000 0.994887
-0.016000 0.994886
-0.012000 0.994886
-0.008000 0.994886
-0.004000 0.994885
0.000000 0.994885
0.004000 0.994885
0.008000 0.994884
0.012000 0.994884
0.016000 0.994883
0.020000 0.994883
0.024000 0.994882
0.028000 0.994882
0.032000 0.994881
0.036000 0.994880
0.040000 0.994880
0.044000 0.994879
0.048000 0.994878
0.052000 0.994878
0.056000 0.994877
0.060000 0.994876
0.064000 0.994875
0.068000 0.994874
0.072000 0.994873
0.076000 0.994872
0.080000 0.994871
0.084000 0.994870
0.088000 0.994869
0.092000 0.994868
0.096000 0.994867
0.100000 0.994865
0.104000 0.994864
0.108000 0.994863
0.112000 0.994861
0.116000 0.994860
0.120000 0.994858
0.124000 0.994857
0.128000 0.994855
0.132000 0.994853
0.136000 0.994851
0.140000 0.994850
0.144000 0.994848
0.148000 0.994846
0.152000 0.994844
0.156000 0.994841
0.160000 0.994839
0.164000 0.994837
0.168000 0.994834
0.172000 0.994832
0.176000 0.994829
0.180000 0.994827
0.184000 0.994824
0.188000 0.994821
0.192000 0.994818
0.196000 0.994815
0.200000 0.994812
0.204000 0.994809
0.208000 0.994805
0.212000 0.994802
0.216000 0.994798
0.220000 0.994795
0.224000 0.994791
0.228000 0.994787
0.232000 0.994783
0.236000 0.994779
0.240000 0.994774
0.244000 0.994770
0.248000 0.994766
0.252000 0.994761
0.256000 0.994756
0.260000 0.994751
0.264000 0.994746
0.268000 0.994741
0.272000 0.994736
0.276000 0.994730
0.280000 0.994725
0.284000 0.994719
0.288000 0.994713
0.292000 0.994707
0.296000 0.994701
0.300000 0.994695
0.304000 0.994689
0.308000 0.994682
0.312000 0.994675
0.316000 0.994669
0.320000 0.994662
0.324000 0.994654
0.328000 0.994647
0.332000 0.994640
0.336000 0.994632
0.340000 0.994624
0.344000 0.994617
0.348000 0.994608
0.352000 0.994600
0.356000 0.994592
0.360000 0.994584
0.364000 0.994575
0.368000 0.994566
0.372000 0.994557
0.376000 0.994548
0.380000 0.994539
0.384000 0.994529
0.388000 0.994520
0.392000 0.994510
0.396000 0.994500
0.400000 0.994491
0.404000 0.994480
0.408000 0.994470
0.412000 0.994460
0.416000 0.994449
0.420000 0.994439
0.424000 0.994428
0.428000 0.994417
0.432000 0.994406
0.436000 0.994395
0.440000 0.994383
0.444000 0.994372
0.448000 0.994360
0.452000 0.994349
0.456000 0.994337
0.460000 0.994325
0.464000 0.994313
0.468000 0.994301
0.472000 0.994289
0.476000 0.994276
0.480000 0.994264
0.484000 0.994251
0.488000 0.994239
0.492000 0.994226
0.496000 0.994213
0.500000 0.994200
0.504000 0.994187
0.508000 0.994174
0.512000 0.994161
0.516000 0.994148
0.520000 0.994135
0.524000 0.994122
0.528000 0.994108
0.532000 0.994095
0.536000 0.994081
0.540000 0.994068
0.544000 0.994054
0.548000 0.994041
0.552000 0.994027
0.556000 0.994014
0.560000 0.994000
0.564000 0.993986
0.568000 0.993973
0.572000 0.993959
0.576000 0.993945
0.580000 0.993932
0.584000 0.993918
0.588000 0.993904
0.592000 0.993891
0.596000 0.993877
0.600000 0.993863
0.604000 0.993850
0.608000 0.993836
0.612000 0.993822
0.616000 0.993809
0.620000 0.993795
0.624000 0.993782
0.628000 0.993769
0.632000 0.993755
0.636000 0.993742
0.640000 0.993729
0.644000 0.993715
0.648000 0.993702
0.652000 0.993689
0.656000 0.993676
0.660000 0.993663
0.664000 0.993651
0.668000 0.993638
0.672000 0.993625
0.676000 0.993613
0.680000 0.993600
0.684000 0.993588
0.688000 0.993575
0.692000 0.993563
0.696000 0.993551
0.700000 0.993539
0.704000 0.993527
0.708000 0.993515
0.712000 0.993504
0.716000 0.993492
0.720000 0.993481
0.724000 0.993469
0.728000 0.993458
0.732000 0.993447
0.736000 0.993436
0.740000 0.993425
0.744000 0.993415
0.748000 0.993404
0.752000 0.993394
0.756000 0.993383
0.760000 0.993373
0.764000 0.993363
0.768000 0.993353
0.772000 0.993343
0.776000 0.993334
0.780000 0.993324
0.784000 0.993315
0.788000 0.993306
0.792000 0.993297
0.796000 0.993288
0.800000 0.993279
0.804000 0.993270
0.808000 0.993262
0.812000 0.993253
0.816000 0.993245
0.820000 0.993237
0.824000 0.993229
0.828000 0.993221
0.832000 0.993213
0.836000 0.993206
0.840000 0.993198
0.844000 0.993191
0.848000 0.993184
0.852000 0.993177
0.856000 0.993170
0.860000 0.993163
0.864000 0.993157
0.868000 0.993150
0.872000 0.993144
0.876000 0.993138
0.880000 0.993131
0.884000 0.993126
0.888000 0.993120
0.892000 0.993114
0.896000 0.993108
0.900000 0.993103
0.904000 0.993098
0.908000 0.993092
0.912000 0.993087
0.916000 0.993082
0.920000 0.993077
0.924000 0.993073
0.928000 0.993068
0.932000 0.993063
0.936000 0.993059
0.940000 0.993055
0.944000 0.993050
0.948000 0.993046
0.952000 0.993042
0.956000 0.993038
0.960000 0.993034
0.964000 0.993030
0.968000 0.993026
0.972000 0.993023
0.976000 0.993019
0.980000 0.993015
0.984000 0.993010
0.988000 0.993006
0.992000 0.993001
0.996000 0.992995
1.000000 0.992988
