-1.000000 0.994892
-0.996000 0.994892
-0.992000 0.994892
-0.988000 0.994892
-0.984000 0.994892
-0.980000 0.994892
-0.976000 0.994892
-0.972000 0.994892
-0.968000 0.994892
-0.964000 0.994892
-0.960000 0.994892
-0.956000 0.994892
-0.952000 0.994892
-0.948000 0.994892
-0.944000 0.994892
-0.940000 0.994892
-0.936000 0.994892
-0.932000 0.994892
-0.928000 0.994892
-0.924000 0.994892
-0.920000 0.994892
-0.916000 0.994892
-0.912000 0.994892
-0.908000 0.994892
-0.904000 0.994892
-0.900000 0.994892
-0.896000 0.994892
-0.892000 0.994892
-0.888000 0.994892
-0.884000 0.994892
-0.880000 0.994892
-0.876000 0.994892
-0.872000 0.994892
-0.868000 0.994892
-0.864000 0.994892
-0.860000 0.994892
-0.856000 0.994892
-0.852000 0.994892
-0.848000 0.994892
-0.844000 0.994892
-0.840000 0.994892
-0.836000 0.994892
-0.832000 0.994892
-0.828000 0.994892
-0.824000 0.994892
-0.820000 0.994892
-0.816000 0.994892
-0.812000 0.994892
-0.808000 0.994892
-0.804000 0.994892
-0.800000 0.994892
-0.796000 0.994892
-0.792000 0.994892
-0.788000 0.994892
-0.784000 0.994892
-0.780000 0.994892
-0.776000 0.994892
-0.772000 0.994892
-0.768000 0.994892
-0.764000 0.994892
-0.760000 0.994892
-0.756000 0.994892
-0.752000 0.994892
-0.748000 0.994892
-0.744000 0.994892
-0.740000 0.994892
-0.736000 0.994892
-0.732000 0.994892
-0.728000 0.994892
-0.724000 0.994892
-0.720000 0.994892
-0.716000 0.994892
-0.712000 0.994892
-0.708000 0.994892
-0.704000 0.994892
-0.700000 0.994892
-0.696000 0.994892
-0.692000 0.994892
-0.688000 0.994892
-0.684000 0.994892
-0.680000 0.994892
-0.676000 0.994892
-0.672000 0.994892
-0.668000 0.994892
-0.664000 0.994892
-0.660000 0.994892
-0.656000 0.994892
-0.652000 0.994892
-0.648000 0.994892
-0.644000 0.994892
-0.640000 0.994892
-0.636000 0.994892
-0.632000 0.994892
-0.628000 0.994892
-0.624000 0.994892
-0.620000 0.994892
-0.616000 0.994892
-0.612000 0.994892
-0.608000 0.994892
-0.604000 0.994892
-0.600000 0.994892
-0.596000 0.994892
-0.592000 0.994892
-0.588000 0.994892
-0.584000 0.994892
-0.580000 0.994892
-0.576000 0.994892
-0.572000 0.994892
-0.568000 0.994892
-0.564000 0.994892
-0.560000 0.994892
-0.556000 0.994892
-0.552000 0.994892
-0.548000 0.994892
-0.544000 0.994892
-0.540000 0.994892
-0.536000 0.994892
-0.532000 0.994892
-0.528000 0.994892
-0.524000 0.994892
-0.520000 0.994892
-0.516000 0.994892
-0.512000 0.994892
-0.508000 0.994892
-0.504000 0.994892
-0.500000 0.994892
-0.496000 0.994892
-0.492000 0.994892
-0.488000 0.994892
-0.484000 0.994892
-0.480000 0.994892
-0.476000 0.994892
-0.472000 0.994892
-0.468000 0.994892
-0.464000 0.994892
-0.460000 0.994892
-0.456000 0.994892
-0.452000 0.994892
-0.448000 0.994892
-0.444000 0.994892
-0.440000 0.994892
-0.436000 0.994892
-0.432000 0.994892
-0.428000 0.994892
-0.424000 0.994892
-0.420000 0.994891
-0.416000 0.994891
-0.412000 0.994891
-0.408000 0.994891
-0.404000 0.994891
-0.400000 0.994891
-0.396000 0.994891
-0.392000 0.994891
-0.388000 0.994891
-0.384000 0.994891
-0.380000 0.994891
-0.376000 0.994891
-0.372000 0.994891
-0.368000 0.994891
-0.364000 0.994890
-0.360000 0.994890
-0.356000 0.994890
-0.352000 0.994890
-0.348000 0.994890
-0.344000 0.994890
-0.340000 0.994889
-0.336000 0.994889
-0.332000 0.994889
-0.328000 0.994889
-0.324000 0.994889
-0.320000 0.994888
-0.316000 0.994888
-0.312000 0.994888
-0.308000 0.994887
-0.304000 0.994887
-0.300000 0.994887
-0.296000 0.994886
-0.292000 0.994886
-0.288000 0.994886
-0.284000 0.994885
-0.280000 0.994885
-0.276000 0.994884
-0.272000 0.994884
-0.268000 0.994883
-0.264000 0.994882
-0.260000 0.994882
-0.256000 0.994881
-0.252000 0.994880
-0.248000 0.994880
-0.244000 0.994879
-0.240000 0.994878
-0.236000 0.994877
-0.232000 0.994876
-0.228000 0.994875
-0.224000 0.994874
-0.220000 0.994873
-0.216000 0.994872
-0.212000 0.994871
-0.208000 0.994870
-0.204000 0.994868
-0.200000 0.994867
-0.196000 0.994866
-0.192000 0.994864
-0.188000 0.994862
-0.184000 0.994861
-0.180000 0.994859
-0.176000 0.994857
-0.172000 0.994855
-0.168000 0.994853
-0.164000 0.994851
-0.160000 0.994849
-0.156000 0.994847
-0.152000 0.994844
-0.148000 0.994842
-0.144000 0.994839
-0.140000 0.994837
-0.136000 0.994834
-0.132000 0.994831
-0.128000 0.994828
-0.124000 0.994825
-0.120000 0.994822
-0.116000 0.994818
-0.112000 0.994815
-0.108000 0.994811
-0.104000 0.994807
-0.100000 0.994803
-0.096000 0.994799
-0.092000 0.994795
-0.088000 0.994791
-0.084000 0.994786
-0.080000 0.994781
-0.076000 0.994777
-0.072000 0.994772
-0.068000 0.994767
-0.064000 0.994761
-0.060000 0.994756
-0.056000 0.994750
-0.052000 0.994744
-0.048000 0.994738
-0.044000 0.994732
-0.040000 0.994726
-0.036000 0.994719
-0.032000 0.994713
-0.028000 0.994706
-0.024000 0.994699
-0.020000 0.994691
-0.016000 0.994684
-0.012000 0.994676
-0.008000 0.994669
-0.004000 0.994661
0.000000 0.994652
0.004000 0.994644
0.008000 0.994635
0.012000 0.994627
0.016000 0.994618
0.020000 0.994608
0.024000 0.994599
0.028000 0.994589
0.032000 0.994580
0.036000 0.994570
0.040000 0.994560
0.044000 0.994549
0.048000 0.994539
0.052000 0.994528
0.056000 0.994517
0.060000 0.994506
0.064000 0.994494
0.068000 0.994483
0.072000 0.994471
0.076000 0.994459
0.080000 0.994447
0.084000 0.994435
0.088000 0.994423
0.092000 0.994410
0.096000 0.994397
0.100000 0.994385
0.104000 0.994371
0.108000 0.994358
0.112000 0.994345
0.116000 0.994331
0.120000 0.994318
0.124000 0.994304
0.128000 0.994290
0.132000 0.994276
0.136000 0.994262
0.140000 0.994247
0.144000 0.994233
0.148000 0.994218
0.152000 0.994204
0.156000 0.994189
0.160000 0.994174
0.164000 0.994159
0.168000 0.994144
0.172000 0.994129
0.176000 0.994114
0.180000 0.994099
0.184000 0.994083
0.188000 0.994068
0.192000 0.994053
0.196000 0.994037
0.200000 0.994022
0.204000 0.994006
0.208000 0.993990
0.212000 0.993975
0.216000 0.993959
0.220000 0.993944
0.224000 0.993928
0.228000 0.993913
0.232000 0.993897
0.236000 0.993881
0.240000 0.993866
0.244000 0.993850
0.248000 0.993835
0.252000 0.993819
0.256000 0.993804
0.260000 0.993789
0.264000 0.993773
0.268000 0.993758
0.272000 0.993743
0.276000 0.993728
0.280000 0.993713
0.284000 0.993698
0.288000 0.993683
0.292000 0.993669
0.296000 0.993654
0.300000 0.993640
0.304000 0.993625
0.308000 0.993611
0.312000 0.993597
0.316000 0.993583
0.320000 0.993569
0.324000 0.993555
0.328000 0.993541
0.332000 0.993528
0.336000 0.993514
0.340000 0.993501
0.344000 0.993488
0.348000 0.993475
0.352000 0.993462
0.356000 0.993450
0.360000 0.993437
0.364000 0.993425
0.368000 0.993413
0.372000 0.993401
0.376000 0.993389
0.380000 0.993378
0.384000 0.993366
0.388000 0.993355
0.392000 0.993344
0.396000 0.993333
0.400000 0.993322
0.404000 0.993312
0.408000 0.993301
0.412000 0.993291
0.416000 0.993281
0.420000 0.993271
0.424000 0.993262
0.428000 0.993252
0.432000 0.993243
0.436000 0.993234
0.440000 0.993225
0.444000 0.993216
0.448000 0.993207
0.452000 0.993199
0.456000 0.993191
0.460000 0.993182
0.464000 0.993175
0.468000 0.993167
0.472000 0.993159
0.476000 0.993152
0.480000 0.993145
0.484000 0.993138
0.488000 0.993131
0.492000 0.993124
0.496000 0.993117
0.500000 0.993111
0.504000 0.993105
0.508000 0.993099
0.512000 0.993093
0.516000 0.993087
0.520000 0.993081
0.524000 0.993076
0.528000 0.993071
0.532000 0.993065
0.536000 0.993060
0.540000 0.993055
0.544000 0.993051
0.548000 0.993046
0.552000 0.993042
0.556000 0.993037
0.560000 0.993033
0.564000 0.993029
0.568000 0.993025
0.572000 0.993021
0.576000 0.993017
0.580000 0.993013
0.584000 0.993010
0.588000 0.993006
0.592000 0.993003
0.596000 0.993000
0.600000 0.992997
0.604000 0.992994
0.608000 0.992991
0.612000 0.992988
0.616000 0.992985
0.620000 0.992983
0.624000 0.992980
0.628000 0.992978
0.632000 0.992975
0.636000 0.992973
0.640000 0.992971
0.644000 0.992969
0.648000 0.992967
0.652000 0.992965
0.656000 0.992963
0.660000 0.992961
0.664000 0.992959
0.668000 0.992957
0.672000 0.992956
0.676000 0.992954
0.680000 0.992953
0.684000 0.992951
0.688000 0.992950
0.692000 0.992948
0.696000 0.992947
0.700000 0.992946
0.704000 0.992945
0.708000 0.992944
0.712000 0.992942
0.716000 0.992941
0.720000 0.992940
0.724000 0.992939
0.728000 0.992938
0.732000 0.992938
0.736000 0.992937
0.740000 0.992936
0.744000 0.992935
0.748000 0.992934
0.752000 0.992934
0.756000 0.992933
0.760000 0.992932
0.764000 0.992932
0.768000 0.992931
0.772000 0.992930
0.776000 0.992930
0.780000 0.992929
0.784000 0.992929
0.788000 0.992928
0.792000 0.992928
0.796000 0.992927
0.800000 0.992927
0.804000 0.992927
0.808000 0.992926
0.812000 0.992926
0.816000 0.992925
0.820000 0.992925
0.824000 0.992925
0.828000 0.992925
0.832000 0.992924
0.836000 0.992924
0.840000 0.992924
0.844000 0.992923
0.848000 0.992923
0.852000 0.992923
0.856000 0.992923
0.860000 0.992923
0.864000 0.992922
0.868000 0.992922
0.872000 0.992922
0.876000 0.992922
0.880000 0.992922
0.884000 0.992922
0.888000 0.992921
0.892000 0.992921
0.896000 0.992921
0.900000 0.992921
0.904000 0.992921
0.908000 0.992921
0.912000 0.992921
0.916000 0.992921
0.920000 0.992921
0.924000 0.992920
0.928000 0.992920
0.932000 0.992920
0.936000 0.992920
0.940000 0.992920
0.944000 0.992920
0.948000 0.992920
0.952000 0.992920
0.956000 0.992920
0.960000 0.992920
0.964000 0.992920
0.968000 0.992920
0.972000 0.992920
0.976000 0.992920
0.980000 0.992920
0.984000 0.992920
0.988000 0.992920
0.992000 0.992919
0.996000 0.992919
1.000000 0.992919
