-1.000000 0.992919
-0.996000 0.992919
-0.992000 0.992919
-0.988000 0.992919
-0.984000 0.992919
-0.980000 0.992919
-0.976000 0.992919
-0.972000 0.992919
-0.968000 0.992919
-0.964000 0.992919
-0.960000 0.992919
-0.956000 0.992919
-0.952000 0.992919
-0.948000 0.992919
-0.944000 0.992919
-0.940000 0.992919
-0.936000 0.992919
-0.932000 0.992919
-0.928000 0.992919
-0.924000 0.992919
-0.920000 0.992919
-0.916000 0.992919
-0.912000 0.992919
-0.908000 0.992919
-0.904000 0.992919
-0.900000 0.992919
-0.896000 0.992919
-0.892000 0.992919
-0.888000 0.992919
-0.884000 0.992919
-0.880000 0.992919
-0.876000 0.992919
-0.872000 0.992919
-0.868000 0.992919
-0.864000 0.992919
-0.860000 0.992919
-0.856000 0.992919
-0.852000 0.992919
-0.848000 0.992919
-0.844000 0.992919
-0.840000 0.992919
-0.836000 0.992919
-0.832000 0.992919
-0.828000 0.992919
-0.824000 0.992919
-0.820000 0.992919
-0.816000 0.992920
-0.812000 0.992920
-0.808000 0.992920
-0.804000 0.992920
-0.800000 0.992920
-0.796000 0.992920
-0.792000 0.992920
-0.788000 0.992920
-0.784000 0.992920
-0.780000 0.992921
-0.776000 0.992921
-0.772000 0.992921
-0.768000 0.992921
-0.764000 0.992922
-0.760000 0.992922
-0.756000 0.992922
-0.752000 0.992923
-0.748000 0.992923
-0.744000 0.992924
-0.740000 0.992924
-0.736000 0.992925
-0.732000 0.992926
-0.728000 0.992927
-0.724000 0.992927
-0.720000 0.992928
-0.716000 0.992929
-0.712000 0.992931
-0.708000 0.992932
-0.704000 0.992933
-0.700000 0.992935
-0.696000 0.992936
-0.692000 0.992938
-0.688000 0.992940
-0.684000 0.992942
-0.680000 0.992945
-0.676000 0.992947
-0.672000 0.992950
-0.668000 0.992953
-0.664000 0.992956
-0.660000 0.992959
-0.656000 0.992963
-0.652000 0.992967
-0.648000 0.992971
-0.644000 0.992976
-0.640000 0.992981
-0.636000 0.992986
-0.632000 0.992992
-0.628000 0.992998
-0.624000 0.993005
-0.620000 0.993012
-0.616000 0.993019
-0.612000 0.993027
-0.608000 0.993036
-0.604000 0.993045
-0.600000 0.993054
-0.596000 0.993065
-0.592000 0.993075
-0.588000 0.993087
-0.584000 0.993099
-0.580000 0.993112
-0.576000 0.993126
-0.572000 0.993140
-0.568000 0.993155
-0.564000 0.993171
-0.560000 0.993188
-0.556000 0.993206
-0.552000 0.993225
-0.548000 0.993244
-0.544000 0.993265
-0.540000 0.993286
-0.536000 0.993309
-0.532000 0.993332
-0.528000 0.993357
-0.524000 0.993382
-0.520000 0.993409
-0.516000 0.993437
-0.512000 0.993466
-0.508000 0.993496
-0.504000 0.993527
-0.500000 0.993560
-0.496000 0.993594
-0.492000 0.993629
-0.488000 0.993665
-0.484000 0.993702
-0.480000 0.993741
-0.476000 0.993781
-0.472000 0.993822
-0.468000 0.993865
-0.464000 0.993908
-0.460000 0.993953
-0.456000 0.994000
-0.452000 0.994047
-0.448000 0.994096
-0.444000 0.994146
-0.440000 0.994197
-0.436000 0.994250
-0.432000 0.994304
-0.428000 0.994359
-0.424000 0.994415
-0.420000 0.994472
-0.416000 0.994531
-0.412000 0.994590
-0.408000 0.994651
-0.404000 0.994712
-0.400000 0.994775
-0.396000 0.994839
-0.392000 0.994903
-0.388000 0.994969
-0.384000 0.995035
-0.380000 0.995103
-0.376000 0.995171
-0.372000 0.995239
-0.368000 0.995309
-0.364000 0.995379
-0.360000 0.995450
-0.356000 0.995521
-0.352000 0.995593
-0.348000 0.995666
-0.344000 0.995738
-0.340000 0.995812
-0.336000 0.995885
-0.332000 0.995959
-0.328000 0.996033
-0.324000 0.996107
-0.320000 0.996181
-0.316000 0.996256
-0.312000 0.996330
-0.308000 0.996405
-0.304000 0.996479
-0.300000 0.996553
-0.296000 0.996627
-0.292000 0.996701
-0.288000 0.996774
-0.284000 0.996847
-0.280000 0.996920
-0.276000 0.996992
-0.272000 0.997064
-0.268000 0.997135
-0.264000 0.997206
-0.260000 0.997276
-0.256000 0.997345
-0.252000 0.997414
-0.248000 0.997482
-0.244000 0.997550
-0.240000 0.997616
-0.236000 0.997682
-0.232000 0.997747
-0.228000 0.997811
-0.224000 0.997874
-0.220000 0.997936
-0.216000 0.997997
-0.212000 0.998057
-0.208000 0.998117
-0.204000 0.998175
-0.200000 0.998232
-0.196000 0.998288
-0.192000 0.998343
-0.188000 0.998397
-0.184000 0.998450
-0.180000 0.998502
-0.176000 0.998552
-0.172000 0.998602
-0.168000 0.998650
-0.164000 0.998698
-0.160000 0.998744
-0.156000 0.998789
-0.152000 0.998833
-0.148000 0.998876
-0.144000 0.998918
-0.140000 0.998958
-0.136000 0.998998
-0.132000 0.999036
-0.128000 0.999074
-0.124000 0.999110
-0.120000 0.999145
-0.116000 0.999179
-0.112000 0.999213
-0.108000 0.999245
-0.104000 0.999276
-0.100000 0.999306
-0.096000 0.999335
-0.092000 0.999364
-0.088000 0.999391
-0.084000 0.999417
-0.080000 0.999443
-0.076000 0.999467
-0.072000 0.999491
-0.068000 0.999514
-0.064000 0.999536
-0.060000 0.999557
-0.056000 0.999578
-0.052000 0.999597
-0.048000 0.999616
-0.044000 0.999634
-0.040000 0.999652
-0.036000 0.999668
-0.032000 0.999684
-0.028000 0.999700
-0.024000 0.999715
-0.020000 0.999729
-0.016000 0.999742
-0.012000 0.999755
-0.008000 0.999768
-0.004000 0.999780
0.000000 0.999791
0.004000 0.999802
0.008000 0.999812
0.012000 0.999822
0.016000 0.999832
0.020000 0.999841
0.024000 0.999849
0.028000 0.999857
0.032000 0.999865
0.036000 0.999873
0.040000 0.999880
0.044000 0.999886
0.048000 0.999893
0.052000 0.999899
0.056000 0.999905
0.060000 0.999910
0.064000 0.999915
0.068000 0.999920
0.072000 0.999925
0.076000 0.999929
0.080000 0.999933
0.084000 0.999937
0.088000 0.999941
0.092000 0.999945
0.096000 0.999948
0.100000 0.999951
0.104000 0.999954
0.108000 0.999957
0.112000 0.999960
0.116000 0.999962
0.120000 0.999964
0.124000 0.999967
0.128000 0.999969
0.132000 0.999971
0.136000 0.999973
0.140000 0.999974
0.144000 0.999976
0.148000 0.999978
0.152000 0.999979
0.156000 0.999980
0.160000 0.999982
0.164000 0.999983
0.168000 0.999984
0.172000 0.999985
0.176000 0.999986
0.180000 0.999987
0.184000 0.999988
0.188000 0.999989
0.192000 0.999990
0.196000 0.999990
0.200000 0.999991
0.204000 0.999992
0.208000 0.999992
0.212000 0.999993
0.216000 0.999993
0.220000 0.999994
0.224000 0.999994
0.228000 0.999995
0.232000 0.999995
0.236000 0.999995
0.240000 0.999996
0.244000 0.999996
0.248000 0.999996
0.252000 0.999997
0.256000 0.999997
0.260000 0.999997
0.264000 0.999997
0.268000 0.999997
0.272000 0.999998
0.276000 0.999998
0.280000 0.999998
0.284000 0.999998
0.288000 0.999998
0.292000 0.999998
0.296000 0.999999
0.300000 0.999999
0.304000 0.999999
0.308000 0.999999
0.312000 0.999999
0.316000 0.999999
0.320000 0.999999
0.324000 0.999999
0.328000 0.999999
0.332000 0.999999
0.336000 0.999999
0.340000 0.999999
0.344000 0.999999
0.348000 0.999999
0.352000 1.000000
0.356000 1.000000
0.360000 1.000000
0.364000 1.000000
0.368000 1.000000
0.372000 1.000000
0.376000 1.000000
0.380000 1.000000
0.384000 1.000000
0.388000 1.000000
0.392000 1.000000
0.396000 1.000000
0.400000 1.000000
0.404000 1.000000
0.408000 1.000000
0.412000 1.000000
0.416000 1.000000
0.420000 1.000000
0.424000 1.000000
0.428000 1.000000
0.432000 1.000000
0.436000 1.000000
0.440000 1.000000
0.444000 1.000000
0.448000 1.000000
0.452000 1.000000
0.456000 1.000000
0.460000 1.000000
0.464000 1.000000
0.468000 1.000000
0.472000 1.000000
0.476000 1.000000
0.480000 1.000000
0.484000 1.000000
0.488000 1.000000
0.492000 1.000000
0.496000 1.000000
0.500000 1.000000
0.504000 1.000000
0.508000 1.000000
0.512000 1.000000
0.516000 1.000000
0.520000 1.000000
0.524000 1.000000
0.528000 1.000000
0.532000 1.000000
0.536000 1.000000
0.540000 1.000000
0.544000 1.000000
0.548000 1.000000
0.552000 1.000000
0.556000 1.000000
0.560000 1.000000
0.564000 1.000000
0.568000 1.000000
0.572000 1.000000
0.576000 1.000000
0.580000 1.000000
0.584000 1.000000
0.588000 1.000000
0.592000 1.000000
0.596000 1.000000
0.600000 1.000000
0.604000 1.000000
0.608000 1.000000
0.612000 1.000000
0.616000 1.000000
0.620000 1.000000
0.624000 1.000000
0.628000 1.000000
0.632000 1.000000
0.636000 1.000000
0.640000 1.000000
0.644000 1.000000
0.648000 1.000000
0.652000 1.000000
0.656000 1.000000
0.660000 1.000000
0.664000 1.000000
0.668000 1.000000
0.672000 1.000000
0.676000 1.000000
0.680000 1.000000
0.684000 1.000000
0.688000 1.000000
0.692000 1.000000
0.696000 1.000000
0.700000 1.000000
0.704000 1.000000
0.708000 1.000000
0.712000 1.000000
0.716000 1.000000
0.720000 1.000000
0.724000 1.000000
0.728000 1.000000
0.732000 1.000000
0.736000 1.000000
0.740000 1.000000
0.744000 1.000000
0.748000 1.000000
0.752000 1.000000
0.756000 1.000000
0.760000 1.000000
0.764000 1.000000
0.768000 1.000000
0.772000 1.000000
0.776000 1.000000
0.780000 1.000000
0.784000 1.000000
0.788000 1.000000
0.792000 1.000000
0.796000 1.000000
0.800000 1.000000
0.804000 1.000000
0.808000 1.000000
0.812000 1.000000
0.816000 1.000000
0.820000 1.000000
0.824000 1.000000
0.828000 1.000000
0.832000 1.000000
0.836000 1.000000
0.840000 1.000000
0.844000 1.000000
0.848000 1.000000
0.852000 1.000000
0.856000 1.000000
0.860000 1.000000
0.864000 1.000000
0.868000 1.000000
0.872000 1.000000
0.876000 1.000000
0.880000 1.000000
0.884000 1.000000
0.888000 1.000000
0.892000 1.000000
0.896000 1.000000
0.900000 1.000000
0.904000 1.000000
0.908000 1.000000
0.912000 1.000000
0.916000 1.000000
0.920000 1.000000
0.924000 1.000000
0.928000 1.000000
0.932000 1.000000
0.936000 1.000000
0.940000 1.000000
0.944000 1.000000
0.948000 1.000000
0.952000 1.000000
0.956000 1.000000
0.960000 1.000000
0.964000 1.000000
0.968000 1.000000
0.972000 1.000000
0.976000 1.000000
0.980000 1.000000
0.984000 1.000000
0.988000 1.000000
0.992000 1.000000
0.996000 1.000000
1.000000 1.000000
