-1.000000 0.994892
-0.996000 0.994892
-0.992000 0.994892
-0.988000 0.994892
-0.984000 0.994892
-0.980000 0.994892
-0.976000 0.994892
-0.972000 0.994892
-0.968000 0.994892
-0.964000 0.994892
-0.960000 0.994892
-0.956000 0.994892
-0.952000 0.994892
-0.948000 0.994892
-0.944000 0.994892
-0.940000 0.994892
-0.936000 0.994892
-0.932000 0.994892
-0.928000 0.994892
-0.924000 0.994892
-0.920000 0.994892
-0.916000 0.994892
-0.912000 0.994892
-0.908000 0.994892
-0.904000 0.994892
-0.900000 0.994892
-0.896000 0.994892
-0.892000 0.994892
-0.888000 0.994892
-0.884000 0.994892
-0.880000 0.994892
-0.876000 0.994892
-0.872000 0.994892
-0.868000 0.994892
-0.864000 0.994892
-0.860000 0.994892
-0.856000 0.994892
-0.852000 0.994892
-0.848000 0.994892
-0.844000 0.994892
-0.840000 0.994892
-0.836000 0.994892
-0.832000 0.994892
-0.828000 0.994892
-0.824000 0.994892
-0.820000 0.994892
-0.816000 0.994892
-0.812000 0.994892
-0.808000 0.994892
-0.804000 0.994892
-0.800000 0.994892
-0.796000 0.994892
-0.792000 0.994892
-0.788000 0.994892
-0.784000 0.994892
-0.780000 0.994892
-0.776000 0.994892
-0.772000 0.994892
-0.768000 0.994892
-0.764000 0.994892
-0.760000 0.994892
-0.756000 0.994892
-0.752000 0.994892
-0.748000 0.994892
-0.744000 0.994892
-0.740000 0.994892
-0.736000 0.994892
-0.732000 0.994892
-0.728000 0.994892
-0.724000 0.994892
-0.720000 0.994892
-0.716000 0.994892
-0.712000 0.994892
-0.708000 0.994892
-0.704000 0.994892
-0.700000 0.994892
-0.696000 0.994892
-0.692000 0.994892
-0.688000 0.994892
-0.684000 0.994892
-0.680000 0.994892
-0.676000 0.994892
-0.672000 0.994892
-0.668000 0.994892
-0.664000 0.994892
-0.660000 0.994892
-0.656000 0.994892
-0.652000 0.994892
-0.648000 0.994892
-0.644000 0.994892
-0.640000 0.994892
-0.636000 0.994892
-0.632000 0.994892
-0.628000 0.994892
-0.624000 0.994892
-0.620000 0.994892
-0.616000 0.994892
-0.612000 0.994892
-0.608000 0.994892
-0.604000 0.994892
-0.600000 0.994892
-0.596000 0.994892
-0.592000 0.994892
-0.588000 0.994892
-0.584000 0.994892
-0.580000 0.994892
-0.576000 0.994892
-0.572000 0.994892
-0.568000 0.994892
-0.564000 0.994892
-0.560000 0.994892
-0.556000 0.994892
-0.552000 0.994892
-0.548000 0.994892
-0.544000 0.994892
-0.540000 0.994892
-0.536000 0.994892
-0.532000 0.994892
-0.528000 0.994892
-0.524000 0.994892
-0.520000 0.994892
-0.516000 0.994892
-0.512000 0.994892
-0.508000 0.994892
-0.504000 0.994892
-0.500000 0.994892
-0.496000 0.994892
-0.492000 0.994892
-0.488000 0.994892
-0.484000 0.994892
-0.480000 0.994892
-0.476000 0.994892
-0.472000 0.994892
-0.468000 0.994892
-0.464000 0.994892
-0.460000 0.994892
-0.456000 0.994892
-0.452000 0.994892
-0.448000 0.994892
-0.444000 0.994892
-0.440000 0.994892
-0.436000 0.994892
-0.432000 0.994892
-0.428000 0.994892
-0.424000 0.994892
-0.420000 0.994892
-0.416000 0.994892
-0.412000 0.994892
-0.408000 0.994892
-0.404000 0.994891
-0.400000 0.994891
-0.396000 0.994891
-0.392000 0.994891
-0.388000 0.994891
-0.384000 0.994891
-0.380000 0.994891
-0.376000 0.994891
-0.372000 0.994891
-0.368000 0.994891
-0.364000 0.994891
-0.360000 0.994891
-0.356000 0.994891
-0.352000 0.994890
-0.348000 0.994890
-0.344000 0.994890
-0.340000 0.994890
-0.336000 0.994890
-0.332000 0.994890
-0.328000 0.994890
-0.324000 0.994889
-0.320000 0.994889
-0.316000 0.994889
-0.312000 0.994889
-0.308000 0.994889
-0.304000 0.994888
-0.300000 0.994888
-0.296000 0.994888
-0.292000 0.994887
-0.288000 0.994887
-0.284000 0.994887
-0.280000 0.994886
-0.276000 0.994886
-0.272000 0.994886
-0.268000 0.994885
-0.264000 0.994885
-0.260000 0.994884
-0.256000 0.994884
-0.252000 0.994883
-0.248000 0.994882
-0.244000 0.994882
-0.240000 0.994881
-0.236000 0.994880
-0.232000 0.994880
-0.228000 0.994879
-0.224000 0.994878
-0.220000 0.994877
-0.216000 0.994876
-0.212000 0.994875
-0.208000 0.994874
-0.204000 0.994873
-0.200000 0.994872
-0.196000 0.994871
-0.192000 0.994870
-0.188000 0.994868
-0.184000 0.994867
-0.180000 0.994866
-0.176000 0.994864
-0.172000 0.994863
-0.168000 0.994861
-0.164000 0.994859
-0.160000 0.994857
-0.156000 0.994855
-0.152000 0.994854
-0.148000 0.994851
-0.144000 0.994849
-0.140000 0.994847
-0.136000 0.994845
-0.132000 0.994842
-0.128000 0.994840
-0.124000 0.994837
-0.120000 0.994834
-0.116000 0.994832
-0.112000 0.994829
-0.108000 0.994825
-0.104000 0.994822
-0.100000 0.994819
-0.096000 0.994815
-0.092000 0.994812
-0.088000 0.994808
-0.084000 0.994804
-0.080000 0.994800
-0.076000 0.994796
-0.072000 0.994792
-0.068000 0.994787
-0.064000 0.994783
-0.060000 0.994778
-0.056000 0.994773
-0.052000 0.994768
-0.048000 0.994763
-0.044000 0.994758
-0.040000 0.994752
-0.036000 0.994747
-0.032000 0.994741
-0.028000 0.994735
-0.024000 0.994728
-0.020000 0.994722
-0.016000 0.994715
-0.012000 0.994709
-0.008000 0.994702
-0.004000 0.994695
0.000000 0.994687
0.004000 0.994680
0.008000 0.994672
0.012000 0.994664
0.016000 0.994656
0.020000 0.994648
0.024000 0.994640
0.028000 0.994631
0.032000 0.994622
0.036000 0.994613
0.040000 0.994604
0.044000 0.994595
0.048000 0.994585
0.052000 0.994575
0.056000 0.994565
0.060000 0.994555
0.064000 0.994545
0.068000 0.994534
0.072000 0.994523
0.076000 0.994513
0.080000 0.994501
0.084000 0.994490
0.088000 0.994479
0.092000 0.994467
0.096000 0.994455
0.100000 0.994443
0.104000 0.994431
0.108000 0.994419
0.112000 0.994406
0.116000 0.994394
0.120000 0.994381
0.124000 0.994368
0.128000 0.994355
0.132000 0.994341
0.136000 0.994328
0.140000 0.994314
0.144000 0.994300
0.148000 0.994287
0.152000 0.994273
0.156000 0.994259
0.160000 0.994244
0.164000 0.994230
0.168000 0.994216
0.172000 0.994201
0.176000 0.994186
0.180000 0.994172
0.184000 0.994157
0.188000 0.994142
0.192000 0.994127
0.196000 0.994112
0.200000 0.994097
0.204000 0.994081
0.208000 0.994066
0.212000 0.994051
0.216000 0.994036
0.220000 0.994020
0.224000 0.994005
0.228000 0.993989
0.232000 0.993974
0.236000 0.993958
0.240000 0.993943
0.244000 0.993927
0.248000 0.993912
0.252000 0.993897
0.256000 0.993881
0.260000 0.993866
0.264000 0.993850
0.268000 0.993835
0.272000 0.993820
0.276000 0.993804
0.280000 0.993789
0.284000 0.993774
0.288000 0.993759
0.292000 0.993744
0.296000 0.993729
0.300000 0.993714
0.304000 0.993699
0.308000 0.993685
0.312000 0.993670
0.316000 0.993656
0.320000 0.993641
0.324000 0.993627
0.328000 0.993613
0.332000 0.993599
0.336000 0.993585
0.340000 0.993571
0.344000 0.993557
0.348000 0.993544
0.352000 0.993530
0.356000 0.993517
0.360000 0.993504
0.364000 0.993491
0.368000 0.993478
0.372000 0.993465
0.376000 0.993453
0.380000 0.993440
0.384000 0.993428
0.388000 0.993416
0.392000 0.993404
0.396000 0.993392
0.400000 0.993381
0.404000 0.993369
0.408000 0.993358
0.412000 0.993347
0.416000 0.993336
0.420000 0.993326
0.424000 0.993315
0.428000 0.993305
0.432000 0.993294
0.436000 0.993284
0.440000 0.993275
0.444000 0.993265
0.448000 0.993255
0.452000 0.993246
0.456000 0.993237
0.460000 0.993228
0.464000 0.993219
0.468000 0.993211
0.472000 0.993202
0.476000 0.993194
0.480000 0.993186
0.484000 0.993178
0.488000 0.993170
0.492000 0.993163
0.496000 0.993155
0.500000 0.993148
0.504000 0.993141
0.508000 0.993134
0.512000 0.993127
0.516000 0.993121
0.520000 0.993114
0.524000 0.993108
0.528000 0.993102
0.532000 0.993096
0.536000 0.993090
0.540000 0.993084
0.544000 0.993079
0.548000 0.993074
0.552000 0.993068
0.556000 0.993063
0.560000 0.993058
0.564000 0.993053
0.568000 0.993049
0.572000 0.993044
0.576000 0.993040
0.580000 0.993035
0.584000 0.993031
0.588000 0.993027
0.592000 0.993023
0.596000 0.993020
0.600000 0.993016
0.604000 0.993012
0.608000 0.993009
0.612000 0.993005
0.616000 0.993002
0.620000 0.992999
0.624000 0.992996
0.628000 0.992993
0.632000 0.992990
0.636000 0.992987
0.640000 0.992985
0.644000 0.992982
0.648000 0.992980
0.652000 0.992977
0.656000 0.992975
0.660000 0.992973
0.664000 0.992970
0.668000 0.992968
0.672000 0.992966
0.676000 0.992964
0.680000 0.992962
0.684000 0.992961
0.688000 0.992959
0.692000 0.992957
0.696000 0.992956
0.700000 0.992954
0.704000 0.992952
0.708000 0.992951
0.712000 0.992950
0.716000 0.992948
0.720000 0.992947
0.724000 0.992946
0.728000 0.992945
0.732000 0.992943
0.736000 0.992942
0.740000 0.992941
0.744000 0.992940
0.748000 0.992939
0.752000 0.992938
0.756000 0.992937
0.760000 0.992937
0.764000 0.992936
0.768000 0.992935
0.772000 0.992934
0.776000 0.992934
0.780000 0.992933
0.784000 0.992932
0.788000 0.992932
0.792000 0.992931
0.796000 0.992930
0.800000 0.992930
0.804000 0.992929
0.808000 0.992929
0.812000 0.992928
0.816000 0.992928
0.820000 0.992927
0.824000 0.992927
0.828000 0.992927
0.832000 0.992926
0.836000 0.992926
0.840000 0.992926
0.844000 0.992925
0.848000 0.992925
0.852000 0.992925
0.856000 0.992924
0.860000 0.992924
0.864000 0.992924
0.868000 0.992923
0.872000 0.992923
0.876000 0.992923
0.880000 0.992923
0.884000 0.992923
0.888000 0.992922
0.892000 0.992922
0.896000 0.992922
0.900000 0.992922
0.904000 0.992922
0.908000 0.992922
0.912000 0.992921
0.916000 0.992921
0.920000 0.992921
0.924000 0.992921
0.928000 0.992921
0.932000 0.992921
0.936000 0.992921
0.940000 0.992921
0.944000 0.992921
0.948000 0.992920
0.952000 0.992920
0.956000 0.992920
0.960000 0.992920
0.964000 0.992920
0.968000 0.992920
0.972000 0.992920
0.976000 0.992920
0.980000 0.992920
0.984000 0.992920
0.988000 0.992920
0.992000 0.992920
0.996000 0.992920
1.000000 0.992919
