-1.000000 0.994892
-0.996000 0.994892
-0.992000 0.994892
-0.988000 0.994892
-0.984000 0.994892
-0.980000 0.994892
-0.976000 0.994892
-0.972000 0.994892
-0.968000 0.994892
-0.964000 0.994892
-0.960000 0.994892
-0.956000 0.994892
-0.952000 0.994892
-0.948000 0.994892
-0.944000 0.994892
-0.940000 0.994892
-0.936000 0.994892
-0.932000 0.994892
-0.928000 0.994892
-0.924000 0.994892
-0.920000 0.994892
-0.916000 0.994892
-0.912000 0.994892
-0.908000 0.994892
-0.904000 0.994892
-0.900000 0.994892
-0.896000 0.994892
-0.892000 0.994892
-0.888000 0.994892
-0.884000 0.994892
-0.880000 0.994892
-0.876000 0.994892
-0.872000 0.994892
-0.868000 0.994892
-0.864000 0.994892
-0.860000 0.994892
-0.856000 0.994892
-0.852000 0.994892
-0.848000 0.994892
-0.844000 0.994892
-0.840000 0.994892
-0.836000 0.994892
-0.832000 0.994892
-0.828000 0.994892
-0.824000 0.994892
-0.820000 0.994892
-0.816000 0.994892
-0.812000 0.994892
-0.808000 0.994892
-0.804000 0.994892
-0.800000 0.994892
-0.796000 0.994892
-0.792000 0.994892
-0.788000 0.994892
-0.784000 0.994892
-0.780000 0.994892
-0.776000 0.994892
-0.772000 0.994892
-0.768000 0.994892
-0.764000 0.994892
-0.760000 0.994892
-0.756000 0.994892
-0.752000 0.994892
-0.748000 0.994892
-0.744000 0.994892
-0.740000 0.994892
-0.736000 0.994892
-0.732000 0.994892
-0.728000 0.994892
-0.724000 0.994892
-0.720000 0.994892
-0.716000 0.994892
-0.712000 0.994892
-0.708000 0.994892
-0.704000 0.994892
-0.700000 0.994892
-0.696000 0.994892
-0.692000 0.994892
-0.688000 0.994892
-0.684000 0.994892
-0.680000 0.994892
-0.676000 0.994892
-0.672000 0.994892
-0.668000 0.994892
-0.664000 0.994892
-0.660000 0.994892
-0.656000 0.994892
-0.652000 0.994892
-0.648000 0.994892
-0.644000 0.994892
-0.640000 0.994892
-0.636000 0.994892
-0.632000 0.994892
-0.628000 0.994892
-0.624000 0.994892
-0.620000 0.994892
-0.616000 0.994892
-0.612000 0.994892
-0.608000 0.994892
-0.604000 0.994892
-0.600000 0.994892
-0.596000 0.994892
-0.592000 0.994892
-0.588000 0.994892
-0.584000 0.994892
-0.580000 0.994892
-0.576000 0.994892
-0.572000 0.994892
-0.568000 0.994892
-0.564000 0.994892
-0.560000 0.994892
-0.556000 0.994892
-0.552000 0.994892
-0.548000 0.994892
-0.544000 0.994892
-0.540000 0.994892
-0.536000 0.994892
-0.532000 0.994892
-0.528000 0.994892
-0.524000 0.994892
-0.520000 0.994892
-0.516000 0.994892
-0.512000 0.994892
-0.508000 0.994892
-0.504000 0.994892
-0.500000 0.994892
-0.496000 0.994892
-0.492000 0.994892
-0.488000 0.994892
-0.484000 0.994892
-0.480000 0.994892
-0.476000 0.994892
-0.472000 0.994892
-0.468000 0.994892
-0.464000 0.994892
-0.460000 0.994892
-0.456000 0.994892
-0.452000 0.994892
-0.448000 0.994892
-0.444000 0.994892
-0.440000 0.994892
-0.436000 0.994892
-0.432000 0.994892
-0.428000 0.994892
-0.424000 0.994892
-0.420000 0.994892
-0.416000 0.994892
-0.412000 0.994892
-0.408000 0.994892
-0.404000 0.994892
-0.400000 0.994892
-0.396000 0.994892
-0.392000 0.994892
-0.388000 0.994892
-0.384000 0.994892
-0.380000 0.994892
-0.376000 0.994892
-0.372000 0.994892
-0.368000 0.994892
-0.364000 0.994892
-0.360000 0.994892
-0.356000 0.994892
-0.352000 0.994892
-0.348000 0.994892
-0.344000 0.994892
-0.340000 0.994892
-0.336000 0.994892
-0.332000 0.994892
-0.328000 0.994892
-0.324000 0.994892
-0.320000 0.994892
-0.316000 0.994892
-0.312000 0.994892
-0.308000 0.994892
-0.304000 0.994892
-0.300000 0.994892
-0.296000 0.994892
-0.292000 0.994892
-0.288000 0.994892
-0.284000 0.994892
-0.280000 0.994892
-0.276000 0.994892
-0.272000 0.994892
-0.268000 0.994892
-0.264000 0.994892
-0.260000 0.994892
-0.256000 0.994892
-0.252000 0.994892
-0.248000 0.994892
-0.244000 0.994892
-0.240000 0.994892
-0.236000 0.994892
-0.232000 0.994892
-0.228000 0.994892
-0.224000 0.994892
-0.220000 0.994892
-0.216000 0.994892
-0.212000 0.994892
-0.208000 0.994892
-0.204000 0.994892
-0.200000 0.994892
-0.196000 0.994892
-0.192000 0.994892
-0.188000 0.994892
-0.184000 0.994892
-0.180000 0.994892
-0.176000 0.994892
-0.172000 0.994892
-0.168000 0.994892
-0.164000 0.994892
-0.160000 0.994892
-0.156000 0.994892
-0.152000 0.994892
-0.148000 0.994892
-0.144000 0.994892
-0.140000 0.994892
-0.136000 0.994892
-0.132000 0.994892
-0.128000 0.994892
-0.124000 0.994892
-0.120000 0.994891
-0.116000 0.994891
-0.112000 0.994891
-0.108000 0.994891
-0.104000 0.994891
-0.100000 0.994891
-0.096000 0.994891
-0.092000 0.994891
-0.088000 0.994891
-0.084000 0.994891
-0.080000 0.994891
-0.076000 0.994891
-0.072000 0.994891
-0.068000 0.994891
-0.064000 0.994891
-0.060000 0.994890
-0.056000 0.994890
-0.052000 0.994890
-0.048000 0.994890
-0.044000 0.994890
-0.040000 0.994890
-0.036000 0.994890
-0.032000 0.994890
-0.028000 0.994889
-0.024000 0.994889
-0.020000 0.994889
-0.016000 0.994889
-0.012000 0.994889
-0.008000 0.994889
-0.004000 0.994888
0.000000 0.994888
0.004000 0.994888
0.008000 0.994888
0.012000 0.994887
0.016000 0.994887
0.020000 0.994887
0.024000 0.994886
0.028000 0.994886
0.032000 0.994886
0.036000 0.994885
0.040000 0.994885
0.044000 0.994885
0.048000 0.994884
0.052000 0.994884
0.056000 0.994883
0.060000 0.994883
0.064000 0.994882
0.068000 0.994882
0.072000 0.994881
0.076000 0.994880
0.080000 0.994880
0.084000 0.994879
0.088000 0.994878
0.092000 0.994878
0.096000 0.994877
0.100000 0.994876
0.104000 0.994875
0.108000 0.994874
0.112000 0.994874
0.116000 0.994873
0.120000 0.994872
0.124000 0.994871
0.128000 0.994869
0.132000 0.994868
0.136000 0.994867
0.140000 0.994866
0.144000 0.994865
0.148000 0.994863
0.152000 0.994862
0.156000 0.994861
0.160000 0.994859
0.164000 0.994858
0.168000 0.994856
0.172000 0.994854
0.176000 0.994853
0.180000 0.994851
0.184000 0.994849
0.188000 0.994847
0.192000 0.994845
0.196000 0.994843
0.200000 0.994841
0.204000 0.994838
0.208000 0.994836
0.212000 0.994834
0.216000 0.994831
0.220000 0.994829
0.224000 0.994826
0.228000 0.994823
0.232000 0.994820
0.236000 0.994818
0.240000 0.994814
0.244000 0.994811
0.248000 0.994808
0.252000 0.994805
0.256000 0.994801
0.260000 0.994798
0.264000 0.994794
0.268000 0.994791
0.272000 0.994787
0.276000 0.994783
0.280000 0.994779
0.284000 0.994774
0.288000 0.994770
0.292000 0.994766
0.296000 0.994761
0.300000 0.994757
0.304000 0.994752
0.308000 0.994747
0.312000 0.994742
0.316000 0.994737
0.320000 0.994731
0.324000 0.994726
0.328000 0.994720
0.332000 0.994715
0.336000 0.994709
0.340000 0.994703
0.344000 0.994697
0.348000 0.994690
0.352000 0.994684
0.356000 0.994677
0.360000 0.994671
0.364000 0.994664
0.368000 0.994657
0.372000 0.994650
0.376000 0.994643
0.380000 0.994635
0.384000 0.994628
0.388000 0.994620
0.392000 0.994612
0.396000 0.994604
0.400000 0.994596
0.404000 0.994588
0.408000 0.994579
0.412000 0.994571
0.416000 0.994562
0.420000 0.994553
0.424000 0.994544
0.428000 0.994535
0.432000 0.994526
0.436000 0.994516
0.440000 0.994507
0.444000 0.994497
0.448000 0.994487
0.452000 0.994477
0.456000 0.994467
0.460000 0.994457
0.464000 0.994447
0.468000 0.994436
0.472000 0.994425
0.476000 0.994415
0.480000 0.994404
0.484000 0.994393
0.488000 0.994382
0.492000 0.994370
0.496000 0.994359
0.500000 0.994347
0.504000 0.994336
0.508000 0.994324
0.512000 0.994312
0.516000 0.994300
0.520000 0.994288
0.524000 0.994276
0.528000 0.994264
0.532000 0.994252
0.536000 0.994239
0.540000 0.994227
0.544000 0.994214
0.548000 0.994201
0.552000 0.994189
0.556000 0.994176
0.560000 0.994163
0.564000 0.994150
0.568000 0.994137
0.572000 0.994124
0.576000 0.994111
0.580000 0.994098
0.584000 0.994084
0.588000 0.994071
0.592000 0.994058
0.596000 0.994044
0.600000 0.994031
0.604000 0.994018
0.608000 0.994004
0.612000 0.993991
0.616000 0.993977
0.620000 0.993964
0.624000 0.993950
0.628000 0.993937
0.632000 0.993923
0.636000 0.993910
0.640000 0.993896
0.644000 0.993883
0.648000 0.993870
0.652000 0.993856
0.656000 0.993843
0.660000 0.993829
0.664000 0.993816
0.668000 0.993803
0.672000 0.993789
0.676000 0.993776
0.680000 0.993763
0.684000 0.993750
0.688000 0.993737
0.692000 0.993724
0.696000 0.993711
0.700000 0.993698
0.704000 0.993685
0.708000 0.993672
0.712000 0.993660
0.716000 0.993647
0.720000 0.993635
0.724000 0.993622
0.728000 0.993610
0.732000 0.993597
0.736000 0.993585
0.740000 0.993573
0.744000 0.993561
0.748000 0.993549
0.752000 0.993537
0.756000 0.993526
0.760000 0.993514
0.764000 0.993503
0.768000 0.993491
0.772000 0.993480
0.776000 0.993469
0.780000 0.993458
0.784000 0.993447
0.788000 0.993436
0.792000 0.993426
0.796000 0.993415
0.800000 0.993405
0.804000 0.993394
0.808000 0.993384
0.812000 0.993374
0.816000 0.993364
0.820000 0.993354
0.824000 0.993345
0.828000 0.993335
0.832000 0.993326
0.836000 0.993317
0.840000 0.993308
0.844000 0.993299
0.848000 0.993290
0.852000 0.993281
0.856000 0.993272
0.860000 0.993264
0.864000 0.993256
0.868000 0.993247
0.872000 0.993239
0.876000 0.993232
0.880000 0.993224
0.884000 0.993216
0.888000 0.993209
0.892000 0.993201
0.896000 0.993194
0.900000 0.993187
0.904000 0.993180
0.908000 0.993173
0.912000 0.993166
0.916000 0.993160
0.920000 0.993153
0.924000 0.993147
0.928000 0.993141
0.932000 0.993135
0.936000 0.993129
0.940000 0.993123
0.944000 0.993117
0.948000 0.993111
0.952000 0.993106
0.956000 0.993100
0.960000 0.993095
0.964000 0.993090
0.968000 0.993084
0.972000 0.993079
0.976000 0.993074
0.980000 0.993068
0.984000 0.993062
0.988000 0.993055
0.992000 0.993048
0.996000 0.993040
1.000000 0.993029
