-1.000000 0.994892
-0.996000 0.994892
-0.992000 0.994892
-0.988000 0.994892
-0.984000 0.994892
-0.980000 0.994892
-0.976000 0.994892
-0.972000 0.994892
-0.968000 0.994892
-0.964000 0.994892
-0.960000 0.994892
-0.956000 0.994892
-0.952000 0.994892
-0.948000 0.994892
-0.944000 0.994892
-0.940000 0.994892
-0.936000 0.994892
-0.932000 0.994892
-0.928000 0.994892
-0.924000 0.994892
-0.920000 0.994892
-0.916000 0.994892
-0.912000 0.994892
-0.908000 0.994892
-0.904000 0.994892
-0.900000 0.994892
-0.896000 0.994892
-0.892000 0.994892
-0.888000 0.994892
-0.884000 0.994892
-0.880000 0.994892
-0.876000 0.994892
-0.872000 0.994892
-0.868000 0.994892
-0.864000 0.994892
-0.860000 0.994892
-0.856000 0.994892
-0.852000 0.994892
-0.848000 0.994892
-0.844000 0.994892
-0.840000 0.994892
-0.836000 0.994892
-0.832000 0.994892
-0.828000 0.994892
-0.824000 0.994892
-0.820000 0.994892
-0.816000 0.994892
-0.812000 0.994892
-0.808000 0.994892
-0.804000 0.994892
-0.800000 0.994892
-0.796000 0.994892
-0.792000 0.994892
-0.788000 0.994892
-0.784000 0.994892
-0.780000 0.994892
-0.776000 0.994892
-0.772000 0.994892
-0.768000 0.994892
-0.764000 0.994892
-0.760000 0.994892
-0.756000 0.994892
-0.752000 0.994892
-0.748000 0.994892
-0.744000 0.994892
-0.740000 0.994892
-0.736000 0.994892
-0.732000 0.994892
-0.728000 0.994892
-0.724000 0.994892
-0.720000 0.994892
-0.716000 0.994892
-0.712000 0.994892
-0.708000 0.994892
-0.704000 0.994892
-0.700000 0.994892
-0.696000 0.994892
-0.692000 0.994892
-0.688000 0.994892
-0.684000 0.994892
-0.680000 0.994892
-0.676000 0.994892
-0.672000 0.994892
-0.668000 0.994892
-0.664000 0.994892
-0.660000 0.994892
-0.656000 0.994892
-0.652000 0.994892
-0.648000 0.994892
-0.644000 0.994892
-0.640000 0.994892
-0.636000 0.994892
-0.632000 0.994892
-0.628000 0.994892
-0.624000 0.994892
-0.620000 0.994892
-0.616000 0.994892
-0.612000 0.994892
-0.608000 0.994892
-0.604000 0.994892
-0.600000 0.994892
-0.596000 0.994892
-0.592000 0.994892
-0.588000 0.994892
-0.584000 0.994892
-0.580000 0.994892
-0.576000 0.994892
-0.572000 0.994892
-0.568000 0.994892
-0.564000 0.994892
-0.560000 0.994892
-0.556000 0.994892
-0.552000 0.994892
-0.548000 0.994892
-0.544000 0.994892
-0.540000 0.994892
-0.536000 0.994892
-0.532000 0.994892
-0.528000 0.994892
-0.524000 0.994892
-0.520000 0.994892
-0.516000 0.994892
-0.512000 0.994892
-0.508000 0.994892
-0.504000 0.994892
-0.500000 0.994892
-0.496000 0.994892
-0.492000 0.994892
-0.488000 0.994892
-0.484000 0.994892
-0.480000 0.994892
-0.476000 0.994892
-0.472000 0.994892
-0.468000 0.994892
-0.464000 0.994892
-0.460000 0.994892
-0.456000 0.994892
-0.452000 0.994892
-0.448000 0.994892
-0.444000 0.994892
-0.440000 0.994892
-0.436000 0.994892
-0.432000 0.994892
-0.428000 0.994892
-0.424000 0.994892
-0.420000 0.994892
-0.416000 0.994892
-0.412000 0.994892
-0.408000 0.994892
-0.404000 0.994892
-0.400000 0.994892
-0.396000 0.994892
-0.392000 0.994892
-0.388000 0.994892
-0.384000 0.994892
-0.380000 0.994892
-0.376000 0.994892
-0.372000 0.994892
-0.368000 0.994892
-0.364000 0.994892
-0.360000 0.994892
-0.356000 0.994892
-0.352000 0.994892
-0.348000 0.994892
-0.344000 0.994892
-0.340000 0.994892
-0.336000 0.994892
-0.332000 0.994892
-0.328000 0.994892
-0.324000 0.994892
-0.320000 0.994892
-0.316000 0.994892
-0.312000 0.994892
-0.308000 0.994892
-0.304000 0.994892
-0.300000 0.994892
-0.296000 0.994892
-0.292000 0.994892
-0.288000 0.994892
-0.284000 0.994892
-0.280000 0.994892
-0.276000 0.994892
-0.272000 0.994892
-0.268000 0.994892
-0.264000 0.994892
-0.260000 0.994892
-0.256000 0.994892
-0.252000 0.994892
-0.248000 0.994892
-0.244000 0.994892
-0.240000 0.994892
-0.236000 0.994892
-0.232000 0.994892
-0.228000 0.994892
-0.224000 0.994892
-0.220000 0.994892
-0.216000 0.994892
-0.212000 0.994892
-0.208000 0.994892
-0.204000 0.994892
-0.200000 0.994892
-0.196000 0.994892
-0.192000 0.994892
-0.188000 0.994892
-0.184000 0.994892
-0.180000 0.994892
-0.176000 0.994892
-0.172000 0.994892
-0.168000 0.994892
-0.164000 0.994892
-0.160000 0.994892
-0.156000 0.994892
-0.152000 0.994892
-0.148000 0.994892
-0.144000 0.994892
-0.140000 0.994892
-0.136000 0.994891
-0.132000 0.994891
-0.128000 0.994891
-0.124000 0.994891
-0.120000 0.994891
-0.116000 0.994891
-0.112000 0.994891
-0.108000 0.994891
-0.104000 0.994891
-0.100000 0.994891
-0.096000 0.994891
-0.092000 0.994891
-0.088000 0.994891
-0.084000 0.994891
-0.080000 0.994891
-0.076000 0.994891
-0.072000 0.994890
-0.068000 0.994890
-0.064000 0.994890
-0.060000 0.994890
-0.056000 0.994890
-0.052000 0.994890
-0.048000 0.994890
-0.044000 0.994889
-0.040000 0.994889
-0.036000 0.994889
-0.032000 0.994889
-0.028000 0.994889
-0.024000 0.994889
-0.020000 0.994888
-0.016000 0.994888
-0.012000 0.994888
-0.008000 0.994888
-0.004000 0.994887
0.000000 0.994887
0.004000 0.994887
0.008000 0.994886
0.012000 0.994886
0.016000 0.994886
0.020000 0.994885
0.024000 0.994885
0.028000 0.994885
0.032000 0.994884
0.036000 0.994884
0.040000 0.994883
0.044000 0.994883
0.048000 0.994882
0.052000 0.994882
0.056000 0.994881
0.060000 0.994880
0.064000 0.994880
0.068000 0.994879
0.072000 0.994878
0.076000 0.994878
0.080000 0.994877
0.084000 0.994876
0.088000 0.994875
0.092000 0.994874
0.096000 0.994873
0.100000 0.994872
0.104000 0.994871
0.108000 0.994870
0.112000 0.994869
0.116000 0.994868
0.120000 0.994867
0.124000 0.994866
0.128000 0.994864
0.132000 0.994863
0.136000 0.994862
0.140000 0.994860
0.144000 0.994859
0.148000 0.994857
0.152000 0.994856
0.156000 0.994854
0.160000 0.994852
0.164000 0.994850
0.168000 0.994848
0.172000 0.994846
0.176000 0.994844
0.180000 0.994842
0.184000 0.994840
0.188000 0.994838
0.192000 0.994835
0.196000 0.994833
0.200000 0.994830
0.204000 0.994828
0.208000 0.994825
0.212000 0.994822
0.216000 0.994819
0.220000 0.994817
0.224000 0.994813
0.228000 0.994810
0.232000 0.994807
0.236000 0.994804
0.240000 0.994800
0.244000 0.994797
0.248000 0.994793
0.252000 0.994789
0.256000 0.994785
0.260000 0.994781
0.264000 0.994777
0.268000 0.994773
0.272000 0.994768
0.276000 0.994764
0.280000 0.994759
0.284000 0.994754
0.288000 0.994750
0.292000 0.994745
0.296000 0.994739
0.300000 0.994734
0.304000 0.994729
0.308000 0.994723
0.312000 0.994718
0.316000 0.994712
0.320000 0.994706
0.324000 0.994700
0.328000 0.994693
0.332000 0.994687
0.336000 0.994681
0.340000 0.994674
0.344000 0.994667
0.348000 0.994660
0.352000 0.994653
0.356000 0.994646
0.360000 0.994638
0.364000 0.994631
0.368000 0.994623
0.372000 0.994615
0.376000 0.994607
0.380000 0.994599
0.384000 0.994591
0.388000 0.994583
0.392000 0.994574
0.396000 0.994565
0.400000 0.994557
0.404000 0.994548
0.408000 0.994538
0.412000 0.994529
0.416000 0.994520
0.420000 0.994510
0.424000 0.994500
0.428000 0.994491
0.432000 0.994481
0.436000 0.994470
0.440000 0.994460
0.444000 0.994450
0.448000 0.994439
0.452000 0.994428
0.456000 0.994418
0.460000 0.994407
0.464000 0.994396
0.468000 0.994385
0.472000 0.994373
0.476000 0.994362
0.480000 0.994350
0.484000 0.994339
0.488000 0.994327
0.492000 0.994315
0.496000 0.994303
0.500000 0.994291
0.504000 0.994279
0.508000 0.994266
0.512000 0.994254
0.516000 0.994241
0.520000 0.994229
0.524000 0.994216
0.528000 0.994204
0.532000 0.994191
0.536000 0.994178
0.540000 0.994165
0.544000 0.994152
0.548000 0.994139
0.552000 0.994126
0.556000 0.994112
0.560000 0.994099
0.564000 0.994086
0.568000 0.994073
0.572000 0.994059
0.576000 0.994046
0.580000 0.994032
0.584000 0.994019
0.588000 0.994005
0.592000 0.993992
0.596000 0.993978
0.600000 0.993965
0.604000 0.993951
0.608000 0.993938
0.612000 0.993924
0.616000 0.993910
0.620000 0.993897
0.624000 0.993883
0.628000 0.993870
0.632000 0.993856
0.636000 0.993843
0.640000 0.993829
0.644000 0.993816
0.648000 0.993802
0.652000 0.993789
0.656000 0.993776
0.660000 0.993763
0.664000 0.993749
0.668000 0.993736
0.672000 0.993723
0.676000 0.993710
0.680000 0.993697
0.684000 0.993684
0.688000 0.993671
0.692000 0.993659
0.696000 0.993646
0.700000 0.993633
0.704000 0.993621
0.708000 0.993608
0.712000 0.993596
0.716000 0.993584
0.720000 0.993572
0.724000 0.993560
0.728000 0.993548
0.732000 0.993536
0.736000 0.993524
0.740000 0.993512
0.744000 0.993501
0.748000 0.993489
0.752000 0.993478
0.756000 0.993467
0.760000 0.993456
0.764000 0.993445
0.768000 0.993434
0.772000 0.993423
0.776000 0.993413
0.780000 0.993402
0.784000 0.993392
0.788000 0.993382
0.792000 0.993372
0.796000 0.993362
0.800000 0.993352
0.804000 0.993342
0.808000 0.993333
0.812000 0.993323
0.816000 0.993314
0.820000 0.993305
0.824000 0.993296
0.828000 0.993287
0.832000 0.993278
0.836000 0.993270
0.840000 0.993261
0.844000 0.993253
0.848000 0.993245
0.852000 0.993237
0.856000 0.993229
0.860000 0.993221
0.864000 0.993214
0.868000 0.993206
0.872000 0.993199
0.876000 0.993191
0.880000 0.993184
0.884000 0.993177
0.888000 0.993171
0.892000 0.993164
0.896000 0.993157
0.900000 0.993151
0.904000 0.993144
0.908000 0.993138
0.912000 0.993132
0.916000 0.993126
0.920000 0.993120
0.924000 0.993115
0.928000 0.993109
0.932000 0.993104
0.936000 0.993098
0.940000 0.993093
0.944000 0.993088
0.948000 0.993083
0.952000 0.993078
0.956000 0.993073
0.960000 0.993068
0.964000 0.993064
0.968000 0.993059
0.972000 0.993054
0.976000 0.993049
0.980000 0.993045
0.984000 0.993039
0.988000 0.993034
0.992000 0.993027
0.996000 0.993020
1.000000 0.993011
