-1.000000 0.994892
-0.996000 0.994892
-0.992000 0.994892
-0.988000 0.994892
-0.984000 0.994892
-0.980000 0.994892
-0.976000 0.994892
-0.972000 0.994892
-0.968000 0.994892
-0.964000 0.994892
-0.960000 0.994892
-0.956000 0.994892
-0.952000 0.994892
-0.948000 0.994892
-0.944000 0.994892
-0.940000 0.994892
-0.936000 0.994892
-0.932000 0.994892
-0.928000 0.994892
-0.924000 0.994892
-0.920000 0.994892
-0.916000 0.994892
-0.912000 0.994892
-0.908000 0.994892
-0.904000 0.994892
-0.900000 0.994892
-0.896000 0.994892
-0.892000 0.994892
-0.888000 0.994892
-0.884000 0.994892
-0.880000 0.994892
-0.876000 0.994892
-0.872000 0.994892
-0.868000 0.994892
-0.864000 0.994892
-0.860000 0.994892
-0.856000 0.994892
-0.852000 0.994892
-0.848000 0.994892
-0.844000 0.994892
-0.840000 0.994892
-0.836000 0.994892
-0.832000 0.994892
-0.828000 0.994892
-0.824000 0.994892
-0.820000 0.994892
-0.816000 0.994892
-0.812000 0.994892
-0.808000 0.994892
-0.804000 0.994892
-0.800000 0.994892
-0.796000 0.994892
-0.792000 0.994892
-0.788000 0.994892
-0.784000 0.994892
-0.780000 0.994892
-0.776000 0.994892
-0.772000 0.994892
-0.768000 0.994892
-0.764000 0.994892
-0.760000 0.994892
-0.756000 0.994892
-0.752000 0.994892
-0.748000 0.994892
-0.744000 0.994892
-0.740000 0.994892
-0.736000 0.994892
-0.732000 0.994892
-0.728000 0.994892
-0.724000 0.994892
-0.720000 0.994892
-0.716000 0.994892
-0.712000 0.994892
-0.708000 0.994892
-0.704000 0.994892
-0.700000 0.994892
-0.696000 0.994892
-0.692000 0.994892
-0.688000 0.994892
-0.684000 0.994892
-0.680000 0.994892
-0.676000 0.994892
-0.672000 0.994892
-0.668000 0.994892
-0.664000 0.994892
-0.660000 0.994892
-0.656000 0.994892
-0.652000 0.994892
-0.648000 0.994892
-0.644000 0.994892
-0.640000 0.994892
-0.636000 0.994892
-0.632000 0.994892
-0.628000 0.994892
-0.624000 0.994892
-0.620000 0.994892
-0.616000 0.994892
-0.612000 0.994892
-0.608000 0.994892
-0.604000 0.994892
-0.600000 0.994892
-0.596000 0.994892
-0.592000 0.994892
-0.588000 0.994892
-0.584000 0.994892
-0.580000 0.994892
-0.576000 0.994892
-0.572000 0.994892
-0.568000 0.994892
-0.564000 0.994892
-0.560000 0.994892
-0.556000 0.994892
-0.552000 0.994892
-0.548000 0.994892
-0.544000 0.994892
-0.540000 0.994892
-0.536000 0.994892
-0.532000 0.994892
-0.528000 0.994892
-0.524000 0.994892
-0.520000 0.994892
-0.516000 0.994892
-0.512000 0.994892
-0.508000 0.994892
-0.504000 0.994892
-0.500000 0.994892
-0.496000 0.994892
-0.492000 0.994892
-0.488000 0.994892
-0.484000 0.994892
-0.480000 0.994892
-0.476000 0.994892
-0.472000 0.994892
-0.468000 0.994892
-0.464000 0.994892
-0.460000 0.994892
-0.456000 0.994892
-0.452000 0.994892
-0.448000 0.994892
-0.444000 0.994892
-0.440000 0.994892
-0.436000 0.994892
-0.432000 0.994892
-0.428000 0.994892
-0.424000 0.994892
-0.420000 0.994892
-0.416000 0.994892
-0.412000 0.994892
-0.408000 0.994892
-0.404000 0.994892
-0.400000 0.994892
-0.396000 0.994892
-0.392000 0.994891
-0.388000 0.994891
-0.384000 0.994891
-0.380000 0.994891
-0.376000 0.994891
-0.372000 0.994891
-0.368000 0.994891
-0.364000 0.994891
-0.360000 0.994891
-0.356000 0.994891
-0.352000 0.994891
-0.348000 0.994891
-0.344000 0.994891
-0.340000 0.994891
-0.336000 0.994890
-0.332000 0.994890
-0.328000 0.994890
-0.324000 0.994890
-0.320000 0.994890
-0.316000 0.994890
-0.312000 0.994890
-0.308000 0.994889
-0.304000 0.994889
-0.300000 0.994889
-0.296000 0.994889
-0.292000 0.994888
-0.288000 0.994888
-0.284000 0.994888
-0.280000 0.994888
-0.276000 0.994887
-0.272000 0.994887
-0.268000 0.994887
-0.264000 0.994886
-0.260000 0.994886
-0.256000 0.994885
-0.252000 0.994885
-0.248000 0.994885
-0.244000 0.994884
-0.240000 0.994884
-0.236000 0.994883
-0.232000 0.994882
-0.228000 0.994882
-0.224000 0.994881
-0.220000 0.994880
-0.216000 0.994880
-0.212000 0.994879
-0.208000 0.994878
-0.204000 0.994877
-0.200000 0.994876
-0.196000 0.994875
-0.192000 0.994874
-0.188000 0.994873
-0.184000 0.994872
-0.180000 0.994871
-0.176000 0.994870
-0.172000 0.994868
-0.168000 0.994867
-0.164000 0.994866
-0.160000 0.994864
-0.156000 0.994863
-0.152000 0.994861
-0.148000 0.994859
-0.144000 0.994858
-0.140000 0.994856
-0.136000 0.994854
-0.132000 0.994852
-0.128000 0.994850
-0.124000 0.994847
-0.120000 0.994845
-0.116000 0.994843
-0.112000 0.994840
-0.108000 0.994838
-0.104000 0.994835
-0.100000 0.994832
-0.096000 0.994829
-0.092000 0.994826
-0.088000 0.994823
-0.084000 0.994820
-0.080000 0.994816
-0.076000 0.994813
-0.072000 0.994809
-0.068000 0.994805
-0.064000 0.994801
-0.060000 0.994797
-0.056000 0.994793
-0.052000 0.994789
-0.048000 0.994784
-0.044000 0.994780
-0.040000 0.994775
-0.036000 0.994770
-0.032000 0.994765
-0.028000 0.994760
-0.024000 0.994754
-0.020000 0.994749
-0.016000 0.994743
-0.012000 0.994737
-0.008000 0.994731
-0.004000 0.994725
0.000000 0.994718
0.004000 0.994712
0.008000 0.994705
0.012000 0.994698
0.016000 0.994691
0.020000 0.994683
0.024000 0.994676
0.028000 0.994668
0.032000 0.994660
0.036000 0.994652
0.040000 0.994644
0.044000 0.994635
0.048000 0.994627
0.052000 0.994618
0.056000 0.994609
0.060000 0.994600
0.064000 0.994590
0.068000 0.994581
0.072000 0.994571
0.076000 0.994561
0.080000 0.994551
0.084000 0.994540
0.088000 0.994530
0.092000 0.994519
0.096000 0.994508
0.100000 0.994497
0.104000 0.994486
0.108000 0.994475
0.112000 0.994463
0.116000 0.994451
0.120000 0.994439
0.124000 0.994427
0.128000 0.994415
0.132000 0.994402
0.136000 0.994390
0.140000 0.994377
0.144000 0.994364
0.148000 0.994351
0.152000 0.994338
0.156000 0.994324
0.160000 0.994311
0.164000 0.994297
0.168000 0.994283
0.172000 0.994269
0.176000 0.994255
0.180000 0.994241
0.184000 0.994227
0.188000 0.994213
0.192000 0.994198
0.196000 0.994184
0.200000 0.994169
0.204000 0.994154
0.208000 0.994139
0.212000 0.994125
0.216000 0.994110
0.220000 0.994095
0.224000 0.994080
0.228000 0.994064
0.232000 0.994049
0.236000 0.994034
0.240000 0.994019
0.244000 0.994003
0.248000 0.993988
0.252000 0.993973
0.256000 0.993958
0.260000 0.993942
0.264000 0.993927
0.268000 0.993911
0.272000 0.993896
0.276000 0.993881
0.280000 0.993866
0.284000 0.993850
0.288000 0.993835
0.292000 0.993820
0.296000 0.993805
0.300000 0.993790
0.304000 0.993775
0.308000 0.993760
0.312000 0.993745
0.316000 0.993730
0.320000 0.993715
0.324000 0.993700
0.328000 0.993686
0.332000 0.993671
0.336000 0.993657
0.340000 0.993643
0.344000 0.993629
0.348000 0.993614
0.352000 0.993600
0.356000 0.993587
0.360000 0.993573
0.364000 0.993559
0.368000 0.993546
0.372000 0.993532
0.376000 0.993519
0.380000 0.993506
0.384000 0.993493
0.388000 0.993481
0.392000 0.993468
0.396000 0.993455
0.400000 0.993443
0.404000 0.993431
0.408000 0.993419
0.412000 0.993407
0.416000 0.993395
0.420000 0.993384
0.424000 0.993373
0.428000 0.993361
0.432000 0.993350
0.436000 0.993339
0.440000 0.993329
0.444000 0.993318
0.448000 0.993308
0.452000 0.993298
0.456000 0.993288
0.460000 0.993278
0.464000 0.993268
0.468000 0.993259
0.472000 0.993250
0.476000 0.993240
0.480000 0.993231
0.484000 0.993223
0.488000 0.993214
0.492000 0.993206
0.496000 0.993197
0.500000 0.993189
0.504000 0.993181
0.508000 0.993174
0.512000 0.993166
0.516000 0.993159
0.520000 0.993151
0.524000 0.993144
0.528000 0.993137
0.532000 0.993131
0.536000 0.993124
0.540000 0.993117
0.544000 0.993111
0.548000 0.993105
0.552000 0.993099
0.556000 0.993093
0.560000 0.993087
0.564000 0.993082
0.568000 0.993076
0.572000 0.993071
0.576000 0.993066
0.580000 0.993061
0.584000 0.993056
0.588000 0.993051
0.592000 0.993047
0.596000 0.993042
0.600000 0.993038
0.604000 0.993034
0.608000 0.993030
0.612000 0.993026
0.616000 0.993022
0.620000 0.993018
0.624000 0.993015
0.628000 0.993011
0.632000 0.993008
0.636000 0.993004
0.640000 0.993001
0.644000 0.992998
0.648000 0.992995
0.652000 0.992992
0.656000 0.992989
0.660000 0.992987
0.664000 0.992984
0.668000 0.992981
0.672000 0.992979
0.676000 0.992977
0.680000 0.992974
0.684000 0.992972
0.688000 0.992970
0.692000 0.992968
0.696000 0.992966
0.700000 0.992964
0.704000 0.992962
0.708000 0.992960
0.712000 0.992959
0.716000 0.992957
0.720000 0.992955
0.724000 0.992954
0.728000 0.992952
0.732000 0.992951
0.736000 0.992949
0.740000 0.992948
0.744000 0.992947
0.748000 0.992946
0.752000 0.992944
0.756000 0.992943
0.760000 0.992942
0.764000 0.992941
0.768000 0.992940
0.772000 0.992939
0.776000 0.992938
0.780000 0.992937
0.784000 0.992937
0.788000 0.992936
0.792000 0.992935
0.796000 0.992934
0.800000 0.992934
0.804000 0.992933
0.808000 0.992932
0.812000 0.992932
0.816000 0.992931
0.820000 0.992930
0.824000 0.992930
0.828000 0.992929
0.832000 0.992929
0.836000 0.992928
0.840000 0.992928
0.844000 0.992927
0.848000 0.992927
0.852000 0.992927
0.856000 0.992926
0.860000 0.992926
0.864000 0.992926
0.868000 0.992925
0.872000 0.992925
0.876000 0.992925
0.880000 0.992924
0.884000 0.992924
0.888000 0.992924
0.892000 0.992924
0.896000 0.992923
0.900000 0.992923
0.904000 0.992923
0.908000 0.992923
0.912000 0.992922
0.916000 0.992922
0.920000 0.992922
0.924000 0.992922
0.928000 0.992922
0.932000 0.992922
0.936000 0.992921
0.940000 0.992921
0.944000 0.992921
0.948000 0.992921
0.952000 0.992921
0.956000 0.992921
0.960000 0.992921
0.964000 0.992921
0.968000 0.992921
0.972000 0.992920
0.976000 0.992920
0.980000 0.992920
0.984000 0.992920
0.988000 0.992920
0.992000 0.992920
0.996000 0.992920
1.000000 0.992920
