-1.000000 0.994892
-0.996000 0.994892
-0.992000 0.994892
-0.988000 0.994892
-0.984000 0.994892
-0.980000 0.994892
-0.976000 0.994892
-0.972000 0.994892
-0.968000 0.994892
-0.964000 0.994892
-0.960000 0.994892
-0.956000 0.994892
-0.952000 0.994892
-0.948000 0.994892
-0.944000 0.994892
-0.940000 0.994892
-0.936000 0.994892
-0.932000 0.994892
-0.928000 0.994892
-0.924000 0.994892
-0.920000 0.994892
-0.916000 0.994892
-0.912000 0.994892
-0.908000 0.994892
-0.904000 0.994892
-0.900000 0.994892
-0.896000 0.994892
-0.892000 0.994892
-0.888000 0.994892
-0.884000 0.994892
-0.880000 0.994892
-0.876000 0.994892
-0.872000 0.994892
-0.868000 0.994892
-0.864000 0.994892
-0.860000 0.994892
-0.856000 0.994892
-0.852000 0.994892
-0.848000 0.994892
-0.844000 0.994892
-0.840000 0.994892
-0.836000 0.994892
-0.832000 0.994892
-0.828000 0.994892
-0.824000 0.994892
-0.820000 0.994892
-0.816000 0.994892
-0.812000 0.994892
-0.808000 0.994892
-0.804000 0.994892
-0.800000 0.994892
-0.796000 0.994892
-0.792000 0.994892
-0.788000 0.994892
-0.784000 0.994892
-0.780000 0.994892
-0.776000 0.994892
-0.772000 0.994892
-0.768000 0.994892
-0.764000 0.994892
-0.760000 0.994892
-0.756000 0.994892
-0.752000 0.994892
-0.748000 0.994892
-0.744000 0.994892
-0.740000 0.994892
-0.736000 0.994892
-0.732000 0.994892
-0.728000 0.994892
-0.724000 0.994892
-0.720000 0.994892
-0.716000 0.994892
-0.712000 0.994892
-0.708000 0.994892
-0.704000 0.994892
-0.700000 0.994892
-0.696000 0.994892
-0.692000 0.994892
-0.688000 0.994892
-0.684000 0.994892
-0.680000 0.994892
-0.676000 0.994892
-0.672000 0.994892
-0.668000 0.994892
-0.664000 0.994892
-0.660000 0.994892
-0.656000 0.994892
-0.652000 0.994892
-0.648000 0.994892
-0.644000 0.994892
-0.640000 0.994892
-0.636000 0.994892
-0.632000 0.994892
-0.628000 0.994892
-0.624000 0.994892
-0.620000 0.994892
-0.616000 0.994892
-0.612000 0.994892
-0.608000 0.994892
-0.604000 0.994892
-0.600000 0.994892
-0.596000 0.994892
-0.592000 0.994892
-0.588000 0.994892
-0.584000 0.994892
-0.580000 0.994892
-0.576000 0.994892
-0.572000 0.994892
-0.568000 0.994892
-0.564000 0.994892
-0.560000 0.994892
-0.556000 0.994892
-0.552000 0.994892
-0.548000 0.994892
-0.544000 0.994892
-0.540000 0.994892
-0.536000 0.994892
-0.532000 0.994892
-0.528000 0.994892
-0.524000 0.994892
-0.520000 0.994892
-0.516000 0.994892
-0.512000 0.994892
-0.508000 0.994892
-0.504000 0.994892
-0.500000 0.994892
-0.496000 0.994892
-0.492000 0.994892
-0.488000 0.994892
-0.484000 0.994892
-0.480000 0.994892
-0.476000 0.994891
-0.472000 0.994891
-0.468000 0.994891
-0.464000 0.994891
-0.460000 0.994891
-0.456000 0.994891
-0.452000 0.994891
-0.448000 0.994891
-0.444000 0.994891
-0.440000 0.994891
-0.436000 0.994891
-0.432000 0.994891
-0.428000 0.994891
-0.424000 0.994890
-0.420000 0.994890
-0.416000 0.994890
-0.412000 0.994890
-0.408000 0.994890
-0.404000 0.994890
-0.400000 0.994890
-0.396000 0.994889
-0.392000 0.994889
-0.388000 0.994889
-0.384000 0.994889
-0.380000 0.994888
-0.376000 0.994888
-0.372000 0.994888
-0.368000 0.994887
-0.364000 0.994887
-0.360000 0.994887
-0.356000 0.994886
-0.352000 0.994886
-0.348000 0.994885
-0.344000 0.994885
-0.340000 0.994885
-0.336000 0.994884
-0.332000 0.994883
-0.328000 0.994883
-0.324000 0.994882
-0.320000 0.994881
-0.316000 0.994881
-0.312000 0.994880
-0.308000 0.994879
-0.304000 0.994878
-0.300000 0.994877
-0.296000 0.994877
-0.292000 0.994876
-0.288000 0.994874
-0.284000 0.994873
-0.280000 0.994872
-0.276000 0.994871
-0.272000 0.994870
-0.268000 0.994868
-0.264000 0.994867
-0.260000 0.994865
-0.256000 0.994864
-0.252000 0.994862
-0.248000 0.994860
-0.244000 0.994858
-0.240000 0.994857
-0.236000 0.994855
-0.232000 0.994852
-0.228000 0.994850
-0.224000 0.994848
-0.220000 0.994846
-0.216000 0.994843
-0.212000 0.994840
-0.208000 0.994838
-0.204000 0.994835
-0.200000 0.994832
-0.196000 0.994829
-0.192000 0.994825
-0.188000 0.994822
-0.184000 0.994819
-0.180000 0.994815
-0.176000 0.994811
-0.172000 0.994807
-0.168000 0.994803
-0.164000 0.994799
-0.160000 0.994795
-0.156000 0.994790
-0.152000 0.994785
-0.148000 0.994781
-0.144000 0.994775
-0.140000 0.994770
-0.136000 0.994765
-0.132000 0.994759
-0.128000 0.994754
-0.124000 0.994748
-0.120000 0.994742
-0.116000 0.994735
-0.112000 0.994729
-0.108000 0.994722
-0.104000 0.994715
-0.100000 0.994708
-0.096000 0.994701
-0.092000 0.994694
-0.088000 0.994686
-0.084000 0.994678
-0.080000 0.994670
-0.076000 0.994662
-0.072000 0.994653
-0.068000 0.994645
-0.064000 0.994636
-0.060000 0.994626
-0.056000 0.994617
-0.052000 0.994608
-0.048000 0.994598
-0.044000 0.994588
-0.040000 0.994578
-0.036000 0.994567
-0.032000 0.994557
-0.028000 0.994546
-0.024000 0.994535
-0.020000 0.994524
-0.016000 0.994512
-0.012000 0.994501
-0.008000 0.994489
-0.004000 0.994477
0.000000 0.994465
0.004000 0.994452
0.008000 0.994440
0.012000 0.994427
0.016000 0.994414
0.020000 0.994401
0.024000 0.994388
0.028000 0.994374
0.032000 0.994360
0.036000 0.994347
0.040000 0.994333
0.044000 0.994318
0.048000 0.994304
0.052000 0.994290
0.056000 0.994275
0.060000 0.994260
0.064000 0.994246
0.068000 0.994231
0.072000 0.994216
0.076000 0.994200
0.080000 0.994185
0.084000 0.994170
0.088000 0.994154
0.092000 0.994139
0.096000 0.994123
0.100000 0.994107
0.104000 0.994091
0.108000 0.994075
0.112000 0.994059
0.116000 0.994044
0.120000 0.994027
0.124000 0.994011
0.128000 0.993995
0.132000 0.993979
0.136000 0.993963
0.140000 0.993947
0.144000 0.993931
0.148000 0.993915
0.152000 0.993899
0.156000 0.993882
0.160000 0.993866
0.164000 0.993850
0.168000 0.993834
0.172000 0.993818
0.176000 0.993802
0.180000 0.993787
0.184000 0.993771
0.188000 0.993755
0.192000 0.993739
0.196000 0.993724
0.200000 0.993708
0.204000 0.993693
0.208000 0.993678
0.212000 0.993663
0.216000 0.993648
0.220000 0.993633
0.224000 0.993618
0.228000 0.993603
0.232000 0.993589
0.236000 0.993574
0.240000 0.993560
0.244000 0.993546
0.248000 0.993532
0.252000 0.993518
0.256000 0.993504
0.260000 0.993491
0.264000 0.993477
0.268000 0.993464
0.272000 0.993451
0.276000 0.993438
0.280000 0.993425
0.284000 0.993413
0.288000 0.993401
0.292000 0.993388
0.296000 0.993376
0.300000 0.993365
0.304000 0.993353
0.308000 0.993342
0.312000 0.993330
0.316000 0.993319
0.320000 0.993308
0.324000 0.993298
0.328000 0.993287
0.332000 0.993277
0.336000 0.993267
0.340000 0.993257
0.344000 0.993247
0.348000 0.993238
0.352000 0.993228
0.356000 0.993219
0.360000 0.993210
0.364000 0.993202
0.368000 0.993193
0.372000 0.993185
0.376000 0.993176
0.380000 0.993168
0.384000 0.993160
0.388000 0.993153
0.392000 0.993145
0.396000 0.993138
0.400000 0.993131
0.404000 0.993124
0.408000 0.993117
0.412000 0.993111
0.416000 0.993104
0.420000 0.993098
0.424000 0.993092
0.428000 0.993086
0.432000 0.993080
0.436000 0.993075
0.440000 0.993069
0.444000 0.993064
0.448000 0.993059
0.452000 0.993054
0.456000 0.993049
0.460000 0.993044
0.464000 0.993039
0.468000 0.993035
0.472000 0.993031
0.476000 0.993026
0.480000 0.993022
0.484000 0.993018
0.488000 0.993015
0.492000 0.993011
0.496000 0.993007
0.500000 0.993004
0.504000 0.993001
0.508000 0.992997
0.512000 0.992994
0.516000 0.992991
0.520000 0.992988
0.524000 0.992985
0.528000 0.992983
0.532000 0.992980
0.536000 0.992978
0.540000 0.992975
0.544000 0.992973
0.548000 0.992971
0.552000 0.992968
0.556000 0.992966
0.560000 0.992964
0.564000 0.992962
0.568000 0.992960
0.572000 0.992959
0.576000 0.992957
0.580000 0.992955
0.584000 0.992954
0.588000 0.992952
0.592000 0.992951
0.596000 0.992949
0.600000 0.992948
0.604000 0.992946
0.608000 0.992945
0.612000 0.992944
0.616000 0.992943
0.620000 0.992942
0.624000 0.992941
0.628000 0.992940
0.632000 0.992939
0.636000 0.992938
0.640000 0.992937
0.644000 0.992936
0.648000 0.992935
0.652000 0.992934
0.656000 0.992934
0.660000 0.992933
0.664000 0.992932
0.668000 0.992932
0.672000 0.992931
0.676000 0.992930
0.680000 0.992930
0.684000 0.992929
0.688000 0.992929
0.692000 0.992928
0.696000 0.992928
0.700000 0.992927
0.704000 0.992927
0.708000 0.992926
0.712000 0.992926
0.716000 0.992926
0.720000 0.992925
0.724000 0.992925
0.728000 0.992925
0.732000 0.992924
0.736000 0.992924
0.740000 0.992924
0.744000 0.992924
0.748000 0.992923
0.752000 0.992923
0.756000 0.992923
0.760000 0.992923
0.764000 0.992922
0.768000 0.992922
0.772000 0.992922
0.776000 0.992922
0.780000 0.992922
0.784000 0.992922
0.788000 0.992921
0.792000 0.992921
0.796000 0.992921
0.800000 0.992921
0.804000 0.992921
0.808000 0.992921
0.812000 0.992921
0.816000 0.992921
0.820000 0.992921
0.824000 0.992920
0.828000 0.992920
0.832000 0.992920
0.836000 0.992920
0.840000 0.992920
0.844000 0.992920
0.848000 0.992920
0.852000 0.992920
0.856000 0.992920
0.860000 0.992920
0.864000 0.992920
0.868000 0.992920
0.872000 0.992920
0.876000 0.992920
0.880000 0.992920
0.884000 0.992920
0.888000 0.992920
0.892000 0.992919
0.896000 0.992919
0.900000 0.992919
0.904000 0.992919
0.908000 0.992919
0.912000 0.992919
0.916000 0.992919
0.920000 0.992919
0.924000 0.992919
0.928000 0.992919
0.932000 0.992919
0.936000 0.992919
0.940000 0.992919
0.944000 0.992919
0.948000 0.992919
0.952000 0.992919
0.956000 0.992919
0.960000 0.992919
0.964000 0.992919
0.968000 0.992919
0.972000 0.992919
0.976000 0.992919
0.980000 0.992919
0.984000 0.992919
0.988000 0.992919
0.992000 0.992919
0.996000 0.992919
1.000000 0.992919
