-1.000000 0.994892
-0.996000 0.994892
-0.992000 0.994892
-0.988000 0.994892
-0.984000 0.994892
-0.980000 0.994892
-0.976000 0.994892
-0.972000 0.994892
-0.968000 0.994892
-0.964000 0.994892
-0.960000 0.994892
-0.956000 0.994892
-0.952000 0.994892
-0.948000 0.994892
-0.944000 0.994892
-0.940000 0.994892
-0.936000 0.994892
-0.932000 0.994892
-0.928000 0.994892
-0.924000 0.994892
-0.920000 0.994892
-0.916000 0.994892
-0.912000 0.994892
-0.908000 0.994892
-0.904000 0.994892
-0.900000 0.994892
-0.896000 0.994892
-0.892000 0.994892
-0.888000 0.994892
-0.884000 0.994892
-0.880000 0.994892
-0.876000 0.994892
-0.872000 0.994892
-0.868000 0.994892
-0.864000 0.994892
-0.860000 0.994892
-0.856000 0.994892
-0.852000 0.994892
-0.848000 0.994892
-0.844000 0.994892
-0.840000 0.994892
-0.836000 0.994892
-0.832000 0.994892
-0.828000 0.994892
-0.824000 0.994892
-0.820000 0.994892
-0.816000 0.994892
-0.812000 0.994892
-0.808000 0.994892
-0.804000 0.994892
-0.800000 0.994892
-0.796000 0.994892
-0.792000 0.994892
-0.788000 0.994892
-0.784000 0.994892
-0.780000 0.994892
-0.776000 0.994892
-0.772000 0.994892
-0.768000 0.994892
-0.764000 0.994892
-0.760000 0.994892
-0.756000 0.994892
-0.752000 0.994892
-0.748000 0.994892
-0.744000 0.994892
-0.740000 0.994892
-0.736000 0.994892
-0.732000 0.994892
-0.728000 0.994892
-0.724000 0.994892
-0.720000 0.994892
-0.716000 0.994892
-0.712000 0.994892
-0.708000 0.994892
-0.704000 0.994892
-0.700000 0.994892
-0.696000 0.994892
-0.692000 0.994892
-0.688000 0.994892
-0.684000 0.994892
-0.680000 0.994892
-0.676000 0.994892
-0.672000 0.994892
-0.668000 0.994892
-0.664000 0.994892
-0.660000 0.994892
-0.656000 0.994892
-0.652000 0.994892
-0.648000 0.994892
-0.644000 0.994892
-0.640000 0.994892
-0.636000 0.994892
-0.632000 0.994892
-0.628000 0.994892
-0.624000 0.994892
-0.620000 0.994892
-0.616000 0.994892
-0.612000 0.994892
-0.608000 0.994892
-0.604000 0.994892
-0.600000 0.994892
-0.596000 0.994892
-0.592000 0.994892
-0.588000 0.994892
-0.584000 0.994892
-0.580000 0.994892
-0.576000 0.994892
-0.572000 0.994892
-0.568000 0.994892
-0.564000 0.994892
-0.560000 0.994892
-0.556000 0.994892
-0.552000 0.994892
-0.548000 0.994892
-0.544000 0.994892
-0.540000 0.994892
-0.536000 0.994892
-0.532000 0.994892
-0.528000 0.994892
-0.524000 0.994892
-0.520000 0.994892
-0.516000 0.994892
-0.512000 0.994892
-0.508000 0.994892
-0.504000 0.994892
-0.500000 0.994892
-0.496000 0.994892
-0.492000 0.994892
-0.488000 0.994892
-0.484000 0.994892
-0.480000 0.994892
-0.476000 0.994892
-0.472000 0.994892
-0.468000 0.994892
-0.464000 0.994892
-0.460000 0.994892
-0.456000 0.994892
-0.452000 0.994892
-0.448000 0.994892
-0.444000 0.994892
-0.440000 0.994892
-0.436000 0.994892
-0.432000 0.994892
-0.428000 0.994892
-0.424000 0.994892
-0.420000 0.994892
-0.416000 0.994892
-0.412000 0.994892
-0.408000 0.994892
-0.404000 0.994892
-0.400000 0.994892
-0.396000 0.994892
-0.392000 0.994892
-0.388000 0.994892
-0.384000 0.994892
-0.380000 0.994892
-0.376000 0.994892
-0.372000 0.994892
-0.368000 0.994892
-0.364000 0.994892
-0.360000 0.994892
-0.356000 0.994892
-0.352000 0.994892
-0.348000 0.994892
-0.344000 0.994892
-0.340000 0.994892
-0.336000 0.994892
-0.332000 0.994892
-0.328000 0.994892
-0.324000 0.994892
-0.320000 0.994892
-0.316000 0.994892
-0.312000 0.994892
-0.308000 0.994892
-0.304000 0.994892
-0.300000 0.994892
-0.296000 0.994892
-0.292000 0.994892
-0.288000 0.994892
-0.284000 0.994892
-0.280000 0.994892
-0.276000 0.994892
-0.272000 0.994892
-0.268000 0.994892
-0.264000 0.994892
-0.260000 0.994892
-0.256000 0.994892
-0.252000 0.994892
-0.248000 0.994892
-0.244000 0.994892
-0.240000 0.994892
-0.236000 0.994892
-0.232000 0.994892
-0.228000 0.994892
-0.224000 0.994892
-0.220000 0.994892
-0.216000 0.994892
-0.212000 0.994892
-0.208000 0.994892
-0.204000 0.994892
-0.200000 0.994892
-0.196000 0.994892
-0.192000 0.994892
-0.188000 0.994892
-0.184000 0.994892
-0.180000 0.994892
-0.176000 0.994892
-0.172000 0.994892
-0.168000 0.994892
-0.164000 0.994892
-0.160000 0.994892
-0.156000 0.994892
-0.152000 0.994892
-0.148000 0.994892
-0.144000 0.994892
-0.140000 0.994892
-0.136000 0.994892
-0.132000 0.994892
-0.128000 0.994892
-0.124000 0.994892
-0.120000 0.994892
-0.116000 0.994892
-0.112000 0.994892
-0.108000 0.994892
-0.104000 0.994892
-0.100000 0.994892
-0.096000 0.994892
-0.092000 0.994892
-0.088000 0.994892
-0.084000 0.994892
-0.080000 0.994892
-0.076000 0.994892
-0.072000 0.994892
-0.068000 0.994892
-0.064000 0.994892
-0.060000 0.994892
-0.056000 0.994892
-0.052000 0.994892
-0.048000 0.994892
-0.044000 0.994892
-0.040000 0.994892
-0.036000 0.994892
-0.032000 0.994892
-0.028000 0.994892
-0.024000 0.994892
-0.020000 0.994892
-0.016000 0.994892
-0.012000 0.994892
-0.008000 0.994892
-0.004000 0.994892
0.000000 0.994892
0.004000 0.994892
0.008000 0.994892
0.012000 0.994892
0.016000 0.994892
0.020000 0.994892
0.024000 0.994892
0.028000 0.994892
0.032000 0.994892
0.036000 0.994891
0.040000 0.994891
0.044000 0.994891
0.048000 0.994891
0.052000 0.994891
0.056000 0.994891
0.060000 0.994891
0.064000 0.994891
0.068000 0.994891
0.072000 0.994891
0.076000 0.994891
0.080000 0.994891
0.084000 0.994891
0.088000 0.994891
0.092000 0.994891
0.096000 0.994891
0.100000 0.994891
0.104000 0.994890
0.108000 0.994890
0.112000 0.994890
0.116000 0.994890
0.120000 0.994890
0.124000 0.994890
0.128000 0.994890
0.132000 0.994890
0.136000 0.994889
0.140000 0.994889
0.144000 0.994889
0.148000 0.994889
0.152000 0.994889
0.156000 0.994889
0.160000 0.994888
0.164000 0.994888
0.168000 0.994888
0.172000 0.994888
0.176000 0.994888
0.180000 0.994887
0.184000 0.994887
0.188000 0.994887
0.192000 0.994886
0.196000 0.994886
0.200000 0.994886
0.204000 0.994885
0.208000 0.994885
0.212000 0.994885
0.216000 0.994884
0.220000 0.994884
0.224000 0.994883
0.228000 0.994883
0.232000 0.994883
0.236000 0.994882
0.240000 0.994882
0.244000 0.994881
0.248000 0.994880
0.252000 0.994880
0.256000 0.994879
0.260000 0.994879
0.264000 0.994878
0.268000 0.994877
0.272000 0.994876
0.276000 0.994876
0.280000 0.994875
0.284000 0.994874
0.288000 0.994873
0.292000 0.994872
0.296000 0.994871
0.300000 0.994870
0.304000 0.994869
0.308000 0.994868
0.312000 0.994867
0.316000 0.994866
0.320000 0.994865
0.324000 0.994864
0.328000 0.994862
0.332000 0.994861
0.336000 0.994860
0.340000 0.994858
0.344000 0.994857
0.348000 0.994855
0.352000 0.994854
0.356000 0.994852
0.360000 0.994850
0.364000 0.994848
0.368000 0.994847
0.372000 0.994845
0.376000 0.994843
0.380000 0.994841
0.384000 0.994839
0.388000 0.994837
0.392000 0.994834
0.396000 0.994832
0.400000 0.994830
0.404000 0.994827
0.408000 0.994825
0.412000 0.994822
0.416000 0.994819
0.420000 0.994817
0.424000 0.994814
0.428000 0.994811
0.432000 0.994808
0.436000 0.994805
0.440000 0.994801
0.444000 0.994798
0.448000 0.994795
0.452000 0.994791
0.456000 0.994788
0.460000 0.994784
0.464000 0.994780
0.468000 0.994776
0.472000 0.994772
0.476000 0.994768
0.480000 0.994764
0.484000 0.994760
0.488000 0.994755
0.492000 0.994751
0.496000 0.994746
0.500000 0.994741
0.504000 0.994737
0.508000 0.994732
0.512000 0.994727
0.516000 0.994721
0.520000 0.994716
0.524000 0.994711
0.528000 0.994705
0.532000 0.994699
0.536000 0.994694
0.540000 0.994688
0.544000 0.994682
0.548000 0.994675
0.552000 0.994669
0.556000 0.994663
0.560000 0.994656
0.564000 0.994649
0.568000 0.994643
0.572000 0.994636
0.576000 0.994629
0.580000 0.994621
0.584000 0.994614
0.588000 0.994607
0.592000 0.994599
0.596000 0.994591
0.600000 0.994584
0.604000 0.994576
0.608000 0.994567
0.612000 0.994559
0.616000 0.994551
0.620000 0.994542
0.624000 0.994534
0.628000 0.994525
0.632000 0.994516
0.636000 0.994507
0.640000 0.994498
0.644000 0.994489
0.648000 0.994480
0.652000 0.994470
0.656000 0.994460
0.660000 0.994451
0.664000 0.994441
0.668000 0.994431
0.672000 0.994421
0.676000 0.994411
0.680000 0.994400
0.684000 0.994390
0.688000 0.994380
0.692000 0.994369
0.696000 0.994358
0.700000 0.994347
0.704000 0.994337
0.708000 0.994326
0.712000 0.994314
0.716000 0.994303
0.720000 0.994292
0.724000 0.994281
0.728000 0.994269
0.732000 0.994258
0.736000 0.994246
0.740000 0.994234
0.744000 0.994222
0.748000 0.994211
0.752000 0.994199
0.756000 0.994187
0.760000 0.994175
0.764000 0.994163
0.768000 0.994150
0.772000 0.994138
0.776000 0.994126
0.780000 0.994113
0.784000 0.994101
0.788000 0.994089
0.792000 0.994076
0.796000 0.994064
0.800000 0.994051
0.804000 0.994039
0.808000 0.994026
0.812000 0.994013
0.816000 0.994001
0.820000 0.993988
0.824000 0.993975
0.828000 0.993963
0.832000 0.993950
0.836000 0.993937
0.840000 0.993925
0.844000 0.993912
0.848000 0.993899
0.852000 0.993887
0.856000 0.993874
0.860000 0.993861
0.864000 0.993849
0.868000 0.993836
0.872000 0.993824
0.876000 0.993811
0.880000 0.993798
0.884000 0.993786
0.888000 0.993774
0.892000 0.993761
0.896000 0.993749
0.900000 0.993736
0.904000 0.993724
0.908000 0.993712
0.912000 0.993700
0.916000 0.993688
0.920000 0.993676
0.924000 0.993664
0.928000 0.993652
0.932000 0.993640
0.936000 0.993628
0.940000 0.993616
0.944000 0.993605
0.948000 0.993593
0.952000 0.993581
0.956000 0.993569
0.960000 0.993558
0.964000 0.993546
0.968000 0.993534
0.972000 0.993521
0.976000 0.993509
0.980000 0.993495
0.984000 0.993480
0.988000 0.993464
0.992000 0.993446
0.996000 0.993425
1.000000 0.993399
