-1.000000 0.994892
-0.996000 0.994892
-0.992000 0.994892
-0.988000 0.994892
-0.984000 0.994892
-0.980000 0.994892
-0.976000 0.994892
-0.972000 0.994892
-0.968000 0.994892
-0.964000 0.994892
-0.960000 0.994892
-0.956000 0.994892
-0.952000 0.994892
-0.948000 0.994892
-0.944000 0.994892
-0.940000 0.994892
-0.936000 0.994892
-0.932000 0.994892
-0.928000 0.994892
-0.924000 0.994892
-0.920000 0.994892
-0.916000 0.994892
-0.912000 0.994892
-0.908000 0.994892
-0.904000 0.994892
-0.900000 0.994892
-0.896000 0.994892
-0.892000 0.994892
-0.888000 0.994892
-0.884000 0.994892
-0.880000 0.994892
-0.876000 0.994892
-0.872000 0.994892
-0.868000 0.994892
-0.864000 0.994892
-0.860000 0.994892
-0.856000 0.994892
-0.852000 0.994892
-0.848000 0.994892
-0.844000 0.994892
-0.840000 0.994892
-0.836000 0.994892
-0.832000 0.994892
-0.828000 0.994892
-0.824000 0.994892
-0.820000 0.994892
-0.816000 0.994892
-0.812000 0.994892
-0.808000 0.994892
-0.804000 0.994892
-0.800000 0.994892
-0.796000 0.994892
-0.792000 0.994892
-0.788000 0.994892
-0.784000 0.994892
-0.780000 0.994892
-0.776000 0.994892
-0.772000 0.994892
-0.768000 0.994892
-0.764000 0.994892
-0.760000 0.994892
-0.756000 0.994892
-0.752000 0.994892
-0.748000 0.994892
-0.744000 0.994892
-0.740000 0.994892
-0.736000 0.994892
-0.732000 0.994892
-0.728000 0.994892
-0.724000 0.994892
-0.720000 0.994892
-0.716000 0.994892
-0.712000 0.994892
-0.708000 0.994892
-0.704000 0.994892
-0.700000 0.994892
-0.696000 0.994892
-0.692000 0.994892
-0.688000 0.994892
-0.684000 0.994892
-0.680000 0.994892
-0.676000 0.994892
-0.672000 0.994892
-0.668000 0.994892
-0.664000 0.994892
-0.660000 0.994892
-0.656000 0.994892
-0.652000 0.994892
-0.648000 0.994892
-0.644000 0.994892
-0.640000 0.994892
-0.636000 0.994892
-0.632000 0.994892
-0.628000 0.994892
-0.624000 0.994892
-0.620000 0.994892
-0.616000 0.994892
-0.612000 0.994892
-0.608000 0.994892
-0.604000 0.994892
-0.600000 0.994892
-0.596000 0.994892
-0.592000 0.994892
-0.588000 0.994892
-0.584000 0.994892
-0.580000 0.994892
-0.576000 0.994892
-0.572000 0.994892
-0.568000 0.994892
-0.564000 0.994892
-0.560000 0.994892
-0.556000 0.994892
-0.552000 0.994892
-0.548000 0.994892
-0.544000 0.994892
-0.540000 0.994892
-0.536000 0.994892
-0.532000 0.994892
-0.528000 0.994892
-0.524000 0.994892
-0.520000 0.994892
-0.516000 0.994892
-0.512000 0.994892
-0.508000 0.994892
-0.504000 0.994892
-0.500000 0.994892
-0.496000 0.994892
-0.492000 0.994892
-0.488000 0.994892
-0.484000 0.994892
-0.480000 0.994892
-0.476000 0.994892
-0.472000 0.994892
-0.468000 0.994892
-0.464000 0.994892
-0.460000 0.994892
-0.456000 0.994892
-0.452000 0.994892
-0.448000 0.994892
-0.444000 0.994892
-0.440000 0.994892
-0.436000 0.994892
-0.432000 0.994892
-0.428000 0.994892
-0.424000 0.994892
-0.420000 0.994892
-0.416000 0.994892
-0.412000 0.994892
-0.408000 0.994892
-0.404000 0.994892
-0.400000 0.994892
-0.396000 0.994892
-0.392000 0.994892
-0.388000 0.994892
-0.384000 0.994892
-0.380000 0.994892
-0.376000 0.994892
-0.372000 0.994892
-0.368000 0.994892
-0.364000 0.994892
-0.360000 0.994892
-0.356000 0.994892
-0.352000 0.994892
-0.348000 0.994892
-0.344000 0.994892
-0.340000 0.994892
-0.336000 0.994892
-0.332000 0.994892
-0.328000 0.994892
-0.324000 0.994892
-0.320000 0.994892
-0.316000 0.994892
-0.312000 0.994892
-0.308000 0.994892
-0.304000 0.994892
-0.300000 0.994892
-0.296000 0.994892
-0.292000 0.994892
-0.288000 0.994892
-0.284000 0.994892
-0.280000 0.994892
-0.276000 0.994892
-0.272000 0.994892
-0.268000 0.994892
-0.264000 0.994892
-0.260000 0.994891
-0.256000 0.994891
-0.252000 0.994891
-0.248000 0.994891
-0.244000 0.994891
-0.240000 0.994891
-0.236000 0.994891
-0.232000 0.994891
-0.228000 0.994891
-0.224000 0.994891
-0.220000 0.994891
-0.216000 0.994891
-0.212000 0.994891
-0.208000 0.994891
-0.204000 0.994890
-0.200000 0.994890
-0.196000 0.994890
-0.192000 0.994890
-0.188000 0.994890
-0.184000 0.994890
-0.180000 0.994890
-0.176000 0.994890
-0.172000 0.994889
-0.168000 0.994889
-0.164000 0.994889
-0.160000 0.994889
-0.156000 0.994889
-0.152000 0.994888
-0.148000 0.994888
-0.144000 0.994888
-0.140000 0.994888
-0.136000 0.994887
-0.132000 0.994887
-0.128000 0.994887
-0.124000 0.994886
-0.120000 0.994886
-0.116000 0.994885
-0.112000 0.994885
-0.108000 0.994885
-0.104000 0.994884
-0.100000 0.994884
-0.096000 0.994883
-0.092000 0.994883
-0.088000 0.994882
-0.084000 0.994881
-0.080000 0.994881
-0.076000 0.994880
-0.072000 0.994880
-0.068000 0.994879
-0.064000 0.994878
-0.060000 0.994877
-0.056000 0.994876
-0.052000 0.994876
-0.048000 0.994875
-0.044000 0.994874
-0.040000 0.994873
-0.036000 0.994872
-0.032000 0.994870
-0.028000 0.994869
-0.024000 0.994868
-0.020000 0.994867
-0.016000 0.994865
-0.012000 0.994864
-0.008000 0.994863
-0.004000 0.994861
0.000000 0.994860
0.004000 0.994858
0.008000 0.994856
0.012000 0.994854
0.016000 0.994853
0.020000 0.994851
0.024000 0.994849
0.028000 0.994847
0.032000 0.994844
0.036000 0.994842
0.040000 0.994840
0.044000 0.994837
0.048000 0.994835
0.052000 0.994832
0.056000 0.994830
0.060000 0.994827
0.064000 0.994824
0.068000 0.994821
0.072000 0.994818
0.076000 0.994814
0.080000 0.994811
0.084000 0.994808
0.088000 0.994804
0.092000 0.994800
0.096000 0.994797
0.100000 0.994793
0.104000 0.994789
0.108000 0.994784
0.112000 0.994780
0.116000 0.994776
0.120000 0.994771
0.124000 0.994766
0.128000 0.994762
0.132000 0.994757
0.136000 0.994751
0.140000 0.994746
0.144000 0.994741
0.148000 0.994735
0.152000 0.994730
0.156000 0.994724
0.160000 0.994718
0.164000 0.994712
0.168000 0.994705
0.172000 0.994699
0.176000 0.994692
0.180000 0.994685
0.184000 0.994678
0.188000 0.994671
0.192000 0.994664
0.196000 0.994657
0.200000 0.994649
0.204000 0.994641
0.208000 0.994633
0.212000 0.994625
0.216000 0.994617
0.220000 0.994608
0.224000 0.994600
0.228000 0.994591
0.232000 0.994582
0.236000 0.994573
0.240000 0.994564
0.244000 0.994554
0.248000 0.994545
0.252000 0.994535
0.256000 0.994525
0.260000 0.994515
0.264000 0.994505
0.268000 0.994494
0.272000 0.994484
0.276000 0.994473
0.280000 0.994462
0.284000 0.994451
0.288000 0.994440
0.292000 0.994429
0.296000 0.994417
0.300000 0.994406
0.304000 0.994394
0.308000 0.994382
0.312000 0.994370
0.316000 0.994358
0.320000 0.994346
0.324000 0.994333
0.328000 0.994321
0.332000 0.994308
0.336000 0.994296
0.340000 0.994283
0.344000 0.994270
0.348000 0.994257
0.352000 0.994243
0.356000 0.994230
0.360000 0.994217
0.364000 0.994203
0.368000 0.994190
0.372000 0.994176
0.376000 0.994162
0.380000 0.994149
0.384000 0.994135
0.388000 0.994121
0.392000 0.994107
0.396000 0.994093
0.400000 0.994079
0.404000 0.994065
0.408000 0.994050
0.412000 0.994036
0.416000 0.994022
0.420000 0.994008
0.424000 0.993993
0.428000 0.993979
0.432000 0.993965
0.436000 0.993950
0.440000 0.993936
0.444000 0.993922
0.448000 0.993907
0.452000 0.993893
0.456000 0.993879
0.460000 0.993864
0.464000 0.993850
0.468000 0.993836
0.472000 0.993822
0.476000 0.993807
0.480000 0.993793
0.484000 0.993779
0.488000 0.993765
0.492000 0.993751
0.496000 0.993737
0.500000 0.993723
0.504000 0.993710
0.508000 0.993696
0.512000 0.993682
0.516000 0.993669
0.520000 0.993655
0.524000 0.993642
0.528000 0.993629
0.532000 0.993615
0.536000 0.993602
0.540000 0.993589
0.544000 0.993576
0.548000 0.993564
0.552000 0.993551
0.556000 0.993538
0.560000 0.993526
0.564000 0.993514
0.568000 0.993502
0.572000 0.993489
0.576000 0.993478
0.580000 0.993466
0.584000 0.993454
0.588000 0.993443
0.592000 0.993431
0.596000 0.993420
0.600000 0.993409
0.604000 0.993398
0.608000 0.993387
0.612000 0.993376
0.616000 0.993366
0.620000 0.993355
0.624000 0.993345
0.628000 0.993335
0.632000 0.993325
0.636000 0.993315
0.640000 0.993306
0.644000 0.993296
0.648000 0.993287
0.652000 0.993278
0.656000 0.993268
0.660000 0.993260
0.664000 0.993251
0.668000 0.993242
0.672000 0.993234
0.676000 0.993226
0.680000 0.993217
0.684000 0.993209
0.688000 0.993202
0.692000 0.993194
0.696000 0.993186
0.700000 0.993179
0.704000 0.993172
0.708000 0.993165
0.712000 0.993158
0.716000 0.993151
0.720000 0.993144
0.724000 0.993138
0.728000 0.993131
0.732000 0.993125
0.736000 0.993119
0.740000 0.993113
0.744000 0.993107
0.748000 0.993102
0.752000 0.993096
0.756000 0.993091
0.760000 0.993085
0.764000 0.993080
0.768000 0.993075
0.772000 0.993070
0.776000 0.993065
0.780000 0.993061
0.784000 0.993056
0.788000 0.993052
0.792000 0.993047
0.796000 0.993043
0.800000 0.993039
0.804000 0.993035
0.808000 0.993031
0.812000 0.993027
0.816000 0.993024
0.820000 0.993020
0.824000 0.993017
0.828000 0.993013
0.832000 0.993010
0.836000 0.993007
0.840000 0.993004
0.844000 0.993001
0.848000 0.992998
0.852000 0.992995
0.856000 0.992992
0.860000 0.992990
0.864000 0.992987
0.868000 0.992985
0.872000 0.992982
0.876000 0.992980
0.880000 0.992978
0.884000 0.992975
0.888000 0.992973
0.892000 0.992971
0.896000 0.992969
0.900000 0.992967
0.904000 0.992965
0.908000 0.992964
0.912000 0.992962
0.916000 0.992960
0.920000 0.992959
0.924000 0.992957
0.928000 0.992955
0.932000 0.992954
0.936000 0.992953
0.940000 0.992951
0.944000 0.992950
0.948000 0.992949
0.952000 0.992947
0.956000 0.992946
0.960000 0.992945
0.964000 0.992944
0.968000 0.992943
0.972000 0.992942
0.976000 0.992941
0.980000 0.992940
0.984000 0.992938
0.988000 0.992937
0.992000 0.992936
0.996000 0.992934
1.000000 0.992932
