-1.000000 0.994892
-0.996000 0.994892
-0.992000 0.994892
-0.988000 0.994892
-0.984000 0.994892
-0.980000 0.994892
-0.976000 0.994892
-0.972000 0.994892
-0.968000 0.994892
-0.964000 0.994892
-0.960000 0.994892
-0.956000 0.994892
-0.952000 0.994892
-0.948000 0.994892
-0.944000 0.994892
-0.940000 0.994892
-0.936000 0.994892
-0.932000 0.994892
-0.928000 0.994892
-0.924000 0.994892
-0.920000 0.994892
-0.916000 0.994892
-0.912000 0.994892
-0.908000 0.994892
-0.904000 0.994892
-0.900000 0.994892
-0.896000 0.994892
-0.892000 0.994892
-0.888000 0.994892
-0.884000 0.994892
-0.880000 0.994892
-0.876000 0.994892
-0.872000 0.994892
-0.868000 0.994892
-0.864000 0.994892
-0.860000 0.994892
-0.856000 0.994892
-0.852000 0.994892
-0.848000 0.994892
-0.844000 0.994892
-0.840000 0.994892
-0.836000 0.994892
-0.832000 0.994892
-0.828000 0.994892
-0.824000 0.994892
-0.820000 0.994892
-0.816000 0.994892
-0.812000 0.994892
-0.808000 0.994892
-0.804000 0.994892
-0.800000 0.994892
-0.796000 0.994892
-0.792000 0.994892
-0.788000 0.994892
-0.784000 0.994892
-0.780000 0.994892
-0.776000 0.994892
-0.772000 0.994892
-0.768000 0.994892
-0.764000 0.994892
-0.760000 0.994892
-0.756000 0.994892
-0.752000 0.994892
-0.748000 0.994892
-0.744000 0.994892
-0.740000 0.994892
-0.736000 0.994892
-0.732000 0.994892
-0.728000 0.994892
-0.724000 0.994892
-0.720000 0.994892
-0.716000 0.994892
-0.712000 0.994892
-0.708000 0.994892
-0.704000 0.994892
-0.700000 0.994892
-0.696000 0.994892
-0.692000 0.994892
-0.688000 0.994892
-0.684000 0.994892
-0.680000 0.994892
-0.676000 0.994892
-0.672000 0.994892
-0.668000 0.994892
-0.664000 0.994892
-0.660000 0.994892
-0.656000 0.994892
-0.652000 0.994892
-0.648000 0.994892
-0.644000 0.994892
-0.640000 0.994892
-0.636000 0.994892
-0.632000 0.994892
-0.628000 0.994892
-0.624000 0.994892
-0.620000 0.994892
-0.616000 0.994892
-0.612000 0.994892
-0.608000 0.994892
-0.604000 0.994892
-0.600000 0.994892
-0.596000 0.994892
-0.592000 0.994892
-0.588000 0.994892
-0.584000 0.994892
-0.580000 0.994892
-0.576000 0.994892
-0.572000 0.994892
-0.568000 0.994892
-0.564000 0.994892
-0.560000 0.994892
-0.556000 0.994892
-0.552000 0.994892
-0.548000 0.994892
-0.544000 0.994892
-0.540000 0.994892
-0.536000 0.994892
-0.532000 0.994892
-0.528000 0.994892
-0.524000 0.994892
-0.520000 0.994892
-0.516000 0.994892
-0.512000 0.994892
-0.508000 0.994892
-0.504000 0.994892
-0.500000 0.994892
-0.496000 0.994892
-0.492000 0.994892
-0.488000 0.994892
-0.484000 0.994892
-0.480000 0.994892
-0.476000 0.994892
-0.472000 0.994892
-0.468000 0.994892
-0.464000 0.994892
-0.460000 0.994892
-0.456000 0.994892
-0.452000 0.994892
-0.448000 0.994891
-0.444000 0.994891
-0.440000 0.994891
-0.436000 0.994891
-0.432000 0.994891
-0.428000 0.994891
-0.424000 0.994891
-0.420000 0.994891
-0.416000 0.994891
-0.412000 0.994891
-0.408000 0.994891
-0.404000 0.994891
-0.400000 0.994891
-0.396000 0.994890
-0.392000 0.994890
-0.388000 0.994890
-0.384000 0.994890
-0.380000 0.994890
-0.376000 0.994890
-0.372000 0.994890
-0.368000 0.994889
-0.364000 0.994889
-0.360000 0.994889
-0.356000 0.994889
-0.352000 0.994888
-0.348000 0.994888
-0.344000 0.994888
-0.340000 0.994888
-0.336000 0.994887
-0.332000 0.994887
-0.328000 0.994887
-0.324000 0.994886
-0.320000 0.994886
-0.316000 0.994885
-0.312000 0.994885
-0.308000 0.994884
-0.304000 0.994884
-0.300000 0.994883
-0.296000 0.994883
-0.292000 0.994882
-0.288000 0.994881
-0.284000 0.994881
-0.280000 0.994880
-0.276000 0.994879
-0.272000 0.994878
-0.268000 0.994877
-0.264000 0.994876
-0.260000 0.994875
-0.256000 0.994874
-0.252000 0.994873
-0.248000 0.994872
-0.244000 0.994871
-0.240000 0.994870
-0.236000 0.994868
-0.232000 0.994867
-0.228000 0.994865
-0.224000 0.994864
-0.220000 0.994862
-0.216000 0.994861
-0.212000 0.994859
-0.208000 0.994857
-0.204000 0.994855
-0.200000 0.994853
-0.196000 0.994851
-0.192000 0.994848
-0.188000 0.994846
-0.184000 0.994844
-0.180000 0.994841
-0.176000 0.994838
-0.172000 0.994836
-0.168000 0.994833
-0.164000 0.994830
-0.160000 0.994827
-0.156000 0.994823
-0.152000 0.994820
-0.148000 0.994817
-0.144000 0.994813
-0.140000 0.994809
-0.136000 0.994805
-0.132000 0.994801
-0.128000 0.994797
-0.124000 0.994793
-0.120000 0.994788
-0.116000 0.994783
-0.112000 0.994778
-0.108000 0.994773
-0.104000 0.994768
-0.100000 0.994763
-0.096000 0.994757
-0.092000 0.994752
-0.088000 0.994746
-0.084000 0.994740
-0.080000 0.994734
-0.076000 0.994727
-0.072000 0.994721
-0.068000 0.994714
-0.064000 0.994707
-0.060000 0.994700
-0.056000 0.994692
-0.052000 0.994685
-0.048000 0.994677
-0.044000 0.994669
-0.040000 0.994661
-0.036000 0.994653
-0.032000 0.994644
-0.028000 0.994635
-0.024000 0.994626
-0.020000 0.994617
-0.016000 0.994608
-0.012000 0.994598
-0.008000 0.994589
-0.004000 0.994579
0.000000 0.994568
0.004000 0.994558
0.008000 0.994548
0.012000 0.994537
0.016000 0.994526
0.020000 0.994515
0.024000 0.994503
0.028000 0.994492
0.032000 0.994480
0.036000 0.994468
0.040000 0.994456
0.044000 0.994444
0.048000 0.994431
0.052000 0.994418
0.056000 0.994406
0.060000 0.994393
0.064000 0.994379
0.068000 0.994366
0.072000 0.994352
0.076000 0.994339
0.080000 0.994325
0.084000 0.994311
0.088000 0.994297
0.092000 0.994283
0.096000 0.994268
0.100000 0.994254
0.104000 0.994239
0.108000 0.994224
0.112000 0.994210
0.116000 0.994195
0.120000 0.994179
0.124000 0.994164
0.128000 0.994149
0.132000 0.994134
0.136000 0.994118
0.140000 0.994103
0.144000 0.994087
0.148000 0.994072
0.152000 0.994056
0.156000 0.994040
0.160000 0.994024
0.164000 0.994009
0.168000 0.993993
0.172000 0.993977
0.176000 0.993961
0.180000 0.993945
0.184000 0.993929
0.188000 0.993914
0.192000 0.993898
0.196000 0.993882
0.200000 0.993866
0.204000 0.993850
0.208000 0.993835
0.212000 0.993819
0.216000 0.993803
0.220000 0.993788
0.224000 0.993772
0.228000 0.993757
0.232000 0.993741
0.236000 0.993726
0.240000 0.993711
0.244000 0.993696
0.248000 0.993681
0.252000 0.993666
0.256000 0.993651
0.260000 0.993636
0.264000 0.993622
0.268000 0.993607
0.272000 0.993593
0.276000 0.993578
0.280000 0.993564
0.284000 0.993550
0.288000 0.993537
0.292000 0.993523
0.296000 0.993509
0.300000 0.993496
0.304000 0.993483
0.308000 0.993470
0.312000 0.993457
0.316000 0.993444
0.320000 0.993432
0.324000 0.993419
0.328000 0.993407
0.332000 0.993395
0.336000 0.993383
0.340000 0.993371
0.344000 0.993360
0.348000 0.993348
0.352000 0.993337
0.356000 0.993326
0.360000 0.993315
0.364000 0.993305
0.368000 0.993294
0.372000 0.993284
0.376000 0.993274
0.380000 0.993264
0.384000 0.993254
0.388000 0.993245
0.392000 0.993236
0.396000 0.993227
0.400000 0.993218
0.404000 0.993209
0.408000 0.993200
0.412000 0.993192
0.416000 0.993184
0.420000 0.993176
0.424000 0.993168
0.428000 0.993160
0.432000 0.993152
0.436000 0.993145
0.440000 0.993138
0.444000 0.993131
0.448000 0.993124
0.452000 0.993117
0.456000 0.993111
0.460000 0.993105
0.464000 0.993098
0.468000 0.993092
0.472000 0.993087
0.476000 0.993081
0.480000 0.993075
0.484000 0.993070
0.488000 0.993065
0.492000 0.993060
0.496000 0.993055
0.500000 0.993050
0.504000 0.993045
0.508000 0.993041
0.512000 0.993036
0.516000 0.993032
0.520000 0.993028
0.524000 0.993024
0.528000 0.993020
0.532000 0.993016
0.536000 0.993012
0.540000 0.993009
0.544000 0.993005
0.548000 0.993002
0.552000 0.992999
0.556000 0.992996
0.560000 0.992993
0.564000 0.992990
0.568000 0.992987
0.572000 0.992984
0.576000 0.992981
0.580000 0.992979
0.584000 0.992976
0.588000 0.992974
0.592000 0.992972
0.596000 0.992970
0.600000 0.992968
0.604000 0.992965
0.608000 0.992964
0.612000 0.992962
0.616000 0.992960
0.620000 0.992958
0.624000 0.992956
0.628000 0.992955
0.632000 0.992953
0.636000 0.992952
0.640000 0.992950
0.644000 0.992949
0.648000 0.992947
0.652000 0.992946
0.656000 0.992945
0.660000 0.992944
0.664000 0.992943
0.668000 0.992942
0.672000 0.992941
0.676000 0.992940
0.680000 0.992939
0.684000 0.992938
0.688000 0.992937
0.692000 0.992936
0.696000 0.992935
0.700000 0.992934
0.704000 0.992934
0.708000 0.992933
0.712000 0.992932
0.716000 0.992932
0.720000 0.992931
0.724000 0.992930
0.728000 0.992930
0.732000 0.992929
0.736000 0.992929
0.740000 0.992928
0.744000 0.992928
0.748000 0.992927
0.752000 0.992927
0.756000 0.992927
0.760000 0.992926
0.764000 0.992926
0.768000 0.992925
0.772000 0.992925
0.776000 0.992925
0.780000 0.992924
0.784000 0.992924
0.788000 0.992924
0.792000 0.992924
0.796000 0.992923
0.800000 0.992923
0.804000 0.992923
0.808000 0.992923
0.812000 0.992923
0.816000 0.992922
0.820000 0.992922
0.824000 0.992922
0.828000 0.992922
0.832000 0.992922
0.836000 0.992921
0.840000 0.992921
0.844000 0.992921
0.848000 0.992921
0.852000 0.992921
0.856000 0.992921
0.860000 0.992921
0.864000 0.992921
0.868000 0.992921
0.872000 0.992920
0.876000 0.992920
0.880000 0.992920
0.884000 0.992920
0.888000 0.992920
0.892000 0.992920
0.896000 0.992920
0.900000 0.992920
0.904000 0.992920
0.908000 0.992920
0.912000 0.992920
0.916000 0.992920
0.920000 0.992920
0.924000 0.992920
0.928000 0.992920
0.932000 0.992920
0.936000 0.992920
0.940000 0.992920
0.944000 0.992919
0.948000 0.992919
0.952000 0.992919
0.956000 0.992919
0.960000 0.992919
0.964000 0.992919
0.968000 0.992919
0.972000 0.992919
0.976000 0.992919
0.980000 0.992919
0.984000 0.992919
0.988000 0.992919
0.992000 0.992919
0.996000 0.992919
1.000000 0.992919
