-1.000000 0.994892
-0.996000 0.994892
-0.992000 0.994892
-0.988000 0.994892
-0.984000 0.994892
-0.980000 0.994892
-0.976000 0.994892
-0.972000 0.994892
-0.968000 0.994892
-0.964000 0.994892
-0.960000 0.994892
-0.956000 0.994892
-0.952000 0.994892
-0.948000 0.994892
-0.944000 0.994892
-0.940000 0.994892
-0.936000 0.994892
-0.932000 0.994892
-0.928000 0.994892
-0.924000 0.994892
-0.920000 0.994892
-0.916000 0.994892
-0.912000 0.994892
-0.908000 0.994892
-0.904000 0.994892
-0.900000 0.994892
-0.896000 0.994892
-0.892000 0.994892
-0.888000 0.994892
-0.884000 0.994892
-0.880000 0.994892
-0.876000 0.994892
-0.872000 0.994892
-0.868000 0.994892
-0.864000 0.994892
-0.860000 0.994892
-0.856000 0.994892
-0.852000 0.994892
-0.848000 0.994892
-0.844000 0.994892
-0.840000 0.994892
-0.836000 0.994892
-0.832000 0.994892
-0.828000 0.994892
-0.824000 0.994892
-0.820000 0.994892
-0.816000 0.994892
-0.812000 0.994892
-0.808000 0.994892
-0.804000 0.994892
-0.800000 0.994892
-0.796000 0.994892
-0.792000 0.994892
-0.788000 0.994892
-0.784000 0.994892
-0.780000 0.994892
-0.776000 0.994892
-0.772000 0.994892
-0.768000 0.994892
-0.764000 0.994892
-0.760000 0.994892
-0.756000 0.994892
-0.752000 0.994892
-0.748000 0.994892
-0.744000 0.994892
-0.740000 0.994892
-0.736000 0.994892
-0.732000 0.994892
-0.728000 0.994892
-0.724000 0.994892
-0.720000 0.994892
-0.716000 0.994892
-0.712000 0.994892
-0.708000 0.994892
-0.704000 0.994892
-0.700000 0.994892
-0.696000 0.994892
-0.692000 0.994892
-0.688000 0.994892
-0.684000 0.994892
-0.680000 0.994892
-0.676000 0.994892
-0.672000 0.994892
-0.668000 0.994892
-0.664000 0.994892
-0.660000 0.994892
-0.656000 0.994892
-0.652000 0.994892
-0.648000 0.994892
-0.644000 0.994892
-0.640000 0.994892
-0.636000 0.994892
-0.632000 0.994892
-0.628000 0.994892
-0.624000 0.994892
-0.620000 0.994892
-0.616000 0.994892
-0.612000 0.994892
-0.608000 0.994892
-0.604000 0.994892
-0.600000 0.994892
-0.596000 0.994892
-0.592000 0.994892
-0.588000 0.994892
-0.584000 0.994892
-0.580000 0.994892
-0.576000 0.994892
-0.572000 0.994892
-0.568000 0.994892
-0.564000 0.994892
-0.560000 0.994892
-0.556000 0.994892
-0.552000 0.994892
-0.548000 0.994892
-0.544000 0.994892
-0.540000 0.994892
-0.536000 0.994892
-0.532000 0.994892
-0.528000 0.994892
-0.524000 0.994892
-0.520000 0.994892
-0.516000 0.994892
-0.512000 0.994892
-0.508000 0.994892
-0.504000 0.994891
-0.500000 0.994891
-0.496000 0.994891
-0.492000 0.994891
-0.488000 0.994891
-0.484000 0.994891
-0.480000 0.994891
-0.476000 0.994891
-0.472000 0.994891
-0.468000 0.994891
-0.464000 0.994891
-0.460000 0.994891
-0.456000 0.994891
-0.452000 0.994890
-0.448000 0.994890
-0.444000 0.994890
-0.440000 0.994890
-0.436000 0.994890
-0.432000 0.994890
-0.428000 0.994889
-0.424000 0.994889
-0.420000 0.994889
-0.416000 0.994889
-0.412000 0.994889
-0.408000 0.994888
-0.404000 0.994888
-0.400000 0.994888
-0.396000 0.994887
-0.392000 0.994887
-0.388000 0.994887
-0.384000 0.994886
-0.380000 0.994886
-0.376000 0.994885
-0.372000 0.994885
-0.368000 0.994884
-0.364000 0.994884
-0.360000 0.994883
-0.356000 0.994882
-0.352000 0.994882
-0.348000 0.994881
-0.344000 0.994880
-0.340000 0.994879
-0.336000 0.994879
-0.332000 0.994878
-0.328000 0.994877
-0.324000 0.994876
-0.320000 0.994875
-0.316000 0.994873
-0.312000 0.994872
-0.308000 0.994871
-0.304000 0.994870
-0.300000 0.994868
-0.296000 0.994867
-0.292000 0.994865
-0.288000 0.994864
-0.284000 0.994862
-0.280000 0.994860
-0.276000 0.994858
-0.272000 0.994856
-0.268000 0.994854
-0.264000 0.994852
-0.260000 0.994850
-0.256000 0.994847
-0.252000 0.994845
-0.248000 0.994842
-0.244000 0.994840
-0.240000 0.994837
-0.236000 0.994834
-0.232000 0.994831
-0.228000 0.994828
-0.224000 0.994824
-0.220000 0.994821
-0.216000 0.994817
-0.212000 0.994813
-0.208000 0.994810
-0.204000 0.994805
-0.200000 0.994801
-0.196000 0.994797
-0.192000 0.994792
-0.188000 0.994788
-0.184000 0.994783
-0.180000 0.994778
-0.176000 0.994772
-0.172000 0.994767
-0.168000 0.994761
-0.164000 0.994756
-0.160000 0.994750
-0.156000 0.994744
-0.152000 0.994737
-0.148000 0.994731
-0.144000 0.994724
-0.140000 0.994717
-0.136000 0.994710
-0.132000 0.994702
-0.128000 0.994695
-0.124000 0.994687
-0.120000 0.994679
-0.116000 0.994671
-0.112000 0.994662
-0.108000 0.994654
-0.104000 0.994645
-0.100000 0.994636
-0.096000 0.994627
-0.092000 0.994617
-0.088000 0.994607
-0.084000 0.994598
-0.080000 0.994587
-0.076000 0.994577
-0.072000 0.994566
-0.068000 0.994556
-0.064000 0.994545
-0.060000 0.994533
-0.056000 0.994522
-0.052000 0.994510
-0.048000 0.994498
-0.044000 0.994486
-0.040000 0.994474
-0.036000 0.994461
-0.032000 0.994449
-0.028000 0.994436
-0.024000 0.994423
-0.020000 0.994410
-0.016000 0.994396
-0.012000 0.994382
-0.008000 0.994369
-0.004000 0.994355
0.000000 0.994341
0.004000 0.994326
0.008000 0.994312
0.012000 0.994297
0.016000 0.994282
0.020000 0.994267
0.024000 0.994252
0.028000 0.994237
0.032000 0.994222
0.036000 0.994206
0.040000 0.994191
0.044000 0.994175
0.048000 0.994159
0.052000 0.994144
0.056000 0.994128
0.060000 0.994112
0.064000 0.994096
0.068000 0.994079
0.072000 0.994063
0.076000 0.994047
0.080000 0.994031
0.084000 0.994014
0.088000 0.993998
0.092000 0.993982
0.096000 0.993965
0.100000 0.993949
0.104000 0.993932
0.108000 0.993916
0.112000 0.993899
0.116000 0.993883
0.120000 0.993867
0.124000 0.993850
0.128000 0.993834
0.132000 0.993818
0.136000 0.993802
0.140000 0.993785
0.144000 0.993769
0.148000 0.993753
0.152000 0.993737
0.156000 0.993722
0.160000 0.993706
0.164000 0.993690
0.168000 0.993675
0.172000 0.993659
0.176000 0.993644
0.180000 0.993629
0.184000 0.993614
0.188000 0.993599
0.192000 0.993584
0.196000 0.993569
0.200000 0.993555
0.204000 0.993541
0.208000 0.993526
0.212000 0.993512
0.216000 0.993499
0.220000 0.993485
0.224000 0.993471
0.228000 0.993458
0.232000 0.993445
0.236000 0.993432
0.240000 0.993419
0.244000 0.993406
0.248000 0.993394
0.252000 0.993382
0.256000 0.993369
0.260000 0.993358
0.264000 0.993346
0.268000 0.993334
0.272000 0.993323
0.276000 0.993312
0.280000 0.993301
0.284000 0.993290
0.288000 0.993280
0.292000 0.993269
0.296000 0.993259
0.300000 0.993249
0.304000 0.993240
0.308000 0.993230
0.312000 0.993221
0.316000 0.993212
0.320000 0.993203
0.324000 0.993194
0.328000 0.993185
0.332000 0.993177
0.336000 0.993169
0.340000 0.993161
0.344000 0.993153
0.348000 0.993146
0.352000 0.993138
0.356000 0.993131
0.360000 0.993124
0.364000 0.993117
0.368000 0.993110
0.372000 0.993104
0.376000 0.993097
0.380000 0.993091
0.384000 0.993085
0.388000 0.993079
0.392000 0.993074
0.396000 0.993068
0.400000 0.993063
0.404000 0.993057
0.408000 0.993052
0.412000 0.993048
0.416000 0.993043
0.420000 0.993038
0.424000 0.993034
0.428000 0.993029
0.432000 0.993025
0.436000 0.993021
0.440000 0.993017
0.444000 0.993013
0.448000 0.993010
0.452000 0.993006
0.456000 0.993002
0.460000 0.992999
0.464000 0.992996
0.468000 0.992993
0.472000 0.992990
0.476000 0.992987
0.480000 0.992984
0.484000 0.992981
0.488000 0.992979
0.492000 0.992976
0.496000 0.992974
0.500000 0.992971
0.504000 0.992969
0.508000 0.992967
0.512000 0.992965
0.516000 0.992963
0.520000 0.992961
0.524000 0.992959
0.528000 0.992957
0.532000 0.992956
0.536000 0.992954
0.540000 0.992952
0.544000 0.992951
0.548000 0.992949
0.552000 0.992948
0.556000 0.992947
0.560000 0.992945
0.564000 0.992944
0.568000 0.992943
0.572000 0.992942
0.576000 0.992941
0.580000 0.992940
0.584000 0.992939
0.588000 0.992938
0.592000 0.992937
0.596000 0.992936
0.600000 0.992935
0.604000 0.992934
0.608000 0.992934
0.612000 0.992933
0.616000 0.992932
0.620000 0.992931
0.624000 0.992931
0.628000 0.992930
0.632000 0.992930
0.636000 0.992929
0.640000 0.992929
0.644000 0.992928
0.648000 0.992928
0.652000 0.992927
0.656000 0.992927
0.660000 0.992926
0.664000 0.992926
0.668000 0.992926
0.672000 0.992925
0.676000 0.992925
0.680000 0.992925
0.684000 0.992924
0.688000 0.992924
0.692000 0.992924
0.696000 0.992923
0.700000 0.992923
0.704000 0.992923
0.708000 0.992923
0.712000 0.992923
0.716000 0.992922
0.720000 0.992922
0.724000 0.992922
0.728000 0.992922
0.732000 0.992922
0.736000 0.992921
0.740000 0.992921
0.744000 0.992921
0.748000 0.992921
0.752000 0.992921
0.756000 0.992921
0.760000 0.992921
0.764000 0.992921
0.768000 0.992921
0.772000 0.992920
0.776000 0.992920
0.780000 0.992920
0.784000 0.992920
0.788000 0.992920
0.792000 0.992920
0.796000 0.992920
0.800000 0.992920
0.804000 0.992920
0.808000 0.992920
0.812000 0.992920
0.816000 0.992920
0.820000 0.992920
0.824000 0.992920
0.828000 0.992920
0.832000 0.992920
0.836000 0.992920
0.840000 0.992919
0.844000 0.992919
0.848000 0.992919
0.852000 0.992919
0.856000 0.992919
0.860000 0.992919
0.864000 0.992919
0.868000 0.992919
0.872000 0.992919
0.876000 0.992919
0.880000 0.992919
0.884000 0.992919
0.888000 0.992919
0.892000 0.992919
0.896000 0.992919
0.900000 0.992919
0.904000 0.992919
0.908000 0.992919
0.912000 0.992919
0.916000 0.992919
0.920000 0.992919
0.924000 0.992919
0.928000 0.992919
0.932000 0.992919
0.936000 0.992919
0.940000 0.992919
0.944000 0.992919
0.948000 0.992919
0.952000 0.992919
0.956000 0.992919
0.960000 0.992919
0.964000 0.992919
0.968000 0.992919
0.972000 0.992919
0.976000 0.992919
0.980000 0.992919
0.984000 0.992919
0.988000 0.992919
0.992000 0.992919
0.996000 0.992919
1.000000 0.992919
