-1.000000 0.994892
-0.996000 0.994892
-0.992000 0.994892
-0.988000 0.994892
-0.984000 0.994892
-0.980000 0.994892
-0.976000 0.994892
-0.972000 0.994892
-0.968000 0.994892
-0.964000 0.994892
-0.960000 0.994892
-0.956000 0.994892
-0.952000 0.994892
-0.948000 0.994892
-0.944000 0.994892
-0.940000 0.994892
-0.936000 0.994892
-0.932000 0.994892
-0.928000 0.994892
-0.924000 0.994892
-0.920000 0.994892
-0.916000 0.994892
-0.912000 0.994892
-0.908000 0.994892
-0.904000 0.994892
-0.900000 0.994892
-0.896000 0.994892
-0.892000 0.994892
-0.888000 0.994892
-0.884000 0.994892
-0.880000 0.994892
-0.876000 0.994892
-0.872000 0.994892
-0.868000 0.994892
-0.864000 0.994892
-0.860000 0.994892
-0.856000 0.994892
-0.852000 0.994892
-0.848000 0.994892
-0.844000 0.994892
-0.840000 0.994892
-0.836000 0.994892
-0.832000 0.994892
-0.828000 0.994892
-0.824000 0.994892
-0.820000 0.994892
-0.816000 0.994892
-0.812000 0.994892
-0.808000 0.994892
-0.804000 0.994892
-0.800000 0.994892
-0.796000 0.994892
-0.792000 0.994892
-0.788000 0.994892
-0.784000 0.994892
-0.780000 0.994892
-0.776000 0.994892
-0.772000 0.994892
-0.768000 0.994892
-0.764000 0.994892
-0.760000 0.994892
-0.756000 0.994892
-0.752000 0.994892
-0.748000 0.994892
-0.744000 0.994892
-0.740000 0.994892
-0.736000 0.994892
-0.732000 0.994892
-0.728000 0.994892
-0.724000 0.994892
-0.720000 0.994892
-0.716000 0.994892
-0.712000 0.994892
-0.708000 0.994892
-0.704000 0.994892
-0.700000 0.994892
-0.696000 0.994892
-0.692000 0.994892
-0.688000 0.994892
-0.684000 0.994892
-0.680000 0.994892
-0.676000 0.994892
-0.672000 0.994892
-0.668000 0.994892
-0.664000 0.994892
-0.660000 0.994892
-0.656000 0.994892
-0.652000 0.994892
-0.648000 0.994892
-0.644000 0.994892
-0.640000 0.994892
-0.636000 0.994892
-0.632000 0.994892
-0.628000 0.994892
-0.624000 0.994892
-0.620000 0.994892
-0.616000 0.994892
-0.612000 0.994892
-0.608000 0.994892
-0.604000 0.994892
-0.600000 0.994892
-0.596000 0.994892
-0.592000 0.994892
-0.588000 0.994892
-0.584000 0.994892
-0.580000 0.994892
-0.576000 0.994892
-0.572000 0.994892
-0.568000 0.994892
-0.564000 0.994892
-0.560000 0.994892
-0.556000 0.994892
-0.552000 0.994892
-0.548000 0.994892
-0.544000 0.994892
-0.540000 0.994892
-0.536000 0.994892
-0.532000 0.994892
-0.528000 0.994892
-0.524000 0.994892
-0.520000 0.994892
-0.516000 0.994892
-0.512000 0.994892
-0.508000 0.994892
-0.504000 0.994892
-0.500000 0.994892
-0.496000 0.994892
-0.492000 0.994892
-0.488000 0.994892
-0.484000 0.994892
-0.480000 0.994892
-0.476000 0.994892
-0.472000 0.994892
-0.468000 0.994891
-0.464000 0.994891
-0.460000 0.994891
-0.456000 0.994891
-0.452000 0.994891
-0.448000 0.994891
-0.444000 0.994891
-0.440000 0.994891
-0.436000 0.994891
-0.432000 0.994891
-0.428000 0.994891
-0.424000 0.994891
-0.420000 0.994891
-0.416000 0.994890
-0.412000 0.994890
-0.408000 0.994890
-0.404000 0.994890
-0.400000 0.994890
-0.396000 0.994890
-0.392000 0.994889
-0.388000 0.994889
-0.384000 0.994889
-0.380000 0.994889
-0.376000 0.994889
-0.372000 0.994888
-0.368000 0.994888
-0.364000 0.994888
-0.360000 0.994887
-0.356000 0.994887
-0.352000 0.994887
-0.348000 0.994886
-0.344000 0.994886
-0.340000 0.994885
-0.336000 0.994885
-0.332000 0.994884
-0.328000 0.994884
-0.324000 0.994883
-0.320000 0.994883
-0.316000 0.994882
-0.312000 0.994881
-0.308000 0.994881
-0.304000 0.994880
-0.300000 0.994879
-0.296000 0.994878
-0.292000 0.994877
-0.288000 0.994876
-0.284000 0.994875
-0.280000 0.994874
-0.276000 0.994873
-0.272000 0.994872
-0.268000 0.994871
-0.264000 0.994870
-0.260000 0.994868
-0.256000 0.994867
-0.252000 0.994865
-0.248000 0.994864
-0.244000 0.994862
-0.240000 0.994860
-0.236000 0.994859
-0.232000 0.994857
-0.228000 0.994855
-0.224000 0.994853
-0.220000 0.994850
-0.216000 0.994848
-0.212000 0.994846
-0.208000 0.994843
-0.204000 0.994841
-0.200000 0.994838
-0.196000 0.994835
-0.192000 0.994832
-0.188000 0.994829
-0.184000 0.994826
-0.180000 0.994822
-0.176000 0.994819
-0.172000 0.994815
-0.168000 0.994812
-0.164000 0.994808
-0.160000 0.994804
-0.156000 0.994800
-0.152000 0.994795
-0.148000 0.994791
-0.144000 0.994786
-0.140000 0.994781
-0.136000 0.994776
-0.132000 0.994771
-0.128000 0.994766
-0.124000 0.994760
-0.120000 0.994755
-0.116000 0.994749
-0.112000 0.994743
-0.108000 0.994737
-0.104000 0.994730
-0.100000 0.994723
-0.096000 0.994717
-0.092000 0.994710
-0.088000 0.994703
-0.084000 0.994695
-0.080000 0.994688
-0.076000 0.994680
-0.072000 0.994672
-0.068000 0.994664
-0.064000 0.994655
-0.060000 0.994647
-0.056000 0.994638
-0.052000 0.994629
-0.048000 0.994620
-0.044000 0.994610
-0.040000 0.994600
-0.036000 0.994591
-0.032000 0.994581
-0.028000 0.994570
-0.024000 0.994560
-0.020000 0.994549
-0.016000 0.994538
-0.012000 0.994527
-0.008000 0.994516
-0.004000 0.994504
0.000000 0.994493
0.004000 0.994481
0.008000 0.994469
0.012000 0.994456
0.016000 0.994444
0.020000 0.994431
0.024000 0.994418
0.028000 0.994405
0.032000 0.994392
0.036000 0.994379
0.040000 0.994365
0.044000 0.994352
0.048000 0.994338
0.052000 0.994324
0.056000 0.994309
0.060000 0.994295
0.064000 0.994281
0.068000 0.994266
0.072000 0.994251
0.076000 0.994237
0.080000 0.994222
0.084000 0.994206
0.088000 0.994191
0.092000 0.994176
0.096000 0.994161
0.100000 0.994145
0.104000 0.994130
0.108000 0.994114
0.112000 0.994098
0.116000 0.994082
0.120000 0.994067
0.124000 0.994051
0.128000 0.994035
0.132000 0.994019
0.136000 0.994003
0.140000 0.993987
0.144000 0.993971
0.148000 0.993955
0.152000 0.993938
0.156000 0.993922
0.160000 0.993906
0.164000 0.993890
0.168000 0.993874
0.172000 0.993858
0.176000 0.993842
0.180000 0.993826
0.184000 0.993811
0.188000 0.993795
0.192000 0.993779
0.196000 0.993763
0.200000 0.993748
0.204000 0.993732
0.208000 0.993717
0.212000 0.993701
0.216000 0.993686
0.220000 0.993671
0.224000 0.993656
0.228000 0.993641
0.232000 0.993626
0.236000 0.993611
0.240000 0.993597
0.244000 0.993582
0.248000 0.993568
0.252000 0.993554
0.256000 0.993540
0.260000 0.993526
0.264000 0.993512
0.268000 0.993499
0.272000 0.993485
0.276000 0.993472
0.280000 0.993459
0.284000 0.993446
0.288000 0.993433
0.292000 0.993421
0.296000 0.993408
0.300000 0.993396
0.304000 0.993384
0.308000 0.993372
0.312000 0.993360
0.316000 0.993349
0.320000 0.993338
0.324000 0.993327
0.328000 0.993316
0.332000 0.993305
0.336000 0.993294
0.340000 0.993284
0.344000 0.993274
0.348000 0.993264
0.352000 0.993254
0.356000 0.993244
0.360000 0.993235
0.364000 0.993226
0.368000 0.993217
0.372000 0.993208
0.376000 0.993199
0.380000 0.993191
0.384000 0.993182
0.388000 0.993174
0.392000 0.993166
0.396000 0.993158
0.400000 0.993151
0.404000 0.993143
0.408000 0.993136
0.412000 0.993129
0.416000 0.993122
0.420000 0.993116
0.424000 0.993109
0.428000 0.993103
0.432000 0.993097
0.436000 0.993091
0.440000 0.993085
0.444000 0.993079
0.448000 0.993073
0.452000 0.993068
0.456000 0.993063
0.460000 0.993058
0.464000 0.993053
0.468000 0.993048
0.472000 0.993043
0.476000 0.993039
0.480000 0.993034
0.484000 0.993030
0.488000 0.993026
0.492000 0.993022
0.496000 0.993018
0.500000 0.993014
0.504000 0.993010
0.508000 0.993007
0.512000 0.993003
0.516000 0.993000
0.520000 0.992997
0.524000 0.992994
0.528000 0.992991
0.532000 0.992988
0.536000 0.992985
0.540000 0.992982
0.544000 0.992980
0.548000 0.992977
0.552000 0.992975
0.556000 0.992973
0.560000 0.992970
0.564000 0.992968
0.568000 0.992966
0.572000 0.992964
0.576000 0.992962
0.580000 0.992960
0.584000 0.992958
0.588000 0.992957
0.592000 0.992955
0.596000 0.992953
0.600000 0.992952
0.604000 0.992950
0.608000 0.992949
0.612000 0.992948
0.616000 0.992946
0.620000 0.992945
0.624000 0.992944
0.628000 0.992943
0.632000 0.992942
0.636000 0.992941
0.640000 0.992940
0.644000 0.992939
0.648000 0.992938
0.652000 0.992937
0.656000 0.992936
0.660000 0.992935
0.664000 0.992934
0.668000 0.992934
0.672000 0.992933
0.676000 0.992932
0.680000 0.992932
0.684000 0.992931
0.688000 0.992930
0.692000 0.992930
0.696000 0.992929
0.700000 0.992929
0.704000 0.992928
0.708000 0.992928
0.712000 0.992927
0.716000 0.992927
0.720000 0.992926
0.724000 0.992926
0.728000 0.992926
0.732000 0.992925
0.736000 0.992925
0.740000 0.992925
0.744000 0.992924
0.748000 0.992924
0.752000 0.992924
0.756000 0.992924
0.760000 0.992923
0.764000 0.992923
0.768000 0.992923
0.772000 0.992923
0.776000 0.992922
0.780000 0.992922
0.784000 0.992922
0.788000 0.992922
0.792000 0.992922
0.796000 0.992922
0.800000 0.992921
0.804000 0.992921
0.808000 0.992921
0.812000 0.992921
0.816000 0.992921
0.820000 0.992921
0.824000 0.992921
0.828000 0.992921
0.832000 0.992921
0.836000 0.992920
0.840000 0.992920
0.844000 0.992920
0.848000 0.992920
0.852000 0.992920
0.856000 0.992920
0.860000 0.992920
0.864000 0.992920
0.868000 0.992920
0.872000 0.992920
0.876000 0.992920
0.880000 0.992920
0.884000 0.992920
0.888000 0.992920
0.892000 0.992920
0.896000 0.992920
0.900000 0.992920
0.904000 0.992919
0.908000 0.992919
0.912000 0.992919
0.916000 0.992919
0.920000 0.992919
0.924000 0.992919
0.928000 0.992919
0.932000 0.992919
0.936000 0.992919
0.940000 0.992919
0.944000 0.992919
0.948000 0.992919
0.952000 0.992919
0.956000 0.992919
0.960000 0.992919
0.964000 0.992919
0.968000 0.992919
0.972000 0.992919
0.976000 0.992919
0.980000 0.992919
0.984000 0.992919
0.988000 0.992919
0.992000 0.992919
0.996000 0.992919
1.000000 0.992919
