-1.000000 0.994892
-0.996000 0.994892
-0.992000 0.994892
-0.988000 0.994892
-0.984000 0.994892
-0.980000 0.994892
-0.976000 0.994892
-0.972000 0.994892
-0.968000 0.994892
-0.964000 0.994892
-0.960000 0.994892
-0.956000 0.994892
-0.952000 0.994892
-0.948000 0.994892
-0.944000 0.994892
-0.940000 0.994892
-0.936000 0.994892
-0.932000 0.994892
-0.928000 0.994892
-0.924000 0.994892
-0.920000 0.994892
-0.916000 0.994892
-0.912000 0.994892
-0.908000 0.994892
-0.904000 0.994892
-0.900000 0.994892
-0.896000 0.994892
-0.892000 0.994892
-0.888000 0.994892
-0.884000 0.994892
-0.880000 0.994892
-0.876000 0.994892
-0.872000 0.994892
-0.868000 0.994892
-0.864000 0.994892
-0.860000 0.994892
-0.856000 0.994892
-0.852000 0.994892
-0.848000 0.994892
-0.844000 0.994892
-0.840000 0.994892
-0.836000 0.994892
-0.832000 0.994892
-0.828000 0.994892
-0.824000 0.994892
-0.820000 0.994892
-0.816000 0.994892
-0.812000 0.994892
-0.808000 0.994892
-0.804000 0.994892
-0.800000 0.994892
-0.796000 0.994892
-0.792000 0.994892
-0.788000 0.994892
-0.784000 0.994892
-0.780000 0.994892
-0.776000 0.994892
-0.772000 0.994892
-0.768000 0.994892
-0.764000 0.994892
-0.760000 0.994892
-0.756000 0.994892
-0.752000 0.994892
-0.748000 0.994892
-0.744000 0.994892
-0.740000 0.994892
-0.736000 0.994892
-0.732000 0.994892
-0.728000 0.994892
-0.724000 0.994892
-0.720000 0.994892
-0.716000 0.994892
-0.712000 0.994892
-0.708000 0.994892
-0.704000 0.994892
-0.700000 0.994892
-0.696000 0.994892
-0.692000 0.994892
-0.688000 0.994892
-0.684000 0.994892
-0.680000 0.994892
-0.676000 0.994892
-0.672000 0.994892
-0.668000 0.994892
-0.664000 0.994892
-0.660000 0.994892
-0.656000 0.994892
-0.652000 0.994892
-0.648000 0.994892
-0.644000 0.994892
-0.640000 0.994892
-0.636000 0.994892
-0.632000 0.994892
-0.628000 0.994892
-0.624000 0.994892
-0.620000 0.994892
-0.616000 0.994892
-0.612000 0.994892
-0.608000 0.994892
-0.604000 0.994892
-0.600000 0.994892
-0.596000 0.994892
-0.592000 0.994892
-0.588000 0.994892
-0.584000 0.994892
-0.580000 0.994892
-0.576000 0.994892
-0.572000 0.994891
-0.568000 0.994891
-0.564000 0.994891
-0.560000 0.994891
-0.556000 0.994891
-0.552000 0.994891
-0.548000 0.994891
-0.544000 0.994891
-0.540000 0.994891
-0.536000 0.994891
-0.532000 0.994891
-0.528000 0.994891
-0.524000 0.994890
-0.520000 0.994890
-0.516000 0.994890
-0.512000 0.994890
-0.508000 0.994890
-0.504000 0.994890
-0.500000 0.994889
-0.496000 0.994889
-0.492000 0.994889
-0.488000 0.994889
-0.484000 0.994888
-0.480000 0.994888
-0.476000 0.994888
-0.472000 0.994887
-0.468000 0.994887
-0.464000 0.994887
-0.460000 0.994886
-0.456000 0.994886
-0.452000 0.994885
-0.448000 0.994885
-0.444000 0.994884
-0.440000 0.994884
-0.436000 0.994883
-0.432000 0.994882
-0.428000 0.994882
-0.424000 0.994881
-0.420000 0.994880
-0.416000 0.994879
-0.412000 0.994878
-0.408000 0.994877
-0.404000 0.994876
-0.400000 0.994875
-0.396000 0.994874
-0.392000 0.994873
-0.388000 0.994871
-0.384000 0.994870
-0.380000 0.994869
-0.376000 0.994867
-0.372000 0.994866
-0.368000 0.994864
-0.364000 0.994862
-0.360000 0.994860
-0.356000 0.994858
-0.352000 0.994856
-0.348000 0.994854
-0.344000 0.994852
-0.340000 0.994849
-0.336000 0.994847
-0.332000 0.994844
-0.328000 0.994841
-0.324000 0.994838
-0.320000 0.994835
-0.316000 0.994832
-0.312000 0.994829
-0.308000 0.994825
-0.304000 0.994822
-0.300000 0.994818
-0.296000 0.994814
-0.292000 0.994810
-0.288000 0.994805
-0.284000 0.994801
-0.280000 0.994796
-0.276000 0.994791
-0.272000 0.994786
-0.268000 0.994781
-0.264000 0.994776
-0.260000 0.994770
-0.256000 0.994765
-0.252000 0.994759
-0.248000 0.994752
-0.244000 0.994746
-0.240000 0.994739
-0.236000 0.994733
-0.232000 0.994726
-0.228000 0.994718
-0.224000 0.994711
-0.220000 0.994703
-0.216000 0.994695
-0.212000 0.994687
-0.208000 0.994679
-0.204000 0.994670
-0.200000 0.994661
-0.196000 0.994652
-0.192000 0.994642
-0.188000 0.994633
-0.184000 0.994623
-0.180000 0.994613
-0.176000 0.994603
-0.172000 0.994592
-0.168000 0.994581
-0.164000 0.994570
-0.160000 0.994559
-0.156000 0.994547
-0.152000 0.994536
-0.148000 0.994524
-0.144000 0.994511
-0.140000 0.994499
-0.136000 0.994486
-0.132000 0.994473
-0.128000 0.994460
-0.124000 0.994447
-0.120000 0.994433
-0.116000 0.994419
-0.112000 0.994405
-0.108000 0.994391
-0.104000 0.994377
-0.100000 0.994362
-0.096000 0.994347
-0.092000 0.994332
-0.088000 0.994317
-0.084000 0.994302
-0.080000 0.994287
-0.076000 0.994271
-0.072000 0.994255
-0.068000 0.994239
-0.064000 0.994223
-0.060000 0.994207
-0.056000 0.994191
-0.052000 0.994174
-0.048000 0.994158
-0.044000 0.994141
-0.040000 0.994124
-0.036000 0.994107
-0.032000 0.994090
-0.028000 0.994073
-0.024000 0.994056
-0.020000 0.994039
-0.016000 0.994022
-0.012000 0.994005
-0.008000 0.993988
-0.004000 0.993971
0.000000 0.993953
0.004000 0.993936
0.008000 0.993919
0.012000 0.993902
0.016000 0.993884
0.020000 0.993867
0.024000 0.993850
0.028000 0.993833
0.032000 0.993816
0.036000 0.993799
0.040000 0.993782
0.044000 0.993765
0.048000 0.993749
0.052000 0.993732
0.056000 0.993715
0.060000 0.993699
0.064000 0.993683
0.068000 0.993666
0.072000 0.993650
0.076000 0.993634
0.080000 0.993619
0.084000 0.993603
0.088000 0.993587
0.092000 0.993572
0.096000 0.993557
0.100000 0.993542
0.104000 0.993527
0.108000 0.993512
0.112000 0.993498
0.116000 0.993483
0.120000 0.993469
0.124000 0.993455
0.128000 0.993441
0.132000 0.993428
0.136000 0.993414
0.140000 0.993401
0.144000 0.993388
0.148000 0.993376
0.152000 0.993363
0.156000 0.993351
0.160000 0.993339
0.164000 0.993327
0.168000 0.993315
0.172000 0.993303
0.176000 0.993292
0.180000 0.993281
0.184000 0.993270
0.188000 0.993260
0.192000 0.993249
0.196000 0.993239
0.200000 0.993229
0.204000 0.993219
0.208000 0.993210
0.212000 0.993201
0.216000 0.993192
0.220000 0.993183
0.224000 0.993174
0.228000 0.993165
0.232000 0.993157
0.236000 0.993149
0.240000 0.993141
0.244000 0.993134
0.248000 0.993126
0.252000 0.993119
0.256000 0.993112
0.260000 0.993105
0.264000 0.993098
0.268000 0.993092
0.272000 0.993086
0.276000 0.993079
0.280000 0.993074
0.284000 0.993068
0.288000 0.993062
0.292000 0.993057
0.296000 0.993051
0.300000 0.993046
0.304000 0.993041
0.308000 0.993037
0.312000 0.993032
0.316000 0.993027
0.320000 0.993023
0.324000 0.993019
0.328000 0.993015
0.332000 0.993011
0.336000 0.993007
0.340000 0.993004
0.344000 0.993000
0.348000 0.992997
0.352000 0.992993
0.356000 0.992990
0.360000 0.992987
0.364000 0.992984
0.368000 0.992981
0.372000 0.992979
0.376000 0.992976
0.380000 0.992973
0.384000 0.992971
0.388000 0.992969
0.392000 0.992966
0.396000 0.992964
0.400000 0.992962
0.404000 0.992960
0.408000 0.992958
0.412000 0.992956
0.416000 0.992955
0.420000 0.992953
0.424000 0.992951
0.428000 0.992950
0.432000 0.992948
0.436000 0.992947
0.440000 0.992946
0.444000 0.992944
0.448000 0.992943
0.452000 0.992942
0.456000 0.992941
0.460000 0.992940
0.464000 0.992939
0.468000 0.992938
0.472000 0.992937
0.476000 0.992936
0.480000 0.992935
0.484000 0.992934
0.488000 0.992933
0.492000 0.992933
0.496000 0.992932
0.500000 0.992931
0.504000 0.992931
0.508000 0.992930
0.512000 0.992929
0.516000 0.992929
0.520000 0.992928
0.524000 0.992928
0.528000 0.992927
0.532000 0.992927
0.536000 0.992926
0.540000 0.992926
0.544000 0.992926
0.548000 0.992925
0.552000 0.992925
0.556000 0.992925
0.560000 0.992924
0.564000 0.992924
0.568000 0.992924
0.572000 0.992923
0.576000 0.992923
0.580000 0.992923
0.584000 0.992923
0.588000 0.992922
0.592000 0.992922
0.596000 0.992922
0.600000 0.992922
0.604000 0.992922
0.608000 0.992922
0.612000 0.992921
0.616000 0.992921
0.620000 0.992921
0.624000 0.992921
0.628000 0.992921
0.632000 0.992921
0.636000 0.992921
0.640000 0.992921
0.644000 0.992920
0.648000 0.992920
0.652000 0.992920
0.656000 0.992920
0.660000 0.992920
0.664000 0.992920
0.668000 0.992920
0.672000 0.992920
0.676000 0.992920
0.680000 0.992920
0.684000 0.992920
0.688000 0.992920
0.692000 0.992920
0.696000 0.992920
0.700000 0.992920
0.704000 0.992920
0.708000 0.992920
0.712000 0.992919
0.716000 0.992919
0.720000 0.992919
0.724000 0.992919
0.728000 0.992919
0.732000 0.992919
0.736000 0.992919
0.740000 0.992919
0.744000 0.992919
0.748000 0.992919
0.752000 0.992919
0.756000 0.992919
0.760000 0.992919
0.764000 0.992919
0.768000 0.992919
0.772000 0.992919
0.776000 0.992919
0.780000 0.992919
0.784000 0.992919
0.788000 0.992919
0.792000 0.992919
0.796000 0.992919
0.800000 0.992919
0.804000 0.992919
0.808000 0.992919
0.812000 0.992919
0.816000 0.992919
0.820000 0.992919
0.824000 0.992919
0.828000 0.992919
0.832000 0.992919
0.836000 0.992919
0.840000 0.992919
0.844000 0.992919
0.848000 0.992919
0.852000 0.992919
0.856000 0.992919
0.860000 0.992919
0.864000 0.992919
0.868000 0.992919
0.872000 0.992919
0.876000 0.992919
0.880000 0.992919
0.884000 0.992919
0.888000 0.992919
0.892000 0.992919
0.896000 0.992919
0.900000 0.992919
0.904000 0.992919
0.908000 0.992919
0.912000 0.992919
0.916000 0.992919
0.920000 0.992919
0.924000 0.992919
0.928000 0.992919
0.932000 0.992919
0.936000 0.992919
0.940000 0.992919
0.944000 0.992919
0.948000 0.992919
0.952000 0.992919
0.956000 0.992919
0.960000 0.992919
0.964000 0.992919
0.968000 0.992919
0.972000 0.992919
0.976000 0.992919
0.980000 0.992919
0.984000 0.992919
0.988000 0.992919
0.992000 0.992919
0.996000 0.992919
1.000000 0.992919
