-1.000000 0.994892
-0.996000 0.994892
-0.992000 0.994892
-0.988000 0.994892
-0.984000 0.994892
-0.980000 0.994892
-0.976000 0.994892
-0.972000 0.994892
-0.968000 0.994892
-0.964000 0.994892
-0.960000 0.994892
-0.956000 0.994892
-0.952000 0.994892
-0.948000 0.994892
-0.944000 0.994892
-0.940000 0.994892
-0.936000 0.994892
-0.932000 0.994892
-0.928000 0.994892
-0.924000 0.994892
-0.920000 0.994892
-0.916000 0.994892
-0.912000 0.994892
-0.908000 0.994892
-0.904000 0.994892
-0.900000 0.994892
-0.896000 0.994892
-0.892000 0.994892
-0.888000 0.994892
-0.884000 0.994892
-0.880000 0.994892
-0.876000 0.994892
-0.872000 0.994892
-0.868000 0.994892
-0.864000 0.994892
-0.860000 0.994892
-0.856000 0.994892
-0.852000 0.994892
-0.848000 0.994892
-0.844000 0.994892
-0.840000 0.994892
-0.836000 0.994892
-0.832000 0.994892
-0.828000 0.994892
-0.824000 0.994892
-0.820000 0.994892
-0.816000 0.994892
-0.812000 0.994892
-0.808000 0.994892
-0.804000 0.994892
-0.800000 0.994892
-0.796000 0.994892
-0.792000 0.994892
-0.788000 0.994892
-0.784000 0.994892
-0.780000 0.994892
-0.776000 0.994892
-0.772000 0.994892
-0.768000 0.994892
-0.764000 0.994892
-0.760000 0.994892
-0.756000 0.994892
-0.752000 0.994892
-0.748000 0.994892
-0.744000 0.994892
-0.740000 0.994892
-0.736000 0.994892
-0.732000 0.994892
-0.728000 0.994892
-0.724000 0.994892
-0.720000 0.994892
-0.716000 0.994892
-0.712000 0.994892
-0.708000 0.994892
-0.704000 0.994892
-0.700000 0.994892
-0.696000 0.994892
-0.692000 0.994892
-0.688000 0.994892
-0.684000 0.994892
-0.680000 0.994892
-0.676000 0.994892
-0.672000 0.994892
-0.668000 0.994892
-0.664000 0.994892
-0.660000 0.994892
-0.656000 0.994892
-0.652000 0.994892
-0.648000 0.994892
-0.644000 0.994892
-0.640000 0.994892
-0.636000 0.994892
-0.632000 0.994892
-0.628000 0.994892
-0.624000 0.994892
-0.620000 0.994892
-0.616000 0.994892
-0.612000 0.994892
-0.608000 0.994892
-0.604000 0.994892
-0.600000 0.994892
-0.596000 0.994892
-0.592000 0.994892
-0.588000 0.994892
-0.584000 0.994892
-0.580000 0.994892
-0.576000 0.994892
-0.572000 0.994892
-0.568000 0.994892
-0.564000 0.994892
-0.560000 0.994892
-0.556000 0.994892
-0.552000 0.994892
-0.548000 0.994892
-0.544000 0.994892
-0.540000 0.994892
-0.536000 0.994891
-0.532000 0.994891
-0.528000 0.994891
-0.524000 0.994891
-0.520000 0.994891
-0.516000 0.994891
-0.512000 0.994891
-0.508000 0.994891
-0.504000 0.994891
-0.500000 0.994891
-0.496000 0.994891
-0.492000 0.994891
-0.488000 0.994890
-0.484000 0.994890
-0.480000 0.994890
-0.476000 0.994890
-0.472000 0.994890
-0.468000 0.994890
-0.464000 0.994889
-0.460000 0.994889
-0.456000 0.994889
-0.452000 0.994889
-0.448000 0.994888
-0.444000 0.994888
-0.440000 0.994888
-0.436000 0.994888
-0.432000 0.994887
-0.428000 0.994887
-0.424000 0.994886
-0.420000 0.994886
-0.416000 0.994885
-0.412000 0.994885
-0.408000 0.994884
-0.404000 0.994884
-0.400000 0.994883
-0.396000 0.994883
-0.392000 0.994882
-0.388000 0.994881
-0.384000 0.994881
-0.380000 0.994880
-0.376000 0.994879
-0.372000 0.994878
-0.368000 0.994877
-0.364000 0.994876
-0.360000 0.994875
-0.356000 0.994874
-0.352000 0.994872
-0.348000 0.994871
-0.344000 0.994870
-0.340000 0.994868
-0.336000 0.994867
-0.332000 0.994865
-0.328000 0.994864
-0.324000 0.994862
-0.320000 0.994860
-0.316000 0.994858
-0.312000 0.994856
-0.308000 0.994854
-0.304000 0.994852
-0.300000 0.994849
-0.296000 0.994847
-0.292000 0.994844
-0.288000 0.994842
-0.284000 0.994839
-0.280000 0.994836
-0.276000 0.994833
-0.272000 0.994830
-0.268000 0.994826
-0.264000 0.994823
-0.260000 0.994819
-0.256000 0.994815
-0.252000 0.994812
-0.248000 0.994807
-0.244000 0.994803
-0.240000 0.994799
-0.236000 0.994794
-0.232000 0.994789
-0.228000 0.994784
-0.224000 0.994779
-0.220000 0.994774
-0.216000 0.994769
-0.212000 0.994763
-0.208000 0.994757
-0.204000 0.994751
-0.200000 0.994745
-0.196000 0.994738
-0.192000 0.994731
-0.188000 0.994725
-0.184000 0.994717
-0.180000 0.994710
-0.176000 0.994703
-0.172000 0.994695
-0.168000 0.994687
-0.164000 0.994679
-0.160000 0.994670
-0.156000 0.994662
-0.152000 0.994653
-0.148000 0.994644
-0.144000 0.994634
-0.140000 0.994625
-0.136000 0.994615
-0.132000 0.994605
-0.128000 0.994595
-0.124000 0.994584
-0.120000 0.994574
-0.116000 0.994563
-0.112000 0.994551
-0.108000 0.994540
-0.104000 0.994528
-0.100000 0.994517
-0.096000 0.994505
-0.092000 0.994492
-0.088000 0.994480
-0.084000 0.994467
-0.080000 0.994454
-0.076000 0.994441
-0.072000 0.994428
-0.068000 0.994414
-0.064000 0.994400
-0.060000 0.994387
-0.056000 0.994372
-0.052000 0.994358
-0.048000 0.994344
-0.044000 0.994329
-0.040000 0.994314
-0.036000 0.994299
-0.032000 0.994284
-0.028000 0.994269
-0.024000 0.994254
-0.020000 0.994238
-0.016000 0.994222
-0.012000 0.994207
-0.008000 0.994191
-0.004000 0.994175
0.000000 0.994158
0.004000 0.994142
0.008000 0.994126
0.012000 0.994110
0.016000 0.994093
0.020000 0.994076
0.024000 0.994060
0.028000 0.994043
0.032000 0.994027
0.036000 0.994010
0.040000 0.993993
0.044000 0.993976
0.048000 0.993959
0.052000 0.993943
0.056000 0.993926
0.060000 0.993909
0.064000 0.993892
0.068000 0.993875
0.072000 0.993859
0.076000 0.993842
0.080000 0.993825
0.084000 0.993809
0.088000 0.993792
0.092000 0.993776
0.096000 0.993759
0.100000 0.993743
0.104000 0.993727
0.108000 0.993711
0.112000 0.993695
0.116000 0.993679
0.120000 0.993663
0.124000 0.993647
0.128000 0.993632
0.132000 0.993616
0.136000 0.993601
0.140000 0.993586
0.144000 0.993571
0.148000 0.993556
0.152000 0.993541
0.156000 0.993527
0.160000 0.993512
0.164000 0.993498
0.168000 0.993484
0.172000 0.993470
0.176000 0.993457
0.180000 0.993443
0.184000 0.993430
0.188000 0.993417
0.192000 0.993404
0.196000 0.993391
0.200000 0.993379
0.204000 0.993366
0.208000 0.993354
0.212000 0.993342
0.216000 0.993331
0.220000 0.993319
0.224000 0.993308
0.228000 0.993297
0.232000 0.993286
0.236000 0.993275
0.240000 0.993265
0.244000 0.993255
0.248000 0.993244
0.252000 0.993235
0.256000 0.993225
0.260000 0.993216
0.264000 0.993206
0.268000 0.993197
0.272000 0.993189
0.276000 0.993180
0.280000 0.993171
0.284000 0.993163
0.288000 0.993155
0.292000 0.993147
0.296000 0.993140
0.300000 0.993132
0.304000 0.993125
0.308000 0.993118
0.312000 0.993111
0.316000 0.993104
0.320000 0.993098
0.324000 0.993092
0.328000 0.993085
0.332000 0.993079
0.336000 0.993074
0.340000 0.993068
0.344000 0.993063
0.348000 0.993057
0.352000 0.993052
0.356000 0.993047
0.360000 0.993042
0.364000 0.993037
0.368000 0.993033
0.372000 0.993028
0.376000 0.993024
0.380000 0.993020
0.384000 0.993016
0.388000 0.993012
0.392000 0.993008
0.396000 0.993005
0.400000 0.993001
0.404000 0.992998
0.408000 0.992995
0.412000 0.992992
0.416000 0.992989
0.420000 0.992986
0.424000 0.992983
0.428000 0.992980
0.432000 0.992977
0.436000 0.992975
0.440000 0.992972
0.444000 0.992970
0.448000 0.992968
0.452000 0.992966
0.456000 0.992964
0.460000 0.992962
0.464000 0.992960
0.468000 0.992958
0.472000 0.992956
0.476000 0.992954
0.480000 0.992953
0.484000 0.992951
0.488000 0.992950
0.492000 0.992948
0.496000 0.992947
0.500000 0.992946
0.504000 0.992944
0.508000 0.992943
0.512000 0.992942
0.516000 0.992941
0.520000 0.992940
0.524000 0.992939
0.528000 0.992938
0.532000 0.992937
0.536000 0.992936
0.540000 0.992935
0.544000 0.992934
0.548000 0.992933
0.552000 0.992933
0.556000 0.992932
0.560000 0.992931
0.564000 0.992931
0.568000 0.992930
0.572000 0.992930
0.576000 0.992929
0.580000 0.992928
0.584000 0.992928
0.588000 0.992927
0.592000 0.992927
0.596000 0.992927
0.600000 0.992926
0.604000 0.992926
0.608000 0.992925
0.612000 0.992925
0.616000 0.992925
0.620000 0.992924
0.624000 0.992924
0.628000 0.992924
0.632000 0.992924
0.636000 0.992923
0.640000 0.992923
0.644000 0.992923
0.648000 0.992923
0.652000 0.992922
0.656000 0.992922
0.660000 0.992922
0.664000 0.992922
0.668000 0.992922
0.672000 0.992922
0.676000 0.992921
0.680000 0.992921
0.684000 0.992921
0.688000 0.992921
0.692000 0.992921
0.696000 0.992921
0.700000 0.992921
0.704000 0.992921
0.708000 0.992920
0.712000 0.992920
0.716000 0.992920
0.720000 0.992920
0.724000 0.992920
0.728000 0.992920
0.732000 0.992920
0.736000 0.992920
0.740000 0.992920
0.744000 0.992920
0.748000 0.992920
0.752000 0.992920
0.756000 0.992920
0.760000 0.992920
0.764000 0.992920
0.768000 0.992920
0.772000 0.992920
0.776000 0.992919
0.780000 0.992919
0.784000 0.992919
0.788000 0.992919
0.792000 0.992919
0.796000 0.992919
0.800000 0.992919
0.804000 0.992919
0.808000 0.992919
0.812000 0.992919
0.816000 0.992919
0.820000 0.992919
0.824000 0.992919
0.828000 0.992919
0.832000 0.992919
0.836000 0.992919
0.840000 0.992919
0.844000 0.992919
0.848000 0.992919
0.852000 0.992919
0.856000 0.992919
0.860000 0.992919
0.864000 0.992919
0.868000 0.992919
0.872000 0.992919
0.876000 0.992919
0.880000 0.992919
0.884000 0.992919
0.888000 0.992919
0.892000 0.992919
0.896000 0.992919
0.900000 0.992919
0.904000 0.992919
0.908000 0.992919
0.912000 0.992919
0.916000 0.992919
0.920000 0.992919
0.924000 0.992919
0.928000 0.992919
0.932000 0.992919
0.936000 0.992919
0.940000 0.992919
0.944000 0.992919
0.948000 0.992919
0.952000 0.992919
0.956000 0.992919
0.960000 0.992919
0.964000 0.992919
0.968000 0.992919
0.972000 0.992919
0.976000 0.992919
0.980000 0.992919
0.984000 0.992919
0.988000 0.992919
0.992000 0.992919
0.996000 0.992919
1.000000 0.992919
