-1.000000 0.994892
-0.996000 0.994892
-0.992000 0.994892
-0.988000 0.994892
-0.984000 0.994892
-0.980000 0.994892
-0.976000 0.994892
-0.972000 0.994892
-0.968000 0.994892
-0.964000 0.994892
-0.960000 0.994892
-0.956000 0.994892
-0.952000 0.994892
-0.948000 0.994892
-0.944000 0.994892
-0.940000 0.994892
-0.936000 0.994892
-0.932000 0.994892
-0.928000 0.994892
-0.924000 0.994892
-0.920000 0.994892
-0.916000 0.994892
-0.912000 0.994892
-0.908000 0.994892
-0.904000 0.994892
-0.900000 0.994892
-0.896000 0.994892
-0.892000 0.994892
-0.888000 0.994892
-0.884000 0.994892
-0.880000 0.994892
-0.876000 0.994892
-0.872000 0.994892
-0.868000 0.994892
-0.864000 0.994892
-0.860000 0.994892
-0.856000 0.994892
-0.852000 0.994892
-0.848000 0.994892
-0.844000 0.994892
-0.840000 0.994892
-0.836000 0.994892
-0.832000 0.994892
-0.828000 0.994892
-0.824000 0.994892
-0.820000 0.994892
-0.816000 0.994892
-0.812000 0.994892
-0.808000 0.994892
-0.804000 0.994892
-0.800000 0.994892
-0.796000 0.994892
-0.792000 0.994892
-0.788000 0.994892
-0.784000 0.994892
-0.780000 0.994892
-0.776000 0.994892
-0.772000 0.994892
-0.768000 0.994892
-0.764000 0.994892
-0.760000 0.994892
-0.756000 0.994892
-0.752000 0.994892
-0.748000 0.994892
-0.744000 0.994892
-0.740000 0.994892
-0.736000 0.994892
-0.732000 0.994892
-0.728000 0.994892
-0.724000 0.994892
-0.720000 0.994892
-0.716000 0.994892
-0.712000 0.994892
-0.708000 0.994892
-0.704000 0.994892
-0.700000 0.994892
-0.696000 0.994892
-0.692000 0.994892
-0.688000 0.994892
-0.684000 0.994892
-0.680000 0.994892
-0.676000 0.994892
-0.672000 0.994892
-0.668000 0.994892
-0.664000 0.994892
-0.660000 0.994892
-0.656000 0.994892
-0.652000 0.994892
-0.648000 0.994892
-0.644000 0.994892
-0.640000 0.994892
-0.636000 0.994892
-0.632000 0.994892
-0.628000 0.994892
-0.624000 0.994892
-0.620000 0.994892
-0.616000 0.994892
-0.612000 0.994892
-0.608000 0.994892
-0.604000 0.994892
-0.600000 0.994892
-0.596000 0.994892
-0.592000 0.994892
-0.588000 0.994892
-0.584000 0.994892
-0.580000 0.994892
-0.576000 0.994892
-0.572000 0.994892
-0.568000 0.994892
-0.564000 0.994892
-0.560000 0.994892
-0.556000 0.994892
-0.552000 0.994892
-0.548000 0.994892
-0.544000 0.994892
-0.540000 0.994892
-0.536000 0.994892
-0.532000 0.994892
-0.528000 0.994892
-0.524000 0.994892
-0.520000 0.994892
-0.516000 0.994892
-0.512000 0.994892
-0.508000 0.994892
-0.504000 0.994892
-0.500000 0.994892
-0.496000 0.994892
-0.492000 0.994892
-0.488000 0.994892
-0.484000 0.994892
-0.480000 0.994892
-0.476000 0.994892
-0.472000 0.994892
-0.468000 0.994892
-0.464000 0.994892
-0.460000 0.994892
-0.456000 0.994892
-0.452000 0.994892
-0.448000 0.994892
-0.444000 0.994892
-0.440000 0.994892
-0.436000 0.994892
-0.432000 0.994892
-0.428000 0.994892
-0.424000 0.994892
-0.420000 0.994892
-0.416000 0.994892
-0.412000 0.994892
-0.408000 0.994892
-0.404000 0.994892
-0.400000 0.994892
-0.396000 0.994892
-0.392000 0.994892
-0.388000 0.994892
-0.384000 0.994892
-0.380000 0.994892
-0.376000 0.994892
-0.372000 0.994892
-0.368000 0.994892
-0.364000 0.994892
-0.360000 0.994892
-0.356000 0.994892
-0.352000 0.994892
-0.348000 0.994892
-0.344000 0.994892
-0.340000 0.994892
-0.336000 0.994892
-0.332000 0.994892
-0.328000 0.994892
-0.324000 0.994892
-0.320000 0.994892
-0.316000 0.994892
-0.312000 0.994892
-0.308000 0.994892
-0.304000 0.994892
-0.300000 0.994892
-0.296000 0.994892
-0.292000 0.994892
-0.288000 0.994892
-0.284000 0.994892
-0.280000 0.994892
-0.276000 0.994892
-0.272000 0.994892
-0.268000 0.994892
-0.264000 0.994892
-0.260000 0.994892
-0.256000 0.994892
-0.252000 0.994892
-0.248000 0.994892
-0.244000 0.994892
-0.240000 0.994892
-0.236000 0.994892
-0.232000 0.994892
-0.228000 0.994892
-0.224000 0.994892
-0.220000 0.994892
-0.216000 0.994892
-0.212000 0.994892
-0.208000 0.994892
-0.204000 0.994892
-0.200000 0.994892
-0.196000 0.994892
-0.192000 0.994892
-0.188000 0.994892
-0.184000 0.994892
-0.180000 0.994892
-0.176000 0.994892
-0.172000 0.994892
-0.168000 0.994891
-0.164000 0.994891
-0.160000 0.994891
-0.156000 0.994891
-0.152000 0.994891
-0.148000 0.994891
-0.144000 0.994891
-0.140000 0.994891
-0.136000 0.994891
-0.132000 0.994891
-0.128000 0.994891
-0.124000 0.994891
-0.120000 0.994891
-0.116000 0.994891
-0.112000 0.994891
-0.108000 0.994891
-0.104000 0.994890
-0.100000 0.994890
-0.096000 0.994890
-0.092000 0.994890
-0.088000 0.994890
-0.084000 0.994890
-0.080000 0.994890
-0.076000 0.994890
-0.072000 0.994889
-0.068000 0.994889
-0.064000 0.994889
-0.060000 0.994889
-0.056000 0.994889
-0.052000 0.994888
-0.048000 0.994888
-0.044000 0.994888
-0.040000 0.994888
-0.036000 0.994887
-0.032000 0.994887
-0.028000 0.994887
-0.024000 0.994886
-0.020000 0.994886
-0.016000 0.994886
-0.012000 0.994885
-0.008000 0.994885
-0.004000 0.994885
0.000000 0.994884
0.004000 0.994884
0.008000 0.994883
0.012000 0.994883
0.016000 0.994882
0.020000 0.994882
0.024000 0.994881
0.028000 0.994880
0.032000 0.994880
0.036000 0.994879
0.040000 0.994878
0.044000 0.994878
0.048000 0.994877
0.052000 0.994876
0.056000 0.994875
0.060000 0.994874
0.064000 0.994873
0.068000 0.994872
0.072000 0.994871
0.076000 0.994870
0.080000 0.994869
0.084000 0.994868
0.088000 0.994867
0.092000 0.994865
0.096000 0.994864
0.100000 0.994863
0.104000 0.994861
0.108000 0.994860
0.112000 0.994858
0.116000 0.994857
0.120000 0.994855
0.124000 0.994853
0.128000 0.994851
0.132000 0.994849
0.136000 0.994847
0.140000 0.994845
0.144000 0.994843
0.148000 0.994841
0.152000 0.994839
0.156000 0.994836
0.160000 0.994834
0.164000 0.994832
0.168000 0.994829
0.172000 0.994826
0.176000 0.994823
0.180000 0.994821
0.184000 0.994818
0.188000 0.994815
0.192000 0.994811
0.196000 0.994808
0.200000 0.994805
0.204000 0.994801
0.208000 0.994798
0.212000 0.994794
0.216000 0.994790
0.220000 0.994786
0.224000 0.994782
0.228000 0.994778
0.232000 0.994774
0.236000 0.994769
0.240000 0.994765
0.244000 0.994760
0.248000 0.994755
0.252000 0.994750
0.256000 0.994745
0.260000 0.994740
0.264000 0.994735
0.268000 0.994729
0.272000 0.994724
0.276000 0.994718
0.280000 0.994712
0.284000 0.994706
0.288000 0.994700
0.292000 0.994693
0.296000 0.994687
0.300000 0.994680
0.304000 0.994674
0.308000 0.994667
0.312000 0.994660
0.316000 0.994652
0.320000 0.994645
0.324000 0.994638
0.328000 0.994630
0.332000 0.994622
0.336000 0.994614
0.340000 0.994606
0.344000 0.994598
0.348000 0.994589
0.352000 0.994581
0.356000 0.994572
0.360000 0.994563
0.364000 0.994554
0.368000 0.994545
0.372000 0.994536
0.376000 0.994526
0.380000 0.994517
0.384000 0.994507
0.388000 0.994497
0.392000 0.994487
0.396000 0.994477
0.400000 0.994467
0.404000 0.994456
0.408000 0.994446
0.412000 0.994435
0.416000 0.994424
0.420000 0.994413
0.424000 0.994402
0.428000 0.994391
0.432000 0.994379
0.436000 0.994368
0.440000 0.994356
0.444000 0.994344
0.448000 0.994332
0.452000 0.994320
0.456000 0.994308
0.460000 0.994296
0.464000 0.994284
0.468000 0.994271
0.472000 0.994259
0.476000 0.994246
0.480000 0.994234
0.484000 0.994221
0.488000 0.994208
0.492000 0.994195
0.496000 0.994182
0.500000 0.994169
0.504000 0.994156
0.508000 0.994142
0.512000 0.994129
0.516000 0.994116
0.520000 0.994102
0.524000 0.994089
0.528000 0.994075
0.532000 0.994062
0.536000 0.994048
0.540000 0.994035
0.544000 0.994021
0.548000 0.994007
0.552000 0.993994
0.556000 0.993980
0.560000 0.993966
0.564000 0.993953
0.568000 0.993939
0.572000 0.993925
0.576000 0.993911
0.580000 0.993898
0.584000 0.993884
0.588000 0.993870
0.592000 0.993856
0.596000 0.993843
0.600000 0.993829
0.604000 0.993816
0.608000 0.993802
0.612000 0.993789
0.616000 0.993775
0.620000 0.993762
0.624000 0.993748
0.628000 0.993735
0.632000 0.993722
0.636000 0.993708
0.640000 0.993695
0.644000 0.993682
0.648000 0.993669
0.652000 0.993656
0.656000 0.993644
0.660000 0.993631
0.664000 0.993618
0.668000 0.993606
0.672000 0.993593
0.676000 0.993581
0.680000 0.993568
0.684000 0.993556
0.688000 0.993544
0.692000 0.993532
0.696000 0.993520
0.700000 0.993509
0.704000 0.993497
0.708000 0.993485
0.712000 0.993474
0.716000 0.993463
0.720000 0.993452
0.724000 0.993441
0.728000 0.993430
0.732000 0.993419
0.736000 0.993408
0.740000 0.993398
0.744000 0.993387
0.748000 0.993377
0.752000 0.993367
0.756000 0.993357
0.760000 0.993347
0.764000 0.993337
0.768000 0.993328
0.772000 0.993318
0.776000 0.993309
0.780000 0.993300
0.784000 0.993291
0.788000 0.993282
0.792000 0.993273
0.796000 0.993265
0.800000 0.993256
0.804000 0.993248
0.808000 0.993240
0.812000 0.993232
0.816000 0.993224
0.820000 0.993216
0.824000 0.993208
0.828000 0.993201
0.832000 0.993193
0.836000 0.993186
0.840000 0.993179
0.844000 0.993172
0.848000 0.993165
0.852000 0.993159
0.856000 0.993152
0.860000 0.993146
0.864000 0.993139
0.868000 0.993133
0.872000 0.993127
0.876000 0.993121
0.880000 0.993116
0.884000 0.993110
0.888000 0.993104
0.892000 0.993099
0.896000 0.993094
0.900000 0.993089
0.904000 0.993083
0.908000 0.993079
0.912000 0.993074
0.916000 0.993069
0.920000 0.993064
0.924000 0.993060
0.928000 0.993056
0.932000 0.993051
0.936000 0.993047
0.940000 0.993043
0.944000 0.993039
0.948000 0.993035
0.952000 0.993032
0.956000 0.993028
0.960000 0.993024
0.964000 0.993021
0.968000 0.993017
0.972000 0.993013
0.976000 0.993010
0.980000 0.993006
0.984000 0.993002
0.988000 0.992998
0.992000 0.992993
0.996000 0.992988
1.000000 0.992981
