-1.000000 0.994892
-0.996000 0.994892
-0.992000 0.994892
-0.988000 0.994892
-0.984000 0.994892
-0.980000 0.994892
-0.976000 0.994892
-0.972000 0.994892
-0.968000 0.994892
-0.964000 0.994892
-0.960000 0.994892
-0.956000 0.994892
-0.952000 0.994892
-0.948000 0.994892
-0.944000 0.994892
-0.940000 0.994892
-0.936000 0.994892
-0.932000 0.994892
-0.928000 0.994892
-0.924000 0.994892
-0.920000 0.994892
-0.916000 0.994892
-0.912000 0.994892
-0.908000 0.994892
-0.904000 0.994892
-0.900000 0.994892
-0.896000 0.994892
-0.892000 0.994892
-0.888000 0.994892
-0.884000 0.994892
-0.880000 0.994892
-0.876000 0.994892
-0.872000 0.994892
-0.868000 0.994892
-0.864000 0.994892
-0.860000 0.994892
-0.856000 0.994892
-0.852000 0.994892
-0.848000 0.994892
-0.844000 0.994892
-0.840000 0.994892
-0.836000 0.994892
-0.832000 0.994892
-0.828000 0.994892
-0.824000 0.994892
-0.820000 0.994892
-0.816000 0.994892
-0.812000 0.994892
-0.808000 0.994892
-0.804000 0.994892
-0.800000 0.994892
-0.796000 0.994892
-0.792000 0.994892
-0.788000 0.994892
-0.784000 0.994892
-0.780000 0.994892
-0.776000 0.994892
-0.772000 0.994892
-0.768000 0.994892
-0.764000 0.994892
-0.760000 0.994892
-0.756000 0.994892
-0.752000 0.994892
-0.748000 0.994892
-0.744000 0.994892
-0.740000 0.994892
-0.736000 0.994892
-0.732000 0.994892
-0.728000 0.994892
-0.724000 0.994892
-0.720000 0.994892
-0.716000 0.994892
-0.712000 0.994892
-0.708000 0.994892
-0.704000 0.994892
-0.700000 0.994892
-0.696000 0.994892
-0.692000 0.994892
-0.688000 0.994892
-0.684000 0.994892
-0.680000 0.994892
-0.676000 0.994892
-0.672000 0.994892
-0.668000 0.994892
-0.664000 0.994892
-0.660000 0.994892
-0.656000 0.994892
-0.652000 0.994892
-0.648000 0.994892
-0.644000 0.994892
-0.640000 0.994892
-0.636000 0.994892
-0.632000 0.994892
-0.628000 0.994892
-0.624000 0.994892
-0.620000 0.994892
-0.616000 0.994892
-0.612000 0.994892
-0.608000 0.994892
-0.604000 0.994892
-0.600000 0.994892
-0.596000 0.994892
-0.592000 0.994892
-0.588000 0.994892
-0.584000 0.994892
-0.580000 0.994892
-0.576000 0.994892
-0.572000 0.994892
-0.568000 0.994892
-0.564000 0.994892
-0.560000 0.994892
-0.556000 0.994892
-0.552000 0.994892
-0.548000 0.994892
-0.544000 0.994892
-0.540000 0.994892
-0.536000 0.994892
-0.532000 0.994892
-0.528000 0.994892
-0.524000 0.994892
-0.520000 0.994892
-0.516000 0.994892
-0.512000 0.994892
-0.508000 0.994891
-0.504000 0.994891
-0.500000 0.994891
-0.496000 0.994891
-0.492000 0.994891
-0.488000 0.994891
-0.484000 0.994891
-0.480000 0.994891
-0.476000 0.994891
-0.472000 0.994891
-0.468000 0.994891
-0.464000 0.994891
-0.460000 0.994890
-0.456000 0.994890
-0.452000 0.994890
-0.448000 0.994890
-0.444000 0.994890
-0.440000 0.994890
-0.436000 0.994889
-0.432000 0.994889
-0.428000 0.994889
-0.424000 0.994889
-0.420000 0.994889
-0.416000 0.994888
-0.412000 0.994888
-0.408000 0.994888
-0.404000 0.994887
-0.400000 0.994887
-0.396000 0.994887
-0.392000 0.994886
-0.388000 0.994886
-0.384000 0.994885
-0.380000 0.994885
-0.376000 0.994884
-0.372000 0.994884
-0.368000 0.994883
-0.364000 0.994882
-0.360000 0.994882
-0.356000 0.994881
-0.352000 0.994880
-0.348000 0.994879
-0.344000 0.994879
-0.340000 0.994878
-0.336000 0.994877
-0.332000 0.994876
-0.328000 0.994875
-0.324000 0.994874
-0.320000 0.994872
-0.316000 0.994871
-0.312000 0.994870
-0.308000 0.994868
-0.304000 0.994867
-0.300000 0.994865
-0.296000 0.994864
-0.292000 0.994862
-0.288000 0.994860
-0.284000 0.994858
-0.280000 0.994856
-0.276000 0.994854
-0.272000 0.994852
-0.268000 0.994850
-0.264000 0.994847
-0.260000 0.994845
-0.256000 0.994842
-0.252000 0.994840
-0.248000 0.994837
-0.244000 0.994834
-0.240000 0.994831
-0.236000 0.994827
-0.232000 0.994824
-0.228000 0.994820
-0.224000 0.994817
-0.220000 0.994813
-0.216000 0.994809
-0.212000 0.994805
-0.208000 0.994801
-0.204000 0.994796
-0.200000 0.994792
-0.196000 0.994787
-0.192000 0.994782
-0.188000 0.994777
-0.184000 0.994772
-0.180000 0.994766
-0.176000 0.994761
-0.172000 0.994755
-0.168000 0.994749
-0.164000 0.994742
-0.160000 0.994736
-0.156000 0.994729
-0.152000 0.994723
-0.148000 0.994716
-0.144000 0.994708
-0.140000 0.994701
-0.136000 0.994693
-0.132000 0.994685
-0.128000 0.994677
-0.124000 0.994669
-0.120000 0.994661
-0.116000 0.994652
-0.112000 0.994643
-0.108000 0.994634
-0.104000 0.994624
-0.100000 0.994615
-0.096000 0.994605
-0.092000 0.994595
-0.088000 0.994585
-0.084000 0.994574
-0.080000 0.994563
-0.076000 0.994553
-0.072000 0.994541
-0.068000 0.994530
-0.064000 0.994518
-0.060000 0.994507
-0.056000 0.994495
-0.052000 0.994482
-0.048000 0.994470
-0.044000 0.994457
-0.040000 0.994445
-0.036000 0.994432
-0.032000 0.994418
-0.028000 0.994405
-0.024000 0.994391
-0.020000 0.994378
-0.016000 0.994364
-0.012000 0.994350
-0.008000 0.994335
-0.004000 0.994321
0.000000 0.994306
0.004000 0.994292
0.008000 0.994277
0.012000 0.994262
0.016000 0.994247
0.020000 0.994231
0.024000 0.994216
0.028000 0.994200
0.032000 0.994185
0.036000 0.994169
0.040000 0.994153
0.044000 0.994137
0.048000 0.994121
0.052000 0.994105
0.056000 0.994089
0.060000 0.994072
0.064000 0.994056
0.068000 0.994040
0.072000 0.994023
0.076000 0.994007
0.080000 0.993990
0.084000 0.993974
0.088000 0.993957
0.092000 0.993941
0.096000 0.993924
0.100000 0.993908
0.104000 0.993891
0.108000 0.993875
0.112000 0.993859
0.116000 0.993842
0.120000 0.993826
0.124000 0.993809
0.128000 0.993793
0.132000 0.993777
0.136000 0.993761
0.140000 0.993745
0.144000 0.993729
0.148000 0.993713
0.152000 0.993697
0.156000 0.993682
0.160000 0.993666
0.164000 0.993651
0.168000 0.993636
0.172000 0.993620
0.176000 0.993605
0.180000 0.993590
0.184000 0.993576
0.188000 0.993561
0.192000 0.993547
0.196000 0.993532
0.200000 0.993518
0.204000 0.993504
0.208000 0.993490
0.212000 0.993477
0.216000 0.993463
0.220000 0.993450
0.224000 0.993437
0.228000 0.993424
0.232000 0.993411
0.236000 0.993398
0.240000 0.993386
0.244000 0.993374
0.248000 0.993362
0.252000 0.993350
0.256000 0.993338
0.260000 0.993327
0.264000 0.993316
0.268000 0.993305
0.272000 0.993294
0.276000 0.993283
0.280000 0.993273
0.284000 0.993262
0.288000 0.993252
0.292000 0.993243
0.296000 0.993233
0.300000 0.993223
0.304000 0.993214
0.308000 0.993205
0.312000 0.993196
0.316000 0.993188
0.320000 0.993179
0.324000 0.993171
0.328000 0.993163
0.332000 0.993155
0.336000 0.993147
0.340000 0.993140
0.344000 0.993133
0.348000 0.993125
0.352000 0.993119
0.356000 0.993112
0.360000 0.993105
0.364000 0.993099
0.368000 0.993093
0.372000 0.993086
0.376000 0.993081
0.380000 0.993075
0.384000 0.993069
0.388000 0.993064
0.392000 0.993058
0.396000 0.993053
0.400000 0.993048
0.404000 0.993044
0.408000 0.993039
0.412000 0.993034
0.416000 0.993030
0.420000 0.993026
0.424000 0.993022
0.428000 0.993018
0.432000 0.993014
0.436000 0.993010
0.440000 0.993006
0.444000 0.993003
0.448000 0.993000
0.452000 0.992996
0.456000 0.992993
0.460000 0.992990
0.464000 0.992987
0.468000 0.992984
0.472000 0.992982
0.476000 0.992979
0.480000 0.992976
0.484000 0.992974
0.488000 0.992972
0.492000 0.992969
0.496000 0.992967
0.500000 0.992965
0.504000 0.992963
0.508000 0.992961
0.512000 0.992959
0.516000 0.992957
0.520000 0.992956
0.524000 0.992954
0.528000 0.992952
0.532000 0.992951
0.536000 0.992949
0.540000 0.992948
0.544000 0.992947
0.548000 0.992945
0.552000 0.992944
0.556000 0.992943
0.560000 0.992942
0.564000 0.992941
0.568000 0.992940
0.572000 0.992939
0.576000 0.992938
0.580000 0.992937
0.584000 0.992936
0.588000 0.992935
0.592000 0.992934
0.596000 0.992934
0.600000 0.992933
0.604000 0.992932
0.608000 0.992931
0.612000 0.992931
0.616000 0.992930
0.620000 0.992930
0.624000 0.992929
0.628000 0.992929
0.632000 0.992928
0.636000 0.992928
0.640000 0.992927
0.644000 0.992927
0.648000 0.992926
0.652000 0.992926
0.656000 0.992926
0.660000 0.992925
0.664000 0.992925
0.668000 0.992925
0.672000 0.992924
0.676000 0.992924
0.680000 0.992924
0.684000 0.992923
0.688000 0.992923
0.692000 0.992923
0.696000 0.992923
0.700000 0.992923
0.704000 0.992922
0.708000 0.992922
0.712000 0.992922
0.716000 0.992922
0.720000 0.992922
0.724000 0.992921
0.728000 0.992921
0.732000 0.992921
0.736000 0.992921
0.740000 0.992921
0.744000 0.992921
0.748000 0.992921
0.752000 0.992921
0.756000 0.992921
0.760000 0.992920
0.764000 0.992920
0.768000 0.992920
0.772000 0.992920
0.776000 0.992920
0.780000 0.992920
0.784000 0.992920
0.788000 0.992920
0.792000 0.992920
0.796000 0.992920
0.800000 0.992920
0.804000 0.992920
0.808000 0.992920
0.812000 0.992920
0.816000 0.992920
0.820000 0.992920
0.824000 0.992920
0.828000 0.992919
0.832000 0.992919
0.836000 0.992919
0.840000 0.992919
0.844000 0.992919
0.848000 0.992919
0.852000 0.992919
0.856000 0.992919
0.860000 0.992919
0.864000 0.992919
0.868000 0.992919
0.872000 0.992919
0.876000 0.992919
0.880000 0.992919
0.884000 0.992919
0.888000 0.992919
0.892000 0.992919
0.896000 0.992919
0.900000 0.992919
0.904000 0.992919
0.908000 0.992919
0.912000 0.992919
0.916000 0.992919
0.920000 0.992919
0.924000 0.992919
0.928000 0.992919
0.932000 0.992919
0.936000 0.992919
0.940000 0.992919
0.944000 0.992919
0.948000 0.992919
0.952000 0.992919
0.956000 0.992919
0.960000 0.992919
0.964000 0.992919
0.968000 0.992919
0.972000 0.992919
0.976000 0.992919
0.980000 0.992919
0.984000 0.992919
0.988000 0.992919
0.992000 0.992919
0.996000 0.992919
1.000000 0.992919
