-1.000000 0.994892
-0.996000 0.994892
-0.992000 0.994892
-0.988000 0.994892
-0.984000 0.994892
-0.980000 0.994892
-0.976000 0.994892
-0.972000 0.994892
-0.968000 0.994892
-0.964000 0.994892
-0.960000 0.994892
-0.956000 0.994892
-0.952000 0.994892
-0.948000 0.994892
-0.944000 0.994892
-0.940000 0.994892
-0.936000 0.994892
-0.932000 0.994892
-0.928000 0.994892
-0.924000 0.994892
-0.920000 0.994892
-0.916000 0.994892
-0.912000 0.994892
-0.908000 0.994892
-0.904000 0.994892
-0.900000 0.994892
-0.896000 0.994892
-0.892000 0.994892
-0.888000 0.994892
-0.884000 0.994892
-0.880000 0.994892
-0.876000 0.994892
-0.872000 0.994892
-0.868000 0.994892
-0.864000 0.994892
-0.860000 0.994892
-0.856000 0.994892
-0.852000 0.994892
-0.848000 0.994892
-0.844000 0.994892
-0.840000 0.994892
-0.836000 0.994892
-0.832000 0.994892
-0.828000 0.994892
-0.824000 0.994892
-0.820000 0.994892
-0.816000 0.994892
-0.812000 0.994892
-0.808000 0.994892
-0.804000 0.994892
-0.800000 0.994892
-0.796000 0.994892
-0.792000 0.994892
-0.788000 0.994892
-0.784000 0.994892
-0.780000 0.994892
-0.776000 0.994892
-0.772000 0.994892
-0.768000 0.994892
-0.764000 0.994892
-0.760000 0.994892
-0.756000 0.994892
-0.752000 0.994892
-0.748000 0.994892
-0.744000 0.994892
-0.740000 0.994892
-0.736000 0.994892
-0.732000 0.994892
-0.728000 0.994892
-0.724000 0.994892
-0.720000 0.994892
-0.716000 0.994892
-0.712000 0.994892
-0.708000 0.994892
-0.704000 0.994892
-0.700000 0.994892
-0.696000 0.994892
-0.692000 0.994892
-0.688000 0.994892
-0.684000 0.994892
-0.680000 0.994892
-0.676000 0.994892
-0.672000 0.994892
-0.668000 0.994892
-0.664000 0.994892
-0.660000 0.994892
-0.656000 0.994892
-0.652000 0.994892
-0.648000 0.994892
-0.644000 0.994892
-0.640000 0.994892
-0.636000 0.994892
-0.632000 0.994892
-0.628000 0.994892
-0.624000 0.994892
-0.620000 0.994892
-0.616000 0.994892
-0.612000 0.994892
-0.608000 0.994892
-0.604000 0.994892
-0.600000 0.994892
-0.596000 0.994892
-0.592000 0.994892
-0.588000 0.994892
-0.584000 0.994892
-0.580000 0.994892
-0.576000 0.994892
-0.572000 0.994892
-0.568000 0.994892
-0.564000 0.994892
-0.560000 0.994892
-0.556000 0.994892
-0.552000 0.994892
-0.548000 0.994892
-0.544000 0.994892
-0.540000 0.994892
-0.536000 0.994892
-0.532000 0.994892
-0.528000 0.994892
-0.524000 0.994892
-0.520000 0.994892
-0.516000 0.994892
-0.512000 0.994892
-0.508000 0.994892
-0.504000 0.994892
-0.500000 0.994892
-0.496000 0.994892
-0.492000 0.994892
-0.488000 0.994892
-0.484000 0.994892
-0.480000 0.994892
-0.476000 0.994892
-0.472000 0.994892
-0.468000 0.994892
-0.464000 0.994892
-0.460000 0.994892
-0.456000 0.994892
-0.452000 0.994892
-0.448000 0.994892
-0.444000 0.994892
-0.440000 0.994892
-0.436000 0.994892
-0.432000 0.994892
-0.428000 0.994892
-0.424000 0.994892
-0.420000 0.994892
-0.416000 0.994892
-0.412000 0.994892
-0.408000 0.994892
-0.404000 0.994892
-0.400000 0.994892
-0.396000 0.994892
-0.392000 0.994892
-0.388000 0.994892
-0.384000 0.994892
-0.380000 0.994892
-0.376000 0.994892
-0.372000 0.994892
-0.368000 0.994892
-0.364000 0.994892
-0.360000 0.994892
-0.356000 0.994892
-0.352000 0.994892
-0.348000 0.994892
-0.344000 0.994892
-0.340000 0.994892
-0.336000 0.994892
-0.332000 0.994892
-0.328000 0.994892
-0.324000 0.994892
-0.320000 0.994892
-0.316000 0.994892
-0.312000 0.994892
-0.308000 0.994892
-0.304000 0.994892
-0.300000 0.994892
-0.296000 0.994892
-0.292000 0.994892
-0.288000 0.994892
-0.284000 0.994892
-0.280000 0.994892
-0.276000 0.994892
-0.272000 0.994892
-0.268000 0.994892
-0.264000 0.994892
-0.260000 0.994892
-0.256000 0.994892
-0.252000 0.994892
-0.248000 0.994892
-0.244000 0.994892
-0.240000 0.994892
-0.236000 0.994892
-0.232000 0.994892
-0.228000 0.994892
-0.224000 0.994892
-0.220000 0.994892
-0.216000 0.994892
-0.212000 0.994892
-0.208000 0.994892
-0.204000 0.994892
-0.200000 0.994892
-0.196000 0.994892
-0.192000 0.994892
-0.188000 0.994892
-0.184000 0.994892
-0.180000 0.994892
-0.176000 0.994892
-0.172000 0.994892
-0.168000 0.994892
-0.164000 0.994892
-0.160000 0.994892
-0.156000 0.994892
-0.152000 0.994892
-0.148000 0.994892
-0.144000 0.994892
-0.140000 0.994892
-0.136000 0.994892
-0.132000 0.994892
-0.128000 0.994892
-0.124000 0.994892
-0.120000 0.994892
-0.116000 0.994892
-0.112000 0.994892
-0.108000 0.994892
-0.104000 0.994892
-0.100000 0.994892
-0.096000 0.994892
-0.092000 0.994892
-0.088000 0.994892
-0.084000 0.994892
-0.080000 0.994892
-0.076000 0.994892
-0.072000 0.994892
-0.068000 0.994892
-0.064000 0.994892
-0.060000 0.994892
-0.056000 0.994892
-0.052000 0.994892
-0.048000 0.994892
-0.044000 0.994892
-0.040000 0.994891
-0.036000 0.994891
-0.032000 0.994891
-0.028000 0.994891
-0.024000 0.994891
-0.020000 0.994891
-0.016000 0.994891
-0.012000 0.994891
-0.008000 0.994891
-0.004000 0.994891
0.000000 0.994891
0.004000 0.994891
0.008000 0.994891
0.012000 0.994891
0.016000 0.994891
0.020000 0.994891
0.024000 0.994891
0.028000 0.994890
0.032000 0.994890
0.036000 0.994890
0.040000 0.994890
0.044000 0.994890
0.048000 0.994890
0.052000 0.994890
0.056000 0.994890
0.060000 0.994889
0.064000 0.994889
0.068000 0.994889
0.072000 0.994889
0.076000 0.994889
0.080000 0.994888
0.084000 0.994888
0.088000 0.994888
0.092000 0.994888
0.096000 0.994888
0.100000 0.994887
0.104000 0.994887
0.108000 0.994887
0.112000 0.994886
0.116000 0.994886
0.120000 0.994886
0.124000 0.994885
0.128000 0.994885
0.132000 0.994885
0.136000 0.994884
0.140000 0.994884
0.144000 0.994883
0.148000 0.994883
0.152000 0.994882
0.156000 0.994882
0.160000 0.994881
0.164000 0.994881
0.168000 0.994880
0.172000 0.994879
0.176000 0.994879
0.180000 0.994878
0.184000 0.994877
0.188000 0.994877
0.192000 0.994876
0.196000 0.994875
0.200000 0.994874
0.204000 0.994873
0.208000 0.994872
0.212000 0.994871
0.216000 0.994870
0.220000 0.994869
0.224000 0.994868
0.228000 0.994867
0.232000 0.994866
0.236000 0.994865
0.240000 0.994863
0.244000 0.994862
0.248000 0.994861
0.252000 0.994859
0.256000 0.994858
0.260000 0.994856
0.264000 0.994855
0.268000 0.994853
0.272000 0.994851
0.276000 0.994850
0.280000 0.994848
0.284000 0.994846
0.288000 0.994844
0.292000 0.994842
0.296000 0.994840
0.300000 0.994838
0.304000 0.994835
0.308000 0.994833
0.312000 0.994830
0.316000 0.994828
0.320000 0.994825
0.324000 0.994823
0.328000 0.994820
0.332000 0.994817
0.336000 0.994814
0.340000 0.994811
0.344000 0.994808
0.348000 0.994805
0.352000 0.994802
0.356000 0.994798
0.360000 0.994795
0.364000 0.994791
0.368000 0.994787
0.372000 0.994784
0.376000 0.994780
0.380000 0.994776
0.384000 0.994772
0.388000 0.994767
0.392000 0.994763
0.396000 0.994759
0.400000 0.994754
0.404000 0.994749
0.408000 0.994744
0.412000 0.994740
0.416000 0.994734
0.420000 0.994729
0.424000 0.994724
0.428000 0.994719
0.432000 0.994713
0.436000 0.994707
0.440000 0.994702
0.444000 0.994696
0.448000 0.994690
0.452000 0.994683
0.456000 0.994677
0.460000 0.994671
0.464000 0.994664
0.468000 0.994657
0.472000 0.994650
0.476000 0.994643
0.480000 0.994636
0.484000 0.994629
0.488000 0.994622
0.492000 0.994614
0.496000 0.994606
0.500000 0.994599
0.504000 0.994591
0.508000 0.994583
0.512000 0.994574
0.516000 0.994566
0.520000 0.994557
0.524000 0.994549
0.528000 0.994540
0.532000 0.994531
0.536000 0.994522
0.540000 0.994513
0.544000 0.994504
0.548000 0.994494
0.552000 0.994485
0.556000 0.994475
0.560000 0.994465
0.564000 0.994455
0.568000 0.994445
0.572000 0.994435
0.576000 0.994425
0.580000 0.994414
0.584000 0.994404
0.588000 0.994393
0.592000 0.994382
0.596000 0.994371
0.600000 0.994360
0.604000 0.994349
0.608000 0.994338
0.612000 0.994327
0.616000 0.994315
0.620000 0.994304
0.624000 0.994292
0.628000 0.994281
0.632000 0.994269
0.636000 0.994257
0.640000 0.994245
0.644000 0.994233
0.648000 0.994221
0.652000 0.994209
0.656000 0.994196
0.660000 0.994184
0.664000 0.994172
0.668000 0.994159
0.672000 0.994146
0.676000 0.994134
0.680000 0.994121
0.684000 0.994109
0.688000 0.994096
0.692000 0.994083
0.696000 0.994070
0.700000 0.994057
0.704000 0.994044
0.708000 0.994031
0.712000 0.994018
0.716000 0.994005
0.720000 0.993992
0.724000 0.993979
0.728000 0.993966
0.732000 0.993953
0.736000 0.993940
0.740000 0.993927
0.744000 0.993914
0.748000 0.993901
0.752000 0.993888
0.756000 0.993875
0.760000 0.993862
0.764000 0.993849
0.768000 0.993836
0.772000 0.993823
0.776000 0.993810
0.780000 0.993797
0.784000 0.993785
0.788000 0.993772
0.792000 0.993759
0.796000 0.993746
0.800000 0.993734
0.804000 0.993721
0.808000 0.993709
0.812000 0.993696
0.816000 0.993684
0.820000 0.993671
0.824000 0.993659
0.828000 0.993647
0.832000 0.993635
0.836000 0.993623
0.840000 0.993611
0.844000 0.993599
0.848000 0.993587
0.852000 0.993575
0.856000 0.993564
0.860000 0.993552
0.864000 0.993541
0.868000 0.993529
0.872000 0.993518
0.876000 0.993507
0.880000 0.993496
0.884000 0.993485
0.888000 0.993474
0.892000 0.993463
0.896000 0.993453
0.900000 0.993442
0.904000 0.993432
0.908000 0.993421
0.912000 0.993411
0.916000 0.993401
0.920000 0.993391
0.924000 0.993381
0.928000 0.993372
0.932000 0.993362
0.936000 0.993353
0.940000 0.993343
0.944000 0.993334
0.948000 0.993325
0.952000 0.993316
0.956000 0.993307
0.960000 0.993298
0.964000 0.993289
0.968000 0.993279
0.972000 0.993270
0.976000 0.993261
0.980000 0.993251
0.984000 0.993240
0.988000 0.993228
0.992000 0.993215
0.996000 0.993200
1.000000 0.993182
