-1.000000 0.994892
-0.996000 0.994892
-0.992000 0.994892
-0.988000 0.994892
-0.984000 0.994892
-0.980000 0.994892
-0.976000 0.994892
-0.972000 0.994892
-0.968000 0.994892
-0.964000 0.994892
-0.960000 0.994892
-0.956000 0.994892
-0.952000 0.994892
-0.948000 0.994892
-0.944000 0.994892
-0.940000 0.994892
-0.936000 0.994892
-0.932000 0.994892
-0.928000 0.994892
-0.924000 0.994892
-0.920000 0.994892
-0.916000 0.994892
-0.912000 0.994892
-0.908000 0.994892
-0.904000 0.994892
-0.900000 0.994892
-0.896000 0.994892
-0.892000 0.994892
-0.888000 0.994892
-0.884000 0.994892
-0.880000 0.994892
-0.876000 0.994892
-0.872000 0.994892
-0.868000 0.994892
-0.864000 0.994892
-0.860000 0.994892
-0.856000 0.994892
-0.852000 0.994892
-0.848000 0.994892
-0.844000 0.994892
-0.840000 0.994892
-0.836000 0.994892
-0.832000 0.994892
-0.828000 0.994892
-0.824000 0.994892
-0.820000 0.994892
-0.816000 0.994892
-0.812000 0.994892
-0.808000 0.994892
-0.804000 0.994892
-0.800000 0.994892
-0.796000 0.994892
-0.792000 0.994892
-0.788000 0.994892
-0.784000 0.994892
-0.780000 0.994892
-0.776000 0.994892
-0.772000 0.994892
-0.768000 0.994892
-0.764000 0.994892
-0.760000 0.994892
-0.756000 0.994892
-0.752000 0.994892
-0.748000 0.994892
-0.744000 0.994892
-0.740000 0.994892
-0.736000 0.994892
-0.732000 0.994892
-0.728000 0.994892
-0.724000 0.994892
-0.720000 0.994892
-0.716000 0.994892
-0.712000 0.994892
-0.708000 0.994892
-0.704000 0.994892
-0.700000 0.994892
-0.696000 0.994892
-0.692000 0.994892
-0.688000 0.994892
-0.684000 0.994892
-0.680000 0.994892
-0.676000 0.994892
-0.672000 0.994892
-0.668000 0.994892
-0.664000 0.994892
-0.660000 0.994892
-0.656000 0.994892
-0.652000 0.994892
-0.648000 0.994892
-0.644000 0.994892
-0.640000 0.994892
-0.636000 0.994892
-0.632000 0.994892
-0.628000 0.994892
-0.624000 0.994892
-0.620000 0.994892
-0.616000 0.994892
-0.612000 0.994892
-0.608000 0.994892
-0.604000 0.994892
-0.600000 0.994892
-0.596000 0.994892
-0.592000 0.994892
-0.588000 0.994892
-0.584000 0.994892
-0.580000 0.994892
-0.576000 0.994892
-0.572000 0.994892
-0.568000 0.994892
-0.564000 0.994892
-0.560000 0.994892
-0.556000 0.994892
-0.552000 0.994892
-0.548000 0.994892
-0.544000 0.994892
-0.540000 0.994892
-0.536000 0.994892
-0.532000 0.994892
-0.528000 0.994892
-0.524000 0.994892
-0.520000 0.994892
-0.516000 0.994892
-0.512000 0.994892
-0.508000 0.994892
-0.504000 0.994892
-0.500000 0.994892
-0.496000 0.994892
-0.492000 0.994892
-0.488000 0.994892
-0.484000 0.994892
-0.480000 0.994892
-0.476000 0.994892
-0.472000 0.994892
-0.468000 0.994892
-0.464000 0.994892
-0.460000 0.994892
-0.456000 0.994892
-0.452000 0.994892
-0.448000 0.994892
-0.444000 0.994892
-0.440000 0.994892
-0.436000 0.994892
-0.432000 0.994892
-0.428000 0.994892
-0.424000 0.994892
-0.420000 0.994892
-0.416000 0.994892
-0.412000 0.994892
-0.408000 0.994892
-0.404000 0.994892
-0.400000 0.994892
-0.396000 0.994892
-0.392000 0.994892
-0.388000 0.994892
-0.384000 0.994892
-0.380000 0.994892
-0.376000 0.994892
-0.372000 0.994892
-0.368000 0.994892
-0.364000 0.994892
-0.360000 0.994892
-0.356000 0.994892
-0.352000 0.994892
-0.348000 0.994892
-0.344000 0.994892
-0.340000 0.994892
-0.336000 0.994892
-0.332000 0.994892
-0.328000 0.994892
-0.324000 0.994892
-0.320000 0.994892
-0.316000 0.994892
-0.312000 0.994892
-0.308000 0.994892
-0.304000 0.994892
-0.300000 0.994892
-0.296000 0.994892
-0.292000 0.994892
-0.288000 0.994892
-0.284000 0.994892
-0.280000 0.994892
-0.276000 0.994892
-0.272000 0.994892
-0.268000 0.994892
-0.264000 0.994892
-0.260000 0.994892
-0.256000 0.994892
-0.252000 0.994892
-0.248000 0.994892
-0.244000 0.994892
-0.240000 0.994892
-0.236000 0.994892
-0.232000 0.994892
-0.228000 0.994892
-0.224000 0.994892
-0.220000 0.994892
-0.216000 0.994892
-0.212000 0.994892
-0.208000 0.994892
-0.204000 0.994892
-0.200000 0.994892
-0.196000 0.994892
-0.192000 0.994892
-0.188000 0.994892
-0.184000 0.994892
-0.180000 0.994892
-0.176000 0.994892
-0.172000 0.994891
-0.168000 0.994891
-0.164000 0.994891
-0.160000 0.994891
-0.156000 0.994891
-0.152000 0.994891
-0.148000 0.994891
-0.144000 0.994891
-0.140000 0.994891
-0.136000 0.994891
-0.132000 0.994891
-0.128000 0.994891
-0.124000 0.994891
-0.120000 0.994891
-0.116000 0.994891
-0.112000 0.994890
-0.108000 0.994890
-0.104000 0.994890
-0.100000 0.994890
-0.096000 0.994890
-0.092000 0.994890
-0.088000 0.994890
-0.084000 0.994890
-0.080000 0.994889
-0.076000 0.994889
-0.072000 0.994889
-0.068000 0.994889
-0.064000 0.994889
-0.060000 0.994888
-0.056000 0.994888
-0.052000 0.994888
-0.048000 0.994888
-0.044000 0.994887
-0.040000 0.994887
-0.036000 0.994887
-0.032000 0.994886
-0.028000 0.994886
-0.024000 0.994886
-0.020000 0.994885
-0.016000 0.994885
-0.012000 0.994885
-0.008000 0.994884
-0.004000 0.994884
0.000000 0.994883
0.004000 0.994883
0.008000 0.994882
0.012000 0.994882
0.016000 0.994881
0.020000 0.994880
0.024000 0.994880
0.028000 0.994879
0.032000 0.994878
0.036000 0.994877
0.040000 0.994877
0.044000 0.994876
0.048000 0.994875
0.052000 0.994874
0.056000 0.994873
0.060000 0.994872
0.064000 0.994871
0.068000 0.994870
0.072000 0.994869
0.076000 0.994868
0.080000 0.994867
0.084000 0.994865
0.088000 0.994864
0.092000 0.994863
0.096000 0.994861
0.100000 0.994860
0.104000 0.994858
0.108000 0.994856
0.112000 0.994855
0.116000 0.994853
0.120000 0.994851
0.124000 0.994849
0.128000 0.994847
0.132000 0.994845
0.136000 0.994843
0.140000 0.994841
0.144000 0.994839
0.148000 0.994836
0.152000 0.994834
0.156000 0.994831
0.160000 0.994829
0.164000 0.994826
0.168000 0.994823
0.172000 0.994820
0.176000 0.994817
0.180000 0.994814
0.184000 0.994811
0.188000 0.994807
0.192000 0.994804
0.196000 0.994801
0.200000 0.994797
0.204000 0.994793
0.208000 0.994789
0.212000 0.994785
0.216000 0.994781
0.220000 0.994777
0.224000 0.994773
0.228000 0.994768
0.232000 0.994764
0.236000 0.994759
0.240000 0.994754
0.244000 0.994749
0.248000 0.994744
0.252000 0.994739
0.256000 0.994733
0.260000 0.994728
0.264000 0.994722
0.268000 0.994716
0.272000 0.994710
0.276000 0.994704
0.280000 0.994698
0.284000 0.994692
0.288000 0.994685
0.292000 0.994679
0.296000 0.994672
0.300000 0.994665
0.304000 0.994658
0.308000 0.994650
0.312000 0.994643
0.316000 0.994636
0.320000 0.994628
0.324000 0.994620
0.328000 0.994612
0.332000 0.994604
0.336000 0.994595
0.340000 0.994587
0.344000 0.994578
0.348000 0.994570
0.352000 0.994561
0.356000 0.994552
0.360000 0.994542
0.364000 0.994533
0.368000 0.994523
0.372000 0.994514
0.376000 0.994504
0.380000 0.994494
0.384000 0.994484
0.388000 0.994473
0.392000 0.994463
0.396000 0.994453
0.400000 0.994442
0.404000 0.994431
0.408000 0.994420
0.412000 0.994409
0.416000 0.994398
0.420000 0.994386
0.424000 0.994375
0.428000 0.994363
0.432000 0.994352
0.436000 0.994340
0.440000 0.994328
0.444000 0.994316
0.448000 0.994304
0.452000 0.994291
0.456000 0.994279
0.460000 0.994266
0.464000 0.994254
0.468000 0.994241
0.472000 0.994228
0.476000 0.994216
0.480000 0.994203
0.484000 0.994190
0.488000 0.994176
0.492000 0.994163
0.496000 0.994150
0.500000 0.994137
0.504000 0.994123
0.508000 0.994110
0.512000 0.994097
0.516000 0.994083
0.520000 0.994069
0.524000 0.994056
0.528000 0.994042
0.532000 0.994028
0.536000 0.994015
0.540000 0.994001
0.544000 0.993987
0.548000 0.993974
0.552000 0.993960
0.556000 0.993946
0.560000 0.993932
0.564000 0.993918
0.568000 0.993905
0.572000 0.993891
0.576000 0.993877
0.580000 0.993863
0.584000 0.993850
0.588000 0.993836
0.592000 0.993822
0.596000 0.993809
0.600000 0.993795
0.604000 0.993782
0.608000 0.993768
0.612000 0.993755
0.616000 0.993741
0.620000 0.993728
0.624000 0.993715
0.628000 0.993701
0.632000 0.993688
0.636000 0.993675
0.640000 0.993662
0.644000 0.993649
0.648000 0.993637
0.652000 0.993624
0.656000 0.993611
0.660000 0.993599
0.664000 0.993586
0.668000 0.993574
0.672000 0.993562
0.676000 0.993549
0.680000 0.993537
0.684000 0.993525
0.688000 0.993514
0.692000 0.993502
0.696000 0.993490
0.700000 0.993479
0.704000 0.993467
0.708000 0.993456
0.712000 0.993445
0.716000 0.993434
0.720000 0.993423
0.724000 0.993412
0.728000 0.993402
0.732000 0.993391
0.736000 0.993381
0.740000 0.993371
0.744000 0.993361
0.748000 0.993351
0.752000 0.993341
0.756000 0.993331
0.760000 0.993322
0.764000 0.993312
0.768000 0.993303
0.772000 0.993294
0.776000 0.993285
0.780000 0.993276
0.784000 0.993268
0.788000 0.993259
0.792000 0.993251
0.796000 0.993242
0.800000 0.993234
0.804000 0.993226
0.808000 0.993218
0.812000 0.993211
0.816000 0.993203
0.820000 0.993196
0.824000 0.993188
0.828000 0.993181
0.832000 0.993174
0.836000 0.993167
0.840000 0.993161
0.844000 0.993154
0.848000 0.993148
0.852000 0.993141
0.856000 0.993135
0.860000 0.993129
0.864000 0.993123
0.868000 0.993117
0.872000 0.993111
0.876000 0.993106
0.880000 0.993100
0.884000 0.993095
0.888000 0.993090
0.892000 0.993085
0.896000 0.993080
0.900000 0.993075
0.904000 0.993070
0.908000 0.993066
0.912000 0.993061
0.916000 0.993057
0.920000 0.993052
0.924000 0.993048
0.928000 0.993044
0.932000 0.993040
0.936000 0.993036
0.940000 0.993032
0.944000 0.993029
0.948000 0.993025
0.952000 0.993022
0.956000 0.993018
0.960000 0.993015
0.964000 0.993011
0.968000 0.993008
0.972000 0.993005
0.976000 0.993001
0.980000 0.992998
0.984000 0.992994
0.988000 0.992990
0.992000 0.992986
0.996000 0.992981
1.000000 0.992975
