-1.000000 0.994892
-0.996000 0.994892
-0.992000 0.994892
-0.988000 0.994892
-0.984000 0.994892
-0.980000 0.994892
-0.976000 0.994892
-0.972000 0.994892
-0.968000 0.994892
-0.964000 0.994892
-0.960000 0.994892
-0.956000 0.994892
-0.952000 0.994892
-0.948000 0.994892
-0.944000 0.994892
-0.940000 0.994892
-0.936000 0.994892
-0.932000 0.994892
-0.928000 0.994892
-0.924000 0.994892
-0.920000 0.994892
-0.916000 0.994892
-0.912000 0.994892
-0.908000 0.994892
-0.904000 0.994892
-0.900000 0.994892
-0.896000 0.994892
-0.892000 0.994892
-0.888000 0.994892
-0.884000 0.994892
-0.880000 0.994892
-0.876000 0.994892
-0.872000 0.994892
-0.868000 0.994892
-0.864000 0.994892
-0.860000 0.994892
-0.856000 0.994892
-0.852000 0.994892
-0.848000 0.994892
-0.844000 0.994892
-0.840000 0.994892
-0.836000 0.994892
-0.832000 0.994892
-0.828000 0.994892
-0.824000 0.994892
-0.820000 0.994892
-0.816000 0.994892
-0.812000 0.994892
-0.808000 0.994892
-0.804000 0.994892
-0.800000 0.994892
-0.796000 0.994892
-0.792000 0.994892
-0.788000 0.994892
-0.784000 0.994892
-0.780000 0.994892
-0.776000 0.994892
-0.772000 0.994892
-0.768000 0.994892
-0.764000 0.994892
-0.760000 0.994892
-0.756000 0.994892
-0.752000 0.994892
-0.748000 0.994892
-0.744000 0.994892
-0.740000 0.994892
-0.736000 0.994892
-0.732000 0.994892
-0.728000 0.994892
-0.724000 0.994892
-0.720000 0.994892
-0.716000 0.994892
-0.712000 0.994892
-0.708000 0.994892
-0.704000 0.994892
-0.700000 0.994892
-0.696000 0.994892
-0.692000 0.994892
-0.688000 0.994892
-0.684000 0.994892
-0.680000 0.994892
-0.676000 0.994892
-0.672000 0.994892
-0.668000 0.994892
-0.664000 0.994892
-0.660000 0.994892
-0.656000 0.994892
-0.652000 0.994892
-0.648000 0.994892
-0.644000 0.994892
-0.640000 0.994892
-0.636000 0.994892
-0.632000 0.994892
-0.628000 0.994892
-0.624000 0.994892
-0.620000 0.994892
-0.616000 0.994892
-0.612000 0.994892
-0.608000 0.994892
-0.604000 0.994892
-0.600000 0.994892
-0.596000 0.994892
-0.592000 0.994892
-0.588000 0.994892
-0.584000 0.994892
-0.580000 0.994892
-0.576000 0.994892
-0.572000 0.994892
-0.568000 0.994892
-0.564000 0.994892
-0.560000 0.994892
-0.556000 0.994892
-0.552000 0.994892
-0.548000 0.994892
-0.544000 0.994892
-0.540000 0.994892
-0.536000 0.994892
-0.532000 0.994892
-0.528000 0.994892
-0.524000 0.994892
-0.520000 0.994892
-0.516000 0.994892
-0.512000 0.994892
-0.508000 0.994892
-0.504000 0.994892
-0.500000 0.994892
-0.496000 0.994892
-0.492000 0.994892
-0.488000 0.994892
-0.484000 0.994892
-0.480000 0.994892
-0.476000 0.994892
-0.472000 0.994892
-0.468000 0.994892
-0.464000 0.994892
-0.460000 0.994892
-0.456000 0.994892
-0.452000 0.994892
-0.448000 0.994892
-0.444000 0.994892
-0.440000 0.994892
-0.436000 0.994892
-0.432000 0.994892
-0.428000 0.994892
-0.424000 0.994892
-0.420000 0.994892
-0.416000 0.994892
-0.412000 0.994892
-0.408000 0.994892
-0.404000 0.994892
-0.400000 0.994892
-0.396000 0.994892
-0.392000 0.994892
-0.388000 0.994892
-0.384000 0.994892
-0.380000 0.994892
-0.376000 0.994892
-0.372000 0.994892
-0.368000 0.994892
-0.364000 0.994892
-0.360000 0.994892
-0.356000 0.994892
-0.352000 0.994892
-0.348000 0.994892
-0.344000 0.994892
-0.340000 0.994892
-0.336000 0.994892
-0.332000 0.994892
-0.328000 0.994892
-0.324000 0.994892
-0.320000 0.994892
-0.316000 0.994892
-0.312000 0.994892
-0.308000 0.994892
-0.304000 0.994892
-0.300000 0.994892
-0.296000 0.994892
-0.292000 0.994892
-0.288000 0.994892
-0.284000 0.994892
-0.280000 0.994892
-0.276000 0.994892
-0.272000 0.994892
-0.268000 0.994892
-0.264000 0.994892
-0.260000 0.994892
-0.256000 0.994892
-0.252000 0.994892
-0.248000 0.994892
-0.244000 0.994892
-0.240000 0.994892
-0.236000 0.994892
-0.232000 0.994891
-0.228000 0.994891
-0.224000 0.994891
-0.220000 0.994891
-0.216000 0.994891
-0.212000 0.994891
-0.208000 0.994891
-0.204000 0.994891
-0.200000 0.994891
-0.196000 0.994891
-0.192000 0.994891
-0.188000 0.994891
-0.184000 0.994891
-0.180000 0.994891
-0.176000 0.994891
-0.172000 0.994890
-0.168000 0.994890
-0.164000 0.994890
-0.160000 0.994890
-0.156000 0.994890
-0.152000 0.994890
-0.148000 0.994890
-0.144000 0.994889
-0.140000 0.994889
-0.136000 0.994889
-0.132000 0.994889
-0.128000 0.994889
-0.124000 0.994888
-0.120000 0.994888
-0.116000 0.994888
-0.112000 0.994888
-0.108000 0.994887
-0.104000 0.994887
-0.100000 0.994887
-0.096000 0.994887
-0.092000 0.994886
-0.088000 0.994886
-0.084000 0.994885
-0.080000 0.994885
-0.076000 0.994885
-0.072000 0.994884
-0.068000 0.994884
-0.064000 0.994883
-0.060000 0.994883
-0.056000 0.994882
-0.052000 0.994881
-0.048000 0.994881
-0.044000 0.994880
-0.040000 0.994880
-0.036000 0.994879
-0.032000 0.994878
-0.028000 0.994877
-0.024000 0.994876
-0.020000 0.994876
-0.016000 0.994875
-0.012000 0.994874
-0.008000 0.994873
-0.004000 0.994872
0.000000 0.994871
0.004000 0.994870
0.008000 0.994868
0.012000 0.994867
0.016000 0.994866
0.020000 0.994864
0.024000 0.994863
0.028000 0.994862
0.032000 0.994860
0.036000 0.994858
0.040000 0.994857
0.044000 0.994855
0.048000 0.994853
0.052000 0.994851
0.056000 0.994849
0.060000 0.994847
0.064000 0.994845
0.068000 0.994843
0.072000 0.994841
0.076000 0.994839
0.080000 0.994836
0.084000 0.994834
0.088000 0.994831
0.092000 0.994828
0.096000 0.994825
0.100000 0.994822
0.104000 0.994819
0.108000 0.994816
0.112000 0.994813
0.116000 0.994810
0.120000 0.994806
0.124000 0.994803
0.128000 0.994799
0.132000 0.994795
0.136000 0.994791
0.140000 0.994787
0.144000 0.994783
0.148000 0.994779
0.152000 0.994775
0.156000 0.994770
0.160000 0.994765
0.164000 0.994761
0.168000 0.994756
0.172000 0.994751
0.176000 0.994745
0.180000 0.994740
0.184000 0.994735
0.188000 0.994729
0.192000 0.994723
0.196000 0.994717
0.200000 0.994711
0.204000 0.994705
0.208000 0.994698
0.212000 0.994692
0.216000 0.994685
0.220000 0.994678
0.224000 0.994671
0.228000 0.994664
0.232000 0.994657
0.236000 0.994649
0.240000 0.994642
0.244000 0.994634
0.248000 0.994626
0.252000 0.994618
0.256000 0.994610
0.260000 0.994601
0.264000 0.994592
0.268000 0.994584
0.272000 0.994575
0.276000 0.994566
0.280000 0.994556
0.284000 0.994547
0.288000 0.994537
0.292000 0.994528
0.296000 0.994518
0.300000 0.994508
0.304000 0.994498
0.308000 0.994487
0.312000 0.994477
0.316000 0.994466
0.320000 0.994455
0.324000 0.994444
0.328000 0.994433
0.332000 0.994422
0.336000 0.994411
0.340000 0.994399
0.344000 0.994388
0.348000 0.994376
0.352000 0.994364
0.356000 0.994352
0.360000 0.994340
0.364000 0.994327
0.368000 0.994315
0.372000 0.994302
0.376000 0.994290
0.380000 0.994277
0.384000 0.994264
0.388000 0.994251
0.392000 0.994238
0.396000 0.994225
0.400000 0.994212
0.404000 0.994199
0.408000 0.994185
0.412000 0.994172
0.416000 0.994158
0.420000 0.994145
0.424000 0.994131
0.428000 0.994117
0.432000 0.994103
0.436000 0.994089
0.440000 0.994075
0.444000 0.994062
0.448000 0.994048
0.452000 0.994033
0.456000 0.994019
0.460000 0.994005
0.464000 0.993991
0.468000 0.993977
0.472000 0.993963
0.476000 0.993949
0.480000 0.993935
0.484000 0.993920
0.488000 0.993906
0.492000 0.993892
0.496000 0.993878
0.500000 0.993864
0.504000 0.993850
0.508000 0.993836
0.512000 0.993822
0.516000 0.993808
0.520000 0.993794
0.524000 0.993780
0.528000 0.993766
0.532000 0.993752
0.536000 0.993739
0.540000 0.993725
0.544000 0.993711
0.548000 0.993698
0.552000 0.993684
0.556000 0.993671
0.560000 0.993658
0.564000 0.993644
0.568000 0.993631
0.572000 0.993618
0.576000 0.993605
0.580000 0.993593
0.584000 0.993580
0.588000 0.993567
0.592000 0.993555
0.596000 0.993542
0.600000 0.993530
0.604000 0.993518
0.608000 0.993506
0.612000 0.993494
0.616000 0.993482
0.620000 0.993470
0.624000 0.993459
0.628000 0.993447
0.632000 0.993436
0.636000 0.993425
0.640000 0.993414
0.644000 0.993403
0.648000 0.993392
0.652000 0.993381
0.656000 0.993371
0.660000 0.993361
0.664000 0.993350
0.668000 0.993340
0.672000 0.993331
0.676000 0.993321
0.680000 0.993311
0.684000 0.993302
0.688000 0.993292
0.692000 0.993283
0.696000 0.993274
0.700000 0.993265
0.704000 0.993257
0.708000 0.993248
0.712000 0.993240
0.716000 0.993231
0.720000 0.993223
0.724000 0.993215
0.728000 0.993207
0.732000 0.993200
0.736000 0.993192
0.740000 0.993185
0.744000 0.993177
0.748000 0.993170
0.752000 0.993163
0.756000 0.993157
0.760000 0.993150
0.764000 0.993143
0.768000 0.993137
0.772000 0.993131
0.776000 0.993124
0.780000 0.993118
0.784000 0.993113
0.788000 0.993107
0.792000 0.993101
0.796000 0.993096
0.800000 0.993090
0.804000 0.993085
0.808000 0.993080
0.812000 0.993075
0.816000 0.993070
0.820000 0.993065
0.824000 0.993061
0.828000 0.993056
0.832000 0.993052
0.836000 0.993048
0.840000 0.993044
0.844000 0.993039
0.848000 0.993036
0.852000 0.993032
0.856000 0.993028
0.860000 0.993024
0.864000 0.993021
0.868000 0.993017
0.872000 0.993014
0.876000 0.993011
0.880000 0.993008
0.884000 0.993004
0.888000 0.993001
0.892000 0.992999
0.896000 0.992996
0.900000 0.992993
0.904000 0.992990
0.908000 0.992988
0.912000 0.992985
0.916000 0.992983
0.920000 0.992981
0.924000 0.992978
0.928000 0.992976
0.932000 0.992974
0.936000 0.992972
0.940000 0.992970
0.944000 0.992968
0.948000 0.992966
0.952000 0.992964
0.956000 0.992963
0.960000 0.992961
0.964000 0.992959
0.968000 0.992957
0.972000 0.992956
0.976000 0.992954
0.980000 0.992952
0.984000 0.992951
0.988000 0.992949
0.992000 0.992947
0.996000 0.992944
1.000000 0.992941
