-1.000000 0.994892
-0.996000 0.994892
-0.992000 0.994892
-0.988000 0.994892
-0.984000 0.994892
-0.980000 0.994892
-0.976000 0.994892
-0.972000 0.994892
-0.968000 0.994892
-0.964000 0.994892
-0.960000 0.994892
-0.956000 0.994892
-0.952000 0.994892
-0.948000 0.994892
-0.944000 0.994892
-0.940000 0.994892
-0.936000 0.994892
-0.932000 0.994892
-0.928000 0.994892
-0.924000 0.994892
-0.920000 0.994892
-0.916000 0.994892
-0.912000 0.994892
-0.908000 0.994892
-0.904000 0.994892
-0.900000 0.994892
-0.896000 0.994892
-0.892000 0.994892
-0.888000 0.994892
-0.884000 0.994892
-0.880000 0.994892
-0.876000 0.994892
-0.872000 0.994892
-0.868000 0.994892
-0.864000 0.994892
-0.860000 0.994892
-0.856000 0.994892
-0.852000 0.994892
-0.848000 0.994892
-0.844000 0.994892
-0.840000 0.994892
-0.836000 0.994892
-0.832000 0.994892
-0.828000 0.994892
-0.824000 0.994892
-0.820000 0.994892
-0.816000 0.994892
-0.812000 0.994892
-0.808000 0.994892
-0.804000 0.994892
-0.800000 0.994892
-0.796000 0.994892
-0.792000 0.994892
-0.788000 0.994892
-0.784000 0.994892
-0.780000 0.994892
-0.776000 0.994892
-0.772000 0.994892
-0.768000 0.994892
-0.764000 0.994892
-0.760000 0.994892
-0.756000 0.994892
-0.752000 0.994892
-0.748000 0.994892
-0.744000 0.994892
-0.740000 0.994892
-0.736000 0.994892
-0.732000 0.994892
-0.728000 0.994892
-0.724000 0.994892
-0.720000 0.994892
-0.716000 0.994892
-0.712000 0.994892
-0.708000 0.994892
-0.704000 0.994892
-0.700000 0.994892
-0.696000 0.994892
-0.692000 0.994892
-0.688000 0.994892
-0.684000 0.994892
-0.680000 0.994892
-0.676000 0.994892
-0.672000 0.994892
-0.668000 0.994892
-0.664000 0.994892
-0.660000 0.994892
-0.656000 0.994892
-0.652000 0.994892
-0.648000 0.994892
-0.644000 0.994892
-0.640000 0.994892
-0.636000 0.994892
-0.632000 0.994892
-0.628000 0.994892
-0.624000 0.994892
-0.620000 0.994892
-0.616000 0.994892
-0.612000 0.994892
-0.608000 0.994892
-0.604000 0.994892
-0.600000 0.994892
-0.596000 0.994892
-0.592000 0.994892
-0.588000 0.994892
-0.584000 0.994892
-0.580000 0.994892
-0.576000 0.994892
-0.572000 0.994892
-0.568000 0.994892
-0.564000 0.994892
-0.560000 0.994892
-0.556000 0.994892
-0.552000 0.994892
-0.548000 0.994892
-0.544000 0.994892
-0.540000 0.994892
-0.536000 0.994892
-0.532000 0.994892
-0.528000 0.994892
-0.524000 0.994892
-0.520000 0.994892
-0.516000 0.994892
-0.512000 0.994892
-0.508000 0.994892
-0.504000 0.994892
-0.500000 0.994892
-0.496000 0.994892
-0.492000 0.994892
-0.488000 0.994892
-0.484000 0.994892
-0.480000 0.994892
-0.476000 0.994892
-0.472000 0.994892
-0.468000 0.994892
-0.464000 0.994892
-0.460000 0.994892
-0.456000 0.994892
-0.452000 0.994892
-0.448000 0.994892
-0.444000 0.994892
-0.440000 0.994892
-0.436000 0.994892
-0.432000 0.994892
-0.428000 0.994892
-0.424000 0.994892
-0.420000 0.994892
-0.416000 0.994892
-0.412000 0.994892
-0.408000 0.994892
-0.404000 0.994892
-0.400000 0.994892
-0.396000 0.994892
-0.392000 0.994892
-0.388000 0.994892
-0.384000 0.994892
-0.380000 0.994892
-0.376000 0.994892
-0.372000 0.994892
-0.368000 0.994892
-0.364000 0.994892
-0.360000 0.994892
-0.356000 0.994892
-0.352000 0.994892
-0.348000 0.994892
-0.344000 0.994892
-0.340000 0.994892
-0.336000 0.994892
-0.332000 0.994892
-0.328000 0.994892
-0.324000 0.994892
-0.320000 0.994892
-0.316000 0.994892
-0.312000 0.994892
-0.308000 0.994892
-0.304000 0.994892
-0.300000 0.994892
-0.296000 0.994892
-0.292000 0.994892
-0.288000 0.994892
-0.284000 0.994892
-0.280000 0.994892
-0.276000 0.994892
-0.272000 0.994892
-0.268000 0.994892
-0.264000 0.994892
-0.260000 0.994892
-0.256000 0.994892
-0.252000 0.994892
-0.248000 0.994892
-0.244000 0.994892
-0.240000 0.994892
-0.236000 0.994892
-0.232000 0.994892
-0.228000 0.994892
-0.224000 0.994892
-0.220000 0.994892
-0.216000 0.994892
-0.212000 0.994892
-0.208000 0.994892
-0.204000 0.994892
-0.200000 0.994892
-0.196000 0.994892
-0.192000 0.994892
-0.188000 0.994892
-0.184000 0.994892
-0.180000 0.994892
-0.176000 0.994892
-0.172000 0.994892
-0.168000 0.994892
-0.164000 0.994892
-0.160000 0.994892
-0.156000 0.994892
-0.152000 0.994892
-0.148000 0.994892
-0.144000 0.994892
-0.140000 0.994892
-0.136000 0.994892
-0.132000 0.994892
-0.128000 0.994892
-0.124000 0.994892
-0.120000 0.994892
-0.116000 0.994892
-0.112000 0.994892
-0.108000 0.994892
-0.104000 0.994892
-0.100000 0.994892
-0.096000 0.994892
-0.092000 0.994892
-0.088000 0.994892
-0.084000 0.994892
-0.080000 0.994892
-0.076000 0.994892
-0.072000 0.994892
-0.068000 0.994892
-0.064000 0.994892
-0.060000 0.994892
-0.056000 0.994892
-0.052000 0.994892
-0.048000 0.994892
-0.044000 0.994892
-0.040000 0.994892
-0.036000 0.994892
-0.032000 0.994892
-0.028000 0.994892
-0.024000 0.994892
-0.020000 0.994892
-0.016000 0.994892
-0.012000 0.994892
-0.008000 0.994892
-0.004000 0.994892
0.000000 0.994892
0.004000 0.994892
0.008000 0.994892
0.012000 0.994892
0.016000 0.994892
0.020000 0.994892
0.024000 0.994892
0.028000 0.994892
0.032000 0.994892
0.036000 0.994892
0.040000 0.994892
0.044000 0.994892
0.048000 0.994892
0.052000 0.994891
0.056000 0.994891
0.060000 0.994891
0.064000 0.994891
0.068000 0.994891
0.072000 0.994891
0.076000 0.994891
0.080000 0.994891
0.084000 0.994891
0.088000 0.994891
0.092000 0.994891
0.096000 0.994891
0.100000 0.994891
0.104000 0.994891
0.108000 0.994891
0.112000 0.994891
0.116000 0.994891
0.120000 0.994890
0.124000 0.994890
0.128000 0.994890
0.132000 0.994890
0.136000 0.994890
0.140000 0.994890
0.144000 0.994890
0.148000 0.994890
0.152000 0.994889
0.156000 0.994889
0.160000 0.994889
0.164000 0.994889
0.168000 0.994889
0.172000 0.994889
0.176000 0.994888
0.180000 0.994888
0.184000 0.994888
0.188000 0.994888
0.192000 0.994888
0.196000 0.994887
0.200000 0.994887
0.204000 0.994887
0.208000 0.994886
0.212000 0.994886
0.216000 0.994886
0.220000 0.994885
0.224000 0.994885
0.228000 0.994885
0.232000 0.994884
0.236000 0.994884
0.240000 0.994883
0.244000 0.994883
0.248000 0.994883
0.252000 0.994882
0.256000 0.994882
0.260000 0.994881
0.264000 0.994880
0.268000 0.994880
0.272000 0.994879
0.276000 0.994879
0.280000 0.994878
0.284000 0.994877
0.288000 0.994877
0.292000 0.994876
0.296000 0.994875
0.300000 0.994874
0.304000 0.994873
0.308000 0.994872
0.312000 0.994872
0.316000 0.994871
0.320000 0.994870
0.324000 0.994869
0.328000 0.994867
0.332000 0.994866
0.336000 0.994865
0.340000 0.994864
0.344000 0.994863
0.348000 0.994861
0.352000 0.994860
0.356000 0.994859
0.360000 0.994857
0.364000 0.994856
0.368000 0.994854
0.372000 0.994852
0.376000 0.994851
0.380000 0.994849
0.384000 0.994847
0.388000 0.994845
0.392000 0.994843
0.396000 0.994841
0.400000 0.994839
0.404000 0.994837
0.408000 0.994835
0.412000 0.994833
0.416000 0.994830
0.420000 0.994828
0.424000 0.994826
0.428000 0.994823
0.432000 0.994820
0.436000 0.994818
0.440000 0.994815
0.444000 0.994812
0.448000 0.994809
0.452000 0.994806
0.456000 0.994803
0.460000 0.994800
0.464000 0.994796
0.468000 0.994793
0.472000 0.994789
0.476000 0.994786
0.480000 0.994782
0.484000 0.994778
0.488000 0.994774
0.492000 0.994770
0.496000 0.994766
0.500000 0.994762
0.504000 0.994757
0.508000 0.994753
0.512000 0.994748
0.516000 0.994744
0.520000 0.994739
0.524000 0.994734
0.528000 0.994729
0.532000 0.994724
0.536000 0.994719
0.540000 0.994713
0.544000 0.994708
0.548000 0.994702
0.552000 0.994697
0.556000 0.994691
0.560000 0.994685
0.564000 0.994679
0.568000 0.994673
0.572000 0.994666
0.576000 0.994660
0.580000 0.994653
0.584000 0.994647
0.588000 0.994640
0.592000 0.994633
0.596000 0.994626
0.600000 0.994619
0.604000 0.994611
0.608000 0.994604
0.612000 0.994596
0.616000 0.994588
0.620000 0.994581
0.624000 0.994573
0.628000 0.994565
0.632000 0.994556
0.636000 0.994548
0.640000 0.994539
0.644000 0.994531
0.648000 0.994522
0.652000 0.994513
0.656000 0.994504
0.660000 0.994495
0.664000 0.994486
0.668000 0.994477
0.672000 0.994467
0.676000 0.994458
0.680000 0.994448
0.684000 0.994438
0.688000 0.994428
0.692000 0.994418
0.696000 0.994408
0.700000 0.994398
0.704000 0.994387
0.708000 0.994377
0.712000 0.994366
0.716000 0.994356
0.720000 0.994345
0.724000 0.994334
0.728000 0.994323
0.732000 0.994312
0.736000 0.994301
0.740000 0.994290
0.744000 0.994278
0.748000 0.994267
0.752000 0.994255
0.756000 0.994244
0.760000 0.994232
0.764000 0.994220
0.768000 0.994209
0.772000 0.994197
0.776000 0.994185
0.780000 0.994173
0.784000 0.994161
0.788000 0.994149
0.792000 0.994137
0.796000 0.994124
0.800000 0.994112
0.804000 0.994100
0.808000 0.994087
0.812000 0.994075
0.816000 0.994062
0.820000 0.994050
0.824000 0.994038
0.828000 0.994025
0.832000 0.994012
0.836000 0.994000
0.840000 0.993987
0.844000 0.993975
0.848000 0.993962
0.852000 0.993949
0.856000 0.993937
0.860000 0.993924
0.864000 0.993912
0.868000 0.993899
0.872000 0.993886
0.876000 0.993874
0.880000 0.993861
0.884000 0.993849
0.888000 0.993836
0.892000 0.993824
0.896000 0.993811
0.900000 0.993799
0.904000 0.993786
0.908000 0.993774
0.912000 0.993761
0.916000 0.993749
0.920000 0.993737
0.924000 0.993725
0.928000 0.993713
0.932000 0.993700
0.936000 0.993688
0.940000 0.993676
0.944000 0.993664
0.948000 0.993652
0.952000 0.993640
0.956000 0.993628
0.960000 0.993616
0.964000 0.993604
0.968000 0.993591
0.972000 0.993578
0.976000 0.993565
0.980000 0.993551
0.984000 0.993536
0.988000 0.993519
0.992000 0.993500
0.996000 0.993478
1.000000 0.993451
