-1.000000 0.994892
-0.996000 0.994892
-0.992000 0.994892
-0.988000 0.994892
-0.984000 0.994892
-0.980000 0.994892
-0.976000 0.994892
-0.972000 0.994892
-0.968000 0.994892
-0.964000 0.994892
-0.960000 0.994892
-0.956000 0.994892
-0.952000 0.994892
-0.948000 0.994892
-0.944000 0.994892
-0.940000 0.994892
-0.936000 0.994892
-0.932000 0.994892
-0.928000 0.994892
-0.924000 0.994892
-0.920000 0.994892
-0.916000 0.994892
-0.912000 0.994892
-0.908000 0.994892
-0.904000 0.994892
-0.900000 0.994892
-0.896000 0.994892
-0.892000 0.994892
-0.888000 0.994892
-0.884000 0.994892
-0.880000 0.994892
-0.876000 0.994892
-0.872000 0.994892
-0.868000 0.994892
-0.864000 0.994892
-0.860000 0.994892
-0.856000 0.994892
-0.852000 0.994892
-0.848000 0.994892
-0.844000 0.994892
-0.840000 0.994892
-0.836000 0.994892
-0.832000 0.994892
-0.828000 0.994892
-0.824000 0.994892
-0.820000 0.994892
-0.816000 0.994892
-0.812000 0.994892
-0.808000 0.994892
-0.804000 0.994892
-0.800000 0.994892
-0.796000 0.994892
-0.792000 0.994892
-0.788000 0.994892
-0.784000 0.994892
-0.780000 0.994892
-0.776000 0.994892
-0.772000 0.994892
-0.768000 0.994892
-0.764000 0.994892
-0.760000 0.994892
-0.756000 0.994892
-0.752000 0.994892
-0.748000 0.994892
-0.744000 0.994892
-0.740000 0.994892
-0.736000 0.994892
-0.732000 0.994892
-0.728000 0.994892
-0.724000 0.994892
-0.720000 0.994892
-0.716000 0.994892
-0.712000 0.994892
-0.708000 0.994892
-0.704000 0.994892
-0.700000 0.994892
-0.696000 0.994892
-0.692000 0.994892
-0.688000 0.994892
-0.684000 0.994892
-0.680000 0.994892
-0.676000 0.994892
-0.672000 0.994892
-0.668000 0.994892
-0.664000 0.994892
-0.660000 0.994892
-0.656000 0.994892
-0.652000 0.994892
-0.648000 0.994892
-0.644000 0.994892
-0.640000 0.994892
-0.636000 0.994892
-0.632000 0.994892
-0.628000 0.994892
-0.624000 0.994892
-0.620000 0.994892
-0.616000 0.994892
-0.612000 0.994892
-0.608000 0.994892
-0.604000 0.994892
-0.600000 0.994892
-0.596000 0.994892
-0.592000 0.994892
-0.588000 0.994892
-0.584000 0.994892
-0.580000 0.994892
-0.576000 0.994892
-0.572000 0.994892
-0.568000 0.994892
-0.564000 0.994892
-0.560000 0.994892
-0.556000 0.994892
-0.552000 0.994892
-0.548000 0.994892
-0.544000 0.994892
-0.540000 0.994892
-0.536000 0.994892
-0.532000 0.994892
-0.528000 0.994892
-0.524000 0.994892
-0.520000 0.994892
-0.516000 0.994892
-0.512000 0.994892
-0.508000 0.994892
-0.504000 0.994892
-0.500000 0.994892
-0.496000 0.994892
-0.492000 0.994892
-0.488000 0.994892
-0.484000 0.994892
-0.480000 0.994892
-0.476000 0.994892
-0.472000 0.994892
-0.468000 0.994892
-0.464000 0.994892
-0.460000 0.994892
-0.456000 0.994892
-0.452000 0.994892
-0.448000 0.994892
-0.444000 0.994892
-0.440000 0.994892
-0.436000 0.994892
-0.432000 0.994892
-0.428000 0.994892
-0.424000 0.994892
-0.420000 0.994892
-0.416000 0.994892
-0.412000 0.994892
-0.408000 0.994892
-0.404000 0.994892
-0.400000 0.994892
-0.396000 0.994892
-0.392000 0.994892
-0.388000 0.994892
-0.384000 0.994892
-0.380000 0.994892
-0.376000 0.994892
-0.372000 0.994892
-0.368000 0.994892
-0.364000 0.994892
-0.360000 0.994892
-0.356000 0.994892
-0.352000 0.994892
-0.348000 0.994891
-0.344000 0.994891
-0.340000 0.994891
-0.336000 0.994891
-0.332000 0.994891
-0.328000 0.994891
-0.324000 0.994891
-0.320000 0.994891
-0.316000 0.994891
-0.312000 0.994891
-0.308000 0.994891
-0.304000 0.994891
-0.300000 0.994891
-0.296000 0.994891
-0.292000 0.994890
-0.288000 0.994890
-0.284000 0.994890
-0.280000 0.994890
-0.276000 0.994890
-0.272000 0.994890
-0.268000 0.994890
-0.264000 0.994889
-0.260000 0.994889
-0.256000 0.994889
-0.252000 0.994889
-0.248000 0.994889
-0.244000 0.994888
-0.240000 0.994888
-0.236000 0.994888
-0.232000 0.994887
-0.228000 0.994887
-0.224000 0.994887
-0.220000 0.994886
-0.216000 0.994886
-0.212000 0.994886
-0.208000 0.994885
-0.204000 0.994885
-0.200000 0.994884
-0.196000 0.994884
-0.192000 0.994883
-0.188000 0.994883
-0.184000 0.994882
-0.180000 0.994882
-0.176000 0.994881
-0.172000 0.994880
-0.168000 0.994880
-0.164000 0.994879
-0.160000 0.994878
-0.156000 0.994877
-0.152000 0.994876
-0.148000 0.994875
-0.144000 0.994874
-0.140000 0.994873
-0.136000 0.994872
-0.132000 0.994871
-0.128000 0.994870
-0.124000 0.994869
-0.120000 0.994867
-0.116000 0.994866
-0.112000 0.994865
-0.108000 0.994863
-0.104000 0.994862
-0.100000 0.994860
-0.096000 0.994858
-0.092000 0.994856
-0.088000 0.994855
-0.084000 0.994853
-0.080000 0.994851
-0.076000 0.994848
-0.072000 0.994846
-0.068000 0.994844
-0.064000 0.994842
-0.060000 0.994839
-0.056000 0.994837
-0.052000 0.994834
-0.048000 0.994831
-0.044000 0.994828
-0.040000 0.994825
-0.036000 0.994822
-0.032000 0.994819
-0.028000 0.994815
-0.024000 0.994812
-0.020000 0.994808
-0.016000 0.994805
-0.012000 0.994801
-0.008000 0.994797
-0.004000 0.994793
0.000000 0.994789
0.004000 0.994784
0.008000 0.994780
0.012000 0.994775
0.016000 0.994770
0.020000 0.994765
0.024000 0.994760
0.028000 0.994755
0.032000 0.994749
0.036000 0.994744
0.040000 0.994738
0.044000 0.994732
0.048000 0.994726
0.052000 0.994720
0.056000 0.994714
0.060000 0.994707
0.064000 0.994700
0.068000 0.994693
0.072000 0.994686
0.076000 0.994679
0.080000 0.994671
0.084000 0.994664
0.088000 0.994656
0.092000 0.994648
0.096000 0.994640
0.100000 0.994632
0.104000 0.994623
0.108000 0.994614
0.112000 0.994606
0.116000 0.994596
0.120000 0.994587
0.124000 0.994578
0.128000 0.994568
0.132000 0.994558
0.136000 0.994548
0.140000 0.994538
0.144000 0.994528
0.148000 0.994518
0.152000 0.994507
0.156000 0.994496
0.160000 0.994485
0.164000 0.994474
0.168000 0.994463
0.172000 0.994451
0.176000 0.994439
0.180000 0.994427
0.184000 0.994415
0.188000 0.994403
0.192000 0.994391
0.196000 0.994379
0.200000 0.994366
0.204000 0.994353
0.208000 0.994340
0.212000 0.994327
0.216000 0.994314
0.220000 0.994301
0.224000 0.994287
0.228000 0.994274
0.232000 0.994260
0.236000 0.994246
0.240000 0.994233
0.244000 0.994219
0.248000 0.994205
0.252000 0.994190
0.256000 0.994176
0.260000 0.994162
0.264000 0.994147
0.268000 0.994133
0.272000 0.994118
0.276000 0.994104
0.280000 0.994089
0.284000 0.994074
0.288000 0.994059
0.292000 0.994045
0.296000 0.994030
0.300000 0.994015
0.304000 0.994000
0.308000 0.993985
0.312000 0.993970
0.316000 0.993955
0.320000 0.993940
0.324000 0.993925
0.328000 0.993910
0.332000 0.993895
0.336000 0.993880
0.340000 0.993865
0.344000 0.993850
0.348000 0.993835
0.352000 0.993820
0.356000 0.993806
0.360000 0.993791
0.364000 0.993776
0.368000 0.993762
0.372000 0.993747
0.376000 0.993733
0.380000 0.993718
0.384000 0.993704
0.388000 0.993689
0.392000 0.993675
0.396000 0.993661
0.400000 0.993647
0.404000 0.993633
0.408000 0.993619
0.412000 0.993606
0.416000 0.993592
0.420000 0.993579
0.424000 0.993565
0.428000 0.993552
0.432000 0.993539
0.436000 0.993526
0.440000 0.993513
0.444000 0.993501
0.448000 0.993488
0.452000 0.993476
0.456000 0.993463
0.460000 0.993451
0.464000 0.993439
0.468000 0.993427
0.472000 0.993416
0.476000 0.993404
0.480000 0.993393
0.484000 0.993381
0.488000 0.993370
0.492000 0.993359
0.496000 0.993349
0.500000 0.993338
0.504000 0.993328
0.508000 0.993317
0.512000 0.993307
0.516000 0.993297
0.520000 0.993288
0.524000 0.993278
0.528000 0.993269
0.532000 0.993259
0.536000 0.993250
0.540000 0.993241
0.544000 0.993232
0.548000 0.993224
0.552000 0.993215
0.556000 0.993207
0.560000 0.993199
0.564000 0.993191
0.568000 0.993183
0.572000 0.993176
0.576000 0.993168
0.580000 0.993161
0.584000 0.993154
0.588000 0.993147
0.592000 0.993140
0.596000 0.993133
0.600000 0.993127
0.604000 0.993120
0.608000 0.993114
0.612000 0.993108
0.616000 0.993102
0.620000 0.993096
0.624000 0.993091
0.628000 0.993085
0.632000 0.993080
0.636000 0.993074
0.640000 0.993069
0.644000 0.993064
0.648000 0.993060
0.652000 0.993055
0.656000 0.993050
0.660000 0.993046
0.664000 0.993041
0.668000 0.993037
0.672000 0.993033
0.676000 0.993029
0.680000 0.993025
0.684000 0.993021
0.688000 0.993018
0.692000 0.993014
0.696000 0.993011
0.700000 0.993007
0.704000 0.993004
0.708000 0.993001
0.712000 0.992998
0.716000 0.992995
0.720000 0.992992
0.724000 0.992990
0.728000 0.992987
0.732000 0.992984
0.736000 0.992982
0.740000 0.992979
0.744000 0.992977
0.748000 0.992975
0.752000 0.992973
0.756000 0.992970
0.760000 0.992968
0.764000 0.992966
0.768000 0.992964
0.772000 0.992963
0.776000 0.992961
0.780000 0.992959
0.784000 0.992958
0.788000 0.992956
0.792000 0.992954
0.796000 0.992953
0.800000 0.992951
0.804000 0.992950
0.808000 0.992949
0.812000 0.992948
0.816000 0.992946
0.820000 0.992945
0.824000 0.992944
0.828000 0.992943
0.832000 0.992942
0.836000 0.992941
0.840000 0.992940
0.844000 0.992939
0.848000 0.992938
0.852000 0.992937
0.856000 0.992936
0.860000 0.992936
0.864000 0.992935
0.868000 0.992934
0.872000 0.992933
0.876000 0.992933
0.880000 0.992932
0.884000 0.992932
0.888000 0.992931
0.892000 0.992930
0.896000 0.992930
0.900000 0.992929
0.904000 0.992929
0.908000 0.992928
0.912000 0.992928
0.916000 0.992927
0.920000 0.992927
0.924000 0.992927
0.928000 0.992926
0.932000 0.992926
0.936000 0.992926
0.940000 0.992925
0.944000 0.992925
0.948000 0.992925
0.952000 0.992924
0.956000 0.992924
0.960000 0.992924
0.964000 0.992924
0.968000 0.992923
0.972000 0.992923
0.976000 0.992923
0.980000 0.992923
0.984000 0.992922
0.988000 0.992922
0.992000 0.992922
0.996000 0.992922
1.000000 0.992921
