-1.000000 0.994892
-0.996000 0.994892
-0.992000 0.994892
-0.988000 0.994892
-0.984000 0.994892
-0.980000 0.994892
-0.976000 0.994892
-0.972000 0.994892
-0.968000 0.994892
-0.964000 0.994892
-0.960000 0.994892
-0.956000 0.994892
-0.952000 0.994892
-0.948000 0.994892
-0.944000 0.994892
-0.940000 0.994892
-0.936000 0.994892
-0.932000 0.994892
-0.928000 0.994892
-0.924000 0.994892
-0.920000 0.994892
-0.916000 0.994892
-0.912000 0.994892
-0.908000 0.994892
-0.904000 0.994892
-0.900000 0.994892
-0.896000 0.994892
-0.892000 0.994892
-0.888000 0.994892
-0.884000 0.994892
-0.880000 0.994892
-0.876000 0.994892
-0.872000 0.994892
-0.868000 0.994892
-0.864000 0.994892
-0.860000 0.994892
-0.856000 0.994892
-0.852000 0.994892
-0.848000 0.994892
-0.844000 0.994892
-0.840000 0.994892
-0.836000 0.994892
-0.832000 0.994892
-0.828000 0.994892
-0.824000 0.994892
-0.820000 0.994892
-0.816000 0.994892
-0.812000 0.994892
-0.808000 0.994892
-0.804000 0.994892
-0.800000 0.994892
-0.796000 0.994892
-0.792000 0.994892
-0.788000 0.994892
-0.784000 0.994892
-0.780000 0.994892
-0.776000 0.994892
-0.772000 0.994892
-0.768000 0.994892
-0.764000 0.994892
-0.760000 0.994892
-0.756000 0.994892
-0.752000 0.994892
-0.748000 0.994892
-0.744000 0.994892
-0.740000 0.994892
-0.736000 0.994892
-0.732000 0.994892
-0.728000 0.994892
-0.724000 0.994892
-0.720000 0.994892
-0.716000 0.994892
-0.712000 0.994892
-0.708000 0.994892
-0.704000 0.994892
-0.700000 0.994892
-0.696000 0.994892
-0.692000 0.994892
-0.688000 0.994892
-0.684000 0.994892
-0.680000 0.994892
-0.676000 0.994892
-0.672000 0.994892
-0.668000 0.994892
-0.664000 0.994892
-0.660000 0.994892
-0.656000 0.994892
-0.652000 0.994892
-0.648000 0.994892
-0.644000 0.994892
-0.640000 0.994892
-0.636000 0.994892
-0.632000 0.994892
-0.628000 0.994892
-0.624000 0.994892
-0.620000 0.994892
-0.616000 0.994892
-0.612000 0.994892
-0.608000 0.994892
-0.604000 0.994892
-0.600000 0.994892
-0.596000 0.994892
-0.592000 0.994892
-0.588000 0.994892
-0.584000 0.994891
-0.580000 0.994891
-0.576000 0.994891
-0.572000 0.994891
-0.568000 0.994891
-0.564000 0.994891
-0.560000 0.994891
-0.556000 0.994891
-0.552000 0.994891
-0.548000 0.994891
-0.544000 0.994891
-0.540000 0.994891
-0.536000 0.994890
-0.532000 0.994890
-0.528000 0.994890
-0.524000 0.994890
-0.520000 0.994890
-0.516000 0.994890
-0.512000 0.994889
-0.508000 0.994889
-0.504000 0.994889
-0.500000 0.994889
-0.496000 0.994888
-0.492000 0.994888
-0.488000 0.994888
-0.484000 0.994887
-0.480000 0.994887
-0.476000 0.994886
-0.472000 0.994886
-0.468000 0.994885
-0.464000 0.994885
-0.460000 0.994884
-0.456000 0.994884
-0.452000 0.994883
-0.448000 0.994883
-0.444000 0.994882
-0.440000 0.994881
-0.436000 0.994880
-0.432000 0.994879
-0.428000 0.994878
-0.424000 0.994877
-0.420000 0.994876
-0.416000 0.994875
-0.412000 0.994874
-0.408000 0.994873
-0.404000 0.994872
-0.400000 0.994870
-0.396000 0.994869
-0.392000 0.994867
-0.388000 0.994866
-0.384000 0.994864
-0.380000 0.994862
-0.376000 0.994860
-0.372000 0.994858
-0.368000 0.994856
-0.364000 0.994854
-0.360000 0.994851
-0.356000 0.994849
-0.352000 0.994846
-0.348000 0.994844
-0.344000 0.994841
-0.340000 0.994838
-0.336000 0.994835
-0.332000 0.994832
-0.328000 0.994828
-0.324000 0.994825
-0.320000 0.994821
-0.316000 0.994817
-0.312000 0.994813
-0.308000 0.994809
-0.304000 0.994805
-0.300000 0.994800
-0.296000 0.994795
-0.292000 0.994790
-0.288000 0.994785
-0.284000 0.994780
-0.280000 0.994775
-0.276000 0.994769
-0.272000 0.994763
-0.268000 0.994757
-0.264000 0.994751
-0.260000 0.994744
-0.256000 0.994737
-0.252000 0.994730
-0.248000 0.994723
-0.244000 0.994716
-0.240000 0.994708
-0.236000 0.994700
-0.232000 0.994692
-0.228000 0.994684
-0.224000 0.994675
-0.220000 0.994666
-0.216000 0.994657
-0.212000 0.994648
-0.208000 0.994638
-0.204000 0.994628
-0.200000 0.994618
-0.196000 0.994608
-0.192000 0.994597
-0.188000 0.994587
-0.184000 0.994576
-0.180000 0.994564
-0.176000 0.994553
-0.172000 0.994541
-0.168000 0.994529
-0.164000 0.994517
-0.160000 0.994504
-0.156000 0.994491
-0.152000 0.994478
-0.148000 0.994465
-0.144000 0.994452
-0.140000 0.994438
-0.136000 0.994424
-0.132000 0.994410
-0.128000 0.994396
-0.124000 0.994382
-0.120000 0.994367
-0.116000 0.994352
-0.112000 0.994337
-0.108000 0.994322
-0.104000 0.994306
-0.100000 0.994291
-0.096000 0.994275
-0.092000 0.994259
-0.088000 0.994243
-0.084000 0.994227
-0.080000 0.994210
-0.076000 0.994194
-0.072000 0.994177
-0.068000 0.994161
-0.064000 0.994144
-0.060000 0.994127
-0.056000 0.994110
-0.052000 0.994093
-0.048000 0.994076
-0.044000 0.994058
-0.040000 0.994041
-0.036000 0.994024
-0.032000 0.994007
-0.028000 0.993989
-0.024000 0.993972
-0.020000 0.993954
-0.016000 0.993937
-0.012000 0.993920
-0.008000 0.993902
-0.004000 0.993885
0.000000 0.993867
0.004000 0.993850
0.008000 0.993833
0.012000 0.993816
0.016000 0.993799
0.020000 0.993781
0.024000 0.993764
0.028000 0.993748
0.032000 0.993731
0.036000 0.993714
0.040000 0.993697
0.044000 0.993681
0.048000 0.993665
0.052000 0.993648
0.056000 0.993632
0.060000 0.993616
0.064000 0.993600
0.068000 0.993585
0.072000 0.993569
0.076000 0.993554
0.080000 0.993539
0.084000 0.993524
0.088000 0.993509
0.092000 0.993494
0.096000 0.993480
0.100000 0.993466
0.104000 0.993452
0.108000 0.993438
0.112000 0.993424
0.116000 0.993411
0.120000 0.993397
0.124000 0.993384
0.128000 0.993372
0.132000 0.993359
0.136000 0.993347
0.140000 0.993334
0.144000 0.993322
0.148000 0.993311
0.152000 0.993299
0.156000 0.993288
0.160000 0.993277
0.164000 0.993266
0.168000 0.993255
0.172000 0.993245
0.176000 0.993235
0.180000 0.993225
0.184000 0.993215
0.188000 0.993206
0.192000 0.993196
0.196000 0.993187
0.200000 0.993178
0.204000 0.993170
0.208000 0.993161
0.212000 0.993153
0.216000 0.993145
0.220000 0.993137
0.224000 0.993130
0.228000 0.993122
0.232000 0.993115
0.236000 0.993108
0.240000 0.993101
0.244000 0.993095
0.248000 0.993088
0.252000 0.993082
0.256000 0.993076
0.260000 0.993070
0.264000 0.993064
0.268000 0.993059
0.272000 0.993053
0.276000 0.993048
0.280000 0.993043
0.284000 0.993038
0.288000 0.993033
0.292000 0.993029
0.296000 0.993024
0.300000 0.993020
0.304000 0.993016
0.308000 0.993012
0.312000 0.993008
0.316000 0.993004
0.320000 0.993001
0.324000 0.992997
0.328000 0.992994
0.332000 0.992991
0.336000 0.992988
0.340000 0.992985
0.344000 0.992982
0.348000 0.992979
0.352000 0.992976
0.356000 0.992974
0.360000 0.992971
0.364000 0.992969
0.368000 0.992967
0.372000 0.992965
0.376000 0.992962
0.380000 0.992960
0.384000 0.992958
0.388000 0.992957
0.392000 0.992955
0.396000 0.992953
0.400000 0.992952
0.404000 0.992950
0.408000 0.992948
0.412000 0.992947
0.416000 0.992946
0.420000 0.992944
0.424000 0.992943
0.428000 0.992942
0.432000 0.992941
0.436000 0.992940
0.440000 0.992939
0.444000 0.992938
0.448000 0.992937
0.452000 0.992936
0.456000 0.992935
0.460000 0.992934
0.464000 0.992933
0.468000 0.992933
0.472000 0.992932
0.476000 0.992931
0.480000 0.992930
0.484000 0.992930
0.488000 0.992929
0.492000 0.992929
0.496000 0.992928
0.500000 0.992928
0.504000 0.992927
0.508000 0.992927
0.512000 0.992926
0.516000 0.992926
0.520000 0.992926
0.524000 0.992925
0.528000 0.992925
0.532000 0.992924
0.536000 0.992924
0.540000 0.992924
0.544000 0.992924
0.548000 0.992923
0.552000 0.992923
0.556000 0.992923
0.560000 0.992923
0.564000 0.992922
0.568000 0.992922
0.572000 0.992922
0.576000 0.992922
0.580000 0.992922
0.584000 0.992922
0.588000 0.992921
0.592000 0.992921
0.596000 0.992921
0.600000 0.992921
0.604000 0.992921
0.608000 0.992921
0.612000 0.992921
0.616000 0.992921
0.620000 0.992920
0.624000 0.992920
0.628000 0.992920
0.632000 0.992920
0.636000 0.992920
0.640000 0.992920
0.644000 0.992920
0.648000 0.992920
0.652000 0.992920
0.656000 0.992920
0.660000 0.992920
0.664000 0.992920
0.668000 0.992920
0.672000 0.992920
0.676000 0.992920
0.680000 0.992920
0.684000 0.992919
0.688000 0.992919
0.692000 0.992919
0.696000 0.992919
0.700000 0.992919
0.704000 0.992919
0.708000 0.992919
0.712000 0.992919
0.716000 0.992919
0.720000 0.992919
0.724000 0.992919
0.728000 0.992919
0.732000 0.992919
0.736000 0.992919
0.740000 0.992919
0.744000 0.992919
0.748000 0.992919
0.752000 0.992919
0.756000 0.992919
0.760000 0.992919
0.764000 0.992919
0.768000 0.992919
0.772000 0.992919
0.776000 0.992919
0.780000 0.992919
0.784000 0.992919
0.788000 0.992919
0.792000 0.992919
0.796000 0.992919
0.800000 0.992919
0.804000 0.992919
0.808000 0.992919
0.812000 0.992919
0.816000 0.992919
0.820000 0.992919
0.824000 0.992919
0.828000 0.992919
0.832000 0.992919
0.836000 0.992919
0.840000 0.992919
0.844000 0.992919
0.848000 0.992919
0.852000 0.992919
0.856000 0.992919
0.860000 0.992919
0.864000 0.992919
0.868000 0.992919
0.872000 0.992919
0.876000 0.992919
0.880000 0.992919
0.884000 0.992919
0.888000 0.992919
0.892000 0.992919
0.896000 0.992919
0.900000 0.992919
0.904000 0.992919
0.908000 0.992919
0.912000 0.992919
0.916000 0.992919
0.920000 0.992919
0.924000 0.992919
0.928000 0.992919
0.932000 0.992919
0.936000 0.992919
0.940000 0.992919
0.944000 0.992919
0.948000 0.992919
0.952000 0.992919
0.956000 0.992919
0.960000 0.992919
0.964000 0.992919
0.968000 0.992919
0.972000 0.992919
0.976000 0.992919
0.980000 0.992919
0.984000 0.992919
0.988000 0.992919
0.992000 0.992919
0.996000 0.992919
1.000000 0.992919
