-1.000000 0.992919
-0.996000 0.992919
-0.992000 0.992919
-0.988000 0.992919
-0.984000 0.992919
-0.980000 0.992919
-0.976000 0.992919
-0.972000 0.992919
-0.968000 0.992919
-0.964000 0.992919
-0.960000 0.992919
-0.956000 0.992919
-0.952000 0.992919
-0.948000 0.992919
-0.944000 0.992919
-0.940000 0.992919
-0.936000 0.992919
-0.932000 0.992919
-0.928000 0.992919
-0.924000 0.992919
-0.920000 0.992919
-0.916000 0.992919
-0.912000 0.992919
-0.908000 0.992919
-0.904000 0.992919
-0.900000 0.992919
-0.896000 0.992919
-0.892000 0.992919
-0.888000 0.992919
-0.884000 0.992919
-0.880000 0.992919
-0.876000 0.992919
-0.872000 0.992919
-0.868000 0.992919
-0.864000 0.992919
-0.860000 0.992919
-0.856000 0.992919
-0.852000 0.992919
-0.848000 0.992919
-0.844000 0.992919
-0.840000 0.992919
-0.836000 0.992919
-0.832000 0.992919
-0.828000 0.992919
-0.824000 0.992919
-0.820000 0.992920
-0.816000 0.992920
-0.812000 0.992920
-0.808000 0.992920
-0.804000 0.992920
-0.800000 0.992920
-0.796000 0.992920
-0.792000 0.992920
-0.788000 0.992921
-0.784000 0.992921
-0.780000 0.992921
-0.776000 0.992921
-0.772000 0.992922
-0.768000 0.992922
-0.764000 0.992922
-0.760000 0.992923
-0.756000 0.992923
-0.752000 0.992924
-0.748000 0.992924
-0.744000 0.992925
-0.740000 0.992926
-0.736000 0.992926
-0.732000 0.992927
-0.728000 0.992928
-0.724000 0.992929
-0.720000 0.992930
-0.716000 0.992931
-0.712000 0.992933
-0.708000 0.992934
-0.704000 0.992936
-0.700000 0.992938
-0.696000 0.992940
-0.692000 0.992942
-0.688000 0.992944
-0.684000 0.992946
-0.680000 0.992949
-0.676000 0.992952
-0.672000 0.992955
-0.668000 0.992958
-0.664000 0.992962
-0.660000 0.992966
-0.656000 0.992970
-0.652000 0.992975
-0.648000 0.992980
-0.644000 0.992985
-0.640000 0.992991
-0.636000 0.992997
-0.632000 0.993004
-0.628000 0.993011
-0.624000 0.993018
-0.620000 0.993026
-0.616000 0.993035
-0.612000 0.993044
-0.608000 0.993053
-0.604000 0.993064
-0.600000 0.993075
-0.596000 0.993086
-0.592000 0.993098
-0.588000 0.993111
-0.584000 0.993125
-0.580000 0.993140
-0.576000 0.993155
-0.572000 0.993171
-0.568000 0.993188
-0.564000 0.993206
-0.560000 0.993225
-0.556000 0.993244
-0.552000 0.993265
-0.548000 0.993287
-0.544000 0.993309
-0.540000 0.993333
-0.536000 0.993358
-0.532000 0.993384
-0.528000 0.993411
-0.524000 0.993439
-0.520000 0.993468
-0.516000 0.993499
-0.512000 0.993531
-0.508000 0.993564
-0.504000 0.993598
-0.500000 0.993633
-0.496000 0.993670
-0.492000 0.993708
-0.488000 0.993747
-0.484000 0.993787
-0.480000 0.993829
-0.476000 0.993872
-0.472000 0.993917
-0.468000 0.993962
-0.464000 0.994009
-0.460000 0.994057
-0.456000 0.994107
-0.452000 0.994158
-0.448000 0.994210
-0.444000 0.994263
-0.440000 0.994317
-0.436000 0.994373
-0.432000 0.994430
-0.428000 0.994488
-0.424000 0.994547
-0.420000 0.994607
-0.416000 0.994669
-0.412000 0.994731
-0.408000 0.994795
-0.404000 0.994859
-0.400000 0.994925
-0.396000 0.994991
-0.392000 0.995058
-0.388000 0.995126
-0.384000 0.995195
-0.380000 0.995265
-0.376000 0.995335
-0.372000 0.995406
-0.368000 0.995478
-0.364000 0.995550
-0.360000 0.995623
-0.356000 0.995696
-0.352000 0.995769
-0.348000 0.995843
-0.344000 0.995917
-0.340000 0.995992
-0.336000 0.996067
-0.332000 0.996141
-0.328000 0.996216
-0.324000 0.996291
-0.320000 0.996366
-0.316000 0.996441
-0.312000 0.996516
-0.308000 0.996590
-0.304000 0.996665
-0.300000 0.996739
-0.296000 0.996813
-0.292000 0.996886
-0.288000 0.996959
-0.284000 0.997032
-0.280000 0.997104
-0.276000 0.997175
-0.272000 0.997246
-0.268000 0.997316
-0.264000 0.997386
-0.260000 0.997455
-0.256000 0.997523
-0.252000 0.997590
-0.248000 0.997657
-0.244000 0.997723
-0.240000 0.997787
-0.236000 0.997851
-0.232000 0.997914
-0.228000 0.997976
-0.224000 0.998037
-0.220000 0.998097
-0.216000 0.998156
-0.212000 0.998214
-0.208000 0.998271
-0.204000 0.998327
-0.200000 0.998381
-0.196000 0.998435
-0.192000 0.998487
-0.188000 0.998539
-0.184000 0.998589
-0.180000 0.998638
-0.176000 0.998686
-0.172000 0.998733
-0.168000 0.998778
-0.164000 0.998823
-0.160000 0.998866
-0.156000 0.998909
-0.152000 0.998950
-0.148000 0.998990
-0.144000 0.999029
-0.140000 0.999067
-0.136000 0.999103
-0.132000 0.999139
-0.128000 0.999174
-0.124000 0.999207
-0.120000 0.999240
-0.116000 0.999271
-0.112000 0.999302
-0.108000 0.999331
-0.104000 0.999360
-0.100000 0.999388
-0.096000 0.999414
-0.092000 0.999440
-0.088000 0.999465
-0.084000 0.999489
-0.080000 0.999512
-0.076000 0.999534
-0.072000 0.999556
-0.068000 0.999576
-0.064000 0.999596
-0.060000 0.999615
-0.056000 0.999633
-0.052000 0.999651
-0.048000 0.999668
-0.044000 0.999684
-0.040000 0.999700
-0.036000 0.999714
-0.032000 0.999729
-0.028000 0.999742
-0.024000 0.999755
-0.020000 0.999768
-0.016000 0.999780
-0.012000 0.999791
-0.008000 0.999802
-0.004000 0.999813
0.000000 0.999823
0.004000 0.999832
0.008000 0.999841
0.012000 0.999850
0.016000 0.999858
0.020000 0.999866
0.024000 0.999873
0.028000 0.999880
0.032000 0.999887
0.036000 0.999893
0.040000 0.999899
0.044000 0.999905
0.048000 0.999911
0.052000 0.999916
0.056000 0.999921
0.060000 0.999925
0.064000 0.999930
0.068000 0.999934
0.072000 0.999938
0.076000 0.999942
0.080000 0.999945
0.084000 0.999949
0.088000 0.999952
0.092000 0.999955
0.096000 0.999957
0.100000 0.999960
0.104000 0.999963
0.108000 0.999965
0.112000 0.999967
0.116000 0.999969
0.120000 0.999971
0.124000 0.999973
0.128000 0.999975
0.132000 0.999976
0.136000 0.999978
0.140000 0.999979
0.144000 0.999981
0.148000 0.999982
0.152000 0.999983
0.156000 0.999984
0.160000 0.999985
0.164000 0.999986
0.168000 0.999987
0.172000 0.999988
0.176000 0.999989
0.180000 0.999990
0.184000 0.999991
0.188000 0.999991
0.192000 0.999992
0.196000 0.999992
0.200000 0.999993
0.204000 0.999993
0.208000 0.999994
0.212000 0.999994
0.216000 0.999995
0.220000 0.999995
0.224000 0.999995
0.228000 0.999996
0.232000 0.999996
0.236000 0.999996
0.240000 0.999997
0.244000 0.999997
0.248000 0.999997
0.252000 0.999997
0.256000 0.999998
0.260000 0.999998
0.264000 0.999998
0.268000 0.999998
0.272000 0.999998
0.276000 0.999998
0.280000 0.999998
0.284000 0.999999
0.288000 0.999999
0.292000 0.999999
0.296000 0.999999
0.300000 0.999999
0.304000 0.999999
0.308000 0.999999
0.312000 0.999999
0.316000 0.999999
0.320000 0.999999
0.324000 0.999999
0.328000 0.999999
0.332000 0.999999
0.336000 1.000000
0.340000 1.000000
0.344000 1.000000
0.348000 1.000000
0.352000 1.000000
0.356000 1.000000
0.360000 1.000000
0.364000 1.000000
0.368000 1.000000
0.372000 1.000000
0.376000 1.000000
0.380000 1.000000
0.384000 1.000000
0.388000 1.000000
0.392000 1.000000
0.396000 1.000000
0.400000 1.000000
0.404000 1.000000
0.408000 1.000000
0.412000 1.000000
0.416000 1.000000
0.420000 1.000000
0.424000 1.000000
0.428000 1.000000
0.432000 1.000000
0.436000 1.000000
0.440000 1.000000
0.444000 1.000000
0.448000 1.000000
0.452000 1.000000
0.456000 1.000000
0.460000 1.000000
0.464000 1.000000
0.468000 1.000000
0.472000 1.000000
0.476000 1.000000
0.480000 1.000000
0.484000 1.000000
0.488000 1.000000
0.492000 1.000000
0.496000 1.000000
0.500000 1.000000
0.504000 1.000000
0.508000 1.000000
0.512000 1.000000
0.516000 1.000000
0.520000 1.000000
0.524000 1.000000
0.528000 1.000000
0.532000 1.000000
0.536000 1.000000
0.540000 1.000000
0.544000 1.000000
0.548000 1.000000
0.552000 1.000000
0.556000 1.000000
0.560000 1.000000
0.564000 1.000000
0.568000 1.000000
0.572000 1.000000
0.576000 1.000000
0.580000 1.000000
0.584000 1.000000
0.588000 1.000000
0.592000 1.000000
0.596000 1.000000
0.600000 1.000000
0.604000 1.000000
0.608000 1.000000
0.612000 1.000000
0.616000 1.000000
0.620000 1.000000
0.624000 1.000000
0.628000 1.000000
0.632000 1.000000
0.636000 1.000000
0.640000 1.000000
0.644000 1.000000
0.648000 1.000000
0.652000 1.000000
0.656000 1.000000
0.660000 1.000000
0.664000 1.000000
0.668000 1.000000
0.672000 1.000000
0.676000 1.000000
0.680000 1.000000
0.684000 1.000000
0.688000 1.000000
0.692000 1.000000
0.696000 1.000000
0.700000 1.000000
0.704000 1.000000
0.708000 1.000000
0.712000 1.000000
0.716000 1.000000
0.720000 1.000000
0.724000 1.000000
0.728000 1.000000
0.732000 1.000000
0.736000 1.000000
0.740000 1.000000
0.744000 1.000000
0.748000 1.000000
0.752000 1.000000
0.756000 1.000000
0.760000 1.000000
0.764000 1.000000
0.768000 1.000000
0.772000 1.000000
0.776000 1.000000
0.780000 1.000000
0.784000 1.000000
0.788000 1.000000
0.792000 1.000000
0.796000 1.000000
0.800000 1.000000
0.804000 1.000000
0.808000 1.000000
0.812000 1.000000
0.816000 1.000000
0.820000 1.000000
0.824000 1.000000
0.828000 1.000000
0.832000 1.000000
0.836000 1.000000
0.840000 1.000000
0.844000 1.000000
0.848000 1.000000
0.852000 1.000000
0.856000 1.000000
0.860000 1.000000
0.864000 1.000000
0.868000 1.000000
0.872000 1.000000
0.876000 1.000000
0.880000 1.000000
0.884000 1.000000
0.888000 1.000000
0.892000 1.000000
0.896000 1.000000
0.900000 1.000000
0.904000 1.000000
0.908000 1.000000
0.912000 1.000000
0.916000 1.000000
0.920000 1.000000
0.924000 1.000000
0.928000 1.000000
0.932000 1.000000
0.936000 1.000000
0.940000 1.000000
0.944000 1.000000
0.948000 1.000000
0.952000 1.000000
0.956000 1.000000
0.960000 1.000000
0.964000 1.000000
0.968000 1.000000
0.972000 1.000000
0.976000 1.000000
0.980000 1.000000
0.984000 1.000000
0.988000 1.000000
0.992000 1.000000
0.996000 1.000000
1.000000 1.000000
