-1.000000 0.994892
-0.996000 0.994892
-0.992000 0.994892
-0.988000 0.994892
-0.984000 0.994892
-0.980000 0.994892
-0.976000 0.994892
-0.972000 0.994892
-0.968000 0.994892
-0.964000 0.994892
-0.960000 0.994892
-0.956000 0.994892
-0.952000 0.994892
-0.948000 0.994892
-0.944000 0.994892
-0.940000 0.994892
-0.936000 0.994892
-0.932000 0.994892
-0.928000 0.994892
-0.924000 0.994892
-0.920000 0.994892
-0.916000 0.994892
-0.912000 0.994892
-0.908000 0.994892
-0.904000 0.994892
-0.900000 0.994892
-0.896000 0.994892
-0.892000 0.994892
-0.888000 0.994892
-0.884000 0.994892
-0.880000 0.994892
-0.876000 0.994892
-0.872000 0.994892
-0.868000 0.994892
-0.864000 0.994892
-0.860000 0.994892
-0.856000 0.994892
-0.852000 0.994892
-0.848000 0.994892
-0.844000 0.994892
-0.840000 0.994892
-0.836000 0.994892
-0.832000 0.994892
-0.828000 0.994892
-0.824000 0.994892
-0.820000 0.994892
-0.816000 0.994892
-0.812000 0.994892
-0.808000 0.994892
-0.804000 0.994892
-0.800000 0.994892
-0.796000 0.994892
-0.792000 0.994892
-0.788000 0.994892
-0.784000 0.994892
-0.780000 0.994892
-0.776000 0.994892
-0.772000 0.994892
-0.768000 0.994892
-0.764000 0.994892
-0.760000 0.994892
-0.756000 0.994892
-0.752000 0.994892
-0.748000 0.994892
-0.744000 0.994892
-0.740000 0.994892
-0.736000 0.994892
-0.732000 0.994892
-0.728000 0.994892
-0.724000 0.994892
-0.720000 0.994892
-0.716000 0.994892
-0.712000 0.994892
-0.708000 0.994892
-0.704000 0.994892
-0.700000 0.994892
-0.696000 0.994892
-0.692000 0.994892
-0.688000 0.994892
-0.684000 0.994892
-0.680000 0.994892
-0.676000 0.994892
-0.672000 0.994892
-0.668000 0.994892
-0.664000 0.994892
-0.660000 0.994892
-0.656000 0.994892
-0.652000 0.994892
-0.648000 0.994892
-0.644000 0.994892
-0.640000 0.994892
-0.636000 0.994892
-0.632000 0.994892
-0.628000 0.994892
-0.624000 0.994892
-0.620000 0.994892
-0.616000 0.994892
-0.612000 0.994892
-0.608000 0.994892
-0.604000 0.994892
-0.600000 0.994892
-0.596000 0.994892
-0.592000 0.994892
-0.588000 0.994892
-0.584000 0.994892
-0.580000 0.994892
-0.576000 0.994892
-0.572000 0.994892
-0.568000 0.994892
-0.564000 0.994892
-0.560000 0.994892
-0.556000 0.994892
-0.552000 0.994892
-0.548000 0.994892
-0.544000 0.994892
-0.540000 0.994892
-0.536000 0.994892
-0.532000 0.994892
-0.528000 0.994892
-0.524000 0.994892
-0.520000 0.994892
-0.516000 0.994892
-0.512000 0.994892
-0.508000 0.994892
-0.504000 0.994892
-0.500000 0.994892
-0.496000 0.994892
-0.492000 0.994892
-0.488000 0.994892
-0.484000 0.994892
-0.480000 0.994892
-0.476000 0.994892
-0.472000 0.994892
-0.468000 0.994892
-0.464000 0.994892
-0.460000 0.994892
-0.456000 0.994892
-0.452000 0.994892
-0.448000 0.994892
-0.444000 0.994892
-0.440000 0.994892
-0.436000 0.994892
-0.432000 0.994892
-0.428000 0.994892
-0.424000 0.994892
-0.420000 0.994892
-0.416000 0.994892
-0.412000 0.994892
-0.408000 0.994892
-0.404000 0.994892
-0.400000 0.994892
-0.396000 0.994892
-0.392000 0.994892
-0.388000 0.994892
-0.384000 0.994892
-0.380000 0.994892
-0.376000 0.994892
-0.372000 0.994892
-0.368000 0.994892
-0.364000 0.994892
-0.360000 0.994892
-0.356000 0.994892
-0.352000 0.994892
-0.348000 0.994892
-0.344000 0.994892
-0.340000 0.994892
-0.336000 0.994892
-0.332000 0.994892
-0.328000 0.994892
-0.324000 0.994892
-0.320000 0.994892
-0.316000 0.994892
-0.312000 0.994892
-0.308000 0.994892
-0.304000 0.994892
-0.300000 0.994892
-0.296000 0.994892
-0.292000 0.994892
-0.288000 0.994892
-0.284000 0.994892
-0.280000 0.994892
-0.276000 0.994892
-0.272000 0.994892
-0.268000 0.994892
-0.264000 0.994892
-0.260000 0.994892
-0.256000 0.994892
-0.252000 0.994892
-0.248000 0.994892
-0.244000 0.994892
-0.240000 0.994892
-0.236000 0.994892
-0.232000 0.994892
-0.228000 0.994892
-0.224000 0.994892
-0.220000 0.994892
-0.216000 0.994892
-0.212000 0.994892
-0.208000 0.994892
-0.204000 0.994892
-0.200000 0.994892
-0.196000 0.994892
-0.192000 0.994892
-0.188000 0.994892
-0.184000 0.994892
-0.180000 0.994892
-0.176000 0.994892
-0.172000 0.994892
-0.168000 0.994892
-0.164000 0.994892
-0.160000 0.994892
-0.156000 0.994892
-0.152000 0.994892
-0.148000 0.994892
-0.144000 0.994892
-0.140000 0.994892
-0.136000 0.994892
-0.132000 0.994892
-0.128000 0.994892
-0.124000 0.994892
-0.120000 0.994892
-0.116000 0.994892
-0.112000 0.994892
-0.108000 0.994892
-0.104000 0.994892
-0.100000 0.994892
-0.096000 0.994892
-0.092000 0.994892
-0.088000 0.994892
-0.084000 0.994892
-0.080000 0.994892
-0.076000 0.994891
-0.072000 0.994891
-0.068000 0.994891
-0.064000 0.994891
-0.060000 0.994891
-0.056000 0.994891
-0.052000 0.994891
-0.048000 0.994891
-0.044000 0.994891
-0.040000 0.994891
-0.036000 0.994891
-0.032000 0.994891
-0.028000 0.994891
-0.024000 0.994891
-0.020000 0.994891
-0.016000 0.994891
-0.012000 0.994890
-0.008000 0.994890
-0.004000 0.994890
0.000000 0.994890
0.004000 0.994890
0.008000 0.994890
0.012000 0.994890
0.016000 0.994890
0.020000 0.994889
0.024000 0.994889
0.028000 0.994889
0.032000 0.994889
0.036000 0.994889
0.040000 0.994888
0.044000 0.994888
0.048000 0.994888
0.052000 0.994888
0.056000 0.994888
0.060000 0.994887
0.064000 0.994887
0.068000 0.994887
0.072000 0.994886
0.076000 0.994886
0.080000 0.994886
0.084000 0.994885
0.088000 0.994885
0.092000 0.994885
0.096000 0.994884
0.100000 0.994884
0.104000 0.994883
0.108000 0.994883
0.112000 0.994882
0.116000 0.994882
0.120000 0.994881
0.124000 0.994881
0.128000 0.994880
0.132000 0.994879
0.136000 0.994879
0.140000 0.994878
0.144000 0.994877
0.148000 0.994876
0.152000 0.994876
0.156000 0.994875
0.160000 0.994874
0.164000 0.994873
0.168000 0.994872
0.172000 0.994871
0.176000 0.994870
0.180000 0.994869
0.184000 0.994868
0.188000 0.994867
0.192000 0.994865
0.196000 0.994864
0.200000 0.994863
0.204000 0.994861
0.208000 0.994860
0.212000 0.994859
0.216000 0.994857
0.220000 0.994855
0.224000 0.994854
0.228000 0.994852
0.232000 0.994850
0.236000 0.994848
0.240000 0.994846
0.244000 0.994844
0.248000 0.994842
0.252000 0.994840
0.256000 0.994838
0.260000 0.994836
0.264000 0.994833
0.268000 0.994831
0.272000 0.994828
0.276000 0.994826
0.280000 0.994823
0.284000 0.994820
0.288000 0.994818
0.292000 0.994815
0.296000 0.994812
0.300000 0.994808
0.304000 0.994805
0.308000 0.994802
0.312000 0.994798
0.316000 0.994795
0.320000 0.994791
0.324000 0.994787
0.328000 0.994784
0.332000 0.994780
0.336000 0.994775
0.340000 0.994771
0.344000 0.994767
0.348000 0.994763
0.352000 0.994758
0.356000 0.994753
0.360000 0.994749
0.364000 0.994744
0.368000 0.994739
0.372000 0.994733
0.376000 0.994728
0.380000 0.994723
0.384000 0.994717
0.388000 0.994712
0.392000 0.994706
0.396000 0.994700
0.400000 0.994694
0.404000 0.994688
0.408000 0.994681
0.412000 0.994675
0.416000 0.994668
0.420000 0.994661
0.424000 0.994655
0.428000 0.994648
0.432000 0.994640
0.436000 0.994633
0.440000 0.994626
0.444000 0.994618
0.448000 0.994610
0.452000 0.994602
0.456000 0.994594
0.460000 0.994586
0.464000 0.994578
0.468000 0.994570
0.472000 0.994561
0.476000 0.994552
0.480000 0.994544
0.484000 0.994535
0.488000 0.994525
0.492000 0.994516
0.496000 0.994507
0.500000 0.994497
0.504000 0.994488
0.508000 0.994478
0.512000 0.994468
0.516000 0.994458
0.520000 0.994448
0.524000 0.994437
0.528000 0.994427
0.532000 0.994416
0.536000 0.994406
0.540000 0.994395
0.544000 0.994384
0.548000 0.994373
0.552000 0.994362
0.556000 0.994350
0.560000 0.994339
0.564000 0.994328
0.568000 0.994316
0.572000 0.994304
0.576000 0.994293
0.580000 0.994281
0.584000 0.994269
0.588000 0.994257
0.592000 0.994245
0.596000 0.994232
0.600000 0.994220
0.604000 0.994208
0.608000 0.994195
0.612000 0.994183
0.616000 0.994170
0.620000 0.994157
0.624000 0.994145
0.628000 0.994132
0.632000 0.994119
0.636000 0.994106
0.640000 0.994093
0.644000 0.994080
0.648000 0.994067
0.652000 0.994054
0.656000 0.994041
0.660000 0.994028
0.664000 0.994014
0.668000 0.994001
0.672000 0.993988
0.676000 0.993975
0.680000 0.993962
0.684000 0.993948
0.688000 0.993935
0.692000 0.993922
0.696000 0.993909
0.700000 0.993895
0.704000 0.993882
0.708000 0.993869
0.712000 0.993856
0.716000 0.993843
0.720000 0.993830
0.724000 0.993816
0.728000 0.993803
0.732000 0.993790
0.736000 0.993777
0.740000 0.993764
0.744000 0.993751
0.748000 0.993739
0.752000 0.993726
0.756000 0.993713
0.760000 0.993700
0.764000 0.993688
0.768000 0.993675
0.772000 0.993663
0.776000 0.993650
0.780000 0.993638
0.784000 0.993626
0.788000 0.993614
0.792000 0.993601
0.796000 0.993589
0.800000 0.993578
0.804000 0.993566
0.808000 0.993554
0.812000 0.993542
0.816000 0.993531
0.820000 0.993519
0.824000 0.993508
0.828000 0.993497
0.832000 0.993486
0.836000 0.993475
0.840000 0.993464
0.844000 0.993453
0.848000 0.993442
0.852000 0.993432
0.856000 0.993421
0.860000 0.993411
0.864000 0.993401
0.868000 0.993391
0.872000 0.993381
0.876000 0.993371
0.880000 0.993361
0.884000 0.993352
0.888000 0.993342
0.892000 0.993333
0.896000 0.993324
0.900000 0.993315
0.904000 0.993306
0.908000 0.993297
0.912000 0.993288
0.916000 0.993280
0.920000 0.993271
0.924000 0.993263
0.928000 0.993255
0.932000 0.993247
0.936000 0.993239
0.940000 0.993231
0.944000 0.993224
0.948000 0.993216
0.952000 0.993208
0.956000 0.993201
0.960000 0.993194
0.964000 0.993186
0.968000 0.993179
0.972000 0.993171
0.976000 0.993164
0.980000 0.993156
0.984000 0.993147
0.988000 0.993138
0.992000 0.993128
0.996000 0.993116
1.000000 0.993101
