-1.000000 0.994892
-0.996000 0.994892
-0.992000 0.994892
-0.988000 0.994892
-0.984000 0.994892
-0.980000 0.994892
-0.976000 0.994892
-0.972000 0.994892
-0.968000 0.994892
-0.964000 0.994892
-0.960000 0.994892
-0.956000 0.994892
-0.952000 0.994892
-0.948000 0.994892
-0.944000 0.994892
-0.940000 0.994892
-0.936000 0.994892
-0.932000 0.994892
-0.928000 0.994892
-0.924000 0.994892
-0.920000 0.994892
-0.916000 0.994892
-0.912000 0.994892
-0.908000 0.994892
-0.904000 0.994892
-0.900000 0.994892
-0.896000 0.994892
-0.892000 0.994892
-0.888000 0.994892
-0.884000 0.994892
-0.880000 0.994892
-0.876000 0.994892
-0.872000 0.994892
-0.868000 0.994892
-0.864000 0.994892
-0.860000 0.994892
-0.856000 0.994892
-0.852000 0.994892
-0.848000 0.994892
-0.844000 0.994892
-0.840000 0.994892
-0.836000 0.994892
-0.832000 0.994892
-0.828000 0.994892
-0.824000 0.994892
-0.820000 0.994892
-0.816000 0.994892
-0.812000 0.994892
-0.808000 0.994892
-0.804000 0.994892
-0.800000 0.994892
-0.796000 0.994892
-0.792000 0.994892
-0.788000 0.994892
-0.784000 0.994892
-0.780000 0.994892
-0.776000 0.994892
-0.772000 0.994892
-0.768000 0.994892
-0.764000 0.994892
-0.760000 0.994892
-0.756000 0.994892
-0.752000 0.994892
-0.748000 0.994892
-0.744000 0.994892
-0.740000 0.994892
-0.736000 0.994892
-0.732000 0.994892
-0.728000 0.994892
-0.724000 0.994892
-0.720000 0.994892
-0.716000 0.994892
-0.712000 0.994892
-0.708000 0.994892
-0.704000 0.994892
-0.700000 0.994892
-0.696000 0.994892
-0.692000 0.994892
-0.688000 0.994892
-0.684000 0.994892
-0.680000 0.994892
-0.676000 0.994892
-0.672000 0.994892
-0.668000 0.994892
-0.664000 0.994892
-0.660000 0.994892
-0.656000 0.994892
-0.652000 0.994892
-0.648000 0.994892
-0.644000 0.994892
-0.640000 0.994892
-0.636000 0.994892
-0.632000 0.994892
-0.628000 0.994892
-0.624000 0.994892
-0.620000 0.994892
-0.616000 0.994892
-0.612000 0.994892
-0.608000 0.994892
-0.604000 0.994892
-0.600000 0.994892
-0.596000 0.994892
-0.592000 0.994892
-0.588000 0.994892
-0.584000 0.994892
-0.580000 0.994892
-0.576000 0.994892
-0.572000 0.994892
-0.568000 0.994892
-0.564000 0.994892
-0.560000 0.994892
-0.556000 0.994892
-0.552000 0.994892
-0.548000 0.994892
-0.544000 0.994892
-0.540000 0.994892
-0.536000 0.994892
-0.532000 0.994892
-0.528000 0.994892
-0.524000 0.994892
-0.520000 0.994892
-0.516000 0.994892
-0.512000 0.994892
-0.508000 0.994892
-0.504000 0.994892
-0.500000 0.994892
-0.496000 0.994892
-0.492000 0.994892
-0.488000 0.994892
-0.484000 0.994892
-0.480000 0.994891
-0.476000 0.994891
-0.472000 0.994891
-0.468000 0.994891
-0.464000 0.994891
-0.460000 0.994891
-0.456000 0.994891
-0.452000 0.994891
-0.448000 0.994891
-0.444000 0.994891
-0.440000 0.994891
-0.436000 0.994891
-0.432000 0.994890
-0.428000 0.994890
-0.424000 0.994890
-0.420000 0.994890
-0.416000 0.994890
-0.412000 0.994890
-0.408000 0.994890
-0.404000 0.994889
-0.400000 0.994889
-0.396000 0.994889
-0.392000 0.994889
-0.388000 0.994888
-0.384000 0.994888
-0.380000 0.994888
-0.376000 0.994887
-0.372000 0.994887
-0.368000 0.994887
-0.364000 0.994886
-0.360000 0.994886
-0.356000 0.994886
-0.352000 0.994885
-0.348000 0.994885
-0.344000 0.994884
-0.340000 0.994883
-0.336000 0.994883
-0.332000 0.994882
-0.328000 0.994882
-0.324000 0.994881
-0.320000 0.994880
-0.316000 0.994879
-0.312000 0.994878
-0.308000 0.994878
-0.304000 0.994877
-0.300000 0.994876
-0.296000 0.994875
-0.292000 0.994873
-0.288000 0.994872
-0.284000 0.994871
-0.280000 0.994870
-0.276000 0.994868
-0.272000 0.994867
-0.268000 0.994865
-0.264000 0.994864
-0.260000 0.994862
-0.256000 0.994860
-0.252000 0.994858
-0.248000 0.994857
-0.244000 0.994854
-0.240000 0.994852
-0.236000 0.994850
-0.232000 0.994848
-0.228000 0.994845
-0.224000 0.994843
-0.220000 0.994840
-0.216000 0.994837
-0.212000 0.994835
-0.208000 0.994832
-0.204000 0.994828
-0.200000 0.994825
-0.196000 0.994822
-0.192000 0.994818
-0.188000 0.994815
-0.184000 0.994811
-0.180000 0.994807
-0.176000 0.994803
-0.172000 0.994798
-0.168000 0.994794
-0.164000 0.994789
-0.160000 0.994785
-0.156000 0.994780
-0.152000 0.994775
-0.148000 0.994769
-0.144000 0.994764
-0.140000 0.994758
-0.136000 0.994753
-0.132000 0.994747
-0.128000 0.994741
-0.124000 0.994734
-0.120000 0.994728
-0.116000 0.994721
-0.112000 0.994714
-0.108000 0.994707
-0.104000 0.994700
-0.100000 0.994692
-0.096000 0.994684
-0.092000 0.994676
-0.088000 0.994668
-0.084000 0.994660
-0.080000 0.994651
-0.076000 0.994642
-0.072000 0.994633
-0.068000 0.994624
-0.064000 0.994615
-0.060000 0.994605
-0.056000 0.994595
-0.052000 0.994585
-0.048000 0.994575
-0.044000 0.994564
-0.040000 0.994554
-0.036000 0.994543
-0.032000 0.994532
-0.028000 0.994520
-0.024000 0.994509
-0.020000 0.994497
-0.016000 0.994485
-0.012000 0.994473
-0.008000 0.994461
-0.004000 0.994448
0.000000 0.994436
0.004000 0.994423
0.008000 0.994410
0.012000 0.994396
0.016000 0.994383
0.020000 0.994369
0.024000 0.994356
0.028000 0.994342
0.032000 0.994327
0.036000 0.994313
0.040000 0.994299
0.044000 0.994284
0.048000 0.994270
0.052000 0.994255
0.056000 0.994240
0.060000 0.994225
0.064000 0.994209
0.068000 0.994194
0.072000 0.994179
0.076000 0.994163
0.080000 0.994148
0.084000 0.994132
0.088000 0.994116
0.092000 0.994100
0.096000 0.994084
0.100000 0.994068
0.104000 0.994052
0.108000 0.994036
0.112000 0.994020
0.116000 0.994004
0.120000 0.993988
0.124000 0.993972
0.128000 0.993955
0.132000 0.993939
0.136000 0.993923
0.140000 0.993907
0.144000 0.993891
0.148000 0.993875
0.152000 0.993858
0.156000 0.993842
0.160000 0.993826
0.164000 0.993810
0.168000 0.993794
0.172000 0.993778
0.176000 0.993763
0.180000 0.993747
0.184000 0.993731
0.188000 0.993716
0.192000 0.993700
0.196000 0.993685
0.200000 0.993669
0.204000 0.993654
0.208000 0.993639
0.212000 0.993624
0.216000 0.993609
0.220000 0.993595
0.224000 0.993580
0.228000 0.993566
0.232000 0.993552
0.236000 0.993537
0.240000 0.993523
0.244000 0.993510
0.248000 0.993496
0.252000 0.993482
0.256000 0.993469
0.260000 0.993456
0.264000 0.993443
0.268000 0.993430
0.272000 0.993417
0.276000 0.993405
0.280000 0.993393
0.284000 0.993381
0.288000 0.993369
0.292000 0.993357
0.296000 0.993345
0.300000 0.993334
0.304000 0.993323
0.308000 0.993312
0.312000 0.993301
0.316000 0.993291
0.320000 0.993280
0.324000 0.993270
0.328000 0.993260
0.332000 0.993250
0.336000 0.993241
0.340000 0.993231
0.344000 0.993222
0.348000 0.993213
0.352000 0.993204
0.356000 0.993195
0.360000 0.993187
0.364000 0.993179
0.368000 0.993170
0.372000 0.993163
0.376000 0.993155
0.380000 0.993147
0.384000 0.993140
0.388000 0.993133
0.392000 0.993126
0.396000 0.993119
0.400000 0.993112
0.404000 0.993106
0.408000 0.993099
0.412000 0.993093
0.416000 0.993087
0.420000 0.993081
0.424000 0.993076
0.428000 0.993070
0.432000 0.993065
0.436000 0.993060
0.440000 0.993055
0.444000 0.993050
0.448000 0.993045
0.452000 0.993040
0.456000 0.993036
0.460000 0.993031
0.464000 0.993027
0.468000 0.993023
0.472000 0.993019
0.476000 0.993015
0.480000 0.993012
0.484000 0.993008
0.488000 0.993004
0.492000 0.993001
0.496000 0.992998
0.500000 0.992995
0.504000 0.992992
0.508000 0.992989
0.512000 0.992986
0.516000 0.992983
0.520000 0.992980
0.524000 0.992978
0.528000 0.992975
0.532000 0.992973
0.536000 0.992971
0.540000 0.992969
0.544000 0.992966
0.548000 0.992964
0.552000 0.992962
0.556000 0.992961
0.560000 0.992959
0.564000 0.992957
0.568000 0.992955
0.572000 0.992954
0.576000 0.992952
0.580000 0.992951
0.584000 0.992949
0.588000 0.992948
0.592000 0.992946
0.596000 0.992945
0.600000 0.992944
0.604000 0.992943
0.608000 0.992942
0.612000 0.992941
0.616000 0.992940
0.620000 0.992939
0.624000 0.992938
0.628000 0.992937
0.632000 0.992936
0.636000 0.992935
0.640000 0.992934
0.644000 0.992934
0.648000 0.992933
0.652000 0.992932
0.656000 0.992932
0.660000 0.992931
0.664000 0.992930
0.668000 0.992930
0.672000 0.992929
0.676000 0.992929
0.680000 0.992928
0.684000 0.992928
0.688000 0.992927
0.692000 0.992927
0.696000 0.992926
0.700000 0.992926
0.704000 0.992926
0.708000 0.992925
0.712000 0.992925
0.716000 0.992925
0.720000 0.992924
0.724000 0.992924
0.728000 0.992924
0.732000 0.992924
0.736000 0.992923
0.740000 0.992923
0.744000 0.992923
0.748000 0.992923
0.752000 0.992922
0.756000 0.992922
0.760000 0.992922
0.764000 0.992922
0.768000 0.992922
0.772000 0.992922
0.776000 0.992921
0.780000 0.992921
0.784000 0.992921
0.788000 0.992921
0.792000 0.992921
0.796000 0.992921
0.800000 0.992921
0.804000 0.992921
0.808000 0.992920
0.812000 0.992920
0.816000 0.992920
0.820000 0.992920
0.824000 0.992920
0.828000 0.992920
0.832000 0.992920
0.836000 0.992920
0.840000 0.992920
0.844000 0.992920
0.848000 0.992920
0.852000 0.992920
0.856000 0.992920
0.860000 0.992920
0.864000 0.992920
0.868000 0.992920
0.872000 0.992920
0.876000 0.992920
0.880000 0.992919
0.884000 0.992919
0.888000 0.992919
0.892000 0.992919
0.896000 0.992919
0.900000 0.992919
0.904000 0.992919
0.908000 0.992919
0.912000 0.992919
0.916000 0.992919
0.920000 0.992919
0.924000 0.992919
0.928000 0.992919
0.932000 0.992919
0.936000 0.992919
0.940000 0.992919
0.944000 0.992919
0.948000 0.992919
0.952000 0.992919
0.956000 0.992919
0.960000 0.992919
0.964000 0.992919
0.968000 0.992919
0.972000 0.992919
0.976000 0.992919
0.980000 0.992919
0.984000 0.992919
0.988000 0.992919
0.992000 0.992919
0.996000 0.992919
1.000000 0.992919
