-1.000000 0.994892
-0.996000 0.994892
-0.992000 0.994892
-0.988000 0.994892
-0.984000 0.994892
-0.980000 0.994892
-0.976000 0.994892
-0.972000 0.994892
-0.968000 0.994892
-0.964000 0.994892
-0.960000 0.994892
-0.956000 0.994892
-0.952000 0.994892
-0.948000 0.994892
-0.944000 0.994892
-0.940000 0.994892
-0.936000 0.994892
-0.932000 0.994892
-0.928000 0.994892
-0.924000 0.994892
-0.920000 0.994892
-0.916000 0.994892
-0.912000 0.994892
-0.908000 0.994892
-0.904000 0.994892
-0.900000 0.994892
-0.896000 0.994892
-0.892000 0.994892
-0.888000 0.994892
-0.884000 0.994892
-0.880000 0.994892
-0.876000 0.994892
-0.872000 0.994892
-0.868000 0.994892
-0.864000 0.994892
-0.860000 0.994892
-0.856000 0.994892
-0.852000 0.994892
-0.848000 0.994892
-0.844000 0.994892
-0.840000 0.994892
-0.836000 0.994892
-0.832000 0.994892
-0.828000 0.994892
-0.824000 0.994892
-0.820000 0.994892
-0.816000 0.994892
-0.812000 0.994892
-0.808000 0.994892
-0.804000 0.994892
-0.800000 0.994892
-0.796000 0.994892
-0.792000 0.994892
-0.788000 0.994892
-0.784000 0.994892
-0.780000 0.994892
-0.776000 0.994892
-0.772000 0.994892
-0.768000 0.994892
-0.764000 0.994892
-0.760000 0.994892
-0.756000 0.994892
-0.752000 0.994892
-0.748000 0.994892
-0.744000 0.994892
-0.740000 0.994892
-0.736000 0.994892
-0.732000 0.994892
-0.728000 0.994892
-0.724000 0.994892
-0.720000 0.994892
-0.716000 0.994892
-0.712000 0.994892
-0.708000 0.994892
-0.704000 0.994892
-0.700000 0.994892
-0.696000 0.994892
-0.692000 0.994892
-0.688000 0.994892
-0.684000 0.994892
-0.680000 0.994892
-0.676000 0.994892
-0.672000 0.994892
-0.668000 0.994892
-0.664000 0.994892
-0.660000 0.994892
-0.656000 0.994892
-0.652000 0.994892
-0.648000 0.994892
-0.644000 0.994892
-0.640000 0.994892
-0.636000 0.994892
-0.632000 0.994892
-0.628000 0.994892
-0.624000 0.994892
-0.620000 0.994892
-0.616000 0.994892
-0.612000 0.994892
-0.608000 0.994892
-0.604000 0.994892
-0.600000 0.994892
-0.596000 0.994892
-0.592000 0.994892
-0.588000 0.994892
-0.584000 0.994892
-0.580000 0.994892
-0.576000 0.994892
-0.572000 0.994892
-0.568000 0.994892
-0.564000 0.994892
-0.560000 0.994892
-0.556000 0.994892
-0.552000 0.994892
-0.548000 0.994892
-0.544000 0.994892
-0.540000 0.994892
-0.536000 0.994892
-0.532000 0.994892
-0.528000 0.994892
-0.524000 0.994892
-0.520000 0.994892
-0.516000 0.994892
-0.512000 0.994892
-0.508000 0.994892
-0.504000 0.994892
-0.500000 0.994892
-0.496000 0.994892
-0.492000 0.994892
-0.488000 0.994892
-0.484000 0.994892
-0.480000 0.994892
-0.476000 0.994892
-0.472000 0.994892
-0.468000 0.994892
-0.464000 0.994892
-0.460000 0.994892
-0.456000 0.994892
-0.452000 0.994892
-0.448000 0.994892
-0.444000 0.994892
-0.440000 0.994892
-0.436000 0.994892
-0.432000 0.994892
-0.428000 0.994892
-0.424000 0.994892
-0.420000 0.994892
-0.416000 0.994892
-0.412000 0.994892
-0.408000 0.994892
-0.404000 0.994892
-0.400000 0.994892
-0.396000 0.994892
-0.392000 0.994892
-0.388000 0.994892
-0.384000 0.994892
-0.380000 0.994892
-0.376000 0.994892
-0.372000 0.994892
-0.368000 0.994892
-0.364000 0.994892
-0.360000 0.994892
-0.356000 0.994892
-0.352000 0.994892
-0.348000 0.994892
-0.344000 0.994892
-0.340000 0.994892
-0.336000 0.994892
-0.332000 0.994892
-0.328000 0.994892
-0.324000 0.994892
-0.320000 0.994892
-0.316000 0.994892
-0.312000 0.994892
-0.308000 0.994892
-0.304000 0.994892
-0.300000 0.994892
-0.296000 0.994892
-0.292000 0.994892
-0.288000 0.994892
-0.284000 0.994892
-0.280000 0.994892
-0.276000 0.994892
-0.272000 0.994892
-0.268000 0.994892
-0.264000 0.994892
-0.260000 0.994892
-0.256000 0.994892
-0.252000 0.994892
-0.248000 0.994892
-0.244000 0.994892
-0.240000 0.994892
-0.236000 0.994892
-0.232000 0.994892
-0.228000 0.994892
-0.224000 0.994892
-0.220000 0.994892
-0.216000 0.994892
-0.212000 0.994892
-0.208000 0.994892
-0.204000 0.994892
-0.200000 0.994892
-0.196000 0.994892
-0.192000 0.994892
-0.188000 0.994892
-0.184000 0.994892
-0.180000 0.994892
-0.176000 0.994892
-0.172000 0.994892
-0.168000 0.994892
-0.164000 0.994892
-0.160000 0.994892
-0.156000 0.994892
-0.152000 0.994892
-0.148000 0.994892
-0.144000 0.994892
-0.140000 0.994892
-0.136000 0.994892
-0.132000 0.994892
-0.128000 0.994892
-0.124000 0.994892
-0.120000 0.994892
-0.116000 0.994892
-0.112000 0.994892
-0.108000 0.994892
-0.104000 0.994892
-0.100000 0.994892
-0.096000 0.994892
-0.092000 0.994892
-0.088000 0.994892
-0.084000 0.994892
-0.080000 0.994892
-0.076000 0.994892
-0.072000 0.994892
-0.068000 0.994892
-0.064000 0.994892
-0.060000 0.994892
-0.056000 0.994892
-0.052000 0.994892
-0.048000 0.994892
-0.044000 0.994892
-0.040000 0.994892
-0.036000 0.994892
-0.032000 0.994892
-0.028000 0.994892
-0.024000 0.994892
-0.020000 0.994892
-0.016000 0.994892
-0.012000 0.994892
-0.008000 0.994891
-0.004000 0.994891
0.000000 0.994891
0.004000 0.994891
0.008000 0.994891
0.012000 0.994891
0.016000 0.994891
0.020000 0.994891
0.024000 0.994891
0.028000 0.994891
0.032000 0.994891
0.036000 0.994891
0.040000 0.994891
0.044000 0.994891
0.048000 0.994891
0.052000 0.994891
0.056000 0.994890
0.060000 0.994890
0.064000 0.994890
0.068000 0.994890
0.072000 0.994890
0.076000 0.994890
0.080000 0.994890
0.084000 0.994890
0.088000 0.994890
0.092000 0.994889
0.096000 0.994889
0.100000 0.994889
0.104000 0.994889
0.108000 0.994889
0.112000 0.994888
0.116000 0.994888
0.120000 0.994888
0.124000 0.994888
0.128000 0.994888
0.132000 0.994887
0.136000 0.994887
0.140000 0.994887
0.144000 0.994886
0.148000 0.994886
0.152000 0.994886
0.156000 0.994885
0.160000 0.994885
0.164000 0.994885
0.168000 0.994884
0.172000 0.994884
0.176000 0.994883
0.180000 0.994883
0.184000 0.994882
0.188000 0.994882
0.192000 0.994881
0.196000 0.994881
0.200000 0.994880
0.204000 0.994880
0.208000 0.994879
0.212000 0.994878
0.216000 0.994878
0.220000 0.994877
0.224000 0.994876
0.228000 0.994875
0.232000 0.994874
0.236000 0.994874
0.240000 0.994873
0.244000 0.994872
0.248000 0.994871
0.252000 0.994870
0.256000 0.994869
0.260000 0.994868
0.264000 0.994866
0.268000 0.994865
0.272000 0.994864
0.276000 0.994863
0.280000 0.994861
0.284000 0.994860
0.288000 0.994859
0.292000 0.994857
0.296000 0.994856
0.300000 0.994854
0.304000 0.994852
0.308000 0.994851
0.312000 0.994849
0.316000 0.994847
0.320000 0.994845
0.324000 0.994843
0.328000 0.994841
0.332000 0.994839
0.336000 0.994837
0.340000 0.994834
0.344000 0.994832
0.348000 0.994830
0.352000 0.994827
0.356000 0.994825
0.360000 0.994822
0.364000 0.994819
0.368000 0.994816
0.372000 0.994813
0.376000 0.994810
0.380000 0.994807
0.384000 0.994804
0.388000 0.994801
0.392000 0.994797
0.396000 0.994794
0.400000 0.994790
0.404000 0.994787
0.408000 0.994783
0.412000 0.994779
0.416000 0.994775
0.420000 0.994771
0.424000 0.994767
0.428000 0.994763
0.432000 0.994758
0.436000 0.994754
0.440000 0.994749
0.444000 0.994744
0.448000 0.994739
0.452000 0.994734
0.456000 0.994729
0.460000 0.994724
0.464000 0.994719
0.468000 0.994713
0.472000 0.994708
0.476000 0.994702
0.480000 0.994696
0.484000 0.994690
0.488000 0.994684
0.492000 0.994678
0.496000 0.994671
0.500000 0.994665
0.504000 0.994658
0.508000 0.994651
0.512000 0.994644
0.516000 0.994637
0.520000 0.994630
0.524000 0.994623
0.528000 0.994616
0.532000 0.994608
0.536000 0.994600
0.540000 0.994592
0.544000 0.994585
0.548000 0.994576
0.552000 0.994568
0.556000 0.994560
0.560000 0.994551
0.564000 0.994543
0.568000 0.994534
0.572000 0.994525
0.576000 0.994516
0.580000 0.994507
0.584000 0.994498
0.588000 0.994488
0.592000 0.994479
0.596000 0.994469
0.600000 0.994459
0.604000 0.994449
0.608000 0.994439
0.612000 0.994429
0.616000 0.994419
0.620000 0.994409
0.624000 0.994398
0.628000 0.994388
0.632000 0.994377
0.636000 0.994366
0.640000 0.994355
0.644000 0.994344
0.648000 0.994333
0.652000 0.994322
0.656000 0.994310
0.660000 0.994299
0.664000 0.994288
0.668000 0.994276
0.672000 0.994264
0.676000 0.994252
0.680000 0.994241
0.684000 0.994229
0.688000 0.994217
0.692000 0.994205
0.696000 0.994192
0.700000 0.994180
0.704000 0.994168
0.708000 0.994155
0.712000 0.994143
0.716000 0.994131
0.720000 0.994118
0.724000 0.994105
0.728000 0.994093
0.732000 0.994080
0.736000 0.994067
0.740000 0.994055
0.744000 0.994042
0.748000 0.994029
0.752000 0.994016
0.756000 0.994004
0.760000 0.993991
0.764000 0.993978
0.768000 0.993965
0.772000 0.993952
0.776000 0.993939
0.780000 0.993926
0.784000 0.993913
0.788000 0.993900
0.792000 0.993888
0.796000 0.993875
0.800000 0.993862
0.804000 0.993849
0.808000 0.993836
0.812000 0.993823
0.816000 0.993811
0.820000 0.993798
0.824000 0.993785
0.828000 0.993773
0.832000 0.993760
0.836000 0.993747
0.840000 0.993735
0.844000 0.993722
0.848000 0.993710
0.852000 0.993698
0.856000 0.993685
0.860000 0.993673
0.864000 0.993661
0.868000 0.993649
0.872000 0.993637
0.876000 0.993625
0.880000 0.993613
0.884000 0.993601
0.888000 0.993590
0.892000 0.993578
0.896000 0.993566
0.900000 0.993555
0.904000 0.993544
0.908000 0.993532
0.912000 0.993521
0.916000 0.993510
0.920000 0.993499
0.924000 0.993488
0.928000 0.993478
0.932000 0.993467
0.936000 0.993456
0.940000 0.993446
0.944000 0.993435
0.948000 0.993425
0.952000 0.993415
0.956000 0.993404
0.960000 0.993394
0.964000 0.993384
0.968000 0.993374
0.972000 0.993363
0.976000 0.993352
0.980000 0.993340
0.984000 0.993328
0.988000 0.993315
0.992000 0.993299
0.996000 0.993281
1.000000 0.993260
