-1.000000 0.994892
-0.996000 0.994892
-0.992000 0.994892
-0.988000 0.994892
-0.984000 0.994892
-0.980000 0.994892
-0.976000 0.994892
-0.972000 0.994892
-0.968000 0.994892
-0.964000 0.994892
-0.960000 0.994892
-0.956000 0.994892
-0.952000 0.994892
-0.948000 0.994892
-0.944000 0.994892
-0.940000 0.994892
-0.936000 0.994892
-0.932000 0.994892
-0.928000 0.994892
-0.924000 0.994892
-0.920000 0.994892
-0.916000 0.994892
-0.912000 0.994892
-0.908000 0.994892
-0.904000 0.994892
-0.900000 0.994892
-0.896000 0.994892
-0.892000 0.994892
-0.888000 0.994892
-0.884000 0.994892
-0.880000 0.994892
-0.876000 0.994892
-0.872000 0.994892
-0.868000 0.994892
-0.864000 0.994892
-0.860000 0.994892
-0.856000 0.994892
-0.852000 0.994892
-0.848000 0.994892
-0.844000 0.994892
-0.840000 0.994892
-0.836000 0.994892
-0.832000 0.994892
-0.828000 0.994892
-0.824000 0.994892
-0.820000 0.994892
-0.816000 0.994892
-0.812000 0.994892
-0.808000 0.994892
-0.804000 0.994892
-0.800000 0.994892
-0.796000 0.994892
-0.792000 0.994892
-0.788000 0.994892
-0.784000 0.994892
-0.780000 0.994892
-0.776000 0.994892
-0.772000 0.994892
-0.768000 0.994892
-0.764000 0.994892
-0.760000 0.994892
-0.756000 0.994892
-0.752000 0.994892
-0.748000 0.994892
-0.744000 0.994892
-0.740000 0.994892
-0.736000 0.994892
-0.732000 0.994892
-0.728000 0.994892
-0.724000 0.994892
-0.720000 0.994892
-0.716000 0.994892
-0.712000 0.994892
-0.708000 0.994892
-0.704000 0.994892
-0.700000 0.994892
-0.696000 0.994892
-0.692000 0.994892
-0.688000 0.994892
-0.684000 0.994892
-0.680000 0.994892
-0.676000 0.994892
-0.672000 0.994892
-0.668000 0.994892
-0.664000 0.994892
-0.660000 0.994892
-0.656000 0.994892
-0.652000 0.994892
-0.648000 0.994892
-0.644000 0.994892
-0.640000 0.994892
-0.636000 0.994892
-0.632000 0.994892
-0.628000 0.994892
-0.624000 0.994892
-0.620000 0.994892
-0.616000 0.994892
-0.612000 0.994892
-0.608000 0.994892
-0.604000 0.994892
-0.600000 0.994892
-0.596000 0.994892
-0.592000 0.994892
-0.588000 0.994892
-0.584000 0.994892
-0.580000 0.994892
-0.576000 0.994892
-0.572000 0.994892
-0.568000 0.994892
-0.564000 0.994892
-0.560000 0.994892
-0.556000 0.994892
-0.552000 0.994892
-0.548000 0.994892
-0.544000 0.994892
-0.540000 0.994892
-0.536000 0.994892
-0.532000 0.994892
-0.528000 0.994892
-0.524000 0.994892
-0.520000 0.994892
-0.516000 0.994892
-0.512000 0.994892
-0.508000 0.994892
-0.504000 0.994892
-0.500000 0.994892
-0.496000 0.994891
-0.492000 0.994891
-0.488000 0.994891
-0.484000 0.994891
-0.480000 0.994891
-0.476000 0.994891
-0.472000 0.994891
-0.468000 0.994891
-0.464000 0.994891
-0.460000 0.994891
-0.456000 0.994891
-0.452000 0.994891
-0.448000 0.994891
-0.444000 0.994890
-0.440000 0.994890
-0.436000 0.994890
-0.432000 0.994890
-0.428000 0.994890
-0.424000 0.994890
-0.420000 0.994889
-0.416000 0.994889
-0.412000 0.994889
-0.408000 0.994889
-0.404000 0.994888
-0.400000 0.994888
-0.396000 0.994888
-0.392000 0.994888
-0.388000 0.994887
-0.384000 0.994887
-0.380000 0.994886
-0.376000 0.994886
-0.372000 0.994886
-0.368000 0.994885
-0.364000 0.994885
-0.360000 0.994884
-0.356000 0.994884
-0.352000 0.994883
-0.348000 0.994882
-0.344000 0.994882
-0.340000 0.994881
-0.336000 0.994880
-0.332000 0.994879
-0.328000 0.994879
-0.324000 0.994878
-0.320000 0.994877
-0.316000 0.994876
-0.312000 0.994875
-0.308000 0.994873
-0.304000 0.994872
-0.300000 0.994871
-0.296000 0.994870
-0.292000 0.994868
-0.288000 0.994867
-0.284000 0.994865
-0.280000 0.994864
-0.276000 0.994862
-0.272000 0.994860
-0.268000 0.994858
-0.264000 0.994856
-0.260000 0.994854
-0.256000 0.994852
-0.252000 0.994850
-0.248000 0.994848
-0.244000 0.994845
-0.240000 0.994843
-0.236000 0.994840
-0.232000 0.994837
-0.228000 0.994834
-0.224000 0.994831
-0.220000 0.994828
-0.216000 0.994825
-0.212000 0.994821
-0.208000 0.994818
-0.204000 0.994814
-0.200000 0.994810
-0.196000 0.994806
-0.192000 0.994802
-0.188000 0.994797
-0.184000 0.994793
-0.180000 0.994788
-0.176000 0.994783
-0.172000 0.994778
-0.168000 0.994773
-0.164000 0.994768
-0.160000 0.994762
-0.156000 0.994757
-0.152000 0.994751
-0.148000 0.994745
-0.144000 0.994738
-0.140000 0.994732
-0.136000 0.994725
-0.132000 0.994718
-0.128000 0.994711
-0.124000 0.994704
-0.120000 0.994696
-0.116000 0.994689
-0.112000 0.994681
-0.108000 0.994673
-0.104000 0.994664
-0.100000 0.994656
-0.096000 0.994647
-0.092000 0.994638
-0.088000 0.994629
-0.084000 0.994620
-0.080000 0.994610
-0.076000 0.994600
-0.072000 0.994590
-0.068000 0.994580
-0.064000 0.994569
-0.060000 0.994559
-0.056000 0.994548
-0.052000 0.994537
-0.048000 0.994525
-0.044000 0.994514
-0.040000 0.994502
-0.036000 0.994490
-0.032000 0.994478
-0.028000 0.994465
-0.024000 0.994453
-0.020000 0.994440
-0.016000 0.994427
-0.012000 0.994414
-0.008000 0.994401
-0.004000 0.994387
0.000000 0.994373
0.004000 0.994360
0.008000 0.994346
0.012000 0.994331
0.016000 0.994317
0.020000 0.994303
0.024000 0.994288
0.028000 0.994273
0.032000 0.994258
0.036000 0.994243
0.040000 0.994228
0.044000 0.994213
0.048000 0.994197
0.052000 0.994182
0.056000 0.994166
0.060000 0.994150
0.064000 0.994134
0.068000 0.994119
0.072000 0.994103
0.076000 0.994086
0.080000 0.994070
0.084000 0.994054
0.088000 0.994038
0.092000 0.994022
0.096000 0.994005
0.100000 0.993989
0.104000 0.993973
0.108000 0.993956
0.112000 0.993940
0.116000 0.993924
0.120000 0.993907
0.124000 0.993891
0.128000 0.993875
0.132000 0.993858
0.136000 0.993842
0.140000 0.993826
0.144000 0.993810
0.148000 0.993794
0.152000 0.993778
0.156000 0.993762
0.160000 0.993746
0.164000 0.993730
0.168000 0.993714
0.172000 0.993699
0.176000 0.993683
0.180000 0.993668
0.184000 0.993653
0.188000 0.993637
0.192000 0.993622
0.196000 0.993607
0.200000 0.993593
0.204000 0.993578
0.208000 0.993563
0.212000 0.993549
0.216000 0.993535
0.220000 0.993521
0.224000 0.993507
0.228000 0.993493
0.232000 0.993480
0.236000 0.993466
0.240000 0.993453
0.244000 0.993440
0.248000 0.993427
0.252000 0.993414
0.256000 0.993402
0.260000 0.993389
0.264000 0.993377
0.268000 0.993365
0.272000 0.993353
0.276000 0.993342
0.280000 0.993330
0.284000 0.993319
0.288000 0.993308
0.292000 0.993297
0.296000 0.993287
0.300000 0.993276
0.304000 0.993266
0.308000 0.993256
0.312000 0.993246
0.316000 0.993237
0.320000 0.993227
0.324000 0.993218
0.328000 0.993209
0.332000 0.993200
0.336000 0.993192
0.340000 0.993183
0.344000 0.993175
0.348000 0.993167
0.352000 0.993159
0.356000 0.993151
0.360000 0.993144
0.364000 0.993136
0.368000 0.993129
0.372000 0.993122
0.376000 0.993115
0.380000 0.993109
0.384000 0.993102
0.388000 0.993096
0.392000 0.993090
0.396000 0.993084
0.400000 0.993078
0.404000 0.993072
0.408000 0.993067
0.412000 0.993062
0.416000 0.993056
0.420000 0.993051
0.424000 0.993047
0.428000 0.993042
0.432000 0.993037
0.436000 0.993033
0.440000 0.993029
0.444000 0.993024
0.448000 0.993020
0.452000 0.993016
0.456000 0.993013
0.460000 0.993009
0.464000 0.993005
0.468000 0.993002
0.472000 0.992999
0.476000 0.992995
0.480000 0.992992
0.484000 0.992989
0.488000 0.992986
0.492000 0.992984
0.496000 0.992981
0.500000 0.992978
0.504000 0.992976
0.508000 0.992974
0.512000 0.992971
0.516000 0.992969
0.520000 0.992967
0.524000 0.992965
0.528000 0.992963
0.532000 0.992961
0.536000 0.992959
0.540000 0.992957
0.544000 0.992955
0.548000 0.992954
0.552000 0.992952
0.556000 0.992951
0.560000 0.992949
0.564000 0.992948
0.568000 0.992947
0.572000 0.992945
0.576000 0.992944
0.580000 0.992943
0.584000 0.992942
0.588000 0.992941
0.592000 0.992940
0.596000 0.992939
0.600000 0.992938
0.604000 0.992937
0.608000 0.992936
0.612000 0.992935
0.616000 0.992934
0.620000 0.992934
0.624000 0.992933
0.628000 0.992932
0.632000 0.992931
0.636000 0.992931
0.640000 0.992930
0.644000 0.992930
0.648000 0.992929
0.652000 0.992929
0.656000 0.992928
0.660000 0.992928
0.664000 0.992927
0.668000 0.992927
0.672000 0.992926
0.676000 0.992926
0.680000 0.992926
0.684000 0.992925
0.688000 0.992925
0.692000 0.992925
0.696000 0.992924
0.700000 0.992924
0.704000 0.992924
0.708000 0.992923
0.712000 0.992923
0.716000 0.992923
0.720000 0.992923
0.724000 0.992923
0.728000 0.992922
0.732000 0.992922
0.736000 0.992922
0.740000 0.992922
0.744000 0.992922
0.748000 0.992922
0.752000 0.992921
0.756000 0.992921
0.760000 0.992921
0.764000 0.992921
0.768000 0.992921
0.772000 0.992921
0.776000 0.992921
0.780000 0.992921
0.784000 0.992920
0.788000 0.992920
0.792000 0.992920
0.796000 0.992920
0.800000 0.992920
0.804000 0.992920
0.808000 0.992920
0.812000 0.992920
0.816000 0.992920
0.820000 0.992920
0.824000 0.992920
0.828000 0.992920
0.832000 0.992920
0.836000 0.992920
0.840000 0.992920
0.844000 0.992920
0.848000 0.992920
0.852000 0.992920
0.856000 0.992919
0.860000 0.992919
0.864000 0.992919
0.868000 0.992919
0.872000 0.992919
0.876000 0.992919
0.880000 0.992919
0.884000 0.992919
0.888000 0.992919
0.892000 0.992919
0.896000 0.992919
0.900000 0.992919
0.904000 0.992919
0.908000 0.992919
0.912000 0.992919
0.916000 0.992919
0.920000 0.992919
0.924000 0.992919
0.928000 0.992919
0.932000 0.992919
0.936000 0.992919
0.940000 0.992919
0.944000 0.992919
0.948000 0.992919
0.952000 0.992919
0.956000 0.992919
0.960000 0.992919
0.964000 0.992919
0.968000 0.992919
0.972000 0.992919
0.976000 0.992919
0.980000 0.992919
0.984000 0.992919
0.988000 0.992919
0.992000 0.992919
0.996000 0.992919
1.000000 0.992919
