-1.000000 0.994892
-0.996000 0.994892
-0.992000 0.994892
-0.988000 0.994892
-0.984000 0.994892
-0.980000 0.994892
-0.976000 0.994892
-0.972000 0.994892
-0.968000 0.994892
-0.964000 0.994892
-0.960000 0.994892
-0.956000 0.994892
-0.952000 0.994892
-0.948000 0.994892
-0.944000 0.994892
-0.940000 0.994892
-0.936000 0.994892
-0.932000 0.994892
-0.928000 0.994892
-0.924000 0.994892
-0.920000 0.994892
-0.916000 0.994892
-0.912000 0.994892
-0.908000 0.994892
-0.904000 0.994892
-0.900000 0.994892
-0.896000 0.994892
-0.892000 0.994892
-0.888000 0.994892
-0.884000 0.994892
-0.880000 0.994892
-0.876000 0.994892
-0.872000 0.994892
-0.868000 0.994892
-0.864000 0.994892
-0.860000 0.994892
-0.856000 0.994892
-0.852000 0.994892
-0.848000 0.994892
-0.844000 0.994892
-0.840000 0.994892
-0.836000 0.994892
-0.832000 0.994892
-0.828000 0.994892
-0.824000 0.994892
-0.820000 0.994892
-0.816000 0.994892
-0.812000 0.994892
-0.808000 0.994892
-0.804000 0.994892
-0.800000 0.994892
-0.796000 0.994892
-0.792000 0.994892
-0.788000 0.994892
-0.784000 0.994892
-0.780000 0.994892
-0.776000 0.994892
-0.772000 0.994892
-0.768000 0.994892
-0.764000 0.994892
-0.760000 0.994892
-0.756000 0.994892
-0.752000 0.994892
-0.748000 0.994892
-0.744000 0.994892
-0.740000 0.994892
-0.736000 0.994892
-0.732000 0.994892
-0.728000 0.994892
-0.724000 0.994892
-0.720000 0.994892
-0.716000 0.994892
-0.712000 0.994892
-0.708000 0.994892
-0.704000 0.994892
-0.700000 0.994892
-0.696000 0.994892
-0.692000 0.994892
-0.688000 0.994892
-0.684000 0.994892
-0.680000 0.994892
-0.676000 0.994892
-0.672000 0.994892
-0.668000 0.994892
-0.664000 0.994892
-0.660000 0.994892
-0.656000 0.994892
-0.652000 0.994892
-0.648000 0.994892
-0.644000 0.994892
-0.640000 0.994892
-0.636000 0.994892
-0.632000 0.994892
-0.628000 0.994892
-0.624000 0.994892
-0.620000 0.994892
-0.616000 0.994892
-0.612000 0.994892
-0.608000 0.994892
-0.604000 0.994892
-0.600000 0.994892
-0.596000 0.994892
-0.592000 0.994892
-0.588000 0.994892
-0.584000 0.994892
-0.580000 0.994892
-0.576000 0.994892
-0.572000 0.994892
-0.568000 0.994892
-0.564000 0.994892
-0.560000 0.994892
-0.556000 0.994892
-0.552000 0.994891
-0.548000 0.994891
-0.544000 0.994891
-0.540000 0.994891
-0.536000 0.994891
-0.532000 0.994891
-0.528000 0.994891
-0.524000 0.994891
-0.520000 0.994891
-0.516000 0.994891
-0.512000 0.994891
-0.508000 0.994891
-0.504000 0.994890
-0.500000 0.994890
-0.496000 0.994890
-0.492000 0.994890
-0.488000 0.994890
-0.484000 0.994890
-0.480000 0.994890
-0.476000 0.994889
-0.472000 0.994889
-0.468000 0.994889
-0.464000 0.994889
-0.460000 0.994888
-0.456000 0.994888
-0.452000 0.994888
-0.448000 0.994887
-0.444000 0.994887
-0.440000 0.994887
-0.436000 0.994886
-0.432000 0.994886
-0.428000 0.994885
-0.424000 0.994885
-0.420000 0.994884
-0.416000 0.994883
-0.412000 0.994883
-0.408000 0.994882
-0.404000 0.994881
-0.400000 0.994881
-0.396000 0.994880
-0.392000 0.994879
-0.388000 0.994878
-0.384000 0.994877
-0.380000 0.994876
-0.376000 0.994875
-0.372000 0.994874
-0.368000 0.994873
-0.364000 0.994871
-0.360000 0.994870
-0.356000 0.994869
-0.352000 0.994867
-0.348000 0.994865
-0.344000 0.994864
-0.340000 0.994862
-0.336000 0.994860
-0.332000 0.994858
-0.328000 0.994856
-0.324000 0.994854
-0.320000 0.994852
-0.316000 0.994849
-0.312000 0.994847
-0.308000 0.994844
-0.304000 0.994841
-0.300000 0.994839
-0.296000 0.994836
-0.292000 0.994833
-0.288000 0.994829
-0.284000 0.994826
-0.280000 0.994822
-0.276000 0.994819
-0.272000 0.994815
-0.268000 0.994811
-0.264000 0.994807
-0.260000 0.994802
-0.256000 0.994798
-0.252000 0.994793
-0.248000 0.994788
-0.244000 0.994783
-0.240000 0.994778
-0.236000 0.994773
-0.232000 0.994767
-0.228000 0.994761
-0.224000 0.994755
-0.220000 0.994749
-0.216000 0.994743
-0.212000 0.994736
-0.208000 0.994729
-0.204000 0.994722
-0.200000 0.994715
-0.196000 0.994707
-0.192000 0.994700
-0.188000 0.994692
-0.184000 0.994684
-0.180000 0.994675
-0.176000 0.994667
-0.172000 0.994658
-0.168000 0.994649
-0.164000 0.994639
-0.160000 0.994630
-0.156000 0.994620
-0.152000 0.994610
-0.148000 0.994600
-0.144000 0.994589
-0.140000 0.994579
-0.136000 0.994568
-0.132000 0.994557
-0.128000 0.994545
-0.124000 0.994534
-0.120000 0.994522
-0.116000 0.994510
-0.112000 0.994497
-0.108000 0.994485
-0.104000 0.994472
-0.100000 0.994459
-0.096000 0.994446
-0.092000 0.994433
-0.088000 0.994419
-0.084000 0.994405
-0.080000 0.994391
-0.076000 0.994377
-0.072000 0.994363
-0.068000 0.994348
-0.064000 0.994333
-0.060000 0.994318
-0.056000 0.994303
-0.052000 0.994288
-0.048000 0.994273
-0.044000 0.994257
-0.040000 0.994242
-0.036000 0.994226
-0.032000 0.994210
-0.028000 0.994194
-0.024000 0.994178
-0.020000 0.994161
-0.016000 0.994145
-0.012000 0.994129
-0.008000 0.994112
-0.004000 0.994095
0.000000 0.994079
0.004000 0.994062
0.008000 0.994045
0.012000 0.994028
0.016000 0.994011
0.020000 0.993994
0.024000 0.993977
0.028000 0.993960
0.032000 0.993943
0.036000 0.993926
0.040000 0.993909
0.044000 0.993893
0.048000 0.993876
0.052000 0.993859
0.056000 0.993842
0.060000 0.993825
0.064000 0.993808
0.068000 0.993792
0.072000 0.993775
0.076000 0.993758
0.080000 0.993742
0.084000 0.993726
0.088000 0.993709
0.092000 0.993693
0.096000 0.993677
0.100000 0.993661
0.104000 0.993645
0.108000 0.993630
0.112000 0.993614
0.116000 0.993599
0.120000 0.993583
0.124000 0.993568
0.128000 0.993553
0.132000 0.993539
0.136000 0.993524
0.140000 0.993509
0.144000 0.993495
0.148000 0.993481
0.152000 0.993467
0.156000 0.993453
0.160000 0.993440
0.164000 0.993426
0.168000 0.993413
0.172000 0.993400
0.176000 0.993388
0.180000 0.993375
0.184000 0.993363
0.188000 0.993350
0.192000 0.993339
0.196000 0.993327
0.200000 0.993315
0.204000 0.993304
0.208000 0.993293
0.212000 0.993282
0.216000 0.993271
0.220000 0.993261
0.224000 0.993250
0.228000 0.993240
0.232000 0.993231
0.236000 0.993221
0.240000 0.993211
0.244000 0.993202
0.248000 0.993193
0.252000 0.993184
0.256000 0.993176
0.260000 0.993167
0.264000 0.993159
0.268000 0.993151
0.272000 0.993143
0.276000 0.993136
0.280000 0.993128
0.284000 0.993121
0.288000 0.993114
0.292000 0.993107
0.296000 0.993101
0.300000 0.993094
0.304000 0.993088
0.308000 0.993082
0.312000 0.993076
0.316000 0.993070
0.320000 0.993065
0.324000 0.993059
0.328000 0.993054
0.332000 0.993049
0.336000 0.993044
0.340000 0.993039
0.344000 0.993034
0.348000 0.993030
0.352000 0.993026
0.356000 0.993021
0.360000 0.993017
0.364000 0.993013
0.368000 0.993009
0.372000 0.993006
0.376000 0.993002
0.380000 0.992999
0.384000 0.992995
0.388000 0.992992
0.392000 0.992989
0.396000 0.992986
0.400000 0.992983
0.404000 0.992981
0.408000 0.992978
0.412000 0.992975
0.416000 0.992973
0.420000 0.992970
0.424000 0.992968
0.428000 0.992966
0.432000 0.992964
0.436000 0.992962
0.440000 0.992960
0.444000 0.992958
0.448000 0.992956
0.452000 0.992955
0.456000 0.992953
0.460000 0.992951
0.464000 0.992950
0.468000 0.992948
0.472000 0.992947
0.476000 0.992946
0.480000 0.992944
0.484000 0.992943
0.488000 0.992942
0.492000 0.992941
0.496000 0.992940
0.500000 0.992939
0.504000 0.992938
0.508000 0.992937
0.512000 0.992936
0.516000 0.992935
0.520000 0.992934
0.524000 0.992933
0.528000 0.992933
0.532000 0.992932
0.536000 0.992931
0.540000 0.992931
0.544000 0.992930
0.548000 0.992929
0.552000 0.992929
0.556000 0.992928
0.560000 0.992928
0.564000 0.992927
0.568000 0.992927
0.572000 0.992927
0.576000 0.992926
0.580000 0.992926
0.584000 0.992925
0.588000 0.992925
0.592000 0.992925
0.596000 0.992924
0.600000 0.992924
0.604000 0.992924
0.608000 0.992924
0.612000 0.992923
0.616000 0.992923
0.620000 0.992923
0.624000 0.992923
0.628000 0.992922
0.632000 0.992922
0.636000 0.992922
0.640000 0.992922
0.644000 0.992922
0.648000 0.992921
0.652000 0.992921
0.656000 0.992921
0.660000 0.992921
0.664000 0.992921
0.668000 0.992921
0.672000 0.992921
0.676000 0.992921
0.680000 0.992921
0.684000 0.992920
0.688000 0.992920
0.692000 0.992920
0.696000 0.992920
0.700000 0.992920
0.704000 0.992920
0.708000 0.992920
0.712000 0.992920
0.716000 0.992920
0.720000 0.992920
0.724000 0.992920
0.728000 0.992920
0.732000 0.992920
0.736000 0.992920
0.740000 0.992920
0.744000 0.992920
0.748000 0.992920
0.752000 0.992919
0.756000 0.992919
0.760000 0.992919
0.764000 0.992919
0.768000 0.992919
0.772000 0.992919
0.776000 0.992919
0.780000 0.992919
0.784000 0.992919
0.788000 0.992919
0.792000 0.992919
0.796000 0.992919
0.800000 0.992919
0.804000 0.992919
0.808000 0.992919
0.812000 0.992919
0.816000 0.992919
0.820000 0.992919
0.824000 0.992919
0.828000 0.992919
0.832000 0.992919
0.836000 0.992919
0.840000 0.992919
0.844000 0.992919
0.848000 0.992919
0.852000 0.992919
0.856000 0.992919
0.860000 0.992919
0.864000 0.992919
0.868000 0.992919
0.872000 0.992919
0.876000 0.992919
0.880000 0.992919
0.884000 0.992919
0.888000 0.992919
0.892000 0.992919
0.896000 0.992919
0.900000 0.992919
0.904000 0.992919
0.908000 0.992919
0.912000 0.992919
0.916000 0.992919
0.920000 0.992919
0.924000 0.992919
0.928000 0.992919
0.932000 0.992919
0.936000 0.992919
0.940000 0.992919
0.944000 0.992919
0.948000 0.992919
0.952000 0.992919
0.956000 0.992919
0.960000 0.992919
0.964000 0.992919
0.968000 0.992919
0.972000 0.992919
0.976000 0.992919
0.980000 0.992919
0.984000 0.992919
0.988000 0.992919
0.992000 0.992919
0.996000 0.992919
1.000000 0.992919
