-1.000000 0.994892
-0.996000 0.994892
-0.992000 0.994892
-0.988000 0.994892
-0.984000 0.994892
-0.980000 0.994892
-0.976000 0.994892
-0.972000 0.994892
-0.968000 0.994892
-0.964000 0.994892
-0.960000 0.994892
-0.956000 0.994892
-0.952000 0.994892
-0.948000 0.994892
-0.944000 0.994892
-0.940000 0.994892
-0.936000 0.994892
-0.932000 0.994892
-0.928000 0.994892
-0.924000 0.994892
-0.920000 0.994892
-0.916000 0.994892
-0.912000 0.994892
-0.908000 0.994892
-0.904000 0.994892
-0.900000 0.994892
-0.896000 0.994892
-0.892000 0.994892
-0.888000 0.994892
-0.884000 0.994892
-0.880000 0.994892
-0.876000 0.994892
-0.872000 0.994892
-0.868000 0.994892
-0.864000 0.994892
-0.860000 0.994892
-0.856000 0.994892
-0.852000 0.994892
-0.848000 0.994892
-0.844000 0.994892
-0.840000 0.994892
-0.836000 0.994892
-0.832000 0.994892
-0.828000 0.994892
-0.824000 0.994892
-0.820000 0.994892
-0.816000 0.994892
-0.812000 0.994892
-0.808000 0.994892
-0.804000 0.994892
-0.800000 0.994892
-0.796000 0.994892
-0.792000 0.994892
-0.788000 0.994892
-0.784000 0.994892
-0.780000 0.994892
-0.776000 0.994892
-0.772000 0.994892
-0.768000 0.994892
-0.764000 0.994892
-0.760000 0.994892
-0.756000 0.994892
-0.752000 0.994892
-0.748000 0.994892
-0.744000 0.994892
-0.740000 0.994892
-0.736000 0.994892
-0.732000 0.994892
-0.728000 0.994892
-0.724000 0.994892
-0.720000 0.994892
-0.716000 0.994892
-0.712000 0.994892
-0.708000 0.994892
-0.704000 0.994892
-0.700000 0.994892
-0.696000 0.994892
-0.692000 0.994892
-0.688000 0.994892
-0.684000 0.994892
-0.680000 0.994892
-0.676000 0.994892
-0.672000 0.994892
-0.668000 0.994892
-0.664000 0.994892
-0.660000 0.994892
-0.656000 0.994892
-0.652000 0.994892
-0.648000 0.994892
-0.644000 0.994892
-0.640000 0.994892
-0.636000 0.994892
-0.632000 0.994892
-0.628000 0.994892
-0.624000 0.994892
-0.620000 0.994892
-0.616000 0.994892
-0.612000 0.994892
-0.608000 0.994892
-0.604000 0.994892
-0.600000 0.994892
-0.596000 0.994892
-0.592000 0.994892
-0.588000 0.994892
-0.584000 0.994892
-0.580000 0.994892
-0.576000 0.994892
-0.572000 0.994892
-0.568000 0.994892
-0.564000 0.994892
-0.560000 0.994892
-0.556000 0.994892
-0.552000 0.994892
-0.548000 0.994892
-0.544000 0.994892
-0.540000 0.994892
-0.536000 0.994892
-0.532000 0.994891
-0.528000 0.994891
-0.524000 0.994891
-0.520000 0.994891
-0.516000 0.994891
-0.512000 0.994891
-0.508000 0.994891
-0.504000 0.994891
-0.500000 0.994891
-0.496000 0.994891
-0.492000 0.994891
-0.488000 0.994891
-0.484000 0.994891
-0.480000 0.994890
-0.476000 0.994890
-0.472000 0.994890
-0.468000 0.994890
-0.464000 0.994890
-0.460000 0.994890
-0.456000 0.994889
-0.452000 0.994889
-0.448000 0.994889
-0.444000 0.994889
-0.440000 0.994888
-0.436000 0.994888
-0.432000 0.994888
-0.428000 0.994887
-0.424000 0.994887
-0.420000 0.994887
-0.416000 0.994886
-0.412000 0.994886
-0.408000 0.994885
-0.404000 0.994885
-0.400000 0.994884
-0.396000 0.994884
-0.392000 0.994883
-0.388000 0.994883
-0.384000 0.994882
-0.380000 0.994881
-0.376000 0.994880
-0.372000 0.994880
-0.368000 0.994879
-0.364000 0.994878
-0.360000 0.994877
-0.356000 0.994876
-0.352000 0.994875
-0.348000 0.994874
-0.344000 0.994872
-0.340000 0.994871
-0.336000 0.994870
-0.332000 0.994868
-0.328000 0.994867
-0.324000 0.994865
-0.320000 0.994864
-0.316000 0.994862
-0.312000 0.994860
-0.308000 0.994858
-0.304000 0.994856
-0.300000 0.994854
-0.296000 0.994852
-0.292000 0.994850
-0.288000 0.994847
-0.284000 0.994845
-0.280000 0.994842
-0.276000 0.994839
-0.272000 0.994836
-0.268000 0.994833
-0.264000 0.994830
-0.260000 0.994827
-0.256000 0.994823
-0.252000 0.994820
-0.248000 0.994816
-0.244000 0.994812
-0.240000 0.994808
-0.236000 0.994804
-0.232000 0.994799
-0.228000 0.994795
-0.224000 0.994790
-0.220000 0.994785
-0.216000 0.994780
-0.212000 0.994775
-0.208000 0.994769
-0.204000 0.994764
-0.200000 0.994758
-0.196000 0.994752
-0.192000 0.994746
-0.188000 0.994739
-0.184000 0.994733
-0.180000 0.994726
-0.176000 0.994719
-0.172000 0.994712
-0.168000 0.994704
-0.164000 0.994696
-0.160000 0.994689
-0.156000 0.994680
-0.152000 0.994672
-0.148000 0.994664
-0.144000 0.994655
-0.140000 0.994646
-0.136000 0.994636
-0.132000 0.994627
-0.128000 0.994617
-0.124000 0.994607
-0.120000 0.994597
-0.116000 0.994587
-0.112000 0.994576
-0.108000 0.994566
-0.104000 0.994554
-0.100000 0.994543
-0.096000 0.994532
-0.092000 0.994520
-0.088000 0.994508
-0.084000 0.994496
-0.080000 0.994484
-0.076000 0.994471
-0.072000 0.994458
-0.068000 0.994445
-0.064000 0.994432
-0.060000 0.994419
-0.056000 0.994405
-0.052000 0.994391
-0.048000 0.994377
-0.044000 0.994363
-0.040000 0.994349
-0.036000 0.994334
-0.032000 0.994320
-0.028000 0.994305
-0.024000 0.994290
-0.020000 0.994275
-0.016000 0.994259
-0.012000 0.994244
-0.008000 0.994229
-0.004000 0.994213
0.000000 0.994197
0.004000 0.994181
0.008000 0.994165
0.012000 0.994149
0.016000 0.994133
0.020000 0.994117
0.024000 0.994100
0.028000 0.994084
0.032000 0.994067
0.036000 0.994051
0.040000 0.994034
0.044000 0.994017
0.048000 0.994001
0.052000 0.993984
0.056000 0.993967
0.060000 0.993951
0.064000 0.993934
0.068000 0.993917
0.072000 0.993900
0.076000 0.993884
0.080000 0.993867
0.084000 0.993850
0.088000 0.993834
0.092000 0.993817
0.096000 0.993801
0.100000 0.993784
0.104000 0.993768
0.108000 0.993752
0.112000 0.993735
0.116000 0.993719
0.120000 0.993703
0.124000 0.993687
0.128000 0.993672
0.132000 0.993656
0.136000 0.993640
0.140000 0.993625
0.144000 0.993610
0.148000 0.993594
0.152000 0.993579
0.156000 0.993565
0.160000 0.993550
0.164000 0.993535
0.168000 0.993521
0.172000 0.993507
0.176000 0.993493
0.180000 0.993479
0.184000 0.993465
0.188000 0.993452
0.192000 0.993438
0.196000 0.993425
0.200000 0.993412
0.204000 0.993399
0.208000 0.993387
0.212000 0.993374
0.216000 0.993362
0.220000 0.993350
0.224000 0.993338
0.228000 0.993327
0.232000 0.993315
0.236000 0.993304
0.240000 0.993293
0.244000 0.993283
0.248000 0.993272
0.252000 0.993262
0.256000 0.993251
0.260000 0.993242
0.264000 0.993232
0.268000 0.993222
0.272000 0.993213
0.276000 0.993204
0.280000 0.993195
0.284000 0.993186
0.288000 0.993178
0.292000 0.993169
0.296000 0.993161
0.300000 0.993153
0.304000 0.993146
0.308000 0.993138
0.312000 0.993131
0.316000 0.993123
0.320000 0.993116
0.324000 0.993110
0.328000 0.993103
0.332000 0.993097
0.336000 0.993090
0.340000 0.993084
0.344000 0.993078
0.348000 0.993073
0.352000 0.993067
0.356000 0.993062
0.360000 0.993056
0.364000 0.993051
0.368000 0.993046
0.372000 0.993041
0.376000 0.993037
0.380000 0.993032
0.384000 0.993028
0.388000 0.993024
0.392000 0.993019
0.396000 0.993015
0.400000 0.993012
0.404000 0.993008
0.408000 0.993004
0.412000 0.993001
0.416000 0.992998
0.420000 0.992994
0.424000 0.992991
0.428000 0.992988
0.432000 0.992985
0.436000 0.992982
0.440000 0.992980
0.444000 0.992977
0.448000 0.992975
0.452000 0.992972
0.456000 0.992970
0.460000 0.992968
0.464000 0.992966
0.468000 0.992963
0.472000 0.992961
0.476000 0.992960
0.480000 0.992958
0.484000 0.992956
0.488000 0.992954
0.492000 0.992953
0.496000 0.992951
0.500000 0.992950
0.504000 0.992948
0.508000 0.992947
0.512000 0.992945
0.516000 0.992944
0.520000 0.992943
0.524000 0.992942
0.528000 0.992941
0.532000 0.992940
0.536000 0.992939
0.540000 0.992938
0.544000 0.992937
0.548000 0.992936
0.552000 0.992935
0.556000 0.992934
0.560000 0.992933
0.564000 0.992933
0.568000 0.992932
0.572000 0.992931
0.576000 0.992931
0.580000 0.992930
0.584000 0.992930
0.588000 0.992929
0.592000 0.992928
0.596000 0.992928
0.600000 0.992928
0.604000 0.992927
0.608000 0.992927
0.612000 0.992926
0.616000 0.992926
0.620000 0.992925
0.624000 0.992925
0.628000 0.992925
0.632000 0.992924
0.636000 0.992924
0.640000 0.992924
0.644000 0.992924
0.648000 0.992923
0.652000 0.992923
0.656000 0.992923
0.660000 0.992923
0.664000 0.992922
0.668000 0.992922
0.672000 0.992922
0.676000 0.992922
0.680000 0.992922
0.684000 0.992922
0.688000 0.992921
0.692000 0.992921
0.696000 0.992921
0.700000 0.992921
0.704000 0.992921
0.708000 0.992921
0.712000 0.992921
0.716000 0.992921
0.720000 0.992920
0.724000 0.992920
0.728000 0.992920
0.732000 0.992920
0.736000 0.992920
0.740000 0.992920
0.744000 0.992920
0.748000 0.992920
0.752000 0.992920
0.756000 0.992920
0.760000 0.992920
0.764000 0.992920
0.768000 0.992920
0.772000 0.992920
0.776000 0.992920
0.780000 0.992920
0.784000 0.992920
0.788000 0.992919
0.792000 0.992919
0.796000 0.992919
0.800000 0.992919
0.804000 0.992919
0.808000 0.992919
0.812000 0.992919
0.816000 0.992919
0.820000 0.992919
0.824000 0.992919
0.828000 0.992919
0.832000 0.992919
0.836000 0.992919
0.840000 0.992919
0.844000 0.992919
0.848000 0.992919
0.852000 0.992919
0.856000 0.992919
0.860000 0.992919
0.864000 0.992919
0.868000 0.992919
0.872000 0.992919
0.876000 0.992919
0.880000 0.992919
0.884000 0.992919
0.888000 0.992919
0.892000 0.992919
0.896000 0.992919
0.900000 0.992919
0.904000 0.992919
0.908000 0.992919
0.912000 0.992919
0.916000 0.992919
0.920000 0.992919
0.924000 0.992919
0.928000 0.992919
0.932000 0.992919
0.936000 0.992919
0.940000 0.992919
0.944000 0.992919
0.948000 0.992919
0.952000 0.992919
0.956000 0.992919
0.960000 0.992919
0.964000 0.992919
0.968000 0.992919
0.972000 0.992919
0.976000 0.992919
0.980000 0.992919
0.984000 0.992919
0.988000 0.992919
0.992000 0.992919
0.996000 0.992919
1.000000 0.992919
