-1.000000 0.994892
-0.996000 0.994892
-0.992000 0.994892
-0.988000 0.994892
-0.984000 0.994892
-0.980000 0.994892
-0.976000 0.994892
-0.972000 0.994892
-0.968000 0.994892
-0.964000 0.994892
-0.960000 0.994892
-0.956000 0.994892
-0.952000 0.994892
-0.948000 0.994892
-0.944000 0.994892
-0.940000 0.994892
-0.936000 0.994892
-0.932000 0.994892
-0.928000 0.994892
-0.924000 0.994892
-0.920000 0.994892
-0.916000 0.994892
-0.912000 0.994892
-0.908000 0.994892
-0.904000 0.994892
-0.900000 0.994892
-0.896000 0.994892
-0.892000 0.994892
-0.888000 0.994892
-0.884000 0.994892
-0.880000 0.994892
-0.876000 0.994892
-0.872000 0.994892
-0.868000 0.994892
-0.864000 0.994892
-0.860000 0.994892
-0.856000 0.994892
-0.852000 0.994892
-0.848000 0.994892
-0.844000 0.994892
-0.840000 0.994892
-0.836000 0.994892
-0.832000 0.994892
-0.828000 0.994892
-0.824000 0.994892
-0.820000 0.994892
-0.816000 0.994892
-0.812000 0.994892
-0.808000 0.994892
-0.804000 0.994892
-0.800000 0.994892
-0.796000 0.994892
-0.792000 0.994892
-0.788000 0.994892
-0.784000 0.994892
-0.780000 0.994892
-0.776000 0.994892
-0.772000 0.994892
-0.768000 0.994892
-0.764000 0.994892
-0.760000 0.994892
-0.756000 0.994892
-0.752000 0.994892
-0.748000 0.994892
-0.744000 0.994892
-0.740000 0.994892
-0.736000 0.994892
-0.732000 0.994892
-0.728000 0.994892
-0.724000 0.994892
-0.720000 0.994892
-0.716000 0.994892
-0.712000 0.994892
-0.708000 0.994892
-0.704000 0.994892
-0.700000 0.994892
-0.696000 0.994892
-0.692000 0.994892
-0.688000 0.994892
-0.684000 0.994892
-0.680000 0.994892
-0.676000 0.994892
-0.672000 0.994892
-0.668000 0.994892
-0.664000 0.994892
-0.660000 0.994892
-0.656000 0.994892
-0.652000 0.994892
-0.648000 0.994892
-0.644000 0.994892
-0.640000 0.994892
-0.636000 0.994892
-0.632000 0.994892
-0.628000 0.994892
-0.624000 0.994892
-0.620000 0.994892
-0.616000 0.994892
-0.612000 0.994892
-0.608000 0.994892
-0.604000 0.994892
-0.600000 0.994892
-0.596000 0.994892
-0.592000 0.994892
-0.588000 0.994892
-0.584000 0.994892
-0.580000 0.994892
-0.576000 0.994892
-0.572000 0.994892
-0.568000 0.994892
-0.564000 0.994892
-0.560000 0.994892
-0.556000 0.994892
-0.552000 0.994892
-0.548000 0.994892
-0.544000 0.994892
-0.540000 0.994892
-0.536000 0.994892
-0.532000 0.994892
-0.528000 0.994892
-0.524000 0.994892
-0.520000 0.994892
-0.516000 0.994892
-0.512000 0.994892
-0.508000 0.994892
-0.504000 0.994892
-0.500000 0.994892
-0.496000 0.994892
-0.492000 0.994892
-0.488000 0.994892
-0.484000 0.994892
-0.480000 0.994892
-0.476000 0.994892
-0.472000 0.994892
-0.468000 0.994892
-0.464000 0.994892
-0.460000 0.994892
-0.456000 0.994892
-0.452000 0.994892
-0.448000 0.994892
-0.444000 0.994892
-0.440000 0.994892
-0.436000 0.994892
-0.432000 0.994892
-0.428000 0.994892
-0.424000 0.994892
-0.420000 0.994892
-0.416000 0.994892
-0.412000 0.994892
-0.408000 0.994892
-0.404000 0.994892
-0.400000 0.994892
-0.396000 0.994892
-0.392000 0.994892
-0.388000 0.994892
-0.384000 0.994892
-0.380000 0.994892
-0.376000 0.994892
-0.372000 0.994892
-0.368000 0.994892
-0.364000 0.994892
-0.360000 0.994892
-0.356000 0.994892
-0.352000 0.994892
-0.348000 0.994892
-0.344000 0.994892
-0.340000 0.994892
-0.336000 0.994892
-0.332000 0.994892
-0.328000 0.994892
-0.324000 0.994892
-0.320000 0.994892
-0.316000 0.994892
-0.312000 0.994892
-0.308000 0.994892
-0.304000 0.994892
-0.300000 0.994892
-0.296000 0.994892
-0.292000 0.994892
-0.288000 0.994892
-0.284000 0.994892
-0.280000 0.994892
-0.276000 0.994892
-0.272000 0.994892
-0.268000 0.994892
-0.264000 0.994892
-0.260000 0.994892
-0.256000 0.994892
-0.252000 0.994892
-0.248000 0.994891
-0.244000 0.994891
-0.240000 0.994891
-0.236000 0.994891
-0.232000 0.994891
-0.228000 0.994891
-0.224000 0.994891
-0.220000 0.994891
-0.216000 0.994891
-0.212000 0.994891
-0.208000 0.994891
-0.204000 0.994891
-0.200000 0.994891
-0.196000 0.994891
-0.192000 0.994891
-0.188000 0.994890
-0.184000 0.994890
-0.180000 0.994890
-0.176000 0.994890
-0.172000 0.994890
-0.168000 0.994890
-0.164000 0.994890
-0.160000 0.994889
-0.156000 0.994889
-0.152000 0.994889
-0.148000 0.994889
-0.144000 0.994889
-0.140000 0.994889
-0.136000 0.994888
-0.132000 0.994888
-0.128000 0.994888
-0.124000 0.994887
-0.120000 0.994887
-0.116000 0.994887
-0.112000 0.994887
-0.108000 0.994886
-0.104000 0.994886
-0.100000 0.994885
-0.096000 0.994885
-0.092000 0.994885
-0.088000 0.994884
-0.084000 0.994884
-0.080000 0.994883
-0.076000 0.994883
-0.072000 0.994882
-0.068000 0.994881
-0.064000 0.994881
-0.060000 0.994880
-0.056000 0.994880
-0.052000 0.994879
-0.048000 0.994878
-0.044000 0.994877
-0.040000 0.994876
-0.036000 0.994876
-0.032000 0.994875
-0.028000 0.994874
-0.024000 0.994873
-0.020000 0.994872
-0.016000 0.994871
-0.012000 0.994869
-0.008000 0.994868
-0.004000 0.994867
0.000000 0.994866
0.004000 0.994864
0.008000 0.994863
0.012000 0.994861
0.016000 0.994860
0.020000 0.994858
0.024000 0.994856
0.028000 0.994855
0.032000 0.994853
0.036000 0.994851
0.040000 0.994849
0.044000 0.994847
0.048000 0.994845
0.052000 0.994843
0.056000 0.994840
0.060000 0.994838
0.064000 0.994835
0.068000 0.994833
0.072000 0.994830
0.076000 0.994827
0.080000 0.994825
0.084000 0.994822
0.088000 0.994819
0.092000 0.994815
0.096000 0.994812
0.100000 0.994809
0.104000 0.994805
0.108000 0.994802
0.112000 0.994798
0.116000 0.994794
0.120000 0.994790
0.124000 0.994786
0.128000 0.994782
0.132000 0.994777
0.136000 0.994773
0.140000 0.994768
0.144000 0.994764
0.148000 0.994759
0.152000 0.994754
0.156000 0.994748
0.160000 0.994743
0.164000 0.994738
0.168000 0.994732
0.172000 0.994726
0.176000 0.994720
0.180000 0.994714
0.184000 0.994708
0.188000 0.994702
0.192000 0.994695
0.196000 0.994689
0.200000 0.994682
0.204000 0.994675
0.208000 0.994668
0.212000 0.994660
0.216000 0.994653
0.220000 0.994645
0.224000 0.994638
0.228000 0.994630
0.232000 0.994621
0.236000 0.994613
0.240000 0.994605
0.244000 0.994596
0.248000 0.994587
0.252000 0.994578
0.256000 0.994569
0.260000 0.994560
0.264000 0.994551
0.268000 0.994541
0.272000 0.994531
0.276000 0.994521
0.280000 0.994511
0.284000 0.994501
0.288000 0.994491
0.292000 0.994480
0.296000 0.994470
0.300000 0.994459
0.304000 0.994448
0.308000 0.994437
0.312000 0.994425
0.316000 0.994414
0.320000 0.994403
0.324000 0.994391
0.328000 0.994379
0.332000 0.994367
0.336000 0.994355
0.340000 0.994343
0.344000 0.994330
0.348000 0.994318
0.352000 0.994305
0.356000 0.994293
0.360000 0.994280
0.364000 0.994267
0.368000 0.994254
0.372000 0.994241
0.376000 0.994228
0.380000 0.994214
0.384000 0.994201
0.388000 0.994187
0.392000 0.994174
0.396000 0.994160
0.400000 0.994147
0.404000 0.994133
0.408000 0.994119
0.412000 0.994105
0.416000 0.994091
0.420000 0.994077
0.424000 0.994063
0.428000 0.994049
0.432000 0.994035
0.436000 0.994021
0.440000 0.994006
0.444000 0.993992
0.448000 0.993978
0.452000 0.993964
0.456000 0.993950
0.460000 0.993935
0.464000 0.993921
0.468000 0.993907
0.472000 0.993893
0.476000 0.993878
0.480000 0.993864
0.484000 0.993850
0.488000 0.993836
0.492000 0.993822
0.496000 0.993808
0.500000 0.993794
0.504000 0.993780
0.508000 0.993766
0.512000 0.993752
0.516000 0.993738
0.520000 0.993724
0.524000 0.993710
0.528000 0.993697
0.532000 0.993683
0.536000 0.993670
0.540000 0.993656
0.544000 0.993643
0.548000 0.993630
0.552000 0.993617
0.556000 0.993604
0.560000 0.993591
0.564000 0.993578
0.568000 0.993565
0.572000 0.993553
0.576000 0.993540
0.580000 0.993528
0.584000 0.993516
0.588000 0.993504
0.592000 0.993492
0.596000 0.993480
0.600000 0.993468
0.604000 0.993456
0.608000 0.993445
0.612000 0.993434
0.616000 0.993422
0.620000 0.993411
0.624000 0.993400
0.628000 0.993390
0.632000 0.993379
0.636000 0.993368
0.640000 0.993358
0.644000 0.993348
0.648000 0.993338
0.652000 0.993328
0.656000 0.993318
0.660000 0.993308
0.664000 0.993299
0.668000 0.993290
0.672000 0.993280
0.676000 0.993271
0.680000 0.993262
0.684000 0.993254
0.688000 0.993245
0.692000 0.993237
0.696000 0.993228
0.700000 0.993220
0.704000 0.993212
0.708000 0.993204
0.712000 0.993197
0.716000 0.993189
0.720000 0.993182
0.724000 0.993175
0.728000 0.993167
0.732000 0.993161
0.736000 0.993154
0.740000 0.993147
0.744000 0.993141
0.748000 0.993134
0.752000 0.993128
0.756000 0.993122
0.760000 0.993116
0.764000 0.993110
0.768000 0.993104
0.772000 0.993099
0.776000 0.993093
0.780000 0.993088
0.784000 0.993083
0.788000 0.993078
0.792000 0.993073
0.796000 0.993068
0.800000 0.993063
0.804000 0.993058
0.808000 0.993054
0.812000 0.993050
0.816000 0.993045
0.820000 0.993041
0.824000 0.993037
0.828000 0.993033
0.832000 0.993030
0.836000 0.993026
0.840000 0.993022
0.844000 0.993019
0.848000 0.993015
0.852000 0.993012
0.856000 0.993009
0.860000 0.993006
0.864000 0.993003
0.868000 0.993000
0.872000 0.992997
0.876000 0.992994
0.880000 0.992991
0.884000 0.992989
0.888000 0.992986
0.892000 0.992984
0.896000 0.992981
0.900000 0.992979
0.904000 0.992977
0.908000 0.992975
0.912000 0.992973
0.916000 0.992971
0.920000 0.992969
0.924000 0.992967
0.928000 0.992965
0.932000 0.992963
0.936000 0.992961
0.940000 0.992960
0.944000 0.992958
0.948000 0.992957
0.952000 0.992955
0.956000 0.992954
0.960000 0.992952
0.964000 0.992951
0.968000 0.992949
0.972000 0.992948
0.976000 0.992947
0.980000 0.992945
0.984000 0.992944
0.988000 0.992942
0.992000 0.992941
0.996000 0.992939
1.000000 0.992936
