-1.000000 0.994892
-0.996000 0.994892
-0.992000 0.994892
-0.988000 0.994892
-0.984000 0.994892
-0.980000 0.994892
-0.976000 0.994892
-0.972000 0.994892
-0.968000 0.994892
-0.964000 0.994892
-0.960000 0.994892
-0.956000 0.994892
-0.952000 0.994892
-0.948000 0.994892
-0.944000 0.994892
-0.940000 0.994892
-0.936000 0.994892
-0.932000 0.994892
-0.928000 0.994892
-0.924000 0.994892
-0.920000 0.994892
-0.916000 0.994892
-0.912000 0.994892
-0.908000 0.994892
-0.904000 0.994892
-0.900000 0.994892
-0.896000 0.994892
-0.892000 0.994892
-0.888000 0.994892
-0.884000 0.994892
-0.880000 0.994892
-0.876000 0.994892
-0.872000 0.994892
-0.868000 0.994892
-0.864000 0.994892
-0.860000 0.994892
-0.856000 0.994892
-0.852000 0.994892
-0.848000 0.994892
-0.844000 0.994892
-0.840000 0.994892
-0.836000 0.994892
-0.832000 0.994892
-0.828000 0.994892
-0.824000 0.994892
-0.820000 0.994892
-0.816000 0.994892
-0.812000 0.994892
-0.808000 0.994892
-0.804000 0.994892
-0.800000 0.994892
-0.796000 0.994892
-0.792000 0.994892
-0.788000 0.994892
-0.784000 0.994892
-0.780000 0.994892
-0.776000 0.994892
-0.772000 0.994892
-0.768000 0.994892
-0.764000 0.994892
-0.760000 0.994892
-0.756000 0.994892
-0.752000 0.994892
-0.748000 0.994892
-0.744000 0.994892
-0.740000 0.994892
-0.736000 0.994892
-0.732000 0.994892
-0.728000 0.994892
-0.724000 0.994892
-0.720000 0.994892
-0.716000 0.994892
-0.712000 0.994892
-0.708000 0.994892
-0.704000 0.994892
-0.700000 0.994892
-0.696000 0.994892
-0.692000 0.994892
-0.688000 0.994892
-0.684000 0.994892
-0.680000 0.994892
-0.676000 0.994892
-0.672000 0.994892
-0.668000 0.994892
-0.664000 0.994892
-0.660000 0.994892
-0.656000 0.994892
-0.652000 0.994892
-0.648000 0.994892
-0.644000 0.994892
-0.640000 0.994892
-0.636000 0.994892
-0.632000 0.994892
-0.628000 0.994892
-0.624000 0.994892
-0.620000 0.994892
-0.616000 0.994892
-0.612000 0.994892
-0.608000 0.994892
-0.604000 0.994892
-0.600000 0.994892
-0.596000 0.994892
-0.592000 0.994892
-0.588000 0.994892
-0.584000 0.994892
-0.580000 0.994892
-0.576000 0.994892
-0.572000 0.994892
-0.568000 0.994892
-0.564000 0.994892
-0.560000 0.994892
-0.556000 0.994892
-0.552000 0.994892
-0.548000 0.994892
-0.544000 0.994892
-0.540000 0.994892
-0.536000 0.994892
-0.532000 0.994892
-0.528000 0.994892
-0.524000 0.994892
-0.520000 0.994892
-0.516000 0.994892
-0.512000 0.994892
-0.508000 0.994892
-0.504000 0.994892
-0.500000 0.994892
-0.496000 0.994892
-0.492000 0.994892
-0.488000 0.994892
-0.484000 0.994892
-0.480000 0.994892
-0.476000 0.994892
-0.472000 0.994892
-0.468000 0.994892
-0.464000 0.994892
-0.460000 0.994892
-0.456000 0.994892
-0.452000 0.994892
-0.448000 0.994892
-0.444000 0.994892
-0.440000 0.994892
-0.436000 0.994892
-0.432000 0.994892
-0.428000 0.994892
-0.424000 0.994892
-0.420000 0.994892
-0.416000 0.994892
-0.412000 0.994892
-0.408000 0.994892
-0.404000 0.994892
-0.400000 0.994892
-0.396000 0.994892
-0.392000 0.994892
-0.388000 0.994892
-0.384000 0.994892
-0.380000 0.994892
-0.376000 0.994892
-0.372000 0.994892
-0.368000 0.994892
-0.364000 0.994892
-0.360000 0.994892
-0.356000 0.994892
-0.352000 0.994892
-0.348000 0.994892
-0.344000 0.994892
-0.340000 0.994892
-0.336000 0.994892
-0.332000 0.994892
-0.328000 0.994892
-0.324000 0.994892
-0.320000 0.994892
-0.316000 0.994892
-0.312000 0.994892
-0.308000 0.994892
-0.304000 0.994892
-0.300000 0.994892
-0.296000 0.994892
-0.292000 0.994892
-0.288000 0.994892
-0.284000 0.994892
-0.280000 0.994892
-0.276000 0.994892
-0.272000 0.994892
-0.268000 0.994892
-0.264000 0.994892
-0.260000 0.994892
-0.256000 0.994892
-0.252000 0.994892
-0.248000 0.994892
-0.244000 0.994892
-0.240000 0.994892
-0.236000 0.994892
-0.232000 0.994892
-0.228000 0.994892
-0.224000 0.994892
-0.220000 0.994892
-0.216000 0.994892
-0.212000 0.994892
-0.208000 0.994892
-0.204000 0.994892
-0.200000 0.994892
-0.196000 0.994892
-0.192000 0.994892
-0.188000 0.994892
-0.184000 0.994892
-0.180000 0.994892
-0.176000 0.994892
-0.172000 0.994892
-0.168000 0.994892
-0.164000 0.994892
-0.160000 0.994892
-0.156000 0.994892
-0.152000 0.994892
-0.148000 0.994892
-0.144000 0.994892
-0.140000 0.994892
-0.136000 0.994892
-0.132000 0.994892
-0.128000 0.994892
-0.124000 0.994892
-0.120000 0.994892
-0.116000 0.994892
-0.112000 0.994892
-0.108000 0.994892
-0.104000 0.994892
-0.100000 0.994892
-0.096000 0.994892
-0.092000 0.994892
-0.088000 0.994892
-0.084000 0.994892
-0.080000 0.994892
-0.076000 0.994892
-0.072000 0.994892
-0.068000 0.994892
-0.064000 0.994891
-0.060000 0.994891
-0.056000 0.994891
-0.052000 0.994891
-0.048000 0.994891
-0.044000 0.994891
-0.040000 0.994891
-0.036000 0.994891
-0.032000 0.994891
-0.028000 0.994891
-0.024000 0.994891
-0.020000 0.994891
-0.016000 0.994891
-0.012000 0.994891
-0.008000 0.994891
-0.004000 0.994891
0.000000 0.994891
0.004000 0.994890
0.008000 0.994890
0.012000 0.994890
0.016000 0.994890
0.020000 0.994890
0.024000 0.994890
0.028000 0.994890
0.032000 0.994890
0.036000 0.994889
0.040000 0.994889
0.044000 0.994889
0.048000 0.994889
0.052000 0.994889
0.056000 0.994888
0.060000 0.994888
0.064000 0.994888
0.068000 0.994888
0.072000 0.994888
0.076000 0.994887
0.080000 0.994887
0.084000 0.994887
0.088000 0.994886
0.092000 0.994886
0.096000 0.994886
0.100000 0.994885
0.104000 0.994885
0.108000 0.994885
0.112000 0.994884
0.116000 0.994884
0.120000 0.994883
0.124000 0.994883
0.128000 0.994882
0.132000 0.994882
0.136000 0.994881
0.140000 0.994881
0.144000 0.994880
0.148000 0.994879
0.152000 0.994879
0.156000 0.994878
0.160000 0.994877
0.164000 0.994877
0.168000 0.994876
0.172000 0.994875
0.176000 0.994874
0.180000 0.994873
0.184000 0.994872
0.188000 0.994871
0.192000 0.994870
0.196000 0.994869
0.200000 0.994868
0.204000 0.994867
0.208000 0.994866
0.212000 0.994864
0.216000 0.994863
0.220000 0.994862
0.224000 0.994860
0.228000 0.994859
0.232000 0.994857
0.236000 0.994856
0.240000 0.994854
0.244000 0.994852
0.248000 0.994851
0.252000 0.994849
0.256000 0.994847
0.260000 0.994845
0.264000 0.994843
0.268000 0.994841
0.272000 0.994839
0.276000 0.994836
0.280000 0.994834
0.284000 0.994832
0.288000 0.994829
0.292000 0.994827
0.296000 0.994824
0.300000 0.994821
0.304000 0.994819
0.308000 0.994816
0.312000 0.994813
0.316000 0.994810
0.320000 0.994806
0.324000 0.994803
0.328000 0.994800
0.332000 0.994796
0.336000 0.994793
0.340000 0.994789
0.344000 0.994785
0.348000 0.994781
0.352000 0.994777
0.356000 0.994773
0.360000 0.994769
0.364000 0.994764
0.368000 0.994760
0.372000 0.994755
0.376000 0.994751
0.380000 0.994746
0.384000 0.994741
0.388000 0.994736
0.392000 0.994731
0.396000 0.994725
0.400000 0.994720
0.404000 0.994714
0.408000 0.994709
0.412000 0.994703
0.416000 0.994697
0.420000 0.994691
0.424000 0.994685
0.428000 0.994678
0.432000 0.994672
0.436000 0.994665
0.440000 0.994658
0.444000 0.994651
0.448000 0.994644
0.452000 0.994637
0.456000 0.994630
0.460000 0.994622
0.464000 0.994615
0.468000 0.994607
0.472000 0.994599
0.476000 0.994591
0.480000 0.994583
0.484000 0.994575
0.488000 0.994566
0.492000 0.994558
0.496000 0.994549
0.500000 0.994540
0.504000 0.994531
0.508000 0.994522
0.512000 0.994513
0.516000 0.994504
0.520000 0.994494
0.524000 0.994484
0.528000 0.994475
0.532000 0.994465
0.536000 0.994455
0.540000 0.994445
0.544000 0.994434
0.548000 0.994424
0.552000 0.994413
0.556000 0.994403
0.560000 0.994392
0.564000 0.994381
0.568000 0.994370
0.572000 0.994359
0.576000 0.994348
0.580000 0.994336
0.584000 0.994325
0.588000 0.994313
0.592000 0.994302
0.596000 0.994290
0.600000 0.994278
0.604000 0.994266
0.608000 0.994254
0.612000 0.994242
0.616000 0.994230
0.620000 0.994218
0.624000 0.994206
0.628000 0.994193
0.632000 0.994181
0.636000 0.994168
0.640000 0.994155
0.644000 0.994143
0.648000 0.994130
0.652000 0.994117
0.656000 0.994104
0.660000 0.994092
0.664000 0.994079
0.668000 0.994066
0.672000 0.994053
0.676000 0.994040
0.680000 0.994027
0.684000 0.994013
0.688000 0.994000
0.692000 0.993987
0.696000 0.993974
0.700000 0.993961
0.704000 0.993948
0.708000 0.993935
0.712000 0.993921
0.716000 0.993908
0.720000 0.993895
0.724000 0.993882
0.728000 0.993869
0.732000 0.993856
0.736000 0.993843
0.740000 0.993830
0.744000 0.993817
0.748000 0.993804
0.752000 0.993791
0.756000 0.993778
0.760000 0.993765
0.764000 0.993752
0.768000 0.993739
0.772000 0.993726
0.776000 0.993714
0.780000 0.993701
0.784000 0.993689
0.788000 0.993676
0.792000 0.993664
0.796000 0.993651
0.800000 0.993639
0.804000 0.993627
0.808000 0.993615
0.812000 0.993603
0.816000 0.993591
0.820000 0.993579
0.824000 0.993567
0.828000 0.993556
0.832000 0.993544
0.836000 0.993533
0.840000 0.993521
0.844000 0.993510
0.848000 0.993499
0.852000 0.993488
0.856000 0.993477
0.860000 0.993466
0.864000 0.993455
0.868000 0.993444
0.872000 0.993434
0.876000 0.993424
0.880000 0.993413
0.884000 0.993403
0.888000 0.993393
0.892000 0.993383
0.896000 0.993373
0.900000 0.993364
0.904000 0.993354
0.908000 0.993345
0.912000 0.993335
0.916000 0.993326
0.920000 0.993317
0.924000 0.993308
0.928000 0.993299
0.932000 0.993291
0.936000 0.993282
0.940000 0.993274
0.944000 0.993265
0.948000 0.993257
0.952000 0.993249
0.956000 0.993241
0.960000 0.993233
0.964000 0.993225
0.968000 0.993217
0.972000 0.993209
0.976000 0.993200
0.980000 0.993191
0.984000 0.993182
0.988000 0.993172
0.992000 0.993160
0.996000 0.993147
1.000000 0.993131
