-1.000000 0.994892
-0.996000 0.994892
-0.992000 0.994892
-0.988000 0.994892
-0.984000 0.994892
-0.980000 0.994892
-0.976000 0.994892
-0.972000 0.994892
-0.968000 0.994892
-0.964000 0.994892
-0.960000 0.994892
-0.956000 0.994892
-0.952000 0.994892
-0.948000 0.994892
-0.944000 0.994892
-0.940000 0.994892
-0.936000 0.994892
-0.932000 0.994892
-0.928000 0.994892
-0.924000 0.994892
-0.920000 0.994892
-0.916000 0.994892
-0.912000 0.994892
-0.908000 0.994892
-0.904000 0.994892
-0.900000 0.994892
-0.896000 0.994892
-0.892000 0.994892
-0.888000 0.994892
-0.884000 0.994892
-0.880000 0.994892
-0.876000 0.994892
-0.872000 0.994892
-0.868000 0.994892
-0.864000 0.994892
-0.860000 0.994892
-0.856000 0.994892
-0.852000 0.994892
-0.848000 0.994892
-0.844000 0.994892
-0.840000 0.994892
-0.836000 0.994892
-0.832000 0.994892
-0.828000 0.994892
-0.824000 0.994892
-0.820000 0.994892
-0.816000 0.994892
-0.812000 0.994892
-0.808000 0.994892
-0.804000 0.994892
-0.800000 0.994892
-0.796000 0.994892
-0.792000 0.994892
-0.788000 0.994892
-0.784000 0.994892
-0.780000 0.994892
-0.776000 0.994892
-0.772000 0.994892
-0.768000 0.994892
-0.764000 0.994892
-0.760000 0.994892
-0.756000 0.994892
-0.752000 0.994892
-0.748000 0.994892
-0.744000 0.994892
-0.740000 0.994892
-0.736000 0.994892
-0.732000 0.994892
-0.728000 0.994892
-0.724000 0.994892
-0.720000 0.994892
-0.716000 0.994892
-0.712000 0.994892
-0.708000 0.994892
-0.704000 0.994892
-0.700000 0.994892
-0.696000 0.994892
-0.692000 0.994892
-0.688000 0.994892
-0.684000 0.994892
-0.680000 0.994892
-0.676000 0.994892
-0.672000 0.994892
-0.668000 0.994892
-0.664000 0.994892
-0.660000 0.994892
-0.656000 0.994892
-0.652000 0.994892
-0.648000 0.994892
-0.644000 0.994892
-0.640000 0.994892
-0.636000 0.994892
-0.632000 0.994892
-0.628000 0.994892
-0.624000 0.994892
-0.620000 0.994892
-0.616000 0.994892
-0.612000 0.994892
-0.608000 0.994892
-0.604000 0.994892
-0.600000 0.994892
-0.596000 0.994892
-0.592000 0.994892
-0.588000 0.994892
-0.584000 0.994892
-0.580000 0.994892
-0.576000 0.994892
-0.572000 0.994892
-0.568000 0.994892
-0.564000 0.994892
-0.560000 0.994892
-0.556000 0.994892
-0.552000 0.994892
-0.548000 0.994892
-0.544000 0.994892
-0.540000 0.994892
-0.536000 0.994892
-0.532000 0.994892
-0.528000 0.994892
-0.524000 0.994892
-0.520000 0.994892
-0.516000 0.994892
-0.512000 0.994892
-0.508000 0.994892
-0.504000 0.994892
-0.500000 0.994892
-0.496000 0.994892
-0.492000 0.994892
-0.488000 0.994892
-0.484000 0.994892
-0.480000 0.994892
-0.476000 0.994892
-0.472000 0.994892
-0.468000 0.994892
-0.464000 0.994892
-0.460000 0.994892
-0.456000 0.994892
-0.452000 0.994892
-0.448000 0.994892
-0.444000 0.994892
-0.440000 0.994892
-0.436000 0.994892
-0.432000 0.994892
-0.428000 0.994892
-0.424000 0.994892
-0.420000 0.994892
-0.416000 0.994892
-0.412000 0.994892
-0.408000 0.994892
-0.404000 0.994892
-0.400000 0.994892
-0.396000 0.994892
-0.392000 0.994892
-0.388000 0.994892
-0.384000 0.994892
-0.380000 0.994892
-0.376000 0.994892
-0.372000 0.994892
-0.368000 0.994892
-0.364000 0.994892
-0.360000 0.994892
-0.356000 0.994892
-0.352000 0.994892
-0.348000 0.994892
-0.344000 0.994892
-0.340000 0.994892
-0.336000 0.994892
-0.332000 0.994892
-0.328000 0.994892
-0.324000 0.994892
-0.320000 0.994892
-0.316000 0.994892
-0.312000 0.994892
-0.308000 0.994892
-0.304000 0.994892
-0.300000 0.994892
-0.296000 0.994892
-0.292000 0.994892
-0.288000 0.994892
-0.284000 0.994892
-0.280000 0.994892
-0.276000 0.994892
-0.272000 0.994892
-0.268000 0.994892
-0.264000 0.994892
-0.260000 0.994892
-0.256000 0.994892
-0.252000 0.994892
-0.248000 0.994892
-0.244000 0.994892
-0.240000 0.994892
-0.236000 0.994892
-0.232000 0.994892
-0.228000 0.994892
-0.224000 0.994892
-0.220000 0.994892
-0.216000 0.994892
-0.212000 0.994892
-0.208000 0.994892
-0.204000 0.994892
-0.200000 0.994892
-0.196000 0.994891
-0.192000 0.994891
-0.188000 0.994891
-0.184000 0.994891
-0.180000 0.994891
-0.176000 0.994891
-0.172000 0.994891
-0.168000 0.994891
-0.164000 0.994891
-0.160000 0.994891
-0.156000 0.994891
-0.152000 0.994891
-0.148000 0.994891
-0.144000 0.994891
-0.140000 0.994891
-0.136000 0.994890
-0.132000 0.994890
-0.128000 0.994890
-0.124000 0.994890
-0.120000 0.994890
-0.116000 0.994890
-0.112000 0.994890
-0.108000 0.994890
-0.104000 0.994889
-0.100000 0.994889
-0.096000 0.994889
-0.092000 0.994889
-0.088000 0.994889
-0.084000 0.994888
-0.080000 0.994888
-0.076000 0.994888
-0.072000 0.994888
-0.068000 0.994887
-0.064000 0.994887
-0.060000 0.994887
-0.056000 0.994886
-0.052000 0.994886
-0.048000 0.994886
-0.044000 0.994885
-0.040000 0.994885
-0.036000 0.994885
-0.032000 0.994884
-0.028000 0.994884
-0.024000 0.994883
-0.020000 0.994883
-0.016000 0.994882
-0.012000 0.994882
-0.008000 0.994881
-0.004000 0.994880
0.000000 0.994880
0.004000 0.994879
0.008000 0.994878
0.012000 0.994877
0.016000 0.994877
0.020000 0.994876
0.024000 0.994875
0.028000 0.994874
0.032000 0.994873
0.036000 0.994872
0.040000 0.994871
0.044000 0.994870
0.048000 0.994869
0.052000 0.994868
0.056000 0.994866
0.060000 0.994865
0.064000 0.994864
0.068000 0.994862
0.072000 0.994861
0.076000 0.994859
0.080000 0.994858
0.084000 0.994856
0.088000 0.994854
0.092000 0.994852
0.096000 0.994850
0.100000 0.994849
0.104000 0.994847
0.108000 0.994844
0.112000 0.994842
0.116000 0.994840
0.120000 0.994838
0.124000 0.994835
0.128000 0.994833
0.132000 0.994830
0.136000 0.994827
0.140000 0.994825
0.144000 0.994822
0.148000 0.994819
0.152000 0.994816
0.156000 0.994812
0.160000 0.994809
0.164000 0.994806
0.168000 0.994802
0.172000 0.994799
0.176000 0.994795
0.180000 0.994791
0.184000 0.994787
0.188000 0.994783
0.192000 0.994779
0.196000 0.994774
0.200000 0.994770
0.204000 0.994765
0.208000 0.994761
0.212000 0.994756
0.216000 0.994751
0.220000 0.994746
0.224000 0.994741
0.228000 0.994735
0.232000 0.994730
0.236000 0.994724
0.240000 0.994718
0.244000 0.994712
0.248000 0.994706
0.252000 0.994700
0.256000 0.994693
0.260000 0.994687
0.264000 0.994680
0.268000 0.994673
0.272000 0.994666
0.276000 0.994659
0.280000 0.994652
0.284000 0.994644
0.288000 0.994637
0.292000 0.994629
0.296000 0.994621
0.300000 0.994613
0.304000 0.994605
0.308000 0.994596
0.312000 0.994588
0.316000 0.994579
0.320000 0.994570
0.324000 0.994561
0.328000 0.994552
0.332000 0.994543
0.336000 0.994533
0.340000 0.994524
0.344000 0.994514
0.348000 0.994504
0.352000 0.994494
0.356000 0.994484
0.360000 0.994473
0.364000 0.994463
0.368000 0.994452
0.372000 0.994441
0.376000 0.994430
0.380000 0.994419
0.384000 0.994408
0.388000 0.994397
0.392000 0.994385
0.396000 0.994374
0.400000 0.994362
0.404000 0.994350
0.408000 0.994338
0.412000 0.994326
0.416000 0.994314
0.420000 0.994302
0.424000 0.994289
0.428000 0.994277
0.432000 0.994264
0.436000 0.994251
0.440000 0.994238
0.444000 0.994226
0.448000 0.994213
0.452000 0.994199
0.456000 0.994186
0.460000 0.994173
0.464000 0.994160
0.468000 0.994146
0.472000 0.994133
0.476000 0.994119
0.480000 0.994106
0.484000 0.994092
0.488000 0.994078
0.492000 0.994065
0.496000 0.994051
0.500000 0.994037
0.504000 0.994023
0.508000 0.994010
0.512000 0.993996
0.516000 0.993982
0.520000 0.993968
0.524000 0.993954
0.528000 0.993940
0.532000 0.993926
0.536000 0.993912
0.540000 0.993898
0.544000 0.993884
0.548000 0.993871
0.552000 0.993857
0.556000 0.993843
0.560000 0.993829
0.564000 0.993815
0.568000 0.993802
0.572000 0.993788
0.576000 0.993774
0.580000 0.993761
0.584000 0.993747
0.588000 0.993734
0.592000 0.993720
0.596000 0.993707
0.600000 0.993693
0.604000 0.993680
0.608000 0.993667
0.612000 0.993654
0.616000 0.993641
0.620000 0.993628
0.624000 0.993615
0.628000 0.993603
0.632000 0.993590
0.636000 0.993578
0.640000 0.993565
0.644000 0.993553
0.648000 0.993541
0.652000 0.993529
0.656000 0.993517
0.660000 0.993505
0.664000 0.993493
0.668000 0.993481
0.672000 0.993470
0.676000 0.993459
0.680000 0.993447
0.684000 0.993436
0.688000 0.993425
0.692000 0.993414
0.696000 0.993404
0.700000 0.993393
0.704000 0.993383
0.708000 0.993372
0.712000 0.993362
0.716000 0.993352
0.720000 0.993342
0.724000 0.993332
0.728000 0.993323
0.732000 0.993313
0.736000 0.993304
0.740000 0.993295
0.744000 0.993286
0.748000 0.993277
0.752000 0.993268
0.756000 0.993259
0.760000 0.993251
0.764000 0.993242
0.768000 0.993234
0.772000 0.993226
0.776000 0.993218
0.780000 0.993210
0.784000 0.993203
0.788000 0.993195
0.792000 0.993188
0.796000 0.993181
0.800000 0.993174
0.804000 0.993167
0.808000 0.993160
0.812000 0.993153
0.816000 0.993147
0.820000 0.993140
0.824000 0.993134
0.828000 0.993128
0.832000 0.993122
0.836000 0.993116
0.840000 0.993110
0.844000 0.993105
0.848000 0.993099
0.852000 0.993094
0.856000 0.993089
0.860000 0.993084
0.864000 0.993079
0.868000 0.993074
0.872000 0.993069
0.876000 0.993064
0.880000 0.993060
0.884000 0.993056
0.888000 0.993051
0.892000 0.993047
0.896000 0.993043
0.900000 0.993039
0.904000 0.993035
0.908000 0.993031
0.912000 0.993028
0.916000 0.993024
0.920000 0.993021
0.924000 0.993017
0.928000 0.993014
0.932000 0.993011
0.936000 0.993008
0.940000 0.993004
0.944000 0.993002
0.948000 0.992999
0.952000 0.992996
0.956000 0.992993
0.960000 0.992990
0.964000 0.992988
0.968000 0.992985
0.972000 0.992983
0.976000 0.992980
0.980000 0.992977
0.984000 0.992974
0.988000 0.992971
0.992000 0.992968
0.996000 0.992964
1.000000 0.992959
