-1.000000 0.994892
-0.996000 0.994892
-0.992000 0.994892
-0.988000 0.994892
-0.984000 0.994892
-0.980000 0.994892
-0.976000 0.994892
-0.972000 0.994892
-0.968000 0.994892
-0.964000 0.994892
-0.960000 0.994892
-0.956000 0.994892
-0.952000 0.994892
-0.948000 0.994892
-0.944000 0.994892
-0.940000 0.994892
-0.936000 0.994892
-0.932000 0.994892
-0.928000 0.994892
-0.924000 0.994892
-0.920000 0.994892
-0.916000 0.994892
-0.912000 0.994892
-0.908000 0.994892
-0.904000 0.994892
-0.900000 0.994892
-0.896000 0.994892
-0.892000 0.994892
-0.888000 0.994892
-0.884000 0.994892
-0.880000 0.994892
-0.876000 0.994892
-0.872000 0.994892
-0.868000 0.994892
-0.864000 0.994892
-0.860000 0.994892
-0.856000 0.994892
-0.852000 0.994892
-0.848000 0.994892
-0.844000 0.994892
-0.840000 0.994892
-0.836000 0.994892
-0.832000 0.994892
-0.828000 0.994892
-0.824000 0.994892
-0.820000 0.994892
-0.816000 0.994892
-0.812000 0.994892
-0.808000 0.994892
-0.804000 0.994892
-0.800000 0.994892
-0.796000 0.994892
-0.792000 0.994892
-0.788000 0.994892
-0.784000 0.994892
-0.780000 0.994892
-0.776000 0.994892
-0.772000 0.994892
-0.768000 0.994892
-0.764000 0.994892
-0.760000 0.994892
-0.756000 0.994892
-0.752000 0.994892
-0.748000 0.994892
-0.744000 0.994892
-0.740000 0.994892
-0.736000 0.994892
-0.732000 0.994892
-0.728000 0.994892
-0.724000 0.994892
-0.720000 0.994892
-0.716000 0.994892
-0.712000 0.994892
-0.708000 0.994892
-0.704000 0.994892
-0.700000 0.994892
-0.696000 0.994892
-0.692000 0.994892
-0.688000 0.994892
-0.684000 0.994892
-0.680000 0.994892
-0.676000 0.994892
-0.672000 0.994892
-0.668000 0.994892
-0.664000 0.994892
-0.660000 0.994892
-0.656000 0.994892
-0.652000 0.994892
-0.648000 0.994892
-0.644000 0.994892
-0.640000 0.994892
-0.636000 0.994892
-0.632000 0.994892
-0.628000 0.994892
-0.624000 0.994892
-0.620000 0.994892
-0.616000 0.994892
-0.612000 0.994892
-0.608000 0.994892
-0.604000 0.994892
-0.600000 0.994892
-0.596000 0.994892
-0.592000 0.994892
-0.588000 0.994892
-0.584000 0.994892
-0.580000 0.994892
-0.576000 0.994892
-0.572000 0.994892
-0.568000 0.994892
-0.564000 0.994892
-0.560000 0.994892
-0.556000 0.994892
-0.552000 0.994892
-0.548000 0.994892
-0.544000 0.994892
-0.540000 0.994892
-0.536000 0.994892
-0.532000 0.994892
-0.528000 0.994892
-0.524000 0.994892
-0.520000 0.994892
-0.516000 0.994892
-0.512000 0.994892
-0.508000 0.994892
-0.504000 0.994892
-0.500000 0.994892
-0.496000 0.994892
-0.492000 0.994892
-0.488000 0.994892
-0.484000 0.994892
-0.480000 0.994892
-0.476000 0.994892
-0.472000 0.994892
-0.468000 0.994892
-0.464000 0.994892
-0.460000 0.994892
-0.456000 0.994892
-0.452000 0.994892
-0.448000 0.994892
-0.444000 0.994892
-0.440000 0.994892
-0.436000 0.994892
-0.432000 0.994892
-0.428000 0.994892
-0.424000 0.994892
-0.420000 0.994892
-0.416000 0.994892
-0.412000 0.994892
-0.408000 0.994892
-0.404000 0.994892
-0.400000 0.994892
-0.396000 0.994892
-0.392000 0.994892
-0.388000 0.994892
-0.384000 0.994892
-0.380000 0.994892
-0.376000 0.994892
-0.372000 0.994892
-0.368000 0.994892
-0.364000 0.994892
-0.360000 0.994892
-0.356000 0.994892
-0.352000 0.994892
-0.348000 0.994892
-0.344000 0.994892
-0.340000 0.994892
-0.336000 0.994892
-0.332000 0.994892
-0.328000 0.994892
-0.324000 0.994892
-0.320000 0.994892
-0.316000 0.994892
-0.312000 0.994892
-0.308000 0.994892
-0.304000 0.994892
-0.300000 0.994892
-0.296000 0.994892
-0.292000 0.994892
-0.288000 0.994892
-0.284000 0.994892
-0.280000 0.994892
-0.276000 0.994892
-0.272000 0.994892
-0.268000 0.994892
-0.264000 0.994892
-0.260000 0.994892
-0.256000 0.994892
-0.252000 0.994892
-0.248000 0.994892
-0.244000 0.994892
-0.240000 0.994892
-0.236000 0.994892
-0.232000 0.994892
-0.228000 0.994892
-0.224000 0.994892
-0.220000 0.994892
-0.216000 0.994892
-0.212000 0.994892
-0.208000 0.994892
-0.204000 0.994892
-0.200000 0.994892
-0.196000 0.994892
-0.192000 0.994892
-0.188000 0.994892
-0.184000 0.994892
-0.180000 0.994892
-0.176000 0.994892
-0.172000 0.994892
-0.168000 0.994892
-0.164000 0.994892
-0.160000 0.994892
-0.156000 0.994892
-0.152000 0.994892
-0.148000 0.994892
-0.144000 0.994892
-0.140000 0.994892
-0.136000 0.994892
-0.132000 0.994892
-0.128000 0.994892
-0.124000 0.994892
-0.120000 0.994892
-0.116000 0.994892
-0.112000 0.994892
-0.108000 0.994892
-0.104000 0.994892
-0.100000 0.994892
-0.096000 0.994892
-0.092000 0.994891
-0.088000 0.994891
-0.084000 0.994891
-0.080000 0.994891
-0.076000 0.994891
-0.072000 0.994891
-0.068000 0.994891
-0.064000 0.994891
-0.060000 0.994891
-0.056000 0.994891
-0.052000 0.994891
-0.048000 0.994891
-0.044000 0.994891
-0.040000 0.994891
-0.036000 0.994891
-0.032000 0.994891
-0.028000 0.994890
-0.024000 0.994890
-0.020000 0.994890
-0.016000 0.994890
-0.012000 0.994890
-0.008000 0.994890
-0.004000 0.994890
0.000000 0.994890
0.004000 0.994889
0.008000 0.994889
0.012000 0.994889
0.016000 0.994889
0.020000 0.994889
0.024000 0.994889
0.028000 0.994888
0.032000 0.994888
0.036000 0.994888
0.040000 0.994888
0.044000 0.994887
0.048000 0.994887
0.052000 0.994887
0.056000 0.994886
0.060000 0.994886
0.064000 0.994886
0.068000 0.994885
0.072000 0.994885
0.076000 0.994885
0.080000 0.994884
0.084000 0.994884
0.088000 0.994883
0.092000 0.994883
0.096000 0.994882
0.100000 0.994882
0.104000 0.994881
0.108000 0.994881
0.112000 0.994880
0.116000 0.994879
0.120000 0.994879
0.124000 0.994878
0.128000 0.994877
0.132000 0.994876
0.136000 0.994876
0.140000 0.994875
0.144000 0.994874
0.148000 0.994873
0.152000 0.994872
0.156000 0.994871
0.160000 0.994870
0.164000 0.994869
0.168000 0.994868
0.172000 0.994866
0.176000 0.994865
0.180000 0.994864
0.184000 0.994863
0.188000 0.994861
0.192000 0.994860
0.196000 0.994858
0.200000 0.994857
0.204000 0.994855
0.208000 0.994853
0.212000 0.994852
0.216000 0.994850
0.220000 0.994848
0.224000 0.994846
0.228000 0.994844
0.232000 0.994842
0.236000 0.994840
0.240000 0.994837
0.244000 0.994835
0.248000 0.994833
0.252000 0.994830
0.256000 0.994828
0.260000 0.994825
0.264000 0.994822
0.268000 0.994819
0.272000 0.994817
0.276000 0.994814
0.280000 0.994810
0.284000 0.994807
0.288000 0.994804
0.292000 0.994801
0.296000 0.994797
0.300000 0.994793
0.304000 0.994790
0.308000 0.994786
0.312000 0.994782
0.316000 0.994778
0.320000 0.994774
0.324000 0.994769
0.328000 0.994765
0.332000 0.994761
0.336000 0.994756
0.340000 0.994751
0.344000 0.994746
0.348000 0.994741
0.352000 0.994736
0.356000 0.994731
0.360000 0.994726
0.364000 0.994720
0.368000 0.994714
0.372000 0.994709
0.376000 0.994703
0.380000 0.994697
0.384000 0.994691
0.388000 0.994684
0.392000 0.994678
0.396000 0.994671
0.400000 0.994665
0.404000 0.994658
0.408000 0.994651
0.412000 0.994644
0.416000 0.994636
0.420000 0.994629
0.424000 0.994621
0.428000 0.994614
0.432000 0.994606
0.436000 0.994598
0.440000 0.994590
0.444000 0.994581
0.448000 0.994573
0.452000 0.994564
0.456000 0.994556
0.460000 0.994547
0.464000 0.994538
0.468000 0.994529
0.472000 0.994519
0.476000 0.994510
0.480000 0.994500
0.484000 0.994491
0.488000 0.994481
0.492000 0.994471
0.496000 0.994461
0.500000 0.994451
0.504000 0.994440
0.508000 0.994430
0.512000 0.994419
0.516000 0.994409
0.520000 0.994398
0.524000 0.994387
0.528000 0.994376
0.532000 0.994365
0.536000 0.994353
0.540000 0.994342
0.544000 0.994330
0.548000 0.994319
0.552000 0.994307
0.556000 0.994295
0.560000 0.994283
0.564000 0.994271
0.568000 0.994259
0.572000 0.994247
0.576000 0.994235
0.580000 0.994222
0.584000 0.994210
0.588000 0.994197
0.592000 0.994185
0.596000 0.994172
0.600000 0.994159
0.604000 0.994146
0.608000 0.994133
0.612000 0.994121
0.616000 0.994108
0.620000 0.994095
0.624000 0.994081
0.628000 0.994068
0.632000 0.994055
0.636000 0.994042
0.640000 0.994029
0.644000 0.994016
0.648000 0.994002
0.652000 0.993989
0.656000 0.993976
0.660000 0.993962
0.664000 0.993949
0.668000 0.993936
0.672000 0.993922
0.676000 0.993909
0.680000 0.993896
0.684000 0.993882
0.688000 0.993869
0.692000 0.993856
0.696000 0.993843
0.700000 0.993829
0.704000 0.993816
0.708000 0.993803
0.712000 0.993790
0.716000 0.993777
0.720000 0.993764
0.724000 0.993751
0.728000 0.993738
0.732000 0.993725
0.736000 0.993712
0.740000 0.993700
0.744000 0.993687
0.748000 0.993674
0.752000 0.993662
0.756000 0.993649
0.760000 0.993637
0.764000 0.993625
0.768000 0.993612
0.772000 0.993600
0.776000 0.993588
0.780000 0.993576
0.784000 0.993564
0.788000 0.993552
0.792000 0.993541
0.796000 0.993529
0.800000 0.993518
0.804000 0.993506
0.808000 0.993495
0.812000 0.993484
0.816000 0.993473
0.820000 0.993462
0.824000 0.993451
0.828000 0.993440
0.832000 0.993430
0.836000 0.993419
0.840000 0.993409
0.844000 0.993399
0.848000 0.993389
0.852000 0.993379
0.856000 0.993369
0.860000 0.993359
0.864000 0.993350
0.868000 0.993340
0.872000 0.993331
0.876000 0.993322
0.880000 0.993312
0.884000 0.993304
0.888000 0.993295
0.892000 0.993286
0.896000 0.993277
0.900000 0.993269
0.904000 0.993261
0.908000 0.993253
0.912000 0.993245
0.916000 0.993237
0.920000 0.993229
0.924000 0.993221
0.928000 0.993214
0.932000 0.993206
0.936000 0.993199
0.940000 0.993192
0.944000 0.993185
0.948000 0.993178
0.952000 0.993171
0.956000 0.993164
0.960000 0.993158
0.964000 0.993151
0.968000 0.993144
0.972000 0.993137
0.976000 0.993131
0.980000 0.993123
0.984000 0.993116
0.988000 0.993108
0.992000 0.993098
0.996000 0.993087
1.000000 0.993074
