-1.000000 0.994892
-0.996000 0.994892
-0.992000 0.994892
-0.988000 0.994892
-0.984000 0.994892
-0.980000 0.994892
-0.976000 0.994892
-0.972000 0.994892
-0.968000 0.994892
-0.964000 0.994892
-0.960000 0.994892
-0.956000 0.994892
-0.952000 0.994892
-0.948000 0.994892
-0.944000 0.994892
-0.940000 0.994892
-0.936000 0.994892
-0.932000 0.994892
-0.928000 0.994892
-0.924000 0.994892
-0.920000 0.994892
-0.916000 0.994892
-0.912000 0.994892
-0.908000 0.994892
-0.904000 0.994892
-0.900000 0.994892
-0.896000 0.994892
-0.892000 0.994892
-0.888000 0.994892
-0.884000 0.994892
-0.880000 0.994892
-0.876000 0.994892
-0.872000 0.994892
-0.868000 0.994892
-0.864000 0.994892
-0.860000 0.994892
-0.856000 0.994892
-0.852000 0.994892
-0.848000 0.994892
-0.844000 0.994892
-0.840000 0.994892
-0.836000 0.994892
-0.832000 0.994892
-0.828000 0.994892
-0.824000 0.994892
-0.820000 0.994892
-0.816000 0.994892
-0.812000 0.994892
-0.808000 0.994892
-0.804000 0.994892
-0.800000 0.994892
-0.796000 0.994892
-0.792000 0.994892
-0.788000 0.994892
-0.784000 0.994892
-0.780000 0.994892
-0.776000 0.994892
-0.772000 0.994892
-0.768000 0.994892
-0.764000 0.994892
-0.760000 0.994892
-0.756000 0.994892
-0.752000 0.994892
-0.748000 0.994892
-0.744000 0.994892
-0.740000 0.994892
-0.736000 0.994892
-0.732000 0.994892
-0.728000 0.994892
-0.724000 0.994892
-0.720000 0.994892
-0.716000 0.994892
-0.712000 0.994892
-0.708000 0.994892
-0.704000 0.994892
-0.700000 0.994892
-0.696000 0.994892
-0.692000 0.994892
-0.688000 0.994892
-0.684000 0.994892
-0.680000 0.994892
-0.676000 0.994892
-0.672000 0.994892
-0.668000 0.994892
-0.664000 0.994892
-0.660000 0.994892
-0.656000 0.994892
-0.652000 0.994892
-0.648000 0.994892
-0.644000 0.994892
-0.640000 0.994892
-0.636000 0.994892
-0.632000 0.994892
-0.628000 0.994892
-0.624000 0.994892
-0.620000 0.994892
-0.616000 0.994892
-0.612000 0.994892
-0.608000 0.994892
-0.604000 0.994892
-0.600000 0.994892
-0.596000 0.994892
-0.592000 0.994892
-0.588000 0.994892
-0.584000 0.994892
-0.580000 0.994892
-0.576000 0.994892
-0.572000 0.994892
-0.568000 0.994892
-0.564000 0.994892
-0.560000 0.994892
-0.556000 0.994892
-0.552000 0.994892
-0.548000 0.994892
-0.544000 0.994892
-0.540000 0.994892
-0.536000 0.994892
-0.532000 0.994892
-0.528000 0.994892
-0.524000 0.994892
-0.520000 0.994892
-0.516000 0.994892
-0.512000 0.994892
-0.508000 0.994892
-0.504000 0.994892
-0.500000 0.994892
-0.496000 0.994892
-0.492000 0.994892
-0.488000 0.994892
-0.484000 0.994892
-0.480000 0.994892
-0.476000 0.994892
-0.472000 0.994892
-0.468000 0.994892
-0.464000 0.994892
-0.460000 0.994891
-0.456000 0.994891
-0.452000 0.994891
-0.448000 0.994891
-0.444000 0.994891
-0.440000 0.994891
-0.436000 0.994891
-0.432000 0.994891
-0.428000 0.994891
-0.424000 0.994891
-0.420000 0.994891
-0.416000 0.994891
-0.412000 0.994891
-0.408000 0.994890
-0.404000 0.994890
-0.400000 0.994890
-0.396000 0.994890
-0.392000 0.994890
-0.388000 0.994890
-0.384000 0.994889
-0.380000 0.994889
-0.376000 0.994889
-0.372000 0.994889
-0.368000 0.994889
-0.364000 0.994888
-0.360000 0.994888
-0.356000 0.994888
-0.352000 0.994887
-0.348000 0.994887
-0.344000 0.994887
-0.340000 0.994886
-0.336000 0.994886
-0.332000 0.994885
-0.328000 0.994885
-0.324000 0.994884
-0.320000 0.994884
-0.316000 0.994883
-0.312000 0.994883
-0.308000 0.994882
-0.304000 0.994881
-0.300000 0.994881
-0.296000 0.994880
-0.292000 0.994879
-0.288000 0.994878
-0.284000 0.994877
-0.280000 0.994876
-0.276000 0.994875
-0.272000 0.994874
-0.268000 0.994873
-0.264000 0.994872
-0.260000 0.994871
-0.256000 0.994870
-0.252000 0.994868
-0.248000 0.994867
-0.244000 0.994865
-0.240000 0.994864
-0.236000 0.994862
-0.232000 0.994860
-0.228000 0.994859
-0.224000 0.994857
-0.220000 0.994855
-0.216000 0.994853
-0.212000 0.994850
-0.208000 0.994848
-0.204000 0.994846
-0.200000 0.994843
-0.196000 0.994841
-0.192000 0.994838
-0.188000 0.994835
-0.184000 0.994832
-0.180000 0.994829
-0.176000 0.994826
-0.172000 0.994823
-0.168000 0.994819
-0.164000 0.994816
-0.160000 0.994812
-0.156000 0.994808
-0.152000 0.994804
-0.148000 0.994800
-0.144000 0.994796
-0.140000 0.994791
-0.136000 0.994787
-0.132000 0.994782
-0.128000 0.994777
-0.124000 0.994772
-0.120000 0.994767
-0.116000 0.994761
-0.112000 0.994756
-0.108000 0.994750
-0.104000 0.994744
-0.100000 0.994738
-0.096000 0.994731
-0.092000 0.994725
-0.088000 0.994718
-0.084000 0.994711
-0.080000 0.994704
-0.076000 0.994697
-0.072000 0.994689
-0.068000 0.994681
-0.064000 0.994674
-0.060000 0.994665
-0.056000 0.994657
-0.052000 0.994649
-0.048000 0.994640
-0.044000 0.994631
-0.040000 0.994622
-0.036000 0.994613
-0.032000 0.994603
-0.028000 0.994593
-0.024000 0.994583
-0.020000 0.994573
-0.016000 0.994563
-0.012000 0.994552
-0.008000 0.994541
-0.004000 0.994530
0.000000 0.994519
0.004000 0.994508
0.008000 0.994496
0.012000 0.994484
0.016000 0.994472
0.020000 0.994460
0.024000 0.994448
0.028000 0.994435
0.032000 0.994423
0.036000 0.994410
0.040000 0.994397
0.044000 0.994383
0.048000 0.994370
0.052000 0.994356
0.056000 0.994343
0.060000 0.994329
0.064000 0.994315
0.068000 0.994300
0.072000 0.994286
0.076000 0.994272
0.080000 0.994257
0.084000 0.994242
0.088000 0.994227
0.092000 0.994212
0.096000 0.994197
0.100000 0.994182
0.104000 0.994167
0.108000 0.994152
0.112000 0.994136
0.116000 0.994121
0.120000 0.994105
0.124000 0.994089
0.128000 0.994073
0.132000 0.994058
0.136000 0.994042
0.140000 0.994026
0.144000 0.994010
0.148000 0.993994
0.152000 0.993978
0.156000 0.993962
0.160000 0.993946
0.164000 0.993930
0.168000 0.993914
0.172000 0.993898
0.176000 0.993882
0.180000 0.993866
0.184000 0.993850
0.188000 0.993834
0.192000 0.993819
0.196000 0.993803
0.200000 0.993787
0.204000 0.993772
0.208000 0.993756
0.212000 0.993740
0.216000 0.993725
0.220000 0.993710
0.224000 0.993694
0.228000 0.993679
0.232000 0.993664
0.236000 0.993649
0.240000 0.993634
0.244000 0.993620
0.248000 0.993605
0.252000 0.993591
0.256000 0.993576
0.260000 0.993562
0.264000 0.993548
0.268000 0.993534
0.272000 0.993520
0.276000 0.993507
0.280000 0.993493
0.284000 0.993480
0.288000 0.993467
0.292000 0.993454
0.296000 0.993441
0.300000 0.993428
0.304000 0.993416
0.308000 0.993404
0.312000 0.993392
0.316000 0.993380
0.320000 0.993368
0.324000 0.993356
0.328000 0.993345
0.332000 0.993334
0.336000 0.993323
0.340000 0.993312
0.344000 0.993301
0.348000 0.993291
0.352000 0.993281
0.356000 0.993270
0.360000 0.993261
0.364000 0.993251
0.368000 0.993241
0.372000 0.993232
0.376000 0.993223
0.380000 0.993214
0.384000 0.993205
0.388000 0.993197
0.392000 0.993188
0.396000 0.993180
0.400000 0.993172
0.404000 0.993164
0.408000 0.993156
0.412000 0.993149
0.416000 0.993142
0.420000 0.993134
0.424000 0.993127
0.428000 0.993121
0.432000 0.993114
0.436000 0.993108
0.440000 0.993101
0.444000 0.993095
0.448000 0.993089
0.452000 0.993083
0.456000 0.993078
0.460000 0.993072
0.464000 0.993067
0.468000 0.993062
0.472000 0.993057
0.476000 0.993052
0.480000 0.993047
0.484000 0.993042
0.488000 0.993038
0.492000 0.993033
0.496000 0.993029
0.500000 0.993025
0.504000 0.993021
0.508000 0.993017
0.512000 0.993013
0.516000 0.993010
0.520000 0.993006
0.524000 0.993003
0.528000 0.993000
0.532000 0.992996
0.536000 0.992993
0.540000 0.992990
0.544000 0.992988
0.548000 0.992985
0.552000 0.992982
0.556000 0.992980
0.560000 0.992977
0.564000 0.992975
0.568000 0.992972
0.572000 0.992970
0.576000 0.992968
0.580000 0.992966
0.584000 0.992964
0.588000 0.992962
0.592000 0.992960
0.596000 0.992958
0.600000 0.992957
0.604000 0.992955
0.608000 0.992953
0.612000 0.992952
0.616000 0.992950
0.620000 0.992949
0.624000 0.992948
0.628000 0.992946
0.632000 0.992945
0.636000 0.992944
0.640000 0.992943
0.644000 0.992942
0.648000 0.992941
0.652000 0.992940
0.656000 0.992939
0.660000 0.992938
0.664000 0.992937
0.668000 0.992936
0.672000 0.992935
0.676000 0.992934
0.680000 0.992934
0.684000 0.992933
0.688000 0.992932
0.692000 0.992932
0.696000 0.992931
0.700000 0.992930
0.704000 0.992930
0.708000 0.992929
0.712000 0.992929
0.716000 0.992928
0.720000 0.992928
0.724000 0.992927
0.728000 0.992927
0.732000 0.992926
0.736000 0.992926
0.740000 0.992926
0.744000 0.992925
0.748000 0.992925
0.752000 0.992925
0.756000 0.992924
0.760000 0.992924
0.764000 0.992924
0.768000 0.992924
0.772000 0.992923
0.776000 0.992923
0.780000 0.992923
0.784000 0.992923
0.788000 0.992922
0.792000 0.992922
0.796000 0.992922
0.800000 0.992922
0.804000 0.992922
0.808000 0.992922
0.812000 0.992921
0.816000 0.992921
0.820000 0.992921
0.824000 0.992921
0.828000 0.992921
0.832000 0.992921
0.836000 0.992921
0.840000 0.992921
0.844000 0.992921
0.848000 0.992920
0.852000 0.992920
0.856000 0.992920
0.860000 0.992920
0.864000 0.992920
0.868000 0.992920
0.872000 0.992920
0.876000 0.992920
0.880000 0.992920
0.884000 0.992920
0.888000 0.992920
0.892000 0.992920
0.896000 0.992920
0.900000 0.992920
0.904000 0.992920
0.908000 0.992920
0.912000 0.992920
0.916000 0.992920
0.920000 0.992919
0.924000 0.992919
0.928000 0.992919
0.932000 0.992919
0.936000 0.992919
0.940000 0.992919
0.944000 0.992919
0.948000 0.992919
0.952000 0.992919
0.956000 0.992919
0.960000 0.992919
0.964000 0.992919
0.968000 0.992919
0.972000 0.992919
0.976000 0.992919
0.980000 0.992919
0.984000 0.992919
0.988000 0.992919
0.992000 0.992919
0.996000 0.992919
1.000000 0.992919
