-1.000000 0.994892
-0.996000 0.994892
-0.992000 0.994892
-0.988000 0.994892
-0.984000 0.994892
-0.980000 0.994892
-0.976000 0.994892
-0.972000 0.994892
-0.968000 0.994892
-0.964000 0.994892
-0.960000 0.994892
-0.956000 0.994892
-0.952000 0.994892
-0.948000 0.994892
-0.944000 0.994892
-0.940000 0.994892
-0.936000 0.994892
-0.932000 0.994892
-0.928000 0.994892
-0.924000 0.994892
-0.920000 0.994892
-0.916000 0.994892
-0.912000 0.994892
-0.908000 0.994892
-0.904000 0.994892
-0.900000 0.994892
-0.896000 0.994892
-0.892000 0.994892
-0.888000 0.994892
-0.884000 0.994892
-0.880000 0.994892
-0.876000 0.994892
-0.872000 0.994892
-0.868000 0.994892
-0.864000 0.994892
-0.860000 0.994892
-0.856000 0.994892
-0.852000 0.994892
-0.848000 0.994892
-0.844000 0.994892
-0.840000 0.994892
-0.836000 0.994892
-0.832000 0.994892
-0.828000 0.994892
-0.824000 0.994892
-0.820000 0.994892
-0.816000 0.994892
-0.812000 0.994892
-0.808000 0.994892
-0.804000 0.994892
-0.800000 0.994892
-0.796000 0.994892
-0.792000 0.994892
-0.788000 0.994892
-0.784000 0.994892
-0.780000 0.994892
-0.776000 0.994892
-0.772000 0.994892
-0.768000 0.994892
-0.764000 0.994892
-0.760000 0.994892
-0.756000 0.994892
-0.752000 0.994892
-0.748000 0.994892
-0.744000 0.994892
-0.740000 0.994892
-0.736000 0.994892
-0.732000 0.994892
-0.728000 0.994892
-0.724000 0.994892
-0.720000 0.994892
-0.716000 0.994892
-0.712000 0.994892
-0.708000 0.994892
-0.704000 0.994892
-0.700000 0.994892
-0.696000 0.994892
-0.692000 0.994892
-0.688000 0.994892
-0.684000 0.994892
-0.680000 0.994892
-0.676000 0.994892
-0.672000 0.994892
-0.668000 0.994892
-0.664000 0.994892
-0.660000 0.994892
-0.656000 0.994892
-0.652000 0.994892
-0.648000 0.994892
-0.644000 0.994892
-0.640000 0.994892
-0.636000 0.994892
-0.632000 0.994892
-0.628000 0.994892
-0.624000 0.994892
-0.620000 0.994892
-0.616000 0.994892
-0.612000 0.994892
-0.608000 0.994892
-0.604000 0.994892
-0.600000 0.994892
-0.596000 0.994892
-0.592000 0.994892
-0.588000 0.994892
-0.584000 0.994892
-0.580000 0.994892
-0.576000 0.994892
-0.572000 0.994892
-0.568000 0.994892
-0.564000 0.994892
-0.560000 0.994892
-0.556000 0.994892
-0.552000 0.994892
-0.548000 0.994892
-0.544000 0.994892
-0.540000 0.994892
-0.536000 0.994892
-0.532000 0.994892
-0.528000 0.994892
-0.524000 0.994892
-0.520000 0.994892
-0.516000 0.994892
-0.512000 0.994892
-0.508000 0.994892
-0.504000 0.994892
-0.500000 0.994892
-0.496000 0.994892
-0.492000 0.994892
-0.488000 0.994892
-0.484000 0.994892
-0.480000 0.994892
-0.476000 0.994892
-0.472000 0.994892
-0.468000 0.994892
-0.464000 0.994892
-0.460000 0.994892
-0.456000 0.994892
-0.452000 0.994892
-0.448000 0.994892
-0.444000 0.994892
-0.440000 0.994892
-0.436000 0.994892
-0.432000 0.994892
-0.428000 0.994892
-0.424000 0.994892
-0.420000 0.994892
-0.416000 0.994892
-0.412000 0.994892
-0.408000 0.994892
-0.404000 0.994892
-0.400000 0.994892
-0.396000 0.994892
-0.392000 0.994892
-0.388000 0.994892
-0.384000 0.994892
-0.380000 0.994892
-0.376000 0.994892
-0.372000 0.994892
-0.368000 0.994891
-0.364000 0.994891
-0.360000 0.994891
-0.356000 0.994891
-0.352000 0.994891
-0.348000 0.994891
-0.344000 0.994891
-0.340000 0.994891
-0.336000 0.994891
-0.332000 0.994891
-0.328000 0.994891
-0.324000 0.994891
-0.320000 0.994891
-0.316000 0.994890
-0.312000 0.994890
-0.308000 0.994890
-0.304000 0.994890
-0.300000 0.994890
-0.296000 0.994890
-0.292000 0.994890
-0.288000 0.994889
-0.284000 0.994889
-0.280000 0.994889
-0.276000 0.994889
-0.272000 0.994889
-0.268000 0.994888
-0.264000 0.994888
-0.260000 0.994888
-0.256000 0.994888
-0.252000 0.994887
-0.248000 0.994887
-0.244000 0.994887
-0.240000 0.994886
-0.236000 0.994886
-0.232000 0.994885
-0.228000 0.994885
-0.224000 0.994884
-0.220000 0.994884
-0.216000 0.994883
-0.212000 0.994883
-0.208000 0.994882
-0.204000 0.994882
-0.200000 0.994881
-0.196000 0.994880
-0.192000 0.994880
-0.188000 0.994879
-0.184000 0.994878
-0.180000 0.994877
-0.176000 0.994876
-0.172000 0.994875
-0.168000 0.994874
-0.164000 0.994873
-0.160000 0.994872
-0.156000 0.994871
-0.152000 0.994870
-0.148000 0.994869
-0.144000 0.994867
-0.140000 0.994866
-0.136000 0.994864
-0.132000 0.994863
-0.128000 0.994861
-0.124000 0.994860
-0.120000 0.994858
-0.116000 0.994856
-0.112000 0.994854
-0.108000 0.994852
-0.104000 0.994850
-0.100000 0.994848
-0.096000 0.994846
-0.092000 0.994843
-0.088000 0.994841
-0.084000 0.994838
-0.080000 0.994836
-0.076000 0.994833
-0.072000 0.994830
-0.068000 0.994827
-0.064000 0.994824
-0.060000 0.994821
-0.056000 0.994818
-0.052000 0.994814
-0.048000 0.994811
-0.044000 0.994807
-0.040000 0.994803
-0.036000 0.994799
-0.032000 0.994795
-0.028000 0.994791
-0.024000 0.994786
-0.020000 0.994782
-0.016000 0.994777
-0.012000 0.994773
-0.008000 0.994768
-0.004000 0.994762
0.000000 0.994757
0.004000 0.994752
0.008000 0.994746
0.012000 0.994740
0.016000 0.994735
0.020000 0.994728
0.024000 0.994722
0.028000 0.994716
0.032000 0.994709
0.036000 0.994702
0.040000 0.994696
0.044000 0.994688
0.048000 0.994681
0.052000 0.994674
0.056000 0.994666
0.060000 0.994658
0.064000 0.994650
0.068000 0.994642
0.072000 0.994633
0.076000 0.994625
0.080000 0.994616
0.084000 0.994607
0.088000 0.994598
0.092000 0.994589
0.096000 0.994579
0.100000 0.994570
0.104000 0.994560
0.108000 0.994550
0.112000 0.994539
0.116000 0.994529
0.120000 0.994518
0.124000 0.994508
0.128000 0.994497
0.132000 0.994485
0.136000 0.994474
0.140000 0.994463
0.144000 0.994451
0.148000 0.994439
0.152000 0.994427
0.156000 0.994415
0.160000 0.994403
0.164000 0.994390
0.168000 0.994378
0.172000 0.994365
0.176000 0.994352
0.180000 0.994339
0.184000 0.994326
0.188000 0.994312
0.192000 0.994299
0.196000 0.994285
0.200000 0.994272
0.204000 0.994258
0.208000 0.994244
0.212000 0.994230
0.216000 0.994216
0.220000 0.994201
0.224000 0.994187
0.228000 0.994173
0.232000 0.994158
0.236000 0.994143
0.240000 0.994129
0.244000 0.994114
0.248000 0.994099
0.252000 0.994084
0.256000 0.994069
0.260000 0.994054
0.264000 0.994039
0.268000 0.994024
0.272000 0.994009
0.276000 0.993994
0.280000 0.993979
0.284000 0.993964
0.288000 0.993949
0.292000 0.993933
0.296000 0.993918
0.300000 0.993903
0.304000 0.993888
0.308000 0.993873
0.312000 0.993858
0.316000 0.993843
0.320000 0.993828
0.324000 0.993813
0.328000 0.993798
0.332000 0.993783
0.336000 0.993768
0.340000 0.993753
0.344000 0.993739
0.348000 0.993724
0.352000 0.993709
0.356000 0.993695
0.360000 0.993681
0.364000 0.993666
0.368000 0.993652
0.372000 0.993638
0.376000 0.993624
0.380000 0.993610
0.384000 0.993596
0.388000 0.993583
0.392000 0.993569
0.396000 0.993556
0.400000 0.993542
0.404000 0.993529
0.408000 0.993516
0.412000 0.993503
0.416000 0.993491
0.420000 0.993478
0.424000 0.993466
0.428000 0.993453
0.432000 0.993441
0.436000 0.993429
0.440000 0.993417
0.444000 0.993406
0.448000 0.993394
0.452000 0.993383
0.456000 0.993371
0.460000 0.993360
0.464000 0.993350
0.468000 0.993339
0.472000 0.993328
0.476000 0.993318
0.480000 0.993308
0.484000 0.993298
0.488000 0.993288
0.492000 0.993278
0.496000 0.993268
0.500000 0.993259
0.504000 0.993250
0.508000 0.993241
0.512000 0.993232
0.516000 0.993223
0.520000 0.993215
0.524000 0.993206
0.528000 0.993198
0.532000 0.993190
0.536000 0.993182
0.540000 0.993175
0.544000 0.993167
0.548000 0.993160
0.552000 0.993153
0.556000 0.993146
0.560000 0.993139
0.564000 0.993132
0.568000 0.993125
0.572000 0.993119
0.576000 0.993113
0.580000 0.993107
0.584000 0.993101
0.588000 0.993095
0.592000 0.993089
0.596000 0.993083
0.600000 0.993078
0.604000 0.993073
0.608000 0.993068
0.612000 0.993063
0.616000 0.993058
0.620000 0.993053
0.624000 0.993049
0.628000 0.993044
0.632000 0.993040
0.636000 0.993036
0.640000 0.993031
0.644000 0.993027
0.648000 0.993024
0.652000 0.993020
0.656000 0.993016
0.660000 0.993013
0.664000 0.993009
0.668000 0.993006
0.672000 0.993003
0.676000 0.993000
0.680000 0.992997
0.684000 0.992994
0.688000 0.992991
0.692000 0.992988
0.696000 0.992985
0.700000 0.992983
0.704000 0.992980
0.708000 0.992978
0.712000 0.992976
0.716000 0.992973
0.720000 0.992971
0.724000 0.992969
0.728000 0.992967
0.732000 0.992965
0.736000 0.992963
0.740000 0.992961
0.744000 0.992960
0.748000 0.992958
0.752000 0.992956
0.756000 0.992955
0.760000 0.992953
0.764000 0.992952
0.768000 0.992950
0.772000 0.992949
0.776000 0.992948
0.780000 0.992947
0.784000 0.992945
0.788000 0.992944
0.792000 0.992943
0.796000 0.992942
0.800000 0.992941
0.804000 0.992940
0.808000 0.992939
0.812000 0.992938
0.816000 0.992937
0.820000 0.992936
0.824000 0.992936
0.828000 0.992935
0.832000 0.992934
0.836000 0.992933
0.840000 0.992933
0.844000 0.992932
0.848000 0.992932
0.852000 0.992931
0.856000 0.992930
0.860000 0.992930
0.864000 0.992929
0.868000 0.992929
0.872000 0.992928
0.876000 0.992928
0.880000 0.992927
0.884000 0.992927
0.888000 0.992927
0.892000 0.992926
0.896000 0.992926
0.900000 0.992926
0.904000 0.992925
0.908000 0.992925
0.912000 0.992925
0.916000 0.992924
0.920000 0.992924
0.924000 0.992924
0.928000 0.992924
0.932000 0.992923
0.936000 0.992923
0.940000 0.992923
0.944000 0.992923
0.948000 0.992922
0.952000 0.992922
0.956000 0.992922
0.960000 0.992922
0.964000 0.992922
0.968000 0.992922
0.972000 0.992921
0.976000 0.992921
0.980000 0.992921
0.984000 0.992921
0.988000 0.992921
0.992000 0.992921
0.996000 0.992920
1.000000 0.992920
