-1.000000 0.992919
-0.996000 0.992919
-0.992000 0.992919
-0.988000 0.992919
-0.984000 0.992919
-0.980000 0.992919
-0.976000 0.992919
-0.972000 0.992919
-0.968000 0.992919
-0.964000 0.992919
-0.960000 0.992919
-0.956000 0.992919
-0.952000 0.992919
-0.948000 0.992919
-0.944000 0.992919
-0.940000 0.992919
-0.936000 0.992919
-0.932000 0.992919
-0.928000 0.992919
-0.924000 0.992919
-0.920000 0.992919
-0.916000 0.992919
-0.912000 0.992919
-0.908000 0.992919
-0.904000 0.992919
-0.900000 0.992919
-0.896000 0.992919
-0.892000 0.992919
-0.888000 0.992919
-0.884000 0.992919
-0.880000 0.992919
-0.876000 0.992919
-0.872000 0.992919
-0.868000 0.992919
-0.864000 0.992920
-0.860000 0.992920
-0.856000 0.992920
-0.852000 0.992920
-0.848000 0.992920
-0.844000 0.992920
-0.840000 0.992920
-0.836000 0.992920
-0.832000 0.992921
-0.828000 0.992921
-0.824000 0.992921
-0.820000 0.992922
-0.816000 0.992922
-0.812000 0.992922
-0.808000 0.992923
-0.804000 0.992923
-0.800000 0.992924
-0.796000 0.992924
-0.792000 0.992925
-0.788000 0.992926
-0.784000 0.992927
-0.780000 0.992928
-0.776000 0.992929
-0.772000 0.992930
-0.768000 0.992931
-0.764000 0.992933
-0.760000 0.992935
-0.756000 0.992936
-0.752000 0.992938
-0.748000 0.992940
-0.744000 0.992943
-0.740000 0.992945
-0.736000 0.992948
-0.732000 0.992951
-0.728000 0.992955
-0.724000 0.992958
-0.720000 0.992962
-0.716000 0.992966
-0.712000 0.992971
-0.708000 0.992976
-0.704000 0.992982
-0.700000 0.992987
-0.696000 0.992994
-0.692000 0.993001
-0.688000 0.993008
-0.684000 0.993016
-0.680000 0.993024
-0.676000 0.993034
-0.672000 0.993043
-0.668000 0.993054
-0.664000 0.993065
-0.660000 0.993077
-0.656000 0.993089
-0.652000 0.993103
-0.648000 0.993117
-0.644000 0.993132
-0.640000 0.993148
-0.636000 0.993165
-0.632000 0.993183
-0.628000 0.993202
-0.624000 0.993222
-0.620000 0.993243
-0.616000 0.993265
-0.612000 0.993289
-0.608000 0.993313
-0.604000 0.993339
-0.600000 0.993366
-0.596000 0.993394
-0.592000 0.993424
-0.588000 0.993455
-0.584000 0.993487
-0.580000 0.993521
-0.576000 0.993556
-0.572000 0.993592
-0.568000 0.993630
-0.564000 0.993669
-0.560000 0.993710
-0.556000 0.993752
-0.552000 0.993796
-0.548000 0.993841
-0.544000 0.993888
-0.540000 0.993936
-0.536000 0.993985
-0.532000 0.994036
-0.528000 0.994089
-0.524000 0.994143
-0.520000 0.994198
-0.516000 0.994255
-0.512000 0.994313
-0.508000 0.994373
-0.504000 0.994434
-0.500000 0.994496
-0.496000 0.994559
-0.492000 0.994624
-0.488000 0.994690
-0.484000 0.994758
-0.480000 0.994826
-0.476000 0.994895
-0.472000 0.994966
-0.468000 0.995038
-0.464000 0.995110
-0.460000 0.995184
-0.456000 0.995258
-0.452000 0.995333
-0.448000 0.995409
-0.444000 0.995485
-0.440000 0.995563
-0.436000 0.995640
-0.432000 0.995719
-0.428000 0.995797
-0.424000 0.995876
-0.420000 0.995956
-0.416000 0.996035
-0.412000 0.996115
-0.408000 0.996195
-0.404000 0.996275
-0.400000 0.996355
-0.396000 0.996435
-0.392000 0.996515
-0.388000 0.996594
-0.384000 0.996674
-0.380000 0.996753
-0.376000 0.996831
-0.372000 0.996909
-0.368000 0.996987
-0.364000 0.997064
-0.360000 0.997141
-0.356000 0.997216
-0.352000 0.997292
-0.348000 0.997366
-0.344000 0.997439
-0.340000 0.997512
-0.336000 0.997584
-0.332000 0.997655
-0.328000 0.997725
-0.324000 0.997794
-0.320000 0.997861
-0.316000 0.997928
-0.312000 0.997994
-0.308000 0.998058
-0.304000 0.998122
-0.300000 0.998184
-0.296000 0.998245
-0.292000 0.998305
-0.288000 0.998363
-0.284000 0.998421
-0.280000 0.998477
-0.276000 0.998531
-0.272000 0.998585
-0.268000 0.998637
-0.264000 0.998688
-0.260000 0.998738
-0.256000 0.998786
-0.252000 0.998833
-0.248000 0.998879
-0.244000 0.998923
-0.240000 0.998967
-0.236000 0.999009
-0.232000 0.999049
-0.228000 0.999089
-0.224000 0.999127
-0.220000 0.999164
-0.216000 0.999200
-0.212000 0.999235
-0.208000 0.999268
-0.204000 0.999301
-0.200000 0.999332
-0.196000 0.999362
-0.192000 0.999392
-0.188000 0.999420
-0.184000 0.999447
-0.180000 0.999473
-0.176000 0.999498
-0.172000 0.999522
-0.168000 0.999545
-0.164000 0.999567
-0.160000 0.999589
-0.156000 0.999609
-0.152000 0.999629
-0.148000 0.999647
-0.144000 0.999665
-0.140000 0.999683
-0.136000 0.999699
-0.132000 0.999715
-0.128000 0.999730
-0.124000 0.999744
-0.120000 0.999758
-0.116000 0.999771
-0.112000 0.999784
-0.108000 0.999796
-0.104000 0.999807
-0.100000 0.999818
-0.096000 0.999828
-0.092000 0.999838
-0.088000 0.999847
-0.084000 0.999856
-0.080000 0.999864
-0.076000 0.999872
-0.072000 0.999880
-0.068000 0.999887
-0.064000 0.999893
-0.060000 0.999900
-0.056000 0.999906
-0.052000 0.999912
-0.048000 0.999917
-0.044000 0.999922
-0.040000 0.999927
-0.036000 0.999931
-0.032000 0.999936
-0.028000 0.999940
-0.024000 0.999944
-0.020000 0.999947
-0.016000 0.999951
-0.012000 0.999954
-0.008000 0.999957
-0.004000 0.999960
0.000000 0.999962
0.004000 0.999965
0.008000 0.999967
0.012000 0.999969
0.016000 0.999971
0.020000 0.999973
0.024000 0.999975
0.028000 0.999977
0.032000 0.999978
0.036000 0.999980
0.040000 0.999981
0.044000 0.999983
0.048000 0.999984
0.052000 0.999985
0.056000 0.999986
0.060000 0.999987
0.064000 0.999988
0.068000 0.999989
0.072000 0.999990
0.076000 0.999990
0.080000 0.999991
0.084000 0.999992
0.088000 0.999992
0.092000 0.999993
0.096000 0.999993
0.100000 0.999994
0.104000 0.999994
0.108000 0.999995
0.112000 0.999995
0.116000 0.999996
0.120000 0.999996
0.124000 0.999996
0.128000 0.999997
0.132000 0.999997
0.136000 0.999997
0.140000 0.999997
0.144000 0.999998
0.148000 0.999998
0.152000 0.999998
0.156000 0.999998
0.160000 0.999998
0.164000 0.999998
0.168000 0.999998
0.172000 0.999999
0.176000 0.999999
0.180000 0.999999
0.184000 0.999999
0.188000 0.999999
0.192000 0.999999
0.196000 0.999999
0.200000 0.999999
0.204000 0.999999
0.208000 0.999999
0.212000 0.999999
0.216000 0.999999
0.220000 1.000000
0.224000 1.000000
0.228000 1.000000
0.232000 1.000000
0.236000 1.000000
0.240000 1.000000
0.244000 1.000000
0.248000 1.000000
0.252000 1.000000
0.256000 1.000000
0.260000 1.000000
0.264000 1.000000
0.268000 1.000000
0.272000 1.000000
0.276000 1.000000
0.280000 1.000000
0.284000 1.000000
0.288000 1.000000
0.292000 1.000000
0.296000 1.000000
0.300000 1.000000
0.304000 1.000000
0.308000 1.000000
0.312000 1.000000
0.316000 1.000000
0.320000 1.000000
0.324000 1.000000
0.328000 1.000000
0.332000 1.000000
0.336000 1.000000
0.340000 1.000000
0.344000 1.000000
0.348000 1.000000
0.352000 1.000000
0.356000 1.000000
0.360000 1.000000
0.364000 1.000000
0.368000 1.000000
0.372000 1.000000
0.376000 1.000000
0.380000 1.000000
0.384000 1.000000
0.388000 1.000000
0.392000 1.000000
0.396000 1.000000
0.400000 1.000000
0.404000 1.000000
0.408000 1.000000
0.412000 1.000000
0.416000 1.000000
0.420000 1.000000
0.424000 1.000000
0.428000 1.000000
0.432000 1.000000
0.436000 1.000000
0.440000 1.000000
0.444000 1.000000
0.448000 1.000000
0.452000 1.000000
0.456000 1.000000
0.460000 1.000000
0.464000 1.000000
0.468000 1.000000
0.472000 1.000000
0.476000 1.000000
0.480000 1.000000
0.484000 1.000000
0.488000 1.000000
0.492000 1.000000
0.496000 1.000000
0.500000 1.000000
0.504000 1.000000
0.508000 1.000000
0.512000 1.000000
0.516000 1.000000
0.520000 1.000000
0.524000 1.000000
0.528000 1.000000
0.532000 1.000000
0.536000 1.000000
0.540000 1.000000
0.544000 1.000000
0.548000 1.000000
0.552000 1.000000
0.556000 1.000000
0.560000 1.000000
0.564000 1.000000
0.568000 1.000000
0.572000 1.000000
0.576000 1.000000
0.580000 1.000000
0.584000 1.000000
0.588000 1.000000
0.592000 1.000000
0.596000 1.000000
0.600000 1.000000
0.604000 1.000000
0.608000 1.000000
0.612000 1.000000
0.616000 1.000000
0.620000 1.000000
0.624000 1.000000
0.628000 1.000000
0.632000 1.000000
0.636000 1.000000
0.640000 1.000000
0.644000 1.000000
0.648000 1.000000
0.652000 1.000000
0.656000 1.000000
0.660000 1.000000
0.664000 1.000000
0.668000 1.000000
0.672000 1.000000
0.676000 1.000000
0.680000 1.000000
0.684000 1.000000
0.688000 1.000000
0.692000 1.000000
0.696000 1.000000
0.700000 1.000000
0.704000 1.000000
0.708000 1.000000
0.712000 1.000000
0.716000 1.000000
0.720000 1.000000
0.724000 1.000000
0.728000 1.000000
0.732000 1.000000
0.736000 1.000000
0.740000 1.000000
0.744000 1.000000
0.748000 1.000000
0.752000 1.000000
0.756000 1.000000
0.760000 1.000000
0.764000 1.000000
0.768000 1.000000
0.772000 1.000000
0.776000 1.000000
0.780000 1.000000
0.784000 1.000000
0.788000 1.000000
0.792000 1.000000
0.796000 1.000000
0.800000 1.000000
0.804000 1.000000
0.808000 1.000000
0.812000 1.000000
0.816000 1.000000
0.820000 1.000000
0.824000 1.000000
0.828000 1.000000
0.832000 1.000000
0.836000 1.000000
0.840000 1.000000
0.844000 1.000000
0.848000 1.000000
0.852000 1.000000
0.856000 1.000000
0.860000 1.000000
0.864000 1.000000
0.868000 1.000000
0.872000 1.000000
0.876000 1.000000
0.880000 1.000000
0.884000 1.000000
0.888000 1.000000
0.892000 1.000000
0.896000 1.000000
0.900000 1.000000
0.904000 1.000000
0.908000 1.000000
0.912000 1.000000
0.916000 1.000000
0.920000 1.000000
0.924000 1.000000
0.928000 1.000000
0.932000 1.000000
0.936000 1.000000
0.940000 1.000000
0.944000 1.000000
0.948000 1.000000
0.952000 1.000000
0.956000 1.000000
0.960000 1.000000
0.964000 1.000000
0.968000 1.000000
0.972000 1.000000
0.976000 1.000000
0.980000 1.000000
0.984000 1.000000
0.988000 1.000000
0.992000 1.000000
0.996000 1.000000
1.000000 1.000000
