-1.000000 0.992919
-0.996000 0.992919
-0.992000 0.992919
-0.988000 0.992919
-0.984000 0.992919
-0.980000 0.992919
-0.976000 0.992919
-0.972000 0.992919
-0.968000 0.992919
-0.964000 0.992919
-0.960000 0.992919
-0.956000 0.992919
-0.952000 0.992919
-0.948000 0.992919
-0.944000 0.992919
-0.940000 0.992919
-0.936000 0.992919
-0.932000 0.992919
-0.928000 0.992919
-0.924000 0.992919
-0.920000 0.992919
-0.916000 0.992919
-0.912000 0.992919
-0.908000 0.992919
-0.904000 0.992919
-0.900000 0.992919
-0.896000 0.992919
-0.892000 0.992919
-0.888000 0.992919
-0.884000 0.992919
-0.880000 0.992919
-0.876000 0.992919
-0.872000 0.992919
-0.868000 0.992919
-0.864000 0.992919
-0.860000 0.992919
-0.856000 0.992919
-0.852000 0.992919
-0.848000 0.992919
-0.844000 0.992919
-0.840000 0.992919
-0.836000 0.992919
-0.832000 0.992919
-0.828000 0.992919
-0.824000 0.992919
-0.820000 0.992919
-0.816000 0.992919
-0.812000 0.992919
-0.808000 0.992919
-0.804000 0.992919
-0.800000 0.992919
-0.796000 0.992919
-0.792000 0.992919
-0.788000 0.992919
-0.784000 0.992919
-0.780000 0.992920
-0.776000 0.992920
-0.772000 0.992920
-0.768000 0.992920
-0.764000 0.992920
-0.760000 0.992920
-0.756000 0.992920
-0.752000 0.992920
-0.748000 0.992920
-0.744000 0.992921
-0.740000 0.992921
-0.736000 0.992921
-0.732000 0.992921
-0.728000 0.992922
-0.724000 0.992922
-0.720000 0.992922
-0.716000 0.992923
-0.712000 0.992923
-0.708000 0.992924
-0.704000 0.992924
-0.700000 0.992925
-0.696000 0.992925
-0.692000 0.992926
-0.688000 0.992927
-0.684000 0.992928
-0.680000 0.992929
-0.676000 0.992930
-0.672000 0.992931
-0.668000 0.992932
-0.664000 0.992933
-0.660000 0.992934
-0.656000 0.992936
-0.652000 0.992938
-0.648000 0.992939
-0.644000 0.992941
-0.640000 0.992944
-0.636000 0.992946
-0.632000 0.992948
-0.628000 0.992951
-0.624000 0.992954
-0.620000 0.992957
-0.616000 0.992960
-0.612000 0.992964
-0.608000 0.992968
-0.604000 0.992972
-0.600000 0.992976
-0.596000 0.992981
-0.592000 0.992986
-0.588000 0.992991
-0.584000 0.992997
-0.580000 0.993003
-0.576000 0.993010
-0.572000 0.993017
-0.568000 0.993024
-0.564000 0.993032
-0.560000 0.993041
-0.556000 0.993050
-0.552000 0.993059
-0.548000 0.993069
-0.544000 0.993080
-0.540000 0.993091
-0.536000 0.993103
-0.532000 0.993115
-0.528000 0.993129
-0.524000 0.993142
-0.520000 0.993157
-0.516000 0.993172
-0.512000 0.993188
-0.508000 0.993205
-0.504000 0.993223
-0.500000 0.993241
-0.496000 0.993261
-0.492000 0.993281
-0.488000 0.993302
-0.484000 0.993324
-0.480000 0.993348
-0.476000 0.993372
-0.472000 0.993397
-0.468000 0.993423
-0.464000 0.993450
-0.460000 0.993478
-0.456000 0.993507
-0.452000 0.993537
-0.448000 0.993569
-0.444000 0.993601
-0.440000 0.993635
-0.436000 0.993670
-0.432000 0.993706
-0.428000 0.993743
-0.424000 0.993781
-0.420000 0.993820
-0.416000 0.993860
-0.412000 0.993902
-0.408000 0.993945
-0.404000 0.993989
-0.400000 0.994034
-0.396000 0.994080
-0.392000 0.994128
-0.388000 0.994176
-0.384000 0.994226
-0.380000 0.994277
-0.376000 0.994329
-0.372000 0.994382
-0.368000 0.994436
-0.364000 0.994491
-0.360000 0.994547
-0.356000 0.994604
-0.352000 0.994663
-0.348000 0.994722
-0.344000 0.994782
-0.340000 0.994843
-0.336000 0.994905
-0.332000 0.994967
-0.328000 0.995031
-0.324000 0.995095
-0.320000 0.995160
-0.316000 0.995226
-0.312000 0.995292
-0.308000 0.995359
-0.304000 0.995427
-0.300000 0.995495
-0.296000 0.995563
-0.292000 0.995632
-0.288000 0.995702
-0.284000 0.995772
-0.280000 0.995842
-0.276000 0.995913
-0.272000 0.995983
-0.268000 0.996054
-0.264000 0.996125
-0.260000 0.996197
-0.256000 0.996268
-0.252000 0.996339
-0.248000 0.996410
-0.244000 0.996481
-0.240000 0.996552
-0.236000 0.996623
-0.232000 0.996694
-0.228000 0.996764
-0.224000 0.996834
-0.220000 0.996904
-0.216000 0.996973
-0.212000 0.997042
-0.208000 0.997111
-0.204000 0.997179
-0.200000 0.997246
-0.196000 0.997313
-0.192000 0.997380
-0.188000 0.997445
-0.184000 0.997510
-0.180000 0.997574
-0.176000 0.997638
-0.172000 0.997701
-0.168000 0.997763
-0.164000 0.997824
-0.160000 0.997884
-0.156000 0.997944
-0.152000 0.998002
-0.148000 0.998060
-0.144000 0.998117
-0.140000 0.998173
-0.136000 0.998228
-0.132000 0.998282
-0.128000 0.998335
-0.124000 0.998387
-0.120000 0.998438
-0.116000 0.998488
-0.112000 0.998536
-0.108000 0.998584
-0.104000 0.998631
-0.100000 0.998677
-0.096000 0.998722
-0.092000 0.998766
-0.088000 0.998809
-0.084000 0.998851
-0.080000 0.998891
-0.076000 0.998931
-0.072000 0.998970
-0.068000 0.999008
-0.064000 0.999044
-0.060000 0.999080
-0.056000 0.999115
-0.052000 0.999149
-0.048000 0.999181
-0.044000 0.999213
-0.040000 0.999244
-0.036000 0.999274
-0.032000 0.999303
-0.028000 0.999331
-0.024000 0.999359
-0.020000 0.999385
-0.016000 0.999411
-0.012000 0.999435
-0.008000 0.999459
-0.004000 0.999482
0.000000 0.999505
0.004000 0.999526
0.008000 0.999547
0.012000 0.999567
0.016000 0.999586
0.020000 0.999605
0.024000 0.999623
0.028000 0.999640
0.032000 0.999657
0.036000 0.999673
0.040000 0.999688
0.044000 0.999703
0.048000 0.999717
0.052000 0.999730
0.056000 0.999743
0.060000 0.999756
0.064000 0.999768
0.068000 0.999779
0.072000 0.999790
0.076000 0.999801
0.080000 0.999811
0.084000 0.999820
0.088000 0.999830
0.092000 0.999838
0.096000 0.999847
0.100000 0.999855
0.104000 0.999862
0.108000 0.999870
0.112000 0.999877
0.116000 0.999883
0.120000 0.999889
0.124000 0.999895
0.128000 0.999901
0.132000 0.999907
0.136000 0.999912
0.140000 0.999917
0.144000 0.999921
0.148000 0.999926
0.152000 0.999930
0.156000 0.999934
0.160000 0.999938
0.164000 0.999941
0.168000 0.999945
0.172000 0.999948
0.176000 0.999951
0.180000 0.999954
0.184000 0.999957
0.188000 0.999959
0.192000 0.999962
0.196000 0.999964
0.200000 0.999966
0.204000 0.999968
0.208000 0.999970
0.212000 0.999972
0.216000 0.999974
0.220000 0.999975
0.224000 0.999977
0.228000 0.999978
0.232000 0.999980
0.236000 0.999981
0.240000 0.999982
0.244000 0.999983
0.248000 0.999984
0.252000 0.999985
0.256000 0.999986
0.260000 0.999987
0.264000 0.999988
0.268000 0.999989
0.272000 0.999990
0.276000 0.999990
0.280000 0.999991
0.284000 0.999992
0.288000 0.999992
0.292000 0.999993
0.296000 0.999993
0.300000 0.999994
0.304000 0.999994
0.308000 0.999995
0.312000 0.999995
0.316000 0.999995
0.320000 0.999996
0.324000 0.999996
0.328000 0.999996
0.332000 0.999996
0.336000 0.999997
0.340000 0.999997
0.344000 0.999997
0.348000 0.999997
0.352000 0.999998
0.356000 0.999998
0.360000 0.999998
0.364000 0.999998
0.368000 0.999998
0.372000 0.999998
0.376000 0.999998
0.380000 0.999999
0.384000 0.999999
0.388000 0.999999
0.392000 0.999999
0.396000 0.999999
0.400000 0.999999
0.404000 0.999999
0.408000 0.999999
0.412000 0.999999
0.416000 0.999999
0.420000 0.999999
0.424000 0.999999
0.428000 0.999999
0.432000 0.999999
0.436000 1.000000
0.440000 1.000000
0.444000 1.000000
0.448000 1.000000
0.452000 1.000000
0.456000 1.000000
0.460000 1.000000
0.464000 1.000000
0.468000 1.000000
0.472000 1.000000
0.476000 1.000000
0.480000 1.000000
0.484000 1.000000
0.488000 1.000000
0.492000 1.000000
0.496000 1.000000
0.500000 1.000000
0.504000 1.000000
0.508000 1.000000
0.512000 1.000000
0.516000 1.000000
0.520000 1.000000
0.524000 1.000000
0.528000 1.000000
0.532000 1.000000
0.536000 1.000000
0.540000 1.000000
0.544000 1.000000
0.548000 1.000000
0.552000 1.000000
0.556000 1.000000
0.560000 1.000000
0.564000 1.000000
0.568000 1.000000
0.572000 1.000000
0.576000 1.000000
0.580000 1.000000
0.584000 1.000000
0.588000 1.000000
0.592000 1.000000
0.596000 1.000000
0.600000 1.000000
0.604000 1.000000
0.608000 1.000000
0.612000 1.000000
0.616000 1.000000
0.620000 1.000000
0.624000 1.000000
0.628000 1.000000
0.632000 1.000000
0.636000 1.000000
0.640000 1.000000
0.644000 1.000000
0.648000 1.000000
0.652000 1.000000
0.656000 1.000000
0.660000 1.000000
0.664000 1.000000
0.668000 1.000000
0.672000 1.000000
0.676000 1.000000
0.680000 1.000000
0.684000 1.000000
0.688000 1.000000
0.692000 1.000000
0.696000 1.000000
0.700000 1.000000
0.704000 1.000000
0.708000 1.000000
0.712000 1.000000
0.716000 1.000000
0.720000 1.000000
0.724000 1.000000
0.728000 1.000000
0.732000 1.000000
0.736000 1.000000
0.740000 1.000000
0.744000 1.000000
0.748000 1.000000
0.752000 1.000000
0.756000 1.000000
0.760000 1.000000
0.764000 1.000000
0.768000 1.000000
0.772000 1.000000
0.776000 1.000000
0.780000 1.000000
0.784000 1.000000
0.788000 1.000000
0.792000 1.000000
0.796000 1.000000
0.800000 1.000000
0.804000 1.000000
0.808000 1.000000
0.812000 1.000000
0.816000 1.000000
0.820000 1.000000
0.824000 1.000000
0.828000 1.000000
0.832000 1.000000
0.836000 1.000000
0.840000 1.000000
0.844000 1.000000
0.848000 1.000000
0.852000 1.000000
0.856000 1.000000
0.860000 1.000000
0.864000 1.000000
0.868000 1.000000
0.872000 1.000000
0.876000 1.000000
0.880000 1.000000
0.884000 1.000000
0.888000 1.000000
0.892000 1.000000
0.896000 1.000000
0.900000 1.000000
0.904000 1.000000
0.908000 1.000000
0.912000 1.000000
0.916000 1.000000
0.920000 1.000000
0.924000 1.000000
0.928000 1.000000
0.932000 1.000000
0.936000 1.000000
0.940000 1.000000
0.944000 1.000000
0.948000 1.000000
0.952000 1.000000
0.956000 1.000000
0.960000 1.000000
0.964000 1.000000
0.968000 1.000000
0.972000 1.000000
0.976000 1.000000
0.980000 1.000000
0.984000 1.000000
0.988000 1.000000
0.992000 1.000000
0.996000 1.000000
1.000000 1.000000
