-1.000000 0.994892
-0.996000 0.994892
-0.992000 0.994892
-0.988000 0.994892
-0.984000 0.994892
-0.980000 0.994892
-0.976000 0.994892
-0.972000 0.994892
-0.968000 0.994892
-0.964000 0.994892
-0.960000 0.994892
-0.956000 0.994892
-0.952000 0.994892
-0.948000 0.994892
-0.944000 0.994892
-0.940000 0.994892
-0.936000 0.994892
-0.932000 0.994892
-0.928000 0.994892
-0.924000 0.994892
-0.920000 0.994892
-0.916000 0.994892
-0.912000 0.994892
-0.908000 0.994892
-0.904000 0.994892
-0.900000 0.994892
-0.896000 0.994892
-0.892000 0.994892
-0.888000 0.994892
-0.884000 0.994892
-0.880000 0.994892
-0.876000 0.994892
-0.872000 0.994892
-0.868000 0.994892
-0.864000 0.994892
-0.860000 0.994892
-0.856000 0.994892
-0.852000 0.994892
-0.848000 0.994892
-0.844000 0.994892
-0.840000 0.994892
-0.836000 0.994892
-0.832000 0.994892
-0.828000 0.994892
-0.824000 0.994892
-0.820000 0.994892
-0.816000 0.994892
-0.812000 0.994892
-0.808000 0.994892
-0.804000 0.994892
-0.800000 0.994892
-0.796000 0.994892
-0.792000 0.994892
-0.788000 0.994892
-0.784000 0.994892
-0.780000 0.994892
-0.776000 0.994892
-0.772000 0.994892
-0.768000 0.994892
-0.764000 0.994892
-0.760000 0.994892
-0.756000 0.994892
-0.752000 0.994892
-0.748000 0.994892
-0.744000 0.994892
-0.740000 0.994892
-0.736000 0.994892
-0.732000 0.994892
-0.728000 0.994892
-0.724000 0.994892
-0.720000 0.994892
-0.716000 0.994892
-0.712000 0.994892
-0.708000 0.994892
-0.704000 0.994892
-0.700000 0.994892
-0.696000 0.994892
-0.692000 0.994892
-0.688000 0.994892
-0.684000 0.994892
-0.680000 0.994892
-0.676000 0.994892
-0.672000 0.994892
-0.668000 0.994892
-0.664000 0.994892
-0.660000 0.994892
-0.656000 0.994892
-0.652000 0.994892
-0.648000 0.994892
-0.644000 0.994892
-0.640000 0.994892
-0.636000 0.994892
-0.632000 0.994892
-0.628000 0.994892
-0.624000 0.994892
-0.620000 0.994892
-0.616000 0.994892
-0.612000 0.994892
-0.608000 0.994892
-0.604000 0.994892
-0.600000 0.994892
-0.596000 0.994892
-0.592000 0.994892
-0.588000 0.994892
-0.584000 0.994892
-0.580000 0.994892
-0.576000 0.994892
-0.572000 0.994892
-0.568000 0.994892
-0.564000 0.994892
-0.560000 0.994892
-0.556000 0.994892
-0.552000 0.994892
-0.548000 0.994892
-0.544000 0.994892
-0.540000 0.994892
-0.536000 0.994892
-0.532000 0.994892
-0.528000 0.994892
-0.524000 0.994892
-0.520000 0.994892
-0.516000 0.994892
-0.512000 0.994892
-0.508000 0.994892
-0.504000 0.994892
-0.500000 0.994892
-0.496000 0.994892
-0.492000 0.994892
-0.488000 0.994892
-0.484000 0.994892
-0.480000 0.994892
-0.476000 0.994892
-0.472000 0.994892
-0.468000 0.994892
-0.464000 0.994892
-0.460000 0.994892
-0.456000 0.994892
-0.452000 0.994892
-0.448000 0.994892
-0.444000 0.994892
-0.440000 0.994892
-0.436000 0.994892
-0.432000 0.994892
-0.428000 0.994892
-0.424000 0.994892
-0.420000 0.994892
-0.416000 0.994892
-0.412000 0.994892
-0.408000 0.994892
-0.404000 0.994892
-0.400000 0.994892
-0.396000 0.994892
-0.392000 0.994892
-0.388000 0.994892
-0.384000 0.994892
-0.380000 0.994892
-0.376000 0.994892
-0.372000 0.994892
-0.368000 0.994892
-0.364000 0.994892
-0.360000 0.994892
-0.356000 0.994892
-0.352000 0.994892
-0.348000 0.994892
-0.344000 0.994892
-0.340000 0.994892
-0.336000 0.994892
-0.332000 0.994892
-0.328000 0.994892
-0.324000 0.994892
-0.320000 0.994892
-0.316000 0.994892
-0.312000 0.994892
-0.308000 0.994892
-0.304000 0.994892
-0.300000 0.994892
-0.296000 0.994892
-0.292000 0.994892
-0.288000 0.994892
-0.284000 0.994892
-0.280000 0.994892
-0.276000 0.994892
-0.272000 0.994892
-0.268000 0.994892
-0.264000 0.994892
-0.260000 0.994892
-0.256000 0.994892
-0.252000 0.994892
-0.248000 0.994892
-0.244000 0.994892
-0.240000 0.994892
-0.236000 0.994892
-0.232000 0.994892
-0.228000 0.994892
-0.224000 0.994892
-0.220000 0.994892
-0.216000 0.994892
-0.212000 0.994892
-0.208000 0.994892
-0.204000 0.994892
-0.200000 0.994892
-0.196000 0.994892
-0.192000 0.994892
-0.188000 0.994892
-0.184000 0.994892
-0.180000 0.994892
-0.176000 0.994892
-0.172000 0.994892
-0.168000 0.994892
-0.164000 0.994892
-0.160000 0.994892
-0.156000 0.994892
-0.152000 0.994892
-0.148000 0.994892
-0.144000 0.994892
-0.140000 0.994892
-0.136000 0.994892
-0.132000 0.994892
-0.128000 0.994892
-0.124000 0.994892
-0.120000 0.994892
-0.116000 0.994892
-0.112000 0.994892
-0.108000 0.994892
-0.104000 0.994892
-0.100000 0.994892
-0.096000 0.994892
-0.092000 0.994892
-0.088000 0.994892
-0.084000 0.994892
-0.080000 0.994892
-0.076000 0.994892
-0.072000 0.994892
-0.068000 0.994892
-0.064000 0.994892
-0.060000 0.994892
-0.056000 0.994892
-0.052000 0.994892
-0.048000 0.994892
-0.044000 0.994892
-0.040000 0.994892
-0.036000 0.994892
-0.032000 0.994892
-0.028000 0.994892
-0.024000 0.994892
-0.020000 0.994892
-0.016000 0.994892
-0.012000 0.994892
-0.008000 0.994892
-0.004000 0.994892
0.000000 0.994892
0.004000 0.994892
0.008000 0.994892
0.012000 0.994892
0.016000 0.994892
0.020000 0.994892
0.024000 0.994892
0.028000 0.994892
0.032000 0.994892
0.036000 0.994892
0.040000 0.994892
0.044000 0.994892
0.048000 0.994892
0.052000 0.994892
0.056000 0.994892
0.060000 0.994892
0.064000 0.994892
0.068000 0.994892
0.072000 0.994892
0.076000 0.994892
0.080000 0.994892
0.084000 0.994892
0.088000 0.994892
0.092000 0.994892
0.096000 0.994892
0.100000 0.994892
0.104000 0.994892
0.108000 0.994892
0.112000 0.994892
0.116000 0.994892
0.120000 0.994892
0.124000 0.994892
0.128000 0.994892
0.132000 0.994892
0.136000 0.994892
0.140000 0.994892
0.144000 0.994892
0.148000 0.994892
0.152000 0.994892
0.156000 0.994892
0.160000 0.994892
0.164000 0.994891
0.168000 0.994891
0.172000 0.994891
0.176000 0.994891
0.180000 0.994891
0.184000 0.994891
0.188000 0.994891
0.192000 0.994891
0.196000 0.994891
0.200000 0.994891
0.204000 0.994891
0.208000 0.994891
0.212000 0.994891
0.216000 0.994891
0.220000 0.994891
0.224000 0.994891
0.228000 0.994891
0.232000 0.994891
0.236000 0.994890
0.240000 0.994890
0.244000 0.994890
0.248000 0.994890
0.252000 0.994890
0.256000 0.994890
0.260000 0.994890
0.264000 0.994890
0.268000 0.994890
0.272000 0.994889
0.276000 0.994889
0.280000 0.994889
0.284000 0.994889
0.288000 0.994889
0.292000 0.994889
0.296000 0.994888
0.300000 0.994888
0.304000 0.994888
0.308000 0.994888
0.312000 0.994888
0.316000 0.994887
0.320000 0.994887
0.324000 0.994887
0.328000 0.994887
0.332000 0.994886
0.336000 0.994886
0.340000 0.994886
0.344000 0.994885
0.348000 0.994885
0.352000 0.994885
0.356000 0.994884
0.360000 0.994884
0.364000 0.994883
0.368000 0.994883
0.372000 0.994883
0.376000 0.994882
0.380000 0.994882
0.384000 0.994881
0.388000 0.994880
0.392000 0.994880
0.396000 0.994879
0.400000 0.994879
0.404000 0.994878
0.408000 0.994877
0.412000 0.994877
0.416000 0.994876
0.420000 0.994875
0.424000 0.994875
0.428000 0.994874
0.432000 0.994873
0.436000 0.994872
0.440000 0.994871
0.444000 0.994870
0.448000 0.994869
0.452000 0.994868
0.456000 0.994867
0.460000 0.994866
0.464000 0.994865
0.468000 0.994864
0.472000 0.994863
0.476000 0.994861
0.480000 0.994860
0.484000 0.994859
0.488000 0.994857
0.492000 0.994856
0.496000 0.994854
0.500000 0.994853
0.504000 0.994851
0.508000 0.994849
0.512000 0.994848
0.516000 0.994846
0.520000 0.994844
0.524000 0.994842
0.528000 0.994840
0.532000 0.994838
0.536000 0.994836
0.540000 0.994834
0.544000 0.994832
0.548000 0.994830
0.552000 0.994827
0.556000 0.994825
0.560000 0.994822
0.564000 0.994820
0.568000 0.994817
0.572000 0.994815
0.576000 0.994812
0.580000 0.994809
0.584000 0.994806
0.588000 0.994803
0.592000 0.994800
0.596000 0.994797
0.600000 0.994793
0.604000 0.994790
0.608000 0.994787
0.612000 0.994783
0.616000 0.994779
0.620000 0.994776
0.624000 0.994772
0.628000 0.994768
0.632000 0.994764
0.636000 0.994760
0.640000 0.994756
0.644000 0.994751
0.648000 0.994747
0.652000 0.994743
0.656000 0.994738
0.660000 0.994733
0.664000 0.994728
0.668000 0.994723
0.672000 0.994718
0.676000 0.994713
0.680000 0.994708
0.684000 0.994703
0.688000 0.994697
0.692000 0.994692
0.696000 0.994686
0.700000 0.994680
0.704000 0.994674
0.708000 0.994668
0.712000 0.994662
0.716000 0.994656
0.720000 0.994649
0.724000 0.994643
0.728000 0.994636
0.732000 0.994629
0.736000 0.994623
0.740000 0.994616
0.744000 0.994609
0.748000 0.994601
0.752000 0.994594
0.756000 0.994587
0.760000 0.994579
0.764000 0.994571
0.768000 0.994564
0.772000 0.994556
0.776000 0.994548
0.780000 0.994539
0.784000 0.994531
0.788000 0.994523
0.792000 0.994514
0.796000 0.994506
0.800000 0.994497
0.804000 0.994488
0.808000 0.994479
0.812000 0.994470
0.816000 0.994461
0.820000 0.994452
0.824000 0.994442
0.828000 0.994433
0.832000 0.994423
0.836000 0.994414
0.840000 0.994404
0.844000 0.994394
0.848000 0.994384
0.852000 0.994374
0.856000 0.994364
0.860000 0.994353
0.864000 0.994343
0.868000 0.994333
0.872000 0.994322
0.876000 0.994311
0.880000 0.994301
0.884000 0.994290
0.888000 0.994279
0.892000 0.994268
0.896000 0.994257
0.900000 0.994246
0.904000 0.994235
0.908000 0.994223
0.912000 0.994212
0.916000 0.994201
0.920000 0.994189
0.924000 0.994178
0.928000 0.994166
0.932000 0.994154
0.936000 0.994143
0.940000 0.994131
0.944000 0.994119
0.948000 0.994107
0.952000 0.994094
0.956000 0.994082
0.960000 0.994070
0.964000 0.994057
0.968000 0.994044
0.972000 0.994030
0.976000 0.994015
0.980000 0.994000
0.984000 0.993983
0.988000 0.993964
0.992000 0.993943
0.996000 0.993918
1.000000 0.993888
