-1.000000 0.994892
-0.996000 0.994892
-0.992000 0.994892
-0.988000 0.994892
-0.984000 0.994892
-0.980000 0.994892
-0.976000 0.994892
-0.972000 0.994892
-0.968000 0.994892
-0.964000 0.994892
-0.960000 0.994892
-0.956000 0.994892
-0.952000 0.994892
-0.948000 0.994892
-0.944000 0.994892
-0.940000 0.994892
-0.936000 0.994892
-0.932000 0.994892
-0.928000 0.994892
-0.924000 0.994892
-0.920000 0.994892
-0.916000 0.994892
-0.912000 0.994892
-0.908000 0.994892
-0.904000 0.994892
-0.900000 0.994892
-0.896000 0.994892
-0.892000 0.994892
-0.888000 0.994892
-0.884000 0.994892
-0.880000 0.994892
-0.876000 0.994892
-0.872000 0.994892
-0.868000 0.994892
-0.864000 0.994892
-0.860000 0.994892
-0.856000 0.994892
-0.852000 0.994892
-0.848000 0.994892
-0.844000 0.994892
-0.840000 0.994892
-0.836000 0.994892
-0.832000 0.994892
-0.828000 0.994892
-0.824000 0.994892
-0.820000 0.994892
-0.816000 0.994892
-0.812000 0.994892
-0.808000 0.994892
-0.804000 0.994892
-0.800000 0.994892
-0.796000 0.994892
-0.792000 0.994892
-0.788000 0.994892
-0.784000 0.994892
-0.780000 0.994892
-0.776000 0.994892
-0.772000 0.994892
-0.768000 0.994892
-0.764000 0.994892
-0.760000 0.994892
-0.756000 0.994892
-0.752000 0.994892
-0.748000 0.994892
-0.744000 0.994892
-0.740000 0.994892
-0.736000 0.994892
-0.732000 0.994892
-0.728000 0.994892
-0.724000 0.994892
-0.720000 0.994892
-0.716000 0.994892
-0.712000 0.994892
-0.708000 0.994892
-0.704000 0.994892
-0.700000 0.994892
-0.696000 0.994892
-0.692000 0.994892
-0.688000 0.994892
-0.684000 0.994892
-0.680000 0.994892
-0.676000 0.994892
-0.672000 0.994892
-0.668000 0.994892
-0.664000 0.994892
-0.660000 0.994892
-0.656000 0.994892
-0.652000 0.994892
-0.648000 0.994892
-0.644000 0.994892
-0.640000 0.994892
-0.636000 0.994892
-0.632000 0.994892
-0.628000 0.994892
-0.624000 0.994892
-0.620000 0.994892
-0.616000 0.994892
-0.612000 0.994892
-0.608000 0.994892
-0.604000 0.994892
-0.600000 0.994892
-0.596000 0.994892
-0.592000 0.994892
-0.588000 0.994892
-0.584000 0.994892
-0.580000 0.994892
-0.576000 0.994892
-0.572000 0.994892
-0.568000 0.994892
-0.564000 0.994892
-0.560000 0.994892
-0.556000 0.994892
-0.552000 0.994892
-0.548000 0.994892
-0.544000 0.994892
-0.540000 0.994892
-0.536000 0.994892
-0.532000 0.994892
-0.528000 0.994892
-0.524000 0.994892
-0.520000 0.994892
-0.516000 0.994892
-0.512000 0.994892
-0.508000 0.994892
-0.504000 0.994892
-0.500000 0.994892
-0.496000 0.994892
-0.492000 0.994892
-0.488000 0.994892
-0.484000 0.994892
-0.480000 0.994892
-0.476000 0.994892
-0.472000 0.994892
-0.468000 0.994892
-0.464000 0.994892
-0.460000 0.994892
-0.456000 0.994892
-0.452000 0.994892
-0.448000 0.994892
-0.444000 0.994892
-0.440000 0.994892
-0.436000 0.994892
-0.432000 0.994892
-0.428000 0.994892
-0.424000 0.994892
-0.420000 0.994892
-0.416000 0.994892
-0.412000 0.994892
-0.408000 0.994892
-0.404000 0.994892
-0.400000 0.994892
-0.396000 0.994892
-0.392000 0.994892
-0.388000 0.994892
-0.384000 0.994892
-0.380000 0.994892
-0.376000 0.994892
-0.372000 0.994892
-0.368000 0.994892
-0.364000 0.994892
-0.360000 0.994892
-0.356000 0.994892
-0.352000 0.994892
-0.348000 0.994892
-0.344000 0.994892
-0.340000 0.994892
-0.336000 0.994892
-0.332000 0.994892
-0.328000 0.994892
-0.324000 0.994892
-0.320000 0.994892
-0.316000 0.994892
-0.312000 0.994892
-0.308000 0.994892
-0.304000 0.994892
-0.300000 0.994892
-0.296000 0.994892
-0.292000 0.994892
-0.288000 0.994892
-0.284000 0.994892
-0.280000 0.994892
-0.276000 0.994892
-0.272000 0.994892
-0.268000 0.994892
-0.264000 0.994892
-0.260000 0.994892
-0.256000 0.994892
-0.252000 0.994892
-0.248000 0.994892
-0.244000 0.994892
-0.240000 0.994892
-0.236000 0.994892
-0.232000 0.994892
-0.228000 0.994892
-0.224000 0.994892
-0.220000 0.994892
-0.216000 0.994892
-0.212000 0.994892
-0.208000 0.994892
-0.204000 0.994892
-0.200000 0.994892
-0.196000 0.994892
-0.192000 0.994892
-0.188000 0.994892
-0.184000 0.994892
-0.180000 0.994892
-0.176000 0.994892
-0.172000 0.994892
-0.168000 0.994892
-0.164000 0.994892
-0.160000 0.994892
-0.156000 0.994892
-0.152000 0.994892
-0.148000 0.994892
-0.144000 0.994892
-0.140000 0.994892
-0.136000 0.994892
-0.132000 0.994892
-0.128000 0.994892
-0.124000 0.994892
-0.120000 0.994892
-0.116000 0.994892
-0.112000 0.994892
-0.108000 0.994892
-0.104000 0.994892
-0.100000 0.994892
-0.096000 0.994892
-0.092000 0.994892
-0.088000 0.994892
-0.084000 0.994892
-0.080000 0.994892
-0.076000 0.994892
-0.072000 0.994892
-0.068000 0.994892
-0.064000 0.994892
-0.060000 0.994892
-0.056000 0.994892
-0.052000 0.994892
-0.048000 0.994892
-0.044000 0.994892
-0.040000 0.994892
-0.036000 0.994892
-0.032000 0.994892
-0.028000 0.994892
-0.024000 0.994892
-0.020000 0.994892
-0.016000 0.994892
-0.012000 0.994892
-0.008000 0.994892
-0.004000 0.994892
0.000000 0.994892
0.004000 0.994892
0.008000 0.994892
0.012000 0.994892
0.016000 0.994892
0.020000 0.994892
0.024000 0.994892
0.028000 0.994892
0.032000 0.994892
0.036000 0.994892
0.040000 0.994892
0.044000 0.994892
0.048000 0.994892
0.052000 0.994892
0.056000 0.994892
0.060000 0.994892
0.064000 0.994892
0.068000 0.994892
0.072000 0.994892
0.076000 0.994892
0.080000 0.994892
0.084000 0.994892
0.088000 0.994892
0.092000 0.994892
0.096000 0.994892
0.100000 0.994892
0.104000 0.994892
0.108000 0.994892
0.112000 0.994892
0.116000 0.994892
0.120000 0.994892
0.124000 0.994892
0.128000 0.994892
0.132000 0.994892
0.136000 0.994892
0.140000 0.994892
0.144000 0.994892
0.148000 0.994892
0.152000 0.994892
0.156000 0.994892
0.160000 0.994892
0.164000 0.994892
0.168000 0.994892
0.172000 0.994892
0.176000 0.994892
0.180000 0.994892
0.184000 0.994892
0.188000 0.994892
0.192000 0.994892
0.196000 0.994892
0.200000 0.994892
0.204000 0.994892
0.208000 0.994892
0.212000 0.994892
0.216000 0.994892
0.220000 0.994892
0.224000 0.994892
0.228000 0.994892
0.232000 0.994892
0.236000 0.994892
0.240000 0.994892
0.244000 0.994892
0.248000 0.994892
0.252000 0.994892
0.256000 0.994892
0.260000 0.994892
0.264000 0.994892
0.268000 0.994892
0.272000 0.994892
0.276000 0.994892
0.280000 0.994892
0.284000 0.994892
0.288000 0.994892
0.292000 0.994892
0.296000 0.994892
0.300000 0.994892
0.304000 0.994891
0.308000 0.994891
0.312000 0.994891
0.316000 0.994891
0.320000 0.994891
0.324000 0.994891
0.328000 0.994891
0.332000 0.994891
0.336000 0.994891
0.340000 0.994891
0.344000 0.994891
0.348000 0.994891
0.352000 0.994891
0.356000 0.994891
0.360000 0.994891
0.364000 0.994891
0.368000 0.994891
0.372000 0.994891
0.376000 0.994891
0.380000 0.994890
0.384000 0.994890
0.388000 0.994890
0.392000 0.994890
0.396000 0.994890
0.400000 0.994890
0.404000 0.994890
0.408000 0.994890
0.412000 0.994890
0.416000 0.994889
0.420000 0.994889
0.424000 0.994889
0.428000 0.994889
0.432000 0.994889
0.436000 0.994889
0.440000 0.994889
0.444000 0.994888
0.448000 0.994888
0.452000 0.994888
0.456000 0.994888
0.460000 0.994888
0.464000 0.994887
0.468000 0.994887
0.472000 0.994887
0.476000 0.994887
0.480000 0.994886
0.484000 0.994886
0.488000 0.994886
0.492000 0.994885
0.496000 0.994885
0.500000 0.994885
0.504000 0.994884
0.508000 0.994884
0.512000 0.994884
0.516000 0.994883
0.520000 0.994883
0.524000 0.994882
0.528000 0.994882
0.532000 0.994881
0.536000 0.994881
0.540000 0.994880
0.544000 0.994880
0.548000 0.994879
0.552000 0.994879
0.556000 0.994878
0.560000 0.994877
0.564000 0.994877
0.568000 0.994876
0.572000 0.994875
0.576000 0.994874
0.580000 0.994874
0.584000 0.994873
0.588000 0.994872
0.592000 0.994871
0.596000 0.994870
0.600000 0.994869
0.604000 0.994868
0.608000 0.994867
0.612000 0.994866
0.616000 0.994865
0.620000 0.994864
0.624000 0.994863
0.628000 0.994862
0.632000 0.994861
0.636000 0.994860
0.640000 0.994858
0.644000 0.994857
0.648000 0.994855
0.652000 0.994854
0.656000 0.994853
0.660000 0.994851
0.664000 0.994849
0.668000 0.994848
0.672000 0.994846
0.676000 0.994844
0.680000 0.994843
0.684000 0.994841
0.688000 0.994839
0.692000 0.994837
0.696000 0.994835
0.700000 0.994833
0.704000 0.994831
0.708000 0.994828
0.712000 0.994826
0.716000 0.994824
0.720000 0.994821
0.724000 0.994819
0.728000 0.994816
0.732000 0.994814
0.736000 0.994811
0.740000 0.994808
0.744000 0.994806
0.748000 0.994803
0.752000 0.994800
0.756000 0.994797
0.760000 0.994794
0.764000 0.994790
0.768000 0.994787
0.772000 0.994784
0.776000 0.994780
0.780000 0.994777
0.784000 0.994773
0.788000 0.994769
0.792000 0.994766
0.796000 0.994762
0.800000 0.994758
0.804000 0.994754
0.808000 0.994750
0.812000 0.994745
0.816000 0.994741
0.820000 0.994737
0.824000 0.994732
0.828000 0.994727
0.832000 0.994723
0.836000 0.994718
0.840000 0.994713
0.844000 0.994708
0.848000 0.994703
0.852000 0.994697
0.856000 0.994692
0.860000 0.994687
0.864000 0.994681
0.868000 0.994676
0.872000 0.994670
0.876000 0.994664
0.880000 0.994658
0.884000 0.994652
0.888000 0.994646
0.892000 0.994639
0.896000 0.994633
0.900000 0.994627
0.904000 0.994620
0.908000 0.994613
0.912000 0.994606
0.916000 0.994600
0.920000 0.994592
0.924000 0.994585
0.928000 0.994578
0.932000 0.994571
0.936000 0.994563
0.940000 0.994555
0.944000 0.994548
0.948000 0.994540
0.952000 0.994531
0.956000 0.994523
0.960000 0.994514
0.964000 0.994506
0.968000 0.994496
0.972000 0.994486
0.976000 0.994476
0.980000 0.994465
0.984000 0.994452
0.988000 0.994438
0.992000 0.994422
0.996000 0.994404
1.000000 0.994381
