-1.000000 0.992919
-0.996000 0.992919
-0.992000 0.992919
-0.988000 0.992919
-0.984000 0.992919
-0.980000 0.992919
-0.976000 0.992919
-0.972000 0.992919
-0.968000 0.992919
-0.964000 0.992919
-0.960000 0.992919
-0.956000 0.992919
-0.952000 0.992919
-0.948000 0.992919
-0.944000 0.992919
-0.940000 0.992919
-0.936000 0.992919
-0.932000 0.992919
-0.928000 0.992919
-0.924000 0.992919
-0.920000 0.992919
-0.916000 0.992919
-0.912000 0.992919
-0.908000 0.992919
-0.904000 0.992919
-0.900000 0.992919
-0.896000 0.992919
-0.892000 0.992919
-0.888000 0.992919
-0.884000 0.992919
-0.880000 0.992919
-0.876000 0.992919
-0.872000 0.992919
-0.868000 0.992919
-0.864000 0.992919
-0.860000 0.992919
-0.856000 0.992919
-0.852000 0.992919
-0.848000 0.992919
-0.844000 0.992919
-0.840000 0.992919
-0.836000 0.992919
-0.832000 0.992919
-0.828000 0.992919
-0.824000 0.992919
-0.820000 0.992919
-0.816000 0.992919
-0.812000 0.992919
-0.808000 0.992919
-0.804000 0.992919
-0.800000 0.992919
-0.796000 0.992919
-0.792000 0.992919
-0.788000 0.992919
-0.784000 0.992919
-0.780000 0.992919
-0.776000 0.992920
-0.772000 0.992920
-0.768000 0.992920
-0.764000 0.992920
-0.760000 0.992920
-0.756000 0.992920
-0.752000 0.992920
-0.748000 0.992920
-0.744000 0.992920
-0.740000 0.992921
-0.736000 0.992921
-0.732000 0.992921
-0.728000 0.992921
-0.724000 0.992921
-0.720000 0.992922
-0.716000 0.992922
-0.712000 0.992922
-0.708000 0.992923
-0.704000 0.992923
-0.700000 0.992924
-0.696000 0.992924
-0.692000 0.992925
-0.688000 0.992926
-0.684000 0.992926
-0.680000 0.992927
-0.676000 0.992928
-0.672000 0.992929
-0.668000 0.992930
-0.664000 0.992931
-0.660000 0.992932
-0.656000 0.992933
-0.652000 0.992935
-0.648000 0.992936
-0.644000 0.992938
-0.640000 0.992940
-0.636000 0.992942
-0.632000 0.992944
-0.628000 0.992946
-0.624000 0.992949
-0.620000 0.992952
-0.616000 0.992954
-0.612000 0.992958
-0.608000 0.992961
-0.604000 0.992965
-0.600000 0.992968
-0.596000 0.992973
-0.592000 0.992977
-0.588000 0.992982
-0.584000 0.992987
-0.580000 0.992992
-0.576000 0.992998
-0.572000 0.993004
-0.568000 0.993011
-0.564000 0.993018
-0.560000 0.993025
-0.556000 0.993033
-0.552000 0.993042
-0.548000 0.993050
-0.544000 0.993060
-0.540000 0.993070
-0.536000 0.993080
-0.532000 0.993092
-0.528000 0.993103
-0.524000 0.993116
-0.520000 0.993129
-0.516000 0.993143
-0.512000 0.993157
-0.508000 0.993172
-0.504000 0.993188
-0.500000 0.993205
-0.496000 0.993222
-0.492000 0.993241
-0.488000 0.993260
-0.484000 0.993280
-0.480000 0.993301
-0.476000 0.993323
-0.472000 0.993346
-0.468000 0.993370
-0.464000 0.993395
-0.460000 0.993420
-0.456000 0.993447
-0.452000 0.993475
-0.448000 0.993504
-0.444000 0.993534
-0.440000 0.993565
-0.436000 0.993597
-0.432000 0.993630
-0.428000 0.993664
-0.424000 0.993700
-0.420000 0.993736
-0.416000 0.993774
-0.412000 0.993813
-0.408000 0.993853
-0.404000 0.993894
-0.400000 0.993936
-0.396000 0.993980
-0.392000 0.994024
-0.388000 0.994070
-0.384000 0.994117
-0.380000 0.994165
-0.376000 0.994214
-0.372000 0.994264
-0.368000 0.994315
-0.364000 0.994368
-0.360000 0.994421
-0.356000 0.994475
-0.352000 0.994531
-0.348000 0.994587
-0.344000 0.994645
-0.340000 0.994703
-0.336000 0.994763
-0.332000 0.994823
-0.328000 0.994884
-0.324000 0.994946
-0.320000 0.995009
-0.316000 0.995072
-0.312000 0.995136
-0.308000 0.995201
-0.304000 0.995267
-0.300000 0.995333
-0.296000 0.995400
-0.292000 0.995468
-0.288000 0.995536
-0.284000 0.995604
-0.280000 0.995673
-0.276000 0.995742
-0.272000 0.995812
-0.268000 0.995882
-0.264000 0.995952
-0.260000 0.996022
-0.256000 0.996093
-0.252000 0.996164
-0.248000 0.996234
-0.244000 0.996305
-0.240000 0.996376
-0.236000 0.996446
-0.232000 0.996517
-0.228000 0.996588
-0.224000 0.996658
-0.220000 0.996728
-0.216000 0.996798
-0.212000 0.996867
-0.208000 0.996936
-0.204000 0.997005
-0.200000 0.997073
-0.196000 0.997141
-0.192000 0.997208
-0.188000 0.997275
-0.184000 0.997341
-0.180000 0.997407
-0.176000 0.997472
-0.172000 0.997536
-0.168000 0.997600
-0.164000 0.997662
-0.160000 0.997725
-0.156000 0.997786
-0.152000 0.997846
-0.148000 0.997906
-0.144000 0.997965
-0.140000 0.998023
-0.136000 0.998080
-0.132000 0.998136
-0.128000 0.998191
-0.124000 0.998245
-0.120000 0.998298
-0.116000 0.998351
-0.112000 0.998402
-0.108000 0.998453
-0.104000 0.998502
-0.100000 0.998550
-0.096000 0.998598
-0.092000 0.998644
-0.088000 0.998689
-0.084000 0.998734
-0.080000 0.998777
-0.076000 0.998819
-0.072000 0.998860
-0.068000 0.998901
-0.064000 0.998940
-0.060000 0.998978
-0.056000 0.999016
-0.052000 0.999052
-0.048000 0.999087
-0.044000 0.999121
-0.040000 0.999155
-0.036000 0.999187
-0.032000 0.999219
-0.028000 0.999249
-0.024000 0.999279
-0.020000 0.999308
-0.016000 0.999336
-0.012000 0.999363
-0.008000 0.999389
-0.004000 0.999414
0.000000 0.999439
0.004000 0.999462
0.008000 0.999485
0.012000 0.999507
0.016000 0.999528
0.020000 0.999549
0.024000 0.999569
0.028000 0.999588
0.032000 0.999606
0.036000 0.999624
0.040000 0.999641
0.044000 0.999658
0.048000 0.999673
0.052000 0.999689
0.056000 0.999703
0.060000 0.999717
0.064000 0.999731
0.068000 0.999744
0.072000 0.999756
0.076000 0.999768
0.080000 0.999779
0.084000 0.999790
0.088000 0.999801
0.092000 0.999811
0.096000 0.999820
0.100000 0.999829
0.104000 0.999838
0.108000 0.999846
0.112000 0.999854
0.116000 0.999862
0.120000 0.999869
0.124000 0.999876
0.128000 0.999883
0.132000 0.999889
0.136000 0.999895
0.140000 0.999901
0.144000 0.999906
0.148000 0.999911
0.152000 0.999916
0.156000 0.999921
0.160000 0.999925
0.164000 0.999930
0.168000 0.999934
0.172000 0.999937
0.176000 0.999941
0.180000 0.999944
0.184000 0.999948
0.188000 0.999951
0.192000 0.999954
0.196000 0.999956
0.200000 0.999959
0.204000 0.999961
0.208000 0.999964
0.212000 0.999966
0.216000 0.999968
0.220000 0.999970
0.224000 0.999972
0.228000 0.999973
0.232000 0.999975
0.236000 0.999977
0.240000 0.999978
0.244000 0.999979
0.248000 0.999981
0.252000 0.999982
0.256000 0.999983
0.260000 0.999984
0.264000 0.999985
0.268000 0.999986
0.272000 0.999987
0.276000 0.999988
0.280000 0.999989
0.284000 0.999989
0.288000 0.999990
0.292000 0.999991
0.296000 0.999991
0.300000 0.999992
0.304000 0.999993
0.308000 0.999993
0.312000 0.999994
0.316000 0.999994
0.320000 0.999994
0.324000 0.999995
0.328000 0.999995
0.332000 0.999995
0.336000 0.999996
0.340000 0.999996
0.344000 0.999996
0.348000 0.999997
0.352000 0.999997
0.356000 0.999997
0.360000 0.999997
0.364000 0.999997
0.368000 0.999998
0.372000 0.999998
0.376000 0.999998
0.380000 0.999998
0.384000 0.999998
0.388000 0.999998
0.392000 0.999999
0.396000 0.999999
0.400000 0.999999
0.404000 0.999999
0.408000 0.999999
0.412000 0.999999
0.416000 0.999999
0.420000 0.999999
0.424000 0.999999
0.428000 0.999999
0.432000 0.999999
0.436000 0.999999
0.440000 0.999999
0.444000 0.999999
0.448000 1.000000
0.452000 1.000000
0.456000 1.000000
0.460000 1.000000
0.464000 1.000000
0.468000 1.000000
0.472000 1.000000
0.476000 1.000000
0.480000 1.000000
0.484000 1.000000
0.488000 1.000000
0.492000 1.000000
0.496000 1.000000
0.500000 1.000000
0.504000 1.000000
0.508000 1.000000
0.512000 1.000000
0.516000 1.000000
0.520000 1.000000
0.524000 1.000000
0.528000 1.000000
0.532000 1.000000
0.536000 1.000000
0.540000 1.000000
0.544000 1.000000
0.548000 1.000000
0.552000 1.000000
0.556000 1.000000
0.560000 1.000000
0.564000 1.000000
0.568000 1.000000
0.572000 1.000000
0.576000 1.000000
0.580000 1.000000
0.584000 1.000000
0.588000 1.000000
0.592000 1.000000
0.596000 1.000000
0.600000 1.000000
0.604000 1.000000
0.608000 1.000000
0.612000 1.000000
0.616000 1.000000
0.620000 1.000000
0.624000 1.000000
0.628000 1.000000
0.632000 1.000000
0.636000 1.000000
0.640000 1.000000
0.644000 1.000000
0.648000 1.000000
0.652000 1.000000
0.656000 1.000000
0.660000 1.000000
0.664000 1.000000
0.668000 1.000000
0.672000 1.000000
0.676000 1.000000
0.680000 1.000000
0.684000 1.000000
0.688000 1.000000
0.692000 1.000000
0.696000 1.000000
0.700000 1.000000
0.704000 1.000000
0.708000 1.000000
0.712000 1.000000
0.716000 1.000000
0.720000 1.000000
0.724000 1.000000
0.728000 1.000000
0.732000 1.000000
0.736000 1.000000
0.740000 1.000000
0.744000 1.000000
0.748000 1.000000
0.752000 1.000000
0.756000 1.000000
0.760000 1.000000
0.764000 1.000000
0.768000 1.000000
0.772000 1.000000
0.776000 1.000000
0.780000 1.000000
0.784000 1.000000
0.788000 1.000000
0.792000 1.000000
0.796000 1.000000
0.800000 1.000000
0.804000 1.000000
0.808000 1.000000
0.812000 1.000000
0.816000 1.000000
0.820000 1.000000
0.824000 1.000000
0.828000 1.000000
0.832000 1.000000
0.836000 1.000000
0.840000 1.000000
0.844000 1.000000
0.848000 1.000000
0.852000 1.000000
0.856000 1.000000
0.860000 1.000000
0.864000 1.000000
0.868000 1.000000
0.872000 1.000000
0.876000 1.000000
0.880000 1.000000
0.884000 1.000000
0.888000 1.000000
0.892000 1.000000
0.896000 1.000000
0.900000 1.000000
0.904000 1.000000
0.908000 1.000000
0.912000 1.000000
0.916000 1.000000
0.920000 1.000000
0.924000 1.000000
0.928000 1.000000
0.932000 1.000000
0.936000 1.000000
0.940000 1.000000
0.944000 1.000000
0.948000 1.000000
0.952000 1.000000
0.956000 1.000000
0.960000 1.000000
0.964000 1.000000
0.968000 1.000000
0.972000 1.000000
0.976000 1.000000
0.980000 1.000000
0.984000 1.000000
0.988000 1.000000
0.992000 1.000000
0.996000 1.000000
1.000000 1.000000
