-1.000000 0.994892
-0.996000 0.994892
-0.992000 0.994892
-0.988000 0.994892
-0.984000 0.994892
-0.980000 0.994892
-0.976000 0.994892
-0.972000 0.994892
-0.968000 0.994892
-0.964000 0.994892
-0.960000 0.994892
-0.956000 0.994892
-0.952000 0.994892
-0.948000 0.994892
-0.944000 0.994892
-0.940000 0.994892
-0.936000 0.994892
-0.932000 0.994892
-0.928000 0.994892
-0.924000 0.994892
-0.920000 0.994892
-0.916000 0.994892
-0.912000 0.994892
-0.908000 0.994892
-0.904000 0.994892
-0.900000 0.994892
-0.896000 0.994892
-0.892000 0.994892
-0.888000 0.994892
-0.884000 0.994892
-0.880000 0.994892
-0.876000 0.994892
-0.872000 0.994892
-0.868000 0.994892
-0.864000 0.994892
-0.860000 0.994892
-0.856000 0.994892
-0.852000 0.994892
-0.848000 0.994892
-0.844000 0.994892
-0.840000 0.994892
-0.836000 0.994892
-0.832000 0.994892
-0.828000 0.994892
-0.824000 0.994892
-0.820000 0.994892
-0.816000 0.994892
-0.812000 0.994892
-0.808000 0.994892
-0.804000 0.994892
-0.800000 0.994892
-0.796000 0.994892
-0.792000 0.994892
-0.788000 0.994892
-0.784000 0.994892
-0.780000 0.994892
-0.776000 0.994892
-0.772000 0.994892
-0.768000 0.994892
-0.764000 0.994892
-0.760000 0.994892
-0.756000 0.994892
-0.752000 0.994892
-0.748000 0.994892
-0.744000 0.994892
-0.740000 0.994892
-0.736000 0.994892
-0.732000 0.994892
-0.728000 0.994892
-0.724000 0.994892
-0.720000 0.994892
-0.716000 0.994892
-0.712000 0.994892
-0.708000 0.994892
-0.704000 0.994892
-0.700000 0.994892
-0.696000 0.994892
-0.692000 0.994892
-0.688000 0.994892
-0.684000 0.994892
-0.680000 0.994892
-0.676000 0.994892
-0.672000 0.994892
-0.668000 0.994892
-0.664000 0.994892
-0.660000 0.994892
-0.656000 0.994892
-0.652000 0.994892
-0.648000 0.994892
-0.644000 0.994892
-0.640000 0.994892
-0.636000 0.994892
-0.632000 0.994892
-0.628000 0.994892
-0.624000 0.994892
-0.620000 0.994892
-0.616000 0.994892
-0.612000 0.994892
-0.608000 0.994892
-0.604000 0.994892
-0.600000 0.994892
-0.596000 0.994892
-0.592000 0.994892
-0.588000 0.994892
-0.584000 0.994892
-0.580000 0.994892
-0.576000 0.994892
-0.572000 0.994892
-0.568000 0.994892
-0.564000 0.994892
-0.560000 0.994892
-0.556000 0.994892
-0.552000 0.994892
-0.548000 0.994892
-0.544000 0.994892
-0.540000 0.994892
-0.536000 0.994892
-0.532000 0.994892
-0.528000 0.994892
-0.524000 0.994892
-0.520000 0.994892
-0.516000 0.994892
-0.512000 0.994892
-0.508000 0.994892
-0.504000 0.994892
-0.500000 0.994892
-0.496000 0.994892
-0.492000 0.994892
-0.488000 0.994892
-0.484000 0.994892
-0.480000 0.994892
-0.476000 0.994892
-0.472000 0.994892
-0.468000 0.994892
-0.464000 0.994892
-0.460000 0.994892
-0.456000 0.994892
-0.452000 0.994892
-0.448000 0.994892
-0.444000 0.994892
-0.440000 0.994892
-0.436000 0.994892
-0.432000 0.994892
-0.428000 0.994892
-0.424000 0.994892
-0.420000 0.994892
-0.416000 0.994892
-0.412000 0.994892
-0.408000 0.994892
-0.404000 0.994892
-0.400000 0.994892
-0.396000 0.994892
-0.392000 0.994892
-0.388000 0.994892
-0.384000 0.994892
-0.380000 0.994892
-0.376000 0.994892
-0.372000 0.994892
-0.368000 0.994892
-0.364000 0.994892
-0.360000 0.994892
-0.356000 0.994892
-0.352000 0.994892
-0.348000 0.994892
-0.344000 0.994892
-0.340000 0.994892
-0.336000 0.994892
-0.332000 0.994892
-0.328000 0.994892
-0.324000 0.994892
-0.320000 0.994892
-0.316000 0.994892
-0.312000 0.994892
-0.308000 0.994892
-0.304000 0.994892
-0.300000 0.994892
-0.296000 0.994892
-0.292000 0.994892
-0.288000 0.994892
-0.284000 0.994892
-0.280000 0.994892
-0.276000 0.994892
-0.272000 0.994892
-0.268000 0.994892
-0.264000 0.994892
-0.260000 0.994892
-0.256000 0.994892
-0.252000 0.994892
-0.248000 0.994892
-0.244000 0.994892
-0.240000 0.994892
-0.236000 0.994892
-0.232000 0.994892
-0.228000 0.994892
-0.224000 0.994892
-0.220000 0.994892
-0.216000 0.994892
-0.212000 0.994892
-0.208000 0.994892
-0.204000 0.994892
-0.200000 0.994892
-0.196000 0.994892
-0.192000 0.994892
-0.188000 0.994892
-0.184000 0.994892
-0.180000 0.994892
-0.176000 0.994892
-0.172000 0.994892
-0.168000 0.994892
-0.164000 0.994892
-0.160000 0.994892
-0.156000 0.994892
-0.152000 0.994892
-0.148000 0.994892
-0.144000 0.994892
-0.140000 0.994892
-0.136000 0.994892
-0.132000 0.994892
-0.128000 0.994892
-0.124000 0.994892
-0.120000 0.994892
-0.116000 0.994892
-0.112000 0.994892
-0.108000 0.994892
-0.104000 0.994892
-0.100000 0.994892
-0.096000 0.994892
-0.092000 0.994892
-0.088000 0.994892
-0.084000 0.994892
-0.080000 0.994892
-0.076000 0.994892
-0.072000 0.994892
-0.068000 0.994892
-0.064000 0.994892
-0.060000 0.994892
-0.056000 0.994892
-0.052000 0.994892
-0.048000 0.994892
-0.044000 0.994892
-0.040000 0.994892
-0.036000 0.994892
-0.032000 0.994892
-0.028000 0.994892
-0.024000 0.994892
-0.020000 0.994892
-0.016000 0.994892
-0.012000 0.994892
-0.008000 0.994892
-0.004000 0.994892
0.000000 0.994892
0.004000 0.994892
0.008000 0.994892
0.012000 0.994892
0.016000 0.994892
0.020000 0.994892
0.024000 0.994892
0.028000 0.994892
0.032000 0.994892
0.036000 0.994892
0.040000 0.994892
0.044000 0.994892
0.048000 0.994892
0.052000 0.994892
0.056000 0.994892
0.060000 0.994892
0.064000 0.994892
0.068000 0.994892
0.072000 0.994892
0.076000 0.994892
0.080000 0.994892
0.084000 0.994892
0.088000 0.994892
0.092000 0.994892
0.096000 0.994892
0.100000 0.994892
0.104000 0.994892
0.108000 0.994892
0.112000 0.994892
0.116000 0.994892
0.120000 0.994892
0.124000 0.994892
0.128000 0.994892
0.132000 0.994892
0.136000 0.994892
0.140000 0.994892
0.144000 0.994892
0.148000 0.994892
0.152000 0.994891
0.156000 0.994891
0.160000 0.994891
0.164000 0.994891
0.168000 0.994891
0.172000 0.994891
0.176000 0.994891
0.180000 0.994891
0.184000 0.994891
0.188000 0.994891
0.192000 0.994891
0.196000 0.994891
0.200000 0.994891
0.204000 0.994891
0.208000 0.994891
0.212000 0.994891
0.216000 0.994891
0.220000 0.994890
0.224000 0.994890
0.228000 0.994890
0.232000 0.994890
0.236000 0.994890
0.240000 0.994890
0.244000 0.994890
0.248000 0.994890
0.252000 0.994890
0.256000 0.994889
0.260000 0.994889
0.264000 0.994889
0.268000 0.994889
0.272000 0.994889
0.276000 0.994889
0.280000 0.994888
0.284000 0.994888
0.288000 0.994888
0.292000 0.994888
0.296000 0.994888
0.300000 0.994887
0.304000 0.994887
0.308000 0.994887
0.312000 0.994887
0.316000 0.994886
0.320000 0.994886
0.324000 0.994886
0.328000 0.994885
0.332000 0.994885
0.336000 0.994885
0.340000 0.994884
0.344000 0.994884
0.348000 0.994883
0.352000 0.994883
0.356000 0.994882
0.360000 0.994882
0.364000 0.994881
0.368000 0.994881
0.372000 0.994880
0.376000 0.994880
0.380000 0.994879
0.384000 0.994879
0.388000 0.994878
0.392000 0.994877
0.396000 0.994877
0.400000 0.994876
0.404000 0.994875
0.408000 0.994874
0.412000 0.994874
0.416000 0.994873
0.420000 0.994872
0.424000 0.994871
0.428000 0.994870
0.432000 0.994869
0.436000 0.994868
0.440000 0.994867
0.444000 0.994866
0.448000 0.994865
0.452000 0.994863
0.456000 0.994862
0.460000 0.994861
0.464000 0.994860
0.468000 0.994858
0.472000 0.994857
0.476000 0.994855
0.480000 0.994854
0.484000 0.994852
0.488000 0.994851
0.492000 0.994849
0.496000 0.994847
0.500000 0.994845
0.504000 0.994844
0.508000 0.994842
0.512000 0.994840
0.516000 0.994838
0.520000 0.994836
0.524000 0.994833
0.528000 0.994831
0.532000 0.994829
0.536000 0.994826
0.540000 0.994824
0.544000 0.994822
0.548000 0.994819
0.552000 0.994816
0.556000 0.994813
0.560000 0.994811
0.564000 0.994808
0.568000 0.994805
0.572000 0.994802
0.576000 0.994799
0.580000 0.994795
0.584000 0.994792
0.588000 0.994789
0.592000 0.994785
0.596000 0.994781
0.600000 0.994778
0.604000 0.994774
0.608000 0.994770
0.612000 0.994766
0.616000 0.994762
0.620000 0.994758
0.624000 0.994754
0.628000 0.994749
0.632000 0.994745
0.636000 0.994740
0.640000 0.994735
0.644000 0.994731
0.648000 0.994726
0.652000 0.994721
0.656000 0.994716
0.660000 0.994710
0.664000 0.994705
0.668000 0.994700
0.672000 0.994694
0.676000 0.994688
0.680000 0.994683
0.684000 0.994677
0.688000 0.994671
0.692000 0.994665
0.696000 0.994658
0.700000 0.994652
0.704000 0.994645
0.708000 0.994639
0.712000 0.994632
0.716000 0.994625
0.720000 0.994618
0.724000 0.994611
0.728000 0.994604
0.732000 0.994597
0.736000 0.994589
0.740000 0.994582
0.744000 0.994574
0.748000 0.994566
0.752000 0.994558
0.756000 0.994550
0.760000 0.994542
0.764000 0.994534
0.768000 0.994526
0.772000 0.994517
0.776000 0.994508
0.780000 0.994500
0.784000 0.994491
0.788000 0.994482
0.792000 0.994473
0.796000 0.994464
0.800000 0.994454
0.804000 0.994445
0.808000 0.994435
0.812000 0.994426
0.816000 0.994416
0.820000 0.994406
0.824000 0.994396
0.828000 0.994386
0.832000 0.994376
0.836000 0.994366
0.840000 0.994356
0.844000 0.994345
0.848000 0.994335
0.852000 0.994324
0.856000 0.994314
0.860000 0.994303
0.864000 0.994292
0.868000 0.994281
0.872000 0.994270
0.876000 0.994259
0.880000 0.994248
0.884000 0.994237
0.888000 0.994225
0.892000 0.994214
0.896000 0.994202
0.900000 0.994191
0.904000 0.994179
0.908000 0.994168
0.912000 0.994156
0.916000 0.994144
0.920000 0.994132
0.924000 0.994121
0.928000 0.994109
0.932000 0.994097
0.936000 0.994085
0.940000 0.994073
0.944000 0.994060
0.948000 0.994048
0.952000 0.994036
0.956000 0.994023
0.960000 0.994010
0.964000 0.993997
0.968000 0.993984
0.972000 0.993970
0.976000 0.993955
0.980000 0.993940
0.984000 0.993923
0.988000 0.993904
0.992000 0.993883
0.996000 0.993858
1.000000 0.993827
