-1.000000 0.994892
-0.996000 0.994892
-0.992000 0.994892
-0.988000 0.994892
-0.984000 0.994892
-0.980000 0.994892
-0.976000 0.994892
-0.972000 0.994892
-0.968000 0.994892
-0.964000 0.994892
-0.960000 0.994892
-0.956000 0.994892
-0.952000 0.994892
-0.948000 0.994892
-0.944000 0.994892
-0.940000 0.994892
-0.936000 0.994892
-0.932000 0.994892
-0.928000 0.994892
-0.924000 0.994892
-0.920000 0.994892
-0.916000 0.994892
-0.912000 0.994892
-0.908000 0.994892
-0.904000 0.994892
-0.900000 0.994892
-0.896000 0.994892
-0.892000 0.994892
-0.888000 0.994892
-0.884000 0.994892
-0.880000 0.994892
-0.876000 0.994892
-0.872000 0.994892
-0.868000 0.994892
-0.864000 0.994892
-0.860000 0.994892
-0.856000 0.994892
-0.852000 0.994892
-0.848000 0.994892
-0.844000 0.994892
-0.840000 0.994892
-0.836000 0.994892
-0.832000 0.994892
-0.828000 0.994892
-0.824000 0.994892
-0.820000 0.994892
-0.816000 0.994892
-0.812000 0.994892
-0.808000 0.994892
-0.804000 0.994892
-0.800000 0.994892
-0.796000 0.994892
-0.792000 0.994892
-0.788000 0.994892
-0.784000 0.994892
-0.780000 0.994892
-0.776000 0.994892
-0.772000 0.994892
-0.768000 0.994892
-0.764000 0.994892
-0.760000 0.994892
-0.756000 0.994892
-0.752000 0.994892
-0.748000 0.994892
-0.744000 0.994892
-0.740000 0.994892
-0.736000 0.994892
-0.732000 0.994892
-0.728000 0.994892
-0.724000 0.994892
-0.720000 0.994892
-0.716000 0.994892
-0.712000 0.994892
-0.708000 0.994892
-0.704000 0.994892
-0.700000 0.994892
-0.696000 0.994892
-0.692000 0.994892
-0.688000 0.994892
-0.684000 0.994892
-0.680000 0.994892
-0.676000 0.994892
-0.672000 0.994892
-0.668000 0.994892
-0.664000 0.994892
-0.660000 0.994892
-0.656000 0.994892
-0.652000 0.994892
-0.648000 0.994892
-0.644000 0.994892
-0.640000 0.994892
-0.636000 0.994892
-0.632000 0.994892
-0.628000 0.994892
-0.624000 0.994892
-0.620000 0.994892
-0.616000 0.994892
-0.612000 0.994892
-0.608000 0.994892
-0.604000 0.994892
-0.600000 0.994892
-0.596000 0.994892
-0.592000 0.994892
-0.588000 0.994892
-0.584000 0.994892
-0.580000 0.994892
-0.576000 0.994892
-0.572000 0.994892
-0.568000 0.994892
-0.564000 0.994892
-0.560000 0.994892
-0.556000 0.994892
-0.552000 0.994892
-0.548000 0.994892
-0.544000 0.994892
-0.540000 0.994892
-0.536000 0.994892
-0.532000 0.994892
-0.528000 0.994892
-0.524000 0.994892
-0.520000 0.994892
-0.516000 0.994892
-0.512000 0.994892
-0.508000 0.994892
-0.504000 0.994892
-0.500000 0.994892
-0.496000 0.994892
-0.492000 0.994892
-0.488000 0.994892
-0.484000 0.994892
-0.480000 0.994892
-0.476000 0.994892
-0.472000 0.994892
-0.468000 0.994892
-0.464000 0.994892
-0.460000 0.994892
-0.456000 0.994892
-0.452000 0.994892
-0.448000 0.994892
-0.444000 0.994892
-0.440000 0.994892
-0.436000 0.994892
-0.432000 0.994892
-0.428000 0.994892
-0.424000 0.994892
-0.420000 0.994892
-0.416000 0.994892
-0.412000 0.994892
-0.408000 0.994892
-0.404000 0.994892
-0.400000 0.994892
-0.396000 0.994892
-0.392000 0.994892
-0.388000 0.994892
-0.384000 0.994892
-0.380000 0.994892
-0.376000 0.994892
-0.372000 0.994892
-0.368000 0.994892
-0.364000 0.994892
-0.360000 0.994892
-0.356000 0.994892
-0.352000 0.994892
-0.348000 0.994892
-0.344000 0.994892
-0.340000 0.994892
-0.336000 0.994892
-0.332000 0.994892
-0.328000 0.994892
-0.324000 0.994892
-0.320000 0.994892
-0.316000 0.994892
-0.312000 0.994892
-0.308000 0.994892
-0.304000 0.994892
-0.300000 0.994892
-0.296000 0.994892
-0.292000 0.994892
-0.288000 0.994892
-0.284000 0.994892
-0.280000 0.994892
-0.276000 0.994892
-0.272000 0.994892
-0.268000 0.994892
-0.264000 0.994892
-0.260000 0.994892
-0.256000 0.994892
-0.252000 0.994892
-0.248000 0.994892
-0.244000 0.994892
-0.240000 0.994892
-0.236000 0.994892
-0.232000 0.994892
-0.228000 0.994892
-0.224000 0.994892
-0.220000 0.994892
-0.216000 0.994892
-0.212000 0.994892
-0.208000 0.994892
-0.204000 0.994892
-0.200000 0.994892
-0.196000 0.994892
-0.192000 0.994892
-0.188000 0.994892
-0.184000 0.994892
-0.180000 0.994892
-0.176000 0.994892
-0.172000 0.994892
-0.168000 0.994892
-0.164000 0.994892
-0.160000 0.994892
-0.156000 0.994892
-0.152000 0.994892
-0.148000 0.994892
-0.144000 0.994892
-0.140000 0.994892
-0.136000 0.994892
-0.132000 0.994892
-0.128000 0.994892
-0.124000 0.994892
-0.120000 0.994892
-0.116000 0.994892
-0.112000 0.994892
-0.108000 0.994892
-0.104000 0.994892
-0.100000 0.994892
-0.096000 0.994892
-0.092000 0.994892
-0.088000 0.994892
-0.084000 0.994892
-0.080000 0.994892
-0.076000 0.994892
-0.072000 0.994892
-0.068000 0.994892
-0.064000 0.994892
-0.060000 0.994892
-0.056000 0.994892
-0.052000 0.994892
-0.048000 0.994892
-0.044000 0.994892
-0.040000 0.994892
-0.036000 0.994892
-0.032000 0.994892
-0.028000 0.994892
-0.024000 0.994892
-0.020000 0.994892
-0.016000 0.994892
-0.012000 0.994892
-0.008000 0.994892
-0.004000 0.994892
0.000000 0.994892
0.004000 0.994892
0.008000 0.994892
0.012000 0.994892
0.016000 0.994892
0.020000 0.994892
0.024000 0.994892
0.028000 0.994892
0.032000 0.994892
0.036000 0.994892
0.040000 0.994892
0.044000 0.994892
0.048000 0.994892
0.052000 0.994892
0.056000 0.994892
0.060000 0.994892
0.064000 0.994892
0.068000 0.994892
0.072000 0.994892
0.076000 0.994892
0.080000 0.994892
0.084000 0.994892
0.088000 0.994892
0.092000 0.994892
0.096000 0.994892
0.100000 0.994892
0.104000 0.994892
0.108000 0.994892
0.112000 0.994892
0.116000 0.994892
0.120000 0.994892
0.124000 0.994892
0.128000 0.994892
0.132000 0.994892
0.136000 0.994892
0.140000 0.994892
0.144000 0.994892
0.148000 0.994892
0.152000 0.994892
0.156000 0.994892
0.160000 0.994892
0.164000 0.994892
0.168000 0.994892
0.172000 0.994892
0.176000 0.994892
0.180000 0.994892
0.184000 0.994892
0.188000 0.994891
0.192000 0.994891
0.196000 0.994891
0.200000 0.994891
0.204000 0.994891
0.208000 0.994891
0.212000 0.994891
0.216000 0.994891
0.220000 0.994891
0.224000 0.994891
0.228000 0.994891
0.232000 0.994891
0.236000 0.994891
0.240000 0.994891
0.244000 0.994891
0.248000 0.994891
0.252000 0.994891
0.256000 0.994891
0.260000 0.994890
0.264000 0.994890
0.268000 0.994890
0.272000 0.994890
0.276000 0.994890
0.280000 0.994890
0.284000 0.994890
0.288000 0.994890
0.292000 0.994890
0.296000 0.994889
0.300000 0.994889
0.304000 0.994889
0.308000 0.994889
0.312000 0.994889
0.316000 0.994889
0.320000 0.994888
0.324000 0.994888
0.328000 0.994888
0.332000 0.994888
0.336000 0.994888
0.340000 0.994887
0.344000 0.994887
0.348000 0.994887
0.352000 0.994887
0.356000 0.994886
0.360000 0.994886
0.364000 0.994886
0.368000 0.994885
0.372000 0.994885
0.376000 0.994885
0.380000 0.994884
0.384000 0.994884
0.388000 0.994883
0.392000 0.994883
0.396000 0.994883
0.400000 0.994882
0.404000 0.994882
0.408000 0.994881
0.412000 0.994881
0.416000 0.994880
0.420000 0.994879
0.424000 0.994879
0.428000 0.994878
0.432000 0.994878
0.436000 0.994877
0.440000 0.994876
0.444000 0.994876
0.448000 0.994875
0.452000 0.994874
0.456000 0.994873
0.460000 0.994872
0.464000 0.994871
0.468000 0.994870
0.472000 0.994870
0.476000 0.994869
0.480000 0.994868
0.484000 0.994866
0.488000 0.994865
0.492000 0.994864
0.496000 0.994863
0.500000 0.994862
0.504000 0.994861
0.508000 0.994859
0.512000 0.994858
0.516000 0.994856
0.520000 0.994855
0.524000 0.994853
0.528000 0.994852
0.532000 0.994850
0.536000 0.994849
0.540000 0.994847
0.544000 0.994845
0.548000 0.994843
0.552000 0.994841
0.556000 0.994839
0.560000 0.994837
0.564000 0.994835
0.568000 0.994833
0.572000 0.994831
0.576000 0.994829
0.580000 0.994826
0.584000 0.994824
0.588000 0.994821
0.592000 0.994819
0.596000 0.994816
0.600000 0.994814
0.604000 0.994811
0.608000 0.994808
0.612000 0.994805
0.616000 0.994802
0.620000 0.994799
0.624000 0.994796
0.628000 0.994792
0.632000 0.994789
0.636000 0.994786
0.640000 0.994782
0.644000 0.994778
0.648000 0.994775
0.652000 0.994771
0.656000 0.994767
0.660000 0.994763
0.664000 0.994759
0.668000 0.994755
0.672000 0.994750
0.676000 0.994746
0.680000 0.994741
0.684000 0.994737
0.688000 0.994732
0.692000 0.994727
0.696000 0.994722
0.700000 0.994717
0.704000 0.994712
0.708000 0.994707
0.712000 0.994702
0.716000 0.994696
0.720000 0.994691
0.724000 0.994685
0.728000 0.994679
0.732000 0.994673
0.736000 0.994667
0.740000 0.994661
0.744000 0.994655
0.748000 0.994649
0.752000 0.994642
0.756000 0.994636
0.760000 0.994629
0.764000 0.994622
0.768000 0.994615
0.772000 0.994608
0.776000 0.994601
0.780000 0.994594
0.784000 0.994586
0.788000 0.994579
0.792000 0.994571
0.796000 0.994563
0.800000 0.994556
0.804000 0.994548
0.808000 0.994540
0.812000 0.994531
0.816000 0.994523
0.820000 0.994515
0.824000 0.994506
0.828000 0.994497
0.832000 0.994489
0.836000 0.994480
0.840000 0.994471
0.844000 0.994462
0.848000 0.994453
0.852000 0.994443
0.856000 0.994434
0.860000 0.994424
0.864000 0.994415
0.868000 0.994405
0.872000 0.994395
0.876000 0.994385
0.880000 0.994375
0.884000 0.994365
0.888000 0.994355
0.892000 0.994345
0.896000 0.994334
0.900000 0.994324
0.904000 0.994313
0.908000 0.994303
0.912000 0.994292
0.916000 0.994281
0.920000 0.994270
0.924000 0.994259
0.928000 0.994248
0.932000 0.994237
0.936000 0.994226
0.940000 0.994215
0.944000 0.994203
0.948000 0.994192
0.952000 0.994180
0.956000 0.994168
0.960000 0.994156
0.964000 0.994143
0.968000 0.994130
0.972000 0.994117
0.976000 0.994103
0.980000 0.994088
0.984000 0.994071
0.988000 0.994053
0.992000 0.994032
0.996000 0.994007
1.000000 0.993978
