-1.000000 0.992919
-0.996000 0.992919
-0.992000 0.992919
-0.988000 0.992919
-0.984000 0.992919
-0.980000 0.992919
-0.976000 0.992919
-0.972000 0.992919
-0.968000 0.992919
-0.964000 0.992919
-0.960000 0.992919
-0.956000 0.992919
-0.952000 0.992919
-0.948000 0.992919
-0.944000 0.992919
-0.940000 0.992919
-0.936000 0.992919
-0.932000 0.992919
-0.928000 0.992919
-0.924000 0.992919
-0.920000 0.992919
-0.916000 0.992919
-0.912000 0.992919
-0.908000 0.992919
-0.904000 0.992919
-0.900000 0.992919
-0.896000 0.992919
-0.892000 0.992919
-0.888000 0.992919
-0.884000 0.992919
-0.880000 0.992919
-0.876000 0.992919
-0.872000 0.992919
-0.868000 0.992919
-0.864000 0.992919
-0.860000 0.992919
-0.856000 0.992919
-0.852000 0.992919
-0.848000 0.992919
-0.844000 0.992919
-0.840000 0.992919
-0.836000 0.992919
-0.832000 0.992919
-0.828000 0.992919
-0.824000 0.992919
-0.820000 0.992919
-0.816000 0.992919
-0.812000 0.992919
-0.808000 0.992919
-0.804000 0.992919
-0.800000 0.992920
-0.796000 0.992920
-0.792000 0.992920
-0.788000 0.992920
-0.784000 0.992920
-0.780000 0.992920
-0.776000 0.992920
-0.772000 0.992920
-0.768000 0.992920
-0.764000 0.992921
-0.760000 0.992921
-0.756000 0.992921
-0.752000 0.992921
-0.748000 0.992922
-0.744000 0.992922
-0.740000 0.992922
-0.736000 0.992923
-0.732000 0.992923
-0.728000 0.992924
-0.724000 0.992924
-0.720000 0.992925
-0.716000 0.992925
-0.712000 0.992926
-0.708000 0.992927
-0.704000 0.992928
-0.700000 0.992929
-0.696000 0.992930
-0.692000 0.992931
-0.688000 0.992932
-0.684000 0.992933
-0.680000 0.992935
-0.676000 0.992936
-0.672000 0.992938
-0.668000 0.992940
-0.664000 0.992942
-0.660000 0.992944
-0.656000 0.992946
-0.652000 0.992949
-0.648000 0.992952
-0.644000 0.992955
-0.640000 0.992958
-0.636000 0.992962
-0.632000 0.992965
-0.628000 0.992969
-0.624000 0.992974
-0.620000 0.992979
-0.616000 0.992984
-0.612000 0.992989
-0.608000 0.992995
-0.604000 0.993001
-0.600000 0.993007
-0.596000 0.993015
-0.592000 0.993022
-0.588000 0.993030
-0.584000 0.993038
-0.580000 0.993047
-0.576000 0.993057
-0.572000 0.993067
-0.568000 0.993078
-0.564000 0.993089
-0.560000 0.993101
-0.556000 0.993114
-0.552000 0.993127
-0.548000 0.993142
-0.544000 0.993156
-0.540000 0.993172
-0.536000 0.993189
-0.532000 0.993206
-0.528000 0.993224
-0.524000 0.993243
-0.520000 0.993263
-0.516000 0.993284
-0.512000 0.993306
-0.508000 0.993328
-0.504000 0.993352
-0.500000 0.993377
-0.496000 0.993403
-0.492000 0.993430
-0.488000 0.993458
-0.484000 0.993487
-0.480000 0.993517
-0.476000 0.993549
-0.472000 0.993581
-0.468000 0.993615
-0.464000 0.993650
-0.460000 0.993686
-0.456000 0.993723
-0.452000 0.993761
-0.448000 0.993801
-0.444000 0.993842
-0.440000 0.993884
-0.436000 0.993927
-0.432000 0.993972
-0.428000 0.994018
-0.424000 0.994065
-0.420000 0.994113
-0.416000 0.994162
-0.412000 0.994212
-0.408000 0.994264
-0.404000 0.994317
-0.400000 0.994371
-0.396000 0.994426
-0.392000 0.994482
-0.388000 0.994539
-0.384000 0.994598
-0.380000 0.994657
-0.376000 0.994717
-0.372000 0.994779
-0.368000 0.994841
-0.364000 0.994904
-0.360000 0.994968
-0.356000 0.995033
-0.352000 0.995099
-0.348000 0.995165
-0.344000 0.995233
-0.340000 0.995301
-0.336000 0.995369
-0.332000 0.995438
-0.328000 0.995508
-0.324000 0.995578
-0.320000 0.995649
-0.316000 0.995720
-0.312000 0.995791
-0.308000 0.995863
-0.304000 0.995935
-0.300000 0.996008
-0.296000 0.996080
-0.292000 0.996153
-0.288000 0.996226
-0.284000 0.996298
-0.280000 0.996371
-0.276000 0.996444
-0.272000 0.996516
-0.268000 0.996589
-0.264000 0.996661
-0.260000 0.996733
-0.256000 0.996805
-0.252000 0.996876
-0.248000 0.996947
-0.244000 0.997018
-0.240000 0.997088
-0.236000 0.997157
-0.232000 0.997226
-0.228000 0.997295
-0.224000 0.997363
-0.220000 0.997430
-0.216000 0.997496
-0.212000 0.997562
-0.208000 0.997627
-0.204000 0.997691
-0.200000 0.997755
-0.196000 0.997817
-0.192000 0.997879
-0.188000 0.997940
-0.184000 0.998000
-0.180000 0.998058
-0.176000 0.998116
-0.172000 0.998173
-0.168000 0.998229
-0.164000 0.998284
-0.160000 0.998338
-0.156000 0.998391
-0.152000 0.998443
-0.148000 0.998494
-0.144000 0.998544
-0.140000 0.998593
-0.136000 0.998640
-0.132000 0.998687
-0.128000 0.998732
-0.124000 0.998777
-0.120000 0.998820
-0.116000 0.998863
-0.112000 0.998904
-0.108000 0.998944
-0.104000 0.998983
-0.100000 0.999021
-0.096000 0.999058
-0.092000 0.999094
-0.088000 0.999129
-0.084000 0.999163
-0.080000 0.999196
-0.076000 0.999228
-0.072000 0.999260
-0.068000 0.999290
-0.064000 0.999319
-0.060000 0.999347
-0.056000 0.999374
-0.052000 0.999401
-0.048000 0.999426
-0.044000 0.999451
-0.040000 0.999475
-0.036000 0.999498
-0.032000 0.999520
-0.028000 0.999541
-0.024000 0.999562
-0.020000 0.999582
-0.016000 0.999601
-0.012000 0.999619
-0.008000 0.999637
-0.004000 0.999654
0.000000 0.999670
0.004000 0.999686
0.008000 0.999701
0.012000 0.999716
0.016000 0.999729
0.020000 0.999743
0.024000 0.999755
0.028000 0.999768
0.032000 0.999779
0.036000 0.999790
0.040000 0.999801
0.044000 0.999811
0.048000 0.999821
0.052000 0.999830
0.056000 0.999839
0.060000 0.999848
0.064000 0.999856
0.068000 0.999864
0.072000 0.999871
0.076000 0.999878
0.080000 0.999885
0.084000 0.999891
0.088000 0.999897
0.092000 0.999903
0.096000 0.999908
0.100000 0.999913
0.104000 0.999918
0.108000 0.999923
0.112000 0.999927
0.116000 0.999932
0.120000 0.999936
0.124000 0.999939
0.128000 0.999943
0.132000 0.999946
0.136000 0.999949
0.140000 0.999953
0.144000 0.999955
0.148000 0.999958
0.152000 0.999961
0.156000 0.999963
0.160000 0.999965
0.164000 0.999967
0.168000 0.999969
0.172000 0.999971
0.176000 0.999973
0.180000 0.999975
0.184000 0.999976
0.188000 0.999978
0.192000 0.999979
0.196000 0.999981
0.200000 0.999982
0.204000 0.999983
0.208000 0.999984
0.212000 0.999985
0.216000 0.999986
0.220000 0.999987
0.224000 0.999988
0.228000 0.999989
0.232000 0.999990
0.236000 0.999990
0.240000 0.999991
0.244000 0.999992
0.248000 0.999992
0.252000 0.999993
0.256000 0.999993
0.260000 0.999994
0.264000 0.999994
0.268000 0.999995
0.272000 0.999995
0.276000 0.999995
0.280000 0.999996
0.284000 0.999996
0.288000 0.999996
0.292000 0.999996
0.296000 0.999997
0.300000 0.999997
0.304000 0.999997
0.308000 0.999997
0.312000 0.999998
0.316000 0.999998
0.320000 0.999998
0.324000 0.999998
0.328000 0.999998
0.332000 0.999998
0.336000 0.999998
0.340000 0.999999
0.344000 0.999999
0.348000 0.999999
0.352000 0.999999
0.356000 0.999999
0.360000 0.999999
0.364000 0.999999
0.368000 0.999999
0.372000 0.999999
0.376000 0.999999
0.380000 0.999999
0.384000 0.999999
0.388000 0.999999
0.392000 1.000000
0.396000 1.000000
0.400000 1.000000
0.404000 1.000000
0.408000 1.000000
0.412000 1.000000
0.416000 1.000000
0.420000 1.000000
0.424000 1.000000
0.428000 1.000000
0.432000 1.000000
0.436000 1.000000
0.440000 1.000000
0.444000 1.000000
0.448000 1.000000
0.452000 1.000000
0.456000 1.000000
0.460000 1.000000
0.464000 1.000000
0.468000 1.000000
0.472000 1.000000
0.476000 1.000000
0.480000 1.000000
0.484000 1.000000
0.488000 1.000000
0.492000 1.000000
0.496000 1.000000
0.500000 1.000000
0.504000 1.000000
0.508000 1.000000
0.512000 1.000000
0.516000 1.000000
0.520000 1.000000
0.524000 1.000000
0.528000 1.000000
0.532000 1.000000
0.536000 1.000000
0.540000 1.000000
0.544000 1.000000
0.548000 1.000000
0.552000 1.000000
0.556000 1.000000
0.560000 1.000000
0.564000 1.000000
0.568000 1.000000
0.572000 1.000000
0.576000 1.000000
0.580000 1.000000
0.584000 1.000000
0.588000 1.000000
0.592000 1.000000
0.596000 1.000000
0.600000 1.000000
0.604000 1.000000
0.608000 1.000000
0.612000 1.000000
0.616000 1.000000
0.620000 1.000000
0.624000 1.000000
0.628000 1.000000
0.632000 1.000000
0.636000 1.000000
0.640000 1.000000
0.644000 1.000000
0.648000 1.000000
0.652000 1.000000
0.656000 1.000000
0.660000 1.000000
0.664000 1.000000
0.668000 1.000000
0.672000 1.000000
0.676000 1.000000
0.680000 1.000000
0.684000 1.000000
0.688000 1.000000
0.692000 1.000000
0.696000 1.000000
0.700000 1.000000
0.704000 1.000000
0.708000 1.000000
0.712000 1.000000
0.716000 1.000000
0.720000 1.000000
0.724000 1.000000
0.728000 1.000000
0.732000 1.000000
0.736000 1.000000
0.740000 1.000000
0.744000 1.000000
0.748000 1.000000
0.752000 1.000000
0.756000 1.000000
0.760000 1.000000
0.764000 1.000000
0.768000 1.000000
0.772000 1.000000
0.776000 1.000000
0.780000 1.000000
0.784000 1.000000
0.788000 1.000000
0.792000 1.000000
0.796000 1.000000
0.800000 1.000000
0.804000 1.000000
0.808000 1.000000
0.812000 1.000000
0.816000 1.000000
0.820000 1.000000
0.824000 1.000000
0.828000 1.000000
0.832000 1.000000
0.836000 1.000000
0.840000 1.000000
0.844000 1.000000
0.848000 1.000000
0.852000 1.000000
0.856000 1.000000
0.860000 1.000000
0.864000 1.000000
0.868000 1.000000
0.872000 1.000000
0.876000 1.000000
0.880000 1.000000
0.884000 1.000000
0.888000 1.000000
0.892000 1.000000
0.896000 1.000000
0.900000 1.000000
0.904000 1.000000
0.908000 1.000000
0.912000 1.000000
0.916000 1.000000
0.920000 1.000000
0.924000 1.000000
0.928000 1.000000
0.932000 1.000000
0.936000 1.000000
0.940000 1.000000
0.944000 1.000000
0.948000 1.000000
0.952000 1.000000
0.956000 1.000000
0.960000 1.000000
0.964000 1.000000
0.968000 1.000000
0.972000 1.000000
0.976000 1.000000
0.980000 1.000000
0.984000 1.000000
0.988000 1.000000
0.992000 1.000000
0.996000 1.000000
1.000000 1.000000
