-1.000000 0.992919
-0.996000 0.992919
-0.992000 0.992919
-0.988000 0.992919
-0.984000 0.992919
-0.980000 0.992919
-0.976000 0.992919
-0.972000 0.992919
-0.968000 0.992919
-0.964000 0.992919
-0.960000 0.992919
-0.956000 0.992919
-0.952000 0.992919
-0.948000 0.992919
-0.944000 0.992919
-0.940000 0.992919
-0.936000 0.992919
-0.932000 0.992919
-0.928000 0.992919
-0.924000 0.992919
-0.920000 0.992919
-0.916000 0.992919
-0.912000 0.992919
-0.908000 0.992919
-0.904000 0.992919
-0.900000 0.992919
-0.896000 0.992919
-0.892000 0.992919
-0.888000 0.992919
-0.884000 0.992919
-0.880000 0.992919
-0.876000 0.992919
-0.872000 0.992919
-0.868000 0.992919
-0.864000 0.992919
-0.860000 0.992919
-0.856000 0.992919
-0.852000 0.992919
-0.848000 0.992919
-0.844000 0.992919
-0.840000 0.992919
-0.836000 0.992919
-0.832000 0.992919
-0.828000 0.992919
-0.824000 0.992919
-0.820000 0.992919
-0.816000 0.992919
-0.812000 0.992919
-0.808000 0.992919
-0.804000 0.992919
-0.800000 0.992919
-0.796000 0.992919
-0.792000 0.992919
-0.788000 0.992919
-0.784000 0.992919
-0.780000 0.992919
-0.776000 0.992919
-0.772000 0.992919
-0.768000 0.992920
-0.764000 0.992920
-0.760000 0.992920
-0.756000 0.992920
-0.752000 0.992920
-0.748000 0.992920
-0.744000 0.992920
-0.740000 0.992920
-0.736000 0.992920
-0.732000 0.992921
-0.728000 0.992921
-0.724000 0.992921
-0.720000 0.992921
-0.716000 0.992922
-0.712000 0.992922
-0.708000 0.992922
-0.704000 0.992923
-0.700000 0.992923
-0.696000 0.992923
-0.692000 0.992924
-0.688000 0.992925
-0.684000 0.992925
-0.680000 0.992926
-0.676000 0.992927
-0.672000 0.992927
-0.668000 0.992928
-0.664000 0.992929
-0.660000 0.992930
-0.656000 0.992931
-0.652000 0.992933
-0.648000 0.992934
-0.644000 0.992935
-0.640000 0.992937
-0.636000 0.992939
-0.632000 0.992940
-0.628000 0.992942
-0.624000 0.992945
-0.620000 0.992947
-0.616000 0.992949
-0.612000 0.992952
-0.608000 0.992955
-0.604000 0.992958
-0.600000 0.992962
-0.596000 0.992965
-0.592000 0.992969
-0.588000 0.992973
-0.584000 0.992978
-0.580000 0.992982
-0.576000 0.992988
-0.572000 0.992993
-0.568000 0.992999
-0.564000 0.993005
-0.560000 0.993012
-0.556000 0.993019
-0.552000 0.993026
-0.548000 0.993034
-0.544000 0.993042
-0.540000 0.993051
-0.536000 0.993060
-0.532000 0.993070
-0.528000 0.993081
-0.524000 0.993092
-0.520000 0.993104
-0.516000 0.993116
-0.512000 0.993129
-0.508000 0.993143
-0.504000 0.993157
-0.500000 0.993172
-0.496000 0.993188
-0.492000 0.993205
-0.488000 0.993222
-0.484000 0.993240
-0.480000 0.993259
-0.476000 0.993279
-0.472000 0.993300
-0.468000 0.993322
-0.464000 0.993344
-0.460000 0.993368
-0.456000 0.993392
-0.452000 0.993418
-0.448000 0.993444
-0.444000 0.993472
-0.440000 0.993500
-0.436000 0.993530
-0.432000 0.993561
-0.428000 0.993592
-0.424000 0.993625
-0.420000 0.993659
-0.416000 0.993694
-0.412000 0.993730
-0.408000 0.993767
-0.404000 0.993806
-0.400000 0.993845
-0.396000 0.993886
-0.392000 0.993927
-0.388000 0.993970
-0.384000 0.994014
-0.380000 0.994059
-0.376000 0.994106
-0.372000 0.994153
-0.368000 0.994202
-0.364000 0.994251
-0.360000 0.994302
-0.356000 0.994353
-0.352000 0.994406
-0.348000 0.994460
-0.344000 0.994515
-0.340000 0.994571
-0.336000 0.994627
-0.332000 0.994685
-0.328000 0.994744
-0.324000 0.994803
-0.320000 0.994864
-0.316000 0.994925
-0.312000 0.994987
-0.308000 0.995050
-0.304000 0.995113
-0.300000 0.995178
-0.296000 0.995243
-0.292000 0.995308
-0.288000 0.995374
-0.284000 0.995441
-0.280000 0.995509
-0.276000 0.995576
-0.272000 0.995645
-0.268000 0.995713
-0.264000 0.995782
-0.260000 0.995851
-0.256000 0.995921
-0.252000 0.995991
-0.248000 0.996061
-0.244000 0.996131
-0.240000 0.996201
-0.236000 0.996271
-0.232000 0.996342
-0.228000 0.996412
-0.224000 0.996482
-0.220000 0.996552
-0.216000 0.996622
-0.212000 0.996692
-0.208000 0.996761
-0.204000 0.996830
-0.200000 0.996899
-0.196000 0.996968
-0.192000 0.997036
-0.188000 0.997103
-0.184000 0.997171
-0.180000 0.997237
-0.176000 0.997303
-0.172000 0.997369
-0.168000 0.997434
-0.164000 0.997498
-0.160000 0.997562
-0.156000 0.997624
-0.152000 0.997687
-0.148000 0.997748
-0.144000 0.997809
-0.140000 0.997868
-0.136000 0.997927
-0.132000 0.997985
-0.128000 0.998043
-0.124000 0.998099
-0.120000 0.998154
-0.116000 0.998209
-0.112000 0.998262
-0.108000 0.998315
-0.104000 0.998367
-0.100000 0.998418
-0.096000 0.998467
-0.092000 0.998516
-0.088000 0.998564
-0.084000 0.998611
-0.080000 0.998656
-0.076000 0.998701
-0.072000 0.998745
-0.068000 0.998788
-0.064000 0.998829
-0.060000 0.998870
-0.056000 0.998910
-0.052000 0.998949
-0.048000 0.998987
-0.044000 0.999023
-0.040000 0.999059
-0.036000 0.999094
-0.032000 0.999128
-0.028000 0.999161
-0.024000 0.999193
-0.020000 0.999224
-0.016000 0.999254
-0.012000 0.999284
-0.008000 0.999312
-0.004000 0.999340
0.000000 0.999367
0.004000 0.999392
0.008000 0.999417
0.012000 0.999442
0.016000 0.999465
0.020000 0.999488
0.024000 0.999510
0.028000 0.999531
0.032000 0.999551
0.036000 0.999571
0.040000 0.999590
0.044000 0.999608
0.048000 0.999625
0.052000 0.999642
0.056000 0.999659
0.060000 0.999674
0.064000 0.999689
0.068000 0.999704
0.072000 0.999718
0.076000 0.999731
0.080000 0.999744
0.084000 0.999756
0.088000 0.999768
0.092000 0.999779
0.096000 0.999790
0.100000 0.999801
0.104000 0.999811
0.108000 0.999820
0.112000 0.999829
0.116000 0.999838
0.120000 0.999846
0.124000 0.999854
0.128000 0.999862
0.132000 0.999869
0.136000 0.999876
0.140000 0.999882
0.144000 0.999889
0.148000 0.999895
0.152000 0.999900
0.156000 0.999906
0.160000 0.999911
0.164000 0.999916
0.168000 0.999920
0.172000 0.999925
0.176000 0.999929
0.180000 0.999933
0.184000 0.999937
0.188000 0.999940
0.192000 0.999944
0.196000 0.999947
0.200000 0.999950
0.204000 0.999953
0.208000 0.999956
0.212000 0.999958
0.216000 0.999961
0.220000 0.999963
0.224000 0.999965
0.228000 0.999968
0.232000 0.999969
0.236000 0.999971
0.240000 0.999973
0.244000 0.999975
0.248000 0.999976
0.252000 0.999978
0.256000 0.999979
0.260000 0.999980
0.264000 0.999982
0.268000 0.999983
0.272000 0.999984
0.276000 0.999985
0.280000 0.999986
0.284000 0.999987
0.288000 0.999988
0.292000 0.999989
0.296000 0.999989
0.300000 0.999990
0.304000 0.999991
0.308000 0.999991
0.312000 0.999992
0.316000 0.999992
0.320000 0.999993
0.324000 0.999993
0.328000 0.999994
0.332000 0.999994
0.336000 0.999995
0.340000 0.999995
0.344000 0.999995
0.348000 0.999996
0.352000 0.999996
0.356000 0.999996
0.360000 0.999997
0.364000 0.999997
0.368000 0.999997
0.372000 0.999997
0.376000 0.999997
0.380000 0.999998
0.384000 0.999998
0.388000 0.999998
0.392000 0.999998
0.396000 0.999998
0.400000 0.999998
0.404000 0.999998
0.408000 0.999999
0.412000 0.999999
0.416000 0.999999
0.420000 0.999999
0.424000 0.999999
0.428000 0.999999
0.432000 0.999999
0.436000 0.999999
0.440000 0.999999
0.444000 0.999999
0.448000 0.999999
0.452000 0.999999
0.456000 0.999999
0.460000 0.999999
0.464000 1.000000
0.468000 1.000000
0.472000 1.000000
0.476000 1.000000
0.480000 1.000000
0.484000 1.000000
0.488000 1.000000
0.492000 1.000000
0.496000 1.000000
0.500000 1.000000
0.504000 1.000000
0.508000 1.000000
0.512000 1.000000
0.516000 1.000000
0.520000 1.000000
0.524000 1.000000
0.528000 1.000000
0.532000 1.000000
0.536000 1.000000
0.540000 1.000000
0.544000 1.000000
0.548000 1.000000
0.552000 1.000000
0.556000 1.000000
0.560000 1.000000
0.564000 1.000000
0.568000 1.000000
0.572000 1.000000
0.576000 1.000000
0.580000 1.000000
0.584000 1.000000
0.588000 1.000000
0.592000 1.000000
0.596000 1.000000
0.600000 1.000000
0.604000 1.000000
0.608000 1.000000
0.612000 1.000000
0.616000 1.000000
0.620000 1.000000
0.624000 1.000000
0.628000 1.000000
0.632000 1.000000
0.636000 1.000000
0.640000 1.000000
0.644000 1.000000
0.648000 1.000000
0.652000 1.000000
0.656000 1.000000
0.660000 1.000000
0.664000 1.000000
0.668000 1.000000
0.672000 1.000000
0.676000 1.000000
0.680000 1.000000
0.684000 1.000000
0.688000 1.000000
0.692000 1.000000
0.696000 1.000000
0.700000 1.000000
0.704000 1.000000
0.708000 1.000000
0.712000 1.000000
0.716000 1.000000
0.720000 1.000000
0.724000 1.000000
0.728000 1.000000
0.732000 1.000000
0.736000 1.000000
0.740000 1.000000
0.744000 1.000000
0.748000 1.000000
0.752000 1.000000
0.756000 1.000000
0.760000 1.000000
0.764000 1.000000
0.768000 1.000000
0.772000 1.000000
0.776000 1.000000
0.780000 1.000000
0.784000 1.000000
0.788000 1.000000
0.792000 1.000000
0.796000 1.000000
0.800000 1.000000
0.804000 1.000000
0.808000 1.000000
0.812000 1.000000
0.816000 1.000000
0.820000 1.000000
0.824000 1.000000
0.828000 1.000000
0.832000 1.000000
0.836000 1.000000
0.840000 1.000000
0.844000 1.000000
0.848000 1.000000
0.852000 1.000000
0.856000 1.000000
0.860000 1.000000
0.864000 1.000000
0.868000 1.000000
0.872000 1.000000
0.876000 1.000000
0.880000 1.000000
0.884000 1.000000
0.888000 1.000000
0.892000 1.000000
0.896000 1.000000
0.900000 1.000000
0.904000 1.000000
0.908000 1.000000
0.912000 1.000000
0.916000 1.000000
0.920000 1.000000
0.924000 1.000000
0.928000 1.000000
0.932000 1.000000
0.936000 1.000000
0.940000 1.000000
0.944000 1.000000
0.948000 1.000000
0.952000 1.000000
0.956000 1.000000
0.960000 1.000000
0.964000 1.000000
0.968000 1.000000
0.972000 1.000000
0.976000 1.000000
0.980000 1.000000
0.984000 1.000000
0.988000 1.000000
0.992000 1.000000
0.996000 1.000000
1.000000 1.000000
