-1.000000 0.992919
-0.996000 0.992919
-0.992000 0.992919
-0.988000 0.992919
-0.984000 0.992919
-0.980000 0.992919
-0.976000 0.992919
-0.972000 0.992919
-0.968000 0.992919
-0.964000 0.992919
-0.960000 0.992919
-0.956000 0.992919
-0.952000 0.992919
-0.948000 0.992919
-0.944000 0.992919
-0.940000 0.992919
-0.936000 0.992919
-0.932000 0.992919
-0.928000 0.992919
-0.924000 0.992919
-0.920000 0.992919
-0.916000 0.992919
-0.912000 0.992919
-0.908000 0.992919
-0.904000 0.992919
-0.900000 0.992919
-0.896000 0.992919
-0.892000 0.992919
-0.888000 0.992919
-0.884000 0.992919
-0.880000 0.992919
-0.876000 0.992919
-0.872000 0.992919
-0.868000 0.992919
-0.864000 0.992919
-0.860000 0.992919
-0.856000 0.992919
-0.852000 0.992919
-0.848000 0.992919
-0.844000 0.992919
-0.840000 0.992919
-0.836000 0.992919
-0.832000 0.992919
-0.828000 0.992919
-0.824000 0.992919
-0.820000 0.992919
-0.816000 0.992919
-0.812000 0.992919
-0.808000 0.992920
-0.804000 0.992920
-0.800000 0.992920
-0.796000 0.992920
-0.792000 0.992920
-0.788000 0.992920
-0.784000 0.992920
-0.780000 0.992920
-0.776000 0.992921
-0.772000 0.992921
-0.768000 0.992921
-0.764000 0.992921
-0.760000 0.992922
-0.756000 0.992922
-0.752000 0.992922
-0.748000 0.992923
-0.744000 0.992923
-0.740000 0.992924
-0.736000 0.992924
-0.732000 0.992925
-0.728000 0.992925
-0.724000 0.992926
-0.720000 0.992927
-0.716000 0.992928
-0.712000 0.992929
-0.708000 0.992930
-0.704000 0.992931
-0.700000 0.992932
-0.696000 0.992934
-0.692000 0.992935
-0.688000 0.992937
-0.684000 0.992939
-0.680000 0.992941
-0.676000 0.992943
-0.672000 0.992945
-0.668000 0.992948
-0.664000 0.992950
-0.660000 0.992953
-0.656000 0.992957
-0.652000 0.992960
-0.648000 0.992964
-0.644000 0.992968
-0.640000 0.992972
-0.636000 0.992977
-0.632000 0.992982
-0.628000 0.992987
-0.624000 0.992993
-0.620000 0.992999
-0.616000 0.993006
-0.612000 0.993013
-0.608000 0.993020
-0.604000 0.993028
-0.600000 0.993037
-0.596000 0.993046
-0.592000 0.993055
-0.588000 0.993065
-0.584000 0.993076
-0.580000 0.993088
-0.576000 0.993100
-0.572000 0.993113
-0.568000 0.993126
-0.564000 0.993141
-0.560000 0.993156
-0.556000 0.993172
-0.552000 0.993188
-0.548000 0.993206
-0.544000 0.993224
-0.540000 0.993244
-0.536000 0.993264
-0.532000 0.993285
-0.528000 0.993308
-0.524000 0.993331
-0.520000 0.993355
-0.516000 0.993381
-0.512000 0.993407
-0.508000 0.993435
-0.504000 0.993463
-0.500000 0.993493
-0.496000 0.993524
-0.492000 0.993556
-0.488000 0.993589
-0.484000 0.993624
-0.480000 0.993660
-0.476000 0.993697
-0.472000 0.993735
-0.468000 0.993774
-0.464000 0.993815
-0.460000 0.993857
-0.456000 0.993900
-0.452000 0.993945
-0.448000 0.993990
-0.444000 0.994037
-0.440000 0.994085
-0.436000 0.994135
-0.432000 0.994185
-0.428000 0.994237
-0.424000 0.994290
-0.420000 0.994345
-0.416000 0.994400
-0.412000 0.994456
-0.408000 0.994514
-0.404000 0.994573
-0.400000 0.994633
-0.396000 0.994694
-0.392000 0.994756
-0.388000 0.994818
-0.384000 0.994882
-0.380000 0.994947
-0.376000 0.995013
-0.372000 0.995079
-0.368000 0.995146
-0.364000 0.995214
-0.360000 0.995283
-0.356000 0.995352
-0.352000 0.995423
-0.348000 0.995493
-0.344000 0.995564
-0.340000 0.995636
-0.336000 0.995708
-0.332000 0.995781
-0.328000 0.995853
-0.324000 0.995927
-0.320000 0.996000
-0.316000 0.996073
-0.312000 0.996147
-0.308000 0.996221
-0.304000 0.996295
-0.300000 0.996369
-0.296000 0.996442
-0.292000 0.996516
-0.288000 0.996590
-0.284000 0.996663
-0.280000 0.996736
-0.276000 0.996809
-0.272000 0.996881
-0.268000 0.996953
-0.264000 0.997025
-0.260000 0.997096
-0.256000 0.997166
-0.252000 0.997236
-0.248000 0.997305
-0.244000 0.997374
-0.240000 0.997442
-0.236000 0.997509
-0.232000 0.997576
-0.228000 0.997642
-0.224000 0.997707
-0.220000 0.997771
-0.216000 0.997834
-0.212000 0.997896
-0.208000 0.997958
-0.204000 0.998018
-0.200000 0.998077
-0.196000 0.998136
-0.192000 0.998193
-0.188000 0.998250
-0.184000 0.998305
-0.180000 0.998359
-0.176000 0.998413
-0.172000 0.998465
-0.168000 0.998516
-0.164000 0.998566
-0.160000 0.998615
-0.156000 0.998663
-0.152000 0.998709
-0.148000 0.998755
-0.144000 0.998800
-0.140000 0.998843
-0.136000 0.998885
-0.132000 0.998927
-0.128000 0.998967
-0.124000 0.999006
-0.120000 0.999044
-0.116000 0.999081
-0.112000 0.999117
-0.108000 0.999151
-0.104000 0.999185
-0.100000 0.999218
-0.096000 0.999250
-0.092000 0.999281
-0.088000 0.999310
-0.084000 0.999339
-0.080000 0.999367
-0.076000 0.999394
-0.072000 0.999420
-0.068000 0.999445
-0.064000 0.999470
-0.060000 0.999493
-0.056000 0.999516
-0.052000 0.999538
-0.048000 0.999559
-0.044000 0.999579
-0.040000 0.999598
-0.036000 0.999617
-0.032000 0.999635
-0.028000 0.999652
-0.024000 0.999669
-0.020000 0.999685
-0.016000 0.999700
-0.012000 0.999715
-0.008000 0.999729
-0.004000 0.999742
0.000000 0.999755
0.004000 0.999768
0.008000 0.999780
0.012000 0.999791
0.016000 0.999802
0.020000 0.999812
0.024000 0.999822
0.028000 0.999831
0.032000 0.999840
0.036000 0.999849
0.040000 0.999857
0.044000 0.999865
0.048000 0.999872
0.052000 0.999879
0.056000 0.999886
0.060000 0.999892
0.064000 0.999898
0.068000 0.999904
0.072000 0.999909
0.076000 0.999915
0.080000 0.999919
0.084000 0.999924
0.088000 0.999929
0.092000 0.999933
0.096000 0.999937
0.100000 0.999940
0.104000 0.999944
0.108000 0.999947
0.112000 0.999951
0.116000 0.999954
0.120000 0.999956
0.124000 0.999959
0.128000 0.999962
0.132000 0.999964
0.136000 0.999966
0.140000 0.999968
0.144000 0.999970
0.148000 0.999972
0.152000 0.999974
0.156000 0.999976
0.160000 0.999977
0.164000 0.999979
0.168000 0.999980
0.172000 0.999981
0.176000 0.999983
0.180000 0.999984
0.184000 0.999985
0.188000 0.999986
0.192000 0.999987
0.196000 0.999988
0.200000 0.999989
0.204000 0.999989
0.208000 0.999990
0.212000 0.999991
0.216000 0.999991
0.220000 0.999992
0.224000 0.999993
0.228000 0.999993
0.232000 0.999994
0.236000 0.999994
0.240000 0.999994
0.244000 0.999995
0.248000 0.999995
0.252000 0.999996
0.256000 0.999996
0.260000 0.999996
0.264000 0.999996
0.268000 0.999997
0.272000 0.999997
0.276000 0.999997
0.280000 0.999997
0.284000 0.999998
0.288000 0.999998
0.292000 0.999998
0.296000 0.999998
0.300000 0.999998
0.304000 0.999998
0.308000 0.999998
0.312000 0.999999
0.316000 0.999999
0.320000 0.999999
0.324000 0.999999
0.328000 0.999999
0.332000 0.999999
0.336000 0.999999
0.340000 0.999999
0.344000 0.999999
0.348000 0.999999
0.352000 0.999999
0.356000 0.999999
0.360000 0.999999
0.364000 1.000000
0.368000 1.000000
0.372000 1.000000
0.376000 1.000000
0.380000 1.000000
0.384000 1.000000
0.388000 1.000000
0.392000 1.000000
0.396000 1.000000
0.400000 1.000000
0.404000 1.000000
0.408000 1.000000
0.412000 1.000000
0.416000 1.000000
0.420000 1.000000
0.424000 1.000000
0.428000 1.000000
0.432000 1.000000
0.436000 1.000000
0.440000 1.000000
0.444000 1.000000
0.448000 1.000000
0.452000 1.000000
0.456000 1.000000
0.460000 1.000000
0.464000 1.000000
0.468000 1.000000
0.472000 1.000000
0.476000 1.000000
0.480000 1.000000
0.484000 1.000000
0.488000 1.000000
0.492000 1.000000
0.496000 1.000000
0.500000 1.000000
0.504000 1.000000
0.508000 1.000000
0.512000 1.000000
0.516000 1.000000
0.520000 1.000000
0.524000 1.000000
0.528000 1.000000
0.532000 1.000000
0.536000 1.000000
0.540000 1.000000
0.544000 1.000000
0.548000 1.000000
0.552000 1.000000
0.556000 1.000000
0.560000 1.000000
0.564000 1.000000
0.568000 1.000000
0.572000 1.000000
0.576000 1.000000
0.580000 1.000000
0.584000 1.000000
0.588000 1.000000
0.592000 1.000000
0.596000 1.000000
0.600000 1.000000
0.604000 1.000000
0.608000 1.000000
0.612000 1.000000
0.616000 1.000000
0.620000 1.000000
0.624000 1.000000
0.628000 1.000000
0.632000 1.000000
0.636000 1.000000
0.640000 1.000000
0.644000 1.000000
0.648000 1.000000
0.652000 1.000000
0.656000 1.000000
0.660000 1.000000
0.664000 1.000000
0.668000 1.000000
0.672000 1.000000
0.676000 1.000000
0.680000 1.000000
0.684000 1.000000
0.688000 1.000000
0.692000 1.000000
0.696000 1.000000
0.700000 1.000000
0.704000 1.000000
0.708000 1.000000
0.712000 1.000000
0.716000 1.000000
0.720000 1.000000
0.724000 1.000000
0.728000 1.000000
0.732000 1.000000
0.736000 1.000000
0.740000 1.000000
0.744000 1.000000
0.748000 1.000000
0.752000 1.000000
0.756000 1.000000
0.760000 1.000000
0.764000 1.000000
0.768000 1.000000
0.772000 1.000000
0.776000 1.000000
0.780000 1.000000
0.784000 1.000000
0.788000 1.000000
0.792000 1.000000
0.796000 1.000000
0.800000 1.000000
0.804000 1.000000
0.808000 1.000000
0.812000 1.000000
0.816000 1.000000
0.820000 1.000000
0.824000 1.000000
0.828000 1.000000
0.832000 1.000000
0.836000 1.000000
0.840000 1.000000
0.844000 1.000000
0.848000 1.000000
0.852000 1.000000
0.856000 1.000000
0.860000 1.000000
0.864000 1.000000
0.868000 1.000000
0.872000 1.000000
0.876000 1.000000
0.880000 1.000000
0.884000 1.000000
0.888000 1.000000
0.892000 1.000000
0.896000 1.000000
0.900000 1.000000
0.904000 1.000000
0.908000 1.000000
0.912000 1.000000
0.916000 1.000000
0.920000 1.000000
0.924000 1.000000
0.928000 1.000000
0.932000 1.000000
0.936000 1.000000
0.940000 1.000000
0.944000 1.000000
0.948000 1.000000
0.952000 1.000000
0.956000 1.000000
0.960000 1.000000
0.964000 1.000000
0.968000 1.000000
0.972000 1.000000
0.976000 1.000000
0.980000 1.000000
0.984000 1.000000
0.988000 1.000000
0.992000 1.000000
0.996000 1.000000
1.000000 1.000000
