-1.000000 0.992919
-0.996000 0.992919
-0.992000 0.992919
-0.988000 0.992919
-0.984000 0.992919
-0.980000 0.992919
-0.976000 0.992919
-0.972000 0.992919
-0.968000 0.992919
-0.964000 0.992919
-0.960000 0.992919
-0.956000 0.992919
-0.952000 0.992919
-0.948000 0.992919
-0.944000 0.992919
-0.940000 0.992919
-0.936000 0.992919
-0.932000 0.992919
-0.928000 0.992919
-0.924000 0.992919
-0.920000 0.992919
-0.916000 0.992919
-0.912000 0.992919
-0.908000 0.992919
-0.904000 0.992919
-0.900000 0.992919
-0.896000 0.992919
-0.892000 0.992919
-0.888000 0.992919
-0.884000 0.992919
-0.880000 0.992919
-0.876000 0.992919
-0.872000 0.992919
-0.868000 0.992919
-0.864000 0.992919
-0.860000 0.992919
-0.856000 0.992919
-0.852000 0.992919
-0.848000 0.992919
-0.844000 0.992919
-0.840000 0.992919
-0.836000 0.992919
-0.832000 0.992919
-0.828000 0.992919
-0.824000 0.992919
-0.820000 0.992919
-0.816000 0.992919
-0.812000 0.992919
-0.808000 0.992919
-0.804000 0.992919
-0.800000 0.992919
-0.796000 0.992919
-0.792000 0.992919
-0.788000 0.992919
-0.784000 0.992919
-0.780000 0.992919
-0.776000 0.992919
-0.772000 0.992919
-0.768000 0.992919
-0.764000 0.992919
-0.760000 0.992919
-0.756000 0.992919
-0.752000 0.992919
-0.748000 0.992919
-0.744000 0.992920
-0.740000 0.992920
-0.736000 0.992920
-0.732000 0.992920
-0.728000 0.992920
-0.724000 0.992920
-0.720000 0.992920
-0.716000 0.992920
-0.712000 0.992920
-0.708000 0.992921
-0.704000 0.992921
-0.700000 0.992921
-0.696000 0.992921
-0.692000 0.992922
-0.688000 0.992922
-0.684000 0.992922
-0.680000 0.992922
-0.676000 0.992923
-0.672000 0.992923
-0.668000 0.992924
-0.664000 0.992924
-0.660000 0.992925
-0.656000 0.992925
-0.652000 0.992926
-0.648000 0.992927
-0.644000 0.992928
-0.640000 0.992928
-0.636000 0.992929
-0.632000 0.992930
-0.628000 0.992931
-0.624000 0.992933
-0.620000 0.992934
-0.616000 0.992935
-0.612000 0.992937
-0.608000 0.992939
-0.604000 0.992940
-0.600000 0.992942
-0.596000 0.992944
-0.592000 0.992947
-0.588000 0.992949
-0.584000 0.992952
-0.580000 0.992954
-0.576000 0.992957
-0.572000 0.992961
-0.568000 0.992964
-0.564000 0.992968
-0.560000 0.992972
-0.556000 0.992976
-0.552000 0.992980
-0.548000 0.992985
-0.544000 0.992990
-0.540000 0.992996
-0.536000 0.993001
-0.532000 0.993008
-0.528000 0.993014
-0.524000 0.993021
-0.520000 0.993028
-0.516000 0.993036
-0.512000 0.993045
-0.508000 0.993053
-0.504000 0.993062
-0.500000 0.993072
-0.496000 0.993083
-0.492000 0.993093
-0.488000 0.993105
-0.484000 0.993117
-0.480000 0.993129
-0.476000 0.993143
-0.472000 0.993157
-0.468000 0.993171
-0.464000 0.993187
-0.460000 0.993203
-0.456000 0.993220
-0.452000 0.993237
-0.448000 0.993255
-0.444000 0.993275
-0.440000 0.993295
-0.436000 0.993315
-0.432000 0.993337
-0.428000 0.993360
-0.424000 0.993383
-0.420000 0.993408
-0.416000 0.993433
-0.412000 0.993459
-0.408000 0.993487
-0.404000 0.993515
-0.400000 0.993544
-0.396000 0.993574
-0.392000 0.993606
-0.388000 0.993638
-0.384000 0.993671
-0.380000 0.993706
-0.376000 0.993741
-0.372000 0.993778
-0.368000 0.993815
-0.364000 0.993854
-0.360000 0.993894
-0.356000 0.993934
-0.352000 0.993976
-0.348000 0.994019
-0.344000 0.994063
-0.340000 0.994108
-0.336000 0.994154
-0.332000 0.994202
-0.328000 0.994250
-0.324000 0.994299
-0.320000 0.994349
-0.316000 0.994400
-0.312000 0.994453
-0.308000 0.994506
-0.304000 0.994560
-0.300000 0.994615
-0.296000 0.994671
-0.292000 0.994728
-0.288000 0.994785
-0.284000 0.994844
-0.280000 0.994903
-0.276000 0.994964
-0.272000 0.995024
-0.268000 0.995086
-0.264000 0.995148
-0.260000 0.995211
-0.256000 0.995275
-0.252000 0.995339
-0.248000 0.995404
-0.244000 0.995469
-0.240000 0.995535
-0.236000 0.995601
-0.232000 0.995667
-0.228000 0.995734
-0.224000 0.995802
-0.220000 0.995869
-0.216000 0.995937
-0.212000 0.996005
-0.208000 0.996073
-0.204000 0.996142
-0.200000 0.996210
-0.196000 0.996278
-0.192000 0.996347
-0.188000 0.996415
-0.184000 0.996484
-0.180000 0.996552
-0.176000 0.996620
-0.172000 0.996688
-0.168000 0.996756
-0.164000 0.996823
-0.160000 0.996890
-0.156000 0.996957
-0.152000 0.997023
-0.148000 0.997089
-0.144000 0.997155
-0.140000 0.997220
-0.136000 0.997285
-0.132000 0.997349
-0.128000 0.997412
-0.124000 0.997475
-0.120000 0.997537
-0.116000 0.997599
-0.112000 0.997660
-0.108000 0.997720
-0.104000 0.997779
-0.100000 0.997838
-0.096000 0.997896
-0.092000 0.997953
-0.088000 0.998009
-0.084000 0.998065
-0.080000 0.998119
-0.076000 0.998173
-0.072000 0.998226
-0.068000 0.998278
-0.064000 0.998329
-0.060000 0.998379
-0.056000 0.998429
-0.052000 0.998477
-0.048000 0.998524
-0.044000 0.998571
-0.040000 0.998616
-0.036000 0.998661
-0.032000 0.998704
-0.028000 0.998747
-0.024000 0.998789
-0.020000 0.998829
-0.016000 0.998869
-0.012000 0.998908
-0.008000 0.998946
-0.004000 0.998983
0.000000 0.999019
0.004000 0.999054
0.008000 0.999088
0.012000 0.999122
0.016000 0.999154
0.020000 0.999186
0.024000 0.999216
0.028000 0.999246
0.032000 0.999275
0.036000 0.999303
0.040000 0.999330
0.044000 0.999356
0.048000 0.999382
0.052000 0.999407
0.056000 0.999431
0.060000 0.999454
0.064000 0.999477
0.068000 0.999498
0.072000 0.999519
0.076000 0.999540
0.080000 0.999559
0.084000 0.999578
0.088000 0.999596
0.092000 0.999614
0.096000 0.999631
0.100000 0.999647
0.104000 0.999663
0.108000 0.999678
0.112000 0.999693
0.116000 0.999707
0.120000 0.999720
0.124000 0.999733
0.128000 0.999746
0.132000 0.999758
0.136000 0.999769
0.140000 0.999780
0.144000 0.999791
0.148000 0.999801
0.152000 0.999811
0.156000 0.999820
0.160000 0.999829
0.164000 0.999837
0.168000 0.999845
0.172000 0.999853
0.176000 0.999861
0.180000 0.999868
0.184000 0.999875
0.188000 0.999881
0.192000 0.999887
0.196000 0.999893
0.200000 0.999899
0.204000 0.999904
0.208000 0.999909
0.212000 0.999914
0.216000 0.999919
0.220000 0.999923
0.224000 0.999927
0.228000 0.999931
0.232000 0.999935
0.236000 0.999939
0.240000 0.999942
0.244000 0.999945
0.248000 0.999949
0.252000 0.999951
0.256000 0.999954
0.260000 0.999957
0.264000 0.999959
0.268000 0.999962
0.272000 0.999964
0.276000 0.999966
0.280000 0.999968
0.284000 0.999970
0.288000 0.999972
0.292000 0.999973
0.296000 0.999975
0.300000 0.999977
0.304000 0.999978
0.308000 0.999979
0.312000 0.999981
0.316000 0.999982
0.320000 0.999983
0.324000 0.999984
0.328000 0.999985
0.332000 0.999986
0.336000 0.999987
0.340000 0.999988
0.344000 0.999988
0.348000 0.999989
0.352000 0.999990
0.356000 0.999991
0.360000 0.999991
0.364000 0.999992
0.368000 0.999992
0.372000 0.999993
0.376000 0.999993
0.380000 0.999994
0.384000 0.999994
0.388000 0.999995
0.392000 0.999995
0.396000 0.999995
0.400000 0.999996
0.404000 0.999996
0.408000 0.999996
0.412000 0.999996
0.416000 0.999997
0.420000 0.999997
0.424000 0.999997
0.428000 0.999997
0.432000 0.999998
0.436000 0.999998
0.440000 0.999998
0.444000 0.999998
0.448000 0.999998
0.452000 0.999998
0.456000 0.999998
0.460000 0.999999
0.464000 0.999999
0.468000 0.999999
0.472000 0.999999
0.476000 0.999999
0.480000 0.999999
0.484000 0.999999
0.488000 0.999999
0.492000 0.999999
0.496000 0.999999
0.500000 0.999999
0.504000 0.999999
0.508000 0.999999
0.512000 0.999999
0.516000 0.999999
0.520000 1.000000
0.524000 1.000000
0.528000 1.000000
0.532000 1.000000
0.536000 1.000000
0.540000 1.000000
0.544000 1.000000
0.548000 1.000000
0.552000 1.000000
0.556000 1.000000
0.560000 1.000000
0.564000 1.000000
0.568000 1.000000
0.572000 1.000000
0.576000 1.000000
0.580000 1.000000
0.584000 1.000000
0.588000 1.000000
0.592000 1.000000
0.596000 1.000000
0.600000 1.000000
0.604000 1.000000
0.608000 1.000000
0.612000 1.000000
0.616000 1.000000
0.620000 1.000000
0.624000 1.000000
0.628000 1.000000
0.632000 1.000000
0.636000 1.000000
0.640000 1.000000
0.644000 1.000000
0.648000 1.000000
0.652000 1.000000
0.656000 1.000000
0.660000 1.000000
0.664000 1.000000
0.668000 1.000000
0.672000 1.000000
0.676000 1.000000
0.680000 1.000000
0.684000 1.000000
0.688000 1.000000
0.692000 1.000000
0.696000 1.000000
0.700000 1.000000
0.704000 1.000000
0.708000 1.000000
0.712000 1.000000
0.716000 1.000000
0.720000 1.000000
0.724000 1.000000
0.728000 1.000000
0.732000 1.000000
0.736000 1.000000
0.740000 1.000000
0.744000 1.000000
0.748000 1.000000
0.752000 1.000000
0.756000 1.000000
0.760000 1.000000
0.764000 1.000000
0.768000 1.000000
0.772000 1.000000
0.776000 1.000000
0.780000 1.000000
0.784000 1.000000
0.788000 1.000000
0.792000 1.000000
0.796000 1.000000
0.800000 1.000000
0.804000 1.000000
0.808000 1.000000
0.812000 1.000000
0.816000 1.000000
0.820000 1.000000
0.824000 1.000000
0.828000 1.000000
0.832000 1.000000
0.836000 1.000000
0.840000 1.000000
0.844000 1.000000
0.848000 1.000000
0.852000 1.000000
0.856000 1.000000
0.860000 1.000000
0.864000 1.000000
0.868000 1.000000
0.872000 1.000000
0.876000 1.000000
0.880000 1.000000
0.884000 1.000000
0.888000 1.000000
0.892000 1.000000
0.896000 1.000000
0.900000 1.000000
0.904000 1.000000
0.908000 1.000000
0.912000 1.000000
0.916000 1.000000
0.920000 1.000000
0.924000 1.000000
0.928000 1.000000
0.932000 1.000000
0.936000 1.000000
0.940000 1.000000
0.944000 1.000000
0.948000 1.000000
0.952000 1.000000
0.956000 1.000000
0.960000 1.000000
0.964000 1.000000
0.968000 1.000000
0.972000 1.000000
0.976000 1.000000
0.980000 1.000000
0.984000 1.000000
0.988000 1.000000
0.992000 1.000000
0.996000 1.000000
1.000000 1.000000
