-1.000000 0.992919
-0.996000 0.992919
-0.992000 0.992919
-0.988000 0.992919
-0.984000 0.992919
-0.980000 0.992919
-0.976000 0.992919
-0.972000 0.992919
-0.968000 0.992919
-0.964000 0.992919
-0.960000 0.992919
-0.956000 0.992919
-0.952000 0.992919
-0.948000 0.992919
-0.944000 0.992919
-0.940000 0.992919
-0.936000 0.992919
-0.932000 0.992919
-0.928000 0.992919
-0.924000 0.992919
-0.920000 0.992919
-0.916000 0.992919
-0.912000 0.992919
-0.908000 0.992919
-0.904000 0.992919
-0.900000 0.992919
-0.896000 0.992919
-0.892000 0.992919
-0.888000 0.992919
-0.884000 0.992919
-0.880000 0.992919
-0.876000 0.992919
-0.872000 0.992919
-0.868000 0.992919
-0.864000 0.992919
-0.860000 0.992919
-0.856000 0.992919
-0.852000 0.992919
-0.848000 0.992919
-0.844000 0.992919
-0.840000 0.992919
-0.836000 0.992919
-0.832000 0.992919
-0.828000 0.992919
-0.824000 0.992919
-0.820000 0.992919
-0.816000 0.992919
-0.812000 0.992919
-0.808000 0.992919
-0.804000 0.992919
-0.800000 0.992919
-0.796000 0.992919
-0.792000 0.992919
-0.788000 0.992919
-0.784000 0.992919
-0.780000 0.992919
-0.776000 0.992919
-0.772000 0.992919
-0.768000 0.992919
-0.764000 0.992919
-0.760000 0.992919
-0.756000 0.992919
-0.752000 0.992919
-0.748000 0.992919
-0.744000 0.992919
-0.740000 0.992919
-0.736000 0.992919
-0.732000 0.992919
-0.728000 0.992920
-0.724000 0.992920
-0.720000 0.992920
-0.716000 0.992920
-0.712000 0.992920
-0.708000 0.992920
-0.704000 0.992920
-0.700000 0.992920
-0.696000 0.992920
-0.692000 0.992920
-0.688000 0.992921
-0.684000 0.992921
-0.680000 0.992921
-0.676000 0.992921
-0.672000 0.992922
-0.668000 0.992922
-0.664000 0.992922
-0.660000 0.992922
-0.656000 0.992923
-0.652000 0.992923
-0.648000 0.992924
-0.644000 0.992924
-0.640000 0.992925
-0.636000 0.992925
-0.632000 0.992926
-0.628000 0.992927
-0.624000 0.992927
-0.620000 0.992928
-0.616000 0.992929
-0.612000 0.992930
-0.608000 0.992931
-0.604000 0.992932
-0.600000 0.992934
-0.596000 0.992935
-0.592000 0.992936
-0.588000 0.992938
-0.584000 0.992940
-0.580000 0.992942
-0.576000 0.992944
-0.572000 0.992946
-0.568000 0.992948
-0.564000 0.992950
-0.560000 0.992953
-0.556000 0.992956
-0.552000 0.992959
-0.548000 0.992962
-0.544000 0.992966
-0.540000 0.992969
-0.536000 0.992973
-0.532000 0.992978
-0.528000 0.992982
-0.524000 0.992987
-0.520000 0.992992
-0.516000 0.992997
-0.512000 0.993003
-0.508000 0.993009
-0.504000 0.993016
-0.500000 0.993023
-0.496000 0.993030
-0.492000 0.993038
-0.488000 0.993046
-0.484000 0.993055
-0.480000 0.993064
-0.476000 0.993073
-0.472000 0.993083
-0.468000 0.993094
-0.464000 0.993105
-0.460000 0.993117
-0.456000 0.993129
-0.452000 0.993142
-0.448000 0.993156
-0.444000 0.993170
-0.440000 0.993185
-0.436000 0.993201
-0.432000 0.993217
-0.428000 0.993234
-0.424000 0.993252
-0.420000 0.993271
-0.416000 0.993290
-0.412000 0.993311
-0.408000 0.993332
-0.404000 0.993354
-0.400000 0.993376
-0.396000 0.993400
-0.392000 0.993424
-0.388000 0.993450
-0.384000 0.993476
-0.380000 0.993504
-0.376000 0.993532
-0.372000 0.993561
-0.368000 0.993591
-0.364000 0.993623
-0.360000 0.993655
-0.356000 0.993688
-0.352000 0.993722
-0.348000 0.993757
-0.344000 0.993794
-0.340000 0.993831
-0.336000 0.993869
-0.332000 0.993909
-0.328000 0.993949
-0.324000 0.993990
-0.320000 0.994033
-0.316000 0.994076
-0.312000 0.994121
-0.308000 0.994166
-0.304000 0.994213
-0.300000 0.994260
-0.296000 0.994308
-0.292000 0.994358
-0.288000 0.994408
-0.284000 0.994460
-0.280000 0.994512
-0.276000 0.994565
-0.272000 0.994619
-0.268000 0.994674
-0.264000 0.994730
-0.260000 0.994786
-0.256000 0.994844
-0.252000 0.994902
-0.248000 0.994961
-0.244000 0.995021
-0.240000 0.995081
-0.236000 0.995142
-0.232000 0.995204
-0.228000 0.995266
-0.224000 0.995329
-0.220000 0.995392
-0.216000 0.995456
-0.212000 0.995521
-0.208000 0.995586
-0.204000 0.995651
-0.200000 0.995716
-0.196000 0.995782
-0.192000 0.995849
-0.188000 0.995915
-0.184000 0.995982
-0.180000 0.996049
-0.176000 0.996116
-0.172000 0.996183
-0.168000 0.996250
-0.164000 0.996317
-0.160000 0.996384
-0.156000 0.996451
-0.152000 0.996518
-0.148000 0.996585
-0.144000 0.996652
-0.140000 0.996719
-0.136000 0.996785
-0.132000 0.996851
-0.128000 0.996917
-0.124000 0.996982
-0.120000 0.997047
-0.116000 0.997112
-0.112000 0.997176
-0.108000 0.997240
-0.104000 0.997303
-0.100000 0.997366
-0.096000 0.997428
-0.092000 0.997490
-0.088000 0.997551
-0.084000 0.997611
-0.080000 0.997671
-0.076000 0.997729
-0.072000 0.997788
-0.068000 0.997845
-0.064000 0.997902
-0.060000 0.997958
-0.056000 0.998013
-0.052000 0.998068
-0.048000 0.998121
-0.044000 0.998174
-0.040000 0.998226
-0.036000 0.998277
-0.032000 0.998327
-0.028000 0.998377
-0.024000 0.998425
-0.020000 0.998473
-0.016000 0.998519
-0.012000 0.998565
-0.008000 0.998610
-0.004000 0.998654
0.000000 0.998697
0.004000 0.998739
0.008000 0.998780
0.012000 0.998820
0.016000 0.998860
0.020000 0.998898
0.024000 0.998936
0.028000 0.998972
0.032000 0.999008
0.036000 0.999043
0.040000 0.999077
0.044000 0.999110
0.048000 0.999142
0.052000 0.999173
0.056000 0.999204
0.060000 0.999233
0.064000 0.999262
0.068000 0.999290
0.072000 0.999317
0.076000 0.999343
0.080000 0.999369
0.084000 0.999394
0.088000 0.999418
0.092000 0.999441
0.096000 0.999463
0.100000 0.999485
0.104000 0.999506
0.108000 0.999527
0.112000 0.999546
0.116000 0.999565
0.120000 0.999584
0.124000 0.999602
0.128000 0.999619
0.132000 0.999635
0.136000 0.999651
0.140000 0.999666
0.144000 0.999681
0.148000 0.999695
0.152000 0.999709
0.156000 0.999722
0.160000 0.999735
0.164000 0.999747
0.168000 0.999759
0.172000 0.999770
0.176000 0.999781
0.180000 0.999791
0.184000 0.999801
0.188000 0.999811
0.192000 0.999820
0.196000 0.999829
0.200000 0.999837
0.204000 0.999845
0.208000 0.999853
0.212000 0.999860
0.216000 0.999867
0.220000 0.999874
0.224000 0.999880
0.228000 0.999886
0.232000 0.999892
0.236000 0.999898
0.240000 0.999903
0.244000 0.999908
0.248000 0.999913
0.252000 0.999918
0.256000 0.999922
0.260000 0.999926
0.264000 0.999930
0.268000 0.999934
0.272000 0.999938
0.276000 0.999941
0.280000 0.999944
0.284000 0.999947
0.288000 0.999950
0.292000 0.999953
0.296000 0.999956
0.300000 0.999958
0.304000 0.999961
0.308000 0.999963
0.312000 0.999965
0.316000 0.999967
0.320000 0.999969
0.324000 0.999971
0.328000 0.999973
0.332000 0.999974
0.336000 0.999976
0.340000 0.999977
0.344000 0.999979
0.348000 0.999980
0.352000 0.999981
0.356000 0.999982
0.360000 0.999983
0.364000 0.999984
0.368000 0.999985
0.372000 0.999986
0.376000 0.999987
0.380000 0.999988
0.384000 0.999989
0.388000 0.999989
0.392000 0.999990
0.396000 0.999991
0.400000 0.999991
0.404000 0.999992
0.408000 0.999992
0.412000 0.999993
0.416000 0.999993
0.420000 0.999994
0.424000 0.999994
0.428000 0.999995
0.432000 0.999995
0.436000 0.999995
0.440000 0.999996
0.444000 0.999996
0.448000 0.999996
0.452000 0.999996
0.456000 0.999997
0.460000 0.999997
0.464000 0.999997
0.468000 0.999997
0.472000 0.999997
0.476000 0.999998
0.480000 0.999998
0.484000 0.999998
0.488000 0.999998
0.492000 0.999998
0.496000 0.999998
0.500000 0.999998
0.504000 0.999999
0.508000 0.999999
0.512000 0.999999
0.516000 0.999999
0.520000 0.999999
0.524000 0.999999
0.528000 0.999999
0.532000 0.999999
0.536000 0.999999
0.540000 0.999999
0.544000 0.999999
0.548000 0.999999
0.552000 0.999999
0.556000 0.999999
0.560000 1.000000
0.564000 1.000000
0.568000 1.000000
0.572000 1.000000
0.576000 1.000000
0.580000 1.000000
0.584000 1.000000
0.588000 1.000000
0.592000 1.000000
0.596000 1.000000
0.600000 1.000000
0.604000 1.000000
0.608000 1.000000
0.612000 1.000000
0.616000 1.000000
0.620000 1.000000
0.624000 1.000000
0.628000 1.000000
0.632000 1.000000
0.636000 1.000000
0.640000 1.000000
0.644000 1.000000
0.648000 1.000000
0.652000 1.000000
0.656000 1.000000
0.660000 1.000000
0.664000 1.000000
0.668000 1.000000
0.672000 1.000000
0.676000 1.000000
0.680000 1.000000
0.684000 1.000000
0.688000 1.000000
0.692000 1.000000
0.696000 1.000000
0.700000 1.000000
0.704000 1.000000
0.708000 1.000000
0.712000 1.000000
0.716000 1.000000
0.720000 1.000000
0.724000 1.000000
0.728000 1.000000
0.732000 1.000000
0.736000 1.000000
0.740000 1.000000
0.744000 1.000000
0.748000 1.000000
0.752000 1.000000
0.756000 1.000000
0.760000 1.000000
0.764000 1.000000
0.768000 1.000000
0.772000 1.000000
0.776000 1.000000
0.780000 1.000000
0.784000 1.000000
0.788000 1.000000
0.792000 1.000000
0.796000 1.000000
0.800000 1.000000
0.804000 1.000000
0.808000 1.000000
0.812000 1.000000
0.816000 1.000000
0.820000 1.000000
0.824000 1.000000
0.828000 1.000000
0.832000 1.000000
0.836000 1.000000
0.840000 1.000000
0.844000 1.000000
0.848000 1.000000
0.852000 1.000000
0.856000 1.000000
0.860000 1.000000
0.864000 1.000000
0.868000 1.000000
0.872000 1.000000
0.876000 1.000000
0.880000 1.000000
0.884000 1.000000
0.888000 1.000000
0.892000 1.000000
0.896000 1.000000
0.900000 1.000000
0.904000 1.000000
0.908000 1.000000
0.912000 1.000000
0.916000 1.000000
0.920000 1.000000
0.924000 1.000000
0.928000 1.000000
0.932000 1.000000
0.936000 1.000000
0.940000 1.000000
0.944000 1.000000
0.948000 1.000000
0.952000 1.000000
0.956000 1.000000
0.960000 1.000000
0.964000 1.000000
0.968000 1.000000
0.972000 1.000000
0.976000 1.000000
0.980000 1.000000
0.984000 1.000000
0.988000 1.000000
0.992000 1.000000
0.996000 1.000000
1.000000 1.000000
