-1.000000 0.992919
-0.996000 0.992919
-0.992000 0.992919
-0.988000 0.992919
-0.984000 0.992919
-0.980000 0.992919
-0.976000 0.992919
-0.972000 0.992919
-0.968000 0.992919
-0.964000 0.992919
-0.960000 0.992919
-0.956000 0.992919
-0.952000 0.992919
-0.948000 0.992919
-0.944000 0.992919
-0.940000 0.992919
-0.936000 0.992919
-0.932000 0.992919
-0.928000 0.992919
-0.924000 0.992919
-0.920000 0.992919
-0.916000 0.992919
-0.912000 0.992919
-0.908000 0.992919
-0.904000 0.992919
-0.900000 0.992919
-0.896000 0.992919
-0.892000 0.992919
-0.888000 0.992919
-0.884000 0.992919
-0.880000 0.992919
-0.876000 0.992919
-0.872000 0.992919
-0.868000 0.992919
-0.864000 0.992919
-0.860000 0.992919
-0.856000 0.992919
-0.852000 0.992919
-0.848000 0.992919
-0.844000 0.992919
-0.840000 0.992919
-0.836000 0.992919
-0.832000 0.992919
-0.828000 0.992919
-0.824000 0.992919
-0.820000 0.992919
-0.816000 0.992919
-0.812000 0.992919
-0.808000 0.992919
-0.804000 0.992919
-0.800000 0.992919
-0.796000 0.992919
-0.792000 0.992919
-0.788000 0.992919
-0.784000 0.992919
-0.780000 0.992919
-0.776000 0.992919
-0.772000 0.992919
-0.768000 0.992919
-0.764000 0.992919
-0.760000 0.992919
-0.756000 0.992919
-0.752000 0.992919
-0.748000 0.992919
-0.744000 0.992919
-0.740000 0.992919
-0.736000 0.992919
-0.732000 0.992919
-0.728000 0.992919
-0.724000 0.992919
-0.720000 0.992919
-0.716000 0.992920
-0.712000 0.992920
-0.708000 0.992920
-0.704000 0.992920
-0.700000 0.992920
-0.696000 0.992920
-0.692000 0.992920
-0.688000 0.992920
-0.684000 0.992920
-0.680000 0.992920
-0.676000 0.992921
-0.672000 0.992921
-0.668000 0.992921
-0.664000 0.992921
-0.660000 0.992921
-0.656000 0.992922
-0.652000 0.992922
-0.648000 0.992922
-0.644000 0.992923
-0.640000 0.992923
-0.636000 0.992924
-0.632000 0.992924
-0.628000 0.992925
-0.624000 0.992925
-0.620000 0.992926
-0.616000 0.992926
-0.612000 0.992927
-0.608000 0.992928
-0.604000 0.992929
-0.600000 0.992930
-0.596000 0.992931
-0.592000 0.992932
-0.588000 0.992933
-0.584000 0.992934
-0.580000 0.992936
-0.576000 0.992937
-0.572000 0.992939
-0.568000 0.992940
-0.564000 0.992942
-0.560000 0.992944
-0.556000 0.992946
-0.552000 0.992949
-0.548000 0.992951
-0.544000 0.992954
-0.540000 0.992957
-0.536000 0.992960
-0.532000 0.992963
-0.528000 0.992967
-0.524000 0.992970
-0.520000 0.992974
-0.516000 0.992979
-0.512000 0.992983
-0.508000 0.992988
-0.504000 0.992993
-0.500000 0.992998
-0.496000 0.993004
-0.492000 0.993010
-0.488000 0.993017
-0.484000 0.993024
-0.480000 0.993031
-0.476000 0.993039
-0.472000 0.993047
-0.468000 0.993055
-0.464000 0.993064
-0.460000 0.993074
-0.456000 0.993084
-0.452000 0.993094
-0.448000 0.993105
-0.444000 0.993117
-0.440000 0.993129
-0.436000 0.993142
-0.432000 0.993155
-0.428000 0.993169
-0.424000 0.993184
-0.420000 0.993200
-0.416000 0.993216
-0.412000 0.993232
-0.408000 0.993250
-0.404000 0.993268
-0.400000 0.993287
-0.396000 0.993307
-0.392000 0.993328
-0.388000 0.993349
-0.384000 0.993372
-0.380000 0.993395
-0.376000 0.993419
-0.372000 0.993444
-0.368000 0.993469
-0.364000 0.993496
-0.360000 0.993524
-0.356000 0.993552
-0.352000 0.993582
-0.348000 0.993612
-0.344000 0.993644
-0.340000 0.993676
-0.336000 0.993710
-0.332000 0.993744
-0.328000 0.993779
-0.324000 0.993816
-0.320000 0.993853
-0.316000 0.993892
-0.312000 0.993931
-0.308000 0.993972
-0.304000 0.994013
-0.300000 0.994055
-0.296000 0.994099
-0.292000 0.994143
-0.288000 0.994189
-0.284000 0.994235
-0.280000 0.994282
-0.276000 0.994331
-0.272000 0.994380
-0.268000 0.994430
-0.264000 0.994481
-0.260000 0.994533
-0.256000 0.994586
-0.252000 0.994640
-0.248000 0.994694
-0.244000 0.994749
-0.240000 0.994806
-0.236000 0.994863
-0.232000 0.994920
-0.228000 0.994979
-0.224000 0.995038
-0.220000 0.995098
-0.216000 0.995158
-0.212000 0.995219
-0.208000 0.995281
-0.204000 0.995343
-0.200000 0.995406
-0.196000 0.995469
-0.192000 0.995533
-0.188000 0.995597
-0.184000 0.995661
-0.180000 0.995726
-0.176000 0.995791
-0.172000 0.995857
-0.168000 0.995923
-0.164000 0.995988
-0.160000 0.996055
-0.156000 0.996121
-0.152000 0.996187
-0.148000 0.996253
-0.144000 0.996320
-0.140000 0.996386
-0.136000 0.996453
-0.132000 0.996519
-0.128000 0.996585
-0.124000 0.996651
-0.120000 0.996717
-0.116000 0.996782
-0.112000 0.996848
-0.108000 0.996913
-0.104000 0.996977
-0.100000 0.997041
-0.096000 0.997105
-0.092000 0.997169
-0.088000 0.997232
-0.084000 0.997295
-0.080000 0.997357
-0.076000 0.997418
-0.072000 0.997479
-0.068000 0.997539
-0.064000 0.997599
-0.060000 0.997658
-0.056000 0.997717
-0.052000 0.997774
-0.048000 0.997831
-0.044000 0.997888
-0.040000 0.997943
-0.036000 0.997998
-0.032000 0.998052
-0.028000 0.998105
-0.024000 0.998158
-0.020000 0.998209
-0.016000 0.998260
-0.012000 0.998310
-0.008000 0.998359
-0.004000 0.998407
0.000000 0.998455
0.004000 0.998501
0.008000 0.998547
0.012000 0.998591
0.016000 0.998635
0.020000 0.998678
0.024000 0.998720
0.028000 0.998761
0.032000 0.998801
0.036000 0.998841
0.040000 0.998879
0.044000 0.998917
0.048000 0.998953
0.052000 0.998989
0.056000 0.999024
0.060000 0.999058
0.064000 0.999091
0.068000 0.999123
0.072000 0.999155
0.076000 0.999185
0.080000 0.999215
0.084000 0.999244
0.088000 0.999272
0.092000 0.999300
0.096000 0.999326
0.100000 0.999352
0.104000 0.999377
0.108000 0.999401
0.112000 0.999425
0.116000 0.999448
0.120000 0.999470
0.124000 0.999491
0.128000 0.999512
0.132000 0.999532
0.136000 0.999551
0.140000 0.999570
0.144000 0.999588
0.148000 0.999605
0.152000 0.999622
0.156000 0.999638
0.160000 0.999654
0.164000 0.999669
0.168000 0.999683
0.172000 0.999697
0.176000 0.999711
0.180000 0.999724
0.184000 0.999736
0.188000 0.999748
0.192000 0.999760
0.196000 0.999771
0.200000 0.999782
0.204000 0.999792
0.208000 0.999802
0.212000 0.999811
0.216000 0.999820
0.220000 0.999829
0.224000 0.999837
0.228000 0.999845
0.232000 0.999853
0.236000 0.999860
0.240000 0.999867
0.244000 0.999874
0.248000 0.999880
0.252000 0.999886
0.256000 0.999892
0.260000 0.999897
0.264000 0.999903
0.268000 0.999908
0.272000 0.999913
0.276000 0.999917
0.280000 0.999922
0.284000 0.999926
0.288000 0.999930
0.292000 0.999933
0.296000 0.999937
0.300000 0.999940
0.304000 0.999944
0.308000 0.999947
0.312000 0.999950
0.316000 0.999953
0.320000 0.999955
0.324000 0.999958
0.328000 0.999960
0.332000 0.999962
0.336000 0.999965
0.340000 0.999967
0.344000 0.999968
0.348000 0.999970
0.352000 0.999972
0.356000 0.999974
0.360000 0.999975
0.364000 0.999977
0.368000 0.999978
0.372000 0.999979
0.376000 0.999981
0.380000 0.999982
0.384000 0.999983
0.388000 0.999984
0.392000 0.999985
0.396000 0.999986
0.400000 0.999987
0.404000 0.999988
0.408000 0.999988
0.412000 0.999989
0.416000 0.999990
0.420000 0.999990
0.424000 0.999991
0.428000 0.999992
0.432000 0.999992
0.436000 0.999993
0.440000 0.999993
0.444000 0.999994
0.448000 0.999994
0.452000 0.999994
0.456000 0.999995
0.460000 0.999995
0.464000 0.999995
0.468000 0.999996
0.472000 0.999996
0.476000 0.999996
0.480000 0.999997
0.484000 0.999997
0.488000 0.999997
0.492000 0.999997
0.496000 0.999997
0.500000 0.999998
0.504000 0.999998
0.508000 0.999998
0.512000 0.999998
0.516000 0.999998
0.520000 0.999998
0.524000 0.999998
0.528000 0.999999
0.532000 0.999999
0.536000 0.999999
0.540000 0.999999
0.544000 0.999999
0.548000 0.999999
0.552000 0.999999
0.556000 0.999999
0.560000 0.999999
0.564000 0.999999
0.568000 0.999999
0.572000 0.999999
0.576000 0.999999
0.580000 0.999999
0.584000 0.999999
0.588000 1.000000
0.592000 1.000000
0.596000 1.000000
0.600000 1.000000
0.604000 1.000000
0.608000 1.000000
0.612000 1.000000
0.616000 1.000000
0.620000 1.000000
0.624000 1.000000
0.628000 1.000000
0.632000 1.000000
0.636000 1.000000
0.640000 1.000000
0.644000 1.000000
0.648000 1.000000
0.652000 1.000000
0.656000 1.000000
0.660000 1.000000
0.664000 1.000000
0.668000 1.000000
0.672000 1.000000
0.676000 1.000000
0.680000 1.000000
0.684000 1.000000
0.688000 1.000000
0.692000 1.000000
0.696000 1.000000
0.700000 1.000000
0.704000 1.000000
0.708000 1.000000
0.712000 1.000000
0.716000 1.000000
0.720000 1.000000
0.724000 1.000000
0.728000 1.000000
0.732000 1.000000
0.736000 1.000000
0.740000 1.000000
0.744000 1.000000
0.748000 1.000000
0.752000 1.000000
0.756000 1.000000
0.760000 1.000000
0.764000 1.000000
0.768000 1.000000
0.772000 1.000000
0.776000 1.000000
0.780000 1.000000
0.784000 1.000000
0.788000 1.000000
0.792000 1.000000
0.796000 1.000000
0.800000 1.000000
0.804000 1.000000
0.808000 1.000000
0.812000 1.000000
0.816000 1.000000
0.820000 1.000000
0.824000 1.000000
0.828000 1.000000
0.832000 1.000000
0.836000 1.000000
0.840000 1.000000
0.844000 1.000000
0.848000 1.000000
0.852000 1.000000
0.856000 1.000000
0.860000 1.000000
0.864000 1.000000
0.868000 1.000000
0.872000 1.000000
0.876000 1.000000
0.880000 1.000000
0.884000 1.000000
0.888000 1.000000
0.892000 1.000000
0.896000 1.000000
0.900000 1.000000
0.904000 1.000000
0.908000 1.000000
0.912000 1.000000
0.916000 1.000000
0.920000 1.000000
0.924000 1.000000
0.928000 1.000000
0.932000 1.000000
0.936000 1.000000
0.940000 1.000000
0.944000 1.000000
0.948000 1.000000
0.952000 1.000000
0.956000 1.000000
0.960000 1.000000
0.964000 1.000000
0.968000 1.000000
0.972000 1.000000
0.976000 1.000000
0.980000 1.000000
0.984000 1.000000
0.988000 1.000000
0.992000 1.000000
0.996000 1.000000
1.000000 1.000000
