-1.000000 0.992919
-0.996000 0.992919
-0.992000 0.992919
-0.988000 0.992919
-0.984000 0.992919
-0.980000 0.992919
-0.976000 0.992919
-0.972000 0.992919
-0.968000 0.992919
-0.964000 0.992919
-0.960000 0.992919
-0.956000 0.992919
-0.952000 0.992919
-0.948000 0.992919
-0.944000 0.992919
-0.940000 0.992919
-0.936000 0.992919
-0.932000 0.992919
-0.928000 0.992919
-0.924000 0.992919
-0.920000 0.992919
-0.916000 0.992919
-0.912000 0.992919
-0.908000 0.992919
-0.904000 0.992919
-0.900000 0.992919
-0.896000 0.992919
-0.892000 0.992919
-0.888000 0.992919
-0.884000 0.992919
-0.880000 0.992919
-0.876000 0.992919
-0.872000 0.992919
-0.868000 0.992919
-0.864000 0.992919
-0.860000 0.992919
-0.856000 0.992919
-0.852000 0.992919
-0.848000 0.992919
-0.844000 0.992919
-0.840000 0.992919
-0.836000 0.992919
-0.832000 0.992919
-0.828000 0.992919
-0.824000 0.992919
-0.820000 0.992919
-0.816000 0.992919
-0.812000 0.992919
-0.808000 0.992919
-0.804000 0.992919
-0.800000 0.992919
-0.796000 0.992919
-0.792000 0.992919
-0.788000 0.992919
-0.784000 0.992919
-0.780000 0.992919
-0.776000 0.992919
-0.772000 0.992919
-0.768000 0.992919
-0.764000 0.992919
-0.760000 0.992919
-0.756000 0.992919
-0.752000 0.992919
-0.748000 0.992919
-0.744000 0.992919
-0.740000 0.992919
-0.736000 0.992919
-0.732000 0.992919
-0.728000 0.992919
-0.724000 0.992919
-0.720000 0.992919
-0.716000 0.992919
-0.712000 0.992919
-0.708000 0.992919
-0.704000 0.992920
-0.700000 0.992920
-0.696000 0.992920
-0.692000 0.992920
-0.688000 0.992920
-0.684000 0.992920
-0.680000 0.992920
-0.676000 0.992920
-0.672000 0.992920
-0.668000 0.992920
-0.664000 0.992921
-0.660000 0.992921
-0.656000 0.992921
-0.652000 0.992921
-0.648000 0.992921
-0.644000 0.992922
-0.640000 0.992922
-0.636000 0.992922
-0.632000 0.992923
-0.628000 0.992923
-0.624000 0.992923
-0.620000 0.992924
-0.616000 0.992924
-0.612000 0.992925
-0.608000 0.992925
-0.604000 0.992926
-0.600000 0.992927
-0.596000 0.992928
-0.592000 0.992928
-0.588000 0.992929
-0.584000 0.992930
-0.580000 0.992931
-0.576000 0.992932
-0.572000 0.992934
-0.568000 0.992935
-0.564000 0.992936
-0.560000 0.992938
-0.556000 0.992939
-0.552000 0.992941
-0.548000 0.992943
-0.544000 0.992945
-0.540000 0.992947
-0.536000 0.992950
-0.532000 0.992952
-0.528000 0.992955
-0.524000 0.992958
-0.520000 0.992961
-0.516000 0.992964
-0.512000 0.992968
-0.508000 0.992971
-0.504000 0.992975
-0.500000 0.992980
-0.496000 0.992984
-0.492000 0.992989
-0.488000 0.992994
-0.484000 0.992999
-0.480000 0.993005
-0.476000 0.993011
-0.472000 0.993018
-0.468000 0.993024
-0.464000 0.993032
-0.460000 0.993039
-0.456000 0.993047
-0.452000 0.993056
-0.448000 0.993065
-0.444000 0.993074
-0.440000 0.993084
-0.436000 0.993094
-0.432000 0.993105
-0.428000 0.993117
-0.424000 0.993129
-0.420000 0.993141
-0.416000 0.993155
-0.412000 0.993168
-0.408000 0.993183
-0.404000 0.993198
-0.400000 0.993214
-0.396000 0.993230
-0.392000 0.993248
-0.388000 0.993266
-0.384000 0.993284
-0.380000 0.993304
-0.376000 0.993324
-0.372000 0.993345
-0.368000 0.993367
-0.364000 0.993389
-0.360000 0.993413
-0.356000 0.993437
-0.352000 0.993463
-0.348000 0.993489
-0.344000 0.993516
-0.340000 0.993544
-0.336000 0.993573
-0.332000 0.993602
-0.328000 0.993633
-0.324000 0.993665
-0.320000 0.993697
-0.316000 0.993731
-0.312000 0.993766
-0.308000 0.993801
-0.304000 0.993838
-0.300000 0.993875
-0.296000 0.993914
-0.292000 0.993953
-0.288000 0.993994
-0.284000 0.994035
-0.280000 0.994077
-0.276000 0.994121
-0.272000 0.994165
-0.268000 0.994210
-0.264000 0.994257
-0.260000 0.994304
-0.256000 0.994352
-0.252000 0.994401
-0.248000 0.994451
-0.244000 0.994502
-0.240000 0.994553
-0.236000 0.994606
-0.232000 0.994659
-0.228000 0.994713
-0.224000 0.994768
-0.220000 0.994824
-0.216000 0.994881
-0.212000 0.994938
-0.208000 0.994996
-0.204000 0.995055
-0.200000 0.995114
-0.196000 0.995174
-0.192000 0.995234
-0.188000 0.995295
-0.184000 0.995357
-0.180000 0.995419
-0.176000 0.995482
-0.172000 0.995545
-0.168000 0.995608
-0.164000 0.995672
-0.160000 0.995736
-0.156000 0.995800
-0.152000 0.995865
-0.148000 0.995930
-0.144000 0.995995
-0.140000 0.996060
-0.136000 0.996126
-0.132000 0.996191
-0.128000 0.996257
-0.124000 0.996323
-0.120000 0.996388
-0.116000 0.996454
-0.112000 0.996519
-0.108000 0.996585
-0.104000 0.996650
-0.100000 0.996715
-0.096000 0.996780
-0.092000 0.996844
-0.088000 0.996908
-0.084000 0.996972
-0.080000 0.997036
-0.076000 0.997099
-0.072000 0.997162
-0.068000 0.997224
-0.064000 0.997286
-0.060000 0.997348
-0.056000 0.997408
-0.052000 0.997469
-0.048000 0.997529
-0.044000 0.997588
-0.040000 0.997646
-0.036000 0.997704
-0.032000 0.997761
-0.028000 0.997818
-0.024000 0.997874
-0.020000 0.997929
-0.016000 0.997983
-0.012000 0.998037
-0.008000 0.998090
-0.004000 0.998142
0.000000 0.998193
0.004000 0.998244
0.008000 0.998293
0.012000 0.998342
0.016000 0.998390
0.020000 0.998437
0.024000 0.998483
0.028000 0.998529
0.032000 0.998573
0.036000 0.998617
0.040000 0.998660
0.044000 0.998702
0.048000 0.998743
0.052000 0.998783
0.056000 0.998822
0.060000 0.998861
0.064000 0.998898
0.068000 0.998935
0.072000 0.998971
0.076000 0.999006
0.080000 0.999040
0.084000 0.999073
0.088000 0.999105
0.092000 0.999137
0.096000 0.999168
0.100000 0.999198
0.104000 0.999227
0.108000 0.999255
0.112000 0.999283
0.116000 0.999309
0.120000 0.999335
0.124000 0.999361
0.128000 0.999385
0.132000 0.999409
0.136000 0.999432
0.140000 0.999454
0.144000 0.999476
0.148000 0.999497
0.152000 0.999517
0.156000 0.999537
0.160000 0.999556
0.164000 0.999574
0.168000 0.999592
0.172000 0.999609
0.176000 0.999625
0.180000 0.999641
0.184000 0.999657
0.188000 0.999671
0.192000 0.999686
0.196000 0.999700
0.200000 0.999713
0.204000 0.999726
0.208000 0.999738
0.212000 0.999750
0.216000 0.999761
0.220000 0.999772
0.224000 0.999783
0.228000 0.999793
0.232000 0.999802
0.236000 0.999812
0.240000 0.999821
0.244000 0.999829
0.248000 0.999837
0.252000 0.999845
0.256000 0.999853
0.260000 0.999860
0.264000 0.999867
0.268000 0.999873
0.272000 0.999880
0.276000 0.999886
0.280000 0.999891
0.284000 0.999897
0.288000 0.999902
0.292000 0.999907
0.296000 0.999912
0.300000 0.999917
0.304000 0.999921
0.308000 0.999925
0.312000 0.999929
0.316000 0.999933
0.320000 0.999936
0.324000 0.999940
0.328000 0.999943
0.332000 0.999946
0.336000 0.999949
0.340000 0.999952
0.344000 0.999955
0.348000 0.999957
0.352000 0.999960
0.356000 0.999962
0.360000 0.999964
0.364000 0.999966
0.368000 0.999968
0.372000 0.999970
0.376000 0.999972
0.380000 0.999973
0.384000 0.999975
0.388000 0.999976
0.392000 0.999978
0.396000 0.999979
0.400000 0.999980
0.404000 0.999981
0.408000 0.999982
0.412000 0.999984
0.416000 0.999985
0.420000 0.999985
0.424000 0.999986
0.428000 0.999987
0.432000 0.999988
0.436000 0.999989
0.440000 0.999989
0.444000 0.999990
0.448000 0.999991
0.452000 0.999991
0.456000 0.999992
0.460000 0.999992
0.464000 0.999993
0.468000 0.999993
0.472000 0.999994
0.476000 0.999994
0.480000 0.999995
0.484000 0.999995
0.488000 0.999995
0.492000 0.999996
0.496000 0.999996
0.500000 0.999996
0.504000 0.999996
0.508000 0.999997
0.512000 0.999997
0.516000 0.999997
0.520000 0.999997
0.524000 0.999997
0.528000 0.999998
0.532000 0.999998
0.536000 0.999998
0.540000 0.999998
0.544000 0.999998
0.548000 0.999998
0.552000 0.999998
0.556000 0.999999
0.560000 0.999999
0.564000 0.999999
0.568000 0.999999
0.572000 0.999999
0.576000 0.999999
0.580000 0.999999
0.584000 0.999999
0.588000 0.999999
0.592000 0.999999
0.596000 0.999999
0.600000 0.999999
0.604000 0.999999
0.608000 0.999999
0.612000 0.999999
0.616000 1.000000
0.620000 1.000000
0.624000 1.000000
0.628000 1.000000
0.632000 1.000000
0.636000 1.000000
0.640000 1.000000
0.644000 1.000000
0.648000 1.000000
0.652000 1.000000
0.656000 1.000000
0.660000 1.000000
0.664000 1.000000
0.668000 1.000000
0.672000 1.000000
0.676000 1.000000
0.680000 1.000000
0.684000 1.000000
0.688000 1.000000
0.692000 1.000000
0.696000 1.000000
0.700000 1.000000
0.704000 1.000000
0.708000 1.000000
0.712000 1.000000
0.716000 1.000000
0.720000 1.000000
0.724000 1.000000
0.728000 1.000000
0.732000 1.000000
0.736000 1.000000
0.740000 1.000000
0.744000 1.000000
0.748000 1.000000
0.752000 1.000000
0.756000 1.000000
0.760000 1.000000
0.764000 1.000000
0.768000 1.000000
0.772000 1.000000
0.776000 1.000000
0.780000 1.000000
0.784000 1.000000
0.788000 1.000000
0.792000 1.000000
0.796000 1.000000
0.800000 1.000000
0.804000 1.000000
0.808000 1.000000
0.812000 1.000000
0.816000 1.000000
0.820000 1.000000
0.824000 1.000000
0.828000 1.000000
0.832000 1.000000
0.836000 1.000000
0.840000 1.000000
0.844000 1.000000
0.848000 1.000000
0.852000 1.000000
0.856000 1.000000
0.860000 1.000000
0.864000 1.000000
0.868000 1.000000
0.872000 1.000000
0.876000 1.000000
0.880000 1.000000
0.884000 1.000000
0.888000 1.000000
0.892000 1.000000
0.896000 1.000000
0.900000 1.000000
0.904000 1.000000
0.908000 1.000000
0.912000 1.000000
0.916000 1.000000
0.920000 1.000000
0.924000 1.000000
0.928000 1.000000
0.932000 1.000000
0.936000 1.000000
0.940000 1.000000
0.944000 1.000000
0.948000 1.000000
0.952000 1.000000
0.956000 1.000000
0.960000 1.000000
0.964000 1.000000
0.968000 1.000000
0.972000 1.000000
0.976000 1.000000
0.980000 1.000000
0.984000 1.000000
0.988000 1.000000
0.992000 1.000000
0.996000 1.000000
1.000000 1.000000
