-1.000000 0.992919
-0.996000 0.992919
-0.992000 0.992919
-0.988000 0.992919
-0.984000 0.992919
-0.980000 0.992919
-0.976000 0.992919
-0.972000 0.992919
-0.968000 0.992919
-0.964000 0.992919
-0.960000 0.992919
-0.956000 0.992919
-0.952000 0.992919
-0.948000 0.992919
-0.944000 0.992919
-0.940000 0.992919
-0.936000 0.992919
-0.932000 0.992919
-0.928000 0.992919
-0.924000 0.992919
-0.920000 0.992919
-0.916000 0.992919
-0.912000 0.992919
-0.908000 0.992919
-0.904000 0.992919
-0.900000 0.992919
-0.896000 0.992919
-0.892000 0.992919
-0.888000 0.992919
-0.884000 0.992919
-0.880000 0.992919
-0.876000 0.992919
-0.872000 0.992919
-0.868000 0.992919
-0.864000 0.992919
-0.860000 0.992919
-0.856000 0.992919
-0.852000 0.992919
-0.848000 0.992919
-0.844000 0.992919
-0.840000 0.992919
-0.836000 0.992919
-0.832000 0.992919
-0.828000 0.992919
-0.824000 0.992919
-0.820000 0.992919
-0.816000 0.992919
-0.812000 0.992919
-0.808000 0.992919
-0.804000 0.992919
-0.800000 0.992919
-0.796000 0.992919
-0.792000 0.992919
-0.788000 0.992919
-0.784000 0.992919
-0.780000 0.992919
-0.776000 0.992919
-0.772000 0.992919
-0.768000 0.992919
-0.764000 0.992919
-0.760000 0.992919
-0.756000 0.992919
-0.752000 0.992919
-0.748000 0.992919
-0.744000 0.992919
-0.740000 0.992919
-0.736000 0.992919
-0.732000 0.992920
-0.728000 0.992920
-0.724000 0.992920
-0.720000 0.992920
-0.716000 0.992920
-0.712000 0.992920
-0.708000 0.992920
-0.704000 0.992920
-0.700000 0.992920
-0.696000 0.992921
-0.692000 0.992921
-0.688000 0.992921
-0.684000 0.992921
-0.680000 0.992921
-0.676000 0.992922
-0.672000 0.992922
-0.668000 0.992922
-0.664000 0.992923
-0.660000 0.992923
-0.656000 0.992924
-0.652000 0.992924
-0.648000 0.992925
-0.644000 0.992925
-0.640000 0.992926
-0.636000 0.992926
-0.632000 0.992927
-0.628000 0.992928
-0.624000 0.992929
-0.620000 0.992930
-0.616000 0.992931
-0.612000 0.992932
-0.608000 0.992933
-0.604000 0.992935
-0.600000 0.992936
-0.596000 0.992938
-0.592000 0.992939
-0.588000 0.992941
-0.584000 0.992943
-0.580000 0.992945
-0.576000 0.992947
-0.572000 0.992950
-0.568000 0.992953
-0.564000 0.992955
-0.560000 0.992958
-0.556000 0.992962
-0.552000 0.992965
-0.548000 0.992969
-0.544000 0.992973
-0.540000 0.992977
-0.536000 0.992981
-0.532000 0.992986
-0.528000 0.992991
-0.524000 0.992997
-0.520000 0.993003
-0.516000 0.993009
-0.512000 0.993015
-0.508000 0.993022
-0.504000 0.993030
-0.500000 0.993037
-0.496000 0.993045
-0.492000 0.993054
-0.488000 0.993063
-0.484000 0.993073
-0.480000 0.993083
-0.476000 0.993094
-0.472000 0.993105
-0.468000 0.993117
-0.464000 0.993129
-0.460000 0.993143
-0.456000 0.993156
-0.452000 0.993171
-0.448000 0.993186
-0.444000 0.993202
-0.440000 0.993218
-0.436000 0.993235
-0.432000 0.993253
-0.428000 0.993272
-0.424000 0.993292
-0.420000 0.993312
-0.416000 0.993333
-0.412000 0.993356
-0.408000 0.993379
-0.404000 0.993403
-0.400000 0.993427
-0.396000 0.993453
-0.392000 0.993480
-0.388000 0.993507
-0.384000 0.993536
-0.380000 0.993566
-0.376000 0.993596
-0.372000 0.993628
-0.368000 0.993660
-0.364000 0.993694
-0.360000 0.993728
-0.356000 0.993764
-0.352000 0.993801
-0.348000 0.993838
-0.344000 0.993877
-0.340000 0.993917
-0.336000 0.993958
-0.332000 0.994000
-0.328000 0.994043
-0.324000 0.994087
-0.320000 0.994132
-0.316000 0.994178
-0.312000 0.994225
-0.308000 0.994273
-0.304000 0.994322
-0.300000 0.994372
-0.296000 0.994423
-0.292000 0.994475
-0.288000 0.994528
-0.284000 0.994581
-0.280000 0.994636
-0.276000 0.994692
-0.272000 0.994748
-0.268000 0.994805
-0.264000 0.994863
-0.260000 0.994922
-0.256000 0.994982
-0.252000 0.995042
-0.248000 0.995103
-0.244000 0.995165
-0.240000 0.995227
-0.236000 0.995290
-0.232000 0.995354
-0.228000 0.995418
-0.224000 0.995482
-0.220000 0.995547
-0.216000 0.995612
-0.212000 0.995678
-0.208000 0.995744
-0.204000 0.995811
-0.200000 0.995878
-0.196000 0.995945
-0.192000 0.996012
-0.188000 0.996079
-0.184000 0.996147
-0.180000 0.996214
-0.176000 0.996282
-0.172000 0.996349
-0.168000 0.996417
-0.164000 0.996485
-0.160000 0.996552
-0.156000 0.996619
-0.152000 0.996686
-0.148000 0.996753
-0.144000 0.996820
-0.140000 0.996886
-0.136000 0.996952
-0.132000 0.997018
-0.128000 0.997083
-0.124000 0.997148
-0.120000 0.997212
-0.116000 0.997276
-0.112000 0.997339
-0.108000 0.997402
-0.104000 0.997464
-0.100000 0.997526
-0.096000 0.997587
-0.092000 0.997647
-0.088000 0.997707
-0.084000 0.997765
-0.080000 0.997824
-0.076000 0.997881
-0.072000 0.997938
-0.068000 0.997994
-0.064000 0.998049
-0.060000 0.998103
-0.056000 0.998156
-0.052000 0.998209
-0.048000 0.998260
-0.044000 0.998311
-0.040000 0.998361
-0.036000 0.998410
-0.032000 0.998458
-0.028000 0.998505
-0.024000 0.998552
-0.020000 0.998597
-0.016000 0.998641
-0.012000 0.998685
-0.008000 0.998728
-0.004000 0.998769
0.000000 0.998810
0.004000 0.998850
0.008000 0.998889
0.012000 0.998927
0.016000 0.998964
0.020000 0.999000
0.024000 0.999035
0.028000 0.999069
0.032000 0.999103
0.036000 0.999135
0.040000 0.999167
0.044000 0.999198
0.048000 0.999228
0.052000 0.999257
0.056000 0.999285
0.060000 0.999312
0.064000 0.999339
0.068000 0.999365
0.072000 0.999390
0.076000 0.999414
0.080000 0.999438
0.084000 0.999460
0.088000 0.999482
0.092000 0.999504
0.096000 0.999524
0.100000 0.999544
0.104000 0.999563
0.108000 0.999582
0.112000 0.999600
0.116000 0.999617
0.120000 0.999634
0.124000 0.999650
0.128000 0.999665
0.132000 0.999680
0.136000 0.999695
0.140000 0.999708
0.144000 0.999722
0.148000 0.999734
0.152000 0.999747
0.156000 0.999758
0.160000 0.999770
0.164000 0.999781
0.168000 0.999791
0.172000 0.999801
0.176000 0.999811
0.180000 0.999820
0.184000 0.999829
0.188000 0.999837
0.192000 0.999845
0.196000 0.999853
0.200000 0.999860
0.204000 0.999867
0.208000 0.999874
0.212000 0.999881
0.216000 0.999887
0.220000 0.999893
0.224000 0.999898
0.228000 0.999904
0.232000 0.999909
0.236000 0.999913
0.240000 0.999918
0.244000 0.999922
0.248000 0.999927
0.252000 0.999931
0.256000 0.999934
0.260000 0.999938
0.264000 0.999941
0.268000 0.999945
0.272000 0.999948
0.276000 0.999951
0.280000 0.999954
0.284000 0.999956
0.288000 0.999959
0.292000 0.999961
0.296000 0.999963
0.300000 0.999965
0.304000 0.999967
0.308000 0.999969
0.312000 0.999971
0.316000 0.999973
0.320000 0.999974
0.324000 0.999976
0.328000 0.999977
0.332000 0.999979
0.336000 0.999980
0.340000 0.999981
0.344000 0.999982
0.348000 0.999984
0.352000 0.999985
0.356000 0.999986
0.360000 0.999986
0.364000 0.999987
0.368000 0.999988
0.372000 0.999989
0.376000 0.999990
0.380000 0.999990
0.384000 0.999991
0.388000 0.999991
0.392000 0.999992
0.396000 0.999993
0.400000 0.999993
0.404000 0.999993
0.408000 0.999994
0.412000 0.999994
0.416000 0.999995
0.420000 0.999995
0.424000 0.999995
0.428000 0.999996
0.432000 0.999996
0.436000 0.999996
0.440000 0.999997
0.444000 0.999997
0.448000 0.999997
0.452000 0.999997
0.456000 0.999997
0.460000 0.999998
0.464000 0.999998
0.468000 0.999998
0.472000 0.999998
0.476000 0.999998
0.480000 0.999998
0.484000 0.999998
0.488000 0.999999
0.492000 0.999999
0.496000 0.999999
0.500000 0.999999
0.504000 0.999999
0.508000 0.999999
0.512000 0.999999
0.516000 0.999999
0.520000 0.999999
0.524000 0.999999
0.528000 0.999999
0.532000 0.999999
0.536000 0.999999
0.540000 0.999999
0.544000 0.999999
0.548000 1.000000
0.552000 1.000000
0.556000 1.000000
0.560000 1.000000
0.564000 1.000000
0.568000 1.000000
0.572000 1.000000
0.576000 1.000000
0.580000 1.000000
0.584000 1.000000
0.588000 1.000000
0.592000 1.000000
0.596000 1.000000
0.600000 1.000000
0.604000 1.000000
0.608000 1.000000
0.612000 1.000000
0.616000 1.000000
0.620000 1.000000
0.624000 1.000000
0.628000 1.000000
0.632000 1.000000
0.636000 1.000000
0.640000 1.000000
0.644000 1.000000
0.648000 1.000000
0.652000 1.000000
0.656000 1.000000
0.660000 1.000000
0.664000 1.000000
0.668000 1.000000
0.672000 1.000000
0.676000 1.000000
0.680000 1.000000
0.684000 1.000000
0.688000 1.000000
0.692000 1.000000
0.696000 1.000000
0.700000 1.000000
0.704000 1.000000
0.708000 1.000000
0.712000 1.000000
0.716000 1.000000
0.720000 1.000000
0.724000 1.000000
0.728000 1.000000
0.732000 1.000000
0.736000 1.000000
0.740000 1.000000
0.744000 1.000000
0.748000 1.000000
0.752000 1.000000
0.756000 1.000000
0.760000 1.000000
0.764000 1.000000
0.768000 1.000000
0.772000 1.000000
0.776000 1.000000
0.780000 1.000000
0.784000 1.000000
0.788000 1.000000
0.792000 1.000000
0.796000 1.000000
0.800000 1.000000
0.804000 1.000000
0.808000 1.000000
0.812000 1.000000
0.816000 1.000000
0.820000 1.000000
0.824000 1.000000
0.828000 1.000000
0.832000 1.000000
0.836000 1.000000
0.840000 1.000000
0.844000 1.000000
0.848000 1.000000
0.852000 1.000000
0.856000 1.000000
0.860000 1.000000
0.864000 1.000000
0.868000 1.000000
0.872000 1.000000
0.876000 1.000000
0.880000 1.000000
0.884000 1.000000
0.888000 1.000000
0.892000 1.000000
0.896000 1.000000
0.900000 1.000000
0.904000 1.000000
0.908000 1.000000
0.912000 1.000000
0.916000 1.000000
0.920000 1.000000
0.924000 1.000000
0.928000 1.000000
0.932000 1.000000
0.936000 1.000000
0.940000 1.000000
0.944000 1.000000
0.948000 1.000000
0.952000 1.000000
0.956000 1.000000
0.960000 1.000000
0.964000 1.000000
0.968000 1.000000
0.972000 1.000000
0.976000 1.000000
0.980000 1.000000
0.984000 1.000000
0.988000 1.000000
0.992000 1.000000
0.996000 1.000000
1.000000 1.000000
