-1.000000 0.992919
-0.996000 0.992919
-0.992000 0.992919
-0.988000 0.992919
-0.984000 0.992919
-0.980000 0.992919
-0.976000 0.992919
-0.972000 0.992919
-0.968000 0.992919
-0.964000 0.992919
-0.960000 0.992919
-0.956000 0.992919
-0.952000 0.992919
-0.948000 0.992919
-0.944000 0.992919
-0.940000 0.992919
-0.936000 0.992919
-0.932000 0.992919
-0.928000 0.992919
-0.924000 0.992919
-0.920000 0.992919
-0.916000 0.992919
-0.912000 0.992919
-0.908000 0.992919
-0.904000 0.992919
-0.900000 0.992919
-0.896000 0.992919
-0.892000 0.992919
-0.888000 0.992919
-0.884000 0.992919
-0.880000 0.992919
-0.876000 0.992919
-0.872000 0.992919
-0.868000 0.992919
-0.864000 0.992919
-0.860000 0.992919
-0.856000 0.992919
-0.852000 0.992919
-0.848000 0.992919
-0.844000 0.992919
-0.840000 0.992919
-0.836000 0.992919
-0.832000 0.992919
-0.828000 0.992919
-0.824000 0.992919
-0.820000 0.992919
-0.816000 0.992919
-0.812000 0.992919
-0.808000 0.992919
-0.804000 0.992919
-0.800000 0.992919
-0.796000 0.992919
-0.792000 0.992919
-0.788000 0.992919
-0.784000 0.992919
-0.780000 0.992919
-0.776000 0.992919
-0.772000 0.992919
-0.768000 0.992919
-0.764000 0.992919
-0.760000 0.992919
-0.756000 0.992919
-0.752000 0.992919
-0.748000 0.992919
-0.744000 0.992919
-0.740000 0.992919
-0.736000 0.992919
-0.732000 0.992919
-0.728000 0.992919
-0.724000 0.992919
-0.720000 0.992920
-0.716000 0.992920
-0.712000 0.992920
-0.708000 0.992920
-0.704000 0.992920
-0.700000 0.992920
-0.696000 0.992920
-0.692000 0.992920
-0.688000 0.992920
-0.684000 0.992921
-0.680000 0.992921
-0.676000 0.992921
-0.672000 0.992921
-0.668000 0.992921
-0.664000 0.992922
-0.660000 0.992922
-0.656000 0.992922
-0.652000 0.992923
-0.648000 0.992923
-0.644000 0.992923
-0.640000 0.992924
-0.636000 0.992924
-0.632000 0.992925
-0.628000 0.992926
-0.624000 0.992926
-0.620000 0.992927
-0.616000 0.992928
-0.612000 0.992929
-0.608000 0.992929
-0.604000 0.992930
-0.600000 0.992932
-0.596000 0.992933
-0.592000 0.992934
-0.588000 0.992935
-0.584000 0.992937
-0.580000 0.992938
-0.576000 0.992940
-0.572000 0.992942
-0.568000 0.992944
-0.564000 0.992946
-0.560000 0.992948
-0.556000 0.992951
-0.552000 0.992953
-0.548000 0.992956
-0.544000 0.992959
-0.540000 0.992963
-0.536000 0.992966
-0.532000 0.992970
-0.528000 0.992974
-0.524000 0.992978
-0.520000 0.992983
-0.516000 0.992987
-0.512000 0.992992
-0.508000 0.992998
-0.504000 0.993004
-0.500000 0.993010
-0.496000 0.993016
-0.492000 0.993023
-0.488000 0.993030
-0.484000 0.993038
-0.480000 0.993046
-0.476000 0.993055
-0.472000 0.993064
-0.468000 0.993073
-0.464000 0.993084
-0.460000 0.993094
-0.456000 0.993105
-0.452000 0.993117
-0.448000 0.993129
-0.444000 0.993142
-0.440000 0.993156
-0.436000 0.993170
-0.432000 0.993185
-0.428000 0.993200
-0.424000 0.993216
-0.420000 0.993233
-0.416000 0.993251
-0.412000 0.993270
-0.408000 0.993289
-0.404000 0.993309
-0.400000 0.993330
-0.396000 0.993351
-0.392000 0.993374
-0.388000 0.993397
-0.384000 0.993422
-0.380000 0.993447
-0.376000 0.993473
-0.372000 0.993500
-0.368000 0.993528
-0.364000 0.993557
-0.360000 0.993587
-0.356000 0.993617
-0.352000 0.993649
-0.348000 0.993682
-0.344000 0.993716
-0.340000 0.993751
-0.336000 0.993787
-0.332000 0.993823
-0.328000 0.993861
-0.324000 0.993900
-0.320000 0.993940
-0.316000 0.993981
-0.312000 0.994023
-0.308000 0.994066
-0.304000 0.994110
-0.300000 0.994155
-0.296000 0.994200
-0.292000 0.994247
-0.288000 0.994295
-0.284000 0.994344
-0.280000 0.994394
-0.276000 0.994445
-0.272000 0.994496
-0.268000 0.994549
-0.264000 0.994602
-0.260000 0.994657
-0.256000 0.994712
-0.252000 0.994768
-0.248000 0.994825
-0.244000 0.994882
-0.240000 0.994941
-0.236000 0.995000
-0.232000 0.995059
-0.228000 0.995120
-0.224000 0.995181
-0.220000 0.995243
-0.216000 0.995305
-0.212000 0.995368
-0.208000 0.995431
-0.204000 0.995495
-0.200000 0.995559
-0.196000 0.995624
-0.192000 0.995689
-0.188000 0.995754
-0.184000 0.995820
-0.180000 0.995886
-0.176000 0.995952
-0.172000 0.996018
-0.168000 0.996085
-0.164000 0.996152
-0.160000 0.996218
-0.156000 0.996285
-0.152000 0.996352
-0.148000 0.996419
-0.144000 0.996485
-0.140000 0.996552
-0.136000 0.996618
-0.132000 0.996685
-0.128000 0.996751
-0.124000 0.996816
-0.120000 0.996882
-0.116000 0.996947
-0.112000 0.997012
-0.108000 0.997077
-0.104000 0.997141
-0.100000 0.997204
-0.096000 0.997267
-0.092000 0.997330
-0.088000 0.997392
-0.084000 0.997454
-0.080000 0.997515
-0.076000 0.997575
-0.072000 0.997635
-0.068000 0.997694
-0.064000 0.997752
-0.060000 0.997810
-0.056000 0.997867
-0.052000 0.997923
-0.048000 0.997978
-0.044000 0.998033
-0.040000 0.998087
-0.036000 0.998140
-0.032000 0.998192
-0.028000 0.998243
-0.024000 0.998294
-0.020000 0.998343
-0.016000 0.998392
-0.012000 0.998440
-0.008000 0.998487
-0.004000 0.998533
0.000000 0.998578
0.004000 0.998623
0.008000 0.998666
0.012000 0.998708
0.016000 0.998750
0.020000 0.998791
0.024000 0.998831
0.028000 0.998869
0.032000 0.998907
0.036000 0.998944
0.040000 0.998981
0.044000 0.999016
0.048000 0.999050
0.052000 0.999084
0.056000 0.999117
0.060000 0.999148
0.064000 0.999179
0.068000 0.999209
0.072000 0.999239
0.076000 0.999267
0.080000 0.999295
0.084000 0.999322
0.088000 0.999348
0.092000 0.999373
0.096000 0.999397
0.100000 0.999421
0.104000 0.999444
0.108000 0.999467
0.112000 0.999488
0.116000 0.999509
0.120000 0.999529
0.124000 0.999549
0.128000 0.999568
0.132000 0.999586
0.136000 0.999603
0.140000 0.999620
0.144000 0.999637
0.148000 0.999652
0.152000 0.999668
0.156000 0.999682
0.160000 0.999696
0.164000 0.999710
0.168000 0.999723
0.172000 0.999736
0.176000 0.999748
0.180000 0.999759
0.184000 0.999771
0.188000 0.999781
0.192000 0.999792
0.196000 0.999802
0.200000 0.999811
0.204000 0.999820
0.208000 0.999829
0.212000 0.999837
0.216000 0.999845
0.220000 0.999853
0.224000 0.999860
0.228000 0.999867
0.232000 0.999874
0.236000 0.999880
0.240000 0.999886
0.244000 0.999892
0.248000 0.999898
0.252000 0.999903
0.256000 0.999908
0.260000 0.999913
0.264000 0.999917
0.268000 0.999922
0.272000 0.999926
0.276000 0.999930
0.280000 0.999934
0.284000 0.999937
0.288000 0.999941
0.292000 0.999944
0.296000 0.999947
0.300000 0.999950
0.304000 0.999953
0.308000 0.999956
0.312000 0.999958
0.316000 0.999960
0.320000 0.999963
0.324000 0.999965
0.328000 0.999967
0.332000 0.999969
0.336000 0.999971
0.340000 0.999972
0.344000 0.999974
0.348000 0.999975
0.352000 0.999977
0.356000 0.999978
0.360000 0.999980
0.364000 0.999981
0.368000 0.999982
0.372000 0.999983
0.376000 0.999984
0.380000 0.999985
0.384000 0.999986
0.388000 0.999987
0.392000 0.999988
0.396000 0.999988
0.400000 0.999989
0.404000 0.999990
0.408000 0.999991
0.412000 0.999991
0.416000 0.999992
0.420000 0.999992
0.424000 0.999993
0.428000 0.999993
0.432000 0.999994
0.436000 0.999994
0.440000 0.999994
0.444000 0.999995
0.448000 0.999995
0.452000 0.999995
0.456000 0.999996
0.460000 0.999996
0.464000 0.999996
0.468000 0.999997
0.472000 0.999997
0.476000 0.999997
0.480000 0.999997
0.484000 0.999997
0.488000 0.999998
0.492000 0.999998
0.496000 0.999998
0.500000 0.999998
0.504000 0.999998
0.508000 0.999998
0.512000 0.999998
0.516000 0.999999
0.520000 0.999999
0.524000 0.999999
0.528000 0.999999
0.532000 0.999999
0.536000 0.999999
0.540000 0.999999
0.544000 0.999999
0.548000 0.999999
0.552000 0.999999
0.556000 0.999999
0.560000 0.999999
0.564000 0.999999
0.568000 0.999999
0.572000 0.999999
0.576000 1.000000
0.580000 1.000000
0.584000 1.000000
0.588000 1.000000
0.592000 1.000000
0.596000 1.000000
0.600000 1.000000
0.604000 1.000000
0.608000 1.000000
0.612000 1.000000
0.616000 1.000000
0.620000 1.000000
0.624000 1.000000
0.628000 1.000000
0.632000 1.000000
0.636000 1.000000
0.640000 1.000000
0.644000 1.000000
0.648000 1.000000
0.652000 1.000000
0.656000 1.000000
0.660000 1.000000
0.664000 1.000000
0.668000 1.000000
0.672000 1.000000
0.676000 1.000000
0.680000 1.000000
0.684000 1.000000
0.688000 1.000000
0.692000 1.000000
0.696000 1.000000
0.700000 1.000000
0.704000 1.000000
0.708000 1.000000
0.712000 1.000000
0.716000 1.000000
0.720000 1.000000
0.724000 1.000000
0.728000 1.000000
0.732000 1.000000
0.736000 1.000000
0.740000 1.000000
0.744000 1.000000
0.748000 1.000000
0.752000 1.000000
0.756000 1.000000
0.760000 1.000000
0.764000 1.000000
0.768000 1.000000
0.772000 1.000000
0.776000 1.000000
0.780000 1.000000
0.784000 1.000000
0.788000 1.000000
0.792000 1.000000
0.796000 1.000000
0.800000 1.000000
0.804000 1.000000
0.808000 1.000000
0.812000 1.000000
0.816000 1.000000
0.820000 1.000000
0.824000 1.000000
0.828000 1.000000
0.832000 1.000000
0.836000 1.000000
0.840000 1.000000
0.844000 1.000000
0.848000 1.000000
0.852000 1.000000
0.856000 1.000000
0.860000 1.000000
0.864000 1.000000
0.868000 1.000000
0.872000 1.000000
0.876000 1.000000
0.880000 1.000000
0.884000 1.000000
0.888000 1.000000
0.892000 1.000000
0.896000 1.000000
0.900000 1.000000
0.904000 1.000000
0.908000 1.000000
0.912000 1.000000
0.916000 1.000000
0.920000 1.000000
0.924000 1.000000
0.928000 1.000000
0.932000 1.000000
0.936000 1.000000
0.940000 1.000000
0.944000 1.000000
0.948000 1.000000
0.952000 1.000000
0.956000 1.000000
0.960000 1.000000
0.964000 1.000000
0.968000 1.000000
0.972000 1.000000
0.976000 1.000000
0.980000 1.000000
0.984000 1.000000
0.988000 1.000000
0.992000 1.000000
0.996000 1.000000
1.000000 1.000000
