-1.000000 0.992919
-0.996000 0.992919
-0.992000 0.992919
-0.988000 0.992919
-0.984000 0.992919
-0.980000 0.992919
-0.976000 0.992919
-0.972000 0.992919
-0.968000 0.992919
-0.964000 0.992919
-0.960000 0.992919
-0.956000 0.992919
-0.952000 0.992919
-0.948000 0.992919
-0.944000 0.992919
-0.940000 0.992919
-0.936000 0.992919
-0.932000 0.992919
-0.928000 0.992919
-0.924000 0.992919
-0.920000 0.992919
-0.916000 0.992919
-0.912000 0.992919
-0.908000 0.992919
-0.904000 0.992919
-0.900000 0.992919
-0.896000 0.992919
-0.892000 0.992919
-0.888000 0.992919
-0.884000 0.992919
-0.880000 0.992919
-0.876000 0.992919
-0.872000 0.992919
-0.868000 0.992919
-0.864000 0.992919
-0.860000 0.992919
-0.856000 0.992919
-0.852000 0.992919
-0.848000 0.992919
-0.844000 0.992919
-0.840000 0.992919
-0.836000 0.992919
-0.832000 0.992919
-0.828000 0.992919
-0.824000 0.992919
-0.820000 0.992919
-0.816000 0.992919
-0.812000 0.992919
-0.808000 0.992919
-0.804000 0.992919
-0.800000 0.992919
-0.796000 0.992919
-0.792000 0.992919
-0.788000 0.992919
-0.784000 0.992919
-0.780000 0.992919
-0.776000 0.992919
-0.772000 0.992919
-0.768000 0.992919
-0.764000 0.992919
-0.760000 0.992919
-0.756000 0.992919
-0.752000 0.992919
-0.748000 0.992919
-0.744000 0.992919
-0.740000 0.992919
-0.736000 0.992919
-0.732000 0.992919
-0.728000 0.992919
-0.724000 0.992919
-0.720000 0.992919
-0.716000 0.992919
-0.712000 0.992919
-0.708000 0.992919
-0.704000 0.992919
-0.700000 0.992919
-0.696000 0.992919
-0.692000 0.992919
-0.688000 0.992919
-0.684000 0.992919
-0.680000 0.992919
-0.676000 0.992919
-0.672000 0.992919
-0.668000 0.992919
-0.664000 0.992919
-0.660000 0.992919
-0.656000 0.992919
-0.652000 0.992920
-0.648000 0.992920
-0.644000 0.992920
-0.640000 0.992920
-0.636000 0.992920
-0.632000 0.992920
-0.628000 0.992920
-0.624000 0.992920
-0.620000 0.992920
-0.616000 0.992920
-0.612000 0.992921
-0.608000 0.992921
-0.604000 0.992921
-0.600000 0.992921
-0.596000 0.992921
-0.592000 0.992922
-0.588000 0.992922
-0.584000 0.992922
-0.580000 0.992922
-0.576000 0.992923
-0.572000 0.992923
-0.568000 0.992924
-0.564000 0.992924
-0.560000 0.992924
-0.556000 0.992925
-0.552000 0.992926
-0.548000 0.992926
-0.544000 0.992927
-0.540000 0.992928
-0.536000 0.992928
-0.532000 0.992929
-0.528000 0.992930
-0.524000 0.992931
-0.520000 0.992932
-0.516000 0.992933
-0.512000 0.992934
-0.508000 0.992936
-0.504000 0.992937
-0.500000 0.992939
-0.496000 0.992940
-0.492000 0.992942
-0.488000 0.992944
-0.484000 0.992946
-0.480000 0.992948
-0.476000 0.992950
-0.472000 0.992953
-0.468000 0.992955
-0.464000 0.992958
-0.460000 0.992961
-0.456000 0.992964
-0.452000 0.992967
-0.448000 0.992971
-0.444000 0.992975
-0.440000 0.992979
-0.436000 0.992983
-0.432000 0.992987
-0.428000 0.992992
-0.424000 0.992997
-0.420000 0.993002
-0.416000 0.993008
-0.412000 0.993014
-0.408000 0.993020
-0.404000 0.993027
-0.400000 0.993034
-0.396000 0.993041
-0.392000 0.993049
-0.388000 0.993057
-0.384000 0.993065
-0.380000 0.993074
-0.376000 0.993084
-0.372000 0.993094
-0.368000 0.993104
-0.364000 0.993115
-0.360000 0.993126
-0.356000 0.993138
-0.352000 0.993150
-0.348000 0.993163
-0.344000 0.993177
-0.340000 0.993191
-0.336000 0.993206
-0.332000 0.993221
-0.328000 0.993237
-0.324000 0.993254
-0.320000 0.993271
-0.316000 0.993289
-0.312000 0.993308
-0.308000 0.993327
-0.304000 0.993347
-0.300000 0.993368
-0.296000 0.993390
-0.292000 0.993412
-0.288000 0.993436
-0.284000 0.993460
-0.280000 0.993484
-0.276000 0.993510
-0.272000 0.993536
-0.268000 0.993564
-0.264000 0.993592
-0.260000 0.993621
-0.256000 0.993650
-0.252000 0.993681
-0.248000 0.993713
-0.244000 0.993745
-0.240000 0.993778
-0.236000 0.993813
-0.232000 0.993848
-0.228000 0.993884
-0.224000 0.993921
-0.220000 0.993958
-0.216000 0.993997
-0.212000 0.994037
-0.208000 0.994077
-0.204000 0.994119
-0.200000 0.994161
-0.196000 0.994204
-0.192000 0.994248
-0.188000 0.994293
-0.184000 0.994338
-0.180000 0.994385
-0.176000 0.994432
-0.172000 0.994480
-0.168000 0.994529
-0.164000 0.994579
-0.160000 0.994630
-0.156000 0.994681
-0.152000 0.994733
-0.148000 0.994786
-0.144000 0.994839
-0.140000 0.994893
-0.136000 0.994948
-0.132000 0.995004
-0.128000 0.995060
-0.124000 0.995116
-0.120000 0.995173
-0.116000 0.995231
-0.112000 0.995289
-0.108000 0.995348
-0.104000 0.995408
-0.100000 0.995467
-0.096000 0.995527
-0.092000 0.995588
-0.088000 0.995649
-0.084000 0.995710
-0.080000 0.995771
-0.076000 0.995833
-0.072000 0.995895
-0.068000 0.995957
-0.064000 0.996019
-0.060000 0.996082
-0.056000 0.996144
-0.052000 0.996207
-0.048000 0.996270
-0.044000 0.996333
-0.040000 0.996395
-0.036000 0.996458
-0.032000 0.996521
-0.028000 0.996583
-0.024000 0.996645
-0.020000 0.996708
-0.016000 0.996770
-0.012000 0.996831
-0.008000 0.996893
-0.004000 0.996954
0.000000 0.997015
0.004000 0.997076
0.008000 0.997136
0.012000 0.997196
0.016000 0.997255
0.020000 0.997314
0.024000 0.997373
0.028000 0.997431
0.032000 0.997489
0.036000 0.997546
0.040000 0.997602
0.044000 0.997658
0.048000 0.997713
0.052000 0.997768
0.056000 0.997822
0.060000 0.997876
0.064000 0.997928
0.068000 0.997981
0.072000 0.998032
0.076000 0.998083
0.080000 0.998133
0.084000 0.998182
0.088000 0.998230
0.092000 0.998278
0.096000 0.998325
0.100000 0.998372
0.104000 0.998417
0.108000 0.998462
0.112000 0.998506
0.116000 0.998549
0.120000 0.998591
0.124000 0.998633
0.128000 0.998673
0.132000 0.998713
0.136000 0.998752
0.140000 0.998791
0.144000 0.998828
0.148000 0.998865
0.152000 0.998901
0.156000 0.998936
0.160000 0.998970
0.164000 0.999004
0.168000 0.999037
0.172000 0.999069
0.176000 0.999100
0.180000 0.999130
0.184000 0.999160
0.188000 0.999189
0.192000 0.999217
0.196000 0.999245
0.200000 0.999271
0.204000 0.999297
0.208000 0.999323
0.212000 0.999347
0.216000 0.999371
0.220000 0.999394
0.224000 0.999417
0.228000 0.999439
0.232000 0.999460
0.236000 0.999481
0.240000 0.999501
0.244000 0.999520
0.248000 0.999539
0.252000 0.999557
0.256000 0.999574
0.260000 0.999591
0.264000 0.999608
0.268000 0.999624
0.272000 0.999639
0.276000 0.999654
0.280000 0.999668
0.284000 0.999682
0.288000 0.999696
0.292000 0.999708
0.296000 0.999721
0.300000 0.999733
0.304000 0.999744
0.308000 0.999756
0.312000 0.999766
0.316000 0.999777
0.320000 0.999787
0.324000 0.999796
0.328000 0.999805
0.332000 0.999814
0.336000 0.999823
0.340000 0.999831
0.344000 0.999839
0.348000 0.999846
0.352000 0.999853
0.356000 0.999860
0.360000 0.999867
0.364000 0.999873
0.368000 0.999879
0.372000 0.999885
0.376000 0.999891
0.380000 0.999896
0.384000 0.999901
0.388000 0.999906
0.392000 0.999911
0.396000 0.999915
0.400000 0.999919
0.404000 0.999923
0.408000 0.999927
0.412000 0.999931
0.416000 0.999935
0.420000 0.999938
0.424000 0.999941
0.428000 0.999944
0.432000 0.999947
0.436000 0.999950
0.440000 0.999953
0.444000 0.999955
0.448000 0.999958
0.452000 0.999960
0.456000 0.999962
0.460000 0.999964
0.464000 0.999966
0.468000 0.999968
0.472000 0.999970
0.476000 0.999971
0.480000 0.999973
0.484000 0.999974
0.488000 0.999976
0.492000 0.999977
0.496000 0.999979
0.500000 0.999980
0.504000 0.999981
0.508000 0.999982
0.512000 0.999983
0.516000 0.999984
0.520000 0.999985
0.524000 0.999986
0.528000 0.999987
0.532000 0.999988
0.536000 0.999988
0.540000 0.999989
0.544000 0.999990
0.548000 0.999990
0.552000 0.999991
0.556000 0.999991
0.560000 0.999992
0.564000 0.999992
0.568000 0.999993
0.572000 0.999993
0.576000 0.999994
0.580000 0.999994
0.584000 0.999994
0.588000 0.999995
0.592000 0.999995
0.596000 0.999995
0.600000 0.999996
0.604000 0.999996
0.608000 0.999996
0.612000 0.999997
0.616000 0.999997
0.620000 0.999997
0.624000 0.999997
0.628000 0.999997
0.632000 0.999998
0.636000 0.999998
0.640000 0.999998
0.644000 0.999998
0.648000 0.999998
0.652000 0.999998
0.656000 0.999998
0.660000 0.999998
0.664000 0.999999
0.668000 0.999999
0.672000 0.999999
0.676000 0.999999
0.680000 0.999999
0.684000 0.999999
0.688000 0.999999
0.692000 0.999999
0.696000 0.999999
0.700000 0.999999
0.704000 0.999999
0.708000 0.999999
0.712000 0.999999
0.716000 0.999999
0.720000 0.999999
0.724000 1.000000
0.728000 1.000000
0.732000 1.000000
0.736000 1.000000
0.740000 1.000000
0.744000 1.000000
0.748000 1.000000
0.752000 1.000000
0.756000 1.000000
0.760000 1.000000
0.764000 1.000000
0.768000 1.000000
0.772000 1.000000
0.776000 1.000000
0.780000 1.000000
0.784000 1.000000
0.788000 1.000000
0.792000 1.000000
0.796000 1.000000
0.800000 1.000000
0.804000 1.000000
0.808000 1.000000
0.812000 1.000000
0.816000 1.000000
0.820000 1.000000
0.824000 1.000000
0.828000 1.000000
0.832000 1.000000
0.836000 1.000000
0.840000 1.000000
0.844000 1.000000
0.848000 1.000000
0.852000 1.000000
0.856000 1.000000
0.860000 1.000000
0.864000 1.000000
0.868000 1.000000
0.872000 1.000000
0.876000 1.000000
0.880000 1.000000
0.884000 1.000000
0.888000 1.000000
0.892000 1.000000
0.896000 1.000000
0.900000 1.000000
0.904000 1.000000
0.908000 1.000000
0.912000 1.000000
0.916000 1.000000
0.920000 1.000000
0.924000 1.000000
0.928000 1.000000
0.932000 1.000000
0.936000 1.000000
0.940000 1.000000
0.944000 1.000000
0.948000 1.000000
0.952000 1.000000
0.956000 1.000000
0.960000 1.000000
0.964000 1.000000
0.968000 1.000000
0.972000 1.000000
0.976000 1.000000
0.980000 1.000000
0.984000 1.000000
0.988000 1.000000
0.992000 1.000000
0.996000 1.000000
1.000000 1.000000
