-1.000000 0.992919
-0.996000 0.992919
-0.992000 0.992919
-0.988000 0.992919
-0.984000 0.992919
-0.980000 0.992919
-0.976000 0.992919
-0.972000 0.992919
-0.968000 0.992919
-0.964000 0.992919
-0.960000 0.992919
-0.956000 0.992919
-0.952000 0.992919
-0.948000 0.992919
-0.944000 0.992919
-0.940000 0.992919
-0.936000 0.992919
-0.932000 0.992919
-0.928000 0.992919
-0.924000 0.992919
-0.920000 0.992919
-0.916000 0.992919
-0.912000 0.992919
-0.908000 0.992919
-0.904000 0.992919
-0.900000 0.992919
-0.896000 0.992919
-0.892000 0.992919
-0.888000 0.992919
-0.884000 0.992919
-0.880000 0.992919
-0.876000 0.992919
-0.872000 0.992919
-0.868000 0.992919
-0.864000 0.992919
-0.860000 0.992919
-0.856000 0.992919
-0.852000 0.992919
-0.848000 0.992919
-0.844000 0.992919
-0.840000 0.992919
-0.836000 0.992919
-0.832000 0.992919
-0.828000 0.992919
-0.824000 0.992919
-0.820000 0.992919
-0.816000 0.992919
-0.812000 0.992919
-0.808000 0.992919
-0.804000 0.992919
-0.800000 0.992919
-0.796000 0.992919
-0.792000 0.992919
-0.788000 0.992919
-0.784000 0.992919
-0.780000 0.992919
-0.776000 0.992919
-0.772000 0.992919
-0.768000 0.992919
-0.764000 0.992919
-0.760000 0.992919
-0.756000 0.992919
-0.752000 0.992919
-0.748000 0.992919
-0.744000 0.992919
-0.740000 0.992919
-0.736000 0.992919
-0.732000 0.992919
-0.728000 0.992919
-0.724000 0.992919
-0.720000 0.992919
-0.716000 0.992919
-0.712000 0.992919
-0.708000 0.992919
-0.704000 0.992919
-0.700000 0.992919
-0.696000 0.992919
-0.692000 0.992919
-0.688000 0.992919
-0.684000 0.992919
-0.680000 0.992919
-0.676000 0.992919
-0.672000 0.992919
-0.668000 0.992919
-0.664000 0.992919
-0.660000 0.992919
-0.656000 0.992919
-0.652000 0.992919
-0.648000 0.992920
-0.644000 0.992920
-0.640000 0.992920
-0.636000 0.992920
-0.632000 0.992920
-0.628000 0.992920
-0.624000 0.992920
-0.620000 0.992920
-0.616000 0.992920
-0.612000 0.992920
-0.608000 0.992920
-0.604000 0.992921
-0.600000 0.992921
-0.596000 0.992921
-0.592000 0.992921
-0.588000 0.992921
-0.584000 0.992922
-0.580000 0.992922
-0.576000 0.992922
-0.572000 0.992923
-0.568000 0.992923
-0.564000 0.992923
-0.560000 0.992924
-0.556000 0.992924
-0.552000 0.992925
-0.548000 0.992925
-0.544000 0.992926
-0.540000 0.992926
-0.536000 0.992927
-0.532000 0.992928
-0.528000 0.992929
-0.524000 0.992929
-0.520000 0.992930
-0.516000 0.992931
-0.512000 0.992932
-0.508000 0.992933
-0.504000 0.992935
-0.500000 0.992936
-0.496000 0.992937
-0.492000 0.992939
-0.488000 0.992940
-0.484000 0.992942
-0.480000 0.992944
-0.476000 0.992946
-0.472000 0.992948
-0.468000 0.992950
-0.464000 0.992953
-0.460000 0.992955
-0.456000 0.992958
-0.452000 0.992961
-0.448000 0.992964
-0.444000 0.992968
-0.440000 0.992971
-0.436000 0.992975
-0.432000 0.992979
-0.428000 0.992983
-0.424000 0.992988
-0.420000 0.992992
-0.416000 0.992997
-0.412000 0.993003
-0.408000 0.993008
-0.404000 0.993014
-0.400000 0.993020
-0.396000 0.993027
-0.392000 0.993034
-0.388000 0.993041
-0.384000 0.993049
-0.380000 0.993057
-0.376000 0.993065
-0.372000 0.993074
-0.368000 0.993084
-0.364000 0.993093
-0.360000 0.993104
-0.356000 0.993114
-0.352000 0.993126
-0.348000 0.993137
-0.344000 0.993150
-0.340000 0.993163
-0.336000 0.993176
-0.332000 0.993190
-0.328000 0.993205
-0.324000 0.993220
-0.320000 0.993236
-0.316000 0.993252
-0.312000 0.993269
-0.308000 0.993287
-0.304000 0.993306
-0.300000 0.993325
-0.296000 0.993345
-0.292000 0.993366
-0.288000 0.993387
-0.284000 0.993409
-0.280000 0.993432
-0.276000 0.993456
-0.272000 0.993480
-0.268000 0.993506
-0.264000 0.993532
-0.260000 0.993559
-0.256000 0.993587
-0.252000 0.993615
-0.248000 0.993645
-0.244000 0.993675
-0.240000 0.993706
-0.236000 0.993738
-0.232000 0.993771
-0.228000 0.993805
-0.224000 0.993840
-0.220000 0.993876
-0.216000 0.993912
-0.212000 0.993949
-0.208000 0.993988
-0.204000 0.994027
-0.200000 0.994067
-0.196000 0.994108
-0.192000 0.994149
-0.188000 0.994192
-0.184000 0.994236
-0.180000 0.994280
-0.176000 0.994325
-0.172000 0.994371
-0.168000 0.994418
-0.164000 0.994466
-0.160000 0.994514
-0.156000 0.994563
-0.152000 0.994613
-0.148000 0.994664
-0.144000 0.994716
-0.140000 0.994768
-0.136000 0.994821
-0.132000 0.994874
-0.128000 0.994929
-0.124000 0.994983
-0.120000 0.995039
-0.116000 0.995095
-0.112000 0.995152
-0.108000 0.995209
-0.104000 0.995267
-0.100000 0.995325
-0.096000 0.995384
-0.092000 0.995443
-0.088000 0.995503
-0.084000 0.995563
-0.080000 0.995623
-0.076000 0.995684
-0.072000 0.995745
-0.068000 0.995806
-0.064000 0.995868
-0.060000 0.995929
-0.056000 0.995991
-0.052000 0.996053
-0.048000 0.996116
-0.044000 0.996178
-0.040000 0.996240
-0.036000 0.996303
-0.032000 0.996365
-0.028000 0.996427
-0.024000 0.996490
-0.020000 0.996552
-0.016000 0.996614
-0.012000 0.996676
-0.008000 0.996738
-0.004000 0.996799
0.000000 0.996861
0.004000 0.996922
0.008000 0.996983
0.012000 0.997043
0.016000 0.997103
0.020000 0.997163
0.024000 0.997222
0.028000 0.997281
0.032000 0.997340
0.036000 0.997398
0.040000 0.997455
0.044000 0.997512
0.048000 0.997569
0.052000 0.997625
0.056000 0.997680
0.060000 0.997735
0.064000 0.997789
0.068000 0.997843
0.072000 0.997896
0.076000 0.997948
0.080000 0.998000
0.084000 0.998051
0.088000 0.998101
0.092000 0.998150
0.096000 0.998199
0.100000 0.998247
0.104000 0.998294
0.108000 0.998341
0.112000 0.998387
0.116000 0.998432
0.120000 0.998476
0.124000 0.998519
0.128000 0.998562
0.132000 0.998604
0.136000 0.998645
0.140000 0.998685
0.144000 0.998725
0.148000 0.998763
0.152000 0.998801
0.156000 0.998838
0.160000 0.998875
0.164000 0.998910
0.168000 0.998945
0.172000 0.998979
0.176000 0.999012
0.180000 0.999045
0.184000 0.999076
0.188000 0.999107
0.192000 0.999137
0.196000 0.999167
0.200000 0.999195
0.204000 0.999223
0.208000 0.999250
0.212000 0.999277
0.216000 0.999302
0.220000 0.999327
0.224000 0.999352
0.228000 0.999375
0.232000 0.999398
0.236000 0.999421
0.240000 0.999442
0.244000 0.999463
0.248000 0.999484
0.252000 0.999504
0.256000 0.999523
0.260000 0.999541
0.264000 0.999559
0.268000 0.999577
0.272000 0.999594
0.276000 0.999610
0.280000 0.999626
0.284000 0.999641
0.288000 0.999656
0.292000 0.999670
0.296000 0.999684
0.300000 0.999697
0.304000 0.999710
0.308000 0.999722
0.312000 0.999734
0.316000 0.999745
0.320000 0.999756
0.324000 0.999767
0.328000 0.999777
0.332000 0.999787
0.336000 0.999797
0.340000 0.999806
0.344000 0.999814
0.348000 0.999823
0.352000 0.999831
0.356000 0.999839
0.360000 0.999846
0.364000 0.999853
0.368000 0.999860
0.372000 0.999867
0.376000 0.999873
0.380000 0.999879
0.384000 0.999885
0.388000 0.999891
0.392000 0.999896
0.396000 0.999901
0.400000 0.999906
0.404000 0.999911
0.408000 0.999915
0.412000 0.999919
0.416000 0.999923
0.420000 0.999927
0.424000 0.999931
0.428000 0.999934
0.432000 0.999938
0.436000 0.999941
0.440000 0.999944
0.444000 0.999947
0.448000 0.999950
0.452000 0.999952
0.456000 0.999955
0.460000 0.999957
0.464000 0.999960
0.468000 0.999962
0.472000 0.999964
0.476000 0.999966
0.480000 0.999968
0.484000 0.999969
0.488000 0.999971
0.492000 0.999973
0.496000 0.999974
0.500000 0.999976
0.504000 0.999977
0.508000 0.999978
0.512000 0.999980
0.516000 0.999981
0.520000 0.999982
0.524000 0.999983
0.528000 0.999984
0.532000 0.999985
0.536000 0.999986
0.540000 0.999987
0.544000 0.999987
0.548000 0.999988
0.552000 0.999989
0.556000 0.999989
0.560000 0.999990
0.564000 0.999991
0.568000 0.999991
0.572000 0.999992
0.576000 0.999992
0.580000 0.999993
0.584000 0.999993
0.588000 0.999994
0.592000 0.999994
0.596000 0.999994
0.600000 0.999995
0.604000 0.999995
0.608000 0.999995
0.612000 0.999996
0.616000 0.999996
0.620000 0.999996
0.624000 0.999996
0.628000 0.999997
0.632000 0.999997
0.636000 0.999997
0.640000 0.999997
0.644000 0.999997
0.648000 0.999998
0.652000 0.999998
0.656000 0.999998
0.660000 0.999998
0.664000 0.999998
0.668000 0.999998
0.672000 0.999998
0.676000 0.999999
0.680000 0.999999
0.684000 0.999999
0.688000 0.999999
0.692000 0.999999
0.696000 0.999999
0.700000 0.999999
0.704000 0.999999
0.708000 0.999999
0.712000 0.999999
0.716000 0.999999
0.720000 0.999999
0.724000 0.999999
0.728000 0.999999
0.732000 0.999999
0.736000 0.999999
0.740000 1.000000
0.744000 1.000000
0.748000 1.000000
0.752000 1.000000
0.756000 1.000000
0.760000 1.000000
0.764000 1.000000
0.768000 1.000000
0.772000 1.000000
0.776000 1.000000
0.780000 1.000000
0.784000 1.000000
0.788000 1.000000
0.792000 1.000000
0.796000 1.000000
0.800000 1.000000
0.804000 1.000000
0.808000 1.000000
0.812000 1.000000
0.816000 1.000000
0.820000 1.000000
0.824000 1.000000
0.828000 1.000000
0.832000 1.000000
0.836000 1.000000
0.840000 1.000000
0.844000 1.000000
0.848000 1.000000
0.852000 1.000000
0.856000 1.000000
0.860000 1.000000
0.864000 1.000000
0.868000 1.000000
0.872000 1.000000
0.876000 1.000000
0.880000 1.000000
0.884000 1.000000
0.888000 1.000000
0.892000 1.000000
0.896000 1.000000
0.900000 1.000000
0.904000 1.000000
0.908000 1.000000
0.912000 1.000000
0.916000 1.000000
0.920000 1.000000
0.924000 1.000000
0.928000 1.000000
0.932000 1.000000
0.936000 1.000000
0.940000 1.000000
0.944000 1.000000
0.948000 1.000000
0.952000 1.000000
0.956000 1.000000
0.960000 1.000000
0.964000 1.000000
0.968000 1.000000
0.972000 1.000000
0.976000 1.000000
0.980000 1.000000
0.984000 1.000000
0.988000 1.000000
0.992000 1.000000
0.996000 1.000000
1.000000 1.000000
