-1.000000 0.992919
-0.996000 0.992919
-0.992000 0.992919
-0.988000 0.992919
-0.984000 0.992919
-0.980000 0.992919
-0.976000 0.992919
-0.972000 0.992919
-0.968000 0.992919
-0.964000 0.992919
-0.960000 0.992919
-0.956000 0.992919
-0.952000 0.992919
-0.948000 0.992919
-0.944000 0.992919
-0.940000 0.992919
-0.936000 0.992919
-0.932000 0.992919
-0.928000 0.992919
-0.924000 0.992919
-0.920000 0.992919
-0.916000 0.992919
-0.912000 0.992919
-0.908000 0.992919
-0.904000 0.992919
-0.900000 0.992919
-0.896000 0.992919
-0.892000 0.992919
-0.888000 0.992919
-0.884000 0.992919
-0.880000 0.992919
-0.876000 0.992919
-0.872000 0.992919
-0.868000 0.992919
-0.864000 0.992919
-0.860000 0.992919
-0.856000 0.992919
-0.852000 0.992919
-0.848000 0.992919
-0.844000 0.992919
-0.840000 0.992919
-0.836000 0.992919
-0.832000 0.992919
-0.828000 0.992919
-0.824000 0.992919
-0.820000 0.992919
-0.816000 0.992919
-0.812000 0.992919
-0.808000 0.992919
-0.804000 0.992919
-0.800000 0.992919
-0.796000 0.992919
-0.792000 0.992919
-0.788000 0.992919
-0.784000 0.992919
-0.780000 0.992919
-0.776000 0.992919
-0.772000 0.992919
-0.768000 0.992919
-0.764000 0.992919
-0.760000 0.992919
-0.756000 0.992919
-0.752000 0.992919
-0.748000 0.992919
-0.744000 0.992919
-0.740000 0.992919
-0.736000 0.992919
-0.732000 0.992919
-0.728000 0.992919
-0.724000 0.992919
-0.720000 0.992919
-0.716000 0.992919
-0.712000 0.992919
-0.708000 0.992919
-0.704000 0.992919
-0.700000 0.992919
-0.696000 0.992919
-0.692000 0.992919
-0.688000 0.992919
-0.684000 0.992919
-0.680000 0.992920
-0.676000 0.992920
-0.672000 0.992920
-0.668000 0.992920
-0.664000 0.992920
-0.660000 0.992920
-0.656000 0.992920
-0.652000 0.992920
-0.648000 0.992920
-0.644000 0.992920
-0.640000 0.992921
-0.636000 0.992921
-0.632000 0.992921
-0.628000 0.992921
-0.624000 0.992921
-0.620000 0.992922
-0.616000 0.992922
-0.612000 0.992922
-0.608000 0.992922
-0.604000 0.992923
-0.600000 0.992923
-0.596000 0.992924
-0.592000 0.992924
-0.588000 0.992924
-0.584000 0.992925
-0.580000 0.992926
-0.576000 0.992926
-0.572000 0.992927
-0.568000 0.992928
-0.564000 0.992928
-0.560000 0.992929
-0.556000 0.992930
-0.552000 0.992931
-0.548000 0.992932
-0.544000 0.992933
-0.540000 0.992935
-0.536000 0.992936
-0.532000 0.992937
-0.528000 0.992939
-0.524000 0.992941
-0.520000 0.992943
-0.516000 0.992944
-0.512000 0.992947
-0.508000 0.992949
-0.504000 0.992951
-0.500000 0.992954
-0.496000 0.992956
-0.492000 0.992959
-0.488000 0.992962
-0.484000 0.992966
-0.480000 0.992969
-0.476000 0.992973
-0.472000 0.992977
-0.468000 0.992981
-0.464000 0.992986
-0.460000 0.992991
-0.456000 0.992996
-0.452000 0.993001
-0.448000 0.993007
-0.444000 0.993013
-0.440000 0.993019
-0.436000 0.993026
-0.432000 0.993033
-0.428000 0.993040
-0.424000 0.993048
-0.420000 0.993056
-0.416000 0.993065
-0.412000 0.993074
-0.408000 0.993084
-0.404000 0.993094
-0.400000 0.993105
-0.396000 0.993116
-0.392000 0.993128
-0.388000 0.993140
-0.384000 0.993153
-0.380000 0.993166
-0.376000 0.993180
-0.372000 0.993195
-0.368000 0.993210
-0.364000 0.993226
-0.360000 0.993243
-0.356000 0.993260
-0.352000 0.993278
-0.348000 0.993297
-0.344000 0.993316
-0.340000 0.993336
-0.336000 0.993357
-0.332000 0.993379
-0.328000 0.993401
-0.324000 0.993425
-0.320000 0.993449
-0.316000 0.993474
-0.312000 0.993500
-0.308000 0.993527
-0.304000 0.993554
-0.300000 0.993583
-0.296000 0.993612
-0.292000 0.993642
-0.288000 0.993674
-0.284000 0.993706
-0.280000 0.993739
-0.276000 0.993773
-0.272000 0.993807
-0.268000 0.993843
-0.264000 0.993880
-0.260000 0.993918
-0.256000 0.993956
-0.252000 0.993996
-0.248000 0.994036
-0.244000 0.994078
-0.240000 0.994120
-0.236000 0.994163
-0.232000 0.994208
-0.228000 0.994253
-0.224000 0.994299
-0.220000 0.994345
-0.216000 0.994393
-0.212000 0.994442
-0.208000 0.994491
-0.204000 0.994541
-0.200000 0.994593
-0.196000 0.994644
-0.192000 0.994697
-0.188000 0.994751
-0.184000 0.994805
-0.180000 0.994860
-0.176000 0.994915
-0.172000 0.994972
-0.168000 0.995029
-0.164000 0.995086
-0.160000 0.995145
-0.156000 0.995203
-0.152000 0.995263
-0.148000 0.995323
-0.144000 0.995383
-0.140000 0.995444
-0.136000 0.995505
-0.132000 0.995567
-0.128000 0.995629
-0.124000 0.995691
-0.120000 0.995754
-0.116000 0.995817
-0.112000 0.995880
-0.108000 0.995944
-0.104000 0.996008
-0.100000 0.996071
-0.096000 0.996135
-0.092000 0.996199
-0.088000 0.996264
-0.084000 0.996328
-0.080000 0.996392
-0.076000 0.996456
-0.072000 0.996520
-0.068000 0.996584
-0.064000 0.996647
-0.060000 0.996711
-0.056000 0.996774
-0.052000 0.996838
-0.048000 0.996900
-0.044000 0.996963
-0.040000 0.997025
-0.036000 0.997087
-0.032000 0.997149
-0.028000 0.997210
-0.024000 0.997270
-0.020000 0.997330
-0.016000 0.997390
-0.012000 0.997449
-0.008000 0.997508
-0.004000 0.997566
0.000000 0.997623
0.004000 0.997680
0.008000 0.997737
0.012000 0.997792
0.016000 0.997847
0.020000 0.997901
0.024000 0.997955
0.028000 0.998008
0.032000 0.998060
0.036000 0.998111
0.040000 0.998162
0.044000 0.998212
0.048000 0.998261
0.052000 0.998309
0.056000 0.998357
0.060000 0.998403
0.064000 0.998449
0.068000 0.998494
0.072000 0.998539
0.076000 0.998582
0.080000 0.998625
0.084000 0.998666
0.088000 0.998707
0.092000 0.998747
0.096000 0.998787
0.100000 0.998825
0.104000 0.998862
0.108000 0.998899
0.112000 0.998935
0.116000 0.998970
0.120000 0.999004
0.124000 0.999038
0.128000 0.999070
0.132000 0.999102
0.136000 0.999133
0.140000 0.999163
0.144000 0.999193
0.148000 0.999222
0.152000 0.999249
0.156000 0.999277
0.160000 0.999303
0.164000 0.999329
0.168000 0.999353
0.172000 0.999378
0.176000 0.999401
0.180000 0.999424
0.184000 0.999446
0.188000 0.999467
0.192000 0.999488
0.196000 0.999508
0.200000 0.999528
0.204000 0.999547
0.208000 0.999565
0.212000 0.999583
0.216000 0.999600
0.220000 0.999616
0.224000 0.999632
0.228000 0.999648
0.232000 0.999662
0.236000 0.999677
0.240000 0.999691
0.244000 0.999704
0.248000 0.999717
0.252000 0.999729
0.256000 0.999741
0.260000 0.999752
0.264000 0.999764
0.268000 0.999774
0.272000 0.999784
0.276000 0.999794
0.280000 0.999804
0.284000 0.999813
0.288000 0.999821
0.292000 0.999830
0.296000 0.999838
0.300000 0.999845
0.304000 0.999853
0.308000 0.999860
0.312000 0.999867
0.316000 0.999873
0.320000 0.999879
0.324000 0.999885
0.328000 0.999891
0.332000 0.999896
0.336000 0.999902
0.340000 0.999906
0.344000 0.999911
0.348000 0.999916
0.352000 0.999920
0.356000 0.999924
0.360000 0.999928
0.364000 0.999932
0.368000 0.999935
0.372000 0.999939
0.376000 0.999942
0.380000 0.999945
0.384000 0.999948
0.388000 0.999951
0.392000 0.999954
0.396000 0.999956
0.400000 0.999958
0.404000 0.999961
0.408000 0.999963
0.412000 0.999965
0.416000 0.999967
0.420000 0.999969
0.424000 0.999971
0.428000 0.999972
0.432000 0.999974
0.436000 0.999975
0.440000 0.999977
0.444000 0.999978
0.448000 0.999979
0.452000 0.999981
0.456000 0.999982
0.460000 0.999983
0.464000 0.999984
0.468000 0.999985
0.472000 0.999986
0.476000 0.999987
0.480000 0.999987
0.484000 0.999988
0.488000 0.999989
0.492000 0.999989
0.496000 0.999990
0.500000 0.999991
0.504000 0.999991
0.508000 0.999992
0.512000 0.999992
0.516000 0.999993
0.520000 0.999993
0.524000 0.999994
0.528000 0.999994
0.532000 0.999994
0.536000 0.999995
0.540000 0.999995
0.544000 0.999995
0.548000 0.999996
0.552000 0.999996
0.556000 0.999996
0.560000 0.999997
0.564000 0.999997
0.568000 0.999997
0.572000 0.999997
0.576000 0.999997
0.580000 0.999998
0.584000 0.999998
0.588000 0.999998
0.592000 0.999998
0.596000 0.999998
0.600000 0.999998
0.604000 0.999998
0.608000 0.999999
0.612000 0.999999
0.616000 0.999999
0.620000 0.999999
0.624000 0.999999
0.628000 0.999999
0.632000 0.999999
0.636000 0.999999
0.640000 0.999999
0.644000 0.999999
0.648000 0.999999
0.652000 0.999999
0.656000 0.999999
0.660000 0.999999
0.664000 0.999999
0.668000 0.999999
0.672000 1.000000
0.676000 1.000000
0.680000 1.000000
0.684000 1.000000
0.688000 1.000000
0.692000 1.000000
0.696000 1.000000
0.700000 1.000000
0.704000 1.000000
0.708000 1.000000
0.712000 1.000000
0.716000 1.000000
0.720000 1.000000
0.724000 1.000000
0.728000 1.000000
0.732000 1.000000
0.736000 1.000000
0.740000 1.000000
0.744000 1.000000
0.748000 1.000000
0.752000 1.000000
0.756000 1.000000
0.760000 1.000000
0.764000 1.000000
0.768000 1.000000
0.772000 1.000000
0.776000 1.000000
0.780000 1.000000
0.784000 1.000000
0.788000 1.000000
0.792000 1.000000
0.796000 1.000000
0.800000 1.000000
0.804000 1.000000
0.808000 1.000000
0.812000 1.000000
0.816000 1.000000
0.820000 1.000000
0.824000 1.000000
0.828000 1.000000
0.832000 1.000000
0.836000 1.000000
0.840000 1.000000
0.844000 1.000000
0.848000 1.000000
0.852000 1.000000
0.856000 1.000000
0.860000 1.000000
0.864000 1.000000
0.868000 1.000000
0.872000 1.000000
0.876000 1.000000
0.880000 1.000000
0.884000 1.000000
0.888000 1.000000
0.892000 1.000000
0.896000 1.000000
0.900000 1.000000
0.904000 1.000000
0.908000 1.000000
0.912000 1.000000
0.916000 1.000000
0.920000 1.000000
0.924000 1.000000
0.928000 1.000000
0.932000 1.000000
0.936000 1.000000
0.940000 1.000000
0.944000 1.000000
0.948000 1.000000
0.952000 1.000000
0.956000 1.000000
0.960000 1.000000
0.964000 1.000000
0.968000 1.000000
0.972000 1.000000
0.976000 1.000000
0.980000 1.000000
0.984000 1.000000
0.988000 1.000000
0.992000 1.000000
0.996000 1.000000
1.000000 1.000000
