-1.000000 0.992919
-0.996000 0.992919
-0.992000 0.992919
-0.988000 0.992919
-0.984000 0.992919
-0.980000 0.992919
-0.976000 0.992919
-0.972000 0.992919
-0.968000 0.992919
-0.964000 0.992919
-0.960000 0.992919
-0.956000 0.992919
-0.952000 0.992919
-0.948000 0.992919
-0.944000 0.992919
-0.940000 0.992919
-0.936000 0.992919
-0.932000 0.992919
-0.928000 0.992919
-0.924000 0.992919
-0.920000 0.992919
-0.916000 0.992919
-0.912000 0.992919
-0.908000 0.992919
-0.904000 0.992919
-0.900000 0.992919
-0.896000 0.992919
-0.892000 0.992919
-0.888000 0.992919
-0.884000 0.992919
-0.880000 0.992919
-0.876000 0.992919
-0.872000 0.992919
-0.868000 0.992919
-0.864000 0.992919
-0.860000 0.992919
-0.856000 0.992919
-0.852000 0.992919
-0.848000 0.992919
-0.844000 0.992919
-0.840000 0.992919
-0.836000 0.992919
-0.832000 0.992919
-0.828000 0.992919
-0.824000 0.992919
-0.820000 0.992919
-0.816000 0.992919
-0.812000 0.992919
-0.808000 0.992919
-0.804000 0.992919
-0.800000 0.992919
-0.796000 0.992919
-0.792000 0.992919
-0.788000 0.992919
-0.784000 0.992919
-0.780000 0.992919
-0.776000 0.992919
-0.772000 0.992919
-0.768000 0.992919
-0.764000 0.992919
-0.760000 0.992919
-0.756000 0.992919
-0.752000 0.992919
-0.748000 0.992919
-0.744000 0.992919
-0.740000 0.992919
-0.736000 0.992919
-0.732000 0.992919
-0.728000 0.992919
-0.724000 0.992919
-0.720000 0.992919
-0.716000 0.992919
-0.712000 0.992919
-0.708000 0.992919
-0.704000 0.992919
-0.700000 0.992919
-0.696000 0.992919
-0.692000 0.992919
-0.688000 0.992919
-0.684000 0.992919
-0.680000 0.992919
-0.676000 0.992919
-0.672000 0.992919
-0.668000 0.992920
-0.664000 0.992920
-0.660000 0.992920
-0.656000 0.992920
-0.652000 0.992920
-0.648000 0.992920
-0.644000 0.992920
-0.640000 0.992920
-0.636000 0.992920
-0.632000 0.992920
-0.628000 0.992920
-0.624000 0.992921
-0.620000 0.992921
-0.616000 0.992921
-0.612000 0.992921
-0.608000 0.992921
-0.604000 0.992922
-0.600000 0.992922
-0.596000 0.992922
-0.592000 0.992923
-0.588000 0.992923
-0.584000 0.992923
-0.580000 0.992924
-0.576000 0.992924
-0.572000 0.992925
-0.568000 0.992925
-0.564000 0.992926
-0.560000 0.992927
-0.556000 0.992927
-0.552000 0.992928
-0.548000 0.992929
-0.544000 0.992930
-0.540000 0.992931
-0.536000 0.992932
-0.532000 0.992933
-0.528000 0.992934
-0.524000 0.992935
-0.520000 0.992937
-0.516000 0.992938
-0.512000 0.992940
-0.508000 0.992941
-0.504000 0.992943
-0.500000 0.992945
-0.496000 0.992947
-0.492000 0.992949
-0.488000 0.992952
-0.484000 0.992954
-0.480000 0.992957
-0.476000 0.992960
-0.472000 0.992963
-0.468000 0.992967
-0.464000 0.992970
-0.460000 0.992974
-0.456000 0.992978
-0.452000 0.992982
-0.448000 0.992987
-0.444000 0.992991
-0.440000 0.992996
-0.436000 0.993002
-0.432000 0.993007
-0.428000 0.993013
-0.424000 0.993020
-0.420000 0.993026
-0.416000 0.993033
-0.412000 0.993041
-0.408000 0.993048
-0.404000 0.993057
-0.400000 0.993065
-0.396000 0.993074
-0.392000 0.993084
-0.388000 0.993094
-0.384000 0.993104
-0.380000 0.993115
-0.376000 0.993127
-0.372000 0.993139
-0.368000 0.993152
-0.364000 0.993165
-0.360000 0.993179
-0.356000 0.993193
-0.352000 0.993208
-0.348000 0.993224
-0.344000 0.993240
-0.340000 0.993257
-0.336000 0.993274
-0.332000 0.993293
-0.328000 0.993312
-0.324000 0.993332
-0.320000 0.993352
-0.316000 0.993374
-0.312000 0.993396
-0.308000 0.993419
-0.304000 0.993442
-0.300000 0.993467
-0.296000 0.993492
-0.292000 0.993518
-0.288000 0.993545
-0.284000 0.993573
-0.280000 0.993602
-0.276000 0.993631
-0.272000 0.993662
-0.268000 0.993693
-0.264000 0.993726
-0.260000 0.993759
-0.256000 0.993793
-0.252000 0.993828
-0.248000 0.993864
-0.244000 0.993901
-0.240000 0.993938
-0.236000 0.993977
-0.232000 0.994017
-0.228000 0.994057
-0.224000 0.994098
-0.220000 0.994141
-0.216000 0.994184
-0.212000 0.994228
-0.208000 0.994273
-0.204000 0.994319
-0.200000 0.994365
-0.196000 0.994413
-0.192000 0.994461
-0.188000 0.994511
-0.184000 0.994561
-0.180000 0.994611
-0.176000 0.994663
-0.172000 0.994715
-0.168000 0.994768
-0.164000 0.994822
-0.160000 0.994877
-0.156000 0.994932
-0.152000 0.994988
-0.148000 0.995044
-0.144000 0.995101
-0.140000 0.995159
-0.136000 0.995217
-0.132000 0.995276
-0.128000 0.995336
-0.124000 0.995395
-0.120000 0.995456
-0.116000 0.995516
-0.112000 0.995577
-0.108000 0.995639
-0.104000 0.995701
-0.100000 0.995763
-0.096000 0.995825
-0.092000 0.995888
-0.088000 0.995951
-0.084000 0.996014
-0.080000 0.996077
-0.076000 0.996140
-0.072000 0.996203
-0.068000 0.996267
-0.064000 0.996330
-0.060000 0.996394
-0.056000 0.996457
-0.052000 0.996520
-0.048000 0.996583
-0.044000 0.996646
-0.040000 0.996709
-0.036000 0.996772
-0.032000 0.996834
-0.028000 0.996897
-0.024000 0.996959
-0.020000 0.997020
-0.016000 0.997081
-0.012000 0.997142
-0.008000 0.997203
-0.004000 0.997263
0.000000 0.997322
0.004000 0.997381
0.008000 0.997440
0.012000 0.997498
0.016000 0.997556
0.020000 0.997613
0.024000 0.997669
0.028000 0.997725
0.032000 0.997780
0.036000 0.997835
0.040000 0.997888
0.044000 0.997942
0.048000 0.997994
0.052000 0.998046
0.056000 0.998097
0.060000 0.998147
0.064000 0.998197
0.068000 0.998245
0.072000 0.998294
0.076000 0.998341
0.080000 0.998387
0.084000 0.998433
0.088000 0.998478
0.092000 0.998522
0.096000 0.998565
0.100000 0.998608
0.104000 0.998649
0.108000 0.998690
0.112000 0.998730
0.116000 0.998769
0.120000 0.998808
0.124000 0.998845
0.128000 0.998882
0.132000 0.998918
0.136000 0.998953
0.140000 0.998987
0.144000 0.999021
0.148000 0.999053
0.152000 0.999085
0.156000 0.999116
0.160000 0.999147
0.164000 0.999176
0.168000 0.999205
0.172000 0.999233
0.176000 0.999260
0.180000 0.999287
0.184000 0.999313
0.188000 0.999338
0.192000 0.999362
0.196000 0.999386
0.200000 0.999409
0.204000 0.999431
0.208000 0.999453
0.212000 0.999474
0.216000 0.999494
0.220000 0.999514
0.224000 0.999533
0.228000 0.999552
0.232000 0.999570
0.236000 0.999587
0.240000 0.999604
0.244000 0.999620
0.248000 0.999636
0.252000 0.999651
0.256000 0.999665
0.260000 0.999679
0.264000 0.999693
0.268000 0.999706
0.272000 0.999719
0.276000 0.999731
0.280000 0.999743
0.284000 0.999754
0.288000 0.999765
0.292000 0.999775
0.296000 0.999785
0.300000 0.999795
0.304000 0.999804
0.308000 0.999813
0.312000 0.999822
0.316000 0.999830
0.320000 0.999838
0.324000 0.999846
0.328000 0.999853
0.332000 0.999860
0.336000 0.999867
0.340000 0.999873
0.344000 0.999879
0.348000 0.999885
0.352000 0.999891
0.356000 0.999896
0.360000 0.999901
0.364000 0.999906
0.368000 0.999911
0.372000 0.999915
0.376000 0.999920
0.380000 0.999924
0.384000 0.999928
0.388000 0.999931
0.392000 0.999935
0.396000 0.999938
0.400000 0.999942
0.404000 0.999945
0.408000 0.999948
0.412000 0.999950
0.416000 0.999953
0.420000 0.999956
0.424000 0.999958
0.428000 0.999960
0.432000 0.999962
0.436000 0.999965
0.440000 0.999966
0.444000 0.999968
0.448000 0.999970
0.452000 0.999972
0.456000 0.999973
0.460000 0.999975
0.464000 0.999976
0.468000 0.999978
0.472000 0.999979
0.476000 0.999980
0.480000 0.999981
0.484000 0.999982
0.488000 0.999983
0.492000 0.999984
0.496000 0.999985
0.500000 0.999986
0.504000 0.999987
0.508000 0.999988
0.512000 0.999989
0.516000 0.999989
0.520000 0.999990
0.524000 0.999990
0.528000 0.999991
0.532000 0.999992
0.536000 0.999992
0.540000 0.999993
0.544000 0.999993
0.548000 0.999994
0.552000 0.999994
0.556000 0.999994
0.560000 0.999995
0.564000 0.999995
0.568000 0.999995
0.572000 0.999996
0.576000 0.999996
0.580000 0.999996
0.584000 0.999996
0.588000 0.999997
0.592000 0.999997
0.596000 0.999997
0.600000 0.999997
0.604000 0.999997
0.608000 0.999998
0.612000 0.999998
0.616000 0.999998
0.620000 0.999998
0.624000 0.999998
0.628000 0.999998
0.632000 0.999998
0.636000 0.999999
0.640000 0.999999
0.644000 0.999999
0.648000 0.999999
0.652000 0.999999
0.656000 0.999999
0.660000 0.999999
0.664000 0.999999
0.668000 0.999999
0.672000 0.999999
0.676000 0.999999
0.680000 0.999999
0.684000 0.999999
0.688000 0.999999
0.692000 0.999999
0.696000 1.000000
0.700000 1.000000
0.704000 1.000000
0.708000 1.000000
0.712000 1.000000
0.716000 1.000000
0.720000 1.000000
0.724000 1.000000
0.728000 1.000000
0.732000 1.000000
0.736000 1.000000
0.740000 1.000000
0.744000 1.000000
0.748000 1.000000
0.752000 1.000000
0.756000 1.000000
0.760000 1.000000
0.764000 1.000000
0.768000 1.000000
0.772000 1.000000
0.776000 1.000000
0.780000 1.000000
0.784000 1.000000
0.788000 1.000000
0.792000 1.000000
0.796000 1.000000
0.800000 1.000000
0.804000 1.000000
0.808000 1.000000
0.812000 1.000000
0.816000 1.000000
0.820000 1.000000
0.824000 1.000000
0.828000 1.000000
0.832000 1.000000
0.836000 1.000000
0.840000 1.000000
0.844000 1.000000
0.848000 1.000000
0.852000 1.000000
0.856000 1.000000
0.860000 1.000000
0.864000 1.000000
0.868000 1.000000
0.872000 1.000000
0.876000 1.000000
0.880000 1.000000
0.884000 1.000000
0.888000 1.000000
0.892000 1.000000
0.896000 1.000000
0.900000 1.000000
0.904000 1.000000
0.908000 1.000000
0.912000 1.000000
0.916000 1.000000
0.920000 1.000000
0.924000 1.000000
0.928000 1.000000
0.932000 1.000000
0.936000 1.000000
0.940000 1.000000
0.944000 1.000000
0.948000 1.000000
0.952000 1.000000
0.956000 1.000000
0.960000 1.000000
0.964000 1.000000
0.968000 1.000000
0.972000 1.000000
0.976000 1.000000
0.980000 1.000000
0.984000 1.000000
0.988000 1.000000
0.992000 1.000000
0.996000 1.000000
1.000000 1.000000
