-1.000000 0.992919
-0.996000 0.992919
-0.992000 0.992919
-0.988000 0.992919
-0.984000 0.992919
-0.980000 0.992919
-0.976000 0.992919
-0.972000 0.992919
-0.968000 0.992919
-0.964000 0.992919
-0.960000 0.992919
-0.956000 0.992919
-0.952000 0.992919
-0.948000 0.992919
-0.944000 0.992919
-0.940000 0.992919
-0.936000 0.992919
-0.932000 0.992919
-0.928000 0.992919
-0.924000 0.992919
-0.920000 0.992919
-0.916000 0.992919
-0.912000 0.992919
-0.908000 0.992919
-0.904000 0.992919
-0.900000 0.992919
-0.896000 0.992919
-0.892000 0.992919
-0.888000 0.992919
-0.884000 0.992919
-0.880000 0.992919
-0.876000 0.992919
-0.872000 0.992919
-0.868000 0.992919
-0.864000 0.992919
-0.860000 0.992919
-0.856000 0.992919
-0.852000 0.992919
-0.848000 0.992919
-0.844000 0.992919
-0.840000 0.992919
-0.836000 0.992919
-0.832000 0.992919
-0.828000 0.992919
-0.824000 0.992919
-0.820000 0.992919
-0.816000 0.992919
-0.812000 0.992919
-0.808000 0.992919
-0.804000 0.992919
-0.800000 0.992919
-0.796000 0.992919
-0.792000 0.992919
-0.788000 0.992919
-0.784000 0.992919
-0.780000 0.992919
-0.776000 0.992919
-0.772000 0.992919
-0.768000 0.992919
-0.764000 0.992919
-0.760000 0.992919
-0.756000 0.992919
-0.752000 0.992919
-0.748000 0.992919
-0.744000 0.992919
-0.740000 0.992919
-0.736000 0.992919
-0.732000 0.992919
-0.728000 0.992919
-0.724000 0.992919
-0.720000 0.992919
-0.716000 0.992919
-0.712000 0.992919
-0.708000 0.992919
-0.704000 0.992919
-0.700000 0.992919
-0.696000 0.992919
-0.692000 0.992919
-0.688000 0.992919
-0.684000 0.992919
-0.680000 0.992919
-0.676000 0.992919
-0.672000 0.992920
-0.668000 0.992920
-0.664000 0.992920
-0.660000 0.992920
-0.656000 0.992920
-0.652000 0.992920
-0.648000 0.992920
-0.644000 0.992920
-0.640000 0.992920
-0.636000 0.992920
-0.632000 0.992921
-0.628000 0.992921
-0.624000 0.992921
-0.620000 0.992921
-0.616000 0.992921
-0.612000 0.992922
-0.608000 0.992922
-0.604000 0.992922
-0.600000 0.992922
-0.596000 0.992923
-0.592000 0.992923
-0.588000 0.992924
-0.584000 0.992924
-0.580000 0.992925
-0.576000 0.992925
-0.572000 0.992926
-0.568000 0.992926
-0.564000 0.992927
-0.560000 0.992928
-0.556000 0.992929
-0.552000 0.992929
-0.548000 0.992930
-0.544000 0.992931
-0.540000 0.992932
-0.536000 0.992934
-0.532000 0.992935
-0.528000 0.992936
-0.524000 0.992938
-0.520000 0.992939
-0.516000 0.992941
-0.512000 0.992943
-0.508000 0.992945
-0.504000 0.992947
-0.500000 0.992949
-0.496000 0.992952
-0.492000 0.992954
-0.488000 0.992957
-0.484000 0.992960
-0.480000 0.992963
-0.476000 0.992966
-0.472000 0.992970
-0.468000 0.992973
-0.464000 0.992977
-0.460000 0.992982
-0.456000 0.992986
-0.452000 0.992991
-0.448000 0.992996
-0.444000 0.993001
-0.440000 0.993007
-0.436000 0.993013
-0.432000 0.993019
-0.428000 0.993026
-0.424000 0.993033
-0.420000 0.993040
-0.416000 0.993048
-0.412000 0.993057
-0.408000 0.993065
-0.404000 0.993074
-0.400000 0.993084
-0.396000 0.993094
-0.392000 0.993105
-0.388000 0.993116
-0.384000 0.993127
-0.380000 0.993139
-0.376000 0.993152
-0.372000 0.993165
-0.368000 0.993179
-0.364000 0.993194
-0.360000 0.993209
-0.356000 0.993225
-0.352000 0.993241
-0.348000 0.993258
-0.344000 0.993276
-0.340000 0.993295
-0.336000 0.993314
-0.332000 0.993334
-0.328000 0.993355
-0.324000 0.993376
-0.320000 0.993399
-0.316000 0.993422
-0.312000 0.993446
-0.308000 0.993470
-0.304000 0.993496
-0.300000 0.993522
-0.296000 0.993550
-0.292000 0.993578
-0.288000 0.993607
-0.284000 0.993637
-0.280000 0.993668
-0.276000 0.993699
-0.272000 0.993732
-0.268000 0.993766
-0.264000 0.993800
-0.260000 0.993836
-0.256000 0.993872
-0.252000 0.993909
-0.248000 0.993947
-0.244000 0.993986
-0.240000 0.994026
-0.236000 0.994067
-0.232000 0.994109
-0.228000 0.994152
-0.224000 0.994196
-0.220000 0.994240
-0.216000 0.994286
-0.212000 0.994332
-0.208000 0.994379
-0.204000 0.994427
-0.200000 0.994476
-0.196000 0.994526
-0.192000 0.994576
-0.188000 0.994628
-0.184000 0.994680
-0.180000 0.994733
-0.176000 0.994787
-0.172000 0.994841
-0.168000 0.994896
-0.164000 0.994952
-0.160000 0.995008
-0.156000 0.995065
-0.152000 0.995123
-0.148000 0.995181
-0.144000 0.995240
-0.140000 0.995299
-0.136000 0.995359
-0.132000 0.995419
-0.128000 0.995480
-0.124000 0.995541
-0.120000 0.995603
-0.116000 0.995665
-0.112000 0.995727
-0.108000 0.995790
-0.104000 0.995853
-0.100000 0.995916
-0.096000 0.995979
-0.092000 0.996042
-0.088000 0.996106
-0.084000 0.996170
-0.080000 0.996233
-0.076000 0.996297
-0.072000 0.996361
-0.068000 0.996425
-0.064000 0.996488
-0.060000 0.996552
-0.056000 0.996615
-0.052000 0.996679
-0.048000 0.996742
-0.044000 0.996805
-0.040000 0.996867
-0.036000 0.996930
-0.032000 0.996992
-0.028000 0.997053
-0.024000 0.997115
-0.020000 0.997176
-0.016000 0.997236
-0.012000 0.997296
-0.008000 0.997356
-0.004000 0.997415
0.000000 0.997474
0.004000 0.997532
0.008000 0.997589
0.012000 0.997646
0.016000 0.997703
0.020000 0.997758
0.024000 0.997814
0.028000 0.997868
0.032000 0.997922
0.036000 0.997975
0.040000 0.998027
0.044000 0.998079
0.048000 0.998129
0.052000 0.998179
0.056000 0.998229
0.060000 0.998277
0.064000 0.998325
0.068000 0.998372
0.072000 0.998418
0.076000 0.998464
0.080000 0.998508
0.084000 0.998552
0.088000 0.998595
0.092000 0.998637
0.096000 0.998678
0.100000 0.998719
0.104000 0.998758
0.108000 0.998797
0.112000 0.998835
0.116000 0.998872
0.120000 0.998909
0.124000 0.998944
0.128000 0.998979
0.132000 0.999013
0.136000 0.999046
0.140000 0.999078
0.144000 0.999109
0.148000 0.999140
0.152000 0.999170
0.156000 0.999199
0.160000 0.999227
0.164000 0.999255
0.168000 0.999282
0.172000 0.999308
0.176000 0.999333
0.180000 0.999358
0.184000 0.999382
0.188000 0.999405
0.192000 0.999428
0.196000 0.999450
0.200000 0.999471
0.204000 0.999491
0.208000 0.999511
0.212000 0.999531
0.216000 0.999549
0.220000 0.999567
0.224000 0.999585
0.228000 0.999602
0.232000 0.999618
0.236000 0.999634
0.240000 0.999649
0.244000 0.999664
0.248000 0.999678
0.252000 0.999692
0.256000 0.999705
0.260000 0.999718
0.264000 0.999730
0.268000 0.999742
0.272000 0.999753
0.276000 0.999764
0.280000 0.999775
0.284000 0.999785
0.288000 0.999795
0.292000 0.999804
0.296000 0.999813
0.300000 0.999822
0.304000 0.999830
0.308000 0.999838
0.312000 0.999846
0.316000 0.999853
0.320000 0.999860
0.324000 0.999867
0.328000 0.999873
0.332000 0.999879
0.336000 0.999885
0.340000 0.999891
0.344000 0.999896
0.348000 0.999901
0.352000 0.999906
0.356000 0.999911
0.360000 0.999916
0.364000 0.999920
0.368000 0.999924
0.372000 0.999928
0.376000 0.999932
0.380000 0.999935
0.384000 0.999939
0.388000 0.999942
0.392000 0.999945
0.396000 0.999948
0.400000 0.999951
0.404000 0.999953
0.408000 0.999956
0.412000 0.999958
0.416000 0.999961
0.420000 0.999963
0.424000 0.999965
0.428000 0.999967
0.432000 0.999969
0.436000 0.999970
0.440000 0.999972
0.444000 0.999974
0.448000 0.999975
0.452000 0.999977
0.456000 0.999978
0.460000 0.999979
0.464000 0.999980
0.468000 0.999981
0.472000 0.999983
0.476000 0.999984
0.480000 0.999985
0.484000 0.999985
0.488000 0.999986
0.492000 0.999987
0.496000 0.999988
0.500000 0.999989
0.504000 0.999989
0.508000 0.999990
0.512000 0.999991
0.516000 0.999991
0.520000 0.999992
0.524000 0.999992
0.528000 0.999993
0.532000 0.999993
0.536000 0.999994
0.540000 0.999994
0.544000 0.999994
0.548000 0.999995
0.552000 0.999995
0.556000 0.999995
0.560000 0.999996
0.564000 0.999996
0.568000 0.999996
0.572000 0.999996
0.576000 0.999997
0.580000 0.999997
0.584000 0.999997
0.588000 0.999997
0.592000 0.999997
0.596000 0.999998
0.600000 0.999998
0.604000 0.999998
0.608000 0.999998
0.612000 0.999998
0.616000 0.999998
0.620000 0.999998
0.624000 0.999999
0.628000 0.999999
0.632000 0.999999
0.636000 0.999999
0.640000 0.999999
0.644000 0.999999
0.648000 0.999999
0.652000 0.999999
0.656000 0.999999
0.660000 0.999999
0.664000 0.999999
0.668000 0.999999
0.672000 0.999999
0.676000 0.999999
0.680000 0.999999
0.684000 1.000000
0.688000 1.000000
0.692000 1.000000
0.696000 1.000000
0.700000 1.000000
0.704000 1.000000
0.708000 1.000000
0.712000 1.000000
0.716000 1.000000
0.720000 1.000000
0.724000 1.000000
0.728000 1.000000
0.732000 1.000000
0.736000 1.000000
0.740000 1.000000
0.744000 1.000000
0.748000 1.000000
0.752000 1.000000
0.756000 1.000000
0.760000 1.000000
0.764000 1.000000
0.768000 1.000000
0.772000 1.000000
0.776000 1.000000
0.780000 1.000000
0.784000 1.000000
0.788000 1.000000
0.792000 1.000000
0.796000 1.000000
0.800000 1.000000
0.804000 1.000000
0.808000 1.000000
0.812000 1.000000
0.816000 1.000000
0.820000 1.000000
0.824000 1.000000
0.828000 1.000000
0.832000 1.000000
0.836000 1.000000
0.840000 1.000000
0.844000 1.000000
0.848000 1.000000
0.852000 1.000000
0.856000 1.000000
0.860000 1.000000
0.864000 1.000000
0.868000 1.000000
0.872000 1.000000
0.876000 1.000000
0.880000 1.000000
0.884000 1.000000
0.888000 1.000000
0.892000 1.000000
0.896000 1.000000
0.900000 1.000000
0.904000 1.000000
0.908000 1.000000
0.912000 1.000000
0.916000 1.000000
0.920000 1.000000
0.924000 1.000000
0.928000 1.000000
0.932000 1.000000
0.936000 1.000000
0.940000 1.000000
0.944000 1.000000
0.948000 1.000000
0.952000 1.000000
0.956000 1.000000
0.960000 1.000000
0.964000 1.000000
0.968000 1.000000
0.972000 1.000000
0.976000 1.000000
0.980000 1.000000
0.984000 1.000000
0.988000 1.000000
0.992000 1.000000
0.996000 1.000000
1.000000 1.000000
