-1.000000 0.992919
-0.996000 0.992919
-0.992000 0.992919
-0.988000 0.992919
-0.984000 0.992919
-0.980000 0.992919
-0.976000 0.992919
-0.972000 0.992919
-0.968000 0.992919
-0.964000 0.992919
-0.960000 0.992919
-0.956000 0.992919
-0.952000 0.992919
-0.948000 0.992919
-0.944000 0.992919
-0.940000 0.992919
-0.936000 0.992919
-0.932000 0.992919
-0.928000 0.992919
-0.924000 0.992919
-0.920000 0.992919
-0.916000 0.992919
-0.912000 0.992919
-0.908000 0.992919
-0.904000 0.992919
-0.900000 0.992919
-0.896000 0.992919
-0.892000 0.992919
-0.888000 0.992919
-0.884000 0.992919
-0.880000 0.992919
-0.876000 0.992919
-0.872000 0.992919
-0.868000 0.992919
-0.864000 0.992919
-0.860000 0.992919
-0.856000 0.992919
-0.852000 0.992919
-0.848000 0.992919
-0.844000 0.992919
-0.840000 0.992919
-0.836000 0.992919
-0.832000 0.992919
-0.828000 0.992919
-0.824000 0.992919
-0.820000 0.992919
-0.816000 0.992919
-0.812000 0.992919
-0.808000 0.992919
-0.804000 0.992919
-0.800000 0.992919
-0.796000 0.992919
-0.792000 0.992919
-0.788000 0.992919
-0.784000 0.992919
-0.780000 0.992919
-0.776000 0.992919
-0.772000 0.992919
-0.768000 0.992919
-0.764000 0.992919
-0.760000 0.992919
-0.756000 0.992919
-0.752000 0.992919
-0.748000 0.992919
-0.744000 0.992919
-0.740000 0.992919
-0.736000 0.992919
-0.732000 0.992919
-0.728000 0.992919
-0.724000 0.992919
-0.720000 0.992919
-0.716000 0.992919
-0.712000 0.992919
-0.708000 0.992919
-0.704000 0.992919
-0.700000 0.992919
-0.696000 0.992919
-0.692000 0.992919
-0.688000 0.992919
-0.684000 0.992919
-0.680000 0.992919
-0.676000 0.992919
-0.672000 0.992919
-0.668000 0.992919
-0.664000 0.992919
-0.660000 0.992919
-0.656000 0.992919
-0.652000 0.992919
-0.648000 0.992919
-0.644000 0.992919
-0.640000 0.992920
-0.636000 0.992920
-0.632000 0.992920
-0.628000 0.992920
-0.624000 0.992920
-0.620000 0.992920
-0.616000 0.992920
-0.612000 0.992920
-0.608000 0.992920
-0.604000 0.992920
-0.600000 0.992921
-0.596000 0.992921
-0.592000 0.992921
-0.588000 0.992921
-0.584000 0.992921
-0.580000 0.992922
-0.576000 0.992922
-0.572000 0.992922
-0.568000 0.992922
-0.564000 0.992923
-0.560000 0.992923
-0.556000 0.992923
-0.552000 0.992924
-0.548000 0.992924
-0.544000 0.992925
-0.540000 0.992925
-0.536000 0.992926
-0.532000 0.992926
-0.528000 0.992927
-0.524000 0.992928
-0.520000 0.992929
-0.516000 0.992930
-0.512000 0.992930
-0.508000 0.992931
-0.504000 0.992933
-0.500000 0.992934
-0.496000 0.992935
-0.492000 0.992936
-0.488000 0.992938
-0.484000 0.992939
-0.480000 0.992941
-0.476000 0.992943
-0.472000 0.992944
-0.468000 0.992946
-0.464000 0.992948
-0.460000 0.992951
-0.456000 0.992953
-0.452000 0.992956
-0.448000 0.992959
-0.444000 0.992961
-0.440000 0.992965
-0.436000 0.992968
-0.432000 0.992971
-0.428000 0.992975
-0.424000 0.992979
-0.420000 0.992983
-0.416000 0.992988
-0.412000 0.992993
-0.408000 0.992998
-0.404000 0.993003
-0.400000 0.993008
-0.396000 0.993014
-0.392000 0.993020
-0.388000 0.993027
-0.384000 0.993034
-0.380000 0.993041
-0.376000 0.993049
-0.372000 0.993057
-0.368000 0.993065
-0.364000 0.993074
-0.360000 0.993083
-0.356000 0.993093
-0.352000 0.993103
-0.348000 0.993114
-0.344000 0.993125
-0.340000 0.993137
-0.336000 0.993149
-0.332000 0.993162
-0.328000 0.993175
-0.324000 0.993189
-0.320000 0.993204
-0.316000 0.993219
-0.312000 0.993234
-0.308000 0.993251
-0.304000 0.993268
-0.300000 0.993285
-0.296000 0.993304
-0.292000 0.993323
-0.288000 0.993343
-0.284000 0.993363
-0.280000 0.993384
-0.276000 0.993406
-0.272000 0.993429
-0.268000 0.993452
-0.264000 0.993477
-0.260000 0.993502
-0.256000 0.993528
-0.252000 0.993554
-0.248000 0.993582
-0.244000 0.993610
-0.240000 0.993639
-0.236000 0.993669
-0.232000 0.993700
-0.228000 0.993732
-0.224000 0.993764
-0.220000 0.993798
-0.216000 0.993832
-0.212000 0.993867
-0.208000 0.993903
-0.204000 0.993940
-0.200000 0.993978
-0.196000 0.994017
-0.192000 0.994057
-0.188000 0.994097
-0.184000 0.994138
-0.180000 0.994180
-0.176000 0.994223
-0.172000 0.994267
-0.168000 0.994312
-0.164000 0.994358
-0.160000 0.994404
-0.156000 0.994451
-0.152000 0.994499
-0.148000 0.994548
-0.144000 0.994597
-0.140000 0.994647
-0.136000 0.994698
-0.132000 0.994750
-0.128000 0.994803
-0.124000 0.994856
-0.120000 0.994909
-0.116000 0.994964
-0.112000 0.995019
-0.108000 0.995074
-0.104000 0.995131
-0.100000 0.995187
-0.096000 0.995245
-0.092000 0.995302
-0.088000 0.995361
-0.084000 0.995419
-0.080000 0.995478
-0.076000 0.995538
-0.072000 0.995598
-0.068000 0.995658
-0.064000 0.995719
-0.060000 0.995779
-0.056000 0.995841
-0.052000 0.995902
-0.048000 0.995963
-0.044000 0.996025
-0.040000 0.996087
-0.036000 0.996149
-0.032000 0.996211
-0.028000 0.996273
-0.024000 0.996335
-0.020000 0.996397
-0.016000 0.996459
-0.012000 0.996521
-0.008000 0.996583
-0.004000 0.996645
0.000000 0.996706
0.004000 0.996767
0.008000 0.996829
0.012000 0.996890
0.016000 0.996950
0.020000 0.997011
0.024000 0.997071
0.028000 0.997130
0.032000 0.997189
0.036000 0.997248
0.040000 0.997307
0.044000 0.997365
0.048000 0.997422
0.052000 0.997479
0.056000 0.997536
0.060000 0.997592
0.064000 0.997647
0.068000 0.997702
0.072000 0.997757
0.076000 0.997810
0.080000 0.997863
0.084000 0.997916
0.088000 0.997967
0.092000 0.998018
0.096000 0.998069
0.100000 0.998119
0.104000 0.998168
0.108000 0.998216
0.112000 0.998263
0.116000 0.998310
0.120000 0.998356
0.124000 0.998401
0.128000 0.998446
0.132000 0.998490
0.136000 0.998533
0.140000 0.998575
0.144000 0.998616
0.148000 0.998657
0.152000 0.998697
0.156000 0.998736
0.160000 0.998774
0.164000 0.998812
0.168000 0.998848
0.172000 0.998884
0.176000 0.998920
0.180000 0.998954
0.184000 0.998987
0.188000 0.999020
0.192000 0.999052
0.196000 0.999084
0.200000 0.999114
0.204000 0.999144
0.208000 0.999173
0.212000 0.999201
0.216000 0.999229
0.220000 0.999256
0.224000 0.999282
0.228000 0.999307
0.232000 0.999332
0.236000 0.999356
0.240000 0.999380
0.244000 0.999402
0.248000 0.999425
0.252000 0.999446
0.256000 0.999467
0.260000 0.999487
0.264000 0.999507
0.268000 0.999526
0.272000 0.999544
0.276000 0.999562
0.280000 0.999579
0.284000 0.999596
0.288000 0.999612
0.292000 0.999628
0.296000 0.999643
0.300000 0.999657
0.304000 0.999671
0.308000 0.999685
0.312000 0.999698
0.316000 0.999711
0.320000 0.999723
0.324000 0.999735
0.328000 0.999746
0.332000 0.999757
0.336000 0.999768
0.340000 0.999778
0.344000 0.999788
0.348000 0.999797
0.352000 0.999806
0.356000 0.999815
0.360000 0.999823
0.364000 0.999831
0.368000 0.999839
0.372000 0.999846
0.376000 0.999854
0.380000 0.999860
0.384000 0.999867
0.388000 0.999873
0.392000 0.999879
0.396000 0.999885
0.400000 0.999891
0.404000 0.999896
0.408000 0.999901
0.412000 0.999906
0.416000 0.999910
0.420000 0.999915
0.424000 0.999919
0.428000 0.999923
0.432000 0.999927
0.436000 0.999931
0.440000 0.999934
0.444000 0.999938
0.448000 0.999941
0.452000 0.999944
0.456000 0.999947
0.460000 0.999950
0.464000 0.999952
0.468000 0.999955
0.472000 0.999957
0.476000 0.999959
0.480000 0.999962
0.484000 0.999964
0.488000 0.999966
0.492000 0.999968
0.496000 0.999969
0.500000 0.999971
0.504000 0.999973
0.508000 0.999974
0.512000 0.999976
0.516000 0.999977
0.520000 0.999978
0.524000 0.999979
0.528000 0.999981
0.532000 0.999982
0.536000 0.999983
0.540000 0.999984
0.544000 0.999985
0.548000 0.999986
0.552000 0.999986
0.556000 0.999987
0.560000 0.999988
0.564000 0.999989
0.568000 0.999989
0.572000 0.999990
0.576000 0.999991
0.580000 0.999991
0.584000 0.999992
0.588000 0.999992
0.592000 0.999993
0.596000 0.999993
0.600000 0.999994
0.604000 0.999994
0.608000 0.999994
0.612000 0.999995
0.616000 0.999995
0.620000 0.999995
0.624000 0.999996
0.628000 0.999996
0.632000 0.999996
0.636000 0.999996
0.640000 0.999997
0.644000 0.999997
0.648000 0.999997
0.652000 0.999997
0.656000 0.999997
0.660000 0.999998
0.664000 0.999998
0.668000 0.999998
0.672000 0.999998
0.676000 0.999998
0.680000 0.999998
0.684000 0.999998
0.688000 0.999999
0.692000 0.999999
0.696000 0.999999
0.700000 0.999999
0.704000 0.999999
0.708000 0.999999
0.712000 0.999999
0.716000 0.999999
0.720000 0.999999
0.724000 0.999999
0.728000 0.999999
0.732000 0.999999
0.736000 0.999999
0.740000 0.999999
0.744000 0.999999
0.748000 0.999999
0.752000 1.000000
0.756000 1.000000
0.760000 1.000000
0.764000 1.000000
0.768000 1.000000
0.772000 1.000000
0.776000 1.000000
0.780000 1.000000
0.784000 1.000000
0.788000 1.000000
0.792000 1.000000
0.796000 1.000000
0.800000 1.000000
0.804000 1.000000
0.808000 1.000000
0.812000 1.000000
0.816000 1.000000
0.820000 1.000000
0.824000 1.000000
0.828000 1.000000
0.832000 1.000000
0.836000 1.000000
0.840000 1.000000
0.844000 1.000000
0.848000 1.000000
0.852000 1.000000
0.856000 1.000000
0.860000 1.000000
0.864000 1.000000
0.868000 1.000000
0.872000 1.000000
0.876000 1.000000
0.880000 1.000000
0.884000 1.000000
0.888000 1.000000
0.892000 1.000000
0.896000 1.000000
0.900000 1.000000
0.904000 1.000000
0.908000 1.000000
0.912000 1.000000
0.916000 1.000000
0.920000 1.000000
0.924000 1.000000
0.928000 1.000000
0.932000 1.000000
0.936000 1.000000
0.940000 1.000000
0.944000 1.000000
0.948000 1.000000
0.952000 1.000000
0.956000 1.000000
0.960000 1.000000
0.964000 1.000000
0.968000 1.000000
0.972000 1.000000
0.976000 1.000000
0.980000 1.000000
0.984000 1.000000
0.988000 1.000000
0.992000 1.000000
0.996000 1.000000
1.000000 1.000000
