-1.000000 0.992919
-0.996000 0.992919
-0.992000 0.992919
-0.988000 0.992919
-0.984000 0.992919
-0.980000 0.992919
-0.976000 0.992919
-0.972000 0.992919
-0.968000 0.992919
-0.964000 0.992919
-0.960000 0.992919
-0.956000 0.992919
-0.952000 0.992919
-0.948000 0.992919
-0.944000 0.992919
-0.940000 0.992919
-0.936000 0.992919
-0.932000 0.992919
-0.928000 0.992919
-0.924000 0.992919
-0.920000 0.992919
-0.916000 0.992919
-0.912000 0.992919
-0.908000 0.992919
-0.904000 0.992919
-0.900000 0.992919
-0.896000 0.992919
-0.892000 0.992919
-0.888000 0.992919
-0.884000 0.992919
-0.880000 0.992919
-0.876000 0.992919
-0.872000 0.992919
-0.868000 0.992919
-0.864000 0.992919
-0.860000 0.992919
-0.856000 0.992919
-0.852000 0.992919
-0.848000 0.992919
-0.844000 0.992919
-0.840000 0.992919
-0.836000 0.992919
-0.832000 0.992919
-0.828000 0.992919
-0.824000 0.992919
-0.820000 0.992919
-0.816000 0.992919
-0.812000 0.992919
-0.808000 0.992919
-0.804000 0.992919
-0.800000 0.992919
-0.796000 0.992919
-0.792000 0.992919
-0.788000 0.992919
-0.784000 0.992919
-0.780000 0.992919
-0.776000 0.992919
-0.772000 0.992919
-0.768000 0.992919
-0.764000 0.992919
-0.760000 0.992919
-0.756000 0.992919
-0.752000 0.992919
-0.748000 0.992919
-0.744000 0.992919
-0.740000 0.992919
-0.736000 0.992919
-0.732000 0.992919
-0.728000 0.992919
-0.724000 0.992919
-0.720000 0.992919
-0.716000 0.992919
-0.712000 0.992919
-0.708000 0.992919
-0.704000 0.992919
-0.700000 0.992919
-0.696000 0.992919
-0.692000 0.992919
-0.688000 0.992919
-0.684000 0.992919
-0.680000 0.992919
-0.676000 0.992919
-0.672000 0.992919
-0.668000 0.992919
-0.664000 0.992919
-0.660000 0.992919
-0.656000 0.992919
-0.652000 0.992919
-0.648000 0.992919
-0.644000 0.992919
-0.640000 0.992919
-0.636000 0.992920
-0.632000 0.992920
-0.628000 0.992920
-0.624000 0.992920
-0.620000 0.992920
-0.616000 0.992920
-0.612000 0.992920
-0.608000 0.992920
-0.604000 0.992920
-0.600000 0.992920
-0.596000 0.992920
-0.592000 0.992921
-0.588000 0.992921
-0.584000 0.992921
-0.580000 0.992921
-0.576000 0.992921
-0.572000 0.992922
-0.568000 0.992922
-0.564000 0.992922
-0.560000 0.992922
-0.556000 0.992923
-0.552000 0.992923
-0.548000 0.992924
-0.544000 0.992924
-0.540000 0.992924
-0.536000 0.992925
-0.532000 0.992925
-0.528000 0.992926
-0.524000 0.992927
-0.520000 0.992927
-0.516000 0.992928
-0.512000 0.992929
-0.508000 0.992930
-0.504000 0.992931
-0.500000 0.992932
-0.496000 0.992933
-0.492000 0.992934
-0.488000 0.992935
-0.484000 0.992936
-0.480000 0.992938
-0.476000 0.992939
-0.472000 0.992941
-0.468000 0.992943
-0.464000 0.992945
-0.460000 0.992947
-0.456000 0.992949
-0.452000 0.992951
-0.448000 0.992954
-0.444000 0.992956
-0.440000 0.992959
-0.436000 0.992962
-0.432000 0.992965
-0.428000 0.992968
-0.424000 0.992972
-0.420000 0.992975
-0.416000 0.992979
-0.412000 0.992984
-0.408000 0.992988
-0.404000 0.992993
-0.400000 0.992998
-0.396000 0.993003
-0.392000 0.993009
-0.388000 0.993014
-0.384000 0.993021
-0.380000 0.993027
-0.376000 0.993034
-0.372000 0.993041
-0.368000 0.993049
-0.364000 0.993057
-0.360000 0.993065
-0.356000 0.993074
-0.352000 0.993083
-0.348000 0.993093
-0.344000 0.993103
-0.340000 0.993114
-0.336000 0.993125
-0.332000 0.993136
-0.328000 0.993148
-0.324000 0.993161
-0.320000 0.993174
-0.316000 0.993188
-0.312000 0.993202
-0.308000 0.993217
-0.304000 0.993233
-0.300000 0.993249
-0.296000 0.993266
-0.292000 0.993284
-0.288000 0.993302
-0.284000 0.993321
-0.280000 0.993340
-0.276000 0.993360
-0.272000 0.993381
-0.268000 0.993403
-0.264000 0.993426
-0.260000 0.993449
-0.256000 0.993473
-0.252000 0.993498
-0.248000 0.993523
-0.244000 0.993550
-0.240000 0.993577
-0.236000 0.993605
-0.232000 0.993634
-0.228000 0.993663
-0.224000 0.993694
-0.220000 0.993725
-0.216000 0.993757
-0.212000 0.993791
-0.208000 0.993825
-0.204000 0.993859
-0.200000 0.993895
-0.196000 0.993932
-0.192000 0.993969
-0.188000 0.994007
-0.184000 0.994046
-0.180000 0.994086
-0.176000 0.994127
-0.172000 0.994169
-0.168000 0.994211
-0.164000 0.994255
-0.160000 0.994299
-0.156000 0.994344
-0.152000 0.994390
-0.148000 0.994437
-0.144000 0.994484
-0.140000 0.994532
-0.136000 0.994581
-0.132000 0.994631
-0.128000 0.994681
-0.124000 0.994733
-0.120000 0.994785
-0.116000 0.994837
-0.112000 0.994890
-0.108000 0.994944
-0.104000 0.994999
-0.100000 0.995054
-0.096000 0.995109
-0.092000 0.995166
-0.088000 0.995222
-0.084000 0.995280
-0.080000 0.995338
-0.076000 0.995396
-0.072000 0.995454
-0.068000 0.995513
-0.064000 0.995573
-0.060000 0.995633
-0.056000 0.995693
-0.052000 0.995753
-0.048000 0.995814
-0.044000 0.995875
-0.040000 0.995936
-0.036000 0.995997
-0.032000 0.996059
-0.028000 0.996120
-0.024000 0.996182
-0.020000 0.996243
-0.016000 0.996305
-0.012000 0.996367
-0.008000 0.996429
-0.004000 0.996490
0.000000 0.996552
0.004000 0.996613
0.008000 0.996675
0.012000 0.996736
0.016000 0.996797
0.020000 0.996858
0.024000 0.996918
0.028000 0.996978
0.032000 0.997038
0.036000 0.997098
0.040000 0.997157
0.044000 0.997216
0.048000 0.997274
0.052000 0.997332
0.056000 0.997390
0.060000 0.997447
0.064000 0.997503
0.068000 0.997559
0.072000 0.997615
0.076000 0.997670
0.080000 0.997724
0.084000 0.997778
0.088000 0.997831
0.092000 0.997883
0.096000 0.997935
0.100000 0.997987
0.104000 0.998037
0.108000 0.998087
0.112000 0.998136
0.116000 0.998185
0.120000 0.998232
0.124000 0.998279
0.128000 0.998326
0.132000 0.998371
0.136000 0.998416
0.140000 0.998460
0.144000 0.998503
0.148000 0.998546
0.152000 0.998588
0.156000 0.998629
0.160000 0.998669
0.164000 0.998708
0.168000 0.998747
0.172000 0.998785
0.176000 0.998822
0.180000 0.998858
0.184000 0.998894
0.188000 0.998929
0.192000 0.998963
0.196000 0.998996
0.200000 0.999028
0.204000 0.999060
0.208000 0.999091
0.212000 0.999121
0.216000 0.999151
0.220000 0.999180
0.224000 0.999208
0.228000 0.999235
0.232000 0.999261
0.236000 0.999287
0.240000 0.999313
0.244000 0.999337
0.248000 0.999361
0.252000 0.999384
0.256000 0.999407
0.260000 0.999428
0.264000 0.999450
0.268000 0.999470
0.272000 0.999490
0.276000 0.999510
0.280000 0.999528
0.284000 0.999547
0.288000 0.999564
0.292000 0.999581
0.296000 0.999598
0.300000 0.999614
0.304000 0.999629
0.308000 0.999644
0.312000 0.999659
0.316000 0.999673
0.320000 0.999686
0.324000 0.999699
0.328000 0.999712
0.332000 0.999724
0.336000 0.999736
0.340000 0.999747
0.344000 0.999758
0.348000 0.999769
0.352000 0.999779
0.356000 0.999788
0.360000 0.999798
0.364000 0.999807
0.368000 0.999815
0.372000 0.999824
0.376000 0.999832
0.380000 0.999839
0.384000 0.999847
0.388000 0.999854
0.392000 0.999861
0.396000 0.999867
0.400000 0.999873
0.404000 0.999879
0.408000 0.999885
0.412000 0.999891
0.416000 0.999896
0.420000 0.999901
0.424000 0.999906
0.428000 0.999910
0.432000 0.999915
0.436000 0.999919
0.440000 0.999923
0.444000 0.999927
0.448000 0.999931
0.452000 0.999934
0.456000 0.999937
0.460000 0.999941
0.464000 0.999944
0.468000 0.999947
0.472000 0.999949
0.476000 0.999952
0.480000 0.999955
0.484000 0.999957
0.488000 0.999959
0.492000 0.999961
0.496000 0.999963
0.500000 0.999965
0.504000 0.999967
0.508000 0.999969
0.512000 0.999971
0.516000 0.999972
0.520000 0.999974
0.524000 0.999975
0.528000 0.999977
0.532000 0.999978
0.536000 0.999979
0.540000 0.999980
0.544000 0.999982
0.548000 0.999983
0.552000 0.999984
0.556000 0.999985
0.560000 0.999985
0.564000 0.999986
0.568000 0.999987
0.572000 0.999988
0.576000 0.999989
0.580000 0.999989
0.584000 0.999990
0.588000 0.999990
0.592000 0.999991
0.596000 0.999992
0.600000 0.999992
0.604000 0.999993
0.608000 0.999993
0.612000 0.999993
0.616000 0.999994
0.620000 0.999994
0.624000 0.999995
0.628000 0.999995
0.632000 0.999995
0.636000 0.999996
0.640000 0.999996
0.644000 0.999996
0.648000 0.999996
0.652000 0.999997
0.656000 0.999997
0.660000 0.999997
0.664000 0.999997
0.668000 0.999997
0.672000 0.999998
0.676000 0.999998
0.680000 0.999998
0.684000 0.999998
0.688000 0.999998
0.692000 0.999998
0.696000 0.999998
0.700000 0.999998
0.704000 0.999999
0.708000 0.999999
0.712000 0.999999
0.716000 0.999999
0.720000 0.999999
0.724000 0.999999
0.728000 0.999999
0.732000 0.999999
0.736000 0.999999
0.740000 0.999999
0.744000 0.999999
0.748000 0.999999
0.752000 0.999999
0.756000 0.999999
0.760000 0.999999
0.764000 1.000000
0.768000 1.000000
0.772000 1.000000
0.776000 1.000000
0.780000 1.000000
0.784000 1.000000
0.788000 1.000000
0.792000 1.000000
0.796000 1.000000
0.800000 1.000000
0.804000 1.000000
0.808000 1.000000
0.812000 1.000000
0.816000 1.000000
0.820000 1.000000
0.824000 1.000000
0.828000 1.000000
0.832000 1.000000
0.836000 1.000000
0.840000 1.000000
0.844000 1.000000
0.848000 1.000000
0.852000 1.000000
0.856000 1.000000
0.860000 1.000000
0.864000 1.000000
0.868000 1.000000
0.872000 1.000000
0.876000 1.000000
0.880000 1.000000
0.884000 1.000000
0.888000 1.000000
0.892000 1.000000
0.896000 1.000000
0.900000 1.000000
0.904000 1.000000
0.908000 1.000000
0.912000 1.000000
0.916000 1.000000
0.920000 1.000000
0.924000 1.000000
0.928000 1.000000
0.932000 1.000000
0.936000 1.000000
0.940000 1.000000
0.944000 1.000000
0.948000 1.000000
0.952000 1.000000
0.956000 1.000000
0.960000 1.000000
0.964000 1.000000
0.968000 1.000000
0.972000 1.000000
0.976000 1.000000
0.980000 1.000000
0.984000 1.000000
0.988000 1.000000
0.992000 1.000000
0.996000 1.000000
1.000000 1.000000
