-1.000000 0.992919
-0.996000 0.992919
-0.992000 0.992919
-0.988000 0.992919
-0.984000 0.992919
-0.980000 0.992919
-0.976000 0.992919
-0.972000 0.992919
-0.968000 0.992919
-0.964000 0.992919
-0.960000 0.992919
-0.956000 0.992919
-0.952000 0.992919
-0.948000 0.992919
-0.944000 0.992919
-0.940000 0.992919
-0.936000 0.992919
-0.932000 0.992919
-0.928000 0.992919
-0.924000 0.992919
-0.920000 0.992919
-0.916000 0.992919
-0.912000 0.992919
-0.908000 0.992919
-0.904000 0.992919
-0.900000 0.992919
-0.896000 0.992919
-0.892000 0.992919
-0.888000 0.992919
-0.884000 0.992919
-0.880000 0.992919
-0.876000 0.992919
-0.872000 0.992919
-0.868000 0.992919
-0.864000 0.992919
-0.860000 0.992919
-0.856000 0.992919
-0.852000 0.992919
-0.848000 0.992919
-0.844000 0.992919
-0.840000 0.992919
-0.836000 0.992919
-0.832000 0.992919
-0.828000 0.992919
-0.824000 0.992919
-0.820000 0.992919
-0.816000 0.992919
-0.812000 0.992919
-0.808000 0.992919
-0.804000 0.992919
-0.800000 0.992919
-0.796000 0.992919
-0.792000 0.992919
-0.788000 0.992919
-0.784000 0.992919
-0.780000 0.992919
-0.776000 0.992919
-0.772000 0.992919
-0.768000 0.992919
-0.764000 0.992919
-0.760000 0.992919
-0.756000 0.992919
-0.752000 0.992919
-0.748000 0.992919
-0.744000 0.992919
-0.740000 0.992919
-0.736000 0.992919
-0.732000 0.992919
-0.728000 0.992919
-0.724000 0.992919
-0.720000 0.992919
-0.716000 0.992919
-0.712000 0.992919
-0.708000 0.992919
-0.704000 0.992919
-0.700000 0.992919
-0.696000 0.992919
-0.692000 0.992919
-0.688000 0.992919
-0.684000 0.992919
-0.680000 0.992919
-0.676000 0.992919
-0.672000 0.992919
-0.668000 0.992919
-0.664000 0.992919
-0.660000 0.992920
-0.656000 0.992920
-0.652000 0.992920
-0.648000 0.992920
-0.644000 0.992920
-0.640000 0.992920
-0.636000 0.992920
-0.632000 0.992920
-0.628000 0.992920
-0.624000 0.992920
-0.620000 0.992921
-0.616000 0.992921
-0.612000 0.992921
-0.608000 0.992921
-0.604000 0.992921
-0.600000 0.992922
-0.596000 0.992922
-0.592000 0.992922
-0.588000 0.992922
-0.584000 0.992923
-0.580000 0.992923
-0.576000 0.992923
-0.572000 0.992924
-0.568000 0.992924
-0.564000 0.992925
-0.560000 0.992925
-0.556000 0.992926
-0.552000 0.992927
-0.548000 0.992927
-0.544000 0.992928
-0.540000 0.992929
-0.536000 0.992930
-0.532000 0.992931
-0.528000 0.992932
-0.524000 0.992933
-0.520000 0.992934
-0.516000 0.992935
-0.512000 0.992937
-0.508000 0.992938
-0.504000 0.992940
-0.500000 0.992942
-0.496000 0.992943
-0.492000 0.992945
-0.488000 0.992948
-0.484000 0.992950
-0.480000 0.992952
-0.476000 0.992955
-0.472000 0.992958
-0.468000 0.992960
-0.464000 0.992964
-0.460000 0.992967
-0.456000 0.992970
-0.452000 0.992974
-0.448000 0.992978
-0.444000 0.992982
-0.440000 0.992987
-0.436000 0.992992
-0.432000 0.992997
-0.428000 0.993002
-0.424000 0.993008
-0.420000 0.993014
-0.416000 0.993020
-0.412000 0.993026
-0.408000 0.993033
-0.404000 0.993041
-0.400000 0.993049
-0.396000 0.993057
-0.392000 0.993065
-0.388000 0.993074
-0.384000 0.993084
-0.380000 0.993094
-0.376000 0.993104
-0.372000 0.993115
-0.368000 0.993127
-0.364000 0.993138
-0.360000 0.993151
-0.356000 0.993164
-0.352000 0.993178
-0.348000 0.993192
-0.344000 0.993207
-0.340000 0.993222
-0.336000 0.993239
-0.332000 0.993255
-0.328000 0.993273
-0.324000 0.993291
-0.320000 0.993310
-0.316000 0.993329
-0.312000 0.993350
-0.308000 0.993371
-0.304000 0.993393
-0.300000 0.993415
-0.296000 0.993439
-0.292000 0.993463
-0.288000 0.993488
-0.284000 0.993514
-0.280000 0.993541
-0.276000 0.993568
-0.272000 0.993597
-0.268000 0.993626
-0.264000 0.993656
-0.260000 0.993687
-0.256000 0.993719
-0.252000 0.993752
-0.248000 0.993786
-0.244000 0.993820
-0.240000 0.993856
-0.236000 0.993892
-0.232000 0.993929
-0.228000 0.993968
-0.224000 0.994007
-0.220000 0.994047
-0.216000 0.994088
-0.212000 0.994130
-0.208000 0.994172
-0.204000 0.994216
-0.200000 0.994260
-0.196000 0.994306
-0.192000 0.994352
-0.188000 0.994399
-0.184000 0.994447
-0.180000 0.994495
-0.176000 0.994545
-0.172000 0.994595
-0.168000 0.994646
-0.164000 0.994698
-0.160000 0.994751
-0.156000 0.994804
-0.152000 0.994858
-0.148000 0.994913
-0.144000 0.994968
-0.140000 0.995024
-0.136000 0.995080
-0.132000 0.995138
-0.128000 0.995195
-0.124000 0.995254
-0.120000 0.995312
-0.116000 0.995372
-0.112000 0.995431
-0.108000 0.995492
-0.104000 0.995552
-0.100000 0.995613
-0.096000 0.995674
-0.092000 0.995736
-0.088000 0.995798
-0.084000 0.995860
-0.080000 0.995923
-0.076000 0.995985
-0.072000 0.996048
-0.068000 0.996111
-0.064000 0.996174
-0.060000 0.996237
-0.056000 0.996300
-0.052000 0.996363
-0.048000 0.996426
-0.044000 0.996489
-0.040000 0.996552
-0.036000 0.996615
-0.032000 0.996677
-0.028000 0.996740
-0.024000 0.996802
-0.020000 0.996864
-0.016000 0.996926
-0.012000 0.996987
-0.008000 0.997048
-0.004000 0.997109
0.000000 0.997169
0.004000 0.997229
0.008000 0.997289
0.012000 0.997348
0.016000 0.997406
0.020000 0.997465
0.024000 0.997522
0.028000 0.997579
0.032000 0.997636
0.036000 0.997691
0.040000 0.997747
0.044000 0.997801
0.048000 0.997855
0.052000 0.997909
0.056000 0.997961
0.060000 0.998013
0.064000 0.998064
0.068000 0.998115
0.072000 0.998165
0.076000 0.998214
0.080000 0.998262
0.084000 0.998309
0.088000 0.998356
0.092000 0.998402
0.096000 0.998447
0.100000 0.998492
0.104000 0.998535
0.108000 0.998578
0.112000 0.998620
0.116000 0.998661
0.120000 0.998702
0.124000 0.998741
0.128000 0.998780
0.132000 0.998818
0.136000 0.998855
0.140000 0.998891
0.144000 0.998927
0.148000 0.998962
0.152000 0.998996
0.156000 0.999029
0.160000 0.999061
0.164000 0.999093
0.168000 0.999123
0.172000 0.999153
0.176000 0.999183
0.180000 0.999211
0.184000 0.999239
0.188000 0.999266
0.192000 0.999292
0.196000 0.999318
0.200000 0.999343
0.204000 0.999367
0.208000 0.999390
0.212000 0.999413
0.216000 0.999435
0.220000 0.999456
0.224000 0.999477
0.228000 0.999497
0.232000 0.999517
0.236000 0.999536
0.240000 0.999554
0.244000 0.999572
0.248000 0.999589
0.252000 0.999606
0.256000 0.999622
0.260000 0.999637
0.264000 0.999652
0.268000 0.999667
0.272000 0.999681
0.276000 0.999694
0.280000 0.999707
0.284000 0.999720
0.288000 0.999732
0.292000 0.999744
0.296000 0.999755
0.300000 0.999766
0.304000 0.999776
0.308000 0.999786
0.312000 0.999796
0.316000 0.999805
0.320000 0.999814
0.324000 0.999822
0.328000 0.999830
0.332000 0.999838
0.336000 0.999846
0.340000 0.999853
0.344000 0.999860
0.348000 0.999867
0.352000 0.999873
0.356000 0.999879
0.360000 0.999885
0.364000 0.999891
0.368000 0.999896
0.372000 0.999901
0.376000 0.999906
0.380000 0.999911
0.384000 0.999915
0.388000 0.999920
0.392000 0.999924
0.396000 0.999928
0.400000 0.999931
0.404000 0.999935
0.408000 0.999938
0.412000 0.999941
0.416000 0.999944
0.420000 0.999947
0.424000 0.999950
0.428000 0.999953
0.432000 0.999955
0.436000 0.999958
0.440000 0.999960
0.444000 0.999962
0.448000 0.999964
0.452000 0.999966
0.456000 0.999968
0.460000 0.999970
0.464000 0.999972
0.468000 0.999973
0.472000 0.999975
0.476000 0.999976
0.480000 0.999977
0.484000 0.999979
0.488000 0.999980
0.492000 0.999981
0.496000 0.999982
0.500000 0.999983
0.504000 0.999984
0.508000 0.999985
0.512000 0.999986
0.516000 0.999987
0.520000 0.999988
0.524000 0.999988
0.528000 0.999989
0.532000 0.999990
0.536000 0.999990
0.540000 0.999991
0.544000 0.999992
0.548000 0.999992
0.552000 0.999993
0.556000 0.999993
0.560000 0.999993
0.564000 0.999994
0.568000 0.999994
0.572000 0.999995
0.576000 0.999995
0.580000 0.999995
0.584000 0.999996
0.588000 0.999996
0.592000 0.999996
0.596000 0.999996
0.600000 0.999997
0.604000 0.999997
0.608000 0.999997
0.612000 0.999997
0.616000 0.999997
0.620000 0.999998
0.624000 0.999998
0.628000 0.999998
0.632000 0.999998
0.636000 0.999998
0.640000 0.999998
0.644000 0.999998
0.648000 0.999998
0.652000 0.999999
0.656000 0.999999
0.660000 0.999999
0.664000 0.999999
0.668000 0.999999
0.672000 0.999999
0.676000 0.999999
0.680000 0.999999
0.684000 0.999999
0.688000 0.999999
0.692000 0.999999
0.696000 0.999999
0.700000 0.999999
0.704000 0.999999
0.708000 0.999999
0.712000 1.000000
0.716000 1.000000
0.720000 1.000000
0.724000 1.000000
0.728000 1.000000
0.732000 1.000000
0.736000 1.000000
0.740000 1.000000
0.744000 1.000000
0.748000 1.000000
0.752000 1.000000
0.756000 1.000000
0.760000 1.000000
0.764000 1.000000
0.768000 1.000000
0.772000 1.000000
0.776000 1.000000
0.780000 1.000000
0.784000 1.000000
0.788000 1.000000
0.792000 1.000000
0.796000 1.000000
0.800000 1.000000
0.804000 1.000000
0.808000 1.000000
0.812000 1.000000
0.816000 1.000000
0.820000 1.000000
0.824000 1.000000
0.828000 1.000000
0.832000 1.000000
0.836000 1.000000
0.840000 1.000000
0.844000 1.000000
0.848000 1.000000
0.852000 1.000000
0.856000 1.000000
0.860000 1.000000
0.864000 1.000000
0.868000 1.000000
0.872000 1.000000
0.876000 1.000000
0.880000 1.000000
0.884000 1.000000
0.888000 1.000000
0.892000 1.000000
0.896000 1.000000
0.900000 1.000000
0.904000 1.000000
0.908000 1.000000
0.912000 1.000000
0.916000 1.000000
0.920000 1.000000
0.924000 1.000000
0.928000 1.000000
0.932000 1.000000
0.936000 1.000000
0.940000 1.000000
0.944000 1.000000
0.948000 1.000000
0.952000 1.000000
0.956000 1.000000
0.960000 1.000000
0.964000 1.000000
0.968000 1.000000
0.972000 1.000000
0.976000 1.000000
0.980000 1.000000
0.984000 1.000000
0.988000 1.000000
0.992000 1.000000
0.996000 1.000000
1.000000 1.000000
